NaN NaN NaN NaN NaN NaN NaN NaN NaN NaN NaN NaN NaN NaN NaN NaN NaN NaN NaN NaN NaN NaN NaN NaN NaN NaN NaN NaN NaN NaN NaN NaN NaN NaN NaN NaN NaN NaN NaN NaN 
NaN NaN NaN NaN NaN NaN NaN NaN NaN NaN NaN NaN NaN NaN NaN NaN NaN NaN NaN NaN NaN NaN NaN NaN NaN NaN NaN NaN NaN NaN NaN NaN NaN NaN NaN NaN NaN NaN NaN NaN 
NaN NaN NaN NaN NaN NaN NaN NaN NaN NaN NaN NaN NaN NaN NaN NaN NaN NaN NaN NaN NaN NaN NaN NaN NaN NaN NaN NaN NaN NaN NaN NaN NaN NaN NaN NaN NaN NaN NaN NaN 
NaN NaN NaN NaN NaN NaN NaN NaN NaN NaN NaN NaN NaN NaN NaN NaN NaN NaN NaN NaN NaN NaN NaN NaN NaN NaN NaN NaN NaN NaN NaN NaN NaN NaN NaN NaN NaN NaN NaN NaN 
NaN NaN NaN NaN NaN NaN NaN NaN NaN NaN NaN NaN NaN NaN NaN NaN NaN NaN NaN NaN NaN NaN NaN NaN NaN NaN NaN NaN NaN NaN NaN NaN NaN NaN NaN NaN NaN NaN NaN NaN 
NaN NaN NaN NaN NaN NaN NaN NaN NaN NaN NaN NaN NaN NaN NaN NaN NaN NaN NaN NaN NaN NaN NaN NaN NaN NaN NaN NaN NaN NaN NaN NaN NaN NaN NaN NaN NaN NaN NaN NaN 
NaN NaN NaN NaN NaN NaN NaN NaN NaN NaN NaN NaN NaN NaN NaN NaN NaN NaN NaN NaN NaN NaN NaN NaN NaN NaN NaN NaN NaN NaN NaN NaN NaN NaN NaN NaN NaN NaN NaN NaN 
NaN NaN NaN NaN NaN NaN NaN NaN NaN NaN NaN NaN NaN NaN NaN NaN NaN NaN NaN NaN NaN NaN NaN NaN NaN NaN NaN NaN NaN NaN NaN NaN NaN NaN NaN NaN NaN NaN NaN NaN 
NaN NaN NaN NaN NaN NaN NaN NaN NaN NaN NaN NaN NaN NaN NaN NaN NaN NaN NaN NaN NaN NaN NaN NaN NaN NaN NaN NaN NaN NaN NaN NaN NaN NaN NaN NaN NaN NaN NaN NaN 
NaN NaN NaN NaN NaN NaN NaN NaN NaN NaN NaN NaN NaN NaN NaN NaN NaN NaN NaN NaN NaN NaN NaN NaN NaN NaN NaN NaN NaN NaN NaN NaN NaN NaN NaN NaN NaN NaN NaN NaN 
NaN NaN NaN NaN NaN NaN NaN NaN NaN NaN NaN NaN NaN NaN NaN NaN NaN NaN NaN NaN NaN NaN NaN NaN NaN NaN NaN NaN NaN NaN NaN NaN NaN NaN NaN NaN NaN NaN NaN NaN 
NaN NaN NaN NaN NaN NaN NaN NaN NaN NaN NaN NaN NaN NaN NaN NaN NaN NaN NaN NaN NaN NaN NaN NaN NaN NaN NaN NaN NaN NaN NaN NaN NaN NaN NaN NaN NaN NaN NaN NaN 
NaN NaN NaN NaN NaN NaN NaN NaN NaN NaN NaN NaN NaN NaN NaN NaN NaN NaN NaN NaN NaN NaN NaN NaN NaN NaN NaN NaN NaN NaN NaN NaN NaN NaN NaN NaN NaN NaN NaN NaN 
NaN NaN NaN NaN NaN NaN NaN NaN NaN NaN NaN NaN NaN NaN NaN NaN NaN NaN NaN NaN NaN NaN NaN NaN NaN NaN NaN NaN NaN NaN NaN NaN NaN NaN NaN NaN NaN NaN NaN NaN 
NaN NaN NaN NaN NaN NaN NaN NaN NaN NaN NaN NaN NaN NaN NaN NaN NaN NaN NaN NaN NaN NaN NaN NaN NaN NaN NaN NaN NaN NaN NaN NaN NaN NaN NaN NaN NaN NaN NaN NaN 
NaN NaN NaN NaN NaN NaN NaN NaN NaN NaN NaN NaN NaN NaN NaN NaN NaN NaN NaN NaN NaN NaN NaN NaN NaN NaN NaN NaN NaN NaN NaN NaN NaN NaN NaN NaN NaN NaN NaN NaN 
NaN NaN NaN NaN NaN NaN NaN NaN NaN NaN NaN NaN NaN NaN NaN NaN NaN NaN NaN NaN NaN NaN NaN NaN NaN NaN NaN NaN NaN NaN NaN NaN NaN NaN NaN NaN NaN NaN NaN NaN 
NaN NaN NaN NaN NaN NaN NaN NaN NaN NaN NaN NaN NaN NaN NaN NaN NaN NaN NaN NaN NaN NaN NaN NaN NaN NaN NaN NaN NaN NaN NaN NaN NaN NaN NaN NaN NaN NaN NaN NaN 
NaN NaN NaN NaN NaN NaN NaN NaN NaN NaN NaN NaN NaN NaN NaN NaN NaN NaN NaN NaN NaN NaN NaN NaN NaN NaN NaN NaN NaN NaN NaN NaN NaN NaN NaN NaN NaN NaN NaN NaN 
NaN NaN NaN NaN NaN NaN NaN NaN NaN NaN NaN NaN NaN NaN NaN NaN NaN NaN NaN NaN NaN NaN NaN NaN NaN NaN NaN NaN NaN NaN NaN NaN NaN NaN NaN NaN NaN NaN NaN NaN 
NaN NaN NaN NaN NaN NaN NaN NaN NaN NaN NaN NaN NaN NaN NaN NaN NaN NaN NaN NaN NaN NaN NaN NaN NaN NaN NaN NaN NaN NaN NaN NaN NaN NaN NaN NaN NaN NaN NaN NaN 
NaN NaN NaN NaN NaN NaN NaN NaN NaN NaN NaN NaN NaN NaN NaN NaN NaN NaN NaN NaN NaN NaN NaN NaN NaN NaN NaN NaN NaN NaN NaN NaN NaN NaN NaN NaN NaN NaN NaN NaN 
NaN NaN NaN NaN NaN NaN NaN NaN NaN NaN NaN NaN NaN NaN NaN NaN NaN NaN NaN NaN NaN NaN NaN NaN NaN NaN NaN NaN NaN NaN NaN NaN NaN NaN NaN NaN NaN NaN NaN NaN 
NaN NaN NaN NaN NaN NaN NaN NaN NaN NaN NaN NaN NaN NaN NaN NaN NaN NaN NaN NaN NaN NaN NaN NaN NaN NaN NaN NaN NaN NaN NaN NaN NaN NaN NaN NaN NaN NaN NaN NaN 
NaN NaN NaN NaN NaN NaN NaN NaN NaN NaN NaN NaN NaN NaN NaN NaN NaN NaN NaN NaN NaN NaN NaN NaN NaN NaN NaN NaN NaN NaN NaN NaN NaN NaN NaN NaN NaN NaN NaN NaN 
NaN NaN NaN NaN NaN NaN NaN NaN NaN NaN NaN NaN NaN NaN NaN NaN NaN NaN NaN NaN NaN NaN NaN NaN NaN NaN NaN NaN NaN NaN NaN NaN NaN NaN NaN NaN NaN NaN NaN NaN 
NaN NaN NaN NaN NaN NaN NaN NaN NaN NaN NaN NaN NaN NaN NaN NaN NaN NaN NaN NaN NaN NaN NaN NaN NaN NaN NaN NaN NaN NaN NaN NaN NaN NaN NaN NaN NaN NaN NaN NaN 
NaN NaN NaN NaN NaN NaN NaN NaN NaN NaN NaN NaN NaN NaN NaN NaN NaN NaN NaN NaN NaN NaN NaN NaN NaN NaN NaN NaN NaN NaN NaN NaN NaN NaN NaN NaN NaN NaN NaN NaN 
NaN NaN NaN NaN NaN NaN NaN NaN NaN NaN NaN NaN NaN NaN NaN NaN NaN NaN NaN NaN NaN NaN NaN NaN NaN NaN NaN NaN NaN NaN NaN NaN NaN NaN NaN NaN NaN NaN NaN NaN 
NaN NaN NaN NaN NaN NaN NaN NaN NaN NaN NaN NaN NaN NaN NaN NaN NaN NaN NaN NaN NaN NaN NaN NaN NaN NaN NaN NaN NaN NaN NaN NaN NaN NaN NaN NaN NaN NaN NaN NaN 
NaN NaN NaN NaN NaN NaN NaN NaN NaN NaN NaN NaN NaN NaN NaN NaN NaN NaN NaN NaN NaN NaN NaN NaN NaN NaN NaN NaN NaN NaN NaN NaN NaN NaN NaN NaN NaN NaN NaN NaN 
NaN NaN NaN NaN NaN NaN NaN NaN NaN NaN NaN NaN NaN NaN NaN NaN NaN NaN NaN NaN NaN NaN NaN NaN NaN NaN NaN NaN NaN NaN NaN NaN NaN NaN NaN NaN NaN NaN NaN NaN 
NaN NaN NaN NaN NaN NaN NaN NaN NaN NaN NaN NaN NaN NaN NaN NaN NaN NaN NaN NaN NaN NaN NaN NaN NaN NaN NaN NaN NaN NaN NaN NaN NaN NaN NaN NaN NaN NaN NaN NaN 
NaN NaN NaN NaN NaN NaN NaN NaN NaN NaN NaN NaN NaN NaN NaN NaN NaN NaN NaN NaN NaN NaN NaN NaN NaN NaN NaN NaN NaN NaN NaN NaN NaN NaN NaN NaN NaN NaN NaN NaN 
NaN NaN NaN NaN NaN NaN NaN NaN NaN NaN NaN NaN NaN NaN NaN NaN NaN NaN NaN NaN NaN NaN NaN NaN NaN NaN NaN NaN NaN NaN NaN NaN NaN NaN NaN NaN NaN NaN NaN NaN 
NaN NaN NaN NaN NaN NaN NaN NaN NaN NaN NaN NaN NaN NaN NaN NaN NaN NaN NaN NaN NaN NaN NaN NaN NaN NaN NaN NaN NaN NaN NaN NaN NaN NaN NaN NaN NaN NaN NaN NaN 
NaN NaN NaN NaN NaN NaN NaN NaN NaN NaN NaN NaN NaN NaN NaN NaN NaN NaN NaN NaN NaN NaN NaN NaN NaN NaN NaN NaN NaN NaN NaN NaN NaN NaN NaN NaN NaN NaN NaN NaN 
NaN NaN NaN NaN NaN NaN NaN NaN NaN NaN NaN NaN NaN NaN NaN NaN NaN NaN NaN NaN NaN NaN NaN NaN NaN NaN NaN NaN NaN NaN NaN NaN NaN NaN NaN NaN NaN NaN NaN NaN 
NaN NaN NaN NaN NaN NaN NaN NaN NaN NaN NaN NaN NaN NaN NaN NaN NaN NaN NaN NaN NaN NaN NaN NaN NaN NaN NaN NaN NaN NaN NaN NaN NaN NaN NaN NaN NaN NaN NaN NaN 
NaN NaN NaN NaN NaN NaN NaN NaN NaN NaN NaN NaN NaN NaN NaN NaN NaN NaN NaN NaN NaN NaN NaN NaN NaN NaN NaN NaN NaN NaN NaN NaN NaN NaN NaN NaN NaN NaN NaN NaN 
NaN NaN NaN NaN NaN NaN NaN NaN NaN NaN NaN NaN NaN NaN NaN NaN NaN NaN NaN NaN NaN NaN NaN NaN NaN NaN NaN NaN NaN NaN NaN NaN NaN NaN NaN NaN NaN NaN NaN NaN 
NaN NaN NaN NaN NaN NaN NaN NaN NaN NaN NaN NaN NaN NaN NaN NaN NaN NaN NaN NaN NaN NaN NaN NaN NaN NaN NaN NaN NaN NaN NaN NaN NaN NaN NaN NaN NaN NaN NaN NaN 
NaN NaN NaN NaN NaN NaN NaN NaN NaN NaN NaN NaN NaN NaN NaN NaN NaN NaN NaN NaN NaN NaN NaN NaN NaN NaN NaN NaN NaN NaN NaN NaN NaN NaN NaN NaN NaN NaN NaN NaN 
NaN NaN NaN NaN NaN NaN NaN NaN NaN NaN NaN NaN NaN NaN NaN NaN NaN NaN NaN NaN NaN NaN NaN NaN NaN NaN NaN NaN NaN NaN NaN NaN NaN NaN NaN NaN NaN NaN NaN NaN 
NaN NaN NaN NaN NaN NaN NaN NaN NaN NaN NaN NaN NaN NaN NaN NaN NaN NaN NaN NaN NaN NaN NaN NaN NaN NaN NaN NaN NaN NaN NaN NaN NaN NaN NaN NaN NaN NaN NaN NaN 
NaN NaN NaN NaN NaN NaN NaN NaN NaN NaN NaN NaN NaN NaN NaN NaN NaN NaN NaN NaN NaN NaN NaN NaN NaN NaN NaN NaN NaN NaN NaN NaN NaN NaN NaN NaN NaN NaN NaN NaN 
NaN NaN NaN NaN NaN NaN NaN NaN NaN NaN NaN NaN NaN NaN NaN NaN NaN NaN NaN NaN NaN NaN NaN NaN NaN NaN NaN NaN NaN NaN NaN NaN NaN NaN NaN NaN NaN NaN NaN NaN 
NaN NaN NaN NaN NaN NaN NaN NaN NaN NaN NaN NaN NaN NaN NaN NaN NaN NaN NaN NaN NaN NaN NaN NaN NaN NaN NaN NaN NaN NaN NaN NaN NaN NaN NaN NaN NaN NaN NaN NaN 
NaN NaN NaN NaN NaN NaN NaN NaN NaN NaN NaN NaN NaN NaN NaN NaN NaN NaN NaN NaN NaN NaN NaN NaN NaN NaN NaN NaN NaN NaN NaN NaN NaN NaN NaN NaN NaN NaN NaN NaN 
NaN NaN NaN NaN NaN NaN NaN NaN NaN NaN NaN NaN NaN NaN NaN NaN NaN NaN NaN NaN NaN NaN NaN NaN NaN NaN NaN NaN NaN NaN NaN NaN NaN NaN NaN NaN NaN NaN NaN NaN 
NaN NaN NaN NaN NaN NaN NaN NaN NaN NaN NaN NaN NaN NaN NaN NaN NaN NaN NaN NaN NaN NaN NaN NaN NaN NaN NaN NaN NaN NaN NaN NaN NaN NaN NaN NaN NaN NaN NaN NaN 
NaN NaN NaN NaN NaN NaN NaN NaN NaN NaN NaN NaN NaN NaN NaN NaN NaN NaN NaN NaN NaN NaN NaN NaN NaN NaN NaN NaN NaN NaN NaN NaN NaN NaN NaN NaN NaN NaN NaN NaN 
NaN NaN NaN NaN NaN NaN NaN NaN NaN NaN NaN NaN NaN NaN NaN NaN NaN NaN NaN NaN NaN NaN NaN NaN NaN NaN NaN NaN NaN NaN NaN NaN NaN NaN NaN NaN NaN NaN NaN NaN 
NaN NaN NaN NaN NaN NaN NaN NaN NaN NaN NaN NaN NaN NaN NaN NaN NaN NaN NaN NaN NaN NaN NaN NaN NaN NaN NaN NaN NaN NaN NaN NaN NaN NaN NaN NaN NaN NaN NaN NaN 
NaN NaN NaN NaN NaN NaN NaN NaN NaN NaN NaN NaN NaN NaN NaN NaN NaN NaN NaN NaN NaN NaN NaN NaN NaN NaN NaN NaN NaN NaN NaN NaN NaN NaN NaN NaN NaN NaN NaN NaN 
NaN NaN NaN NaN NaN NaN NaN NaN NaN NaN NaN NaN NaN NaN NaN NaN NaN NaN NaN NaN NaN NaN NaN NaN NaN NaN NaN NaN NaN NaN NaN NaN NaN NaN NaN NaN NaN NaN NaN NaN 
NaN NaN NaN NaN NaN NaN NaN NaN NaN NaN NaN NaN NaN NaN NaN NaN NaN NaN NaN NaN NaN NaN NaN NaN NaN NaN NaN NaN NaN NaN NaN NaN NaN NaN NaN NaN NaN NaN NaN NaN 
NaN NaN NaN NaN NaN NaN NaN NaN NaN NaN NaN NaN NaN NaN NaN NaN NaN NaN NaN NaN NaN NaN NaN NaN NaN NaN NaN NaN NaN NaN NaN NaN NaN NaN NaN NaN NaN NaN NaN NaN 
NaN NaN NaN NaN NaN NaN NaN NaN NaN NaN NaN NaN NaN NaN NaN NaN NaN NaN NaN NaN NaN NaN NaN NaN NaN NaN NaN NaN NaN NaN NaN NaN NaN NaN NaN NaN NaN NaN NaN NaN 
NaN NaN NaN NaN NaN NaN NaN NaN NaN NaN NaN NaN NaN NaN NaN NaN NaN NaN NaN NaN NaN NaN NaN NaN NaN NaN NaN NaN NaN NaN NaN NaN NaN NaN NaN NaN NaN NaN NaN NaN 
NaN NaN NaN NaN NaN NaN NaN NaN NaN NaN NaN NaN NaN NaN NaN NaN NaN NaN NaN NaN NaN NaN NaN NaN NaN NaN NaN NaN NaN NaN NaN NaN NaN NaN NaN NaN NaN NaN NaN NaN 
NaN NaN NaN NaN NaN NaN NaN NaN NaN NaN NaN NaN NaN NaN NaN NaN NaN NaN NaN NaN NaN NaN NaN NaN NaN NaN NaN NaN NaN NaN NaN NaN NaN NaN NaN NaN NaN NaN NaN NaN 
NaN NaN NaN NaN NaN NaN NaN NaN NaN NaN NaN NaN NaN NaN NaN NaN NaN NaN NaN NaN NaN NaN NaN NaN NaN NaN NaN NaN NaN NaN NaN NaN NaN NaN NaN NaN NaN NaN NaN NaN 
NaN NaN NaN NaN NaN NaN NaN NaN NaN NaN NaN NaN NaN NaN NaN NaN NaN NaN NaN NaN NaN NaN NaN NaN NaN NaN NaN NaN NaN NaN NaN NaN NaN NaN NaN NaN NaN NaN NaN NaN 
NaN NaN NaN NaN NaN NaN NaN NaN NaN NaN NaN NaN NaN NaN NaN NaN NaN NaN NaN NaN NaN NaN NaN NaN NaN NaN NaN NaN NaN NaN NaN NaN NaN NaN NaN NaN NaN NaN NaN NaN 
NaN NaN NaN NaN NaN NaN NaN NaN NaN NaN NaN NaN NaN NaN NaN NaN NaN NaN NaN NaN NaN NaN NaN NaN NaN NaN NaN NaN NaN NaN NaN NaN NaN NaN NaN NaN NaN NaN NaN NaN 
NaN NaN NaN NaN NaN NaN NaN NaN NaN NaN NaN NaN NaN NaN NaN NaN NaN NaN NaN NaN NaN NaN NaN NaN NaN NaN NaN NaN NaN NaN NaN NaN NaN NaN NaN NaN NaN NaN NaN NaN 
NaN NaN NaN NaN NaN NaN NaN NaN NaN NaN NaN NaN NaN NaN NaN NaN NaN NaN NaN NaN NaN NaN NaN NaN NaN NaN NaN NaN NaN NaN NaN NaN NaN NaN NaN NaN NaN NaN NaN NaN 
NaN NaN NaN NaN NaN NaN NaN NaN NaN NaN NaN NaN NaN NaN NaN NaN NaN NaN NaN NaN NaN NaN NaN NaN NaN NaN NaN NaN NaN NaN NaN NaN NaN NaN NaN NaN NaN NaN NaN NaN 
NaN NaN NaN NaN NaN NaN NaN NaN NaN NaN NaN NaN NaN NaN NaN NaN NaN NaN NaN NaN NaN NaN NaN NaN NaN NaN NaN NaN NaN NaN NaN NaN NaN NaN NaN NaN NaN NaN NaN NaN 
NaN NaN NaN NaN NaN NaN NaN NaN NaN NaN NaN NaN NaN NaN NaN NaN NaN NaN NaN NaN NaN NaN NaN NaN NaN NaN NaN NaN NaN NaN NaN NaN NaN NaN NaN NaN NaN NaN NaN NaN 
NaN NaN NaN NaN NaN NaN NaN NaN NaN NaN NaN NaN NaN NaN NaN NaN NaN NaN NaN NaN NaN NaN NaN NaN NaN NaN NaN NaN NaN NaN NaN NaN NaN NaN NaN NaN NaN NaN NaN NaN 
NaN NaN NaN NaN NaN NaN NaN NaN NaN NaN NaN NaN NaN NaN NaN NaN NaN NaN NaN NaN NaN NaN NaN NaN NaN NaN NaN NaN NaN NaN NaN NaN NaN NaN NaN NaN NaN NaN NaN NaN 
NaN NaN NaN NaN NaN NaN NaN NaN NaN NaN NaN NaN NaN NaN NaN NaN NaN NaN NaN NaN NaN NaN NaN NaN NaN NaN NaN NaN NaN NaN NaN NaN NaN NaN NaN NaN NaN NaN NaN NaN 
NaN NaN NaN NaN NaN NaN NaN NaN NaN NaN NaN NaN NaN NaN NaN NaN NaN NaN NaN NaN NaN NaN NaN NaN NaN NaN NaN NaN NaN NaN NaN NaN NaN NaN NaN NaN NaN NaN NaN NaN 
NaN NaN NaN NaN NaN NaN NaN NaN NaN NaN NaN NaN NaN NaN NaN NaN NaN NaN NaN NaN NaN NaN NaN NaN NaN NaN NaN NaN NaN NaN NaN NaN NaN NaN NaN NaN NaN NaN NaN NaN 
NaN NaN NaN NaN NaN NaN NaN NaN NaN NaN NaN NaN NaN NaN NaN NaN NaN NaN NaN NaN NaN NaN NaN NaN NaN NaN NaN NaN NaN NaN NaN NaN NaN NaN NaN NaN NaN NaN NaN NaN 
NaN NaN NaN NaN NaN NaN NaN NaN NaN NaN NaN NaN NaN NaN NaN NaN NaN NaN NaN NaN NaN NaN NaN NaN NaN NaN NaN NaN NaN NaN NaN NaN NaN NaN NaN NaN NaN NaN NaN NaN 
NaN NaN NaN NaN NaN NaN NaN NaN NaN NaN NaN NaN NaN NaN NaN NaN NaN NaN NaN NaN NaN NaN NaN NaN NaN NaN NaN NaN NaN NaN NaN NaN NaN NaN NaN NaN NaN NaN NaN NaN 
NaN NaN NaN NaN NaN NaN NaN NaN NaN NaN NaN NaN NaN NaN NaN NaN NaN NaN NaN NaN NaN NaN NaN NaN NaN NaN NaN NaN NaN NaN NaN NaN NaN NaN NaN NaN NaN NaN NaN NaN 
NaN NaN NaN NaN NaN NaN NaN NaN NaN NaN NaN NaN NaN NaN NaN NaN NaN NaN NaN NaN NaN NaN NaN NaN NaN NaN NaN NaN NaN NaN NaN NaN NaN NaN NaN NaN NaN NaN NaN NaN 
NaN NaN NaN NaN NaN NaN NaN NaN NaN NaN NaN NaN NaN NaN NaN NaN NaN NaN NaN NaN NaN NaN NaN NaN NaN NaN NaN NaN NaN NaN NaN NaN NaN NaN NaN NaN NaN NaN NaN NaN 
NaN NaN NaN NaN NaN NaN NaN NaN NaN NaN NaN NaN NaN NaN NaN NaN NaN NaN NaN NaN NaN NaN NaN NaN NaN NaN NaN NaN NaN NaN NaN NaN NaN NaN NaN NaN NaN NaN NaN NaN 
NaN NaN NaN NaN NaN NaN NaN NaN NaN NaN NaN NaN NaN NaN NaN NaN NaN NaN NaN NaN NaN NaN NaN NaN NaN NaN NaN NaN NaN NaN NaN NaN NaN NaN NaN NaN NaN NaN NaN NaN 
NaN NaN NaN NaN NaN NaN NaN NaN NaN NaN NaN NaN NaN NaN NaN NaN NaN NaN NaN NaN NaN NaN NaN NaN NaN NaN NaN NaN NaN NaN NaN NaN NaN NaN NaN NaN NaN NaN NaN NaN 
NaN NaN NaN NaN NaN NaN NaN NaN NaN NaN NaN NaN NaN NaN NaN NaN NaN NaN NaN NaN NaN NaN NaN NaN NaN NaN NaN NaN NaN NaN NaN NaN NaN NaN NaN NaN NaN NaN NaN NaN 
NaN NaN NaN NaN NaN NaN NaN NaN NaN NaN NaN NaN NaN NaN NaN NaN NaN NaN NaN NaN NaN NaN NaN NaN NaN NaN NaN NaN NaN NaN NaN NaN NaN NaN NaN NaN NaN NaN NaN NaN 
NaN NaN NaN NaN NaN NaN NaN NaN NaN NaN NaN NaN NaN NaN NaN NaN NaN NaN NaN NaN NaN NaN NaN NaN NaN NaN NaN NaN NaN NaN NaN NaN NaN NaN NaN NaN NaN NaN NaN NaN 
NaN NaN NaN NaN NaN NaN NaN NaN NaN NaN NaN NaN NaN NaN NaN NaN NaN NaN NaN NaN NaN NaN NaN NaN NaN NaN NaN NaN NaN NaN NaN NaN NaN NaN NaN NaN NaN NaN NaN NaN 
NaN NaN NaN NaN NaN NaN NaN NaN NaN NaN NaN NaN NaN NaN NaN NaN NaN NaN NaN NaN NaN NaN NaN NaN NaN NaN NaN NaN NaN NaN NaN NaN NaN NaN NaN NaN NaN NaN NaN NaN 
NaN NaN NaN NaN NaN NaN NaN NaN NaN NaN NaN NaN NaN NaN NaN NaN NaN NaN NaN NaN NaN NaN NaN NaN NaN NaN NaN NaN NaN NaN NaN NaN NaN NaN NaN NaN NaN NaN NaN NaN 
NaN NaN NaN NaN NaN NaN NaN NaN NaN NaN NaN NaN NaN NaN NaN NaN NaN NaN NaN NaN NaN NaN NaN NaN NaN NaN NaN NaN NaN NaN NaN NaN NaN NaN NaN NaN NaN NaN NaN NaN 
NaN NaN NaN NaN NaN NaN NaN NaN NaN NaN NaN NaN NaN NaN NaN NaN NaN NaN NaN NaN NaN NaN NaN NaN NaN NaN NaN NaN NaN NaN NaN NaN NaN NaN NaN NaN NaN NaN NaN NaN 
NaN NaN NaN NaN NaN NaN NaN NaN NaN NaN NaN NaN NaN NaN NaN NaN NaN NaN NaN NaN NaN NaN NaN NaN NaN NaN NaN NaN NaN NaN NaN NaN NaN NaN NaN NaN NaN NaN NaN NaN 
NaN NaN NaN NaN NaN NaN NaN NaN NaN NaN NaN NaN NaN NaN NaN NaN NaN NaN NaN NaN NaN NaN NaN NaN NaN NaN NaN NaN NaN NaN NaN NaN NaN NaN NaN NaN NaN NaN NaN NaN 
-68.388826 -72.495034 -75.693674 -77.330492 -81.545746 -82.288147 -78.483815 -78.092929 -79.125479 -78.721290 -81.139531 -82.777178 -84.519027 -84.688206 -82.905342 -85.075003 -81.831735 -85.162060 -81.302832 -79.362891 -82.791370 -78.126732 -81.072353 -85.363925 -89.854804 -86.515095 -85.250760 -81.391773 -83.292036 -87.708202 -85.658727 -87.357971 -88.875264 -83.279723 -80.560506 -82.947192 -84.385513 -85.269358 -88.413933 -90.204227 
-62.192152 -74.983513 -80.929750 -73.791521 -79.618718 -76.610904 -75.717645 -74.610842 -79.090462 -73.902210 -80.376394 -81.270863 -82.046566 -80.056574 -76.021187 -76.613451 -75.524116 -79.410341 -75.328019 -78.237820 -75.196050 -74.082585 -76.854156 -73.891163 -77.430922 -78.976057 -78.108760 -76.907194 -74.267326 -79.852993 -78.835418 -78.401018 -80.220536 -76.593953 -75.304055 -76.573517 -79.506554 -79.606328 -75.322147 -79.422338 
-62.362638 -72.834471 -77.219137 -71.934919 -73.665750 -77.296550 -88.631284 -75.309654 -74.915487 -74.637462 -74.056773 -72.365326 -70.719870 -69.326332 -70.520909 -78.619597 -76.837437 -71.262369 -74.060627 -77.748086 -74.385551 -71.389604 -70.195716 -79.207763 -76.333320 -74.894564 -71.071866 -73.600549 -73.317316 -74.968206 -77.731131 -78.495988 -75.906949 -74.904750 -75.846433 -78.508317 -77.930732 -74.744448 -74.631120 -76.416868 
-60.330276 -71.280532 -70.517251 -70.808141 -72.534602 -65.566312 -68.974763 -69.171425 -65.944125 -70.102349 -69.418697 -68.653655 -70.165679 -71.563813 -70.545018 -69.651390 -76.531203 -75.458138 -74.522458 -75.122807 -71.667717 -71.464910 -73.970917 -74.370298 -71.135382 -74.022992 -71.544075 -72.453578 -74.344437 -77.091352 -73.353271 -75.464442 -74.726113 -71.904381 -76.147205 -74.415908 -72.952844 -73.166931 -72.777457 -76.686701 
-28.030146 -32.074779 -37.837494 -43.504166 -46.288861 -47.664618 -50.520610 -50.633096 -50.007214 -50.464816 -52.940213 -53.546788 -52.762645 -53.743541 -55.724688 -57.680725 -59.939323 -60.773519 -61.932896 -61.732520 -65.515653 -61.755870 -60.947244 -60.452153 -61.582357 -63.054825 -63.980930 -63.629028 -63.562565 -66.819925 -65.715694 -69.323782 -67.555096 -66.986414 -66.283283 -69.138115 -69.052682 -68.191008 -70.578143 -68.356066 
-19.885621 -29.671203 -40.978511 -53.465995 -51.564372 -54.468035 -60.275368 -56.661443 -59.168491 -53.816601 -61.679671 -62.274656 -58.002964 -60.641576 -63.026241 -63.248084 -66.477520 -68.110036 -69.685333 -67.839592 -69.438073 -69.493066 -68.131444 -67.912998 -67.704599 -68.834083 -71.049711 -68.765942 -67.518731 -69.997792 -67.681583 -72.391899 -71.619524 -67.833528 -69.898205 -70.436253 -70.144903 -69.258572 -72.485918 -70.874892 
-29.394021 -39.591572 -49.173707 -52.451186 -58.424501 -63.594252 -62.290017 -61.920484 -60.776770 -62.744563 -62.573230 -66.215572 -58.859916 -66.547149 -67.843677 -65.300136 -66.421029 -69.642257 -72.074411 -76.691430 -73.824978 -74.051757 -69.367425 -71.222417 -68.060979 -71.150552 -67.404121 -72.370260 -73.947865 -68.543956 -68.313910 -76.636564 -71.693625 -68.868435 -70.675240 -69.106506 -70.175639 -72.392951 -74.869854 -74.172790 
-35.565103 -36.416311 -42.431916 -48.990193 -54.839510 -62.421339 -63.446343 -62.066984 -63.716817 -59.464136 -57.236273 -65.988548 -68.935727 -72.645141 -66.617223 -72.308240 -70.579120 -67.943063 -66.599334 -70.337821 -68.195652 -65.918511 -64.323133 -67.408563 -67.059080 -67.606392 -67.059424 -71.972732 -71.943630 -70.253686 -69.508742 -70.905713 -70.321533 -68.945710 -70.937203 -70.183826 -70.818648 -72.937250 -71.016262 -74.442585 
-28.482374 -43.891497 -51.696938 -52.105421 -56.128272 -58.703913 -62.266684 -64.325887 -62.548096 -54.103640 -58.062551 -61.583130 -70.174233 -67.780405 -67.431059 -69.443695 -66.726050 -68.731832 -64.878893 -66.857416 -69.913649 -67.022581 -66.669119 -66.676179 -68.757609 -69.357010 -79.101556 -74.045749 -69.290112 -67.366035 -68.959951 -67.129303 -69.230286 -68.265125 -72.633298 -75.777010 -73.787609 -67.991568 -68.614784 -68.786486 
-30.144474 -40.747475 -43.408943 -46.917313 -46.603865 -55.908899 -58.462732 -56.867875 -44.979616 -46.391583 -46.414058 -44.952406 -48.786116 -52.021873 -49.362168 -51.000994 -54.407663 -54.579851 -58.456278 -56.307572 -50.159970 -46.510794 -46.445011 -50.204125 -51.467968 -56.259414 -57.074804 -51.494804 -50.945377 -56.194675 -57.931853 -57.784092 -62.564614 -71.387344 -74.649503 -76.014038 -73.099388 -66.791532 -62.561849 -49.568272 
-28.515066 -40.205651 -35.339503 -30.216692 -28.610941 -26.572799 -25.576023 -20.729417 -16.971260 -23.821740 -26.914881 -29.805969 -33.121575 -33.743026 -34.259791 -33.696112 -34.878769 -33.921420 -35.306392 -35.091124 -25.978381 -18.335907 -15.729758 -19.115636 -29.053558 -28.241186 -23.419068 -30.337253 -31.122502 -30.507428 -39.111149 -39.078230 -43.625334 -51.596971 -53.106455 -54.330659 -51.663034 -49.631792 -47.056033 -33.311238 
-37.918176 -23.679743 -15.868513 -7.912809 -10.058520 -14.185810 -5.655487 -2.375920 -6.898731 -8.604230 -12.005879 -18.530360 -19.650098 -18.797219 -22.296416 -21.793178 -24.911646 -23.632596 -25.036687 -21.909207 -15.869594 -5.402386 -0.495666 -4.210039 -6.239132 -6.228666 -9.434574 -9.325736 -9.393328 -18.687115 -33.036689 -39.086493 -45.858304 -52.347421 -56.080086 -59.038139 -46.158898 -41.786140 -47.004122 -35.504163 
-23.443008 -24.042282 -14.569689 0.818419 0.022384 -11.283576 0.877433 10.240950 2.608594 -5.759111 -1.671281 -14.217557 -8.618136 -9.653910 -14.445595 -11.442149 -16.453307 -13.468075 -12.626554 -13.875829 -8.062107 4.496489 5.043686 2.034375 0.790297 -1.299795 -1.331520 3.343118 1.472371 -6.590684 -17.015439 -31.034722 -39.353749 -49.337116 -50.884330 -52.473594 -44.778315 -39.199044 -45.403334 -43.546167 
-32.095747 -24.463281 -18.448613 1.635192 3.486235 -12.186614 -1.793559 15.043169 8.414564 -11.174437 0.374390 -5.804352 -8.453244 -3.594756 -14.659771 -8.164995 -14.350389 -7.923728 -11.900288 -8.978794 0.215971 8.577145 6.412878 2.147907 -1.106988 -2.326353 -2.355438 2.917262 2.205520 -3.595993 -12.368719 -26.918289 -42.377070 -51.018464 -57.891320 -60.878026 -46.380394 -39.113058 -44.669811 -45.497966 
-28.453165 -27.669476 -24.786625 0.614303 5.898976 -8.505912 -6.065130 17.305642 15.808551 -8.969472 2.870240 0.320102 -14.828541 -0.213025 -13.491732 -6.061557 -13.657273 -4.602033 -8.851116 -1.519965 8.093765 8.942179 8.542384 4.096405 -5.201188 -8.461136 -5.678321 -0.380475 -0.005561 -3.783132 -11.099355 -22.051155 -36.840932 -39.140436 -39.940767 -40.321883 -39.383575 -36.402823 -38.603278 -40.376228 
-24.687185 -23.092867 -24.905809 0.361031 7.060794 -6.180562 -7.410344 16.865219 18.792692 -6.551453 2.698582 4.264870 -15.229131 1.267895 -9.521592 -5.269659 -10.053854 -4.694718 -6.981616 3.282248 11.851025 11.885426 8.369242 1.626325 -5.020103 -6.949152 -5.083638 -2.755351 -2.460226 -7.141987 -9.950934 -19.932642 -37.796640 -42.912398 -44.365454 -44.523305 -40.962672 -36.159771 -37.102669 -43.494816 
-16.314663 -18.367027 -18.790812 0.530287 7.826142 -2.829261 -12.581022 14.316530 19.826825 -1.739859 -0.433445 6.022395 -14.914325 1.699782 -3.633300 -3.433638 -3.035944 -1.627903 -0.303163 10.340117 12.023238 14.679044 5.680804 -0.328861 -6.139518 -6.726761 -6.609285 0.335781 -5.188065 -8.174363 -12.600949 -22.602125 -37.893615 -40.461296 -41.375598 -41.784030 -40.566030 -34.637177 -37.053169 -41.264942 
-14.824806 -18.112755 -18.847182 -1.299463 8.642745 -0.498743 -13.673425 12.863452 20.981625 1.691782 -1.217325 8.792112 -8.775763 1.854811 1.352279 -5.604665 0.085195 0.174948 5.960996 16.803570 12.542991 13.451768 2.841946 -1.108182 -9.339618 -9.670711 -10.027057 -2.895221 -7.695699 -10.631226 -14.508779 -26.451335 -47.144504 -50.976193 -53.370193 -49.560473 -38.003300 -33.271418 -37.529609 -44.053079 
-18.024678 -19.832147 -21.169646 -0.791580 9.973821 0.541731 -15.714594 10.038078 21.562068 5.571547 -5.174351 8.894078 -5.296766 1.010015 6.216107 -6.180154 4.669960 -0.666479 11.008826 14.968860 14.605192 9.414855 -1.474647 -9.547962 -11.742604 -14.078327 -11.146267 -3.059635 -6.058431 -13.038729 -18.488658 -28.244066 -33.847319 -34.537658 -34.986471 -34.929403 -32.479735 -30.797454 -33.931325 -36.129471 
-39.915172 -28.104364 -30.590567 -1.215885 11.011341 3.387624 -15.902204 8.406165 22.365476 8.158742 -9.352234 8.146922 -3.072059 0.424585 7.952831 -6.485763 7.885347 1.477640 15.642376 9.653732 14.156175 0.821095 -4.027791 -11.463873 -13.768101 -15.841902 -14.019183 -6.831670 -7.655454 -15.984206 -18.105810 -27.340183 -30.441485 -31.760371 -32.338122 -32.354892 -29.512948 -30.190554 -32.631932 -33.480536 
-21.745273 -24.719156 -30.101663 -0.632230 11.390607 3.127674 -21.108380 7.404406 22.615490 8.866769 -8.481927 9.512167 -0.749976 0.042312 9.011883 -5.087808 10.144134 3.998585 18.417102 6.768257 10.636347 -8.496292 -10.059786 -14.189354 -17.853093 -17.974529 -16.050843 -13.433966 -14.470990 -23.843345 -26.970678 -29.242110 -34.339200 -45.743621 -48.705813 -44.453017 -33.734902 -34.934774 -40.022040 -49.523989 
-21.995775 -22.832681 -24.235671 -0.678967 11.191912 2.973842 -21.926519 7.099881 22.618751 9.721698 -6.513110 10.462334 0.719829 -0.766926 8.275352 -4.382821 11.242188 6.058955 19.648521 5.089553 6.822189 -9.830288 -13.715057 -16.608780 -19.958491 -19.095349 -18.978574 -15.003749 -14.915422 -25.302835 -28.275410 -29.130046 -31.893128 -34.952448 -35.815858 -35.827097 -34.850458 -34.690718 -36.399423 -37.003597 
-23.568865 -27.568856 -24.804287 -0.664595 10.973614 2.238500 -15.420377 9.285211 22.137474 7.945675 -4.530900 10.560608 -1.257850 1.687853 8.107663 -3.102808 11.979759 6.361553 18.529514 2.945925 3.119799 -13.642643 -17.757888 -18.073030 -22.737977 -23.156853 -23.537670 -17.397994 -16.582496 -26.716506 -32.052128 -32.137096 -37.579969 -48.211956 -50.926211 -47.371214 -39.799980 -38.612111 -41.269485 -46.074950 
-18.342417 -27.296581 -23.006874 1.082075 11.289517 2.027900 -10.484864 13.568467 21.635888 3.865101 -0.985858 10.109089 -5.449848 4.990597 5.733399 7.994621 13.337177 9.140784 14.539105 2.263133 0.117086 -12.908712 -21.651694 -25.832525 -25.105632 -25.047817 -27.481943 -15.269649 -17.575325 -27.463339 -36.557672 -32.346390 -43.689765 -52.168538 -52.709213 -49.757609 -40.007981 -39.978971 -43.665456 -52.083099 
-19.823805 -22.698798 -14.879566 4.614163 10.131989 0.956024 3.929271 18.158266 19.072320 0.303585 -0.547890 6.145581 -5.654872 7.624657 6.393632 13.759236 9.260786 4.149469 4.058738 0.577444 -7.777597 -22.833337 -28.049891 -30.109593 -29.801614 -28.186063 -29.295650 -17.615332 -21.069336 -30.062384 -44.172128 -37.142356 -49.347777 -52.709364 -53.595524 -52.209871 -44.901759 -41.828669 -50.143134 -54.636677 
-19.622505 -20.499674 -11.595232 3.731745 0.643567 -3.210736 3.370001 10.220485 6.038520 -0.791457 -6.844546 -3.883437 -2.535402 1.224289 -1.665912 3.946990 -3.586218 -7.000926 -9.220046 -9.661911 -16.021522 -24.965215 -29.371859 -30.094962 -30.893895 -31.406686 -30.100863 -28.275079 -30.740029 -34.478303 -35.026413 -35.328374 -35.823914 -36.403539 -36.798835 -37.144736 -37.246731 -37.699627 -37.981817 -38.125187 
-19.650478 -30.179722 -11.111405 1.781900 -0.692322 -17.357764 -23.626602 -8.612116 1.425191 -5.464980 -15.364221 -11.360760 -18.714697 -17.438902 -13.929775 -11.080016 -11.047399 -16.866861 -15.372967 -15.984521 -24.981988 -34.406600 -38.247397 -42.215874 -44.900341 -45.003058 -37.952560 -37.345490 -40.566433 -43.453805 -50.529485 -50.360478 -51.790111 -52.302165 -52.685447 -52.807527 -52.944896 -52.826794 -53.770029 -53.862676 
-23.654310 -29.268637 -14.916547 -5.516211 -10.411253 -25.519251 -23.152846 -8.906021 -2.487913 -14.021752 -20.656555 -17.154118 -23.503410 -26.449123 -23.825634 -15.617064 -12.450899 -20.575794 -23.146752 -22.287855 -26.747114 -39.563933 -44.243970 -46.985355 -49.016765 -49.144758 -46.026499 -46.032595 -47.802898 -50.269202 -52.461041 -52.959865 -53.618927 -54.163284 -54.568636 -54.941057 -55.225509 -55.348491 -55.551523 -55.675058 
-27.628047 -36.427078 -28.418035 -23.215798 -21.895979 -26.908182 -28.113517 -10.676138 -11.449252 -28.638959 -23.112805 -22.099553 -35.436971 -26.193560 -24.905691 -20.182896 -20.934740 -31.998224 -32.472440 -31.880264 -36.759667 -46.998676 -57.160477 -54.925189 -59.112978 -64.065098 -62.153708 -61.607745 -64.005503 -65.145529 -65.651888 -67.708804 -67.603888 -71.982742 -73.815696 -76.345140 -73.852423 -75.465081 -75.565008 -75.616130 
-29.659660 -36.191386 -40.373525 -31.381862 -28.551906 -34.792705 -32.934199 -16.173861 -18.336396 -39.107401 -29.174529 -27.480717 -36.931305 -29.359842 -27.283199 -25.870138 -23.498786 -38.867155 -37.610636 -41.083987 -47.111980 -51.164210 -60.604260 -55.048299 -57.912198 -61.650391 -63.263998 -63.122756 -65.352290 -66.833124 -68.674374 -68.565363 -66.838590 -69.809119 -69.532534 -71.518397 -69.621059 -70.773187 -71.193085 -71.387139 
-29.044303 -34.468739 -39.386227 -33.732292 -37.336709 -39.772214 -31.244396 -25.076677 -18.919378 -31.045452 -37.210525 -40.381761 -44.835351 -38.846129 -36.310377 -26.928239 -21.751009 -32.305039 -38.514793 -40.468143 -48.052295 -56.937444 -67.653282 -58.964531 -59.273437 -63.573988 -62.500186 -65.843217 -66.254060 -68.369076 -77.892399 -73.360975 -69.688721 -76.152429 -74.556921 -79.543314 -74.555163 -74.465064 -74.786256 -76.213617 
-27.729440 -36.988443 -45.650064 -37.341596 -44.511816 -43.539084 -34.796435 -24.962972 -23.184357 -40.611723 -45.151153 -47.002844 -46.446912 -43.496377 -41.489191 -32.886516 -31.043130 -35.955854 -39.781055 -43.155449 -49.322829 -53.834242 -68.089949 -64.679012 -62.491287 -66.483593 -66.040937 -67.816975 -70.299232 -67.308904 -75.727327 -72.565300 -72.999927 -71.234321 -68.736310 -80.138595 -78.333539 -78.575611 -77.465683 -75.394376 
-10.451832 -13.997119 -19.570830 -23.800107 -24.966467 -24.200110 -23.906331 -25.372236 -29.424999 -29.832764 -32.109168 -35.147613 -39.001204 -44.069591 -39.851993 -33.483589 -31.383668 -35.342392 -35.803664 -41.377191 -38.246329 -38.112728 -45.087986 -46.814895 -41.217892 -38.018702 -43.063470 -45.601676 -44.195256 -49.447737 -50.334284 -47.696819 -53.534106 -46.627336 -45.838561 -51.828328 -58.333182 -59.315862 -56.948481 -53.900487 
0.616455 -4.895856 -13.709436 -19.503846 -14.210880 -9.825868 -9.907984 -15.614634 -19.083329 -17.803003 -23.692862 -26.301125 -32.996700 -32.835726 -30.489098 -25.229039 -27.741902 -28.899915 -25.396596 -30.592223 -33.320834 -32.596107 -34.306877 -36.270064 -31.497721 -29.790722 -36.025445 -35.458826 -32.490408 -38.494242 -38.997591 -37.403014 -38.712868 -40.045346 -41.079483 -39.424434 -44.634772 -50.231666 -44.178752 -43.857967 
-1.620731 -17.291278 -17.636277 -27.953036 -27.183185 -19.924053 -20.677093 -28.191312 -25.772332 -31.344908 -27.917839 -28.934591 -28.570437 -27.135458 -32.212889 -30.355556 -27.586059 -31.735863 -32.692727 -32.421689 -33.881882 -45.985336 -36.015335 -31.983391 -27.278679 -15.112610 -19.143948 -21.642816 -16.148344 -27.937840 -34.208680 -34.592917 -34.237169 -37.455246 -37.844028 -39.729880 -46.464396 -50.829209 -39.116365 -41.827204 
0.352672 -15.250744 -18.797107 -20.065622 -27.482815 -24.924498 -27.244796 -32.761205 -37.472809 -35.414442 -32.110761 -28.251514 -22.759900 -27.669593 -30.400653 -33.422074 -28.984522 -35.625705 -35.391692 -36.897572 -31.743550 -39.236391 -33.624513 -30.289025 -23.783327 -17.114987 -20.588698 -18.457393 -13.122640 -21.323818 -31.095806 -30.062641 -30.618633 -34.718948 -32.541823 -33.452892 -43.091142 -47.245566 -34.146313 -36.035921 
-0.673997 -12.894554 -19.412620 -21.513233 -23.282844 -23.994089 -28.930288 -27.570337 -28.686543 -30.104516 -24.847408 -17.930418 -22.283169 -26.439701 -21.668115 -25.054958 -30.839037 -35.548034 -35.734035 -37.472155 -36.445436 -38.420272 -38.943262 -39.095791 -32.644537 -28.542556 -25.898648 -19.455508 -17.715609 -26.119071 -35.554473 -30.509486 -38.949899 -42.423370 -38.839579 -38.534451 -44.969388 -50.664782 -43.918292 -42.593650 
-2.042310 -3.447879 0.535261 -2.575405 -10.205626 -13.934537 -10.315341 -13.009366 -15.135191 -15.648191 -17.150451 -18.800015 -20.419613 -19.907186 -21.366396 -26.027730 -35.087698 -40.250919 -40.779595 -41.353786 -42.621458 -44.022249 -43.366956 -45.549251 -39.225077 -29.867995 -25.486818 -29.425677 -27.682348 -33.735673 -35.605902 -32.355173 -39.447502 -42.637815 -42.443128 -44.785853 -47.725122 -49.063278 -42.944135 -44.589325 
-2.475310 5.641057 10.485780 3.504083 2.677717 1.407402 -0.974227 3.504495 -2.503320 -0.805385 -5.363297 -5.949440 -6.803014 -8.337348 -10.668989 -19.285476 -26.801104 -33.151701 -37.864575 -42.323897 -41.041174 -41.604290 -42.552636 -44.417666 -38.597371 -31.545672 -23.835723 -20.984502 -17.417124 -27.861013 -35.764477 -35.926896 -43.004517 -47.026950 -48.234566 -48.192746 -49.403045 -51.722285 -43.590189 -43.272184 
-3.770444 6.923225 10.152042 1.722933 6.835965 -0.159423 3.617208 1.748927 6.808220 0.462715 -0.319350 0.575080 -1.011897 -3.392350 -8.953567 -17.077714 -23.012433 -29.207788 -31.951720 -35.340052 -35.840871 -34.908706 -35.706048 -43.634745 -35.583974 -27.055685 -19.038684 -18.526569 -18.206861 -26.664802 -33.635673 -35.225810 -43.884167 -50.617324 -53.778122 -56.259381 -56.437754 -56.817519 -41.738083 -42.011126 
-4.676563 7.772174 9.434977 3.534755 6.418327 -0.099805 3.394837 3.880237 7.712631 4.462981 3.136095 2.226833 3.976730 2.148386 -2.583474 -9.777030 -15.758907 -24.704029 -26.570490 -27.241923 -26.904288 -27.903916 -29.962815 -37.340552 -34.203679 -23.769041 -15.340962 -15.082735 -13.882513 -19.756160 -26.849281 -33.233720 -41.885984 -45.482361 -55.962924 -59.245554 -53.220754 -51.286596 -37.013734 -40.696513 
-5.749897 8.343492 8.135926 4.862777 5.496956 0.350578 1.706420 5.740786 5.666193 8.111768 6.000567 3.335392 3.993324 5.495251 3.899303 -5.456114 -11.998886 -19.545223 -22.549035 -22.561438 -23.761581 -25.921948 -26.989420 -30.682098 -28.836743 -19.236512 -9.320300 -9.073745 -8.397256 -16.536973 -24.015227 -32.813676 -40.671953 -45.506969 -55.967852 -55.827771 -49.378920 -44.687982 -36.827758 -41.863199 
-6.619396 8.533578 6.936792 6.000541 4.540283 0.651249 -0.078955 4.118688 4.634500 8.751724 8.432840 4.479657 1.044980 3.147908 7.165048 2.443465 -6.909224 -13.915835 -17.986662 -19.284153 -21.485856 -21.041109 -22.614528 -25.140253 -22.818594 -13.255669 -5.653935 -6.518476 -5.624072 -15.310679 -22.936041 -31.554501 -36.292447 -39.495731 -55.351405 -59.391977 -49.817573 -38.014980 -36.240969 -38.774310 
-4.529921 8.851726 5.651785 6.644240 4.343363 0.588488 0.007530 2.698670 3.397611 6.497051 8.345588 2.510926 -1.474955 0.785950 2.852706 5.187109 -0.030091 -7.934087 -14.919457 -17.832566 -20.686354 -19.890815 -22.306440 -21.956057 -19.124160 -9.840742 -4.625085 -5.725755 -5.512113 -14.920657 -23.878954 -31.132534 -38.430694 -38.335135 -46.994013 -48.480746 -47.994333 -41.472340 -38.975415 -39.635804 
-3.483121 9.139430 4.991399 7.754152 4.457480 0.232575 -1.087196 -0.388974 0.269422 7.128682 7.391713 0.682413 -2.231104 -2.547762 -2.924835 2.445900 4.132820 -1.919669 -9.524418 -14.942258 -16.948571 -17.785760 -19.712359 -20.946178 -16.565367 -6.712216 -4.046707 -6.618393 -5.244934 -12.614856 -24.253590 -30.493510 -37.731286 -37.553477 -41.107219 -41.564292 -41.759875 -38.839290 -38.218097 -36.699618 
-3.031280 9.021296 5.408098 8.727533 4.403988 -0.142651 -1.235977 -1.431871 -1.118979 7.738495 5.667738 0.805979 -2.382414 -4.770957 -7.229616 -5.174908 -0.435046 2.299693 -4.467421 -12.146435 -15.282699 -16.263635 -18.551060 -18.771823 -14.625759 -5.827109 -6.167487 -9.416939 -7.107113 -13.376322 -23.870025 -30.590874 -39.062391 -39.496421 -50.533421 -53.604735 -51.939592 -38.956459 -44.079731 -41.750754 
-2.285808 8.991614 5.788507 9.238427 3.836638 -1.529460 -1.367974 -2.722872 0.213545 8.434454 3.601331 -2.014239 -4.703212 -6.218381 -9.004574 -13.002275 -10.866091 -5.370756 -1.320825 -5.789919 -10.739540 -13.999314 -16.934772 -17.851956 -11.503951 -4.410101 -6.962067 -8.327602 -7.287978 -14.782239 -22.614105 -27.881914 -39.246787 -54.966935 -58.959975 -59.277946 -54.997966 -34.467134 -41.611648 -40.914051 
-1.035191 8.973836 6.167725 9.299891 2.530871 -2.072223 -1.237770 -5.020260 0.701389 7.900773 -0.667199 -3.020211 -6.064148 -8.391600 -12.539898 -15.669608 -13.072954 -12.269556 -7.685428 -1.841076 -6.884263 -11.636083 -14.445028 -16.153550 -9.316145 -3.245249 -8.310895 -8.432857 -5.727270 -15.340029 -21.414977 -26.428042 -39.208347 -42.921617 -49.546031 -49.787490 -48.841256 -40.861573 -43.114151 -38.854384 
1.376982 9.664366 6.607032 8.646524 0.876801 -2.204243 -0.304099 -3.135185 1.618991 5.928714 -5.433886 -4.537052 -6.318538 -11.241498 -18.444618 -19.088607 -19.254301 -17.924909 -11.634955 -7.192828 -4.067541 -9.272750 -13.052658 -13.594629 -6.430861 -4.959458 -12.053059 -11.403687 -9.666670 -17.230104 -21.620562 -26.325518 -40.998852 -43.669281 -53.043232 -52.995539 -49.108832 -40.057899 -45.350407 -36.314056 
1.163290 9.074656 7.201678 9.279173 1.719859 -1.524784 0.428065 -3.438782 0.776154 3.369401 -9.259525 -6.910541 -6.713594 -12.366253 -23.969633 -23.825561 -23.731423 -20.108816 -18.064647 -14.617161 -4.934920 -4.679529 -11.891143 -11.254336 -3.776329 -4.267017 -12.542047 -11.739683 -10.828337 -16.465139 -19.397782 -24.075267 -40.144796 -47.374280 -62.540856 -66.245838 -52.025829 -41.715012 -48.921232 -41.012363 
-0.460849 8.514263 7.015754 8.969400 0.513313 -2.034528 0.303405 -4.100328 -0.599587 0.394491 -12.588761 -8.039439 -9.679833 -14.897839 -27.664979 -27.334784 -26.304945 -26.464149 -22.457842 -22.459572 -17.141072 -6.473438 -8.782457 -11.808567 -10.710393 -16.001290 -19.818407 -16.023503 -14.761917 -21.794201 -26.115495 -28.569547 -36.500925 -42.316294 -51.881887 -54.550238 -47.828473 -38.684998 -45.164854 -39.986656 
0.573113 8.565552 7.729001 9.757653 2.141582 -2.106220 0.224368 -2.541289 -1.966074 -1.942295 -13.619145 -9.955371 -11.656280 -17.765178 -32.104649 -28.816637 -30.418692 -30.627890 -24.995007 -24.059945 -18.952320 -8.138474 -5.561137 -9.696366 -5.247090 -8.557227 -12.737019 -9.364486 -11.475173 -21.265210 -28.762346 -29.888931 -36.323974 -44.183540 -50.237491 -51.415175 -46.112971 -42.347298 -45.989994 -42.922503 
0.333841 8.433112 7.894456 9.669193 2.155641 -1.292998 1.969298 -1.027430 -2.965872 -4.620689 -15.786296 -13.158720 -13.491180 -16.748451 -27.078862 -30.047405 -29.817366 -31.382926 -28.649759 -25.850016 -19.542605 -14.087763 -10.684263 -13.636355 -9.421751 -11.948707 -16.912899 -18.777714 -22.725442 -29.897407 -31.059776 -33.517061 -39.803205 -42.204852 -44.589533 -44.644014 -43.278808 -40.828663 -42.711739 -41.202611 
1.448603 8.655615 7.754629 8.633099 0.997603 -1.594792 0.621864 -3.139466 -3.934987 -5.855744 -12.964588 -11.805959 -13.855675 -16.332072 -23.879242 -30.401487 -35.037275 -34.415441 -31.940687 -26.356708 -25.923760 -17.625748 -10.374032 -10.847057 -11.683074 -19.641051 -24.586641 -16.328972 -14.252761 -25.172775 -33.481593 -35.818258 -41.667124 -45.801684 -46.597894 -46.514439 -46.660081 -44.389953 -46.181842 -41.730747 
1.210770 8.574571 7.881811 8.185806 -0.168885 -2.122797 0.358046 -2.760548 -6.663662 -12.852528 -14.656429 -13.069295 -16.776136 -15.790048 -25.971490 -33.980484 -35.549810 -33.341714 -34.228035 -32.902040 -29.879185 -24.688157 -15.957565 -14.728651 -16.003341 -25.459967 -33.105524 -20.357632 -18.549625 -30.313536 -35.290390 -38.659165 -43.586449 -47.117230 -49.262830 -49.191769 -47.783543 -44.554277 -48.063836 -45.131826 
0.422312 8.563911 8.126970 8.058531 -1.817029 -3.965968 -1.561884 -4.693629 -7.502444 -12.495677 -14.922841 -17.019726 -17.680383 -16.520462 -27.777929 -40.770907 -45.198143 -39.706471 -36.973594 -37.583650 -31.294173 -28.812823 -19.053534 -14.150271 -18.547679 -19.490932 -31.014885 -21.954453 -20.323437 -28.844510 -31.592334 -34.854238 -49.965245 -53.118453 -57.857076 -53.755104 -53.334003 -49.415903 -52.083418 -46.693083 
1.605361 8.422277 7.593696 7.436610 -3.248319 -4.827525 -4.686904 -9.106571 -11.780369 -17.104493 -19.634663 -18.861619 -19.378418 -19.672194 -30.084903 -37.636213 -38.772501 -39.277243 -37.815404 -42.179216 -39.573439 -32.433816 -21.998902 -12.173746 -15.809808 -24.886239 -30.851528 -24.446943 -20.554586 -28.296979 -27.262477 -30.401180 -46.793809 -47.744674 -47.072484 -46.108896 -48.784109 -47.574025 -48.355977 -46.587684 
1.567217 7.899045 6.737898 5.595786 -3.876615 -4.189640 -5.844154 -9.085512 -15.157349 -17.485207 -16.221015 -21.603167 -18.039661 -20.748796 -31.808712 -39.946860 -40.363539 -40.174987 -41.761312 -41.635655 -41.387369 -32.641798 -22.366984 -15.744633 -20.010990 -26.934061 -29.167877 -26.112547 -21.526676 -31.164710 -33.584037 -34.549611 -48.483376 -50.176501 -50.477383 -49.097040 -49.932548 -46.442880 -50.563028 -49.670837 
0.607132 7.069016 5.307916 4.874001 -4.340239 -5.784931 -7.218013 -12.053109 -18.878834 -17.485093 -21.676444 -20.275397 -20.475649 -18.200757 -33.809208 -44.649193 -48.366711 -48.638128 -50.128480 -41.754923 -41.800145 -37.471032 -29.703966 -23.901730 -21.939369 -25.648835 -28.162976 -26.139384 -22.136212 -31.483053 -41.523640 -41.903561 -52.190286 -52.709678 -54.427475 -54.657026 -55.523836 -48.872962 -55.381277 -54.262360 
3.961894 7.261900 4.128277 3.430458 -6.743170 -8.170081 -9.101281 -12.779998 -18.473927 -17.083928 -25.649169 -20.601639 -23.431862 -20.563122 -34.242701 -42.318982 -45.446185 -44.628949 -47.418328 -43.774786 -40.308729 -39.507293 -29.267278 -23.744207 -23.719373 -26.078353 -30.429639 -28.983407 -24.356292 -32.672870 -46.675521 -41.571609 -51.737701 -53.469967 -55.011880 -56.617475 -54.968810 -50.337223 -54.626423 -49.944750 
3.102988 6.688610 3.131554 1.506745 -8.038552 -10.798738 -11.454329 -13.759448 -17.092041 -17.939012 -24.214834 -21.660211 -20.027054 -20.826987 -30.187105 -42.766074 -48.887305 -49.339756 -48.222724 -45.848654 -40.154843 -37.794113 -24.876485 -17.626800 -21.491129 -26.532104 -33.545781 -36.798546 -35.216847 -42.194161 -50.244717 -41.247434 -57.985665 -61.387210 -58.824366 -60.740064 -57.826608 -56.776003 -60.068809 -47.072203 
1.966245 6.741515 3.484166 -1.004392 -7.607567 -11.095421 -12.515378 -14.876493 -18.196026 -20.175253 -23.682944 -24.417915 -19.996716 -23.961056 -33.665617 -41.955093 -47.029015 -46.688296 -46.875164 -39.880524 -36.837653 -34.494354 -25.090510 -23.107440 -31.079667 -33.626586 -38.188840 -40.185019 -29.520899 -33.395998 -50.193711 -50.553968 -64.774837 -62.158026 -63.684230 -62.439489 -58.985015 -54.917689 -64.397065 -53.213599 
3.009491 6.376170 2.701714 -4.759304 -8.396826 -12.254484 -14.438773 -16.036700 -21.049131 -25.369482 -27.302212 -32.504396 -31.928903 -28.658060 -34.128693 -44.854057 -45.886987 -50.879959 -35.209265 -29.397091 -33.923680 -36.469849 -34.311764 -31.939524 -33.431254 -38.301773 -50.648528 -45.548476 -36.140066 -38.080191 -48.053486 -46.891970 -58.073781 -60.985199 -62.229787 -64.303926 -58.065040 -58.056771 -69.144752 -61.116875 
1.975491 5.508024 1.295210 -4.598808 -8.522666 -13.195125 -16.041395 -19.702820 -28.192727 -35.572418 -33.980932 -32.089328 -28.335742 -28.544710 -33.821785 -46.812178 -47.462825 -43.383001 -35.794369 -36.211714 -43.142829 -40.177743 -35.876648 -36.556730 -44.017435 -51.839134 -56.393258 -50.920469 -42.557208 -46.897967 -48.506370 -49.608139 -61.828641 -61.011015 -64.744549 -64.674677 -61.207429 -63.477693 -75.163351 -63.957443 
0.747213 3.848675 -2.136991 -3.940078 -9.841196 -16.313084 -17.493895 -19.096557 -29.416685 -38.061893 -37.101231 -36.148807 -29.708594 -29.721242 -38.517185 -48.810307 -49.125948 -39.198755 -32.001928 -39.354872 -44.130021 -44.683277 -38.273907 -37.727380 -46.495792 -53.604754 -67.897681 -56.367664 -44.678211 -52.567931 -49.056783 -50.089081 -60.187568 -59.427895 -65.539147 -67.240576 -66.114208 -67.323595 -79.953622 -75.198641 
0.655097 3.265046 -3.146331 -5.632519 -10.379298 -14.063884 -15.493647 -19.412424 -33.019628 -38.370329 -37.991415 -36.038500 -30.213619 -28.879268 -36.624668 -52.142116 -54.714582 -42.432887 -35.876947 -41.225281 -46.675621 -45.674928 -40.578044 -38.902553 -47.830297 -59.299432 -75.787393 -56.632073 -47.698003 -54.905770 -51.118105 -50.019631 -57.483322 -60.118949 -68.380089 -71.647739 -69.479432 -71.536643 -79.289364 -75.789109 
-0.044741 3.326132 -3.145218 -11.668715 -11.876627 -13.915365 -19.036231 -23.777351 -33.460917 -40.693119 -39.621089 -39.113665 -31.832598 -33.570909 -41.728704 -49.276330 -53.573990 -46.857068 -39.930513 -48.006155 -46.381675 -39.759730 -35.971807 -40.785440 -45.236788 -63.187327 -63.238155 -60.652461 -55.335681 -52.167937 -52.058653 -50.574743 -58.267989 -58.423976 -64.425923 -65.596758 -65.861456 -66.549564 -67.357016 -66.860522 
-1.989481 2.247303 -8.224584 -12.534237 -18.008635 -20.572456 -32.137117 -35.385532 -39.263988 -49.188050 -40.569805 -43.153655 -36.434658 -34.575421 -43.783576 -51.598419 -53.896394 -49.048959 -42.398472 -46.168680 -51.155108 -46.398079 -40.784924 -43.042111 -48.944846 -61.488896 -61.220712 -57.940438 -51.654674 -55.147574 -50.578646 -54.033613 -58.958705 -60.392440 -66.130230 -66.822149 -66.308739 -67.572174 -67.338994 -67.676239 
-3.468810 1.087433 -5.439415 -13.566274 -30.076517 -32.283989 -35.565296 -37.032534 -44.092363 -49.590534 -56.224939 -45.978213 -42.639246 -39.165070 -47.051059 -54.166131 -59.537683 -55.814150 -48.469424 -47.409697 -54.281872 -48.879108 -47.507756 -46.232950 -52.313869 -70.255590 -62.416737 -58.367050 -51.939852 -57.054184 -55.280871 -58.229411 -62.100207 -65.929010 -77.113029 -74.681486 -73.277769 -77.461441 -75.183821 -75.978612 
-7.463209 -3.578454 -11.022087 -17.669915 -26.378917 -33.860092 -37.299036 -36.794296 -42.450906 -53.091293 -53.616837 -50.373477 -47.851196 -41.767772 -46.396260 -56.096073 -61.137271 -59.176224 -49.812659 -55.151524 -54.552364 -53.770467 -46.530921 -47.920975 -48.555811 -67.649309 -66.318791 -61.124045 -51.988699 -57.672245 -59.181297 -63.153852 -65.151422 -64.673992 -73.037657 -69.497218 -68.094600 -71.027740 -72.573294 -72.451856 
-13.307507 -9.283306 -18.301798 -30.286687 -30.330238 -24.137795 -26.015637 -40.450258 -42.846687 -49.561173 -48.144209 -45.541856 -41.162873 -40.446863 -44.707680 -51.145793 -55.483356 -52.936273 -44.399884 -52.748139 -51.073999 -51.638235 -50.729026 -52.408852 -50.310064 -61.679705 -61.552026 -59.511386 -55.211651 -57.977456 -58.636227 -61.332097 -63.825518 -62.219228 -66.135409 -65.013449 -64.609506 -66.358960 -67.321085 -67.372364 
-20.254579 -16.746026 -25.097960 -26.658758 -29.639713 -31.407241 -26.991652 -40.931833 -45.077344 -48.285002 -47.096000 -49.387589 -49.657176 -49.628089 -44.976320 -55.653997 -63.476831 -57.216195 -45.074326 -50.926029 -54.965367 -57.736896 -53.035478 -53.689016 -53.815811 -68.147716 -66.658503 -66.341227 -59.255527 -61.944044 -61.655491 -64.586705 -63.463528 -64.641854 -72.644717 -66.425462 -66.894504 -70.589364 -72.407278 -72.185052 
-23.488861 -22.338452 -30.285025 -32.250577 -35.435384 -30.206538 -31.265150 -40.400743 -51.835834 -51.534557 -47.242536 -49.685105 -46.592624 -50.737438 -49.379697 -58.967464 -58.597451 -53.857978 -48.674474 -54.332868 -58.238039 -56.391099 -55.960955 -56.449424 -56.942952 -61.418618 -61.602915 -62.949141 -60.085321 -65.334872 -63.060265 -62.620133 -64.239408 -65.715484 -71.989352 -64.822862 -64.268899 -69.713327 -71.907009 -72.307943 
-31.962512 -30.223860 -38.260283 -54.290184 -45.946400 -38.647280 -36.972827 -38.600570 -39.900756 -39.119121 -38.543806 -38.149109 -37.535234 -41.793713 -50.447891 -56.156968 -48.072310 -46.146395 -48.827037 -57.427725 -57.491968 -52.152099 -50.384852 -54.892213 -55.418563 -52.099867 -52.760406 -59.893243 -55.513424 -58.637653 -61.601378 -57.755168 -59.187323 -65.547634 -69.540216 -66.107227 -67.529106 -71.511957 -70.262455 -71.912570 
-51.595723 -53.481791 -54.078658 -60.142963 -62.738010 -62.600329 -60.617233 -59.225199 -59.525376 -57.157104 -58.035058 -55.486363 -56.213736 -59.131745 -65.162427 -67.230661 -64.167724 -62.205977 -64.813395 -71.512783 -69.868868 -68.513407 -67.429993 -69.643975 -68.465215 -69.137393 -69.286602 -72.002107 -68.825833 -71.288592 -71.494382 -73.566131 -71.361369 -72.613595 -71.221954 -74.432715 -77.373206 -74.441618 -75.195028 -77.484077 
-61.934404 -63.670517 -60.805109 -64.334300 -71.791742 -68.375591 -70.585612 -70.550091 -70.774343 -68.022014 -66.050346 -69.337254 -67.186917 -71.526548 -65.529475 -69.499474 -68.808564 -71.431270 -70.814136 -74.869908 -74.288764 -68.603520 -68.209555 -73.018344 -78.854621 -72.925774 -74.406768 -78.495701 -69.864636 -70.016532 -73.841677 -73.639766 -75.968161 -71.409487 -72.256146 -72.577914 -73.902694 -75.384978 -75.300144 -79.715081 
-56.400051 -69.233765 -70.896806 -71.190188 -76.154452 -69.766128 -67.482787 -71.197791 -75.529310 -70.703538 -72.149996 -67.910214 -69.390206 -73.306398 -68.505318 -70.057554 -78.612187 -78.710850 -73.827962 -75.058639 -74.340374 -70.129708 -73.500395 -71.306927 -76.010145 -77.177017 -74.016357 -75.247973 -76.212820 -73.533445 -73.529338 -74.236212 -73.257689 -75.550905 -75.251054 -72.982601 -74.780051 -76.541258 -75.376824 -74.809403 
-63.416233 -73.377894 -74.795018 -72.490343 -75.009597 -71.435502 -70.014826 -72.691257 -76.689327 -78.054673 -73.149807 -76.719230 -78.083435 -73.305915 -73.569576 -77.525193 -77.061523 -74.726252 -70.689762 -73.391587 -76.384312 -74.269563 -75.399165 -77.821816 -76.146688 -76.154996 -76.548723 -74.724202 -74.010300 -75.061445 -76.366104 -78.312065 -76.290596 -75.911101 -73.712221 -75.438467 -76.303406 -76.782569 -75.656760 -78.080812 
-66.425712 -78.828966 -93.400344 -76.838607 -71.624410 -70.945526 -70.920723 -77.895362 -73.706947 -71.635167 -75.249346 -78.540816 -75.244506 -73.929346 -71.743769 -71.203545 -75.783606 -75.518723 -71.615618 -72.320940 -75.253031 -76.806668 -78.997146 -75.717426 -80.159645 -78.634624 -78.542250 -76.615537 -79.243556 -77.662671 -74.249873 -71.908005 -73.127661 -73.730159 -75.308878 -75.588372 -74.624898 -77.912425 -75.467599 -77.563545 
-64.680354 -86.796851 -83.187222 -77.951725 -72.835383 -74.967019 -77.057105 -77.606442 -82.112216 -78.101152 -74.661719 -74.989697 -73.032844 -72.769401 -77.428729 -73.508100 -77.696938 -72.027884 -76.840742 -79.291875 -75.692562 -76.501335 -74.967331 -75.663190 -78.670628 -76.426346 -76.474798 -73.735513 -75.777807 -76.112239 -76.010313 -76.683304 -76.065800 -73.566164 -76.481934 -76.192883 -78.692131 -75.744432 -78.282876 -78.548398 
-63.181694 -73.274003 -76.040265 -81.339225 -78.919830 -74.116809 -73.828323 -77.293241 -79.516955 -76.130218 -73.623732 -74.082806 -72.304813 -77.282006 -77.961190 -73.563759 -76.372591 -76.130859 -78.624614 -75.400061 -75.725009 -74.922585 -73.757002 -74.794239 -77.115307 -76.408446 -80.113891 -75.994986 -75.383002 -74.860371 -74.301475 -78.586543 -77.057177 -75.881822 -78.396066 -77.377398 -79.578259 -77.358276 -75.793267 -77.366641 
-63.510879 -76.348918 -77.907429 -79.270236 -77.215484 -75.849634 -74.415849 -76.200598 -84.228350 -85.188828 -74.369397 -76.076991 -72.652725 -81.714663 -75.481093 -80.797059 -78.208744 -76.908606 -73.269282 -74.452755 -75.055267 -72.649076 -73.423351 -77.331541 -76.565089 -75.722273 -77.664380 -80.096384 -77.672058 -77.620360 -77.445447 -75.722109 -77.056080 -79.845455 -75.999652 -77.278308 -78.473115 -76.999766 -75.638186 -75.632675 
-62.535169 -77.223350 -74.730635 -72.945610 -76.877703 -75.696650 -80.143617 -80.078609 -74.179739 -78.886791 -76.946233 -72.516754 -74.803780 -78.743270 -75.017335 -78.166642 -77.491475 -79.243674 -80.083899 -75.263948 -72.703981 -78.149813 -78.100390 -79.720683 -74.092642 -77.754762 -77.754341 -75.545031 -74.255218 -74.194310 -73.384843 -72.372214 -79.089197 -76.747965 -75.924781 -76.798378 -73.919947 -73.649097 -74.668926 -74.871694 
-64.987042 -71.289452 -74.892890 -74.629542 -75.829666 -84.397540 -80.722950 -77.905042 -79.807796 -83.135810 -87.113301 -85.832056 -81.184471 -75.935773 -71.988245 -76.116648 -84.312383 -87.874690 -88.202872 -84.634951 -76.072400 -77.462580 -80.613969 -79.072765 -82.051536 -83.836545 -77.150705 -80.020442 -81.804103 -84.738946 -80.818350 -74.963994 -75.662813 -76.159188 -77.251390 -80.523889 -79.190528 -78.229425 -79.899730 -79.913350 
-92.604226 -92.812497 -93.165361 -93.778972 -94.653109 -95.970345 -97.761882 -100.452353 -104.961073 -109.755127 -106.357749 -101.653237 -98.955055 -97.583853 -97.315978 -98.210574 -100.710237 -106.281134 -113.600940 -105.235361 -100.455316 -98.615065 -98.963640 -102.336288 -107.922024 -103.052729 -100.980930 -106.551067 -108.622190 -105.094877 -103.836002 -96.584830 -96.017574 -96.268239 -97.246698 -101.746589 -99.630574 -98.281168 -101.183538 -101.971010 
NaN NaN NaN NaN NaN NaN NaN NaN NaN NaN NaN NaN NaN NaN NaN NaN NaN NaN NaN NaN NaN NaN NaN NaN NaN NaN NaN NaN NaN NaN NaN NaN NaN NaN NaN NaN NaN NaN NaN NaN 
NaN NaN NaN NaN NaN NaN NaN NaN NaN NaN NaN NaN NaN NaN NaN NaN NaN NaN NaN NaN NaN NaN NaN NaN NaN NaN NaN NaN NaN NaN NaN NaN NaN NaN NaN NaN NaN NaN NaN NaN 
NaN NaN NaN NaN NaN NaN NaN NaN NaN NaN NaN NaN NaN NaN NaN NaN NaN NaN NaN NaN NaN NaN NaN NaN NaN NaN NaN NaN NaN NaN NaN NaN NaN NaN NaN NaN NaN NaN NaN NaN 
NaN NaN NaN NaN NaN NaN NaN NaN NaN NaN NaN NaN NaN NaN NaN NaN NaN NaN NaN NaN NaN NaN NaN NaN NaN NaN NaN NaN NaN NaN NaN NaN NaN NaN NaN NaN NaN NaN NaN NaN 
NaN NaN NaN NaN NaN NaN NaN NaN NaN NaN NaN NaN NaN NaN NaN NaN NaN NaN NaN NaN NaN NaN NaN NaN NaN NaN NaN NaN NaN NaN NaN NaN NaN NaN NaN NaN NaN NaN NaN NaN 
NaN NaN NaN NaN NaN NaN NaN NaN NaN NaN NaN NaN NaN NaN NaN NaN NaN NaN NaN NaN NaN NaN NaN NaN NaN NaN NaN NaN NaN NaN NaN NaN NaN NaN NaN NaN NaN NaN NaN NaN 
NaN NaN NaN NaN NaN NaN NaN NaN NaN NaN NaN NaN NaN NaN NaN NaN NaN NaN NaN NaN NaN NaN NaN NaN NaN NaN NaN NaN NaN NaN NaN NaN NaN NaN NaN NaN NaN NaN NaN NaN 
NaN NaN NaN NaN NaN NaN NaN NaN NaN NaN NaN NaN NaN NaN NaN NaN NaN NaN NaN NaN NaN NaN NaN NaN NaN NaN NaN NaN NaN NaN NaN NaN NaN NaN NaN NaN NaN NaN NaN NaN 
NaN NaN NaN NaN NaN NaN NaN NaN NaN NaN NaN NaN NaN NaN NaN NaN NaN NaN NaN NaN NaN NaN NaN NaN NaN NaN NaN NaN NaN NaN NaN NaN NaN NaN NaN NaN NaN NaN NaN NaN 
NaN NaN NaN NaN NaN NaN NaN NaN NaN NaN NaN NaN NaN NaN NaN NaN NaN NaN NaN NaN NaN NaN NaN NaN NaN NaN NaN NaN NaN NaN NaN NaN NaN NaN NaN NaN NaN NaN NaN NaN 
NaN NaN NaN NaN NaN NaN NaN NaN NaN NaN NaN NaN NaN NaN NaN NaN NaN NaN NaN NaN NaN NaN NaN NaN NaN NaN NaN NaN NaN NaN NaN NaN NaN NaN NaN NaN NaN NaN NaN NaN 
NaN NaN NaN NaN NaN NaN NaN NaN NaN NaN NaN NaN NaN NaN NaN NaN NaN NaN NaN NaN NaN NaN NaN NaN NaN NaN NaN NaN NaN NaN NaN NaN NaN NaN NaN NaN NaN NaN NaN NaN 
NaN NaN NaN NaN NaN NaN NaN NaN NaN NaN NaN NaN NaN NaN NaN NaN NaN NaN NaN NaN NaN NaN NaN NaN NaN NaN NaN NaN NaN NaN NaN NaN NaN NaN NaN NaN NaN NaN NaN NaN 
NaN NaN NaN NaN NaN NaN NaN NaN NaN NaN NaN NaN NaN NaN NaN NaN NaN NaN NaN NaN NaN NaN NaN NaN NaN NaN NaN NaN NaN NaN NaN NaN NaN NaN NaN NaN NaN NaN NaN NaN 
NaN NaN NaN NaN NaN NaN NaN NaN NaN NaN NaN NaN NaN NaN NaN NaN NaN NaN NaN NaN NaN NaN NaN NaN NaN NaN NaN NaN NaN NaN NaN NaN NaN NaN NaN NaN NaN NaN NaN NaN 
NaN NaN NaN NaN NaN NaN NaN NaN NaN NaN NaN NaN NaN NaN NaN NaN NaN NaN NaN NaN NaN NaN NaN NaN NaN NaN NaN NaN NaN NaN NaN NaN NaN NaN NaN NaN NaN NaN NaN NaN 
NaN NaN NaN NaN NaN NaN NaN NaN NaN NaN NaN NaN NaN NaN NaN NaN NaN NaN NaN NaN NaN NaN NaN NaN NaN NaN NaN NaN NaN NaN NaN NaN NaN NaN NaN NaN NaN NaN NaN NaN 
NaN NaN NaN NaN NaN NaN NaN NaN NaN NaN NaN NaN NaN NaN NaN NaN NaN NaN NaN NaN NaN NaN NaN NaN NaN NaN NaN NaN NaN NaN NaN NaN NaN NaN NaN NaN NaN NaN NaN NaN 
NaN NaN NaN NaN NaN NaN NaN NaN NaN NaN NaN NaN NaN NaN NaN NaN NaN NaN NaN NaN NaN NaN NaN NaN NaN NaN NaN NaN NaN NaN NaN NaN NaN NaN NaN NaN NaN NaN NaN NaN 
NaN NaN NaN NaN NaN NaN NaN NaN NaN NaN NaN NaN NaN NaN NaN NaN NaN NaN NaN NaN NaN NaN NaN NaN NaN NaN NaN NaN NaN NaN NaN NaN NaN NaN NaN NaN NaN NaN NaN NaN 
NaN NaN NaN NaN NaN NaN NaN NaN NaN NaN NaN NaN NaN NaN NaN NaN NaN NaN NaN NaN NaN NaN NaN NaN NaN NaN NaN NaN NaN NaN NaN NaN NaN NaN NaN NaN NaN NaN NaN NaN 
NaN NaN NaN NaN NaN NaN NaN NaN NaN NaN NaN NaN NaN NaN NaN NaN NaN NaN NaN NaN NaN NaN NaN NaN NaN NaN NaN NaN NaN NaN NaN NaN NaN NaN NaN NaN NaN NaN NaN NaN 
NaN NaN NaN NaN NaN NaN NaN NaN NaN NaN NaN NaN NaN NaN NaN NaN NaN NaN NaN NaN NaN NaN NaN NaN NaN NaN NaN NaN NaN NaN NaN NaN NaN NaN NaN NaN NaN NaN NaN NaN 
NaN NaN NaN NaN NaN NaN NaN NaN NaN NaN NaN NaN NaN NaN NaN NaN NaN NaN NaN NaN NaN NaN NaN NaN NaN NaN NaN NaN NaN NaN NaN NaN NaN NaN NaN NaN NaN NaN NaN NaN 
NaN NaN NaN NaN NaN NaN NaN NaN NaN NaN NaN NaN NaN NaN NaN NaN NaN NaN NaN NaN NaN NaN NaN NaN NaN NaN NaN NaN NaN NaN NaN NaN NaN NaN NaN NaN NaN NaN NaN NaN 
NaN NaN NaN NaN NaN NaN NaN NaN NaN NaN NaN NaN NaN NaN NaN NaN NaN NaN NaN NaN NaN NaN NaN NaN NaN NaN NaN NaN NaN NaN NaN NaN NaN NaN NaN NaN NaN NaN NaN NaN 
NaN NaN NaN NaN NaN NaN NaN NaN NaN NaN NaN NaN NaN NaN NaN NaN NaN NaN NaN NaN NaN NaN NaN NaN NaN NaN NaN NaN NaN NaN NaN NaN NaN NaN NaN NaN NaN NaN NaN NaN 
NaN NaN NaN NaN NaN NaN NaN NaN NaN NaN NaN NaN NaN NaN NaN NaN NaN NaN NaN NaN NaN NaN NaN NaN NaN NaN NaN NaN NaN NaN NaN NaN NaN NaN NaN NaN NaN NaN NaN NaN 
NaN NaN NaN NaN NaN NaN NaN NaN NaN NaN NaN NaN NaN NaN NaN NaN NaN NaN NaN NaN NaN NaN NaN NaN NaN NaN NaN NaN NaN NaN NaN NaN NaN NaN NaN NaN NaN NaN NaN NaN 
NaN NaN NaN NaN NaN NaN NaN NaN NaN NaN NaN NaN NaN NaN NaN NaN NaN NaN NaN NaN NaN NaN NaN NaN NaN NaN NaN NaN NaN NaN NaN NaN NaN NaN NaN NaN NaN NaN NaN NaN 
NaN NaN NaN NaN NaN NaN NaN NaN NaN NaN NaN NaN NaN NaN NaN NaN NaN NaN NaN NaN NaN NaN NaN NaN NaN NaN NaN NaN NaN NaN NaN NaN NaN NaN NaN NaN NaN NaN NaN NaN 
NaN NaN NaN NaN NaN NaN NaN NaN NaN NaN NaN NaN NaN NaN NaN NaN NaN NaN NaN NaN NaN NaN NaN NaN NaN NaN NaN NaN NaN NaN NaN NaN NaN NaN NaN NaN NaN NaN NaN NaN 
NaN NaN NaN NaN NaN NaN NaN NaN NaN NaN NaN NaN NaN NaN NaN NaN NaN NaN NaN NaN NaN NaN NaN NaN NaN NaN NaN NaN NaN NaN NaN NaN NaN NaN NaN NaN NaN NaN NaN NaN 
NaN NaN NaN NaN NaN NaN NaN NaN NaN NaN NaN NaN NaN NaN NaN NaN NaN NaN NaN NaN NaN NaN NaN NaN NaN NaN NaN NaN NaN NaN NaN NaN NaN NaN NaN NaN NaN NaN NaN NaN 
NaN NaN NaN NaN NaN NaN NaN NaN NaN NaN NaN NaN NaN NaN NaN NaN NaN NaN NaN NaN NaN NaN NaN NaN NaN NaN NaN NaN NaN NaN NaN NaN NaN NaN NaN NaN NaN NaN NaN NaN 
NaN NaN NaN NaN NaN NaN NaN NaN NaN NaN NaN NaN NaN NaN NaN NaN NaN NaN NaN NaN NaN NaN NaN NaN NaN NaN NaN NaN NaN NaN NaN NaN NaN NaN NaN NaN NaN NaN NaN NaN 
NaN NaN NaN NaN NaN NaN NaN NaN NaN NaN NaN NaN NaN NaN NaN NaN NaN NaN NaN NaN NaN NaN NaN NaN NaN NaN NaN NaN NaN NaN NaN NaN NaN NaN NaN NaN NaN NaN NaN NaN 
NaN NaN NaN NaN NaN NaN NaN NaN NaN NaN NaN NaN NaN NaN NaN NaN NaN NaN NaN NaN NaN NaN NaN NaN NaN NaN NaN NaN NaN NaN NaN NaN NaN NaN NaN NaN NaN NaN NaN NaN 
NaN NaN NaN NaN NaN NaN NaN NaN NaN NaN NaN NaN NaN NaN NaN NaN NaN NaN NaN NaN NaN NaN NaN NaN NaN NaN NaN NaN NaN NaN NaN NaN NaN NaN NaN NaN NaN NaN NaN NaN 
NaN NaN NaN NaN NaN NaN NaN NaN NaN NaN NaN NaN NaN NaN NaN NaN NaN NaN NaN NaN NaN NaN NaN NaN NaN NaN NaN NaN NaN NaN NaN NaN NaN NaN NaN NaN NaN NaN NaN NaN 
NaN NaN NaN NaN NaN NaN NaN NaN NaN NaN NaN NaN NaN NaN NaN NaN NaN NaN NaN NaN NaN NaN NaN NaN NaN NaN NaN NaN NaN NaN NaN NaN NaN NaN NaN NaN NaN NaN NaN NaN 
NaN NaN NaN NaN NaN NaN NaN NaN NaN NaN NaN NaN NaN NaN NaN NaN NaN NaN NaN NaN NaN NaN NaN NaN NaN NaN NaN NaN NaN NaN NaN NaN NaN NaN NaN NaN NaN NaN NaN NaN 
NaN NaN NaN NaN NaN NaN NaN NaN NaN NaN NaN NaN NaN NaN NaN NaN NaN NaN NaN NaN NaN NaN NaN NaN NaN NaN NaN NaN NaN NaN NaN NaN NaN NaN NaN NaN NaN NaN NaN NaN 
NaN NaN NaN NaN NaN NaN NaN NaN NaN NaN NaN NaN NaN NaN NaN NaN NaN NaN NaN NaN NaN NaN NaN NaN NaN NaN NaN NaN NaN NaN NaN NaN NaN NaN NaN NaN NaN NaN NaN NaN 
NaN NaN NaN NaN NaN NaN NaN NaN NaN NaN NaN NaN NaN NaN NaN NaN NaN NaN NaN NaN NaN NaN NaN NaN NaN NaN NaN NaN NaN NaN NaN NaN NaN NaN NaN NaN NaN NaN NaN NaN 
NaN NaN NaN NaN NaN NaN NaN NaN NaN NaN NaN NaN NaN NaN NaN NaN NaN NaN NaN NaN NaN NaN NaN NaN NaN NaN NaN NaN NaN NaN NaN NaN NaN NaN NaN NaN NaN NaN NaN NaN 
NaN NaN NaN NaN NaN NaN NaN NaN NaN NaN NaN NaN NaN NaN NaN NaN NaN NaN NaN NaN NaN NaN NaN NaN NaN NaN NaN NaN NaN NaN NaN NaN NaN NaN NaN NaN NaN NaN NaN NaN 
NaN NaN NaN NaN NaN NaN NaN NaN NaN NaN NaN NaN NaN NaN NaN NaN NaN NaN NaN NaN NaN NaN NaN NaN NaN NaN NaN NaN NaN NaN NaN NaN NaN NaN NaN NaN NaN NaN NaN NaN 
NaN NaN NaN NaN NaN NaN NaN NaN NaN NaN NaN NaN NaN NaN NaN NaN NaN NaN NaN NaN NaN NaN NaN NaN NaN NaN NaN NaN NaN NaN NaN NaN NaN NaN NaN NaN NaN NaN NaN NaN 
NaN NaN NaN NaN NaN NaN NaN NaN NaN NaN NaN NaN NaN NaN NaN NaN NaN NaN NaN NaN NaN NaN NaN NaN NaN NaN NaN NaN NaN NaN NaN NaN NaN NaN NaN NaN NaN NaN NaN NaN 
NaN NaN NaN NaN NaN NaN NaN NaN NaN NaN NaN NaN NaN NaN NaN NaN NaN NaN NaN NaN NaN NaN NaN NaN NaN NaN NaN NaN NaN NaN NaN NaN NaN NaN NaN NaN NaN NaN NaN NaN 
NaN NaN NaN NaN NaN NaN NaN NaN NaN NaN NaN NaN NaN NaN NaN NaN NaN NaN NaN NaN NaN NaN NaN NaN NaN NaN NaN NaN NaN NaN NaN NaN NaN NaN NaN NaN NaN NaN NaN NaN 
NaN NaN NaN NaN NaN NaN NaN NaN NaN NaN NaN NaN NaN NaN NaN NaN NaN NaN NaN NaN NaN NaN NaN NaN NaN NaN NaN NaN NaN NaN NaN NaN NaN NaN NaN NaN NaN NaN NaN NaN 
NaN NaN NaN NaN NaN NaN NaN NaN NaN NaN NaN NaN NaN NaN NaN NaN NaN NaN NaN NaN NaN NaN NaN NaN NaN NaN NaN NaN NaN NaN NaN NaN NaN NaN NaN NaN NaN NaN NaN NaN 
NaN NaN NaN NaN NaN NaN NaN NaN NaN NaN NaN NaN NaN NaN NaN NaN NaN NaN NaN NaN NaN NaN NaN NaN NaN NaN NaN NaN NaN NaN NaN NaN NaN NaN NaN NaN NaN NaN NaN NaN 
NaN NaN NaN NaN NaN NaN NaN NaN NaN NaN NaN NaN NaN NaN NaN NaN NaN NaN NaN NaN NaN NaN NaN NaN NaN NaN NaN NaN NaN NaN NaN NaN NaN NaN NaN NaN NaN NaN NaN NaN 
NaN NaN NaN NaN NaN NaN NaN NaN NaN NaN NaN NaN NaN NaN NaN NaN NaN NaN NaN NaN NaN NaN NaN NaN NaN NaN NaN NaN NaN NaN NaN NaN NaN NaN NaN NaN NaN NaN NaN NaN 
NaN NaN NaN NaN NaN NaN NaN NaN NaN NaN NaN NaN NaN NaN NaN NaN NaN NaN NaN NaN NaN NaN NaN NaN NaN NaN NaN NaN NaN NaN NaN NaN NaN NaN NaN NaN NaN NaN NaN NaN 
NaN NaN NaN NaN NaN NaN NaN NaN NaN NaN NaN NaN NaN NaN NaN NaN NaN NaN NaN NaN NaN NaN NaN NaN NaN NaN NaN NaN NaN NaN NaN NaN NaN NaN NaN NaN NaN NaN NaN NaN 
NaN NaN NaN NaN NaN NaN NaN NaN NaN NaN NaN NaN NaN NaN NaN NaN NaN NaN NaN NaN NaN NaN NaN NaN NaN NaN NaN NaN NaN NaN NaN NaN NaN NaN NaN NaN NaN NaN NaN NaN 
NaN NaN NaN NaN NaN NaN NaN NaN NaN NaN NaN NaN NaN NaN NaN NaN NaN NaN NaN NaN NaN NaN NaN NaN NaN NaN NaN NaN NaN NaN NaN NaN NaN NaN NaN NaN NaN NaN NaN NaN 
NaN NaN NaN NaN NaN NaN NaN NaN NaN NaN NaN NaN NaN NaN NaN NaN NaN NaN NaN NaN NaN NaN NaN NaN NaN NaN NaN NaN NaN NaN NaN NaN NaN NaN NaN NaN NaN NaN NaN NaN 
NaN NaN NaN NaN NaN NaN NaN NaN NaN NaN NaN NaN NaN NaN NaN NaN NaN NaN NaN NaN NaN NaN NaN NaN NaN NaN NaN NaN NaN NaN NaN NaN NaN NaN NaN NaN NaN NaN NaN NaN 
NaN NaN NaN NaN NaN NaN NaN NaN NaN NaN NaN NaN NaN NaN NaN NaN NaN NaN NaN NaN NaN NaN NaN NaN NaN NaN NaN NaN NaN NaN NaN NaN NaN NaN NaN NaN NaN NaN NaN NaN 
NaN NaN NaN NaN NaN NaN NaN NaN NaN NaN NaN NaN NaN NaN NaN NaN NaN NaN NaN NaN NaN NaN NaN NaN NaN NaN NaN NaN NaN NaN NaN NaN NaN NaN NaN NaN NaN NaN NaN NaN 
NaN NaN NaN NaN NaN NaN NaN NaN NaN NaN NaN NaN NaN NaN NaN NaN NaN NaN NaN NaN NaN NaN NaN NaN NaN NaN NaN NaN NaN NaN NaN NaN NaN NaN NaN NaN NaN NaN NaN NaN 
NaN NaN NaN NaN NaN NaN NaN NaN NaN NaN NaN NaN NaN NaN NaN NaN NaN NaN NaN NaN NaN NaN NaN NaN NaN NaN NaN NaN NaN NaN NaN NaN NaN NaN NaN NaN NaN NaN NaN NaN 
NaN NaN NaN NaN NaN NaN NaN NaN NaN NaN NaN NaN NaN NaN NaN NaN NaN NaN NaN NaN NaN NaN NaN NaN NaN NaN NaN NaN NaN NaN NaN NaN NaN NaN NaN NaN NaN NaN NaN NaN 
NaN NaN NaN NaN NaN NaN NaN NaN NaN NaN NaN NaN NaN NaN NaN NaN NaN NaN NaN NaN NaN NaN NaN NaN NaN NaN NaN NaN NaN NaN NaN NaN NaN NaN NaN NaN NaN NaN NaN NaN 
NaN NaN NaN NaN NaN NaN NaN NaN NaN NaN NaN NaN NaN NaN NaN NaN NaN NaN NaN NaN NaN NaN NaN NaN NaN NaN NaN NaN NaN NaN NaN NaN NaN NaN NaN NaN NaN NaN NaN NaN 
NaN NaN NaN NaN NaN NaN NaN NaN NaN NaN NaN NaN NaN NaN NaN NaN NaN NaN NaN NaN NaN NaN NaN NaN NaN NaN NaN NaN NaN NaN NaN NaN NaN NaN NaN NaN NaN NaN NaN NaN 
NaN NaN NaN NaN NaN NaN NaN NaN NaN NaN NaN NaN NaN NaN NaN NaN NaN NaN NaN NaN NaN NaN NaN NaN NaN NaN NaN NaN NaN NaN NaN NaN NaN NaN NaN NaN NaN NaN NaN NaN 
NaN NaN NaN NaN NaN NaN NaN NaN NaN NaN NaN NaN NaN NaN NaN NaN NaN NaN NaN NaN NaN NaN NaN NaN NaN NaN NaN NaN NaN NaN NaN NaN NaN NaN NaN NaN NaN NaN NaN NaN 
NaN NaN NaN NaN NaN NaN NaN NaN NaN NaN NaN NaN NaN NaN NaN NaN NaN NaN NaN NaN NaN NaN NaN NaN NaN NaN NaN NaN NaN NaN NaN NaN NaN NaN NaN NaN NaN NaN NaN NaN 
NaN NaN NaN NaN NaN NaN NaN NaN NaN NaN NaN NaN NaN NaN NaN NaN NaN NaN NaN NaN NaN NaN NaN NaN NaN NaN NaN NaN NaN NaN NaN NaN NaN NaN NaN NaN NaN NaN NaN NaN 
NaN NaN NaN NaN NaN NaN NaN NaN NaN NaN NaN NaN NaN NaN NaN NaN NaN NaN NaN NaN NaN NaN NaN NaN NaN NaN NaN NaN NaN NaN NaN NaN NaN NaN NaN NaN NaN NaN NaN NaN 
NaN NaN NaN NaN NaN NaN NaN NaN NaN NaN NaN NaN NaN NaN NaN NaN NaN NaN NaN NaN NaN NaN NaN NaN NaN NaN NaN NaN NaN NaN NaN NaN NaN NaN NaN NaN NaN NaN NaN NaN 
