NaN NaN NaN NaN NaN NaN NaN NaN NaN NaN NaN NaN NaN NaN NaN NaN NaN NaN NaN NaN NaN NaN NaN NaN NaN NaN NaN NaN NaN NaN NaN NaN NaN NaN NaN NaN NaN NaN NaN NaN 
NaN NaN NaN NaN NaN NaN NaN NaN NaN NaN NaN NaN NaN NaN NaN NaN NaN NaN NaN NaN NaN NaN NaN NaN NaN NaN NaN NaN NaN NaN NaN NaN NaN NaN NaN NaN NaN NaN NaN NaN 
NaN NaN NaN NaN NaN NaN NaN NaN NaN NaN NaN NaN NaN NaN NaN NaN NaN NaN NaN NaN NaN NaN NaN NaN NaN NaN NaN NaN NaN NaN NaN NaN NaN NaN NaN NaN NaN NaN NaN NaN 
NaN NaN NaN NaN NaN NaN NaN NaN NaN NaN NaN NaN NaN NaN NaN NaN NaN NaN NaN NaN NaN NaN NaN NaN NaN NaN NaN NaN NaN NaN NaN NaN NaN NaN NaN NaN NaN NaN NaN NaN 
NaN NaN NaN NaN NaN NaN NaN NaN NaN NaN NaN NaN NaN NaN NaN NaN NaN NaN NaN NaN NaN NaN NaN NaN NaN NaN NaN NaN NaN NaN NaN NaN NaN NaN NaN NaN NaN NaN NaN NaN 
NaN NaN NaN NaN NaN NaN NaN NaN NaN NaN NaN NaN NaN NaN NaN NaN NaN NaN NaN NaN NaN NaN NaN NaN NaN NaN NaN NaN NaN NaN NaN NaN NaN NaN NaN NaN NaN NaN NaN NaN 
NaN NaN NaN NaN NaN NaN NaN NaN NaN NaN NaN NaN NaN NaN NaN NaN NaN NaN NaN NaN NaN NaN NaN NaN NaN NaN NaN NaN NaN NaN NaN NaN NaN NaN NaN NaN NaN NaN NaN NaN 
NaN NaN NaN NaN NaN NaN NaN NaN NaN NaN NaN NaN NaN NaN NaN NaN NaN NaN NaN NaN NaN NaN NaN NaN NaN NaN NaN NaN NaN NaN NaN NaN NaN NaN NaN NaN NaN NaN NaN NaN 
NaN NaN NaN NaN NaN NaN NaN NaN NaN NaN NaN NaN NaN NaN NaN NaN NaN NaN NaN NaN NaN NaN NaN NaN NaN NaN NaN NaN NaN NaN NaN NaN NaN NaN NaN NaN NaN NaN NaN NaN 
NaN NaN NaN NaN NaN NaN NaN NaN NaN NaN NaN NaN NaN NaN NaN NaN NaN NaN NaN NaN NaN NaN NaN NaN NaN NaN NaN NaN NaN NaN NaN NaN NaN NaN NaN NaN NaN NaN NaN NaN 
NaN NaN NaN NaN NaN NaN NaN NaN NaN NaN NaN NaN NaN NaN NaN NaN NaN NaN NaN NaN NaN NaN NaN NaN NaN NaN NaN NaN NaN NaN NaN NaN NaN NaN NaN NaN NaN NaN NaN NaN 
NaN NaN NaN NaN NaN NaN NaN NaN NaN NaN NaN NaN NaN NaN NaN NaN NaN NaN NaN NaN NaN NaN NaN NaN NaN NaN NaN NaN NaN NaN NaN NaN NaN NaN NaN NaN NaN NaN NaN NaN 
NaN NaN NaN NaN NaN NaN NaN NaN NaN NaN NaN NaN NaN NaN NaN NaN NaN NaN NaN NaN NaN NaN NaN NaN NaN NaN NaN NaN NaN NaN NaN NaN NaN NaN NaN NaN NaN NaN NaN NaN 
NaN NaN NaN NaN NaN NaN NaN NaN NaN NaN NaN NaN NaN NaN NaN NaN NaN NaN NaN NaN NaN NaN NaN NaN NaN NaN NaN NaN NaN NaN NaN NaN NaN NaN NaN NaN NaN NaN NaN NaN 
NaN NaN NaN NaN NaN NaN NaN NaN NaN NaN NaN NaN NaN NaN NaN NaN NaN NaN NaN NaN NaN NaN NaN NaN NaN NaN NaN NaN NaN NaN NaN NaN NaN NaN NaN NaN NaN NaN NaN NaN 
NaN NaN NaN NaN NaN NaN NaN NaN NaN NaN NaN NaN NaN NaN NaN NaN NaN NaN NaN NaN NaN NaN NaN NaN NaN NaN NaN NaN NaN NaN NaN NaN NaN NaN NaN NaN NaN NaN NaN NaN 
NaN NaN NaN NaN NaN NaN NaN NaN NaN NaN NaN NaN NaN NaN NaN NaN NaN NaN NaN NaN NaN NaN NaN NaN NaN NaN NaN NaN NaN NaN NaN NaN NaN NaN NaN NaN NaN NaN NaN NaN 
NaN NaN NaN NaN NaN NaN NaN NaN NaN NaN NaN NaN NaN NaN NaN NaN NaN NaN NaN NaN NaN NaN NaN NaN NaN NaN NaN NaN NaN NaN NaN NaN NaN NaN NaN NaN NaN NaN NaN NaN 
NaN NaN NaN NaN NaN NaN NaN NaN NaN NaN NaN NaN NaN NaN NaN NaN NaN NaN NaN NaN NaN NaN NaN NaN NaN NaN NaN NaN NaN NaN NaN NaN NaN NaN NaN NaN NaN NaN NaN NaN 
NaN NaN NaN NaN NaN NaN NaN NaN NaN NaN NaN NaN NaN NaN NaN NaN NaN NaN NaN NaN NaN NaN NaN NaN NaN NaN NaN NaN NaN NaN NaN NaN NaN NaN NaN NaN NaN NaN NaN NaN 
NaN NaN NaN NaN NaN NaN NaN NaN NaN NaN NaN NaN NaN NaN NaN NaN NaN NaN NaN NaN NaN NaN NaN NaN NaN NaN NaN NaN NaN NaN NaN NaN NaN NaN NaN NaN NaN NaN NaN NaN 
NaN NaN NaN NaN NaN NaN NaN NaN NaN NaN NaN NaN NaN NaN NaN NaN NaN NaN NaN NaN NaN NaN NaN NaN NaN NaN NaN NaN NaN NaN NaN NaN NaN NaN NaN NaN NaN NaN NaN NaN 
NaN NaN NaN NaN NaN NaN NaN NaN NaN NaN NaN NaN NaN NaN NaN NaN NaN NaN NaN NaN NaN NaN NaN NaN NaN NaN NaN NaN NaN NaN NaN NaN NaN NaN NaN NaN NaN NaN NaN NaN 
NaN NaN NaN NaN NaN NaN NaN NaN NaN NaN NaN NaN NaN NaN NaN NaN NaN NaN NaN NaN NaN NaN NaN NaN NaN NaN NaN NaN NaN NaN NaN NaN NaN NaN NaN NaN NaN NaN NaN NaN 
NaN NaN NaN NaN NaN NaN NaN NaN NaN NaN NaN NaN NaN NaN NaN NaN NaN NaN NaN NaN NaN NaN NaN NaN NaN NaN NaN NaN NaN NaN NaN NaN NaN NaN NaN NaN NaN NaN NaN NaN 
NaN NaN NaN NaN NaN NaN NaN NaN NaN NaN NaN NaN NaN NaN NaN NaN NaN NaN NaN NaN NaN NaN NaN NaN NaN NaN NaN NaN NaN NaN NaN NaN NaN NaN NaN NaN NaN NaN NaN NaN 
NaN NaN NaN NaN NaN NaN NaN NaN NaN NaN NaN NaN NaN NaN NaN NaN NaN NaN NaN NaN NaN NaN NaN NaN NaN NaN NaN NaN NaN NaN NaN NaN NaN NaN NaN NaN NaN NaN NaN NaN 
NaN NaN NaN NaN NaN NaN NaN NaN NaN NaN NaN NaN NaN NaN NaN NaN NaN NaN NaN NaN NaN NaN NaN NaN NaN NaN NaN NaN NaN NaN NaN NaN NaN NaN NaN NaN NaN NaN NaN NaN 
NaN NaN NaN NaN NaN NaN NaN NaN NaN NaN NaN NaN NaN NaN NaN NaN NaN NaN NaN NaN NaN NaN NaN NaN NaN NaN NaN NaN NaN NaN NaN NaN NaN NaN NaN NaN NaN NaN NaN NaN 
NaN NaN NaN NaN NaN NaN NaN NaN NaN NaN NaN NaN NaN NaN NaN NaN NaN NaN NaN NaN NaN NaN NaN NaN NaN NaN NaN NaN NaN NaN NaN NaN NaN NaN NaN NaN NaN NaN NaN NaN 
NaN NaN NaN NaN NaN NaN NaN NaN NaN NaN NaN NaN NaN NaN NaN NaN NaN NaN NaN NaN NaN NaN NaN NaN NaN NaN NaN NaN NaN NaN NaN NaN NaN NaN NaN NaN NaN NaN NaN NaN 
NaN NaN NaN NaN NaN NaN NaN NaN NaN NaN NaN NaN NaN NaN NaN NaN NaN NaN NaN NaN NaN NaN NaN NaN NaN NaN NaN NaN NaN NaN NaN NaN NaN NaN NaN NaN NaN NaN NaN NaN 
NaN NaN NaN NaN NaN NaN NaN NaN NaN NaN NaN NaN NaN NaN NaN NaN NaN NaN NaN NaN NaN NaN NaN NaN NaN NaN NaN NaN NaN NaN NaN NaN NaN NaN NaN NaN NaN NaN NaN NaN 
NaN NaN NaN NaN NaN NaN NaN NaN NaN NaN NaN NaN NaN NaN NaN NaN NaN NaN NaN NaN NaN NaN NaN NaN NaN NaN NaN NaN NaN NaN NaN NaN NaN NaN NaN NaN NaN NaN NaN NaN 
NaN NaN NaN NaN NaN NaN NaN NaN NaN NaN NaN NaN NaN NaN NaN NaN NaN NaN NaN NaN NaN NaN NaN NaN NaN NaN NaN NaN NaN NaN NaN NaN NaN NaN NaN NaN NaN NaN NaN NaN 
NaN NaN NaN NaN NaN NaN NaN NaN NaN NaN NaN NaN NaN NaN NaN NaN NaN NaN NaN NaN NaN NaN NaN NaN NaN NaN NaN NaN NaN NaN NaN NaN NaN NaN NaN NaN NaN NaN NaN NaN 
NaN NaN NaN NaN NaN NaN NaN NaN NaN NaN NaN NaN NaN NaN NaN NaN NaN NaN NaN NaN NaN NaN NaN NaN NaN NaN NaN NaN NaN NaN NaN NaN NaN NaN NaN NaN NaN NaN NaN NaN 
NaN NaN NaN NaN NaN NaN NaN NaN NaN NaN NaN NaN NaN NaN NaN NaN NaN NaN NaN NaN NaN NaN NaN NaN NaN NaN NaN NaN NaN NaN NaN NaN NaN NaN NaN NaN NaN NaN NaN NaN 
NaN NaN NaN NaN NaN NaN NaN NaN NaN NaN NaN NaN NaN NaN NaN NaN NaN NaN NaN NaN NaN NaN NaN NaN NaN NaN NaN NaN NaN NaN NaN NaN NaN NaN NaN NaN NaN NaN NaN NaN 
NaN NaN NaN NaN NaN NaN NaN NaN NaN NaN NaN NaN NaN NaN NaN NaN NaN NaN NaN NaN NaN NaN NaN NaN NaN NaN NaN NaN NaN NaN NaN NaN NaN NaN NaN NaN NaN NaN NaN NaN 
NaN NaN NaN NaN NaN NaN NaN NaN NaN NaN NaN NaN NaN NaN NaN NaN NaN NaN NaN NaN NaN NaN NaN NaN NaN NaN NaN NaN NaN NaN NaN NaN NaN NaN NaN NaN NaN NaN NaN NaN 
NaN NaN NaN NaN NaN NaN NaN NaN NaN NaN NaN NaN NaN NaN NaN NaN NaN NaN NaN NaN NaN NaN NaN NaN NaN NaN NaN NaN NaN NaN NaN NaN NaN NaN NaN NaN NaN NaN NaN NaN 
NaN NaN NaN NaN NaN NaN NaN NaN NaN NaN NaN NaN NaN NaN NaN NaN NaN NaN NaN NaN NaN NaN NaN NaN NaN NaN NaN NaN NaN NaN NaN NaN NaN NaN NaN NaN NaN NaN NaN NaN 
NaN NaN NaN NaN NaN NaN NaN NaN NaN NaN NaN NaN NaN NaN NaN NaN NaN NaN NaN NaN NaN NaN NaN NaN NaN NaN NaN NaN NaN NaN NaN NaN NaN NaN NaN NaN NaN NaN NaN NaN 
NaN NaN NaN NaN NaN NaN NaN NaN NaN NaN NaN NaN NaN NaN NaN NaN NaN NaN NaN NaN NaN NaN NaN NaN NaN NaN NaN NaN NaN NaN NaN NaN NaN NaN NaN NaN NaN NaN NaN NaN 
NaN NaN NaN NaN NaN NaN NaN NaN NaN NaN NaN NaN NaN NaN NaN NaN NaN NaN NaN NaN NaN NaN NaN NaN NaN NaN NaN NaN NaN NaN NaN NaN NaN NaN NaN NaN NaN NaN NaN NaN 
NaN NaN NaN NaN NaN NaN NaN NaN NaN NaN NaN NaN NaN NaN NaN NaN NaN NaN NaN NaN NaN NaN NaN NaN NaN NaN NaN NaN NaN NaN NaN NaN NaN NaN NaN NaN NaN NaN NaN NaN 
NaN NaN NaN NaN NaN NaN NaN NaN NaN NaN NaN NaN NaN NaN NaN NaN NaN NaN NaN NaN NaN NaN NaN NaN NaN NaN NaN NaN NaN NaN NaN NaN NaN NaN NaN NaN NaN NaN NaN NaN 
NaN NaN NaN NaN NaN NaN NaN NaN NaN NaN NaN NaN NaN NaN NaN NaN NaN NaN NaN NaN NaN NaN NaN NaN NaN NaN NaN NaN NaN NaN NaN NaN NaN NaN NaN NaN NaN NaN NaN NaN 
NaN NaN NaN NaN NaN NaN NaN NaN NaN NaN NaN NaN NaN NaN NaN NaN NaN NaN NaN NaN NaN NaN NaN NaN NaN NaN NaN NaN NaN NaN NaN NaN NaN NaN NaN NaN NaN NaN NaN NaN 
NaN NaN NaN NaN NaN NaN NaN NaN NaN NaN NaN NaN NaN NaN NaN NaN NaN NaN NaN NaN NaN NaN NaN NaN NaN NaN NaN NaN NaN NaN NaN NaN NaN NaN NaN NaN NaN NaN NaN NaN 
NaN NaN NaN NaN NaN NaN NaN NaN NaN NaN NaN NaN NaN NaN NaN NaN NaN NaN NaN NaN NaN NaN NaN NaN NaN NaN NaN NaN NaN NaN NaN NaN NaN NaN NaN NaN NaN NaN NaN NaN 
NaN NaN NaN NaN NaN NaN NaN NaN NaN NaN NaN NaN NaN NaN NaN NaN NaN NaN NaN NaN NaN NaN NaN NaN NaN NaN NaN NaN NaN NaN NaN NaN NaN NaN NaN NaN NaN NaN NaN NaN 
NaN NaN NaN NaN NaN NaN NaN NaN NaN NaN NaN NaN NaN NaN NaN NaN NaN NaN NaN NaN NaN NaN NaN NaN NaN NaN NaN NaN NaN NaN NaN NaN NaN NaN NaN NaN NaN NaN NaN NaN 
NaN NaN NaN NaN NaN NaN NaN NaN NaN NaN NaN NaN NaN NaN NaN NaN NaN NaN NaN NaN NaN NaN NaN NaN NaN NaN NaN NaN NaN NaN NaN NaN NaN NaN NaN NaN NaN NaN NaN NaN 
NaN NaN NaN NaN NaN NaN NaN NaN NaN NaN NaN NaN NaN NaN NaN NaN NaN NaN NaN NaN NaN NaN NaN NaN NaN NaN NaN NaN NaN NaN NaN NaN NaN NaN NaN NaN NaN NaN NaN NaN 
NaN NaN NaN NaN NaN NaN NaN NaN NaN NaN NaN NaN NaN NaN NaN NaN NaN NaN NaN NaN NaN NaN NaN NaN NaN NaN NaN NaN NaN NaN NaN NaN NaN NaN NaN NaN NaN NaN NaN NaN 
NaN NaN NaN NaN NaN NaN NaN NaN NaN NaN NaN NaN NaN NaN NaN NaN NaN NaN NaN NaN NaN NaN NaN NaN NaN NaN NaN NaN NaN NaN NaN NaN NaN NaN NaN NaN NaN NaN NaN NaN 
NaN NaN NaN NaN NaN NaN NaN NaN NaN NaN NaN NaN NaN NaN NaN NaN NaN NaN NaN NaN NaN NaN NaN NaN NaN NaN NaN NaN NaN NaN NaN NaN NaN NaN NaN NaN NaN NaN NaN NaN 
NaN NaN NaN NaN NaN NaN NaN NaN NaN NaN NaN NaN NaN NaN NaN NaN NaN NaN NaN NaN NaN NaN NaN NaN NaN NaN NaN NaN NaN NaN NaN NaN NaN NaN NaN NaN NaN NaN NaN NaN 
NaN NaN NaN NaN NaN NaN NaN NaN NaN NaN NaN NaN NaN NaN NaN NaN NaN NaN NaN NaN NaN NaN NaN NaN NaN NaN NaN NaN NaN NaN NaN NaN NaN NaN NaN NaN NaN NaN NaN NaN 
NaN NaN NaN NaN NaN NaN NaN NaN NaN NaN NaN NaN NaN NaN NaN NaN NaN NaN NaN NaN NaN NaN NaN NaN NaN NaN NaN NaN NaN NaN NaN NaN NaN NaN NaN NaN NaN NaN NaN NaN 
NaN NaN NaN NaN NaN NaN NaN NaN NaN NaN NaN NaN NaN NaN NaN NaN NaN NaN NaN NaN NaN NaN NaN NaN NaN NaN NaN NaN NaN NaN NaN NaN NaN NaN NaN NaN NaN NaN NaN NaN 
NaN NaN NaN NaN NaN NaN NaN NaN NaN NaN NaN NaN NaN NaN NaN NaN NaN NaN NaN NaN NaN NaN NaN NaN NaN NaN NaN NaN NaN NaN NaN NaN NaN NaN NaN NaN NaN NaN NaN NaN 
NaN NaN NaN NaN NaN NaN NaN NaN NaN NaN NaN NaN NaN NaN NaN NaN NaN NaN NaN NaN NaN NaN NaN NaN NaN NaN NaN NaN NaN NaN NaN NaN NaN NaN NaN NaN NaN NaN NaN NaN 
NaN NaN NaN NaN NaN NaN NaN NaN NaN NaN NaN NaN NaN NaN NaN NaN NaN NaN NaN NaN NaN NaN NaN NaN NaN NaN NaN NaN NaN NaN NaN NaN NaN NaN NaN NaN NaN NaN NaN NaN 
NaN NaN NaN NaN NaN NaN NaN NaN NaN NaN NaN NaN NaN NaN NaN NaN NaN NaN NaN NaN NaN NaN NaN NaN NaN NaN NaN NaN NaN NaN NaN NaN NaN NaN NaN NaN NaN NaN NaN NaN 
NaN NaN NaN NaN NaN NaN NaN NaN NaN NaN NaN NaN NaN NaN NaN NaN NaN NaN NaN NaN NaN NaN NaN NaN NaN NaN NaN NaN NaN NaN NaN NaN NaN NaN NaN NaN NaN NaN NaN NaN 
NaN NaN NaN NaN NaN NaN NaN NaN NaN NaN NaN NaN NaN NaN NaN NaN NaN NaN NaN NaN NaN NaN NaN NaN NaN NaN NaN NaN NaN NaN NaN NaN NaN NaN NaN NaN NaN NaN NaN NaN 
NaN NaN NaN NaN NaN NaN NaN NaN NaN NaN NaN NaN NaN NaN NaN NaN NaN NaN NaN NaN NaN NaN NaN NaN NaN NaN NaN NaN NaN NaN NaN NaN NaN NaN NaN NaN NaN NaN NaN NaN 
NaN NaN NaN NaN NaN NaN NaN NaN NaN NaN NaN NaN NaN NaN NaN NaN NaN NaN NaN NaN NaN NaN NaN NaN NaN NaN NaN NaN NaN NaN NaN NaN NaN NaN NaN NaN NaN NaN NaN NaN 
NaN NaN NaN NaN NaN NaN NaN NaN NaN NaN NaN NaN NaN NaN NaN NaN NaN NaN NaN NaN NaN NaN NaN NaN NaN NaN NaN NaN NaN NaN NaN NaN NaN NaN NaN NaN NaN NaN NaN NaN 
NaN NaN NaN NaN NaN NaN NaN NaN NaN NaN NaN NaN NaN NaN NaN NaN NaN NaN NaN NaN NaN NaN NaN NaN NaN NaN NaN NaN NaN NaN NaN NaN NaN NaN NaN NaN NaN NaN NaN NaN 
NaN NaN NaN NaN NaN NaN NaN NaN NaN NaN NaN NaN NaN NaN NaN NaN NaN NaN NaN NaN NaN NaN NaN NaN NaN NaN NaN NaN NaN NaN NaN NaN NaN NaN NaN NaN NaN NaN NaN NaN 
NaN NaN NaN NaN NaN NaN NaN NaN NaN NaN NaN NaN NaN NaN NaN NaN NaN NaN NaN NaN NaN NaN NaN NaN NaN NaN NaN NaN NaN NaN NaN NaN NaN NaN NaN NaN NaN NaN NaN NaN 
NaN NaN NaN NaN NaN NaN NaN NaN NaN NaN NaN NaN NaN NaN NaN NaN NaN NaN NaN NaN NaN NaN NaN NaN NaN NaN NaN NaN NaN NaN NaN NaN NaN NaN NaN NaN NaN NaN NaN NaN 
NaN NaN NaN NaN NaN NaN NaN NaN NaN NaN NaN NaN NaN NaN NaN NaN NaN NaN NaN NaN NaN NaN NaN NaN NaN NaN NaN NaN NaN NaN NaN NaN NaN NaN NaN NaN NaN NaN NaN NaN 
NaN NaN NaN NaN NaN NaN NaN NaN NaN NaN NaN NaN NaN NaN NaN NaN NaN NaN NaN NaN NaN NaN NaN NaN NaN NaN NaN NaN NaN NaN NaN NaN NaN NaN NaN NaN NaN NaN NaN NaN 
NaN NaN NaN NaN NaN NaN NaN NaN NaN NaN NaN NaN NaN NaN NaN NaN NaN NaN NaN NaN NaN NaN NaN NaN NaN NaN NaN NaN NaN NaN NaN NaN NaN NaN NaN NaN NaN NaN NaN NaN 
NaN NaN NaN NaN NaN NaN NaN NaN NaN NaN NaN NaN NaN NaN NaN NaN NaN NaN NaN NaN NaN NaN NaN NaN NaN NaN NaN NaN NaN NaN NaN NaN NaN NaN NaN NaN NaN NaN NaN NaN 
NaN NaN NaN NaN NaN NaN NaN NaN NaN NaN NaN NaN NaN NaN NaN NaN NaN NaN NaN NaN NaN NaN NaN NaN NaN NaN NaN NaN NaN NaN NaN NaN NaN NaN NaN NaN NaN NaN NaN NaN 
NaN NaN NaN NaN NaN NaN NaN NaN NaN NaN NaN NaN NaN NaN NaN NaN NaN NaN NaN NaN NaN NaN NaN NaN NaN NaN NaN NaN NaN NaN NaN NaN NaN NaN NaN NaN NaN NaN NaN NaN 
NaN NaN NaN NaN NaN NaN NaN NaN NaN NaN NaN NaN NaN NaN NaN NaN NaN NaN NaN NaN NaN NaN NaN NaN NaN NaN NaN NaN NaN NaN NaN NaN NaN NaN NaN NaN NaN NaN NaN NaN 
NaN NaN NaN NaN NaN NaN NaN NaN NaN NaN NaN NaN NaN NaN NaN NaN NaN NaN NaN NaN NaN NaN NaN NaN NaN NaN NaN NaN NaN NaN NaN NaN NaN NaN NaN NaN NaN NaN NaN NaN 
NaN NaN NaN NaN NaN NaN NaN NaN NaN NaN NaN NaN NaN NaN NaN NaN NaN NaN NaN NaN NaN NaN NaN NaN NaN NaN NaN NaN NaN NaN NaN NaN NaN NaN NaN NaN NaN NaN NaN NaN 
NaN NaN NaN NaN NaN NaN NaN NaN NaN NaN NaN NaN NaN NaN NaN NaN NaN NaN NaN NaN NaN NaN NaN NaN NaN NaN NaN NaN NaN NaN NaN NaN NaN NaN NaN NaN NaN NaN NaN NaN 
NaN NaN NaN NaN NaN NaN NaN NaN NaN NaN NaN NaN NaN NaN NaN NaN NaN NaN NaN NaN NaN NaN NaN NaN NaN NaN NaN NaN NaN NaN NaN NaN NaN NaN NaN NaN NaN NaN NaN NaN 
NaN NaN NaN NaN NaN NaN NaN NaN NaN NaN NaN NaN NaN NaN NaN NaN NaN NaN NaN NaN NaN NaN NaN NaN NaN NaN NaN NaN NaN NaN NaN NaN NaN NaN NaN NaN NaN NaN NaN NaN 
NaN NaN NaN NaN NaN NaN NaN NaN NaN NaN NaN NaN NaN NaN NaN NaN NaN NaN NaN NaN NaN NaN NaN NaN NaN NaN NaN NaN NaN NaN NaN NaN NaN NaN NaN NaN NaN NaN NaN NaN 
NaN NaN NaN NaN NaN NaN NaN NaN NaN NaN NaN NaN NaN NaN NaN NaN NaN NaN NaN NaN NaN NaN NaN NaN NaN NaN NaN NaN NaN NaN NaN NaN NaN NaN NaN NaN NaN NaN NaN NaN 
NaN NaN NaN NaN NaN NaN NaN NaN NaN NaN NaN NaN NaN NaN NaN NaN NaN NaN NaN NaN NaN NaN NaN NaN NaN NaN NaN NaN NaN NaN NaN NaN NaN NaN NaN NaN NaN NaN NaN NaN 
NaN NaN NaN NaN NaN NaN NaN NaN NaN NaN NaN NaN NaN NaN NaN NaN NaN NaN NaN NaN NaN NaN NaN NaN NaN NaN NaN NaN NaN NaN NaN NaN NaN NaN NaN NaN NaN NaN NaN NaN 
NaN NaN NaN NaN NaN NaN NaN NaN NaN NaN NaN NaN NaN NaN NaN NaN NaN NaN NaN NaN NaN NaN NaN NaN NaN NaN NaN NaN NaN NaN NaN NaN NaN NaN NaN NaN NaN NaN NaN NaN 
-97.450134 -97.553225 -97.725455 -98.017704 -98.417810 -98.984935 -99.687348 -100.599292 -101.809460 -103.186966 -104.589518 -105.544622 -105.416811 -104.285261 -102.846004 -101.621212 -100.777721 -100.424317 -100.615228 -101.419684 -102.957338 -105.388329 -108.745986 -112.701474 -116.084709 -118.823951 -118.960780 -114.660913 -111.640486 -110.658042 -109.793272 -107.830632 -106.719375 -107.252404 -107.433809 -107.434232 -109.588279 -108.990380 -108.557140 -111.578113 
-65.942643 -72.010012 -78.047146 -79.460854 -82.261199 -81.941414 -77.886676 -77.531100 -78.771164 -77.533771 -82.682636 -88.036720 -84.833546 -84.524700 -82.985061 -80.808214 -77.568017 -83.320512 -80.184001 -77.931659 -81.718485 -79.139626 -82.024754 -78.340351 -82.351464 -85.058378 -79.744109 -80.519360 -84.307361 -87.861075 -86.446309 -83.071374 -82.835501 -81.756602 -79.154646 -80.075186 -84.397966 -81.004657 -82.032754 -87.242042 
-63.370084 -80.797025 -87.209090 -79.809247 -76.869068 -80.495522 -86.062795 -76.590075 -81.017042 -77.631888 -76.077880 -76.773567 -81.541178 -77.586750 -76.765525 -78.324721 -76.405312 -75.349611 -74.353458 -78.023031 -80.044252 -76.824814 -77.330919 -73.241074 -75.076466 -77.656811 -76.947557 -79.694984 -75.548761 -78.288166 -75.748183 -76.376582 -80.103873 -77.526238 -77.192462 -75.999880 -81.004854 -81.766506 -76.318463 -78.523910 
-63.600712 -77.067595 -81.831710 -79.445746 -77.589970 -83.282676 -73.702122 -72.213936 -74.715344 -74.475480 -69.193186 -75.485614 -75.893923 -73.664731 -73.247153 -77.408516 -74.898802 -72.726124 -74.349322 -72.117373 -72.300325 -70.586609 -72.916165 -78.243695 -74.221847 -77.064140 -72.633776 -74.066721 -71.866439 -75.476334 -77.367728 -78.029237 -76.425883 -74.479832 -75.791576 -76.948493 -77.124880 -76.932620 -74.861640 -77.574211 
-57.435597 -60.022709 -58.646277 -56.285149 -56.427294 -58.247885 -60.954088 -62.630310 -63.161558 -64.415778 -61.919643 -66.687047 -66.510436 -65.769287 -66.336948 -71.093354 -69.491152 -69.347718 -73.099184 -71.005034 -70.316558 -69.833654 -73.742340 -71.793170 -73.605799 -74.565404 -72.777043 -74.192182 -72.119976 -74.636059 -75.259323 -74.136435 -73.664096 -72.380832 -74.964418 -75.599669 -73.063498 -73.194720 -72.229605 -77.469250 
-28.172686 -29.665735 -33.546376 -38.930379 -43.992279 -45.941364 -46.991693 -47.653159 -49.350723 -49.969222 -50.832462 -52.884240 -53.344374 -54.064754 -55.503525 -55.527711 -57.185930 -57.499706 -59.284523 -59.121298 -62.140943 -63.803974 -63.161251 -65.212257 -64.561952 -63.528002 -65.127558 -65.764824 -63.208861 -65.501769 -67.224442 -69.251807 -67.541658 -66.414010 -68.102157 -71.067649 -70.932226 -69.317627 -70.984959 -72.291980 
-28.963340 -31.809939 -40.550175 -51.924647 -54.003599 -55.021670 -60.214215 -63.466600 -62.095239 -58.492607 -57.583038 -56.193779 -57.084011 -61.870849 -63.618756 -59.319427 -64.907638 -66.191623 -68.040382 -64.829748 -65.307586 -66.979244 -71.407476 -70.393030 -68.247054 -69.079306 -70.684035 -70.099699 -68.715927 -69.562460 -71.583372 -70.523265 -69.269097 -69.088638 -72.232097 -71.273386 -72.584985 -74.213977 -73.012797 -72.407827 
-28.945042 -34.751924 -43.091814 -56.002895 -58.253294 -62.304093 -59.071606 -61.533464 -62.340925 -61.351090 -66.459550 -56.832652 -56.544921 -62.443732 -62.623477 -64.154420 -62.951011 -65.663827 -63.609896 -63.244561 -70.833056 -68.246321 -67.408860 -68.177199 -67.348298 -72.711301 -73.823372 -71.030984 -73.241764 -69.369813 -70.009415 -72.768927 -68.737296 -69.317522 -68.878672 -69.205675 -69.401206 -70.665102 -72.678977 -73.155807 
-25.370857 -35.185666 -44.473602 -51.990125 -53.784073 -57.105773 -61.228282 -63.929543 -63.939204 -66.707013 -58.039390 -56.112986 -57.682780 -59.611836 -64.153021 -68.034135 -62.846375 -68.693242 -64.642176 -67.404254 -70.105408 -63.913905 -64.670620 -65.173760 -67.351143 -74.193305 -68.294223 -70.294204 -70.560440 -66.956249 -69.867811 -69.669155 -69.173319 -70.168616 -68.857673 -69.942892 -70.193583 -72.527891 -70.508539 -72.290388 
-25.120570 -38.135734 -44.428304 -45.169426 -56.207536 -57.108158 -55.327866 -60.908956 -63.675890 -62.712434 -65.284396 -60.976480 -62.534210 -73.510175 -68.602754 -62.670317 -67.375208 -69.862029 -64.653160 -64.451357 -66.796838 -66.776176 -66.821143 -66.378009 -67.808431 -71.009556 -65.204967 -66.489284 -69.239428 -65.824376 -68.078253 -68.925115 -69.899856 -68.829492 -67.641845 -66.051568 -71.222363 -71.959525 -72.509080 -71.180717 
-25.873101 -20.250446 -22.941143 -27.828945 -29.945788 -28.986151 -29.844466 -30.001124 -32.856175 -42.220208 -46.200870 -44.052004 -41.424261 -43.945769 -45.541971 -45.706631 -47.041806 -43.894159 -40.252740 -41.444339 -40.405419 -41.394615 -44.340406 -38.729451 -42.438704 -45.943640 -49.389863 -47.383836 -42.034427 -47.107600 -52.947938 -52.064264 -55.545035 -49.437610 -49.022557 -52.626787 -52.227595 -51.706479 -53.922087 -54.505960 
-2.762751 -1.589825 2.861433 0.869773 -10.428027 -10.880657 -4.853541 -10.568424 -12.926665 -17.655793 -19.902790 -20.864242 -22.531772 -23.952242 -25.225818 -23.852600 -21.624256 -18.686998 -17.676302 -20.333901 -22.351014 -23.850431 -25.947261 -20.746778 -22.761874 -28.998660 -32.800124 -29.665149 -22.780879 -30.674427 -37.122745 -40.417399 -37.431047 -33.526004 -34.620626 -37.763700 -35.656247 -34.850625 -41.942044 -41.880713 
1.914005 7.284354 9.288679 10.205778 6.737627 3.383370 7.616835 11.936338 11.051890 5.576037 -3.918886 -5.502349 -4.796947 -4.487006 -6.396358 -6.916732 -5.598478 -0.343910 2.991649 -2.261696 -7.190420 -10.838288 -9.838258 -3.825547 -5.638697 -13.533838 -17.425366 -15.033944 -11.865949 -22.978657 -27.146162 -34.438490 -43.104552 -43.635649 -43.056121 -44.762853 -45.287519 -43.894388 -47.874429 -48.382743 
-5.145290 7.988786 7.347609 7.952201 8.476670 5.305700 6.175039 14.043188 13.991525 16.434170 5.451698 -0.272831 -2.125514 -1.140726 -3.348766 -3.793753 -3.761197 1.125288 5.715167 2.197745 -3.418777 -6.461865 -6.851202 0.517119 0.822363 -7.304547 -10.163540 -8.185907 -7.467122 -16.715511 -22.979343 -35.823180 -44.969654 -53.715982 -53.621922 -54.682691 -55.639959 -55.762398 -55.893492 -56.007534 
-4.814001 7.217955 5.651106 6.894047 6.766922 4.338224 4.556451 8.791456 11.711673 19.724318 11.455218 3.089390 3.977577 1.921358 0.116196 1.087322 0.332630 5.096662 9.422188 4.927998 -1.360721 -2.907059 -3.763766 2.982411 4.739447 -2.024572 -6.892756 -4.500446 -2.720514 -10.611036 -20.768125 -27.639206 -32.251731 -51.128079 -63.691096 -66.579407 -66.917256 -65.798774 -66.463303 -63.947796 
-5.700471 7.273903 5.429673 6.144734 6.409028 3.088976 3.575314 7.138973 10.652967 16.471983 14.332645 9.232633 4.258915 2.669293 1.328352 0.962399 0.817624 5.146009 10.590555 5.690832 -1.772562 -3.003843 -1.768747 3.942201 5.080127 -2.974574 -5.620779 -2.321271 -0.127355 -7.538269 -18.760155 -21.963077 -24.488312 -45.221525 -55.882306 -60.696881 -61.772072 -61.679683 -61.872100 -60.696876 
-6.331530 7.451186 6.416315 5.963020 5.888237 2.087301 0.268016 6.118553 8.286585 12.166770 15.805129 8.480135 6.206988 4.708268 2.732882 2.538834 2.734600 6.324158 10.202936 6.285141 0.508381 -1.709880 -0.067863 2.879001 3.549370 -0.273882 -2.512216 -1.858912 -1.367132 -7.534808 -19.532954 -22.251468 -21.152769 -32.749329 -38.349672 -38.662732 -38.561063 -38.487656 -39.452156 -39.577078 
-5.441494 6.774142 6.074879 6.147690 6.344180 1.480791 -0.010347 5.370251 7.140759 11.859508 17.443572 13.971567 11.618033 7.861575 4.620569 4.654642 4.939249 8.220207 11.375926 6.883738 1.768612 -1.103859 -0.997083 3.934110 6.575554 1.296244 -1.244572 -0.768856 0.267914 -5.935970 -18.231321 -21.928217 -22.595608 -30.271600 -41.714241 -42.718990 -39.729444 -36.692403 -41.003638 -42.945908 
-5.105891 6.221415 5.112455 5.605882 6.700680 1.582142 0.665154 4.053692 4.758726 9.350177 16.364208 15.076204 14.917040 9.325873 4.481281 6.433792 7.053492 9.578807 11.313405 6.733974 2.710316 1.128030 0.375649 4.403725 6.816494 2.840639 0.310328 0.484866 1.231117 -4.323278 -15.254373 -20.580858 -23.999926 -27.536150 -33.870703 -34.333919 -32.456900 -32.299739 -35.402585 -35.943518 
-7.128959 5.453817 5.603628 3.889130 6.183109 0.688134 0.778446 2.349777 3.380371 8.741412 14.651824 14.682063 16.240632 9.697594 4.865460 6.035987 7.212116 11.208856 11.590933 7.060896 4.274470 1.331093 2.713047 5.976189 7.161438 2.664189 0.416550 1.647172 2.467273 -4.842090 -15.376347 -22.361062 -24.302392 -32.376091 -42.282102 -39.946880 -34.265650 -35.380004 -41.165475 -43.681872 
-7.690723 5.339143 5.947755 3.362580 6.029876 -0.242544 1.179876 0.767087 2.084888 8.703157 13.545654 14.444803 16.238449 9.629067 4.916950 7.291370 7.553994 9.652571 11.655234 7.984670 3.606011 1.674110 3.533022 7.049538 5.781393 2.706976 -2.907322 0.282610 1.174836 -6.602372 -18.398538 -21.430680 -25.548702 -35.419669 -42.230452 -38.007644 -33.212720 -34.078945 -38.342865 -42.628650 
-9.165392 5.795013 6.775496 2.874185 6.487812 -0.286867 1.152387 0.203665 2.474831 9.681698 14.305152 15.287865 15.198391 10.625580 5.758183 5.519525 6.079848 6.803594 10.640658 9.569313 3.632117 1.704241 4.810419 7.043569 4.339123 1.369459 -0.771164 -0.633455 1.730440 -4.645647 -19.133107 -21.599116 -25.985209 -37.049257 -49.048363 -40.142897 -34.538589 -37.281131 -41.130990 -47.796571 
-8.168191 5.692303 7.033404 2.606518 6.931865 -0.078844 1.731437 0.732551 4.032620 11.182205 15.006398 15.339381 11.800118 8.306766 5.044344 3.313031 4.056029 4.960529 10.024509 10.705909 5.611579 1.658162 5.240403 8.557484 5.671522 -0.479034 -2.279935 -0.395773 1.180744 -5.592829 -21.567977 -23.222351 -25.209919 -35.339664 -41.411691 -38.165313 -35.343274 -36.833346 -41.166437 -43.008308 
-8.325523 5.588840 7.373421 3.089036 7.109974 -0.083753 1.768128 2.055607 6.188135 12.977097 14.763318 14.492338 6.516740 3.005028 1.203630 2.073734 1.806920 1.354224 7.523002 11.585492 7.517387 3.672721 5.124410 7.341289 2.503359 -1.705806 -4.175114 -1.160672 2.175112 -6.053036 -22.393860 -21.184619 -26.764179 -36.402688 -46.977809 -42.285635 -36.015699 -36.106738 -42.480038 -47.929240 
-10.494884 5.805938 8.043290 2.025534 6.361441 -0.792887 1.981749 0.956438 6.425047 13.777617 12.528982 12.172107 5.905827 2.331318 -0.041068 -0.397591 -2.000140 -3.107874 4.875176 8.662046 7.467180 5.404285 5.912745 6.023517 0.785423 -4.477992 -6.367216 -4.165228 -0.103748 -8.622271 -18.109719 -21.400073 -26.732912 -38.714794 -51.838361 -49.497086 -40.374107 -40.369151 -48.146185 -48.590179 
-11.217960 6.075496 8.556505 1.247723 7.118296 0.967982 2.454852 3.595549 9.073956 12.660649 6.037554 6.930838 3.089101 -1.468277 -4.285183 -4.157701 -6.673198 -7.569011 -4.620927 2.606515 6.303752 5.027335 5.664818 1.048901 -4.041500 -7.774136 -6.375848 -3.711668 -3.773687 -6.843549 -14.679550 -20.415476 -27.796264 -43.553569 -51.818351 -51.966275 -47.683270 -47.743536 -51.880908 -46.630221 
-11.667346 5.737882 8.811158 1.290028 5.941575 1.096411 3.088090 3.796338 5.735885 3.601223 -2.901364 -0.746006 -7.268962 -7.913273 -11.705834 -11.904282 -20.181704 -14.743500 -10.978079 -7.670282 -5.499433 -0.735982 0.247816 -5.152137 -9.767457 -11.618130 -12.204504 -11.571906 -8.734988 -10.623661 -18.856815 -27.028832 -29.776231 -45.797072 -55.252759 -56.538635 -52.667599 -53.074014 -55.301217 -45.354444 
-10.106321 3.990682 5.974677 -2.335184 -1.544257 -1.209808 -1.847659 -2.687488 -1.171186 -4.665571 -8.444936 -8.892484 -14.723620 -18.037461 -19.892205 -24.836164 -27.297894 -18.667624 -17.673851 -12.655577 -13.114560 -8.280869 -12.583017 -11.455975 -20.283747 -24.412865 -24.360326 -22.837503 -20.598459 -21.778381 -26.036803 -32.138498 -35.802992 -40.189300 -41.388295 -41.900451 -42.301708 -42.673172 -42.928375 -42.548726 
-9.951459 -1.933277 -2.951282 -10.429866 -19.141686 -21.900002 -22.507563 -14.057264 -10.518111 -10.207757 -15.001513 -16.640467 -23.628000 -32.068145 -28.705871 -29.549467 -32.813056 -24.757987 -24.586924 -21.000928 -20.251352 -22.978031 -21.510522 -25.684934 -30.914528 -32.087587 -32.222957 -32.630789 -29.243938 -27.322359 -34.463716 -42.984023 -46.171308 -53.404936 -54.373543 -54.762278 -54.373007 -54.769250 -54.732536 -50.251712 
-17.652366 -13.536414 -12.370473 -18.953166 -26.614584 -30.241882 -27.406771 -24.074052 -17.023989 -15.935170 -20.978198 -30.279496 -26.666597 -31.228434 -32.018158 -32.271586 -30.530332 -27.655097 -26.575728 -27.221348 -29.373588 -31.091128 -28.680972 -34.379916 -40.042919 -41.767110 -43.875675 -38.580928 -36.698335 -35.223194 -39.531891 -47.789742 -50.888084 -60.956522 -59.883263 -61.969582 -62.039768 -63.355483 -62.748003 -55.513095 
-19.058577 -25.514999 -26.321156 -31.092313 -32.682535 -36.491390 -32.090708 -26.902690 -24.601113 -27.375924 -29.335337 -28.083275 -28.285673 -40.692218 -44.955477 -38.008175 -35.987493 -32.998298 -30.264914 -33.451112 -34.560282 -34.241310 -36.943162 -38.871815 -43.735629 -45.393835 -44.970548 -48.610927 -44.572411 -41.912960 -48.806457 -56.531725 -59.999034 -67.576491 -68.747741 -67.806228 -67.306105 -72.429354 -72.687050 -64.491231 
-21.219426 -29.257939 -31.350378 -35.166240 -38.182105 -35.007598 -33.029357 -35.670297 -29.828300 -27.267301 -33.613355 -29.162407 -29.034472 -38.835712 -40.570697 -39.884996 -35.050508 -38.948000 -37.852942 -36.269863 -36.961026 -42.032392 -39.617906 -37.560902 -46.814043 -51.285769 -54.809430 -55.220664 -51.848821 -55.834382 -65.897273 -65.236949 -65.956386 -68.560282 -70.431038 -68.945826 -70.456314 -76.715452 -75.738832 -74.709146 
-23.995441 -35.444123 -32.351654 -42.341598 -44.534246 -37.500403 -34.153941 -39.528427 -33.912104 -36.784148 -42.724000 -37.398822 -34.372406 -46.139238 -48.107587 -42.058758 -39.833059 -37.206234 -36.837487 -37.399157 -37.603825 -43.828256 -39.161959 -41.034374 -50.467373 -56.735216 -58.791128 -59.453728 -54.644073 -57.577285 -66.098614 -65.820070 -63.814467 -67.634235 -71.128230 -70.313197 -74.446160 -73.449474 -73.407136 -74.548225 
-21.535834 -32.792031 -35.313102 -47.945514 -44.595508 -45.650157 -43.656053 -39.626525 -34.306679 -44.468162 -51.248180 -44.205192 -44.551134 -47.660690 -51.891105 -48.845100 -41.799820 -40.502225 -38.002372 -39.922530 -35.701787 -41.763490 -42.749942 -46.989417 -53.871410 -58.469307 -58.151309 -56.691337 -59.264419 -60.820746 -65.359033 -67.662528 -68.931310 -71.481243 -76.545247 -74.753050 -75.060884 -75.403727 -75.734662 -76.761605 
-20.300043 -40.470409 -40.207836 -50.568655 -47.806275 -52.756193 -47.626331 -39.231746 -36.268729 -37.518788 -48.709638 -47.224367 -44.982540 -51.356044 -48.784243 -49.524703 -49.988573 -41.915438 -40.590732 -39.714857 -41.092476 -43.664410 -42.985782 -48.573605 -56.471410 -59.500471 -61.037504 -62.019378 -61.879849 -64.881445 -68.766554 -72.682333 -71.072677 -71.223505 -76.251049 -75.404787 -73.380500 -75.374576 -75.664053 -75.621908 
-20.821209 -32.592504 -39.109715 -45.717683 -48.062286 -55.917134 -52.740968 -56.841267 -42.924816 -36.022670 -45.339564 -47.170388 -45.475274 -51.825366 -49.092529 -46.926728 -49.323320 -46.720722 -42.816157 -40.718213 -43.297981 -49.249787 -45.825799 -51.231532 -54.585582 -61.285160 -65.709936 -66.328856 -66.260196 -66.704463 -70.180700 -70.067324 -73.043422 -69.946598 -76.068559 -76.365339 -73.593210 -73.802453 -76.055573 -73.909281 
-19.137361 -34.295319 -38.269479 -45.514795 -52.089692 -54.095495 -56.412231 -49.980631 -45.786063 -43.443698 -46.993133 -46.493205 -50.996596 -53.838970 -57.494772 -55.184022 -51.355003 -51.469145 -46.618982 -44.577029 -45.057906 -51.167718 -52.605891 -52.011755 -59.817725 -58.076620 -62.521635 -65.942160 -67.978644 -64.851173 -70.125488 -73.325476 -76.235288 -72.117986 -76.518857 -73.820662 -74.252778 -74.060706 -72.977963 -71.718708 
-8.926761 -13.561556 -15.534423 -16.886073 -17.469302 -18.079413 -19.726489 -23.255766 -31.654998 -37.693424 -32.458010 -32.231456 -33.144586 -36.540333 -45.649691 -41.328825 -41.605405 -43.598685 -42.406446 -38.836979 -40.020910 -44.565253 -47.900471 -47.028149 -42.005570 -42.220628 -45.643273 -47.141769 -42.277118 -45.107552 -48.061174 -48.367047 -50.430537 -55.718103 -52.783293 -56.168083 -53.615961 -52.892260 -55.775805 -53.708036 
2.854984 1.517743 -2.454833 -6.041627 -5.127569 -2.771499 -3.316925 -6.411581 -17.899835 -20.599413 -19.900244 -14.991243 -16.646033 -21.765137 -32.809810 -30.845981 -27.533946 -31.010396 -29.246725 -24.101774 -27.531541 -33.347482 -34.296550 -27.411267 -28.171217 -28.977526 -31.287809 -30.791325 -25.658082 -32.440630 -35.214480 -34.459913 -35.251216 -42.629411 -40.617017 -44.677672 -40.274359 -41.131678 -48.802878 -42.674048 
-0.722761 -5.007391 -11.418931 -14.796946 -15.174462 -13.282466 -13.608016 -12.495295 -13.164405 -11.935042 -15.172324 -18.711932 -19.244050 -22.906484 -27.033294 -32.684607 -32.829067 -24.495432 -16.387728 -18.966355 -25.751474 -32.312385 -22.381145 -19.886055 -27.527052 -29.914573 -31.274001 -26.688589 -24.907100 -34.208999 -42.121009 -35.578814 -41.305903 -46.838198 -46.435719 -49.983396 -45.820664 -49.253921 -53.905227 -52.742310 
-0.065237 5.066101 9.083764 5.045510 -3.511604 -2.513392 -7.902840 -5.088273 -6.102635 -6.059087 -9.638139 -6.260601 -14.167782 -19.900627 -20.315961 -21.247339 -22.335699 -19.683504 -10.569258 -12.928222 -26.164148 -22.098331 -21.626527 -11.444734 -17.474216 -31.170228 -27.721627 -21.846553 -20.732237 -27.041046 -35.276194 -29.684367 -36.047034 -46.802785 -44.761959 -53.718731 -44.576976 -45.325440 -57.677175 -56.673948 
-1.305067 9.225931 8.849431 3.906024 3.985613 0.193941 0.343529 -3.970304 -0.600204 4.042424 -2.991271 -4.266269 -7.910038 -11.673586 -16.721284 -15.568103 -16.391594 -16.467966 -9.998774 -11.542905 -18.421607 -19.328190 -18.531533 -11.453697 -15.431875 -28.194908 -27.484393 -17.752829 -12.703209 -23.287722 -31.358245 -26.052976 -30.562536 -41.807374 -43.722484 -55.081572 -41.924698 -44.092403 -57.876600 -55.656545 
-3.771910 8.439919 7.917867 3.727325 3.726424 -7.216050 -6.560645 2.305467 -0.219336 3.106574 3.176323 -1.347570 -5.351269 -6.297203 -12.135348 -11.353680 -17.334694 -13.627818 -8.629942 -6.195242 -16.093257 -18.313772 -18.141737 -18.599834 -16.246634 -28.295601 -34.349436 -21.082950 -13.649976 -21.115004 -31.229950 -27.497153 -29.791338 -37.709337 -42.875527 -45.024845 -41.677480 -42.850931 -46.521453 -46.176542 
-1.285976 7.593231 6.745940 4.041024 3.789285 -5.949019 -4.841540 3.282211 0.372723 2.236442 5.703228 -0.723635 -3.545670 -3.949971 -7.307893 -12.636992 -9.311773 -10.127664 -4.296881 -1.057581 -8.967760 -12.782737 -16.314225 -13.341150 -8.379866 -20.954876 -26.640958 -22.811959 -15.136037 -18.985678 -23.482843 -24.479536 -29.520749 -37.442723 -43.614646 -43.290446 -42.261396 -39.639056 -43.834438 -43.514199 
-3.510785 6.923646 5.709450 4.584803 3.393126 -2.535777 -2.233253 2.322432 0.662974 4.484291 7.635325 5.078407 -3.531542 -2.563977 -3.900879 -6.108610 -6.985813 -5.130493 -4.615350 -2.321308 -8.994847 -14.109891 -15.338527 -14.206579 -11.313424 -17.745012 -21.069830 -20.096638 -17.880440 -24.208235 -23.968928 -25.364154 -27.213957 -37.535230 -44.138050 -40.115042 -39.719695 -39.364967 -42.588224 -44.642489 
-5.216861 6.239609 4.592383 4.463749 2.628208 -2.087309 -3.038740 1.543402 2.690894 3.432082 7.513387 10.400051 1.603471 0.095110 -0.333036 -1.095663 -2.711745 -2.866918 -0.030717 -0.630340 -5.347103 -9.005993 -10.867249 -8.178977 -6.734107 -11.603136 -17.916034 -19.561163 -15.441450 -20.854857 -25.095848 -27.745420 -27.972796 -38.213816 -45.097558 -41.757671 -36.684297 -35.266903 -40.303473 -41.198993 
-5.377549 6.138981 4.204577 4.730819 2.015717 -1.677952 -2.630875 -0.025102 1.423513 2.137906 7.127625 12.662256 1.233779 1.551939 0.689508 -0.941238 -0.786311 -0.761219 1.341938 0.178588 -3.750828 -7.870044 -10.066689 -7.348897 -6.165706 -12.244922 -17.517245 -18.011531 -14.396739 -21.065657 -28.105432 -32.095880 -31.978933 -39.729845 -43.882331 -40.838719 -36.669949 -36.979837 -41.030093 -42.703103 
-4.019438 5.880507 3.342720 5.028722 2.239640 -0.712732 -2.962681 -1.053266 0.743400 3.935563 8.274970 14.100649 5.364274 3.347772 1.419799 0.073468 -0.433543 0.029900 2.944018 1.877063 -3.907858 -8.564287 -10.059532 -5.896096 -5.562121 -12.245705 -18.147068 -17.590284 -14.860169 -22.668456 -29.988021 -29.655520 -30.262859 -41.068716 -49.030060 -37.085329 -35.194719 -38.743407 -42.919531 -44.511739 
-4.159395 5.356866 2.499229 4.705084 1.480975 -0.022564 -2.601188 -2.270530 1.513172 3.824744 8.842013 13.661513 6.572249 3.584803 0.147030 -0.240146 -0.467168 0.792109 3.535604 -0.457582 -6.990134 -10.448009 -9.342933 -6.261683 -5.137564 -11.583282 -18.223326 -18.973561 -19.162830 -27.031026 -32.046887 -35.611241 -31.423015 -42.633817 -50.675210 -39.611844 -34.839124 -35.998485 -44.025643 -45.402165 
-3.667128 5.011739 1.558055 4.466335 0.434096 -1.706250 -3.801528 -3.934037 -0.024142 2.725620 8.621312 11.851946 7.879750 4.144473 0.600836 -0.474131 -0.517206 0.397736 1.475343 -1.313511 -7.758102 -10.292398 -10.401335 -8.393120 -7.756224 -14.439466 -19.836245 -20.144548 -18.852707 -21.939506 -30.575302 -35.047813 -31.907403 -39.875773 -47.388997 -37.429572 -31.963264 -32.490583 -39.060013 -42.361363 
-4.399227 4.878094 2.056677 4.589559 -0.266921 -2.501321 -4.193328 -6.065351 -2.241043 0.930816 5.399736 9.530986 9.372705 3.572446 -0.759732 -1.686755 -2.163462 -0.242756 1.040856 -1.698992 -7.426926 -8.246307 -9.887246 -7.997518 -7.431289 -15.176026 -23.055228 -25.253859 -21.272195 -25.650586 -31.649053 -36.839701 -33.488759 -41.643550 -50.331143 -40.035395 -33.088023 -33.975020 -39.266111 -41.493293 
-2.375000 5.470671 2.863368 4.635042 -1.077130 -5.224485 -5.580542 -7.804945 -3.545756 0.212577 1.211086 8.939961 7.959065 2.496673 -1.471878 -2.483813 -2.526557 -2.860688 -0.241226 -1.785126 -7.090775 -9.973236 -12.137356 -11.929490 -9.227387 -14.197739 -21.734088 -22.727273 -20.269640 -24.943888 -34.770906 -34.730309 -31.817867 -42.633249 -46.172158 -39.330831 -32.463096 -34.725619 -39.637273 -40.705379 
-3.066582 5.135584 3.005084 4.539159 -2.876158 -7.318247 -5.446957 -8.908280 -6.090642 -1.212877 -0.018478 8.777045 6.673935 2.607711 -1.232253 -4.130863 -6.063988 -3.961173 -1.313414 -3.609354 -13.028006 -15.190373 -16.986050 -14.880307 -16.298066 -23.097782 -27.592668 -26.249143 -24.571753 -29.069047 -37.804597 -36.450998 -31.133090 -39.755951 -45.261093 -38.039877 -32.281942 -33.564045 -40.096966 -40.899628 
-2.823177 5.148564 3.189181 4.296673 -3.905301 -9.714482 -6.753852 -8.720718 -4.464206 -0.159626 1.168527 6.662386 3.677931 -0.918434 -4.077910 -4.768732 -5.806139 -6.666143 -5.485595 -3.736219 -9.648789 -11.465041 -13.534683 -14.701676 -12.536706 -21.257105 -24.992266 -25.772880 -26.172485 -24.908249 -37.382580 -35.608689 -32.561017 -40.692956 -48.541608 -44.688580 -33.689444 -35.150059 -40.558955 -42.355761 
-2.726962 5.095904 3.297292 3.446893 -6.262092 -9.419295 -5.886780 -9.761012 -4.586277 -0.971840 1.595680 4.474803 2.538840 0.597783 -4.571059 -5.795490 -7.837267 -12.368463 -8.263104 -4.020267 -13.407702 -14.529585 -14.595659 -10.230971 -13.582547 -21.300962 -23.185830 -25.053316 -24.167012 -26.946487 -36.710608 -34.964388 -33.499034 -39.885851 -61.470287 -45.439303 -33.756104 -35.250061 -41.794881 -43.458851 
-2.809810 4.651124 2.987197 2.410618 -7.529624 -11.998717 -7.343939 -11.472690 -6.485948 -2.967239 0.840142 2.564998 0.446851 -3.176843 -6.132690 -9.622682 -11.928846 -13.849266 -7.445263 -4.553377 -8.596767 -13.357301 -18.200041 -14.071274 -18.938469 -22.837157 -24.204288 -26.343252 -26.021505 -32.428551 -40.825658 -39.203646 -39.577951 -44.631942 -50.024274 -44.516902 -36.237398 -34.161396 -41.945290 -46.967233 
-2.411628 4.137883 2.357212 1.336136 -7.661205 -7.977214 -7.495470 -11.115423 -5.656534 -4.980476 -1.881096 -0.317379 -2.129477 -8.608841 -8.478733 -13.089507 -14.066647 -14.612284 -10.105536 -5.296792 -10.373110 -19.065714 -21.333113 -18.568757 -19.193979 -24.865079 -25.602884 -26.571892 -21.322179 -30.192021 -32.997570 -34.595108 -37.287225 -43.870834 -52.030835 -48.305925 -37.479013 -35.719858 -39.578570 -48.718270 
-4.405054 3.845805 2.180231 0.823518 -9.984101 -10.944970 -9.447762 -10.303738 -7.566119 -7.016645 -5.573850 -3.754437 -4.185867 -11.575776 -13.599544 -16.099057 -17.618504 -16.187586 -10.647228 -7.601568 -13.804546 -19.592813 -16.294474 -14.498207 -19.650712 -28.183975 -29.523913 -27.263041 -26.225060 -31.956394 -33.540903 -37.740277 -36.671609 -46.169853 -51.807337 -44.520377 -38.673616 -37.380182 -42.095043 -47.142524 
-2.871980 3.818128 1.047996 -0.946535 -11.907824 -11.131323 -14.799700 -14.454344 -17.923533 -10.909987 -15.388504 -6.894358 -10.290402 -16.294329 -21.214526 -25.336347 -26.154267 -20.716259 -17.404243 -10.932790 -11.444892 -17.866283 -21.286117 -18.297506 -28.519759 -32.541979 -33.484744 -35.108756 -31.477938 -37.058098 -37.281383 -34.275526 -36.642560 -48.335680 -52.724617 -45.393281 -40.969070 -41.900283 -48.657161 -46.267207 
-2.864373 3.207552 -1.522473 -4.462231 -10.833920 -15.438483 -16.584026 -19.009583 -17.167713 -17.417185 -15.056426 -14.623066 -19.164003 -21.761653 -27.635696 -30.184226 -32.401704 -24.781468 -26.189891 -16.357568 -12.407950 -18.544385 -16.317839 -19.892182 -33.275633 -35.727708 -35.506788 -34.941884 -30.620373 -34.398423 -38.165343 -36.780799 -39.638849 -48.383568 -50.463328 -46.137693 -45.821859 -44.192542 -47.142954 -48.336368 
-5.076321 2.026635 -4.622666 -10.132688 -10.656850 -15.900059 -20.112515 -20.413085 -17.199300 -17.431628 -17.490901 -16.598353 -21.141985 -28.282620 -35.021718 -39.335730 -37.312984 -32.227719 -29.268165 -20.464980 -13.965390 -18.426975 -19.826940 -23.916669 -34.480619 -39.444948 -40.460107 -39.026462 -32.413682 -36.749805 -40.559989 -38.540431 -41.607525 -51.227952 -57.098293 -53.517824 -54.067277 -45.930561 -45.581709 -49.554943 
-6.193821 0.003962 -4.559624 -14.751886 -16.229129 -16.011155 -19.993074 -18.684136 -15.096354 -15.751071 -20.991685 -24.601725 -24.118814 -29.385636 -34.647720 -37.289695 -38.029274 -28.762142 -31.203394 -26.602460 -20.240473 -20.963819 -20.408469 -24.074222 -37.316402 -41.945341 -41.420953 -39.945172 -33.976743 -40.437980 -43.605182 -40.053369 -41.769198 -50.588438 -54.122329 -56.892232 -59.525227 -49.153245 -46.244273 -52.398885 
-17.928830 -9.475330 -15.809102 -21.230916 -31.282245 -30.564495 -26.993072 -26.316500 -20.466932 -21.508050 -25.033166 -22.862379 -28.093503 -25.301619 -37.822315 -38.558214 -38.057746 -38.862114 -34.517865 -28.726484 -24.311344 -22.429197 -22.175465 -27.851820 -38.402484 -41.110328 -46.092788 -40.761265 -43.332882 -43.862948 -43.561059 -42.353717 -49.980953 -52.198897 -52.821144 -59.890304 -73.614541 -54.526887 -52.253527 -55.042825 
-18.049452 -26.234403 -34.762297 -32.183075 -29.962748 -36.884269 -45.660632 -38.551274 -31.025130 -27.792132 -33.242476 -32.712196 -38.427616 -37.973150 -49.015967 -43.476017 -48.337336 -42.401166 -37.670934 -35.125012 -29.734226 -26.878127 -30.920456 -41.201472 -46.151706 -49.686423 -50.733782 -48.491896 -44.240699 -47.386745 -49.698069 -50.307809 -52.354352 -61.475878 -63.160985 -67.166687 -76.687362 -58.031604 -56.618147 -58.173574 
-23.366616 -32.229186 -32.931756 -30.954806 -37.548957 -37.943756 -41.842137 -43.554554 -36.940740 -31.357785 -37.717815 -42.955311 -47.463602 -48.376040 -57.539391 -53.194583 -51.914220 -47.292248 -45.826191 -46.055380 -39.192267 -43.810610 -44.591128 -50.176618 -55.491564 -53.704722 -60.913733 -61.499986 -55.383625 -57.360586 -61.424420 -58.718860 -62.263045 -64.855370 -69.435853 -72.880644 -77.931502 -64.703980 -61.634246 -66.635653 
-22.970370 -32.525635 -37.156132 -38.037086 -40.872653 -45.613732 -50.150701 -43.130766 -35.439750 -38.469135 -45.081615 -48.694894 -43.668203 -52.542714 -58.875260 -60.514356 -55.736856 -50.937588 -49.223516 -49.220155 -52.052297 -50.622415 -57.312157 -59.242998 -61.048739 -59.436779 -60.959369 -62.923333 -62.402553 -64.413459 -66.791019 -68.022863 -65.799543 -63.580375 -68.771578 -70.613948 -70.460884 -61.496996 -62.536799 -66.134361 
-16.449248 -33.022538 -40.554341 -50.472572 -56.041221 -50.044850 -52.919124 -45.347304 -41.156557 -43.264822 -48.989158 -49.143528 -51.158892 -55.280317 -56.024784 -53.784153 -51.839256 -54.151743 -51.417456 -50.408644 -50.997565 -55.676559 -59.320399 -61.911481 -67.288710 -66.035929 -67.236212 -67.865128 -65.411225 -66.521733 -65.108250 -64.927740 -65.855932 -65.540227 -70.416092 -69.623259 -67.554771 -65.899651 -66.781858 -69.008974 
-18.298601 -35.829357 -38.780838 -39.195297 -38.548472 -36.940825 -37.014123 -38.061217 -37.521597 -38.444963 -39.574750 -39.239411 -39.672149 -39.349371 -40.496135 -40.643418 -40.882350 -40.546642 -39.527494 -36.727819 -33.501930 -30.381410 -31.795301 -34.715329 -37.720734 -38.340595 -38.527978 -38.093715 -37.359741 -38.364713 -40.777078 -41.477298 -47.609738 -55.041735 -59.681530 -66.308568 -62.792007 -54.714741 -51.942409 -52.631200 
-18.924234 -36.356255 -48.671706 -43.469952 -48.186788 -39.935453 -39.728723 -41.103905 -40.663384 -41.903943 -45.257520 -44.474437 -43.307740 -43.244253 -45.375755 -46.025785 -46.207029 -46.598429 -43.988737 -41.976002 -37.357561 -32.767598 -35.688593 -38.754868 -42.398728 -43.252742 -43.600541 -42.350993 -41.796919 -41.926805 -42.904672 -44.262293 -50.143736 -57.431271 -58.971027 -60.318004 -61.204191 -56.331210 -53.709440 -54.600638 
-16.052786 -32.015331 -46.164016 -44.814860 -45.485733 -46.348898 -40.891820 -32.274354 -35.424425 -37.960991 -46.137662 -42.496542 -46.359945 -51.141926 -49.171622 -49.103424 -54.322964 -49.365945 -49.540576 -51.790668 -44.113330 -41.886692 -44.193344 -49.648602 -51.886490 -52.034165 -51.165512 -48.222164 -46.636321 -47.272378 -46.010490 -46.272056 -53.548661 -62.314409 -67.733233 -62.998320 -63.783565 -61.884857 -61.558495 -61.048571 
-22.082054 -33.487795 -38.539983 -43.820966 -49.038005 -51.275522 -41.018114 -33.499039 -38.332735 -46.232521 -43.080468 -43.632702 -44.613015 -51.473373 -48.549556 -50.447387 -53.302247 -50.096349 -51.215340 -48.373637 -42.426204 -38.082069 -42.875749 -43.981151 -45.537388 -52.227352 -50.856217 -51.981824 -47.283777 -47.897432 -48.318945 -49.274987 -51.262599 -64.721521 -65.966544 -65.362237 -60.998593 -63.176727 -65.124032 -64.337821 
-22.106972 -32.156156 -35.268328 -42.083251 -45.136384 -50.227231 -49.394062 -38.288368 -40.894932 -53.286393 -54.285306 -48.274395 -50.664187 -54.528560 -52.655750 -56.057387 -52.077548 -53.136593 -49.365927 -50.425500 -47.560438 -42.903913 -48.297014 -44.089380 -46.872412 -49.404248 -50.259994 -49.056533 -52.416871 -50.979663 -49.418015 -50.803055 -57.158969 -66.333087 -65.897811 -67.043061 -64.467459 -64.881356 -66.774705 -65.125914 
-22.180912 -29.506940 -33.023485 -41.295800 -45.414979 -45.734434 -46.085051 -41.889946 -43.692861 -50.253199 -49.050357 -48.774246 -58.757551 -50.110026 -55.824879 -59.768224 -52.738514 -49.857378 -54.737855 -53.352590 -49.825150 -43.231022 -46.201438 -52.181801 -52.144256 -53.876038 -53.808355 -54.215671 -53.849209 -56.943556 -56.173244 -56.797346 -63.939268 -67.311657 -68.764780 -70.412539 -69.273594 -68.157567 -69.084532 -69.212683 
-22.761997 -29.240783 -33.873513 -35.036887 -36.548255 -46.563337 -47.547075 -48.384615 -48.062384 -54.445918 -48.982162 -48.913752 -60.069619 -53.704367 -55.315500 -59.024033 -52.641494 -53.548877 -60.378549 -58.745334 -53.571143 -49.624349 -52.181613 -54.615804 -57.221375 -58.299979 -55.301795 -55.051599 -56.939465 -63.784405 -63.049659 -60.984903 -62.575828 -70.195389 -71.037752 -72.152048 -71.613540 -73.894470 -71.697979 -71.339933 
-32.053021 -38.005235 -40.921512 -43.539306 -51.452388 -54.583766 -56.320663 -54.919997 -49.977565 -53.518121 -51.994035 -48.678265 -59.527842 -57.942331 -58.239387 -58.393647 -55.386978 -60.538799 -67.427933 -61.677853 -62.785916 -65.892196 -57.793375 -58.405565 -60.593271 -67.264190 -64.629656 -62.489988 -63.868521 -69.069846 -69.535080 -67.541037 -69.887895 -71.924638 -72.481800 -73.298921 -71.169208 -73.992217 -74.012845 -71.169942 
-52.670208 -54.559815 -56.933566 -57.406916 -61.464297 -63.559652 -69.178909 -72.251472 -65.757845 -68.638854 -67.896808 -65.640235 -65.574561 -73.947228 -72.129379 -68.751035 -75.649806 -73.257604 -77.024562 -70.568983 -71.940522 -71.095092 -68.926722 -68.999075 -71.625983 -69.505600 -68.573994 -71.657615 -70.438218 -71.994996 -72.343077 -72.941024 -74.471496 -76.897385 -76.981723 -74.081880 -74.574650 -74.251124 -72.102067 -75.711200 
-64.008516 -78.791686 -72.671659 -72.980112 -81.088550 -75.150304 -79.361791 -78.223667 -77.963083 -76.342142 -75.644503 -78.812158 -76.275290 -73.084661 -74.484652 -75.012231 -77.571350 -77.282452 -77.877017 -76.411948 -77.686619 -76.537381 -77.165587 -75.804791 -74.118459 -75.702755 -74.176321 -79.115170 -78.845691 -75.358737 -74.429032 -73.481822 -73.559383 -74.614884 -75.750179 -77.395389 -75.520988 -76.047752 -75.335481 -77.591488 
-63.668533 -79.619434 -75.460460 -70.643670 -74.283898 -72.830229 -72.286200 -78.485786 -77.435784 -72.908801 -78.745722 -80.717636 -73.805842 -74.587146 -76.249628 -75.453219 -75.158861 -72.234366 -75.138023 -76.763119 -77.544305 -80.484611 -79.594323 -77.331492 -77.838338 -76.490177 -77.243949 -76.702543 -78.711117 -75.270096 -76.068444 -75.040042 -76.683861 -74.859922 -75.443253 -75.015936 -76.378875 -77.565178 -76.144995 -77.771997 
-64.572977 -79.660682 -77.362790 -76.173770 -76.391926 -75.506907 -76.748199 -82.838559 -76.218009 -78.691629 -76.808606 -77.757107 -71.796534 -72.947525 -71.769440 -71.503939 -74.439873 -75.913717 -74.302619 -78.711662 -78.518943 -74.909170 -75.624566 -74.694647 -81.114463 -79.379501 -77.973257 -73.656490 -76.714432 -75.648423 -74.345877 -77.165713 -79.415694 -79.416184 -76.810880 -79.008914 -76.877998 -76.560202 -76.261688 -76.747500 
-64.625669 -79.479808 -82.493895 -78.368893 -74.040234 -71.963956 -70.233997 -74.884599 -86.058135 -80.117163 -75.649749 -80.820182 -74.721329 -76.802475 -75.884711 -78.366696 -74.837189 -78.611515 -78.852806 -77.708876 -80.434452 -74.339110 -72.130726 -73.751922 -80.539600 -79.013356 -78.775828 -77.275664 -78.257369 -79.015472 -77.514001 -77.919984 -78.237883 -79.201042 -74.281206 -76.968536 -74.918674 -74.209099 -73.843345 -75.814412 
-62.781424 -73.270031 -78.831947 -83.135169 -82.521177 -79.912265 -75.833545 -74.263495 -82.366177 -82.583171 -74.943269 -76.007585 -75.864955 -73.113549 -72.380639 -80.826235 -76.471848 -78.135979 -74.378586 -72.675505 -77.452235 -77.118754 -79.493114 -73.109882 -74.534569 -74.613393 -77.444719 -77.387232 -74.288674 -71.345115 -75.233148 -73.308591 -76.242442 -77.970574 -75.368235 -75.765928 -75.374172 -75.909969 -78.084755 -77.241153 
-64.814712 -80.991253 -80.928988 -81.222618 -77.574413 -75.532654 -73.689630 -76.333861 -75.767686 -77.003006 -76.192282 -73.049137 -69.079002 -76.647526 -81.664569 -79.471441 -75.043407 -75.518050 -76.398334 -75.135692 -78.665349 -77.527318 -76.162310 -75.485563 -78.569483 -76.992837 -76.756432 -78.054578 -77.830269 -79.285262 -77.350721 -75.846432 -77.640545 -77.972690 -77.733718 -78.466654 -76.893969 -76.260676 -77.718365 -78.030277 
-64.392443 -86.541461 -78.558638 -79.473351 -71.712592 -75.823767 -79.488636 -79.844806 -73.692877 -77.996748 -76.041267 -73.830256 -73.784094 -75.080527 -74.224055 -81.233312 -78.608390 -78.111901 -78.541568 -82.531897 -78.538196 -80.757576 -78.553593 -80.338331 -80.599894 -75.908885 -79.471473 -77.024263 -77.093771 -78.842782 -75.109913 -76.235486 -78.707150 -77.692793 -74.991533 -75.388957 -78.481593 -76.754454 -77.192422 -77.377447 
-62.853162 -70.894395 -71.631728 -74.407639 -77.122613 -71.177446 -73.211574 -77.216304 -74.913438 -72.677472 -75.612711 -74.708760 -71.350196 -71.512620 -76.798126 -77.639757 -74.666032 -73.079678 -81.880442 -82.510468 -78.266414 -75.845403 -74.986442 -75.594365 -76.868849 -77.186622 -77.282489 -76.910501 -80.900111 -77.242020 -73.120446 -73.890905 -75.467784 -76.194347 -76.516537 -75.727931 -76.747676 -77.900163 -75.339671 -77.531957 
-65.569582 -68.918587 -71.465667 -75.267768 -82.292135 -81.709891 -77.721829 -79.183181 -81.435804 -75.940341 -76.080175 -77.853706 -81.155828 -78.331696 -77.849793 -79.741868 -83.115925 -80.178154 -88.670777 -84.027254 -82.143474 -80.827078 -83.079100 -82.849369 -80.410531 -86.547002 -77.997447 -79.493736 -87.716223 -84.839563 -82.794082 -79.267325 -80.355847 -78.680598 -79.970819 -78.549426 -79.235241 -79.618672 -77.829070 -81.569839 
-110.051292 -110.050834 -110.050091 -110.048893 -110.047367 -110.045419 -110.043312 -110.041009 -110.038579 -110.036502 -110.034971 -110.034267 -110.034672 -110.036359 -110.039271 -110.043009 -110.047017 -110.050228 -110.051589 -110.050301 -110.046270 -110.040557 -110.035551 -110.033900 -110.037306 -110.044607 -110.051175 -110.051337 -110.043582 -110.034364 -110.034489 -110.046039 -110.053916 -110.043164 -110.030522 -110.045592 -110.053051 -110.039112 -110.446583 -112.263413 
NaN NaN NaN NaN NaN NaN NaN NaN NaN NaN NaN NaN NaN NaN NaN NaN NaN NaN NaN NaN NaN NaN NaN NaN NaN NaN NaN NaN NaN NaN NaN NaN NaN NaN NaN NaN NaN NaN NaN NaN 
NaN NaN NaN NaN NaN NaN NaN NaN NaN NaN NaN NaN NaN NaN NaN NaN NaN NaN NaN NaN NaN NaN NaN NaN NaN NaN NaN NaN NaN NaN NaN NaN NaN NaN NaN NaN NaN NaN NaN NaN 
NaN NaN NaN NaN NaN NaN NaN NaN NaN NaN NaN NaN NaN NaN NaN NaN NaN NaN NaN NaN NaN NaN NaN NaN NaN NaN NaN NaN NaN NaN NaN NaN NaN NaN NaN NaN NaN NaN NaN NaN 
NaN NaN NaN NaN NaN NaN NaN NaN NaN NaN NaN NaN NaN NaN NaN NaN NaN NaN NaN NaN NaN NaN NaN NaN NaN NaN NaN NaN NaN NaN NaN NaN NaN NaN NaN NaN NaN NaN NaN NaN 
NaN NaN NaN NaN NaN NaN NaN NaN NaN NaN NaN NaN NaN NaN NaN NaN NaN NaN NaN NaN NaN NaN NaN NaN NaN NaN NaN NaN NaN NaN NaN NaN NaN NaN NaN NaN NaN NaN NaN NaN 
NaN NaN NaN NaN NaN NaN NaN NaN NaN NaN NaN NaN NaN NaN NaN NaN NaN NaN NaN NaN NaN NaN NaN NaN NaN NaN NaN NaN NaN NaN NaN NaN NaN NaN NaN NaN NaN NaN NaN NaN 
NaN NaN NaN NaN NaN NaN NaN NaN NaN NaN NaN NaN NaN NaN NaN NaN NaN NaN NaN NaN NaN NaN NaN NaN NaN NaN NaN NaN NaN NaN NaN NaN NaN NaN NaN NaN NaN NaN NaN NaN 
NaN NaN NaN NaN NaN NaN NaN NaN NaN NaN NaN NaN NaN NaN NaN NaN NaN NaN NaN NaN NaN NaN NaN NaN NaN NaN NaN NaN NaN NaN NaN NaN NaN NaN NaN NaN NaN NaN NaN NaN 
NaN NaN NaN NaN NaN NaN NaN NaN NaN NaN NaN NaN NaN NaN NaN NaN NaN NaN NaN NaN NaN NaN NaN NaN NaN NaN NaN NaN NaN NaN NaN NaN NaN NaN NaN NaN NaN NaN NaN NaN 
NaN NaN NaN NaN NaN NaN NaN NaN NaN NaN NaN NaN NaN NaN NaN NaN NaN NaN NaN NaN NaN NaN NaN NaN NaN NaN NaN NaN NaN NaN NaN NaN NaN NaN NaN NaN NaN NaN NaN NaN 
NaN NaN NaN NaN NaN NaN NaN NaN NaN NaN NaN NaN NaN NaN NaN NaN NaN NaN NaN NaN NaN NaN NaN NaN NaN NaN NaN NaN NaN NaN NaN NaN NaN NaN NaN NaN NaN NaN NaN NaN 
NaN NaN NaN NaN NaN NaN NaN NaN NaN NaN NaN NaN NaN NaN NaN NaN NaN NaN NaN NaN NaN NaN NaN NaN NaN NaN NaN NaN NaN NaN NaN NaN NaN NaN NaN NaN NaN NaN NaN NaN 
NaN NaN NaN NaN NaN NaN NaN NaN NaN NaN NaN NaN NaN NaN NaN NaN NaN NaN NaN NaN NaN NaN NaN NaN NaN NaN NaN NaN NaN NaN NaN NaN NaN NaN NaN NaN NaN NaN NaN NaN 
NaN NaN NaN NaN NaN NaN NaN NaN NaN NaN NaN NaN NaN NaN NaN NaN NaN NaN NaN NaN NaN NaN NaN NaN NaN NaN NaN NaN NaN NaN NaN NaN NaN NaN NaN NaN NaN NaN NaN NaN 
NaN NaN NaN NaN NaN NaN NaN NaN NaN NaN NaN NaN NaN NaN NaN NaN NaN NaN NaN NaN NaN NaN NaN NaN NaN NaN NaN NaN NaN NaN NaN NaN NaN NaN NaN NaN NaN NaN NaN NaN 
NaN NaN NaN NaN NaN NaN NaN NaN NaN NaN NaN NaN NaN NaN NaN NaN NaN NaN NaN NaN NaN NaN NaN NaN NaN NaN NaN NaN NaN NaN NaN NaN NaN NaN NaN NaN NaN NaN NaN NaN 
NaN NaN NaN NaN NaN NaN NaN NaN NaN NaN NaN NaN NaN NaN NaN NaN NaN NaN NaN NaN NaN NaN NaN NaN NaN NaN NaN NaN NaN NaN NaN NaN NaN NaN NaN NaN NaN NaN NaN NaN 
NaN NaN NaN NaN NaN NaN NaN NaN NaN NaN NaN NaN NaN NaN NaN NaN NaN NaN NaN NaN NaN NaN NaN NaN NaN NaN NaN NaN NaN NaN NaN NaN NaN NaN NaN NaN NaN NaN NaN NaN 
NaN NaN NaN NaN NaN NaN NaN NaN NaN NaN NaN NaN NaN NaN NaN NaN NaN NaN NaN NaN NaN NaN NaN NaN NaN NaN NaN NaN NaN NaN NaN NaN NaN NaN NaN NaN NaN NaN NaN NaN 
NaN NaN NaN NaN NaN NaN NaN NaN NaN NaN NaN NaN NaN NaN NaN NaN NaN NaN NaN NaN NaN NaN NaN NaN NaN NaN NaN NaN NaN NaN NaN NaN NaN NaN NaN NaN NaN NaN NaN NaN 
NaN NaN NaN NaN NaN NaN NaN NaN NaN NaN NaN NaN NaN NaN NaN NaN NaN NaN NaN NaN NaN NaN NaN NaN NaN NaN NaN NaN NaN NaN NaN NaN NaN NaN NaN NaN NaN NaN NaN NaN 
NaN NaN NaN NaN NaN NaN NaN NaN NaN NaN NaN NaN NaN NaN NaN NaN NaN NaN NaN NaN NaN NaN NaN NaN NaN NaN NaN NaN NaN NaN NaN NaN NaN NaN NaN NaN NaN NaN NaN NaN 
NaN NaN NaN NaN NaN NaN NaN NaN NaN NaN NaN NaN NaN NaN NaN NaN NaN NaN NaN NaN NaN NaN NaN NaN NaN NaN NaN NaN NaN NaN NaN NaN NaN NaN NaN NaN NaN NaN NaN NaN 
NaN NaN NaN NaN NaN NaN NaN NaN NaN NaN NaN NaN NaN NaN NaN NaN NaN NaN NaN NaN NaN NaN NaN NaN NaN NaN NaN NaN NaN NaN NaN NaN NaN NaN NaN NaN NaN NaN NaN NaN 
NaN NaN NaN NaN NaN NaN NaN NaN NaN NaN NaN NaN NaN NaN NaN NaN NaN NaN NaN NaN NaN NaN NaN NaN NaN NaN NaN NaN NaN NaN NaN NaN NaN NaN NaN NaN NaN NaN NaN NaN 
NaN NaN NaN NaN NaN NaN NaN NaN NaN NaN NaN NaN NaN NaN NaN NaN NaN NaN NaN NaN NaN NaN NaN NaN NaN NaN NaN NaN NaN NaN NaN NaN NaN NaN NaN NaN NaN NaN NaN NaN 
NaN NaN NaN NaN NaN NaN NaN NaN NaN NaN NaN NaN NaN NaN NaN NaN NaN NaN NaN NaN NaN NaN NaN NaN NaN NaN NaN NaN NaN NaN NaN NaN NaN NaN NaN NaN NaN NaN NaN NaN 
NaN NaN NaN NaN NaN NaN NaN NaN NaN NaN NaN NaN NaN NaN NaN NaN NaN NaN NaN NaN NaN NaN NaN NaN NaN NaN NaN NaN NaN NaN NaN NaN NaN NaN NaN NaN NaN NaN NaN NaN 
NaN NaN NaN NaN NaN NaN NaN NaN NaN NaN NaN NaN NaN NaN NaN NaN NaN NaN NaN NaN NaN NaN NaN NaN NaN NaN NaN NaN NaN NaN NaN NaN NaN NaN NaN NaN NaN NaN NaN NaN 
NaN NaN NaN NaN NaN NaN NaN NaN NaN NaN NaN NaN NaN NaN NaN NaN NaN NaN NaN NaN NaN NaN NaN NaN NaN NaN NaN NaN NaN NaN NaN NaN NaN NaN NaN NaN NaN NaN NaN NaN 
NaN NaN NaN NaN NaN NaN NaN NaN NaN NaN NaN NaN NaN NaN NaN NaN NaN NaN NaN NaN NaN NaN NaN NaN NaN NaN NaN NaN NaN NaN NaN NaN NaN NaN NaN NaN NaN NaN NaN NaN 
NaN NaN NaN NaN NaN NaN NaN NaN NaN NaN NaN NaN NaN NaN NaN NaN NaN NaN NaN NaN NaN NaN NaN NaN NaN NaN NaN NaN NaN NaN NaN NaN NaN NaN NaN NaN NaN NaN NaN NaN 
NaN NaN NaN NaN NaN NaN NaN NaN NaN NaN NaN NaN NaN NaN NaN NaN NaN NaN NaN NaN NaN NaN NaN NaN NaN NaN NaN NaN NaN NaN NaN NaN NaN NaN NaN NaN NaN NaN NaN NaN 
NaN NaN NaN NaN NaN NaN NaN NaN NaN NaN NaN NaN NaN NaN NaN NaN NaN NaN NaN NaN NaN NaN NaN NaN NaN NaN NaN NaN NaN NaN NaN NaN NaN NaN NaN NaN NaN NaN NaN NaN 
NaN NaN NaN NaN NaN NaN NaN NaN NaN NaN NaN NaN NaN NaN NaN NaN NaN NaN NaN NaN NaN NaN NaN NaN NaN NaN NaN NaN NaN NaN NaN NaN NaN NaN NaN NaN NaN NaN NaN NaN 
NaN NaN NaN NaN NaN NaN NaN NaN NaN NaN NaN NaN NaN NaN NaN NaN NaN NaN NaN NaN NaN NaN NaN NaN NaN NaN NaN NaN NaN NaN NaN NaN NaN NaN NaN NaN NaN NaN NaN NaN 
NaN NaN NaN NaN NaN NaN NaN NaN NaN NaN NaN NaN NaN NaN NaN NaN NaN NaN NaN NaN NaN NaN NaN NaN NaN NaN NaN NaN NaN NaN NaN NaN NaN NaN NaN NaN NaN NaN NaN NaN 
NaN NaN NaN NaN NaN NaN NaN NaN NaN NaN NaN NaN NaN NaN NaN NaN NaN NaN NaN NaN NaN NaN NaN NaN NaN NaN NaN NaN NaN NaN NaN NaN NaN NaN NaN NaN NaN NaN NaN NaN 
NaN NaN NaN NaN NaN NaN NaN NaN NaN NaN NaN NaN NaN NaN NaN NaN NaN NaN NaN NaN NaN NaN NaN NaN NaN NaN NaN NaN NaN NaN NaN NaN NaN NaN NaN NaN NaN NaN NaN NaN 
NaN NaN NaN NaN NaN NaN NaN NaN NaN NaN NaN NaN NaN NaN NaN NaN NaN NaN NaN NaN NaN NaN NaN NaN NaN NaN NaN NaN NaN NaN NaN NaN NaN NaN NaN NaN NaN NaN NaN NaN 
NaN NaN NaN NaN NaN NaN NaN NaN NaN NaN NaN NaN NaN NaN NaN NaN NaN NaN NaN NaN NaN NaN NaN NaN NaN NaN NaN NaN NaN NaN NaN NaN NaN NaN NaN NaN NaN NaN NaN NaN 
NaN NaN NaN NaN NaN NaN NaN NaN NaN NaN NaN NaN NaN NaN NaN NaN NaN NaN NaN NaN NaN NaN NaN NaN NaN NaN NaN NaN NaN NaN NaN NaN NaN NaN NaN NaN NaN NaN NaN NaN 
NaN NaN NaN NaN NaN NaN NaN NaN NaN NaN NaN NaN NaN NaN NaN NaN NaN NaN NaN NaN NaN NaN NaN NaN NaN NaN NaN NaN NaN NaN NaN NaN NaN NaN NaN NaN NaN NaN NaN NaN 
NaN NaN NaN NaN NaN NaN NaN NaN NaN NaN NaN NaN NaN NaN NaN NaN NaN NaN NaN NaN NaN NaN NaN NaN NaN NaN NaN NaN NaN NaN NaN NaN NaN NaN NaN NaN NaN NaN NaN NaN 
NaN NaN NaN NaN NaN NaN NaN NaN NaN NaN NaN NaN NaN NaN NaN NaN NaN NaN NaN NaN NaN NaN NaN NaN NaN NaN NaN NaN NaN NaN NaN NaN NaN NaN NaN NaN NaN NaN NaN NaN 
NaN NaN NaN NaN NaN NaN NaN NaN NaN NaN NaN NaN NaN NaN NaN NaN NaN NaN NaN NaN NaN NaN NaN NaN NaN NaN NaN NaN NaN NaN NaN NaN NaN NaN NaN NaN NaN NaN NaN NaN 
NaN NaN NaN NaN NaN NaN NaN NaN NaN NaN NaN NaN NaN NaN NaN NaN NaN NaN NaN NaN NaN NaN NaN NaN NaN NaN NaN NaN NaN NaN NaN NaN NaN NaN NaN NaN NaN NaN NaN NaN 
NaN NaN NaN NaN NaN NaN NaN NaN NaN NaN NaN NaN NaN NaN NaN NaN NaN NaN NaN NaN NaN NaN NaN NaN NaN NaN NaN NaN NaN NaN NaN NaN NaN NaN NaN NaN NaN NaN NaN NaN 
NaN NaN NaN NaN NaN NaN NaN NaN NaN NaN NaN NaN NaN NaN NaN NaN NaN NaN NaN NaN NaN NaN NaN NaN NaN NaN NaN NaN NaN NaN NaN NaN NaN NaN NaN NaN NaN NaN NaN NaN 
NaN NaN NaN NaN NaN NaN NaN NaN NaN NaN NaN NaN NaN NaN NaN NaN NaN NaN NaN NaN NaN NaN NaN NaN NaN NaN NaN NaN NaN NaN NaN NaN NaN NaN NaN NaN NaN NaN NaN NaN 
NaN NaN NaN NaN NaN NaN NaN NaN NaN NaN NaN NaN NaN NaN NaN NaN NaN NaN NaN NaN NaN NaN NaN NaN NaN NaN NaN NaN NaN NaN NaN NaN NaN NaN NaN NaN NaN NaN NaN NaN 
NaN NaN NaN NaN NaN NaN NaN NaN NaN NaN NaN NaN NaN NaN NaN NaN NaN NaN NaN NaN NaN NaN NaN NaN NaN NaN NaN NaN NaN NaN NaN NaN NaN NaN NaN NaN NaN NaN NaN NaN 
NaN NaN NaN NaN NaN NaN NaN NaN NaN NaN NaN NaN NaN NaN NaN NaN NaN NaN NaN NaN NaN NaN NaN NaN NaN NaN NaN NaN NaN NaN NaN NaN NaN NaN NaN NaN NaN NaN NaN NaN 
NaN NaN NaN NaN NaN NaN NaN NaN NaN NaN NaN NaN NaN NaN NaN NaN NaN NaN NaN NaN NaN NaN NaN NaN NaN NaN NaN NaN NaN NaN NaN NaN NaN NaN NaN NaN NaN NaN NaN NaN 
NaN NaN NaN NaN NaN NaN NaN NaN NaN NaN NaN NaN NaN NaN NaN NaN NaN NaN NaN NaN NaN NaN NaN NaN NaN NaN NaN NaN NaN NaN NaN NaN NaN NaN NaN NaN NaN NaN NaN NaN 
NaN NaN NaN NaN NaN NaN NaN NaN NaN NaN NaN NaN NaN NaN NaN NaN NaN NaN NaN NaN NaN NaN NaN NaN NaN NaN NaN NaN NaN NaN NaN NaN NaN NaN NaN NaN NaN NaN NaN NaN 
NaN NaN NaN NaN NaN NaN NaN NaN NaN NaN NaN NaN NaN NaN NaN NaN NaN NaN NaN NaN NaN NaN NaN NaN NaN NaN NaN NaN NaN NaN NaN NaN NaN NaN NaN NaN NaN NaN NaN NaN 
NaN NaN NaN NaN NaN NaN NaN NaN NaN NaN NaN NaN NaN NaN NaN NaN NaN NaN NaN NaN NaN NaN NaN NaN NaN NaN NaN NaN NaN NaN NaN NaN NaN NaN NaN NaN NaN NaN NaN NaN 
NaN NaN NaN NaN NaN NaN NaN NaN NaN NaN NaN NaN NaN NaN NaN NaN NaN NaN NaN NaN NaN NaN NaN NaN NaN NaN NaN NaN NaN NaN NaN NaN NaN NaN NaN NaN NaN NaN NaN NaN 
NaN NaN NaN NaN NaN NaN NaN NaN NaN NaN NaN NaN NaN NaN NaN NaN NaN NaN NaN NaN NaN NaN NaN NaN NaN NaN NaN NaN NaN NaN NaN NaN NaN NaN NaN NaN NaN NaN NaN NaN 
NaN NaN NaN NaN NaN NaN NaN NaN NaN NaN NaN NaN NaN NaN NaN NaN NaN NaN NaN NaN NaN NaN NaN NaN NaN NaN NaN NaN NaN NaN NaN NaN NaN NaN NaN NaN NaN NaN NaN NaN 
NaN NaN NaN NaN NaN NaN NaN NaN NaN NaN NaN NaN NaN NaN NaN NaN NaN NaN NaN NaN NaN NaN NaN NaN NaN NaN NaN NaN NaN NaN NaN NaN NaN NaN NaN NaN NaN NaN NaN NaN 
NaN NaN NaN NaN NaN NaN NaN NaN NaN NaN NaN NaN NaN NaN NaN NaN NaN NaN NaN NaN NaN NaN NaN NaN NaN NaN NaN NaN NaN NaN NaN NaN NaN NaN NaN NaN NaN NaN NaN NaN 
NaN NaN NaN NaN NaN NaN NaN NaN NaN NaN NaN NaN NaN NaN NaN NaN NaN NaN NaN NaN NaN NaN NaN NaN NaN NaN NaN NaN NaN NaN NaN NaN NaN NaN NaN NaN NaN NaN NaN NaN 
NaN NaN NaN NaN NaN NaN NaN NaN NaN NaN NaN NaN NaN NaN NaN NaN NaN NaN NaN NaN NaN NaN NaN NaN NaN NaN NaN NaN NaN NaN NaN NaN NaN NaN NaN NaN NaN NaN NaN NaN 
NaN NaN NaN NaN NaN NaN NaN NaN NaN NaN NaN NaN NaN NaN NaN NaN NaN NaN NaN NaN NaN NaN NaN NaN NaN NaN NaN NaN NaN NaN NaN NaN NaN NaN NaN NaN NaN NaN NaN NaN 
NaN NaN NaN NaN NaN NaN NaN NaN NaN NaN NaN NaN NaN NaN NaN NaN NaN NaN NaN NaN NaN NaN NaN NaN NaN NaN NaN NaN NaN NaN NaN NaN NaN NaN NaN NaN NaN NaN NaN NaN 
NaN NaN NaN NaN NaN NaN NaN NaN NaN NaN NaN NaN NaN NaN NaN NaN NaN NaN NaN NaN NaN NaN NaN NaN NaN NaN NaN NaN NaN NaN NaN NaN NaN NaN NaN NaN NaN NaN NaN NaN 
NaN NaN NaN NaN NaN NaN NaN NaN NaN NaN NaN NaN NaN NaN NaN NaN NaN NaN NaN NaN NaN NaN NaN NaN NaN NaN NaN NaN NaN NaN NaN NaN NaN NaN NaN NaN NaN NaN NaN NaN 
NaN NaN NaN NaN NaN NaN NaN NaN NaN NaN NaN NaN NaN NaN NaN NaN NaN NaN NaN NaN NaN NaN NaN NaN NaN NaN NaN NaN NaN NaN NaN NaN NaN NaN NaN NaN NaN NaN NaN NaN 
NaN NaN NaN NaN NaN NaN NaN NaN NaN NaN NaN NaN NaN NaN NaN NaN NaN NaN NaN NaN NaN NaN NaN NaN NaN NaN NaN NaN NaN NaN NaN NaN NaN NaN NaN NaN NaN NaN NaN NaN 
NaN NaN NaN NaN NaN NaN NaN NaN NaN NaN NaN NaN NaN NaN NaN NaN NaN NaN NaN NaN NaN NaN NaN NaN NaN NaN NaN NaN NaN NaN NaN NaN NaN NaN NaN NaN NaN NaN NaN NaN 
NaN NaN NaN NaN NaN NaN NaN NaN NaN NaN NaN NaN NaN NaN NaN NaN NaN NaN NaN NaN NaN NaN NaN NaN NaN NaN NaN NaN NaN NaN NaN NaN NaN NaN NaN NaN NaN NaN NaN NaN 
NaN NaN NaN NaN NaN NaN NaN NaN NaN NaN NaN NaN NaN NaN NaN NaN NaN NaN NaN NaN NaN NaN NaN NaN NaN NaN NaN NaN NaN NaN NaN NaN NaN NaN NaN NaN NaN NaN NaN NaN 
NaN NaN NaN NaN NaN NaN NaN NaN NaN NaN NaN NaN NaN NaN NaN NaN NaN NaN NaN NaN NaN NaN NaN NaN NaN NaN NaN NaN NaN NaN NaN NaN NaN NaN NaN NaN NaN NaN NaN NaN 
NaN NaN NaN NaN NaN NaN NaN NaN NaN NaN NaN NaN NaN NaN NaN NaN NaN NaN NaN NaN NaN NaN NaN NaN NaN NaN NaN NaN NaN NaN NaN NaN NaN NaN NaN NaN NaN NaN NaN NaN 
NaN NaN NaN NaN NaN NaN NaN NaN NaN NaN NaN NaN NaN NaN NaN NaN NaN NaN NaN NaN NaN NaN NaN NaN NaN NaN NaN NaN NaN NaN NaN NaN NaN NaN NaN NaN NaN NaN NaN NaN 
