NaN NaN NaN NaN NaN NaN NaN NaN NaN NaN NaN NaN NaN NaN NaN NaN NaN NaN NaN NaN NaN NaN NaN NaN NaN NaN NaN NaN NaN NaN NaN NaN NaN NaN NaN NaN NaN NaN NaN NaN 
NaN NaN NaN NaN NaN NaN NaN NaN NaN NaN NaN NaN NaN NaN NaN NaN NaN NaN NaN NaN NaN NaN NaN NaN NaN NaN NaN NaN NaN NaN NaN NaN NaN NaN NaN NaN NaN NaN NaN NaN 
NaN NaN NaN NaN NaN NaN NaN NaN NaN NaN NaN NaN NaN NaN NaN NaN NaN NaN NaN NaN NaN NaN NaN NaN NaN NaN NaN NaN NaN NaN NaN NaN NaN NaN NaN NaN NaN NaN NaN NaN 
NaN NaN NaN NaN NaN NaN NaN NaN NaN NaN NaN NaN NaN NaN NaN NaN NaN NaN NaN NaN NaN NaN NaN NaN NaN NaN NaN NaN NaN NaN NaN NaN NaN NaN NaN NaN NaN NaN NaN NaN 
NaN NaN NaN NaN NaN NaN NaN NaN NaN NaN NaN NaN NaN NaN NaN NaN NaN NaN NaN NaN NaN NaN NaN NaN NaN NaN NaN NaN NaN NaN NaN NaN NaN NaN NaN NaN NaN NaN NaN NaN 
NaN NaN NaN NaN NaN NaN NaN NaN NaN NaN NaN NaN NaN NaN NaN NaN NaN NaN NaN NaN NaN NaN NaN NaN NaN NaN NaN NaN NaN NaN NaN NaN NaN NaN NaN NaN NaN NaN NaN NaN 
NaN NaN NaN NaN NaN NaN NaN NaN NaN NaN NaN NaN NaN NaN NaN NaN NaN NaN NaN NaN NaN NaN NaN NaN NaN NaN NaN NaN NaN NaN NaN NaN NaN NaN NaN NaN NaN NaN NaN NaN 
NaN NaN NaN NaN NaN NaN NaN NaN NaN NaN NaN NaN NaN NaN NaN NaN NaN NaN NaN NaN NaN NaN NaN NaN NaN NaN NaN NaN NaN NaN NaN NaN NaN NaN NaN NaN NaN NaN NaN NaN 
NaN NaN NaN NaN NaN NaN NaN NaN NaN NaN NaN NaN NaN NaN NaN NaN NaN NaN NaN NaN NaN NaN NaN NaN NaN NaN NaN NaN NaN NaN NaN NaN NaN NaN NaN NaN NaN NaN NaN NaN 
NaN NaN NaN NaN NaN NaN NaN NaN NaN NaN NaN NaN NaN NaN NaN NaN NaN NaN NaN NaN NaN NaN NaN NaN NaN NaN NaN NaN NaN NaN NaN NaN NaN NaN NaN NaN NaN NaN NaN NaN 
NaN NaN NaN NaN NaN NaN NaN NaN NaN NaN NaN NaN NaN NaN NaN NaN NaN NaN NaN NaN NaN NaN NaN NaN NaN NaN NaN NaN NaN NaN NaN NaN NaN NaN NaN NaN NaN NaN NaN NaN 
NaN NaN NaN NaN NaN NaN NaN NaN NaN NaN NaN NaN NaN NaN NaN NaN NaN NaN NaN NaN NaN NaN NaN NaN NaN NaN NaN NaN NaN NaN NaN NaN NaN NaN NaN NaN NaN NaN NaN NaN 
NaN NaN NaN NaN NaN NaN NaN NaN NaN NaN NaN NaN NaN NaN NaN NaN NaN NaN NaN NaN NaN NaN NaN NaN NaN NaN NaN NaN NaN NaN NaN NaN NaN NaN NaN NaN NaN NaN NaN NaN 
NaN NaN NaN NaN NaN NaN NaN NaN NaN NaN NaN NaN NaN NaN NaN NaN NaN NaN NaN NaN NaN NaN NaN NaN NaN NaN NaN NaN NaN NaN NaN NaN NaN NaN NaN NaN NaN NaN NaN NaN 
NaN NaN NaN NaN NaN NaN NaN NaN NaN NaN NaN NaN NaN NaN NaN NaN NaN NaN NaN NaN NaN NaN NaN NaN NaN NaN NaN NaN NaN NaN NaN NaN NaN NaN NaN NaN NaN NaN NaN NaN 
NaN NaN NaN NaN NaN NaN NaN NaN NaN NaN NaN NaN NaN NaN NaN NaN NaN NaN NaN NaN NaN NaN NaN NaN NaN NaN NaN NaN NaN NaN NaN NaN NaN NaN NaN NaN NaN NaN NaN NaN 
NaN NaN NaN NaN NaN NaN NaN NaN NaN NaN NaN NaN NaN NaN NaN NaN NaN NaN NaN NaN NaN NaN NaN NaN NaN NaN NaN NaN NaN NaN NaN NaN NaN NaN NaN NaN NaN NaN NaN NaN 
NaN NaN NaN NaN NaN NaN NaN NaN NaN NaN NaN NaN NaN NaN NaN NaN NaN NaN NaN NaN NaN NaN NaN NaN NaN NaN NaN NaN NaN NaN NaN NaN NaN NaN NaN NaN NaN NaN NaN NaN 
NaN NaN NaN NaN NaN NaN NaN NaN NaN NaN NaN NaN NaN NaN NaN NaN NaN NaN NaN NaN NaN NaN NaN NaN NaN NaN NaN NaN NaN NaN NaN NaN NaN NaN NaN NaN NaN NaN NaN NaN 
NaN NaN NaN NaN NaN NaN NaN NaN NaN NaN NaN NaN NaN NaN NaN NaN NaN NaN NaN NaN NaN NaN NaN NaN NaN NaN NaN NaN NaN NaN NaN NaN NaN NaN NaN NaN NaN NaN NaN NaN 
NaN NaN NaN NaN NaN NaN NaN NaN NaN NaN NaN NaN NaN NaN NaN NaN NaN NaN NaN NaN NaN NaN NaN NaN NaN NaN NaN NaN NaN NaN NaN NaN NaN NaN NaN NaN NaN NaN NaN NaN 
NaN NaN NaN NaN NaN NaN NaN NaN NaN NaN NaN NaN NaN NaN NaN NaN NaN NaN NaN NaN NaN NaN NaN NaN NaN NaN NaN NaN NaN NaN NaN NaN NaN NaN NaN NaN NaN NaN NaN NaN 
NaN NaN NaN NaN NaN NaN NaN NaN NaN NaN NaN NaN NaN NaN NaN NaN NaN NaN NaN NaN NaN NaN NaN NaN NaN NaN NaN NaN NaN NaN NaN NaN NaN NaN NaN NaN NaN NaN NaN NaN 
NaN NaN NaN NaN NaN NaN NaN NaN NaN NaN NaN NaN NaN NaN NaN NaN NaN NaN NaN NaN NaN NaN NaN NaN NaN NaN NaN NaN NaN NaN NaN NaN NaN NaN NaN NaN NaN NaN NaN NaN 
NaN NaN NaN NaN NaN NaN NaN NaN NaN NaN NaN NaN NaN NaN NaN NaN NaN NaN NaN NaN NaN NaN NaN NaN NaN NaN NaN NaN NaN NaN NaN NaN NaN NaN NaN NaN NaN NaN NaN NaN 
NaN NaN NaN NaN NaN NaN NaN NaN NaN NaN NaN NaN NaN NaN NaN NaN NaN NaN NaN NaN NaN NaN NaN NaN NaN NaN NaN NaN NaN NaN NaN NaN NaN NaN NaN NaN NaN NaN NaN NaN 
NaN NaN NaN NaN NaN NaN NaN NaN NaN NaN NaN NaN NaN NaN NaN NaN NaN NaN NaN NaN NaN NaN NaN NaN NaN NaN NaN NaN NaN NaN NaN NaN NaN NaN NaN NaN NaN NaN NaN NaN 
NaN NaN NaN NaN NaN NaN NaN NaN NaN NaN NaN NaN NaN NaN NaN NaN NaN NaN NaN NaN NaN NaN NaN NaN NaN NaN NaN NaN NaN NaN NaN NaN NaN NaN NaN NaN NaN NaN NaN NaN 
NaN NaN NaN NaN NaN NaN NaN NaN NaN NaN NaN NaN NaN NaN NaN NaN NaN NaN NaN NaN NaN NaN NaN NaN NaN NaN NaN NaN NaN NaN NaN NaN NaN NaN NaN NaN NaN NaN NaN NaN 
NaN NaN NaN NaN NaN NaN NaN NaN NaN NaN NaN NaN NaN NaN NaN NaN NaN NaN NaN NaN NaN NaN NaN NaN NaN NaN NaN NaN NaN NaN NaN NaN NaN NaN NaN NaN NaN NaN NaN NaN 
NaN NaN NaN NaN NaN NaN NaN NaN NaN NaN NaN NaN NaN NaN NaN NaN NaN NaN NaN NaN NaN NaN NaN NaN NaN NaN NaN NaN NaN NaN NaN NaN NaN NaN NaN NaN NaN NaN NaN NaN 
NaN NaN NaN NaN NaN NaN NaN NaN NaN NaN NaN NaN NaN NaN NaN NaN NaN NaN NaN NaN NaN NaN NaN NaN NaN NaN NaN NaN NaN NaN NaN NaN NaN NaN NaN NaN NaN NaN NaN NaN 
NaN NaN NaN NaN NaN NaN NaN NaN NaN NaN NaN NaN NaN NaN NaN NaN NaN NaN NaN NaN NaN NaN NaN NaN NaN NaN NaN NaN NaN NaN NaN NaN NaN NaN NaN NaN NaN NaN NaN NaN 
NaN NaN NaN NaN NaN NaN NaN NaN NaN NaN NaN NaN NaN NaN NaN NaN NaN NaN NaN NaN NaN NaN NaN NaN NaN NaN NaN NaN NaN NaN NaN NaN NaN NaN NaN NaN NaN NaN NaN NaN 
NaN NaN NaN NaN NaN NaN NaN NaN NaN NaN NaN NaN NaN NaN NaN NaN NaN NaN NaN NaN NaN NaN NaN NaN NaN NaN NaN NaN NaN NaN NaN NaN NaN NaN NaN NaN NaN NaN NaN NaN 
NaN NaN NaN NaN NaN NaN NaN NaN NaN NaN NaN NaN NaN NaN NaN NaN NaN NaN NaN NaN NaN NaN NaN NaN NaN NaN NaN NaN NaN NaN NaN NaN NaN NaN NaN NaN NaN NaN NaN NaN 
NaN NaN NaN NaN NaN NaN NaN NaN NaN NaN NaN NaN NaN NaN NaN NaN NaN NaN NaN NaN NaN NaN NaN NaN NaN NaN NaN NaN NaN NaN NaN NaN NaN NaN NaN NaN NaN NaN NaN NaN 
NaN NaN NaN NaN NaN NaN NaN NaN NaN NaN NaN NaN NaN NaN NaN NaN NaN NaN NaN NaN NaN NaN NaN NaN NaN NaN NaN NaN NaN NaN NaN NaN NaN NaN NaN NaN NaN NaN NaN NaN 
NaN NaN NaN NaN NaN NaN NaN NaN NaN NaN NaN NaN NaN NaN NaN NaN NaN NaN NaN NaN NaN NaN NaN NaN NaN NaN NaN NaN NaN NaN NaN NaN NaN NaN NaN NaN NaN NaN NaN NaN 
NaN NaN NaN NaN NaN NaN NaN NaN NaN NaN NaN NaN NaN NaN NaN NaN NaN NaN NaN NaN NaN NaN NaN NaN NaN NaN NaN NaN NaN NaN NaN NaN NaN NaN NaN NaN NaN NaN NaN NaN 
NaN NaN NaN NaN NaN NaN NaN NaN NaN NaN NaN NaN NaN NaN NaN NaN NaN NaN NaN NaN NaN NaN NaN NaN NaN NaN NaN NaN NaN NaN NaN NaN NaN NaN NaN NaN NaN NaN NaN NaN 
NaN NaN NaN NaN NaN NaN NaN NaN NaN NaN NaN NaN NaN NaN NaN NaN NaN NaN NaN NaN NaN NaN NaN NaN NaN NaN NaN NaN NaN NaN NaN NaN NaN NaN NaN NaN NaN NaN NaN NaN 
NaN NaN NaN NaN NaN NaN NaN NaN NaN NaN NaN NaN NaN NaN NaN NaN NaN NaN NaN NaN NaN NaN NaN NaN NaN NaN NaN NaN NaN NaN NaN NaN NaN NaN NaN NaN NaN NaN NaN NaN 
NaN NaN NaN NaN NaN NaN NaN NaN NaN NaN NaN NaN NaN NaN NaN NaN NaN NaN NaN NaN NaN NaN NaN NaN NaN NaN NaN NaN NaN NaN NaN NaN NaN NaN NaN NaN NaN NaN NaN NaN 
NaN NaN NaN NaN NaN NaN NaN NaN NaN NaN NaN NaN NaN NaN NaN NaN NaN NaN NaN NaN NaN NaN NaN NaN NaN NaN NaN NaN NaN NaN NaN NaN NaN NaN NaN NaN NaN NaN NaN NaN 
NaN NaN NaN NaN NaN NaN NaN NaN NaN NaN NaN NaN NaN NaN NaN NaN NaN NaN NaN NaN NaN NaN NaN NaN NaN NaN NaN NaN NaN NaN NaN NaN NaN NaN NaN NaN NaN NaN NaN NaN 
NaN NaN NaN NaN NaN NaN NaN NaN NaN NaN NaN NaN NaN NaN NaN NaN NaN NaN NaN NaN NaN NaN NaN NaN NaN NaN NaN NaN NaN NaN NaN NaN NaN NaN NaN NaN NaN NaN NaN NaN 
NaN NaN NaN NaN NaN NaN NaN NaN NaN NaN NaN NaN NaN NaN NaN NaN NaN NaN NaN NaN NaN NaN NaN NaN NaN NaN NaN NaN NaN NaN NaN NaN NaN NaN NaN NaN NaN NaN NaN NaN 
NaN NaN NaN NaN NaN NaN NaN NaN NaN NaN NaN NaN NaN NaN NaN NaN NaN NaN NaN NaN NaN NaN NaN NaN NaN NaN NaN NaN NaN NaN NaN NaN NaN NaN NaN NaN NaN NaN NaN NaN 
NaN NaN NaN NaN NaN NaN NaN NaN NaN NaN NaN NaN NaN NaN NaN NaN NaN NaN NaN NaN NaN NaN NaN NaN NaN NaN NaN NaN NaN NaN NaN NaN NaN NaN NaN NaN NaN NaN NaN NaN 
NaN NaN NaN NaN NaN NaN NaN NaN NaN NaN NaN NaN NaN NaN NaN NaN NaN NaN NaN NaN NaN NaN NaN NaN NaN NaN NaN NaN NaN NaN NaN NaN NaN NaN NaN NaN NaN NaN NaN NaN 
NaN NaN NaN NaN NaN NaN NaN NaN NaN NaN NaN NaN NaN NaN NaN NaN NaN NaN NaN NaN NaN NaN NaN NaN NaN NaN NaN NaN NaN NaN NaN NaN NaN NaN NaN NaN NaN NaN NaN NaN 
NaN NaN NaN NaN NaN NaN NaN NaN NaN NaN NaN NaN NaN NaN NaN NaN NaN NaN NaN NaN NaN NaN NaN NaN NaN NaN NaN NaN NaN NaN NaN NaN NaN NaN NaN NaN NaN NaN NaN NaN 
NaN NaN NaN NaN NaN NaN NaN NaN NaN NaN NaN NaN NaN NaN NaN NaN NaN NaN NaN NaN NaN NaN NaN NaN NaN NaN NaN NaN NaN NaN NaN NaN NaN NaN NaN NaN NaN NaN NaN NaN 
NaN NaN NaN NaN NaN NaN NaN NaN NaN NaN NaN NaN NaN NaN NaN NaN NaN NaN NaN NaN NaN NaN NaN NaN NaN NaN NaN NaN NaN NaN NaN NaN NaN NaN NaN NaN NaN NaN NaN NaN 
NaN NaN NaN NaN NaN NaN NaN NaN NaN NaN NaN NaN NaN NaN NaN NaN NaN NaN NaN NaN NaN NaN NaN NaN NaN NaN NaN NaN NaN NaN NaN NaN NaN NaN NaN NaN NaN NaN NaN NaN 
NaN NaN NaN NaN NaN NaN NaN NaN NaN NaN NaN NaN NaN NaN NaN NaN NaN NaN NaN NaN NaN NaN NaN NaN NaN NaN NaN NaN NaN NaN NaN NaN NaN NaN NaN NaN NaN NaN NaN NaN 
NaN NaN NaN NaN NaN NaN NaN NaN NaN NaN NaN NaN NaN NaN NaN NaN NaN NaN NaN NaN NaN NaN NaN NaN NaN NaN NaN NaN NaN NaN NaN NaN NaN NaN NaN NaN NaN NaN NaN NaN 
NaN NaN NaN NaN NaN NaN NaN NaN NaN NaN NaN NaN NaN NaN NaN NaN NaN NaN NaN NaN NaN NaN NaN NaN NaN NaN NaN NaN NaN NaN NaN NaN NaN NaN NaN NaN NaN NaN NaN NaN 
NaN NaN NaN NaN NaN NaN NaN NaN NaN NaN NaN NaN NaN NaN NaN NaN NaN NaN NaN NaN NaN NaN NaN NaN NaN NaN NaN NaN NaN NaN NaN NaN NaN NaN NaN NaN NaN NaN NaN NaN 
NaN NaN NaN NaN NaN NaN NaN NaN NaN NaN NaN NaN NaN NaN NaN NaN NaN NaN NaN NaN NaN NaN NaN NaN NaN NaN NaN NaN NaN NaN NaN NaN NaN NaN NaN NaN NaN NaN NaN NaN 
NaN NaN NaN NaN NaN NaN NaN NaN NaN NaN NaN NaN NaN NaN NaN NaN NaN NaN NaN NaN NaN NaN NaN NaN NaN NaN NaN NaN NaN NaN NaN NaN NaN NaN NaN NaN NaN NaN NaN NaN 
NaN NaN NaN NaN NaN NaN NaN NaN NaN NaN NaN NaN NaN NaN NaN NaN NaN NaN NaN NaN NaN NaN NaN NaN NaN NaN NaN NaN NaN NaN NaN NaN NaN NaN NaN NaN NaN NaN NaN NaN 
NaN NaN NaN NaN NaN NaN NaN NaN NaN NaN NaN NaN NaN NaN NaN NaN NaN NaN NaN NaN NaN NaN NaN NaN NaN NaN NaN NaN NaN NaN NaN NaN NaN NaN NaN NaN NaN NaN NaN NaN 
NaN NaN NaN NaN NaN NaN NaN NaN NaN NaN NaN NaN NaN NaN NaN NaN NaN NaN NaN NaN NaN NaN NaN NaN NaN NaN NaN NaN NaN NaN NaN NaN NaN NaN NaN NaN NaN NaN NaN NaN 
NaN NaN NaN NaN NaN NaN NaN NaN NaN NaN NaN NaN NaN NaN NaN NaN NaN NaN NaN NaN NaN NaN NaN NaN NaN NaN NaN NaN NaN NaN NaN NaN NaN NaN NaN NaN NaN NaN NaN NaN 
NaN NaN NaN NaN NaN NaN NaN NaN NaN NaN NaN NaN NaN NaN NaN NaN NaN NaN NaN NaN NaN NaN NaN NaN NaN NaN NaN NaN NaN NaN NaN NaN NaN NaN NaN NaN NaN NaN NaN NaN 
NaN NaN NaN NaN NaN NaN NaN NaN NaN NaN NaN NaN NaN NaN NaN NaN NaN NaN NaN NaN NaN NaN NaN NaN NaN NaN NaN NaN NaN NaN NaN NaN NaN NaN NaN NaN NaN NaN NaN NaN 
NaN NaN NaN NaN NaN NaN NaN NaN NaN NaN NaN NaN NaN NaN NaN NaN NaN NaN NaN NaN NaN NaN NaN NaN NaN NaN NaN NaN NaN NaN NaN NaN NaN NaN NaN NaN NaN NaN NaN NaN 
NaN NaN NaN NaN NaN NaN NaN NaN NaN NaN NaN NaN NaN NaN NaN NaN NaN NaN NaN NaN NaN NaN NaN NaN NaN NaN NaN NaN NaN NaN NaN NaN NaN NaN NaN NaN NaN NaN NaN NaN 
NaN NaN NaN NaN NaN NaN NaN NaN NaN NaN NaN NaN NaN NaN NaN NaN NaN NaN NaN NaN NaN NaN NaN NaN NaN NaN NaN NaN NaN NaN NaN NaN NaN NaN NaN NaN NaN NaN NaN NaN 
NaN NaN NaN NaN NaN NaN NaN NaN NaN NaN NaN NaN NaN NaN NaN NaN NaN NaN NaN NaN NaN NaN NaN NaN NaN NaN NaN NaN NaN NaN NaN NaN NaN NaN NaN NaN NaN NaN NaN NaN 
NaN NaN NaN NaN NaN NaN NaN NaN NaN NaN NaN NaN NaN NaN NaN NaN NaN NaN NaN NaN NaN NaN NaN NaN NaN NaN NaN NaN NaN NaN NaN NaN NaN NaN NaN NaN NaN NaN NaN NaN 
NaN NaN NaN NaN NaN NaN NaN NaN NaN NaN NaN NaN NaN NaN NaN NaN NaN NaN NaN NaN NaN NaN NaN NaN NaN NaN NaN NaN NaN NaN NaN NaN NaN NaN NaN NaN NaN NaN NaN NaN 
NaN NaN NaN NaN NaN NaN NaN NaN NaN NaN NaN NaN NaN NaN NaN NaN NaN NaN NaN NaN NaN NaN NaN NaN NaN NaN NaN NaN NaN NaN NaN NaN NaN NaN NaN NaN NaN NaN NaN NaN 
NaN NaN NaN NaN NaN NaN NaN NaN NaN NaN NaN NaN NaN NaN NaN NaN NaN NaN NaN NaN NaN NaN NaN NaN NaN NaN NaN NaN NaN NaN NaN NaN NaN NaN NaN NaN NaN NaN NaN NaN 
NaN NaN NaN NaN NaN NaN NaN NaN NaN NaN NaN NaN NaN NaN NaN NaN NaN NaN NaN NaN NaN NaN NaN NaN NaN NaN NaN NaN NaN NaN NaN NaN NaN NaN NaN NaN NaN NaN NaN NaN 
NaN NaN NaN NaN NaN NaN NaN NaN NaN NaN NaN NaN NaN NaN NaN NaN NaN NaN NaN NaN NaN NaN NaN NaN NaN NaN NaN NaN NaN NaN NaN NaN NaN NaN NaN NaN NaN NaN NaN NaN 
NaN NaN NaN NaN NaN NaN NaN NaN NaN NaN NaN NaN NaN NaN NaN NaN NaN NaN NaN NaN NaN NaN NaN NaN NaN NaN NaN NaN NaN NaN NaN NaN NaN NaN NaN NaN NaN NaN NaN NaN 
NaN NaN NaN NaN NaN NaN NaN NaN NaN NaN NaN NaN NaN NaN NaN NaN NaN NaN NaN NaN NaN NaN NaN NaN NaN NaN NaN NaN NaN NaN NaN NaN NaN NaN NaN NaN NaN NaN NaN NaN 
NaN NaN NaN NaN NaN NaN NaN NaN NaN NaN NaN NaN NaN NaN NaN NaN NaN NaN NaN NaN NaN NaN NaN NaN NaN NaN NaN NaN NaN NaN NaN NaN NaN NaN NaN NaN NaN NaN NaN NaN 
NaN NaN NaN NaN NaN NaN NaN NaN NaN NaN NaN NaN NaN NaN NaN NaN NaN NaN NaN NaN NaN NaN NaN NaN NaN NaN NaN NaN NaN NaN NaN NaN NaN NaN NaN NaN NaN NaN NaN NaN 
NaN NaN NaN NaN NaN NaN NaN NaN NaN NaN NaN NaN NaN NaN NaN NaN NaN NaN NaN NaN NaN NaN NaN NaN NaN NaN NaN NaN NaN NaN NaN NaN NaN NaN NaN NaN NaN NaN NaN NaN 
NaN NaN NaN NaN NaN NaN NaN NaN NaN NaN NaN NaN NaN NaN NaN NaN NaN NaN NaN NaN NaN NaN NaN NaN NaN NaN NaN NaN NaN NaN NaN NaN NaN NaN NaN NaN NaN NaN NaN NaN 
NaN NaN NaN NaN NaN NaN NaN NaN NaN NaN NaN NaN NaN NaN NaN NaN NaN NaN NaN NaN NaN NaN NaN NaN NaN NaN NaN NaN NaN NaN NaN NaN NaN NaN NaN NaN NaN NaN NaN NaN 
NaN NaN NaN NaN NaN NaN NaN NaN NaN NaN NaN NaN NaN NaN NaN NaN NaN NaN NaN NaN NaN NaN NaN NaN NaN NaN NaN NaN NaN NaN NaN NaN NaN NaN NaN NaN NaN NaN NaN NaN 
NaN NaN NaN NaN NaN NaN NaN NaN NaN NaN NaN NaN NaN NaN NaN NaN NaN NaN NaN NaN NaN NaN NaN NaN NaN NaN NaN NaN NaN NaN NaN NaN NaN NaN NaN NaN NaN NaN NaN NaN 
NaN NaN NaN NaN NaN NaN NaN NaN NaN NaN NaN NaN NaN NaN NaN NaN NaN NaN NaN NaN NaN NaN NaN NaN NaN NaN NaN NaN NaN NaN NaN NaN NaN NaN NaN NaN NaN NaN NaN NaN 
NaN NaN NaN NaN NaN NaN NaN NaN NaN NaN NaN NaN NaN NaN NaN NaN NaN NaN NaN NaN NaN NaN NaN NaN NaN NaN NaN NaN NaN NaN NaN NaN NaN NaN NaN NaN NaN NaN NaN NaN 
NaN NaN NaN NaN NaN NaN NaN NaN NaN NaN NaN NaN NaN NaN NaN NaN NaN NaN NaN NaN NaN NaN NaN NaN NaN NaN NaN NaN NaN NaN NaN NaN NaN NaN NaN NaN NaN NaN NaN NaN 
NaN NaN NaN NaN NaN NaN NaN NaN NaN NaN NaN NaN NaN NaN NaN NaN NaN NaN NaN NaN NaN NaN NaN NaN NaN NaN NaN NaN NaN NaN NaN NaN NaN NaN NaN NaN NaN NaN NaN NaN 
NaN NaN NaN NaN NaN NaN NaN NaN NaN NaN NaN NaN NaN NaN NaN NaN NaN NaN NaN NaN NaN NaN NaN NaN NaN NaN NaN NaN NaN NaN NaN NaN NaN NaN NaN NaN NaN NaN NaN NaN 
NaN NaN NaN NaN NaN NaN NaN NaN NaN NaN NaN NaN NaN NaN NaN NaN NaN NaN NaN NaN NaN NaN NaN NaN NaN NaN NaN NaN NaN NaN NaN NaN NaN NaN NaN NaN NaN NaN NaN NaN 
-63.300052 -68.359123 -71.031204 -71.033247 -71.306807 -70.760708 -72.690048 -77.009214 -85.165377 -84.750250 -86.903577 -83.954919 -87.064239 -93.988702 -89.056124 -85.778098 -84.536152 -84.339456 -82.538473 -84.085321 -86.874019 -88.743638 -89.761241 -83.478337 -81.885760 -84.987795 -78.638938 -80.293957 -85.947138 -87.082622 -82.292325 -86.760153 -82.683591 -79.219197 -82.647928 -78.947138 -80.639958 -81.078542 -84.140985 -86.899338 
-54.325798 -76.618954 -73.112628 -70.520471 -71.361821 -67.918242 -66.580638 -72.032655 -78.473495 -77.812343 -73.867308 -73.254351 -77.581028 -76.264456 -78.424721 -77.549666 -77.390360 -74.667584 -73.714243 -75.884376 -76.439700 -74.125799 -76.018576 -74.082893 -73.730082 -74.425639 -71.558889 -75.643886 -75.432924 -72.688027 -73.594291 -74.809908 -72.916960 -74.469605 -74.359247 -73.471103 -74.026330 -73.574419 -72.972194 -76.822985 
-54.252658 -68.780041 -64.468019 -66.766895 -63.069873 -66.795736 -67.592089 -68.042607 -74.510841 -76.742275 -67.146560 -72.394835 -70.905011 -71.327925 -70.084735 -68.022877 -70.001497 -67.748819 -71.114496 -73.215492 -70.373749 -72.483339 -67.410907 -68.453448 -77.893040 -72.292985 -76.265321 -74.710753 -73.339522 -73.748275 -73.726896 -74.071061 -72.903282 -73.251506 -74.591324 -75.505100 -76.546912 -75.311478 -74.536329 -74.783368 
-52.564615 -60.472972 -64.764395 -67.769412 -64.773770 -67.163200 -64.056897 -66.653429 -65.656385 -64.215672 -63.013963 -63.108000 -64.505385 -66.302358 -67.273939 -65.816653 -66.676439 -68.584456 -69.055355 -69.574572 -68.895336 -73.912757 -68.731073 -70.774675 -76.298079 -72.697313 -69.345483 -72.778427 -74.734406 -76.625148 -73.961348 -73.607398 -73.090697 -74.242770 -74.383211 -75.306444 -75.327259 -76.733131 -75.205119 -75.324405 
-27.213756 -27.656960 -31.249975 -38.713101 -42.031979 -39.769569 -44.227657 -47.378437 -43.356701 -46.311838 -47.364347 -47.900208 -49.135080 -50.436219 -50.834313 -50.992007 -52.670677 -54.039323 -59.387016 -56.433223 -59.668391 -58.201526 -57.471027 -59.362754 -61.852291 -59.314561 -64.446635 -61.439049 -60.029006 -64.184046 -68.017653 -64.171578 -64.667643 -65.857588 -65.442302 -66.231905 -66.625281 -66.972219 -69.234655 -69.804667 
-16.997828 -22.004322 -30.741841 -40.499883 -44.559146 -39.204441 -42.157004 -43.803175 -43.860054 -49.617699 -52.209179 -51.838510 -54.531247 -56.968134 -54.786780 -53.954975 -56.664261 -59.885511 -60.789952 -59.332807 -61.637491 -61.002425 -62.172707 -59.103214 -64.270023 -60.597323 -65.128855 -61.065003 -60.624026 -60.801313 -61.724984 -61.132289 -65.591622 -65.897082 -64.891125 -64.229234 -62.024709 -64.782190 -66.514651 -67.386474 
-15.487570 -19.916069 -31.038295 -39.073027 -40.312290 -49.433711 -57.947324 -50.635829 -54.068690 -50.446761 -46.069097 -48.211755 -55.464955 -54.450270 -62.266005 -56.910912 -57.998243 -65.509642 -57.108278 -53.951876 -60.769116 -62.324501 -65.729090 -61.334752 -60.560566 -61.648839 -67.137257 -62.028706 -58.945821 -62.300398 -63.976440 -62.601672 -63.991730 -66.694625 -66.580375 -65.972307 -64.046537 -63.663160 -67.387295 -68.466501 
-21.089233 -23.479002 -29.705482 -33.514446 -38.184605 -37.468560 -46.237988 -44.375129 -45.935224 -48.586148 -53.091276 -50.742038 -52.065449 -58.600051 -53.844919 -51.743671 -54.980821 -65.494012 -64.431015 -61.607754 -65.302348 -59.585337 -62.691939 -64.758994 -62.016453 -62.484149 -62.033775 -63.234639 -64.841910 -64.205836 -66.028924 -64.833134 -65.888147 -64.739643 -66.901966 -67.584569 -65.456551 -66.128715 -65.871898 -66.003953 
-28.002206 -30.637340 -28.401030 -34.907561 -40.638729 -39.238988 -42.283977 -48.715587 -50.752809 -51.112361 -50.965446 -49.512093 -51.793494 -53.820187 -50.682119 -49.993349 -58.692003 -57.332801 -57.679497 -55.777624 -59.884715 -60.482662 -63.615908 -62.874439 -61.484070 -59.747880 -61.040508 -61.638210 -63.077969 -65.414747 -59.881725 -62.230905 -64.698740 -62.831845 -65.646624 -65.600608 -64.762495 -65.320907 -64.100611 -64.035372 
-25.117128 -29.990681 -28.121893 -31.138733 -43.255715 -38.817573 -39.765001 -39.870689 -42.968185 -51.028578 -43.968783 -42.667935 -46.243177 -46.405091 -46.551954 -46.089699 -44.707837 -50.498309 -57.666594 -59.663988 -52.321391 -51.486988 -52.399219 -49.034493 -55.206576 -55.775495 -57.031250 -63.253419 -57.688803 -55.340742 -56.829629 -57.152657 -55.306661 -62.830020 -73.115813 -71.602379 -71.704900 -73.309189 -73.143162 -74.004719 
-15.470584 -21.906127 -23.856701 -22.592370 -21.281971 -25.193194 -30.334647 -29.372411 -33.572393 -32.027348 -32.024570 -36.018025 -38.358435 -41.940891 -45.546805 -42.595607 -38.559867 -38.652017 -39.010897 -40.281436 -39.730266 -47.767960 -48.798533 -45.930662 -45.239685 -45.249063 -45.822309 -49.355550 -49.967537 -47.970496 -47.819864 -44.997588 -48.640929 -50.862638 -52.965696 -51.376953 -52.416581 -51.685197 -48.694165 -49.553230 
3.857951 11.653462 13.823940 10.619190 1.680630 0.257733 4.270755 5.331296 2.510335 -0.808551 -4.987423 -12.574417 -8.014906 -11.639668 -17.002948 -17.635568 -16.525443 -10.633614 -11.278164 -19.987556 -25.121005 -26.755230 -19.842494 -19.789670 -29.223575 -32.523378 -27.168455 -20.350152 -22.325559 -26.314205 -31.964362 -26.133117 -28.047432 -34.709680 -38.215237 -38.334396 -37.374907 -28.041344 -29.175748 -30.485008 
6.639244 16.035747 23.330677 18.134806 12.316357 15.473375 11.994634 19.230589 19.772607 17.785420 15.087839 2.701226 3.923554 2.270504 -1.259349 -0.251993 2.458271 8.326876 7.438590 1.768537 -4.481736 -6.457393 -0.291755 0.278978 -9.937515 -12.058389 -6.851553 -3.585173 -5.215703 -13.408965 -21.889035 -24.774187 -25.463659 -32.362668 -53.733935 -53.354614 -46.327770 -21.334016 -27.644180 -34.609923 
7.819193 18.195260 23.161976 14.683096 17.628912 14.777179 13.675442 14.720509 22.897520 24.825028 20.471916 14.437247 9.388721 3.013803 3.942109 3.853592 2.995585 10.277591 12.111885 4.265543 -3.369857 -0.710041 2.965363 2.903982 -9.417291 -10.547363 -7.364713 -3.004726 -2.933364 -12.913801 -23.404510 -23.898010 -27.309791 -33.479161 -38.213030 -35.666686 -36.747869 -20.243387 -27.184046 -37.673547 
1.877627 16.488993 21.766000 12.578429 16.838180 13.274452 9.502547 8.265015 20.521261 17.513540 23.532608 14.364223 5.947188 5.766225 6.037679 1.435528 3.017138 8.011507 8.500402 1.735487 -1.997162 -3.201520 -0.668124 1.610296 -6.975095 -11.247372 -8.669314 -2.693916 -2.443388 -12.410977 -26.810900 -26.022100 -27.024834 -29.559420 -30.762439 -30.531991 -30.441002 -23.579777 -27.106798 -29.091258 
-4.923736 14.224576 20.299998 10.953180 16.075592 13.473691 8.050550 8.006142 17.504480 16.559307 21.724053 14.205308 6.914607 5.924141 5.433271 3.779812 4.272029 8.521239 8.782898 3.633570 -1.467414 -0.916410 2.021664 5.012191 -7.668454 -9.444921 -8.167951 -3.814487 -4.602462 -11.610893 -30.723281 -24.575973 -28.433179 -35.416433 -36.625824 -38.358143 -34.241615 -23.288939 -28.964956 -37.217588 
-6.028036 12.987262 19.395060 11.058970 15.396746 13.385299 4.544988 5.851689 16.008240 16.515434 19.047302 15.758850 10.955390 7.255047 5.275511 4.319750 4.422856 9.901148 11.676480 4.419147 -2.620562 -4.873573 -0.036485 0.749272 -10.117004 -11.870525 -11.509628 -7.178903 -4.745699 -11.826720 -27.703559 -24.152143 -25.099034 -30.317832 -34.460720 -33.944889 -29.599294 -26.353823 -32.036719 -35.497180 
-11.270456 11.080011 18.423711 10.378106 14.435316 13.466650 3.456774 6.780763 14.018249 16.748726 19.587804 18.315939 15.649686 9.795919 7.906912 5.650552 4.229047 10.303910 13.887413 7.407097 1.200116 -0.307223 4.182928 0.217500 -11.857962 -15.037045 -15.506557 -11.692547 -6.689046 -12.768587 -27.422999 -25.236372 -26.169177 -32.795254 -35.872325 -36.222343 -30.921238 -31.663878 -35.509892 -37.840238 
-13.496839 9.481446 17.223721 9.278807 12.404510 13.451465 2.530559 6.706444 11.252632 17.350193 19.715790 19.510216 16.166218 10.974406 7.873359 6.467608 2.109410 9.927366 15.530841 8.649657 2.449607 0.843004 -0.103806 -1.188719 -11.466520 -13.741455 -12.458379 -9.620006 -4.853984 -10.639979 -25.530284 -23.794586 -27.901813 -29.309175 -31.643148 -34.109689 -29.331603 -27.692913 -32.903230 -33.981016 
-16.906867 7.294019 16.253267 9.663083 10.721997 13.658763 2.453971 7.807436 9.202779 17.934304 18.930175 22.211345 14.498346 10.182348 9.613515 5.083245 2.811675 10.141016 12.788820 7.676211 3.981669 1.436357 4.668425 -1.204458 -11.475203 -15.474190 -15.309818 -11.596066 -9.366756 -14.268810 -27.037728 -26.900266 -29.241167 -31.291188 -32.732837 -33.564911 -33.116356 -30.666321 -33.476025 -36.924190 
-24.223802 5.035164 15.431724 9.096695 8.573556 13.676358 1.549011 6.864041 4.874231 18.464620 17.409384 22.538551 12.194895 9.954543 7.485923 3.163316 5.355177 10.890077 13.134371 7.347660 2.756927 0.756476 5.310497 -0.150592 -11.165122 -14.578320 -13.546718 -9.753605 -6.763663 -13.438081 -27.901692 -26.857899 -25.737844 -31.120759 -31.878216 -33.213756 -35.337870 -32.966027 -31.935739 -34.174496 
-15.959045 4.342337 15.956661 11.184135 4.424022 12.693494 2.473250 5.176217 3.096750 17.641124 14.103778 20.724478 8.007684 7.964255 4.725902 3.856716 5.925568 7.983538 14.522491 4.864640 -0.405972 1.473705 3.662816 -3.596157 -14.679637 -16.196401 -17.136614 -15.075697 -11.523555 -15.174381 -30.261433 -26.730698 -27.562267 -29.422746 -34.806010 -36.648421 -38.849099 -36.227054 -29.133683 -30.819393 
-19.169539 5.026009 17.338892 12.768597 2.407467 11.478568 1.581118 5.452145 1.073707 15.774229 13.361534 17.128648 8.181088 8.719948 2.131853 0.012108 1.208906 4.017045 13.012520 6.736139 -0.543876 0.499938 2.014304 -5.238405 -17.569088 -21.459097 -17.604556 -15.713198 -13.164100 -17.132343 -34.989585 -32.273938 -30.595720 -27.656352 -31.733368 -40.144895 -44.886721 -41.464543 -30.144560 -29.885467 
-13.988907 7.725336 19.018705 14.539702 2.657222 9.015691 0.850404 6.622648 3.463004 9.912326 4.849936 13.756811 7.826305 0.362745 0.363679 -1.610906 -0.832181 3.415069 4.680816 6.153288 1.615045 5.595486 1.995948 -8.896369 -17.273276 -23.167718 -20.230888 -16.677963 -17.856807 -23.326282 -38.558979 -37.107602 -32.383816 -27.303237 -26.895264 -40.249250 -47.584777 -46.889483 -29.618250 -30.875546 
-12.216589 9.386723 19.349691 13.877880 2.408438 3.550450 -4.763471 3.287979 -1.397175 5.255549 0.984880 8.320104 3.606683 -2.343260 -5.762890 -3.531154 -4.810852 -0.876043 3.195513 5.060691 0.892691 3.390358 -1.809883 -15.596837 -19.158335 -24.300830 -27.035019 -27.372761 -26.851481 -27.797087 -34.490314 -36.586603 -32.483460 -28.248326 -25.699987 -34.845498 -40.674605 -40.207658 -28.263341 -28.133361 
-4.406793 11.510842 16.856693 9.890556 -4.106799 -6.582465 -9.914502 -7.378484 -7.544752 -4.257760 -2.569952 -0.726588 -2.828998 -8.227556 -17.012549 -12.069537 -12.705902 -2.563587 -3.644575 2.559717 -3.095238 -7.016410 -15.599858 -25.640321 -21.710893 -28.084437 -36.560399 -33.191364 -29.235696 -32.514768 -38.579264 -43.143339 -36.014027 -28.613818 -28.600342 -32.774644 -48.686344 -45.962683 -32.396164 -29.695025 
-4.699242 8.045975 8.675231 -4.278028 -8.576832 -18.002462 -21.231783 -14.119606 -16.150013 -8.087152 -10.295505 -11.136842 -11.221320 -20.635821 -20.342908 -17.919386 -20.504405 -9.135912 -14.602118 -7.814836 -11.548747 -15.422502 -22.445540 -33.305774 -32.357816 -34.754414 -43.501346 -38.558320 -36.410649 -38.013132 -42.186297 -44.084717 -41.203331 -40.621653 -40.328213 -39.987133 -51.526921 -44.589907 -36.604756 -38.937790 
-13.580818 -4.155347 -3.030300 -14.469937 -19.815553 -17.690531 -22.791512 -27.605537 -23.648878 -17.071753 -16.753417 -17.159830 -22.472419 -23.783050 -32.415933 -27.471313 -24.263929 -17.522561 -22.308456 -25.224392 -27.313473 -26.744724 -32.642677 -39.493958 -40.800120 -51.357727 -50.706254 -43.834509 -43.411163 -46.876761 -48.212804 -50.924388 -51.944898 -46.952292 -47.640710 -47.397673 -54.143461 -50.332214 -46.115402 -46.394547 
-26.868780 -17.524838 -13.360957 -18.561165 -25.874125 -24.939891 -28.180400 -28.496834 -27.373381 -19.889292 -15.851632 -16.228042 -20.601157 -26.548882 -27.709221 -26.450459 -22.088095 -24.072494 -25.739494 -30.296524 -31.589737 -37.031828 -45.716758 -42.855744 -44.291479 -54.655828 -50.454550 -49.317948 -47.525292 -52.164338 -51.238488 -50.691494 -58.761992 -55.940104 -50.787425 -50.145743 -58.124134 -56.218587 -50.971213 -53.956338 
-14.262913 -19.626069 -20.428568 -29.580923 -36.150237 -39.513467 -36.220422 -42.386766 -31.072367 -24.888850 -23.791508 -25.973856 -29.962747 -32.363805 -32.130248 -34.718833 -25.637179 -26.815069 -28.078226 -34.471534 -38.829500 -45.134670 -45.876367 -55.154351 -55.170872 -56.843927 -59.048468 -60.393550 -59.124681 -61.223208 -62.435317 -59.993160 -61.639144 -60.526729 -63.723279 -61.548508 -64.910647 -64.498212 -62.816304 -61.733558 
-21.427299 -23.720278 -16.782680 -24.055908 -41.457931 -39.239604 -45.467999 -50.905009 -31.262776 -26.328842 -28.377974 -34.360488 -33.201364 -38.381679 -35.198138 -36.811696 -37.120867 -34.272783 -30.863362 -38.384672 -44.115775 -46.071416 -49.080672 -57.654334 -61.706505 -64.558139 -66.734956 -65.468480 -63.679255 -62.819578 -63.947878 -63.808857 -64.143972 -63.515382 -73.488792 -67.229953 -67.206652 -72.047663 -70.397895 -69.026692 
-25.845978 -26.779661 -20.521972 -28.206615 -43.795571 -45.446998 -40.198619 -43.982146 -35.251644 -31.687864 -35.298582 -41.782316 -39.546274 -44.036542 -44.040836 -43.523256 -42.180069 -39.369800 -33.352785 -43.697662 -44.034353 -46.449925 -53.129923 -56.603640 -60.223837 -64.572477 -66.562284 -67.574574 -69.260178 -66.288290 -67.729073 -66.491573 -65.146073 -63.255408 -67.055799 -67.346381 -65.788751 -69.579768 -68.577511 -69.221863 
-21.532554 -27.147308 -27.947861 -37.481302 -47.036397 -47.735926 -42.857430 -43.135743 -39.398083 -35.833178 -40.005489 -49.593206 -42.637215 -46.996399 -53.682215 -44.076548 -42.886291 -41.946631 -39.232343 -43.096731 -47.489869 -52.777706 -56.382516 -60.279765 -60.684510 -64.990116 -64.574762 -66.974298 -66.143630 -64.211678 -65.648918 -71.077623 -67.094627 -66.471876 -65.144396 -66.235363 -65.672513 -70.157356 -69.368291 -71.178789 
-24.910312 -42.513908 -36.970402 -40.978564 -49.975052 -53.801610 -51.962688 -46.587135 -45.418479 -44.368526 -44.061780 -49.226625 -46.524484 -50.123649 -58.120124 -53.651473 -45.690514 -44.881456 -42.615604 -46.835708 -50.575078 -53.841678 -55.975286 -61.399985 -60.749052 -62.509239 -64.562932 -63.028993 -64.135829 -65.244422 -66.306143 -64.757952 -67.858714 -65.998032 -67.599162 -63.847041 -66.834005 -68.127548 -64.456257 -68.765853 
-26.871023 -33.977770 -38.532104 -41.665984 -48.778585 -49.449754 -52.304921 -44.296800 -40.892671 -42.120577 -37.611109 -42.970041 -46.551625 -49.458966 -51.842777 -50.296992 -48.391842 -46.806499 -46.017084 -52.409770 -59.166682 -56.548709 -54.010380 -57.718266 -58.241697 -59.285520 -60.455004 -63.940181 -59.052460 -55.491100 -60.712790 -55.304879 -55.846054 -57.466932 -62.783313 -58.807302 -56.384545 -55.508095 -63.138847 -61.522477 
3.198261 5.480948 2.727916 -3.203875 -6.022244 -4.383052 -4.522898 -7.477553 -15.174611 -16.360258 -14.736199 -16.334777 -16.761444 -16.131402 -16.890417 -15.409092 -12.183801 -11.836459 -12.687794 -14.592898 -17.937221 -21.028056 -17.976469 -18.076311 -21.460339 -29.442142 -27.945951 -27.977552 -31.639970 -32.016676 -30.278672 -23.577507 -23.966443 -30.743235 -29.848407 -29.891953 -35.206813 -25.243385 -28.280592 -40.262844 
15.224093 15.475626 7.081697 -8.872731 -12.494592 -4.261048 -3.719055 -5.047109 -12.897109 -13.379855 -7.442191 -7.120225 -11.776796 -12.605604 -19.620677 -10.660981 -9.712951 -5.606002 -5.699441 -14.470484 -17.341670 -19.512099 -14.897878 -17.456544 -21.016760 -22.112999 -24.810772 -21.921711 -26.449989 -26.620058 -31.063897 -26.153844 -25.101325 -27.695913 -28.122528 -30.884958 -33.460832 -26.338899 -28.225864 -34.603828 
15.860946 10.858671 -5.582529 -8.817140 -12.078401 -10.365692 -12.622178 -13.142331 -10.576573 -3.834279 -2.562572 -0.151653 -4.439163 -6.695166 -15.135637 -12.946873 -10.808552 1.367147 2.347668 -2.197493 -17.702588 -12.132929 -4.180455 -13.449067 -22.997172 -21.833099 -23.669715 -18.608338 -20.552417 -26.085212 -30.862854 -24.868676 -27.418493 -25.135626 -25.025828 -32.622553 -31.113302 -24.461412 -27.821186 -32.427274 
10.082393 1.569472 -9.802301 -9.500686 -8.101405 -9.569215 -11.610010 -10.307599 -3.358065 -1.607612 6.671521 6.070423 -9.031938 -5.872596 -9.584971 -7.750170 -13.563506 -5.109871 5.608950 2.615153 -11.959940 -8.315960 -3.319414 -9.044809 -16.540989 -20.475535 -20.880702 -19.959964 -17.051953 -26.344797 -36.937217 -27.830841 -29.571709 -32.971238 -28.859712 -39.731463 -39.008605 -21.722276 -25.418645 -29.257009 
-0.484261 3.082540 -1.390292 -4.920397 -7.341376 -7.942822 -7.059320 -8.161501 -7.486668 -3.998340 4.023165 3.822449 -0.526799 -9.518527 -9.559432 -9.132417 -10.256140 -6.472655 3.892776 3.401042 -8.954526 -5.996945 -3.871104 -6.921498 -15.797758 -20.264227 -19.456760 -18.315254 -14.196569 -24.747579 -40.382721 -32.233388 -30.671944 -37.548046 -34.909171 -44.556545 -46.640719 -18.230530 -22.670723 -28.415078 
0.208114 13.406357 14.798077 6.297300 -1.808503 1.905645 0.629115 5.794039 2.530157 6.164099 3.897383 7.041356 1.856244 2.056423 -2.355737 -3.972953 -3.005143 -3.806998 5.021541 1.785160 -11.372246 -7.825527 -3.500586 -9.324809 -14.402475 -21.409767 -21.373927 -26.206598 -22.038392 -28.455751 -36.704959 -29.348081 -32.718817 -37.931044 -38.584691 -43.301916 -44.056791 -18.856511 -23.700251 -32.807689 
1.851699 16.751865 18.848075 10.811895 9.626265 5.529247 6.552128 4.930846 9.077597 13.604941 12.403122 8.950530 8.546909 3.989991 -0.089184 -0.110781 -0.909928 1.044745 2.660023 -2.542463 -7.083981 -6.863268 3.498891 -4.410274 -13.783582 -17.141807 -18.580492 -17.860215 -17.902700 -26.369412 -34.362947 -26.729397 -31.484348 -37.369529 -38.868307 -39.895227 -37.510128 -19.124386 -24.535922 -36.994463 
0.637483 15.702831 16.306848 9.486161 11.147986 2.048450 4.380189 6.391434 7.330751 14.662037 14.633371 13.939934 8.099875 5.495855 0.247144 -0.020888 0.214222 3.428622 3.203165 1.069844 -7.025853 -9.657442 -1.929387 -8.830728 -14.144851 -16.584461 -16.281106 -14.213629 -16.316898 -23.857905 -36.448498 -33.875271 -38.154336 -39.327847 -42.250318 -43.206369 -34.524202 -23.024798 -28.071674 -39.870713 
-0.444480 13.724526 13.700979 9.563760 10.310085 -0.767184 -1.637091 6.747920 4.177835 12.456142 18.212155 15.268652 7.815435 5.110696 -2.323563 -0.723420 -2.447710 2.286722 2.114162 -0.700800 -6.990467 -8.331459 -2.137272 -4.605883 -12.911686 -16.111224 -18.322147 -15.809407 -15.733579 -19.928692 -36.452743 -35.255944 -37.260911 -38.144719 -41.679495 -41.787345 -32.554285 -28.350525 -32.064842 -38.732696 
-0.387401 13.512599 11.974246 9.848369 9.234782 -2.479861 -1.607841 7.900131 5.399085 11.069723 18.288576 13.487971 11.655139 5.004834 0.640490 1.897881 -0.966652 3.737434 9.251535 4.818253 -3.213138 -6.542630 -3.663035 -4.024407 -12.522732 -15.711839 -17.855594 -12.961700 -11.364677 -20.009938 -38.703009 -31.144495 -30.815948 -34.189298 -39.089121 -40.883578 -32.471702 -30.942800 -33.078893 -40.085221 
-1.604593 12.505160 9.170477 8.733054 5.816534 -5.997213 -1.003588 6.865807 3.496327 10.852630 14.813537 16.099986 11.556267 4.257695 1.803276 0.151571 -2.876146 4.733975 9.423923 1.716836 -4.177612 -6.167421 -0.862285 -4.074549 -14.455037 -16.951841 -18.896926 -14.384487 -14.372051 -21.770211 -39.981317 -30.307669 -26.451735 -25.504692 -30.484807 -34.238885 -31.839546 -28.602418 -29.441925 -39.692919 
-1.695595 11.325023 7.208839 7.447432 4.126049 -13.576533 -0.851983 2.693376 -1.374467 5.718097 9.582250 15.950186 10.289808 5.544290 0.100640 -0.387049 -2.934801 1.504093 4.223094 -2.131355 -4.028708 -5.042851 -2.473717 -4.932156 -14.427095 -19.379200 -19.505218 -15.715086 -16.244454 -21.969970 -37.118172 -35.721682 -32.398620 -30.688957 -33.155485 -36.687641 -35.235185 -33.138758 -34.721855 -42.441609 
-0.496377 10.174245 5.000771 6.479494 2.256777 -12.020355 -1.761970 0.991760 -4.029815 4.541136 8.361013 13.339978 12.276429 4.354107 -2.825266 -1.911968 -3.714489 1.583578 4.105307 -1.363117 -7.106734 -7.705230 -5.163565 -7.136246 -15.219543 -19.522706 -16.350183 -15.178356 -14.119470 -22.182849 -38.744531 -35.903523 -33.951136 -36.198457 -40.198536 -44.161928 -38.446842 -37.247362 -36.704651 -45.688530 
-2.205334 8.762082 4.802764 5.921394 1.029743 -9.269409 -3.088865 0.637996 -1.914334 3.943916 8.404901 12.801262 12.139035 2.222749 -0.186630 -1.240024 -2.333859 0.421055 6.273543 -0.963440 -5.391689 -8.026909 -4.506741 -5.201000 -15.587916 -19.852701 -17.242882 -15.510620 -15.001781 -23.753311 -39.648835 -33.865153 -34.039417 -38.868441 -42.328332 -51.548517 -46.533058 -42.259697 -41.400552 -48.690270 
-2.723968 8.017254 4.419810 5.522387 -1.117341 -9.128825 -1.668348 -2.705552 -3.813449 3.661268 5.395596 12.861776 10.911270 0.283736 -0.968720 -3.306322 -2.719858 1.686719 5.313324 -0.073578 -4.584352 -9.465006 -5.983943 -6.516831 -15.543897 -20.088808 -20.126359 -15.638618 -14.113497 -21.765713 -34.664653 -33.855064 -33.216742 -36.557036 -38.917210 -41.575376 -41.796558 -39.508744 -38.267782 -42.153472 
-1.536699 7.551603 3.361193 4.113746 -3.109563 -10.813394 -2.082410 -3.973685 -3.842390 2.613794 -0.005406 12.084344 9.007549 1.494386 -0.798700 -4.066013 -5.657767 0.655110 4.698564 -1.456366 -6.735942 -9.319360 -6.936402 -8.874781 -19.601100 -23.088586 -22.009769 -16.875161 -15.614983 -23.910928 -38.896051 -40.869156 -36.787566 -41.812104 -47.943188 -55.634938 -55.089259 -47.049283 -41.778923 -48.672016 
-2.813318 6.159911 2.592789 3.086105 -5.101644 -9.553754 -4.076019 -9.091251 -5.253217 0.515843 0.647379 10.776786 6.081944 2.099404 -2.685136 -5.101677 -8.583826 -1.966309 2.802781 -4.098552 -7.584038 -9.482516 -7.475099 -10.381917 -20.997855 -28.640828 -24.992072 -20.089421 -18.884621 -27.506745 -36.127380 -42.988507 -40.451428 -43.626117 -47.615382 -51.414295 -51.811660 -49.047937 -42.112468 -45.918272 
-2.985990 5.459666 2.104060 2.594812 -5.781500 -10.665032 -6.282736 -9.846094 -7.504243 -0.358256 -1.494320 4.466755 -0.319625 -2.046850 -10.639026 -9.897904 -11.264593 -6.065114 -0.312646 -4.693179 -11.803494 -12.920665 -9.963179 -16.889072 -25.342563 -30.740846 -28.905402 -26.495271 -25.440410 -31.067414 -36.955640 -41.034869 -39.643133 -42.139206 -48.734965 -56.102932 -56.882361 -50.466028 -42.777899 -45.356394 
-2.605104 4.569906 1.114567 0.709568 -6.648719 -11.864831 -8.126053 -12.838443 -8.449804 -3.935800 -5.625205 2.449296 -2.643317 -5.754301 -12.392427 -12.352525 -10.153559 -7.209153 -1.509429 -5.798546 -13.880031 -15.308495 -11.886054 -20.989474 -31.087735 -36.945393 -32.450219 -32.933959 -31.329852 -36.470874 -41.913844 -43.228951 -40.004114 -42.804710 -45.166751 -52.782530 -53.257139 -49.345050 -43.059363 -48.936664 
-5.955023 3.224109 -0.536885 -3.571146 -8.003374 -12.050294 -13.317866 -17.655463 -17.057018 -16.959150 -15.277778 -11.528302 -8.521067 -10.995365 -16.724878 -15.655308 -17.929069 -15.182565 -6.608695 -12.207248 -19.068627 -15.222609 -13.871487 -18.508266 -29.185380 -39.545186 -40.076519 -36.496810 -36.306065 -37.529691 -44.509498 -42.288171 -39.682561 -42.828473 -44.985030 -58.509505 -58.233204 -51.622776 -44.799536 -50.079663 
-5.038199 2.258137 -3.613459 -9.900863 -9.923822 -16.037076 -22.991878 -18.746855 -20.309139 -16.599977 -12.782032 -16.481640 -13.877337 -19.307782 -19.559118 -21.468904 -16.256258 -18.032723 -11.897987 -10.453875 -18.950535 -12.054553 -11.725383 -20.580028 -31.977191 -44.693683 -44.283454 -38.971143 -34.985122 -41.409052 -47.920445 -42.177543 -42.837837 -42.472630 -44.261344 -54.143725 -54.311834 -53.660745 -51.301145 -52.362047 
-6.698833 1.046017 -2.848735 -13.701978 -16.277169 -17.628848 -19.703315 -19.253486 -18.027643 -19.621560 -16.211556 -12.656161 -17.595516 -21.603134 -20.983795 -22.357002 -23.271515 -20.673109 -19.243776 -7.913780 -10.014855 -15.943065 -18.905870 -27.953073 -36.843913 -47.166781 -38.486797 -36.480775 -38.468109 -41.249515 -49.947700 -44.483060 -43.323786 -41.037645 -45.236818 -56.365847 -56.441148 -54.137720 -53.222072 -53.434435 
-12.798043 -4.486539 -8.960010 -19.613785 -24.137703 -20.134583 -19.032189 -23.713889 -25.610686 -19.637800 -15.570811 -15.936595 -18.019413 -25.778237 -30.288301 -33.522727 -41.482889 -30.576640 -24.589681 -15.057563 -9.624216 -11.487135 -20.053470 -31.187460 -41.706027 -56.196416 -45.780402 -44.404832 -40.263914 -45.251081 -54.128654 -52.897255 -52.928891 -50.505755 -53.638014 -61.824620 -57.942767 -57.068502 -58.789726 -56.919724 
-18.904410 -14.988730 -19.471032 -31.332559 -34.537968 -28.165108 -31.998737 -33.738826 -31.886886 -30.702040 -28.575694 -28.830165 -28.783961 -36.716765 -39.905414 -42.190536 -43.749187 -38.459140 -38.233496 -22.780757 -15.159337 -19.958943 -28.620024 -37.596096 -45.445756 -53.750265 -52.219508 -48.467317 -48.916694 -54.314669 -56.530507 -57.315571 -59.298381 -57.653202 -59.042018 -60.720339 -55.950940 -59.005532 -61.854656 -57.267442 
-15.727042 -23.325463 -32.288696 -34.899478 -37.653372 -41.371191 -37.593426 -43.202864 -53.539663 -35.964468 -34.511275 -37.246150 -37.761065 -39.564243 -44.654584 -48.750442 -49.770474 -43.902704 -39.960056 -26.787780 -25.322266 -27.900603 -39.677734 -46.358464 -52.775742 -61.141849 -53.862759 -53.570001 -55.846805 -57.793635 -57.586760 -60.796344 -62.822221 -61.404328 -64.106831 -65.447908 -65.551925 -62.574341 -64.219127 -62.355253 
-18.759471 -22.182376 -30.572971 -41.485583 -48.261009 -47.539209 -41.780199 -43.290563 -47.892170 -45.202876 -40.952184 -36.543357 -37.884502 -48.319966 -49.416074 -50.554695 -49.340568 -45.925537 -46.656478 -43.401111 -38.410542 -38.036738 -45.783213 -51.878736 -59.532627 -61.415102 -63.882988 -62.471109 -60.449924 -64.202061 -64.584369 -62.082967 -62.830553 -60.772732 -65.771995 -67.700104 -69.326278 -67.579470 -66.730444 -65.370558 
-20.588019 -21.552324 -29.431779 -42.922383 -53.847945 -50.742869 -47.883030 -47.796255 -52.153494 -50.662875 -43.032891 -42.744853 -53.442420 -57.570677 -56.290079 -58.344314 -56.944176 -52.326926 -50.183181 -48.388222 -52.717629 -54.124161 -56.651283 -63.066138 -63.329717 -65.079725 -66.823199 -63.445937 -62.609691 -61.949573 -62.458396 -61.964956 -65.785572 -66.750970 -66.014229 -65.268727 -69.621539 -67.346605 -67.657902 -66.639270 
-20.094094 -20.253414 -31.136989 -37.830192 -49.588979 -50.282959 -47.732139 -57.602042 -50.466010 -51.764869 -52.648850 -52.794849 -52.967367 -61.410863 -56.551859 -62.787470 -60.289708 -54.126018 -55.674341 -48.327451 -51.163938 -54.954486 -59.736724 -60.976180 -62.698773 -61.198862 -64.399783 -65.108381 -65.377695 -65.037711 -64.108390 -64.538372 -67.976465 -65.824503 -66.840714 -64.694000 -66.259888 -65.901101 -66.109051 -68.380791 
-21.353279 -22.502544 -33.107922 -43.661509 -60.585927 -57.042864 -51.798482 -51.592953 -53.757970 -57.013992 -59.365418 -54.751727 -53.098693 -58.330485 -58.200454 -52.917504 -50.690194 -50.162295 -50.677568 -45.326202 -46.047219 -47.984936 -55.042525 -61.226225 -63.026218 -61.057213 -64.566751 -62.342364 -60.168164 -60.570266 -62.085946 -63.463547 -64.184492 -63.760703 -59.828323 -62.245917 -61.197385 -59.812256 -60.397768 -61.292095 
-18.167318 -24.674020 -19.954919 -23.245180 -20.484429 -15.850123 -13.177045 -13.074454 -15.119210 -18.150967 -22.912238 -21.308601 -16.881368 -14.791329 -15.271125 -15.100797 -14.481537 -16.112281 -13.251290 -10.221150 -12.135052 -14.697002 -17.255182 -23.252618 -26.491479 -26.810871 -29.524849 -32.799411 -29.802874 -32.851619 -35.800568 -38.024959 -37.228363 -39.207875 -42.831143 -52.483933 -50.936040 -37.320710 -33.181078 -41.855139 
-10.695215 -10.671803 -16.703836 -23.140028 -19.706965 -12.424074 -8.515973 -10.432162 -14.009480 -17.050338 -27.050240 -23.325455 -15.291162 -13.256829 -15.205150 -15.600884 -13.478172 -17.520757 -12.527009 -7.498677 -11.548957 -14.276371 -15.957683 -23.634810 -27.025007 -26.112655 -29.475539 -33.539355 -27.563013 -32.170515 -34.557792 -35.364970 -32.942321 -35.734161 -41.932260 -45.856563 -42.268719 -31.050814 -29.012417 -38.338087 
-13.574319 -16.207798 -20.638204 -27.806221 -29.804531 -24.486328 -27.802731 -21.831696 -32.216752 -34.731254 -34.953775 -32.086045 -31.475675 -36.085600 -35.326698 -32.548227 -33.338463 -30.862368 -29.474828 -30.180049 -26.220109 -24.768311 -27.682922 -30.566074 -32.967300 -35.615205 -39.209314 -40.478955 -36.166803 -40.558768 -42.394153 -39.503326 -39.734162 -38.965853 -43.963131 -45.690769 -41.782666 -33.426027 -34.421364 -41.388455 
-22.591152 -23.699898 -32.444100 -35.759508 -34.325338 -31.267434 -31.709846 -27.557948 -31.802062 -30.980015 -28.442875 -30.341833 -29.774814 -33.670122 -37.896240 -31.931844 -32.687248 -32.139600 -30.365806 -26.893045 -27.197133 -24.241189 -32.538796 -30.989809 -33.086452 -33.052591 -42.019170 -40.199324 -36.055570 -41.410092 -45.110070 -37.890687 -34.982171 -37.844425 -40.971417 -55.285669 -45.691663 -36.796134 -41.009898 -50.037842 
-25.526021 -23.891234 -29.364128 -35.621432 -37.178906 -35.002915 -28.260898 -19.427749 -27.924928 -35.785390 -35.072613 -29.512553 -31.651673 -33.358631 -38.711718 -40.665355 -32.842715 -32.225530 -24.792072 -17.218100 -25.562541 -23.867415 -32.384065 -32.394865 -38.870947 -37.708664 -43.394898 -45.027784 -37.588371 -43.301615 -50.312401 -40.078874 -39.313298 -43.445252 -43.155941 -55.101389 -47.517410 -42.032811 -46.972443 -51.559337 
-28.130950 -23.205177 -28.040031 -28.842218 -31.255863 -29.198881 -23.114658 -23.812049 -27.291287 -37.991988 -35.758413 -34.445960 -29.288067 -36.202028 -43.956605 -45.870210 -38.010325 -34.422691 -24.576502 -23.250087 -29.541651 -30.019913 -34.042386 -40.537031 -43.500685 -44.724087 -48.679435 -47.307037 -40.156424 -43.803594 -52.935749 -46.068868 -46.636810 -51.573577 -48.724629 -55.080165 -50.862385 -46.233378 -50.732962 -56.011678 
-30.566122 -34.644966 -28.965617 -28.905175 -35.912832 -35.444158 -25.270324 -20.033348 -30.131147 -36.815050 -36.397199 -28.435760 -29.384058 -37.218442 -41.755029 -44.922657 -45.563302 -37.653567 -25.623733 -25.021236 -33.129426 -34.187061 -40.841601 -44.416915 -50.778740 -48.160478 -50.266275 -47.127635 -46.125513 -51.745314 -58.759711 -52.679396 -52.698103 -56.031902 -55.284727 -57.297772 -50.710209 -51.002565 -57.598738 -59.409920 
-32.614275 -37.970411 -28.808365 -27.603393 -37.985915 -34.355506 -27.112695 -21.591674 -28.874761 -38.632422 -32.518140 -33.086189 -45.540298 -44.433281 -46.207791 -47.982879 -42.904656 -37.238222 -25.988791 -24.658178 -32.604623 -36.535252 -39.676549 -43.836308 -51.481642 -53.725168 -55.732225 -53.067987 -49.640872 -54.612914 -61.710161 -55.382666 -53.282425 -57.284875 -59.696244 -62.289209 -55.767886 -55.484436 -63.446283 -67.683358 
-34.575085 -29.908567 -26.098885 -26.317262 -37.958848 -42.603319 -36.569995 -32.728401 -40.170263 -43.157940 -42.375089 -38.704265 -34.366775 -40.324851 -45.277861 -44.871237 -42.998393 -40.307357 -30.274788 -31.994078 -37.350649 -35.531945 -44.685402 -47.393182 -55.963385 -62.001718 -58.814203 -56.489570 -56.534564 -59.487118 -63.391886 -63.530484 -62.167162 -63.049150 -63.121922 -62.933031 -58.975393 -62.250741 -68.886892 -73.831594 
-25.755848 -22.115202 -27.280145 -37.191537 -42.112337 -40.922529 -40.909892 -44.751132 -42.357115 -47.545751 -49.712668 -41.530115 -38.106115 -41.131086 -44.841204 -45.785891 -46.134574 -42.029411 -32.900391 -36.016532 -46.368054 -43.513153 -48.018837 -52.110753 -60.241772 -63.229352 -67.012308 -59.046977 -59.978937 -61.394557 -64.940723 -62.121483 -68.942125 -67.608907 -66.563854 -65.942307 -59.644798 -63.158588 -70.379539 -75.409664 
-25.080740 -25.989560 -35.677900 -36.409233 -34.535398 -40.178056 -38.433823 -35.935660 -41.256826 -49.060341 -51.521977 -48.297849 -42.739900 -42.293533 -48.176473 -44.269895 -49.484310 -44.143956 -33.103179 -35.166841 -46.992984 -44.370530 -45.022887 -50.300917 -59.256933 -60.130694 -68.386093 -60.704989 -59.166588 -63.965790 -67.347009 -63.523717 -68.464757 -66.510690 -69.675463 -65.513412 -62.785130 -66.075538 -71.542920 -75.069597 
-39.691575 -39.565689 -43.425209 -46.643953 -43.494009 -47.894269 -55.551205 -46.519618 -53.929837 -56.284414 -55.547500 -53.552703 -52.399781 -61.321523 -60.466910 -59.853644 -60.410334 -53.722874 -47.629580 -52.602393 -57.262557 -54.039835 -55.352478 -59.308496 -63.358320 -65.424735 -72.134609 -69.937925 -65.877077 -67.421859 -68.927294 -66.071387 -70.838647 -68.092512 -73.478180 -68.242321 -64.668529 -67.831354 -74.732058 -75.063666 
-54.029773 -54.349345 -59.832287 -69.478308 -65.989962 -61.534550 -55.497077 -61.425132 -62.322023 -62.759919 -59.285795 -65.725219 -65.098129 -63.963338 -61.860558 -69.895436 -65.380879 -58.225529 -53.770908 -66.581326 -64.901364 -63.095296 -64.946127 -67.703660 -74.504624 -72.678044 -70.897147 -71.879080 -69.424606 -71.454116 -72.040094 -68.432628 -74.369288 -72.088486 -73.644622 -72.373497 -67.309682 -69.456225 -74.727595 -73.404805 
-54.418216 -66.088932 -64.965585 -67.669968 -68.534206 -63.930327 -64.933575 -67.962671 -67.601721 -69.685720 -70.978904 -72.950111 -69.590317 -70.185494 -67.693741 -74.813473 -72.537856 -71.170304 -67.555037 -71.876398 -70.137756 -67.574611 -70.205737 -70.307319 -74.971381 -74.124121 -73.278156 -75.855106 -72.520886 -73.107438 -72.415255 -70.698071 -73.583896 -74.244129 -70.636526 -74.212982 -71.242504 -73.306988 -75.474301 -73.633069 
-54.851469 -73.455020 -66.679632 -68.976690 -76.407574 -69.191598 -72.995797 -75.920769 -78.754097 -75.009042 -76.687755 -71.919001 -69.380459 -73.847303 -72.282806 -72.465426 -67.741582 -72.126138 -75.661376 -75.682016 -72.155473 -68.488978 -73.125016 -71.816088 -75.608218 -73.047134 -73.696776 -76.403104 -71.790777 -71.190562 -71.726977 -74.690895 -76.023198 -74.700417 -72.953027 -74.207176 -72.438502 -73.944682 -71.123048 -72.548169 
-57.636566 -76.110642 -75.597589 -75.003581 -77.599564 -80.479523 -73.031395 -68.221093 -70.858127 -69.747859 -71.518661 -73.269014 -79.420673 -72.868804 -69.774535 -72.268971 -70.262816 -73.071608 -78.039935 -77.257021 -72.178942 -71.479678 -72.435661 -74.219473 -75.348631 -70.149688 -74.197549 -74.057019 -75.079030 -72.428680 -73.189840 -77.477160 -75.535500 -76.140991 -77.061633 -74.842069 -73.142603 -73.961813 -74.097416 -79.462180 
-55.923717 -84.598180 -82.801770 -71.597288 -68.654428 -70.097298 -73.171966 -73.370639 -70.209316 -78.469596 -75.289027 -75.115396 -75.818408 -71.436817 -73.449745 -70.975687 -67.164224 -70.826136 -71.034949 -73.584080 -71.426070 -74.470278 -73.092146 -74.987164 -72.141656 -71.626516 -73.606808 -73.288827 -72.850256 -73.717936 -77.230417 -77.643083 -75.455579 -75.476811 -73.284703 -74.263123 -71.004737 -72.337644 -72.922783 -75.164737 
-55.473210 -76.525584 -77.607784 -79.754926 -83.854005 -70.808140 -69.455419 -76.036660 -74.800333 -81.487968 -75.395937 -77.717038 -74.169740 -73.931458 -75.891000 -75.024998 -77.935895 -78.779674 -73.646327 -78.591039 -78.046615 -73.707105 -73.413774 -71.736353 -72.984723 -72.370191 -72.611807 -74.202877 -73.084746 -72.692714 -74.707134 -75.681430 -72.725036 -74.640006 -74.220461 -75.058828 -73.917256 -76.552529 -74.686388 -73.942455 
-56.917423 -78.907854 -78.873879 -79.892068 -77.303278 -79.503586 -74.918197 -71.746873 -71.449736 -71.242003 -75.899688 -70.464082 -73.896217 -72.668028 -74.404186 -75.123772 -75.391623 -72.907474 -69.230586 -72.812782 -75.263188 -78.053514 -75.150944 -72.932154 -74.207587 -71.918448 -76.198565 -75.980669 -74.591331 -74.243060 -72.799588 -71.619030 -73.670334 -76.199274 -73.712675 -74.286775 -75.849219 -75.565402 -73.012514 -76.167642 
-56.284973 -73.390775 -78.518015 -81.717514 -75.192779 -71.660387 -73.255959 -70.178125 -70.103800 -72.426756 -80.791523 -70.739959 -73.720528 -72.943417 -73.406315 -76.808955 -74.021968 -73.876138 -70.431327 -69.952520 -72.251967 -76.140872 -75.179851 -72.453301 -74.787473 -76.664890 -73.618410 -73.750042 -72.963954 -71.674713 -73.477553 -75.858425 -72.509306 -75.524933 -77.012245 -73.660113 -72.501222 -73.904134 -74.941446 -75.708185 
-55.192848 -63.344732 -69.006525 -68.378914 -70.187374 -75.674000 -72.556944 -73.578789 -73.092006 -76.283534 -82.666100 -77.996857 -76.248746 -79.645959 -71.185285 -74.570762 -77.443774 -75.233464 -82.611181 -78.586779 -73.928955 -69.020499 -75.146271 -76.729725 -77.043074 -80.385190 -73.222727 -74.155307 -71.073917 -74.503761 -76.433722 -73.074636 -75.194515 -75.660530 -78.631020 -74.656286 -74.993809 -74.329248 -75.500441 -74.259593 
-75.562226 -76.082511 -77.753420 -81.635814 -86.325784 -87.212404 -86.636373 -87.321441 -90.550808 -91.354710 -95.597287 -100.060582 -100.321817 -93.213797 -87.027721 -90.914637 -91.687106 -86.968768 -91.648028 -96.269998 -87.836878 -86.684743 -90.296344 -89.724913 -100.521699 -95.848495 -89.393501 -86.929609 -86.707247 -92.427001 -92.818581 -90.059119 -88.122155 -88.267980 -89.185772 -89.134981 -90.828875 -88.012075 -89.305498 -88.666105 
NaN NaN NaN NaN NaN NaN NaN NaN NaN NaN NaN NaN NaN NaN NaN NaN NaN NaN NaN NaN NaN NaN NaN NaN NaN NaN NaN NaN NaN NaN NaN NaN NaN NaN NaN NaN NaN NaN NaN NaN 
NaN NaN NaN NaN NaN NaN NaN NaN NaN NaN NaN NaN NaN NaN NaN NaN NaN NaN NaN NaN NaN NaN NaN NaN NaN NaN NaN NaN NaN NaN NaN NaN NaN NaN NaN NaN NaN NaN NaN NaN 
NaN NaN NaN NaN NaN NaN NaN NaN NaN NaN NaN NaN NaN NaN NaN NaN NaN NaN NaN NaN NaN NaN NaN NaN NaN NaN NaN NaN NaN NaN NaN NaN NaN NaN NaN NaN NaN NaN NaN NaN 
NaN NaN NaN NaN NaN NaN NaN NaN NaN NaN NaN NaN NaN NaN NaN NaN NaN NaN NaN NaN NaN NaN NaN NaN NaN NaN NaN NaN NaN NaN NaN NaN NaN NaN NaN NaN NaN NaN NaN NaN 
NaN NaN NaN NaN NaN NaN NaN NaN NaN NaN NaN NaN NaN NaN NaN NaN NaN NaN NaN NaN NaN NaN NaN NaN NaN NaN NaN NaN NaN NaN NaN NaN NaN NaN NaN NaN NaN NaN NaN NaN 
NaN NaN NaN NaN NaN NaN NaN NaN NaN NaN NaN NaN NaN NaN NaN NaN NaN NaN NaN NaN NaN NaN NaN NaN NaN NaN NaN NaN NaN NaN NaN NaN NaN NaN NaN NaN NaN NaN NaN NaN 
NaN NaN NaN NaN NaN NaN NaN NaN NaN NaN NaN NaN NaN NaN NaN NaN NaN NaN NaN NaN NaN NaN NaN NaN NaN NaN NaN NaN NaN NaN NaN NaN NaN NaN NaN NaN NaN NaN NaN NaN 
NaN NaN NaN NaN NaN NaN NaN NaN NaN NaN NaN NaN NaN NaN NaN NaN NaN NaN NaN NaN NaN NaN NaN NaN NaN NaN NaN NaN NaN NaN NaN NaN NaN NaN NaN NaN NaN NaN NaN NaN 
NaN NaN NaN NaN NaN NaN NaN NaN NaN NaN NaN NaN NaN NaN NaN NaN NaN NaN NaN NaN NaN NaN NaN NaN NaN NaN NaN NaN NaN NaN NaN NaN NaN NaN NaN NaN NaN NaN NaN NaN 
NaN NaN NaN NaN NaN NaN NaN NaN NaN NaN NaN NaN NaN NaN NaN NaN NaN NaN NaN NaN NaN NaN NaN NaN NaN NaN NaN NaN NaN NaN NaN NaN NaN NaN NaN NaN NaN NaN NaN NaN 
NaN NaN NaN NaN NaN NaN NaN NaN NaN NaN NaN NaN NaN NaN NaN NaN NaN NaN NaN NaN NaN NaN NaN NaN NaN NaN NaN NaN NaN NaN NaN NaN NaN NaN NaN NaN NaN NaN NaN NaN 
NaN NaN NaN NaN NaN NaN NaN NaN NaN NaN NaN NaN NaN NaN NaN NaN NaN NaN NaN NaN NaN NaN NaN NaN NaN NaN NaN NaN NaN NaN NaN NaN NaN NaN NaN NaN NaN NaN NaN NaN 
NaN NaN NaN NaN NaN NaN NaN NaN NaN NaN NaN NaN NaN NaN NaN NaN NaN NaN NaN NaN NaN NaN NaN NaN NaN NaN NaN NaN NaN NaN NaN NaN NaN NaN NaN NaN NaN NaN NaN NaN 
NaN NaN NaN NaN NaN NaN NaN NaN NaN NaN NaN NaN NaN NaN NaN NaN NaN NaN NaN NaN NaN NaN NaN NaN NaN NaN NaN NaN NaN NaN NaN NaN NaN NaN NaN NaN NaN NaN NaN NaN 
NaN NaN NaN NaN NaN NaN NaN NaN NaN NaN NaN NaN NaN NaN NaN NaN NaN NaN NaN NaN NaN NaN NaN NaN NaN NaN NaN NaN NaN NaN NaN NaN NaN NaN NaN NaN NaN NaN NaN NaN 
NaN NaN NaN NaN NaN NaN NaN NaN NaN NaN NaN NaN NaN NaN NaN NaN NaN NaN NaN NaN NaN NaN NaN NaN NaN NaN NaN NaN NaN NaN NaN NaN NaN NaN NaN NaN NaN NaN NaN NaN 
NaN NaN NaN NaN NaN NaN NaN NaN NaN NaN NaN NaN NaN NaN NaN NaN NaN NaN NaN NaN NaN NaN NaN NaN NaN NaN NaN NaN NaN NaN NaN NaN NaN NaN NaN NaN NaN NaN NaN NaN 
NaN NaN NaN NaN NaN NaN NaN NaN NaN NaN NaN NaN NaN NaN NaN NaN NaN NaN NaN NaN NaN NaN NaN NaN NaN NaN NaN NaN NaN NaN NaN NaN NaN NaN NaN NaN NaN NaN NaN NaN 
NaN NaN NaN NaN NaN NaN NaN NaN NaN NaN NaN NaN NaN NaN NaN NaN NaN NaN NaN NaN NaN NaN NaN NaN NaN NaN NaN NaN NaN NaN NaN NaN NaN NaN NaN NaN NaN NaN NaN NaN 
NaN NaN NaN NaN NaN NaN NaN NaN NaN NaN NaN NaN NaN NaN NaN NaN NaN NaN NaN NaN NaN NaN NaN NaN NaN NaN NaN NaN NaN NaN NaN NaN NaN NaN NaN NaN NaN NaN NaN NaN 
NaN NaN NaN NaN NaN NaN NaN NaN NaN NaN NaN NaN NaN NaN NaN NaN NaN NaN NaN NaN NaN NaN NaN NaN NaN NaN NaN NaN NaN NaN NaN NaN NaN NaN NaN NaN NaN NaN NaN NaN 
NaN NaN NaN NaN NaN NaN NaN NaN NaN NaN NaN NaN NaN NaN NaN NaN NaN NaN NaN NaN NaN NaN NaN NaN NaN NaN NaN NaN NaN NaN NaN NaN NaN NaN NaN NaN NaN NaN NaN NaN 
NaN NaN NaN NaN NaN NaN NaN NaN NaN NaN NaN NaN NaN NaN NaN NaN NaN NaN NaN NaN NaN NaN NaN NaN NaN NaN NaN NaN NaN NaN NaN NaN NaN NaN NaN NaN NaN NaN NaN NaN 
NaN NaN NaN NaN NaN NaN NaN NaN NaN NaN NaN NaN NaN NaN NaN NaN NaN NaN NaN NaN NaN NaN NaN NaN NaN NaN NaN NaN NaN NaN NaN NaN NaN NaN NaN NaN NaN NaN NaN NaN 
NaN NaN NaN NaN NaN NaN NaN NaN NaN NaN NaN NaN NaN NaN NaN NaN NaN NaN NaN NaN NaN NaN NaN NaN NaN NaN NaN NaN NaN NaN NaN NaN NaN NaN NaN NaN NaN NaN NaN NaN 
NaN NaN NaN NaN NaN NaN NaN NaN NaN NaN NaN NaN NaN NaN NaN NaN NaN NaN NaN NaN NaN NaN NaN NaN NaN NaN NaN NaN NaN NaN NaN NaN NaN NaN NaN NaN NaN NaN NaN NaN 
NaN NaN NaN NaN NaN NaN NaN NaN NaN NaN NaN NaN NaN NaN NaN NaN NaN NaN NaN NaN NaN NaN NaN NaN NaN NaN NaN NaN NaN NaN NaN NaN NaN NaN NaN NaN NaN NaN NaN NaN 
NaN NaN NaN NaN NaN NaN NaN NaN NaN NaN NaN NaN NaN NaN NaN NaN NaN NaN NaN NaN NaN NaN NaN NaN NaN NaN NaN NaN NaN NaN NaN NaN NaN NaN NaN NaN NaN NaN NaN NaN 
NaN NaN NaN NaN NaN NaN NaN NaN NaN NaN NaN NaN NaN NaN NaN NaN NaN NaN NaN NaN NaN NaN NaN NaN NaN NaN NaN NaN NaN NaN NaN NaN NaN NaN NaN NaN NaN NaN NaN NaN 
NaN NaN NaN NaN NaN NaN NaN NaN NaN NaN NaN NaN NaN NaN NaN NaN NaN NaN NaN NaN NaN NaN NaN NaN NaN NaN NaN NaN NaN NaN NaN NaN NaN NaN NaN NaN NaN NaN NaN NaN 
NaN NaN NaN NaN NaN NaN NaN NaN NaN NaN NaN NaN NaN NaN NaN NaN NaN NaN NaN NaN NaN NaN NaN NaN NaN NaN NaN NaN NaN NaN NaN NaN NaN NaN NaN NaN NaN NaN NaN NaN 
NaN NaN NaN NaN NaN NaN NaN NaN NaN NaN NaN NaN NaN NaN NaN NaN NaN NaN NaN NaN NaN NaN NaN NaN NaN NaN NaN NaN NaN NaN NaN NaN NaN NaN NaN NaN NaN NaN NaN NaN 
NaN NaN NaN NaN NaN NaN NaN NaN NaN NaN NaN NaN NaN NaN NaN NaN NaN NaN NaN NaN NaN NaN NaN NaN NaN NaN NaN NaN NaN NaN NaN NaN NaN NaN NaN NaN NaN NaN NaN NaN 
NaN NaN NaN NaN NaN NaN NaN NaN NaN NaN NaN NaN NaN NaN NaN NaN NaN NaN NaN NaN NaN NaN NaN NaN NaN NaN NaN NaN NaN NaN NaN NaN NaN NaN NaN NaN NaN NaN NaN NaN 
NaN NaN NaN NaN NaN NaN NaN NaN NaN NaN NaN NaN NaN NaN NaN NaN NaN NaN NaN NaN NaN NaN NaN NaN NaN NaN NaN NaN NaN NaN NaN NaN NaN NaN NaN NaN NaN NaN NaN NaN 
NaN NaN NaN NaN NaN NaN NaN NaN NaN NaN NaN NaN NaN NaN NaN NaN NaN NaN NaN NaN NaN NaN NaN NaN NaN NaN NaN NaN NaN NaN NaN NaN NaN NaN NaN NaN NaN NaN NaN NaN 
NaN NaN NaN NaN NaN NaN NaN NaN NaN NaN NaN NaN NaN NaN NaN NaN NaN NaN NaN NaN NaN NaN NaN NaN NaN NaN NaN NaN NaN NaN NaN NaN NaN NaN NaN NaN NaN NaN NaN NaN 
NaN NaN NaN NaN NaN NaN NaN NaN NaN NaN NaN NaN NaN NaN NaN NaN NaN NaN NaN NaN NaN NaN NaN NaN NaN NaN NaN NaN NaN NaN NaN NaN NaN NaN NaN NaN NaN NaN NaN NaN 
NaN NaN NaN NaN NaN NaN NaN NaN NaN NaN NaN NaN NaN NaN NaN NaN NaN NaN NaN NaN NaN NaN NaN NaN NaN NaN NaN NaN NaN NaN NaN NaN NaN NaN NaN NaN NaN NaN NaN NaN 
NaN NaN NaN NaN NaN NaN NaN NaN NaN NaN NaN NaN NaN NaN NaN NaN NaN NaN NaN NaN NaN NaN NaN NaN NaN NaN NaN NaN NaN NaN NaN NaN NaN NaN NaN NaN NaN NaN NaN NaN 
NaN NaN NaN NaN NaN NaN NaN NaN NaN NaN NaN NaN NaN NaN NaN NaN NaN NaN NaN NaN NaN NaN NaN NaN NaN NaN NaN NaN NaN NaN NaN NaN NaN NaN NaN NaN NaN NaN NaN NaN 
NaN NaN NaN NaN NaN NaN NaN NaN NaN NaN NaN NaN NaN NaN NaN NaN NaN NaN NaN NaN NaN NaN NaN NaN NaN NaN NaN NaN NaN NaN NaN NaN NaN NaN NaN NaN NaN NaN NaN NaN 
NaN NaN NaN NaN NaN NaN NaN NaN NaN NaN NaN NaN NaN NaN NaN NaN NaN NaN NaN NaN NaN NaN NaN NaN NaN NaN NaN NaN NaN NaN NaN NaN NaN NaN NaN NaN NaN NaN NaN NaN 
NaN NaN NaN NaN NaN NaN NaN NaN NaN NaN NaN NaN NaN NaN NaN NaN NaN NaN NaN NaN NaN NaN NaN NaN NaN NaN NaN NaN NaN NaN NaN NaN NaN NaN NaN NaN NaN NaN NaN NaN 
NaN NaN NaN NaN NaN NaN NaN NaN NaN NaN NaN NaN NaN NaN NaN NaN NaN NaN NaN NaN NaN NaN NaN NaN NaN NaN NaN NaN NaN NaN NaN NaN NaN NaN NaN NaN NaN NaN NaN NaN 
NaN NaN NaN NaN NaN NaN NaN NaN NaN NaN NaN NaN NaN NaN NaN NaN NaN NaN NaN NaN NaN NaN NaN NaN NaN NaN NaN NaN NaN NaN NaN NaN NaN NaN NaN NaN NaN NaN NaN NaN 
NaN NaN NaN NaN NaN NaN NaN NaN NaN NaN NaN NaN NaN NaN NaN NaN NaN NaN NaN NaN NaN NaN NaN NaN NaN NaN NaN NaN NaN NaN NaN NaN NaN NaN NaN NaN NaN NaN NaN NaN 
NaN NaN NaN NaN NaN NaN NaN NaN NaN NaN NaN NaN NaN NaN NaN NaN NaN NaN NaN NaN NaN NaN NaN NaN NaN NaN NaN NaN NaN NaN NaN NaN NaN NaN NaN NaN NaN NaN NaN NaN 
NaN NaN NaN NaN NaN NaN NaN NaN NaN NaN NaN NaN NaN NaN NaN NaN NaN NaN NaN NaN NaN NaN NaN NaN NaN NaN NaN NaN NaN NaN NaN NaN NaN NaN NaN NaN NaN NaN NaN NaN 
NaN NaN NaN NaN NaN NaN NaN NaN NaN NaN NaN NaN NaN NaN NaN NaN NaN NaN NaN NaN NaN NaN NaN NaN NaN NaN NaN NaN NaN NaN NaN NaN NaN NaN NaN NaN NaN NaN NaN NaN 
NaN NaN NaN NaN NaN NaN NaN NaN NaN NaN NaN NaN NaN NaN NaN NaN NaN NaN NaN NaN NaN NaN NaN NaN NaN NaN NaN NaN NaN NaN NaN NaN NaN NaN NaN NaN NaN NaN NaN NaN 
NaN NaN NaN NaN NaN NaN NaN NaN NaN NaN NaN NaN NaN NaN NaN NaN NaN NaN NaN NaN NaN NaN NaN NaN NaN NaN NaN NaN NaN NaN NaN NaN NaN NaN NaN NaN NaN NaN NaN NaN 
NaN NaN NaN NaN NaN NaN NaN NaN NaN NaN NaN NaN NaN NaN NaN NaN NaN NaN NaN NaN NaN NaN NaN NaN NaN NaN NaN NaN NaN NaN NaN NaN NaN NaN NaN NaN NaN NaN NaN NaN 
NaN NaN NaN NaN NaN NaN NaN NaN NaN NaN NaN NaN NaN NaN NaN NaN NaN NaN NaN NaN NaN NaN NaN NaN NaN NaN NaN NaN NaN NaN NaN NaN NaN NaN NaN NaN NaN NaN NaN NaN 
NaN NaN NaN NaN NaN NaN NaN NaN NaN NaN NaN NaN NaN NaN NaN NaN NaN NaN NaN NaN NaN NaN NaN NaN NaN NaN NaN NaN NaN NaN NaN NaN NaN NaN NaN NaN NaN NaN NaN NaN 
NaN NaN NaN NaN NaN NaN NaN NaN NaN NaN NaN NaN NaN NaN NaN NaN NaN NaN NaN NaN NaN NaN NaN NaN NaN NaN NaN NaN NaN NaN NaN NaN NaN NaN NaN NaN NaN NaN NaN NaN 
NaN NaN NaN NaN NaN NaN NaN NaN NaN NaN NaN NaN NaN NaN NaN NaN NaN NaN NaN NaN NaN NaN NaN NaN NaN NaN NaN NaN NaN NaN NaN NaN NaN NaN NaN NaN NaN NaN NaN NaN 
NaN NaN NaN NaN NaN NaN NaN NaN NaN NaN NaN NaN NaN NaN NaN NaN NaN NaN NaN NaN NaN NaN NaN NaN NaN NaN NaN NaN NaN NaN NaN NaN NaN NaN NaN NaN NaN NaN NaN NaN 
NaN NaN NaN NaN NaN NaN NaN NaN NaN NaN NaN NaN NaN NaN NaN NaN NaN NaN NaN NaN NaN NaN NaN NaN NaN NaN NaN NaN NaN NaN NaN NaN NaN NaN NaN NaN NaN NaN NaN NaN 
NaN NaN NaN NaN NaN NaN NaN NaN NaN NaN NaN NaN NaN NaN NaN NaN NaN NaN NaN NaN NaN NaN NaN NaN NaN NaN NaN NaN NaN NaN NaN NaN NaN NaN NaN NaN NaN NaN NaN NaN 
NaN NaN NaN NaN NaN NaN NaN NaN NaN NaN NaN NaN NaN NaN NaN NaN NaN NaN NaN NaN NaN NaN NaN NaN NaN NaN NaN NaN NaN NaN NaN NaN NaN NaN NaN NaN NaN NaN NaN NaN 
NaN NaN NaN NaN NaN NaN NaN NaN NaN NaN NaN NaN NaN NaN NaN NaN NaN NaN NaN NaN NaN NaN NaN NaN NaN NaN NaN NaN NaN NaN NaN NaN NaN NaN NaN NaN NaN NaN NaN NaN 
NaN NaN NaN NaN NaN NaN NaN NaN NaN NaN NaN NaN NaN NaN NaN NaN NaN NaN NaN NaN NaN NaN NaN NaN NaN NaN NaN NaN NaN NaN NaN NaN NaN NaN NaN NaN NaN NaN NaN NaN 
NaN NaN NaN NaN NaN NaN NaN NaN NaN NaN NaN NaN NaN NaN NaN NaN NaN NaN NaN NaN NaN NaN NaN NaN NaN NaN NaN NaN NaN NaN NaN NaN NaN NaN NaN NaN NaN NaN NaN NaN 
NaN NaN NaN NaN NaN NaN NaN NaN NaN NaN NaN NaN NaN NaN NaN NaN NaN NaN NaN NaN NaN NaN NaN NaN NaN NaN NaN NaN NaN NaN NaN NaN NaN NaN NaN NaN NaN NaN NaN NaN 
NaN NaN NaN NaN NaN NaN NaN NaN NaN NaN NaN NaN NaN NaN NaN NaN NaN NaN NaN NaN NaN NaN NaN NaN NaN NaN NaN NaN NaN NaN NaN NaN NaN NaN NaN NaN NaN NaN NaN NaN 
NaN NaN NaN NaN NaN NaN NaN NaN NaN NaN NaN NaN NaN NaN NaN NaN NaN NaN NaN NaN NaN NaN NaN NaN NaN NaN NaN NaN NaN NaN NaN NaN NaN NaN NaN NaN NaN NaN NaN NaN 
NaN NaN NaN NaN NaN NaN NaN NaN NaN NaN NaN NaN NaN NaN NaN NaN NaN NaN NaN NaN NaN NaN NaN NaN NaN NaN NaN NaN NaN NaN NaN NaN NaN NaN NaN NaN NaN NaN NaN NaN 
NaN NaN NaN NaN NaN NaN NaN NaN NaN NaN NaN NaN NaN NaN NaN NaN NaN NaN NaN NaN NaN NaN NaN NaN NaN NaN NaN NaN NaN NaN NaN NaN NaN NaN NaN NaN NaN NaN NaN NaN 
NaN NaN NaN NaN NaN NaN NaN NaN NaN NaN NaN NaN NaN NaN NaN NaN NaN NaN NaN NaN NaN NaN NaN NaN NaN NaN NaN NaN NaN NaN NaN NaN NaN NaN NaN NaN NaN NaN NaN NaN 
NaN NaN NaN NaN NaN NaN NaN NaN NaN NaN NaN NaN NaN NaN NaN NaN NaN NaN NaN NaN NaN NaN NaN NaN NaN NaN NaN NaN NaN NaN NaN NaN NaN NaN NaN NaN NaN NaN NaN NaN 
