NaN NaN NaN NaN NaN NaN NaN NaN NaN NaN NaN NaN NaN NaN NaN NaN NaN NaN NaN NaN NaN NaN NaN NaN NaN NaN NaN NaN NaN NaN NaN NaN NaN NaN NaN NaN NaN NaN NaN NaN 
NaN NaN NaN NaN NaN NaN NaN NaN NaN NaN NaN NaN NaN NaN NaN NaN NaN NaN NaN NaN NaN NaN NaN NaN NaN NaN NaN NaN NaN NaN NaN NaN NaN NaN NaN NaN NaN NaN NaN NaN 
NaN NaN NaN NaN NaN NaN NaN NaN NaN NaN NaN NaN NaN NaN NaN NaN NaN NaN NaN NaN NaN NaN NaN NaN NaN NaN NaN NaN NaN NaN NaN NaN NaN NaN NaN NaN NaN NaN NaN NaN 
NaN NaN NaN NaN NaN NaN NaN NaN NaN NaN NaN NaN NaN NaN NaN NaN NaN NaN NaN NaN NaN NaN NaN NaN NaN NaN NaN NaN NaN NaN NaN NaN NaN NaN NaN NaN NaN NaN NaN NaN 
NaN NaN NaN NaN NaN NaN NaN NaN NaN NaN NaN NaN NaN NaN NaN NaN NaN NaN NaN NaN NaN NaN NaN NaN NaN NaN NaN NaN NaN NaN NaN NaN NaN NaN NaN NaN NaN NaN NaN NaN 
NaN NaN NaN NaN NaN NaN NaN NaN NaN NaN NaN NaN NaN NaN NaN NaN NaN NaN NaN NaN NaN NaN NaN NaN NaN NaN NaN NaN NaN NaN NaN NaN NaN NaN NaN NaN NaN NaN NaN NaN 
NaN NaN NaN NaN NaN NaN NaN NaN NaN NaN NaN NaN NaN NaN NaN NaN NaN NaN NaN NaN NaN NaN NaN NaN NaN NaN NaN NaN NaN NaN NaN NaN NaN NaN NaN NaN NaN NaN NaN NaN 
NaN NaN NaN NaN NaN NaN NaN NaN NaN NaN NaN NaN NaN NaN NaN NaN NaN NaN NaN NaN NaN NaN NaN NaN NaN NaN NaN NaN NaN NaN NaN NaN NaN NaN NaN NaN NaN NaN NaN NaN 
NaN NaN NaN NaN NaN NaN NaN NaN NaN NaN NaN NaN NaN NaN NaN NaN NaN NaN NaN NaN NaN NaN NaN NaN NaN NaN NaN NaN NaN NaN NaN NaN NaN NaN NaN NaN NaN NaN NaN NaN 
NaN NaN NaN NaN NaN NaN NaN NaN NaN NaN NaN NaN NaN NaN NaN NaN NaN NaN NaN NaN NaN NaN NaN NaN NaN NaN NaN NaN NaN NaN NaN NaN NaN NaN NaN NaN NaN NaN NaN NaN 
NaN NaN NaN NaN NaN NaN NaN NaN NaN NaN NaN NaN NaN NaN NaN NaN NaN NaN NaN NaN NaN NaN NaN NaN NaN NaN NaN NaN NaN NaN NaN NaN NaN NaN NaN NaN NaN NaN NaN NaN 
NaN NaN NaN NaN NaN NaN NaN NaN NaN NaN NaN NaN NaN NaN NaN NaN NaN NaN NaN NaN NaN NaN NaN NaN NaN NaN NaN NaN NaN NaN NaN NaN NaN NaN NaN NaN NaN NaN NaN NaN 
NaN NaN NaN NaN NaN NaN NaN NaN NaN NaN NaN NaN NaN NaN NaN NaN NaN NaN NaN NaN NaN NaN NaN NaN NaN NaN NaN NaN NaN NaN NaN NaN NaN NaN NaN NaN NaN NaN NaN NaN 
NaN NaN NaN NaN NaN NaN NaN NaN NaN NaN NaN NaN NaN NaN NaN NaN NaN NaN NaN NaN NaN NaN NaN NaN NaN NaN NaN NaN NaN NaN NaN NaN NaN NaN NaN NaN NaN NaN NaN NaN 
NaN NaN NaN NaN NaN NaN NaN NaN NaN NaN NaN NaN NaN NaN NaN NaN NaN NaN NaN NaN NaN NaN NaN NaN NaN NaN NaN NaN NaN NaN NaN NaN NaN NaN NaN NaN NaN NaN NaN NaN 
NaN NaN NaN NaN NaN NaN NaN NaN NaN NaN NaN NaN NaN NaN NaN NaN NaN NaN NaN NaN NaN NaN NaN NaN NaN NaN NaN NaN NaN NaN NaN NaN NaN NaN NaN NaN NaN NaN NaN NaN 
NaN NaN NaN NaN NaN NaN NaN NaN NaN NaN NaN NaN NaN NaN NaN NaN NaN NaN NaN NaN NaN NaN NaN NaN NaN NaN NaN NaN NaN NaN NaN NaN NaN NaN NaN NaN NaN NaN NaN NaN 
NaN NaN NaN NaN NaN NaN NaN NaN NaN NaN NaN NaN NaN NaN NaN NaN NaN NaN NaN NaN NaN NaN NaN NaN NaN NaN NaN NaN NaN NaN NaN NaN NaN NaN NaN NaN NaN NaN NaN NaN 
NaN NaN NaN NaN NaN NaN NaN NaN NaN NaN NaN NaN NaN NaN NaN NaN NaN NaN NaN NaN NaN NaN NaN NaN NaN NaN NaN NaN NaN NaN NaN NaN NaN NaN NaN NaN NaN NaN NaN NaN 
NaN NaN NaN NaN NaN NaN NaN NaN NaN NaN NaN NaN NaN NaN NaN NaN NaN NaN NaN NaN NaN NaN NaN NaN NaN NaN NaN NaN NaN NaN NaN NaN NaN NaN NaN NaN NaN NaN NaN NaN 
NaN NaN NaN NaN NaN NaN NaN NaN NaN NaN NaN NaN NaN NaN NaN NaN NaN NaN NaN NaN NaN NaN NaN NaN NaN NaN NaN NaN NaN NaN NaN NaN NaN NaN NaN NaN NaN NaN NaN NaN 
NaN NaN NaN NaN NaN NaN NaN NaN NaN NaN NaN NaN NaN NaN NaN NaN NaN NaN NaN NaN NaN NaN NaN NaN NaN NaN NaN NaN NaN NaN NaN NaN NaN NaN NaN NaN NaN NaN NaN NaN 
NaN NaN NaN NaN NaN NaN NaN NaN NaN NaN NaN NaN NaN NaN NaN NaN NaN NaN NaN NaN NaN NaN NaN NaN NaN NaN NaN NaN NaN NaN NaN NaN NaN NaN NaN NaN NaN NaN NaN NaN 
NaN NaN NaN NaN NaN NaN NaN NaN NaN NaN NaN NaN NaN NaN NaN NaN NaN NaN NaN NaN NaN NaN NaN NaN NaN NaN NaN NaN NaN NaN NaN NaN NaN NaN NaN NaN NaN NaN NaN NaN 
NaN NaN NaN NaN NaN NaN NaN NaN NaN NaN NaN NaN NaN NaN NaN NaN NaN NaN NaN NaN NaN NaN NaN NaN NaN NaN NaN NaN NaN NaN NaN NaN NaN NaN NaN NaN NaN NaN NaN NaN 
NaN NaN NaN NaN NaN NaN NaN NaN NaN NaN NaN NaN NaN NaN NaN NaN NaN NaN NaN NaN NaN NaN NaN NaN NaN NaN NaN NaN NaN NaN NaN NaN NaN NaN NaN NaN NaN NaN NaN NaN 
NaN NaN NaN NaN NaN NaN NaN NaN NaN NaN NaN NaN NaN NaN NaN NaN NaN NaN NaN NaN NaN NaN NaN NaN NaN NaN NaN NaN NaN NaN NaN NaN NaN NaN NaN NaN NaN NaN NaN NaN 
NaN NaN NaN NaN NaN NaN NaN NaN NaN NaN NaN NaN NaN NaN NaN NaN NaN NaN NaN NaN NaN NaN NaN NaN NaN NaN NaN NaN NaN NaN NaN NaN NaN NaN NaN NaN NaN NaN NaN NaN 
NaN NaN NaN NaN NaN NaN NaN NaN NaN NaN NaN NaN NaN NaN NaN NaN NaN NaN NaN NaN NaN NaN NaN NaN NaN NaN NaN NaN NaN NaN NaN NaN NaN NaN NaN NaN NaN NaN NaN NaN 
NaN NaN NaN NaN NaN NaN NaN NaN NaN NaN NaN NaN NaN NaN NaN NaN NaN NaN NaN NaN NaN NaN NaN NaN NaN NaN NaN NaN NaN NaN NaN NaN NaN NaN NaN NaN NaN NaN NaN NaN 
NaN NaN NaN NaN NaN NaN NaN NaN NaN NaN NaN NaN NaN NaN NaN NaN NaN NaN NaN NaN NaN NaN NaN NaN NaN NaN NaN NaN NaN NaN NaN NaN NaN NaN NaN NaN NaN NaN NaN NaN 
NaN NaN NaN NaN NaN NaN NaN NaN NaN NaN NaN NaN NaN NaN NaN NaN NaN NaN NaN NaN NaN NaN NaN NaN NaN NaN NaN NaN NaN NaN NaN NaN NaN NaN NaN NaN NaN NaN NaN NaN 
NaN NaN NaN NaN NaN NaN NaN NaN NaN NaN NaN NaN NaN NaN NaN NaN NaN NaN NaN NaN NaN NaN NaN NaN NaN NaN NaN NaN NaN NaN NaN NaN NaN NaN NaN NaN NaN NaN NaN NaN 
NaN NaN NaN NaN NaN NaN NaN NaN NaN NaN NaN NaN NaN NaN NaN NaN NaN NaN NaN NaN NaN NaN NaN NaN NaN NaN NaN NaN NaN NaN NaN NaN NaN NaN NaN NaN NaN NaN NaN NaN 
NaN NaN NaN NaN NaN NaN NaN NaN NaN NaN NaN NaN NaN NaN NaN NaN NaN NaN NaN NaN NaN NaN NaN NaN NaN NaN NaN NaN NaN NaN NaN NaN NaN NaN NaN NaN NaN NaN NaN NaN 
NaN NaN NaN NaN NaN NaN NaN NaN NaN NaN NaN NaN NaN NaN NaN NaN NaN NaN NaN NaN NaN NaN NaN NaN NaN NaN NaN NaN NaN NaN NaN NaN NaN NaN NaN NaN NaN NaN NaN NaN 
NaN NaN NaN NaN NaN NaN NaN NaN NaN NaN NaN NaN NaN NaN NaN NaN NaN NaN NaN NaN NaN NaN NaN NaN NaN NaN NaN NaN NaN NaN NaN NaN NaN NaN NaN NaN NaN NaN NaN NaN 
NaN NaN NaN NaN NaN NaN NaN NaN NaN NaN NaN NaN NaN NaN NaN NaN NaN NaN NaN NaN NaN NaN NaN NaN NaN NaN NaN NaN NaN NaN NaN NaN NaN NaN NaN NaN NaN NaN NaN NaN 
NaN NaN NaN NaN NaN NaN NaN NaN NaN NaN NaN NaN NaN NaN NaN NaN NaN NaN NaN NaN NaN NaN NaN NaN NaN NaN NaN NaN NaN NaN NaN NaN NaN NaN NaN NaN NaN NaN NaN NaN 
NaN NaN NaN NaN NaN NaN NaN NaN NaN NaN NaN NaN NaN NaN NaN NaN NaN NaN NaN NaN NaN NaN NaN NaN NaN NaN NaN NaN NaN NaN NaN NaN NaN NaN NaN NaN NaN NaN NaN NaN 
NaN NaN NaN NaN NaN NaN NaN NaN NaN NaN NaN NaN NaN NaN NaN NaN NaN NaN NaN NaN NaN NaN NaN NaN NaN NaN NaN NaN NaN NaN NaN NaN NaN NaN NaN NaN NaN NaN NaN NaN 
NaN NaN NaN NaN NaN NaN NaN NaN NaN NaN NaN NaN NaN NaN NaN NaN NaN NaN NaN NaN NaN NaN NaN NaN NaN NaN NaN NaN NaN NaN NaN NaN NaN NaN NaN NaN NaN NaN NaN NaN 
NaN NaN NaN NaN NaN NaN NaN NaN NaN NaN NaN NaN NaN NaN NaN NaN NaN NaN NaN NaN NaN NaN NaN NaN NaN NaN NaN NaN NaN NaN NaN NaN NaN NaN NaN NaN NaN NaN NaN NaN 
NaN NaN NaN NaN NaN NaN NaN NaN NaN NaN NaN NaN NaN NaN NaN NaN NaN NaN NaN NaN NaN NaN NaN NaN NaN NaN NaN NaN NaN NaN NaN NaN NaN NaN NaN NaN NaN NaN NaN NaN 
NaN NaN NaN NaN NaN NaN NaN NaN NaN NaN NaN NaN NaN NaN NaN NaN NaN NaN NaN NaN NaN NaN NaN NaN NaN NaN NaN NaN NaN NaN NaN NaN NaN NaN NaN NaN NaN NaN NaN NaN 
NaN NaN NaN NaN NaN NaN NaN NaN NaN NaN NaN NaN NaN NaN NaN NaN NaN NaN NaN NaN NaN NaN NaN NaN NaN NaN NaN NaN NaN NaN NaN NaN NaN NaN NaN NaN NaN NaN NaN NaN 
NaN NaN NaN NaN NaN NaN NaN NaN NaN NaN NaN NaN NaN NaN NaN NaN NaN NaN NaN NaN NaN NaN NaN NaN NaN NaN NaN NaN NaN NaN NaN NaN NaN NaN NaN NaN NaN NaN NaN NaN 
NaN NaN NaN NaN NaN NaN NaN NaN NaN NaN NaN NaN NaN NaN NaN NaN NaN NaN NaN NaN NaN NaN NaN NaN NaN NaN NaN NaN NaN NaN NaN NaN NaN NaN NaN NaN NaN NaN NaN NaN 
NaN NaN NaN NaN NaN NaN NaN NaN NaN NaN NaN NaN NaN NaN NaN NaN NaN NaN NaN NaN NaN NaN NaN NaN NaN NaN NaN NaN NaN NaN NaN NaN NaN NaN NaN NaN NaN NaN NaN NaN 
NaN NaN NaN NaN NaN NaN NaN NaN NaN NaN NaN NaN NaN NaN NaN NaN NaN NaN NaN NaN NaN NaN NaN NaN NaN NaN NaN NaN NaN NaN NaN NaN NaN NaN NaN NaN NaN NaN NaN NaN 
NaN NaN NaN NaN NaN NaN NaN NaN NaN NaN NaN NaN NaN NaN NaN NaN NaN NaN NaN NaN NaN NaN NaN NaN NaN NaN NaN NaN NaN NaN NaN NaN NaN NaN NaN NaN NaN NaN NaN NaN 
NaN NaN NaN NaN NaN NaN NaN NaN NaN NaN NaN NaN NaN NaN NaN NaN NaN NaN NaN NaN NaN NaN NaN NaN NaN NaN NaN NaN NaN NaN NaN NaN NaN NaN NaN NaN NaN NaN NaN NaN 
NaN NaN NaN NaN NaN NaN NaN NaN NaN NaN NaN NaN NaN NaN NaN NaN NaN NaN NaN NaN NaN NaN NaN NaN NaN NaN NaN NaN NaN NaN NaN NaN NaN NaN NaN NaN NaN NaN NaN NaN 
NaN NaN NaN NaN NaN NaN NaN NaN NaN NaN NaN NaN NaN NaN NaN NaN NaN NaN NaN NaN NaN NaN NaN NaN NaN NaN NaN NaN NaN NaN NaN NaN NaN NaN NaN NaN NaN NaN NaN NaN 
NaN NaN NaN NaN NaN NaN NaN NaN NaN NaN NaN NaN NaN NaN NaN NaN NaN NaN NaN NaN NaN NaN NaN NaN NaN NaN NaN NaN NaN NaN NaN NaN NaN NaN NaN NaN NaN NaN NaN NaN 
NaN NaN NaN NaN NaN NaN NaN NaN NaN NaN NaN NaN NaN NaN NaN NaN NaN NaN NaN NaN NaN NaN NaN NaN NaN NaN NaN NaN NaN NaN NaN NaN NaN NaN NaN NaN NaN NaN NaN NaN 
NaN NaN NaN NaN NaN NaN NaN NaN NaN NaN NaN NaN NaN NaN NaN NaN NaN NaN NaN NaN NaN NaN NaN NaN NaN NaN NaN NaN NaN NaN NaN NaN NaN NaN NaN NaN NaN NaN NaN NaN 
NaN NaN NaN NaN NaN NaN NaN NaN NaN NaN NaN NaN NaN NaN NaN NaN NaN NaN NaN NaN NaN NaN NaN NaN NaN NaN NaN NaN NaN NaN NaN NaN NaN NaN NaN NaN NaN NaN NaN NaN 
NaN NaN NaN NaN NaN NaN NaN NaN NaN NaN NaN NaN NaN NaN NaN NaN NaN NaN NaN NaN NaN NaN NaN NaN NaN NaN NaN NaN NaN NaN NaN NaN NaN NaN NaN NaN NaN NaN NaN NaN 
NaN NaN NaN NaN NaN NaN NaN NaN NaN NaN NaN NaN NaN NaN NaN NaN NaN NaN NaN NaN NaN NaN NaN NaN NaN NaN NaN NaN NaN NaN NaN NaN NaN NaN NaN NaN NaN NaN NaN NaN 
NaN NaN NaN NaN NaN NaN NaN NaN NaN NaN NaN NaN NaN NaN NaN NaN NaN NaN NaN NaN NaN NaN NaN NaN NaN NaN NaN NaN NaN NaN NaN NaN NaN NaN NaN NaN NaN NaN NaN NaN 
NaN NaN NaN NaN NaN NaN NaN NaN NaN NaN NaN NaN NaN NaN NaN NaN NaN NaN NaN NaN NaN NaN NaN NaN NaN NaN NaN NaN NaN NaN NaN NaN NaN NaN NaN NaN NaN NaN NaN NaN 
NaN NaN NaN NaN NaN NaN NaN NaN NaN NaN NaN NaN NaN NaN NaN NaN NaN NaN NaN NaN NaN NaN NaN NaN NaN NaN NaN NaN NaN NaN NaN NaN NaN NaN NaN NaN NaN NaN NaN NaN 
NaN NaN NaN NaN NaN NaN NaN NaN NaN NaN NaN NaN NaN NaN NaN NaN NaN NaN NaN NaN NaN NaN NaN NaN NaN NaN NaN NaN NaN NaN NaN NaN NaN NaN NaN NaN NaN NaN NaN NaN 
NaN NaN NaN NaN NaN NaN NaN NaN NaN NaN NaN NaN NaN NaN NaN NaN NaN NaN NaN NaN NaN NaN NaN NaN NaN NaN NaN NaN NaN NaN NaN NaN NaN NaN NaN NaN NaN NaN NaN NaN 
NaN NaN NaN NaN NaN NaN NaN NaN NaN NaN NaN NaN NaN NaN NaN NaN NaN NaN NaN NaN NaN NaN NaN NaN NaN NaN NaN NaN NaN NaN NaN NaN NaN NaN NaN NaN NaN NaN NaN NaN 
NaN NaN NaN NaN NaN NaN NaN NaN NaN NaN NaN NaN NaN NaN NaN NaN NaN NaN NaN NaN NaN NaN NaN NaN NaN NaN NaN NaN NaN NaN NaN NaN NaN NaN NaN NaN NaN NaN NaN NaN 
NaN NaN NaN NaN NaN NaN NaN NaN NaN NaN NaN NaN NaN NaN NaN NaN NaN NaN NaN NaN NaN NaN NaN NaN NaN NaN NaN NaN NaN NaN NaN NaN NaN NaN NaN NaN NaN NaN NaN NaN 
NaN NaN NaN NaN NaN NaN NaN NaN NaN NaN NaN NaN NaN NaN NaN NaN NaN NaN NaN NaN NaN NaN NaN NaN NaN NaN NaN NaN NaN NaN NaN NaN NaN NaN NaN NaN NaN NaN NaN NaN 
NaN NaN NaN NaN NaN NaN NaN NaN NaN NaN NaN NaN NaN NaN NaN NaN NaN NaN NaN NaN NaN NaN NaN NaN NaN NaN NaN NaN NaN NaN NaN NaN NaN NaN NaN NaN NaN NaN NaN NaN 
NaN NaN NaN NaN NaN NaN NaN NaN NaN NaN NaN NaN NaN NaN NaN NaN NaN NaN NaN NaN NaN NaN NaN NaN NaN NaN NaN NaN NaN NaN NaN NaN NaN NaN NaN NaN NaN NaN NaN NaN 
NaN NaN NaN NaN NaN NaN NaN NaN NaN NaN NaN NaN NaN NaN NaN NaN NaN NaN NaN NaN NaN NaN NaN NaN NaN NaN NaN NaN NaN NaN NaN NaN NaN NaN NaN NaN NaN NaN NaN NaN 
NaN NaN NaN NaN NaN NaN NaN NaN NaN NaN NaN NaN NaN NaN NaN NaN NaN NaN NaN NaN NaN NaN NaN NaN NaN NaN NaN NaN NaN NaN NaN NaN NaN NaN NaN NaN NaN NaN NaN NaN 
NaN NaN NaN NaN NaN NaN NaN NaN NaN NaN NaN NaN NaN NaN NaN NaN NaN NaN NaN NaN NaN NaN NaN NaN NaN NaN NaN NaN NaN NaN NaN NaN NaN NaN NaN NaN NaN NaN NaN NaN 
NaN NaN NaN NaN NaN NaN NaN NaN NaN NaN NaN NaN NaN NaN NaN NaN NaN NaN NaN NaN NaN NaN NaN NaN NaN NaN NaN NaN NaN NaN NaN NaN NaN NaN NaN NaN NaN NaN NaN NaN 
NaN NaN NaN NaN NaN NaN NaN NaN NaN NaN NaN NaN NaN NaN NaN NaN NaN NaN NaN NaN NaN NaN NaN NaN NaN NaN NaN NaN NaN NaN NaN NaN NaN NaN NaN NaN NaN NaN NaN NaN 
NaN NaN NaN NaN NaN NaN NaN NaN NaN NaN NaN NaN NaN NaN NaN NaN NaN NaN NaN NaN NaN NaN NaN NaN NaN NaN NaN NaN NaN NaN NaN NaN NaN NaN NaN NaN NaN NaN NaN NaN 
NaN NaN NaN NaN NaN NaN NaN NaN NaN NaN NaN NaN NaN NaN NaN NaN NaN NaN NaN NaN NaN NaN NaN NaN NaN NaN NaN NaN NaN NaN NaN NaN NaN NaN NaN NaN NaN NaN NaN NaN 
NaN NaN NaN NaN NaN NaN NaN NaN NaN NaN NaN NaN NaN NaN NaN NaN NaN NaN NaN NaN NaN NaN NaN NaN NaN NaN NaN NaN NaN NaN NaN NaN NaN NaN NaN NaN NaN NaN NaN NaN 
NaN NaN NaN NaN NaN NaN NaN NaN NaN NaN NaN NaN NaN NaN NaN NaN NaN NaN NaN NaN NaN NaN NaN NaN NaN NaN NaN NaN NaN NaN NaN NaN NaN NaN NaN NaN NaN NaN NaN NaN 
NaN NaN NaN NaN NaN NaN NaN NaN NaN NaN NaN NaN NaN NaN NaN NaN NaN NaN NaN NaN NaN NaN NaN NaN NaN NaN NaN NaN NaN NaN NaN NaN NaN NaN NaN NaN NaN NaN NaN NaN 
NaN NaN NaN NaN NaN NaN NaN NaN NaN NaN NaN NaN NaN NaN NaN NaN NaN NaN NaN NaN NaN NaN NaN NaN NaN NaN NaN NaN NaN NaN NaN NaN NaN NaN NaN NaN NaN NaN NaN NaN 
NaN NaN NaN NaN NaN NaN NaN NaN NaN NaN NaN NaN NaN NaN NaN NaN NaN NaN NaN NaN NaN NaN NaN NaN NaN NaN NaN NaN NaN NaN NaN NaN NaN NaN NaN NaN NaN NaN NaN NaN 
-62.468308 -67.361625 -71.820766 -73.382408 -75.048231 -74.663104 -76.780887 -81.164471 -88.018386 -80.953181 -75.805269 -76.775053 -81.730000 -88.047003 -83.976928 -78.394952 -78.688946 -84.027318 -80.900305 -80.329050 -77.936215 -79.084938 -83.371309 -81.349082 -80.959829 -82.296929 -83.187294 -82.993512 -80.893232 -83.555568 -82.449293 -80.561699 -81.731040 -78.373788 -78.509707 -81.241838 -83.746782 -84.678249 -84.289183 -86.381476 
-55.090167 -69.088527 -78.166387 -72.771756 -70.591924 -70.078457 -72.259367 -76.692100 -80.036123 -72.940310 -69.091103 -73.767766 -72.102740 -74.821621 -74.849282 -72.343453 -72.385777 -74.845008 -74.381874 -70.652821 -71.886637 -74.301164 -76.663663 -73.217871 -75.897655 -74.054966 -75.923414 -72.608462 -72.402079 -75.721529 -71.921368 -72.749709 -73.876557 -70.319709 -72.007706 -73.206136 -75.712681 -74.099163 -74.237008 -75.292928 
-52.353869 -67.445507 -74.268672 -67.354657 -63.978194 -64.563577 -66.755402 -77.436390 -77.611908 -75.278432 -66.853359 -71.588206 -74.775339 -74.374172 -68.322564 -69.658699 -70.689813 -76.143037 -78.760647 -77.837177 -70.120456 -71.649461 -73.535278 -70.337339 -76.176572 -72.658834 -72.211691 -73.591722 -70.316796 -71.123201 -72.605892 -78.483918 -70.222659 -71.878404 -74.927805 -68.759934 -70.682783 -72.390721 -71.813273 -72.850826 
-52.113284 -62.198642 -62.767677 -65.940882 -66.046115 -63.719974 -64.096541 -65.827011 -65.923680 -67.349584 -65.672843 -65.665509 -67.931221 -66.723449 -68.173689 -68.403644 -67.489221 -69.081095 -74.014185 -74.694545 -68.551889 -75.080115 -75.207628 -75.435443 -76.801642 -72.280910 -69.435245 -69.823388 -72.880653 -72.982649 -70.395068 -78.484971 -73.104249 -68.551333 -70.310939 -70.593326 -68.944157 -71.956395 -69.653097 -73.055791 
-27.113278 -27.171297 -31.489535 -40.621103 -46.325199 -43.076626 -48.046320 -47.387200 -44.172575 -45.861073 -48.753162 -49.071953 -47.566044 -48.387146 -49.775362 -52.367004 -56.678524 -56.977382 -60.367286 -56.963648 -63.486863 -61.067470 -58.436703 -61.343414 -61.015372 -60.255912 -63.800551 -63.393681 -62.604152 -66.945303 -67.820504 -67.841697 -67.118062 -68.294033 -68.761244 -63.365045 -61.977019 -66.054072 -67.118342 -71.274710 
-15.482640 -18.590332 -30.962620 -43.026610 -44.547662 -39.956704 -44.957697 -46.682364 -45.768403 -46.738189 -48.994839 -48.530472 -50.917899 -53.481692 -51.163973 -51.313912 -54.493106 -59.136658 -60.190290 -58.181235 -58.782700 -58.437804 -63.010920 -66.480008 -61.774675 -61.306447 -65.806937 -59.049553 -60.024089 -61.980102 -62.161053 -63.300855 -69.580681 -73.307958 -67.376754 -61.841894 -60.979710 -62.164355 -63.766224 -69.898247 
-15.785701 -20.285408 -32.023766 -37.648788 -34.782643 -34.310345 -43.435759 -53.094243 -59.488844 -50.442829 -45.211740 -41.969257 -49.296152 -48.418958 -48.813482 -51.664328 -53.140777 -54.660661 -55.183929 -61.482923 -66.230181 -59.782663 -65.747143 -65.683271 -63.145312 -63.866322 -64.888694 -64.175151 -61.360437 -62.344352 -64.768886 -65.211876 -70.194293 -65.392095 -65.810832 -66.111012 -62.631496 -64.478696 -65.950020 -66.191837 
-27.190620 -27.055894 -27.230291 -37.541260 -36.455957 -34.711371 -34.736299 -46.638735 -60.248321 -49.872760 -47.809371 -45.834790 -42.539361 -47.429433 -46.690023 -49.993289 -59.512826 -57.349086 -56.184672 -64.661512 -64.509870 -63.448505 -61.796572 -62.924872 -67.124346 -62.976017 -68.030372 -64.449057 -62.686912 -62.941720 -65.778153 -61.008827 -63.859895 -65.845452 -67.295290 -66.316203 -65.281079 -66.584251 -71.856650 -65.793582 
-23.456457 -25.316952 -32.146405 -35.331896 -33.796313 -32.671561 -34.756528 -36.608548 -40.916817 -41.859518 -43.811847 -40.271194 -43.457643 -48.321357 -45.535332 -50.091887 -50.824154 -54.856727 -57.871164 -56.719595 -60.244868 -58.797889 -58.214799 -62.623631 -70.745267 -63.188849 -69.061919 -65.121047 -61.630626 -63.246419 -63.536213 -65.300565 -66.573644 -64.186727 -63.226670 -65.210565 -71.413045 -69.107948 -65.396289 -63.555754 
-17.012229 -20.460159 -24.468760 -32.701238 -30.786054 -33.060028 -35.909787 -36.711428 -42.736802 -43.696732 -42.285278 -40.429023 -46.154746 -43.020110 -47.584281 -46.276098 -52.597532 -53.670657 -70.063024 -65.087616 -64.339351 -61.725408 -56.384727 -64.140526 -74.110085 -65.051525 -64.790509 -66.060283 -62.229485 -74.367104 -66.104133 -68.698589 -68.959744 -72.284230 -60.064010 -62.297520 -76.013987 -70.022796 -64.788790 -64.359486 
-16.993705 -16.900713 -23.510291 -31.080264 -30.257768 -36.305067 -42.850480 -39.972430 -40.198024 -39.594857 -48.092027 -43.334182 -44.203132 -44.627784 -46.104046 -43.420743 -54.970620 -63.538034 -64.204443 -58.310531 -56.751242 -55.945296 -63.657761 -55.866652 -55.596483 -68.365909 -68.353990 -64.314424 -64.514601 -60.128345 -57.281333 -54.217756 -56.538636 -53.436332 -57.836232 -56.234954 -57.561021 -60.597033 -57.477954 -59.472152 
-6.952113 -3.118003 -1.344299 -0.374407 -0.543660 -1.301110 -1.854919 -2.593654 -4.920687 -8.342116 -11.391007 -14.910769 -16.276783 -16.405337 -17.843026 -18.581299 -19.677226 -19.134124 -21.289729 -21.721491 -23.696827 -26.879134 -31.449217 -31.722888 -30.538974 -31.514543 -30.530625 -29.150398 -27.559339 -31.441397 -35.588352 -33.150756 -30.377982 -26.700918 -26.691061 -27.169854 -30.439269 -26.421488 -23.648911 -28.368722 
9.909242 10.906656 14.348055 15.011106 7.104744 9.394920 7.387354 7.086549 8.423392 4.690091 1.759054 -0.422820 -4.774949 -3.461523 -1.864422 -2.093956 -9.319659 -10.891372 -15.058027 -14.092887 -16.341538 -16.341425 -13.929751 -11.309924 -18.607634 -21.380050 -19.684568 -16.248822 -16.699259 -21.612914 -26.261445 -26.922714 -24.135247 -19.973834 -20.416121 -20.516383 -22.840822 -18.537711 -16.648281 -21.434807 
12.163471 20.734691 24.579880 17.697800 16.740387 14.900662 13.442632 20.278053 14.834707 17.288446 12.255835 7.557549 7.836284 7.918784 9.273588 10.316599 -5.315093 -9.805617 -11.650865 -13.641868 -16.590572 -14.423014 -7.624169 -1.280902 -6.657809 -14.327334 -16.516191 -8.186461 -10.008257 -17.670322 -23.537841 -26.487751 -27.037885 -28.442120 -32.417359 -34.126437 -26.017315 -19.146458 -27.299833 -31.024484 
7.925313 20.055034 24.270092 15.342024 20.393867 15.708730 16.315312 17.003979 23.929108 20.572810 16.259328 13.835719 10.740621 14.577468 17.067611 8.407134 -2.799397 -8.264604 -11.872709 -13.698986 -18.818833 -15.568095 -13.304504 -3.281558 -5.361252 -13.652986 -19.984824 -16.853284 -15.358835 -22.073630 -33.374964 -31.272405 -29.196669 -32.582747 -35.069481 -37.000631 -26.462685 -20.543692 -28.347703 -34.347824 
4.166432 18.270990 23.162487 15.891152 20.431734 15.441335 13.552433 13.430211 25.585639 21.633954 15.855815 15.639080 16.239424 15.228505 18.368978 6.328928 -5.826350 -10.574751 -14.655853 -14.103621 -15.210552 -15.661560 -14.376096 -7.855966 -5.868616 -13.511781 -16.799322 -19.754620 -19.433137 -20.265948 -32.394867 -26.094322 -25.478361 -32.493088 -30.901364 -32.560151 -27.753729 -20.379067 -29.260767 -38.180629 
-0.001482 15.288187 20.662377 11.389529 18.568138 15.894594 10.880451 12.165784 23.260542 22.092403 14.252460 14.507571 16.888793 17.078440 12.966017 3.546574 -7.947017 -14.170186 -15.705263 -16.801601 -15.614103 -15.132150 -14.646385 -7.011214 -5.959894 -14.451025 -17.335912 -19.988336 -17.272178 -17.741645 -29.434909 -24.345699 -20.861513 -29.512054 -30.812778 -32.234416 -25.933017 -19.107596 -26.890926 -34.606142 
-8.315469 11.303479 18.682886 10.931652 15.718845 16.209577 7.595870 11.353391 20.272569 26.433753 15.699314 12.851976 18.120981 17.906541 11.462078 1.697235 -12.708450 -19.173941 -19.969155 -16.604786 -17.126070 -19.667287 -16.821232 -9.458223 -5.865628 -19.482320 -18.645185 -21.144862 -20.115490 -17.646064 -29.984964 -26.388123 -25.447486 -30.725674 -31.818743 -32.790492 -24.752420 -20.813257 -25.229963 -34.978702 
-14.496796 7.174211 16.776607 10.285428 12.102095 15.392914 5.487759 12.071794 16.042115 26.789979 16.782713 19.204978 18.796604 16.860587 11.835510 -0.797815 -11.466166 -21.830869 -18.390417 -15.401629 -23.052976 -21.043588 -18.047065 -9.590243 -4.992215 -19.844380 -22.937529 -22.543020 -21.484657 -20.085591 -32.603677 -28.643783 -23.782827 -33.381232 -35.101538 -36.531839 -25.204354 -20.176966 -27.652736 -37.149026 
-15.528110 5.638810 15.888443 10.688513 8.848388 15.119643 5.135564 12.615715 12.816393 26.613455 17.776470 18.417632 18.681870 18.160827 9.522326 2.875651 -7.473513 -23.091687 -20.160348 -19.380464 -22.389768 -23.817366 -20.165002 -18.694663 -8.596893 -16.710181 -19.348783 -26.005372 -21.645538 -23.734257 -29.388833 -31.181944 -26.786468 -32.664962 -35.165361 -36.487928 -23.802429 -16.496744 -28.777451 -38.247042 
-20.516978 2.822956 15.481878 11.349148 5.144261 15.126540 7.142549 10.738524 9.896758 23.665523 20.674444 13.385699 13.381209 19.842478 6.997523 0.548426 -5.921790 -26.366468 -21.901651 -21.761818 -19.866031 -25.259884 -22.983695 -23.788178 -15.678070 -20.107759 -24.204482 -27.226376 -19.350417 -20.894121 -28.925831 -32.283405 -24.742518 -27.924132 -35.925659 -39.047461 -22.663971 -14.288006 -25.336330 -34.292401 
-14.277161 2.645013 15.623212 13.227423 2.296387 15.373508 9.341009 7.224103 13.973962 21.846207 25.130290 9.694080 14.076049 20.801010 9.904951 0.031233 -6.198498 -15.001885 -16.065627 -18.831786 -20.577504 -21.041701 -21.354148 -17.972395 -13.463713 -18.560577 -24.901812 -26.318108 -19.882818 -21.177973 -26.743932 -26.971769 -24.523825 -28.582794 -32.513771 -32.393067 -24.471957 -14.933837 -25.023200 -34.159752 
-11.892006 -0.160996 15.398545 14.730693 -0.452319 14.296519 11.701802 7.021026 15.509113 16.920361 27.081799 13.306663 13.977695 16.008353 14.023117 -0.355297 -13.261844 -17.015776 -16.083925 -13.392161 -22.239804 -22.264373 -20.586381 -16.505931 -12.669275 -20.194467 -25.804494 -25.706176 -21.281100 -24.492593 -28.584546 -25.974227 -25.449951 -31.476996 -36.631612 -36.150054 -28.327616 -15.075748 -29.765642 -38.037479 
-31.433836 -1.624829 15.366092 15.291319 0.988995 14.259336 11.896815 5.499760 16.107473 14.045184 26.895270 15.139082 17.354069 15.333381 14.390870 -0.937596 -9.188258 -14.070167 -17.486211 -13.304940 -19.569731 -19.094430 -18.332830 -19.958903 -12.983842 -18.786425 -21.975080 -22.566395 -17.717365 -20.688473 -25.709666 -25.169573 -21.705529 -28.256213 -35.896014 -33.665329 -24.634138 -16.366037 -27.909250 -36.534365 
-16.206152 1.090594 15.615514 15.212738 -0.106409 14.763867 11.455993 7.489308 15.323162 15.654526 27.226424 16.138042 17.819147 15.054112 13.965232 1.540316 -8.029311 -13.403534 -16.859108 -12.077053 -17.908426 -18.161425 -19.431742 -17.973884 -13.653551 -17.854840 -20.126822 -19.052069 -18.027240 -20.101298 -25.169767 -27.477998 -20.970603 -27.400701 -34.953905 -31.567504 -26.069211 -16.771308 -28.434635 -37.275725 
-9.793847 1.698403 15.758029 13.922803 3.076506 15.155718 10.543527 8.498565 11.658918 19.373248 26.906439 14.575131 14.199452 17.887323 12.978311 3.438383 -5.738589 -13.432339 -13.569628 -13.436464 -18.211174 -22.861813 -20.476359 -17.388402 -12.646731 -13.533833 -19.122951 -21.446214 -17.175612 -21.856981 -28.496829 -29.084194 -21.159105 -27.148479 -32.266019 -30.457857 -26.487492 -19.224695 -29.747730 -37.346449 
-20.200900 2.498115 15.501301 12.230525 4.621967 14.976142 7.102275 10.426070 9.804532 23.348289 23.766485 16.146119 14.990786 21.585098 9.395629 0.868007 -6.050557 -13.372660 -13.442733 -12.626119 -17.644201 -20.250811 -21.281691 -19.234023 -11.918211 -13.396536 -15.438823 -18.420631 -15.061376 -21.431087 -25.506323 -27.070300 -21.547111 -22.711158 -28.789229 -29.909515 -25.193630 -14.784011 -26.461212 -39.436253 
-20.774418 4.492971 15.417234 10.415776 7.779675 14.556494 3.483946 9.378350 7.921348 24.329547 19.581505 15.607614 16.526595 21.854036 3.043744 -6.068223 -8.185255 -17.867481 -17.631341 -21.976273 -22.679327 -24.326866 -20.999125 -18.864739 -12.569691 -16.823394 -21.986089 -21.285294 -20.071890 -22.666301 -28.089009 -27.586502 -21.727829 -22.921880 -26.973034 -29.033365 -25.202905 -19.663147 -27.439127 -34.450779 
-15.599815 6.108500 15.802212 9.700336 10.316510 14.364594 4.298379 11.562382 10.570554 23.674951 14.145115 15.335290 19.266889 16.257762 -1.839544 -7.387688 -13.191128 -16.920802 -17.239353 -20.749219 -22.376628 -23.346417 -21.113129 -20.357040 -16.993068 -16.046458 -20.269653 -21.433872 -17.486379 -19.328984 -28.720497 -27.127582 -20.800823 -24.193582 -29.453998 -32.016608 -25.877642 -20.656306 -27.489825 -33.528605 
-18.358394 7.106024 16.281893 9.329952 11.311874 14.050404 4.883999 10.408328 13.523431 22.728016 15.204154 14.829678 19.441146 11.249330 -2.652865 -7.601072 -18.514762 -19.358805 -18.252430 -20.619505 -23.405464 -21.749604 -20.436770 -20.514365 -12.817428 -12.665685 -21.710452 -23.165940 -19.203196 -20.482441 -28.834497 -30.858366 -22.026953 -25.510893 -34.975254 -37.156817 -30.339400 -21.092681 -25.951546 -36.367555 
-10.518443 9.037817 16.404703 8.414031 13.598347 13.560970 4.972602 8.307581 16.326644 21.016246 17.272467 15.748125 19.074851 9.175923 0.790000 -5.172049 -14.263977 -16.632131 -16.525115 -21.889661 -24.419514 -24.168267 -22.804987 -23.788868 -14.008011 -19.010786 -22.660057 -22.621472 -18.170545 -24.483216 -30.833544 -34.346217 -27.676044 -26.171992 -36.168969 -37.371551 -36.463796 -25.630124 -26.674448 -36.142611 
-8.228181 9.659423 16.202427 8.551920 14.211415 12.434961 6.830806 7.609266 17.176276 18.061603 18.729625 15.810470 17.191866 10.942613 2.621353 -3.876669 -10.250694 -16.322222 -18.349539 -23.210041 -24.064813 -25.011325 -22.729319 -24.150208 -16.700119 -18.295537 -25.437367 -25.996955 -24.861173 -29.352361 -33.131117 -34.510900 -26.801853 -27.885631 -35.901480 -37.989682 -37.746521 -25.292320 -28.020355 -36.329758 
-6.121073 10.393711 15.632275 7.494214 14.791284 10.424042 6.778150 5.222407 14.598866 11.900506 17.356273 13.647133 12.808084 12.378124 -0.190738 -5.159993 -9.675956 -15.472657 -21.823975 -24.894339 -25.506093 -27.152836 -26.355256 -24.964444 -21.535023 -18.868830 -23.942999 -22.383334 -22.334433 -27.240367 -33.555261 -42.739925 -30.524070 -31.493257 -42.581511 -63.580911 -54.299361 -23.808658 -26.666894 -41.667078 
-8.744651 11.146615 15.168940 6.217196 13.471290 6.185555 5.922892 4.623372 11.950414 12.161286 15.387661 14.653806 13.595620 13.545037 -1.687696 -6.818818 -14.490036 -22.457866 -26.726697 -25.843416 -28.250649 -25.051241 -28.202522 -24.990834 -22.458885 -20.333864 -22.870705 -23.639229 -24.939145 -27.540105 -35.540945 -36.665490 -28.922306 -25.734191 -38.328419 -48.322500 -44.342766 -30.837241 -28.838034 -42.457559 
-4.308540 11.565193 13.677314 7.185492 10.776743 1.933330 3.666476 5.101431 9.393096 14.908860 12.343571 13.839168 13.251287 8.481965 -2.020507 -12.135496 -16.323001 -18.765825 -21.420602 -21.850013 -23.426160 -24.063707 -24.172752 -23.553157 -20.046001 -18.849533 -23.415530 -24.567899 -24.963272 -27.565687 -30.766756 -30.114032 -29.230475 -27.704788 -31.840353 -33.957947 -34.007745 -32.318443 -28.180995 -34.110402 
-4.142366 11.337959 12.148031 7.593993 8.518857 0.731228 -0.013501 3.824773 6.013062 12.717330 14.108676 13.355168 11.600362 5.767783 -3.373242 -11.417837 -16.309094 -23.096937 -27.387822 -29.452589 -31.441291 -30.540678 -32.918220 -30.379512 -26.943336 -27.280498 -28.295423 -25.739466 -22.422869 -29.550587 -36.878446 -38.281169 -34.864718 -33.752876 -40.878318 -58.670372 -48.306064 -34.515271 -29.702361 -44.884577 
-2.375479 11.312479 10.656336 6.660639 6.404131 -0.104647 -0.438310 4.485509 8.707222 13.078698 14.039397 9.224037 8.312125 5.790782 -7.192439 -12.972310 -18.322336 -27.088643 -27.683024 -32.216260 -35.984458 -33.989657 -35.494303 -32.513069 -26.399496 -29.068569 -28.490062 -28.189155 -27.201075 -33.578163 -38.908874 -37.528659 -39.806695 -39.977936 -45.055584 -56.563720 -50.355874 -37.670363 -31.257407 -43.220964 
-3.006232 10.794722 9.107010 6.199953 4.187463 -1.392260 -0.926471 3.229643 5.737403 8.107215 12.004562 5.532479 7.281043 0.236639 -11.858842 -16.466033 -25.158821 -33.365361 -28.668613 -37.005493 -35.378851 -36.048518 -34.768728 -31.634013 -28.691458 -27.086998 -29.203081 -27.349018 -25.280178 -31.887366 -39.309273 -36.061667 -40.191206 -39.180416 -49.243492 -60.325741 -51.127015 -36.429413 -35.341680 -40.910540 
-2.883835 10.061438 7.364700 4.501589 1.867676 -2.991519 -2.742625 0.537457 4.471948 9.006990 7.604789 1.714990 4.088821 -4.768189 -15.302062 -20.019993 -25.896469 -31.656249 -31.611938 -31.999648 -35.146218 -36.110044 -33.276145 -27.695962 -22.390686 -26.010711 -33.384881 -32.255866 -29.083301 -35.364832 -44.650831 -39.235988 -37.510808 -36.598974 -43.357457 -48.015462 -46.561720 -39.635242 -37.444286 -43.291539 
-4.068064 9.009498 5.358631 1.406167 -1.092706 -5.980416 -4.588590 -2.810166 0.556474 2.442167 4.106171 -1.553419 0.893003 -4.267371 -15.108058 -23.555389 -25.553857 -31.112217 -34.207929 -40.260349 -42.960844 -41.368329 -38.144855 -32.447678 -26.133699 -28.445613 -31.943391 -30.580268 -26.782366 -42.024131 -52.422343 -45.095562 -43.019588 -44.308493 -50.762672 -56.150068 -51.075088 -41.584028 -41.125383 -45.408644 
-4.744096 7.592934 4.028661 -3.661658 -6.134018 -7.393155 -10.165112 -12.067724 -11.936302 -8.129393 -5.445790 -2.659129 -7.918147 -13.641316 -23.209012 -26.227305 -31.223268 -39.351101 -44.355535 -45.722899 -46.032368 -45.244356 -40.944531 -36.142874 -29.159291 -35.351355 -35.845578 -32.841260 -31.115674 -46.842507 -59.577886 -49.223745 -47.361132 -47.307131 -51.056109 -59.435884 -51.102319 -44.278014 -44.698782 -51.125375 
-8.003781 5.934181 2.935404 -12.469053 -12.094698 -9.440064 -11.905255 -12.046293 -11.510574 -5.283738 -5.084536 -8.725266 -9.145762 -11.025120 -20.148112 -29.238127 -37.274163 -38.619866 -40.885733 -44.862934 -51.517632 -50.442433 -48.146545 -41.708752 -36.226751 -37.139839 -39.918038 -36.698776 -34.386605 -50.910319 -77.767726 -52.013040 -46.803851 -49.134875 -51.586532 -63.611003 -53.283841 -48.255779 -48.631749 -53.714785 
-10.396260 2.623330 0.523889 -8.732533 -12.730848 -20.206826 -26.095270 -23.702243 -22.329287 -16.511886 -18.400256 -16.333867 -13.069658 -17.283065 -27.293374 -31.828750 -38.070111 -39.517611 -43.283298 -48.128113 -50.070186 -49.934154 -47.108275 -41.251634 -35.721950 -39.564982 -41.381230 -36.802394 -36.312896 -53.631700 -61.246111 -57.404416 -50.546933 -50.089948 -50.092829 -58.155974 -51.138808 -47.292887 -49.999103 -56.541060 
-12.309493 -2.101362 -4.189179 -13.514948 -20.707606 -28.869629 -31.363834 -25.767059 -19.572153 -20.072083 -16.924329 -12.573190 -10.887553 -18.538993 -35.892472 -35.287111 -42.808673 -43.569180 -45.758002 -48.474736 -56.580093 -54.318668 -50.604100 -47.393473 -39.666298 -43.719089 -45.761373 -41.749384 -39.442237 -52.159979 -63.125417 -62.422224 -54.103269 -50.771335 -50.235605 -59.120818 -49.907643 -46.407476 -54.311871 -59.356253 
-17.957567 -8.952863 -10.266825 -22.447284 -24.274290 -22.488939 -27.346364 -21.203111 -18.487985 -19.665908 -15.465753 -11.674405 -11.673671 -15.021067 -31.482531 -35.815636 -38.995566 -42.327157 -40.869127 -49.614129 -51.019317 -52.507548 -54.303284 -49.283352 -42.200637 -43.961979 -48.128681 -43.412098 -40.493934 -56.550437 -63.213987 -61.518008 -55.968881 -53.000733 -54.583605 -59.863001 -53.037351 -52.710885 -56.947196 -61.371266 
-29.236308 -25.352375 -22.593951 -27.315392 -24.302519 -22.636356 -29.090290 -27.898918 -21.170140 -16.214893 -16.193081 -17.005944 -15.361707 -20.322687 -32.819675 -40.834916 -43.779674 -43.271620 -50.333956 -54.383072 -54.766329 -54.038596 -54.522704 -52.673640 -44.546601 -52.820757 -59.595457 -46.314797 -44.241320 -58.889165 -65.834529 -68.262639 -59.900662 -55.563059 -60.562282 -63.431994 -56.593483 -52.576482 -60.179230 -62.831707 
-17.901282 -18.889371 -25.754892 -28.665880 -28.672143 -33.846506 -32.412463 -29.478109 -25.102284 -24.231499 -23.532480 -17.261929 -17.647035 -30.300942 -36.319963 -44.655006 -43.814264 -46.637182 -52.253994 -52.767283 -54.646899 -60.380225 -60.495248 -54.404000 -49.979792 -57.075934 -57.946372 -47.856161 -50.540908 -58.466499 -64.660890 -65.876724 -57.835498 -55.312932 -60.075102 -65.856790 -58.139683 -56.959215 -63.676809 -64.398693 
-24.701524 -27.277331 -28.249848 -25.061993 -26.719817 -27.522136 -35.896905 -34.955109 -32.306697 -28.084555 -25.104507 -24.680393 -26.775127 -28.614894 -36.364158 -51.364734 -48.182919 -46.809042 -53.171969 -54.559684 -57.869601 -61.592529 -60.743836 -53.847801 -52.124390 -57.397379 -57.747835 -53.788969 -56.803427 -57.660193 -63.366605 -66.159200 -56.426082 -57.258996 -63.807411 -64.947521 -57.487960 -61.261793 -66.290519 -62.148228 
-31.822422 -28.643420 -33.849469 -34.827867 -30.943964 -29.608990 -38.626513 -37.012112 -33.781219 -37.325448 -35.559780 -30.533295 -33.332722 -34.163782 -37.873512 -50.862075 -52.945765 -48.107198 -52.300097 -56.540061 -60.045399 -69.658034 -64.320922 -51.470372 -51.513076 -59.398514 -63.047015 -55.828997 -60.402160 -61.372905 -65.927994 -62.252096 -56.233678 -60.418460 -62.506307 -64.064534 -58.699526 -64.225476 -65.310064 -65.044808 
-27.806495 -33.107187 -33.383977 -36.772338 -37.876220 -34.929138 -39.928928 -35.150435 -37.072506 -42.985323 -46.583597 -37.599567 -35.014849 -34.773227 -45.620961 -55.488374 -55.256319 -51.637354 -55.302057 -61.169920 -58.139655 -62.010119 -63.407837 -62.756777 -58.372621 -58.617395 -62.711204 -59.562289 -64.280477 -64.546814 -63.556363 -63.685935 -60.853106 -63.062235 -62.844788 -67.997314 -66.403605 -65.756363 -66.434520 -67.710021 
-26.868873 -34.402723 -40.186115 -39.972719 -45.371995 -42.266732 -45.001805 -39.949970 -43.670177 -46.318543 -46.529809 -46.190713 -37.138489 -36.518502 -46.613323 -55.198799 -56.275490 -52.907313 -58.097444 -61.581396 -64.904682 -62.238286 -64.037584 -59.591983 -62.075336 -65.329231 -59.966136 -59.847395 -62.944027 -62.357653 -67.990342 -64.886231 -62.339103 -63.647010 -66.262353 -67.045729 -64.918730 -64.279069 -68.545804 -66.985629 
-24.286863 -28.546334 -31.860008 -37.035778 -44.173559 -46.151557 -50.700821 -49.374306 -53.317653 -50.860115 -55.521779 -54.621153 -47.964283 -50.900984 -56.563437 -55.325093 -55.652052 -58.608937 -59.646985 -60.326300 -59.826960 -58.739413 -61.663069 -58.543140 -61.397120 -65.145757 -60.244715 -62.099606 -61.531633 -63.534140 -68.222469 -67.626233 -64.580087 -64.254855 -64.486906 -65.579488 -65.651725 -66.694558 -66.038260 -70.143829 
-45.553041 -47.034084 -50.367236 -51.762847 -53.403313 -61.586459 -60.277411 -64.781730 -60.556660 -60.202777 -64.855190 -67.449054 -66.313323 -67.742114 -68.874458 -65.270289 -68.367146 -70.497677 -69.625425 -72.069468 -71.160203 -69.962869 -70.381418 -68.861237 -72.640934 -70.280356 -72.017238 -72.996342 -73.383692 -71.498523 -72.199623 -71.766575 -72.871318 -71.775181 -69.930964 -71.024031 -72.335944 -72.063856 -72.468597 -75.142678 
-56.017684 -71.624326 -69.290051 -62.076300 -62.050188 -66.106676 -65.083556 -67.592932 -69.502952 -69.933168 -66.878698 -70.498140 -70.843708 -67.651309 -71.871032 -74.202754 -73.820986 -75.759009 -71.393897 -73.059495 -74.732359 -71.948017 -73.623412 -70.214325 -72.450445 -71.310731 -72.773763 -73.760114 -74.168991 -73.093865 -72.408075 -69.871581 -71.152092 -75.386618 -70.450307 -73.317815 -73.311318 -73.724157 -76.598693 -75.975746 
-56.726442 -68.835281 -71.710969 -71.392693 -73.149193 -73.933531 -72.959638 -75.888726 -70.184468 -70.622392 -70.798432 -68.480311 -69.146137 -72.975977 -72.342938 -73.883027 -67.983246 -74.649791 -80.906205 -77.684927 -77.855470 -70.896618 -71.155966 -74.622420 -77.312317 -74.133843 -74.148850 -72.540403 -74.120284 -73.043976 -75.778764 -74.799446 -72.967808 -74.476484 -72.644847 -72.980724 -72.085334 -74.026938 -73.935278 -74.392241 
-55.330604 -71.327051 -81.338814 -78.793820 -73.934859 -68.540155 -69.671239 -72.899695 -71.533564 -73.923948 -73.746067 -69.708195 -65.732281 -71.521859 -78.623837 -73.829860 -70.365402 -70.310767 -72.970193 -74.053757 -71.712887 -73.247476 -74.225528 -72.496554 -71.553667 -71.640907 -74.440052 -73.019129 -72.459081 -74.428295 -74.204916 -71.993604 -71.446814 -75.140457 -71.744745 -71.110521 -73.903060 -73.317951 -69.965774 -73.428047 
-56.460587 -70.567152 -70.754731 -72.136257 -74.563818 -70.413791 -72.602087 -75.738971 -76.684626 -75.097791 -75.353700 -76.801144 -72.807257 -67.642861 -72.876135 -70.239450 -72.726157 -68.872632 -71.794959 -71.604304 -71.300315 -69.506375 -72.720973 -71.245293 -70.358801 -70.003364 -76.837641 -73.201462 -74.495151 -73.436082 -73.644030 -74.556531 -71.396530 -72.023014 -74.459538 -74.993856 -73.992251 -73.366864 -73.089816 -74.916321 
-55.774870 -75.827137 -69.241186 -64.473361 -64.890132 -71.337626 -80.577118 -75.932863 -78.136151 -71.706718 -73.332942 -74.736403 -79.451886 -74.037255 -73.629203 -71.173826 -70.329621 -73.668322 -74.607685 -72.949440 -71.677341 -69.088377 -70.803310 -71.823076 -72.772291 -74.647521 -69.482865 -72.921881 -73.409175 -71.580312 -71.504983 -72.210653 -71.266993 -72.351461 -76.300149 -74.529203 -71.469915 -71.969763 -72.925332 -74.434297 
-55.691438 -73.859297 -75.991190 -76.443535 -73.919827 -71.923917 -69.850562 -73.268727 -71.409407 -68.305392 -67.512146 -69.669357 -71.617967 -74.477594 -76.185572 -74.678932 -73.821971 -75.906126 -70.747008 -73.470855 -72.570313 -69.428657 -72.357526 -76.856436 -76.524356 -73.645210 -74.482266 -69.584136 -73.120466 -75.021471 -72.755235 -72.629951 -72.580446 -72.767741 -74.269390 -77.123743 -74.841832 -72.353554 -71.841680 -73.370206 
-56.224833 -73.846446 -76.081038 -74.706650 -76.107540 -80.549805 -70.704150 -71.468811 -70.642940 -70.407802 -72.224000 -77.296466 -73.565216 -70.748307 -74.970888 -72.960855 -75.791846 -81.159421 -72.030700 -70.311609 -71.772830 -71.346823 -74.928341 -71.999052 -72.088624 -71.684473 -73.230982 -71.563455 -74.359818 -74.490848 -73.826061 -74.888908 -75.285438 -73.085582 -73.758356 -74.367761 -72.399089 -72.412437 -73.329399 -74.485629 
-54.062236 -66.016623 -66.509386 -67.765296 -74.916676 -75.397722 -68.497562 -66.924579 -73.750579 -84.237300 -72.358997 -68.126402 -68.504683 -73.363968 -72.141382 -71.253948 -72.442141 -73.692544 -79.292414 -73.445717 -74.280333 -69.473892 -76.206105 -73.723314 -76.488717 -74.776278 -67.901530 -71.069781 -69.928674 -75.115546 -71.508154 -73.638691 -75.274686 -74.555131 -74.134204 -73.761624 -72.591407 -74.028466 -75.882528 -78.052029 
-64.939173 -67.779848 -71.595881 -73.967104 -76.612546 -80.389778 -78.008285 -76.288578 -80.026872 -85.422177 -79.966298 -85.758474 -83.012113 -79.120483 -78.054183 -81.054968 -80.069484 -80.883885 -87.001878 -83.478141 -82.563781 -79.064030 -86.895707 -82.292938 -87.196438 -89.070336 -82.600968 -84.666788 -79.680781 -87.361079 -86.765101 -81.770382 -85.992335 -83.063722 -87.549388 -86.772933 -88.769493 -86.323884 -87.418433 -88.606854 
-98.367395 -99.779528 -98.402573 -97.402043 -99.013137 -98.974137 -97.469225 -99.002702 -98.441286 -97.917230 -99.135262 -97.755163 -99.040981 -97.940440 -98.759060 -98.293950 -98.286513 -98.622761 -98.360552 -98.313755 -98.413685 -98.450409 -98.402053 -98.424365 -98.408202 -98.433459 -98.401118 -98.357923 -98.439729 -98.419616 -98.392239 -98.398581 -98.435264 -98.403390 -98.400209 -98.403500 -98.411751 -98.425129 -98.395987 -98.453851 
NaN NaN NaN NaN NaN NaN NaN NaN NaN NaN NaN NaN NaN NaN NaN NaN NaN NaN NaN NaN NaN NaN NaN NaN NaN NaN NaN NaN NaN NaN NaN NaN NaN NaN NaN NaN NaN NaN NaN NaN 
NaN NaN NaN NaN NaN NaN NaN NaN NaN NaN NaN NaN NaN NaN NaN NaN NaN NaN NaN NaN NaN NaN NaN NaN NaN NaN NaN NaN NaN NaN NaN NaN NaN NaN NaN NaN NaN NaN NaN NaN 
NaN NaN NaN NaN NaN NaN NaN NaN NaN NaN NaN NaN NaN NaN NaN NaN NaN NaN NaN NaN NaN NaN NaN NaN NaN NaN NaN NaN NaN NaN NaN NaN NaN NaN NaN NaN NaN NaN NaN NaN 
NaN NaN NaN NaN NaN NaN NaN NaN NaN NaN NaN NaN NaN NaN NaN NaN NaN NaN NaN NaN NaN NaN NaN NaN NaN NaN NaN NaN NaN NaN NaN NaN NaN NaN NaN NaN NaN NaN NaN NaN 
NaN NaN NaN NaN NaN NaN NaN NaN NaN NaN NaN NaN NaN NaN NaN NaN NaN NaN NaN NaN NaN NaN NaN NaN NaN NaN NaN NaN NaN NaN NaN NaN NaN NaN NaN NaN NaN NaN NaN NaN 
NaN NaN NaN NaN NaN NaN NaN NaN NaN NaN NaN NaN NaN NaN NaN NaN NaN NaN NaN NaN NaN NaN NaN NaN NaN NaN NaN NaN NaN NaN NaN NaN NaN NaN NaN NaN NaN NaN NaN NaN 
NaN NaN NaN NaN NaN NaN NaN NaN NaN NaN NaN NaN NaN NaN NaN NaN NaN NaN NaN NaN NaN NaN NaN NaN NaN NaN NaN NaN NaN NaN NaN NaN NaN NaN NaN NaN NaN NaN NaN NaN 
NaN NaN NaN NaN NaN NaN NaN NaN NaN NaN NaN NaN NaN NaN NaN NaN NaN NaN NaN NaN NaN NaN NaN NaN NaN NaN NaN NaN NaN NaN NaN NaN NaN NaN NaN NaN NaN NaN NaN NaN 
NaN NaN NaN NaN NaN NaN NaN NaN NaN NaN NaN NaN NaN NaN NaN NaN NaN NaN NaN NaN NaN NaN NaN NaN NaN NaN NaN NaN NaN NaN NaN NaN NaN NaN NaN NaN NaN NaN NaN NaN 
NaN NaN NaN NaN NaN NaN NaN NaN NaN NaN NaN NaN NaN NaN NaN NaN NaN NaN NaN NaN NaN NaN NaN NaN NaN NaN NaN NaN NaN NaN NaN NaN NaN NaN NaN NaN NaN NaN NaN NaN 
NaN NaN NaN NaN NaN NaN NaN NaN NaN NaN NaN NaN NaN NaN NaN NaN NaN NaN NaN NaN NaN NaN NaN NaN NaN NaN NaN NaN NaN NaN NaN NaN NaN NaN NaN NaN NaN NaN NaN NaN 
NaN NaN NaN NaN NaN NaN NaN NaN NaN NaN NaN NaN NaN NaN NaN NaN NaN NaN NaN NaN NaN NaN NaN NaN NaN NaN NaN NaN NaN NaN NaN NaN NaN NaN NaN NaN NaN NaN NaN NaN 
NaN NaN NaN NaN NaN NaN NaN NaN NaN NaN NaN NaN NaN NaN NaN NaN NaN NaN NaN NaN NaN NaN NaN NaN NaN NaN NaN NaN NaN NaN NaN NaN NaN NaN NaN NaN NaN NaN NaN NaN 
NaN NaN NaN NaN NaN NaN NaN NaN NaN NaN NaN NaN NaN NaN NaN NaN NaN NaN NaN NaN NaN NaN NaN NaN NaN NaN NaN NaN NaN NaN NaN NaN NaN NaN NaN NaN NaN NaN NaN NaN 
NaN NaN NaN NaN NaN NaN NaN NaN NaN NaN NaN NaN NaN NaN NaN NaN NaN NaN NaN NaN NaN NaN NaN NaN NaN NaN NaN NaN NaN NaN NaN NaN NaN NaN NaN NaN NaN NaN NaN NaN 
NaN NaN NaN NaN NaN NaN NaN NaN NaN NaN NaN NaN NaN NaN NaN NaN NaN NaN NaN NaN NaN NaN NaN NaN NaN NaN NaN NaN NaN NaN NaN NaN NaN NaN NaN NaN NaN NaN NaN NaN 
NaN NaN NaN NaN NaN NaN NaN NaN NaN NaN NaN NaN NaN NaN NaN NaN NaN NaN NaN NaN NaN NaN NaN NaN NaN NaN NaN NaN NaN NaN NaN NaN NaN NaN NaN NaN NaN NaN NaN NaN 
NaN NaN NaN NaN NaN NaN NaN NaN NaN NaN NaN NaN NaN NaN NaN NaN NaN NaN NaN NaN NaN NaN NaN NaN NaN NaN NaN NaN NaN NaN NaN NaN NaN NaN NaN NaN NaN NaN NaN NaN 
NaN NaN NaN NaN NaN NaN NaN NaN NaN NaN NaN NaN NaN NaN NaN NaN NaN NaN NaN NaN NaN NaN NaN NaN NaN NaN NaN NaN NaN NaN NaN NaN NaN NaN NaN NaN NaN NaN NaN NaN 
NaN NaN NaN NaN NaN NaN NaN NaN NaN NaN NaN NaN NaN NaN NaN NaN NaN NaN NaN NaN NaN NaN NaN NaN NaN NaN NaN NaN NaN NaN NaN NaN NaN NaN NaN NaN NaN NaN NaN NaN 
NaN NaN NaN NaN NaN NaN NaN NaN NaN NaN NaN NaN NaN NaN NaN NaN NaN NaN NaN NaN NaN NaN NaN NaN NaN NaN NaN NaN NaN NaN NaN NaN NaN NaN NaN NaN NaN NaN NaN NaN 
NaN NaN NaN NaN NaN NaN NaN NaN NaN NaN NaN NaN NaN NaN NaN NaN NaN NaN NaN NaN NaN NaN NaN NaN NaN NaN NaN NaN NaN NaN NaN NaN NaN NaN NaN NaN NaN NaN NaN NaN 
NaN NaN NaN NaN NaN NaN NaN NaN NaN NaN NaN NaN NaN NaN NaN NaN NaN NaN NaN NaN NaN NaN NaN NaN NaN NaN NaN NaN NaN NaN NaN NaN NaN NaN NaN NaN NaN NaN NaN NaN 
NaN NaN NaN NaN NaN NaN NaN NaN NaN NaN NaN NaN NaN NaN NaN NaN NaN NaN NaN NaN NaN NaN NaN NaN NaN NaN NaN NaN NaN NaN NaN NaN NaN NaN NaN NaN NaN NaN NaN NaN 
NaN NaN NaN NaN NaN NaN NaN NaN NaN NaN NaN NaN NaN NaN NaN NaN NaN NaN NaN NaN NaN NaN NaN NaN NaN NaN NaN NaN NaN NaN NaN NaN NaN NaN NaN NaN NaN NaN NaN NaN 
NaN NaN NaN NaN NaN NaN NaN NaN NaN NaN NaN NaN NaN NaN NaN NaN NaN NaN NaN NaN NaN NaN NaN NaN NaN NaN NaN NaN NaN NaN NaN NaN NaN NaN NaN NaN NaN NaN NaN NaN 
NaN NaN NaN NaN NaN NaN NaN NaN NaN NaN NaN NaN NaN NaN NaN NaN NaN NaN NaN NaN NaN NaN NaN NaN NaN NaN NaN NaN NaN NaN NaN NaN NaN NaN NaN NaN NaN NaN NaN NaN 
NaN NaN NaN NaN NaN NaN NaN NaN NaN NaN NaN NaN NaN NaN NaN NaN NaN NaN NaN NaN NaN NaN NaN NaN NaN NaN NaN NaN NaN NaN NaN NaN NaN NaN NaN NaN NaN NaN NaN NaN 
NaN NaN NaN NaN NaN NaN NaN NaN NaN NaN NaN NaN NaN NaN NaN NaN NaN NaN NaN NaN NaN NaN NaN NaN NaN NaN NaN NaN NaN NaN NaN NaN NaN NaN NaN NaN NaN NaN NaN NaN 
NaN NaN NaN NaN NaN NaN NaN NaN NaN NaN NaN NaN NaN NaN NaN NaN NaN NaN NaN NaN NaN NaN NaN NaN NaN NaN NaN NaN NaN NaN NaN NaN NaN NaN NaN NaN NaN NaN NaN NaN 
NaN NaN NaN NaN NaN NaN NaN NaN NaN NaN NaN NaN NaN NaN NaN NaN NaN NaN NaN NaN NaN NaN NaN NaN NaN NaN NaN NaN NaN NaN NaN NaN NaN NaN NaN NaN NaN NaN NaN NaN 
NaN NaN NaN NaN NaN NaN NaN NaN NaN NaN NaN NaN NaN NaN NaN NaN NaN NaN NaN NaN NaN NaN NaN NaN NaN NaN NaN NaN NaN NaN NaN NaN NaN NaN NaN NaN NaN NaN NaN NaN 
NaN NaN NaN NaN NaN NaN NaN NaN NaN NaN NaN NaN NaN NaN NaN NaN NaN NaN NaN NaN NaN NaN NaN NaN NaN NaN NaN NaN NaN NaN NaN NaN NaN NaN NaN NaN NaN NaN NaN NaN 
NaN NaN NaN NaN NaN NaN NaN NaN NaN NaN NaN NaN NaN NaN NaN NaN NaN NaN NaN NaN NaN NaN NaN NaN NaN NaN NaN NaN NaN NaN NaN NaN NaN NaN NaN NaN NaN NaN NaN NaN 
NaN NaN NaN NaN NaN NaN NaN NaN NaN NaN NaN NaN NaN NaN NaN NaN NaN NaN NaN NaN NaN NaN NaN NaN NaN NaN NaN NaN NaN NaN NaN NaN NaN NaN NaN NaN NaN NaN NaN NaN 
NaN NaN NaN NaN NaN NaN NaN NaN NaN NaN NaN NaN NaN NaN NaN NaN NaN NaN NaN NaN NaN NaN NaN NaN NaN NaN NaN NaN NaN NaN NaN NaN NaN NaN NaN NaN NaN NaN NaN NaN 
NaN NaN NaN NaN NaN NaN NaN NaN NaN NaN NaN NaN NaN NaN NaN NaN NaN NaN NaN NaN NaN NaN NaN NaN NaN NaN NaN NaN NaN NaN NaN NaN NaN NaN NaN NaN NaN NaN NaN NaN 
NaN NaN NaN NaN NaN NaN NaN NaN NaN NaN NaN NaN NaN NaN NaN NaN NaN NaN NaN NaN NaN NaN NaN NaN NaN NaN NaN NaN NaN NaN NaN NaN NaN NaN NaN NaN NaN NaN NaN NaN 
NaN NaN NaN NaN NaN NaN NaN NaN NaN NaN NaN NaN NaN NaN NaN NaN NaN NaN NaN NaN NaN NaN NaN NaN NaN NaN NaN NaN NaN NaN NaN NaN NaN NaN NaN NaN NaN NaN NaN NaN 
NaN NaN NaN NaN NaN NaN NaN NaN NaN NaN NaN NaN NaN NaN NaN NaN NaN NaN NaN NaN NaN NaN NaN NaN NaN NaN NaN NaN NaN NaN NaN NaN NaN NaN NaN NaN NaN NaN NaN NaN 
NaN NaN NaN NaN NaN NaN NaN NaN NaN NaN NaN NaN NaN NaN NaN NaN NaN NaN NaN NaN NaN NaN NaN NaN NaN NaN NaN NaN NaN NaN NaN NaN NaN NaN NaN NaN NaN NaN NaN NaN 
NaN NaN NaN NaN NaN NaN NaN NaN NaN NaN NaN NaN NaN NaN NaN NaN NaN NaN NaN NaN NaN NaN NaN NaN NaN NaN NaN NaN NaN NaN NaN NaN NaN NaN NaN NaN NaN NaN NaN NaN 
NaN NaN NaN NaN NaN NaN NaN NaN NaN NaN NaN NaN NaN NaN NaN NaN NaN NaN NaN NaN NaN NaN NaN NaN NaN NaN NaN NaN NaN NaN NaN NaN NaN NaN NaN NaN NaN NaN NaN NaN 
NaN NaN NaN NaN NaN NaN NaN NaN NaN NaN NaN NaN NaN NaN NaN NaN NaN NaN NaN NaN NaN NaN NaN NaN NaN NaN NaN NaN NaN NaN NaN NaN NaN NaN NaN NaN NaN NaN NaN NaN 
NaN NaN NaN NaN NaN NaN NaN NaN NaN NaN NaN NaN NaN NaN NaN NaN NaN NaN NaN NaN NaN NaN NaN NaN NaN NaN NaN NaN NaN NaN NaN NaN NaN NaN NaN NaN NaN NaN NaN NaN 
NaN NaN NaN NaN NaN NaN NaN NaN NaN NaN NaN NaN NaN NaN NaN NaN NaN NaN NaN NaN NaN NaN NaN NaN NaN NaN NaN NaN NaN NaN NaN NaN NaN NaN NaN NaN NaN NaN NaN NaN 
NaN NaN NaN NaN NaN NaN NaN NaN NaN NaN NaN NaN NaN NaN NaN NaN NaN NaN NaN NaN NaN NaN NaN NaN NaN NaN NaN NaN NaN NaN NaN NaN NaN NaN NaN NaN NaN NaN NaN NaN 
NaN NaN NaN NaN NaN NaN NaN NaN NaN NaN NaN NaN NaN NaN NaN NaN NaN NaN NaN NaN NaN NaN NaN NaN NaN NaN NaN NaN NaN NaN NaN NaN NaN NaN NaN NaN NaN NaN NaN NaN 
NaN NaN NaN NaN NaN NaN NaN NaN NaN NaN NaN NaN NaN NaN NaN NaN NaN NaN NaN NaN NaN NaN NaN NaN NaN NaN NaN NaN NaN NaN NaN NaN NaN NaN NaN NaN NaN NaN NaN NaN 
NaN NaN NaN NaN NaN NaN NaN NaN NaN NaN NaN NaN NaN NaN NaN NaN NaN NaN NaN NaN NaN NaN NaN NaN NaN NaN NaN NaN NaN NaN NaN NaN NaN NaN NaN NaN NaN NaN NaN NaN 
NaN NaN NaN NaN NaN NaN NaN NaN NaN NaN NaN NaN NaN NaN NaN NaN NaN NaN NaN NaN NaN NaN NaN NaN NaN NaN NaN NaN NaN NaN NaN NaN NaN NaN NaN NaN NaN NaN NaN NaN 
NaN NaN NaN NaN NaN NaN NaN NaN NaN NaN NaN NaN NaN NaN NaN NaN NaN NaN NaN NaN NaN NaN NaN NaN NaN NaN NaN NaN NaN NaN NaN NaN NaN NaN NaN NaN NaN NaN NaN NaN 
NaN NaN NaN NaN NaN NaN NaN NaN NaN NaN NaN NaN NaN NaN NaN NaN NaN NaN NaN NaN NaN NaN NaN NaN NaN NaN NaN NaN NaN NaN NaN NaN NaN NaN NaN NaN NaN NaN NaN NaN 
NaN NaN NaN NaN NaN NaN NaN NaN NaN NaN NaN NaN NaN NaN NaN NaN NaN NaN NaN NaN NaN NaN NaN NaN NaN NaN NaN NaN NaN NaN NaN NaN NaN NaN NaN NaN NaN NaN NaN NaN 
NaN NaN NaN NaN NaN NaN NaN NaN NaN NaN NaN NaN NaN NaN NaN NaN NaN NaN NaN NaN NaN NaN NaN NaN NaN NaN NaN NaN NaN NaN NaN NaN NaN NaN NaN NaN NaN NaN NaN NaN 
NaN NaN NaN NaN NaN NaN NaN NaN NaN NaN NaN NaN NaN NaN NaN NaN NaN NaN NaN NaN NaN NaN NaN NaN NaN NaN NaN NaN NaN NaN NaN NaN NaN NaN NaN NaN NaN NaN NaN NaN 
NaN NaN NaN NaN NaN NaN NaN NaN NaN NaN NaN NaN NaN NaN NaN NaN NaN NaN NaN NaN NaN NaN NaN NaN NaN NaN NaN NaN NaN NaN NaN NaN NaN NaN NaN NaN NaN NaN NaN NaN 
NaN NaN NaN NaN NaN NaN NaN NaN NaN NaN NaN NaN NaN NaN NaN NaN NaN NaN NaN NaN NaN NaN NaN NaN NaN NaN NaN NaN NaN NaN NaN NaN NaN NaN NaN NaN NaN NaN NaN NaN 
NaN NaN NaN NaN NaN NaN NaN NaN NaN NaN NaN NaN NaN NaN NaN NaN NaN NaN NaN NaN NaN NaN NaN NaN NaN NaN NaN NaN NaN NaN NaN NaN NaN NaN NaN NaN NaN NaN NaN NaN 
NaN NaN NaN NaN NaN NaN NaN NaN NaN NaN NaN NaN NaN NaN NaN NaN NaN NaN NaN NaN NaN NaN NaN NaN NaN NaN NaN NaN NaN NaN NaN NaN NaN NaN NaN NaN NaN NaN NaN NaN 
NaN NaN NaN NaN NaN NaN NaN NaN NaN NaN NaN NaN NaN NaN NaN NaN NaN NaN NaN NaN NaN NaN NaN NaN NaN NaN NaN NaN NaN NaN NaN NaN NaN NaN NaN NaN NaN NaN NaN NaN 
NaN NaN NaN NaN NaN NaN NaN NaN NaN NaN NaN NaN NaN NaN NaN NaN NaN NaN NaN NaN NaN NaN NaN NaN NaN NaN NaN NaN NaN NaN NaN NaN NaN NaN NaN NaN NaN NaN NaN NaN 
NaN NaN NaN NaN NaN NaN NaN NaN NaN NaN NaN NaN NaN NaN NaN NaN NaN NaN NaN NaN NaN NaN NaN NaN NaN NaN NaN NaN NaN NaN NaN NaN NaN NaN NaN NaN NaN NaN NaN NaN 
NaN NaN NaN NaN NaN NaN NaN NaN NaN NaN NaN NaN NaN NaN NaN NaN NaN NaN NaN NaN NaN NaN NaN NaN NaN NaN NaN NaN NaN NaN NaN NaN NaN NaN NaN NaN NaN NaN NaN NaN 
NaN NaN NaN NaN NaN NaN NaN NaN NaN NaN NaN NaN NaN NaN NaN NaN NaN NaN NaN NaN NaN NaN NaN NaN NaN NaN NaN NaN NaN NaN NaN NaN NaN NaN NaN NaN NaN NaN NaN NaN 
NaN NaN NaN NaN NaN NaN NaN NaN NaN NaN NaN NaN NaN NaN NaN NaN NaN NaN NaN NaN NaN NaN NaN NaN NaN NaN NaN NaN NaN NaN NaN NaN NaN NaN NaN NaN NaN NaN NaN NaN 
NaN NaN NaN NaN NaN NaN NaN NaN NaN NaN NaN NaN NaN NaN NaN NaN NaN NaN NaN NaN NaN NaN NaN NaN NaN NaN NaN NaN NaN NaN NaN NaN NaN NaN NaN NaN NaN NaN NaN NaN 
NaN NaN NaN NaN NaN NaN NaN NaN NaN NaN NaN NaN NaN NaN NaN NaN NaN NaN NaN NaN NaN NaN NaN NaN NaN NaN NaN NaN NaN NaN NaN NaN NaN NaN NaN NaN NaN NaN NaN NaN 
NaN NaN NaN NaN NaN NaN NaN NaN NaN NaN NaN NaN NaN NaN NaN NaN NaN NaN NaN NaN NaN NaN NaN NaN NaN NaN NaN NaN NaN NaN NaN NaN NaN NaN NaN NaN NaN NaN NaN NaN 
NaN NaN NaN NaN NaN NaN NaN NaN NaN NaN NaN NaN NaN NaN NaN NaN NaN NaN NaN NaN NaN NaN NaN NaN NaN NaN NaN NaN NaN NaN NaN NaN NaN NaN NaN NaN NaN NaN NaN NaN 
NaN NaN NaN NaN NaN NaN NaN NaN NaN NaN NaN NaN NaN NaN NaN NaN NaN NaN NaN NaN NaN NaN NaN NaN NaN NaN NaN NaN NaN NaN NaN NaN NaN NaN NaN NaN NaN NaN NaN NaN 
NaN NaN NaN NaN NaN NaN NaN NaN NaN NaN NaN NaN NaN NaN NaN NaN NaN NaN NaN NaN NaN NaN NaN NaN NaN NaN NaN NaN NaN NaN NaN NaN NaN NaN NaN NaN NaN NaN NaN NaN 
NaN NaN NaN NaN NaN NaN NaN NaN NaN NaN NaN NaN NaN NaN NaN NaN NaN NaN NaN NaN NaN NaN NaN NaN NaN NaN NaN NaN NaN NaN NaN NaN NaN NaN NaN NaN NaN NaN NaN NaN 
NaN NaN NaN NaN NaN NaN NaN NaN NaN NaN NaN NaN NaN NaN NaN NaN NaN NaN NaN NaN NaN NaN NaN NaN NaN NaN NaN NaN NaN NaN NaN NaN NaN NaN NaN NaN NaN NaN NaN NaN 
NaN NaN NaN NaN NaN NaN NaN NaN NaN NaN NaN NaN NaN NaN NaN NaN NaN NaN NaN NaN NaN NaN NaN NaN NaN NaN NaN NaN NaN NaN NaN NaN NaN NaN NaN NaN NaN NaN NaN NaN 
NaN NaN NaN NaN NaN NaN NaN NaN NaN NaN NaN NaN NaN NaN NaN NaN NaN NaN NaN NaN NaN NaN NaN NaN NaN NaN NaN NaN NaN NaN NaN NaN NaN NaN NaN NaN NaN NaN NaN NaN 
NaN NaN NaN NaN NaN NaN NaN NaN NaN NaN NaN NaN NaN NaN NaN NaN NaN NaN NaN NaN NaN NaN NaN NaN NaN NaN NaN NaN NaN NaN NaN NaN NaN NaN NaN NaN NaN NaN NaN NaN 
NaN NaN NaN NaN NaN NaN NaN NaN NaN NaN NaN NaN NaN NaN NaN NaN NaN NaN NaN NaN NaN NaN NaN NaN NaN NaN NaN NaN NaN NaN NaN NaN NaN NaN NaN NaN NaN NaN NaN NaN 
NaN NaN NaN NaN NaN NaN NaN NaN NaN NaN NaN NaN NaN NaN NaN NaN NaN NaN NaN NaN NaN NaN NaN NaN NaN NaN NaN NaN NaN NaN NaN NaN NaN NaN NaN NaN NaN NaN NaN NaN 
