NaN NaN NaN NaN NaN NaN NaN NaN NaN NaN NaN NaN NaN NaN NaN NaN NaN NaN NaN NaN NaN NaN NaN NaN NaN NaN NaN NaN NaN NaN NaN NaN NaN NaN NaN NaN NaN NaN NaN NaN 
NaN NaN NaN NaN NaN NaN NaN NaN NaN NaN NaN NaN NaN NaN NaN NaN NaN NaN NaN NaN NaN NaN NaN NaN NaN NaN NaN NaN NaN NaN NaN NaN NaN NaN NaN NaN NaN NaN NaN NaN 
NaN NaN NaN NaN NaN NaN NaN NaN NaN NaN NaN NaN NaN NaN NaN NaN NaN NaN NaN NaN NaN NaN NaN NaN NaN NaN NaN NaN NaN NaN NaN NaN NaN NaN NaN NaN NaN NaN NaN NaN 
NaN NaN NaN NaN NaN NaN NaN NaN NaN NaN NaN NaN NaN NaN NaN NaN NaN NaN NaN NaN NaN NaN NaN NaN NaN NaN NaN NaN NaN NaN NaN NaN NaN NaN NaN NaN NaN NaN NaN NaN 
NaN NaN NaN NaN NaN NaN NaN NaN NaN NaN NaN NaN NaN NaN NaN NaN NaN NaN NaN NaN NaN NaN NaN NaN NaN NaN NaN NaN NaN NaN NaN NaN NaN NaN NaN NaN NaN NaN NaN NaN 
NaN NaN NaN NaN NaN NaN NaN NaN NaN NaN NaN NaN NaN NaN NaN NaN NaN NaN NaN NaN NaN NaN NaN NaN NaN NaN NaN NaN NaN NaN NaN NaN NaN NaN NaN NaN NaN NaN NaN NaN 
NaN NaN NaN NaN NaN NaN NaN NaN NaN NaN NaN NaN NaN NaN NaN NaN NaN NaN NaN NaN NaN NaN NaN NaN NaN NaN NaN NaN NaN NaN NaN NaN NaN NaN NaN NaN NaN NaN NaN NaN 
NaN NaN NaN NaN NaN NaN NaN NaN NaN NaN NaN NaN NaN NaN NaN NaN NaN NaN NaN NaN NaN NaN NaN NaN NaN NaN NaN NaN NaN NaN NaN NaN NaN NaN NaN NaN NaN NaN NaN NaN 
NaN NaN NaN NaN NaN NaN NaN NaN NaN NaN NaN NaN NaN NaN NaN NaN NaN NaN NaN NaN NaN NaN NaN NaN NaN NaN NaN NaN NaN NaN NaN NaN NaN NaN NaN NaN NaN NaN NaN NaN 
NaN NaN NaN NaN NaN NaN NaN NaN NaN NaN NaN NaN NaN NaN NaN NaN NaN NaN NaN NaN NaN NaN NaN NaN NaN NaN NaN NaN NaN NaN NaN NaN NaN NaN NaN NaN NaN NaN NaN NaN 
NaN NaN NaN NaN NaN NaN NaN NaN NaN NaN NaN NaN NaN NaN NaN NaN NaN NaN NaN NaN NaN NaN NaN NaN NaN NaN NaN NaN NaN NaN NaN NaN NaN NaN NaN NaN NaN NaN NaN NaN 
NaN NaN NaN NaN NaN NaN NaN NaN NaN NaN NaN NaN NaN NaN NaN NaN NaN NaN NaN NaN NaN NaN NaN NaN NaN NaN NaN NaN NaN NaN NaN NaN NaN NaN NaN NaN NaN NaN NaN NaN 
NaN NaN NaN NaN NaN NaN NaN NaN NaN NaN NaN NaN NaN NaN NaN NaN NaN NaN NaN NaN NaN NaN NaN NaN NaN NaN NaN NaN NaN NaN NaN NaN NaN NaN NaN NaN NaN NaN NaN NaN 
NaN NaN NaN NaN NaN NaN NaN NaN NaN NaN NaN NaN NaN NaN NaN NaN NaN NaN NaN NaN NaN NaN NaN NaN NaN NaN NaN NaN NaN NaN NaN NaN NaN NaN NaN NaN NaN NaN NaN NaN 
NaN NaN NaN NaN NaN NaN NaN NaN NaN NaN NaN NaN NaN NaN NaN NaN NaN NaN NaN NaN NaN NaN NaN NaN NaN NaN NaN NaN NaN NaN NaN NaN NaN NaN NaN NaN NaN NaN NaN NaN 
NaN NaN NaN NaN NaN NaN NaN NaN NaN NaN NaN NaN NaN NaN NaN NaN NaN NaN NaN NaN NaN NaN NaN NaN NaN NaN NaN NaN NaN NaN NaN NaN NaN NaN NaN NaN NaN NaN NaN NaN 
NaN NaN NaN NaN NaN NaN NaN NaN NaN NaN NaN NaN NaN NaN NaN NaN NaN NaN NaN NaN NaN NaN NaN NaN NaN NaN NaN NaN NaN NaN NaN NaN NaN NaN NaN NaN NaN NaN NaN NaN 
NaN NaN NaN NaN NaN NaN NaN NaN NaN NaN NaN NaN NaN NaN NaN NaN NaN NaN NaN NaN NaN NaN NaN NaN NaN NaN NaN NaN NaN NaN NaN NaN NaN NaN NaN NaN NaN NaN NaN NaN 
NaN NaN NaN NaN NaN NaN NaN NaN NaN NaN NaN NaN NaN NaN NaN NaN NaN NaN NaN NaN NaN NaN NaN NaN NaN NaN NaN NaN NaN NaN NaN NaN NaN NaN NaN NaN NaN NaN NaN NaN 
NaN NaN NaN NaN NaN NaN NaN NaN NaN NaN NaN NaN NaN NaN NaN NaN NaN NaN NaN NaN NaN NaN NaN NaN NaN NaN NaN NaN NaN NaN NaN NaN NaN NaN NaN NaN NaN NaN NaN NaN 
NaN NaN NaN NaN NaN NaN NaN NaN NaN NaN NaN NaN NaN NaN NaN NaN NaN NaN NaN NaN NaN NaN NaN NaN NaN NaN NaN NaN NaN NaN NaN NaN NaN NaN NaN NaN NaN NaN NaN NaN 
NaN NaN NaN NaN NaN NaN NaN NaN NaN NaN NaN NaN NaN NaN NaN NaN NaN NaN NaN NaN NaN NaN NaN NaN NaN NaN NaN NaN NaN NaN NaN NaN NaN NaN NaN NaN NaN NaN NaN NaN 
NaN NaN NaN NaN NaN NaN NaN NaN NaN NaN NaN NaN NaN NaN NaN NaN NaN NaN NaN NaN NaN NaN NaN NaN NaN NaN NaN NaN NaN NaN NaN NaN NaN NaN NaN NaN NaN NaN NaN NaN 
NaN NaN NaN NaN NaN NaN NaN NaN NaN NaN NaN NaN NaN NaN NaN NaN NaN NaN NaN NaN NaN NaN NaN NaN NaN NaN NaN NaN NaN NaN NaN NaN NaN NaN NaN NaN NaN NaN NaN NaN 
NaN NaN NaN NaN NaN NaN NaN NaN NaN NaN NaN NaN NaN NaN NaN NaN NaN NaN NaN NaN NaN NaN NaN NaN NaN NaN NaN NaN NaN NaN NaN NaN NaN NaN NaN NaN NaN NaN NaN NaN 
NaN NaN NaN NaN NaN NaN NaN NaN NaN NaN NaN NaN NaN NaN NaN NaN NaN NaN NaN NaN NaN NaN NaN NaN NaN NaN NaN NaN NaN NaN NaN NaN NaN NaN NaN NaN NaN NaN NaN NaN 
NaN NaN NaN NaN NaN NaN NaN NaN NaN NaN NaN NaN NaN NaN NaN NaN NaN NaN NaN NaN NaN NaN NaN NaN NaN NaN NaN NaN NaN NaN NaN NaN NaN NaN NaN NaN NaN NaN NaN NaN 
NaN NaN NaN NaN NaN NaN NaN NaN NaN NaN NaN NaN NaN NaN NaN NaN NaN NaN NaN NaN NaN NaN NaN NaN NaN NaN NaN NaN NaN NaN NaN NaN NaN NaN NaN NaN NaN NaN NaN NaN 
NaN NaN NaN NaN NaN NaN NaN NaN NaN NaN NaN NaN NaN NaN NaN NaN NaN NaN NaN NaN NaN NaN NaN NaN NaN NaN NaN NaN NaN NaN NaN NaN NaN NaN NaN NaN NaN NaN NaN NaN 
NaN NaN NaN NaN NaN NaN NaN NaN NaN NaN NaN NaN NaN NaN NaN NaN NaN NaN NaN NaN NaN NaN NaN NaN NaN NaN NaN NaN NaN NaN NaN NaN NaN NaN NaN NaN NaN NaN NaN NaN 
NaN NaN NaN NaN NaN NaN NaN NaN NaN NaN NaN NaN NaN NaN NaN NaN NaN NaN NaN NaN NaN NaN NaN NaN NaN NaN NaN NaN NaN NaN NaN NaN NaN NaN NaN NaN NaN NaN NaN NaN 
NaN NaN NaN NaN NaN NaN NaN NaN NaN NaN NaN NaN NaN NaN NaN NaN NaN NaN NaN NaN NaN NaN NaN NaN NaN NaN NaN NaN NaN NaN NaN NaN NaN NaN NaN NaN NaN NaN NaN NaN 
NaN NaN NaN NaN NaN NaN NaN NaN NaN NaN NaN NaN NaN NaN NaN NaN NaN NaN NaN NaN NaN NaN NaN NaN NaN NaN NaN NaN NaN NaN NaN NaN NaN NaN NaN NaN NaN NaN NaN NaN 
NaN NaN NaN NaN NaN NaN NaN NaN NaN NaN NaN NaN NaN NaN NaN NaN NaN NaN NaN NaN NaN NaN NaN NaN NaN NaN NaN NaN NaN NaN NaN NaN NaN NaN NaN NaN NaN NaN NaN NaN 
NaN NaN NaN NaN NaN NaN NaN NaN NaN NaN NaN NaN NaN NaN NaN NaN NaN NaN NaN NaN NaN NaN NaN NaN NaN NaN NaN NaN NaN NaN NaN NaN NaN NaN NaN NaN NaN NaN NaN NaN 
NaN NaN NaN NaN NaN NaN NaN NaN NaN NaN NaN NaN NaN NaN NaN NaN NaN NaN NaN NaN NaN NaN NaN NaN NaN NaN NaN NaN NaN NaN NaN NaN NaN NaN NaN NaN NaN NaN NaN NaN 
NaN NaN NaN NaN NaN NaN NaN NaN NaN NaN NaN NaN NaN NaN NaN NaN NaN NaN NaN NaN NaN NaN NaN NaN NaN NaN NaN NaN NaN NaN NaN NaN NaN NaN NaN NaN NaN NaN NaN NaN 
NaN NaN NaN NaN NaN NaN NaN NaN NaN NaN NaN NaN NaN NaN NaN NaN NaN NaN NaN NaN NaN NaN NaN NaN NaN NaN NaN NaN NaN NaN NaN NaN NaN NaN NaN NaN NaN NaN NaN NaN 
NaN NaN NaN NaN NaN NaN NaN NaN NaN NaN NaN NaN NaN NaN NaN NaN NaN NaN NaN NaN NaN NaN NaN NaN NaN NaN NaN NaN NaN NaN NaN NaN NaN NaN NaN NaN NaN NaN NaN NaN 
NaN NaN NaN NaN NaN NaN NaN NaN NaN NaN NaN NaN NaN NaN NaN NaN NaN NaN NaN NaN NaN NaN NaN NaN NaN NaN NaN NaN NaN NaN NaN NaN NaN NaN NaN NaN NaN NaN NaN NaN 
NaN NaN NaN NaN NaN NaN NaN NaN NaN NaN NaN NaN NaN NaN NaN NaN NaN NaN NaN NaN NaN NaN NaN NaN NaN NaN NaN NaN NaN NaN NaN NaN NaN NaN NaN NaN NaN NaN NaN NaN 
NaN NaN NaN NaN NaN NaN NaN NaN NaN NaN NaN NaN NaN NaN NaN NaN NaN NaN NaN NaN NaN NaN NaN NaN NaN NaN NaN NaN NaN NaN NaN NaN NaN NaN NaN NaN NaN NaN NaN NaN 
NaN NaN NaN NaN NaN NaN NaN NaN NaN NaN NaN NaN NaN NaN NaN NaN NaN NaN NaN NaN NaN NaN NaN NaN NaN NaN NaN NaN NaN NaN NaN NaN NaN NaN NaN NaN NaN NaN NaN NaN 
NaN NaN NaN NaN NaN NaN NaN NaN NaN NaN NaN NaN NaN NaN NaN NaN NaN NaN NaN NaN NaN NaN NaN NaN NaN NaN NaN NaN NaN NaN NaN NaN NaN NaN NaN NaN NaN NaN NaN NaN 
NaN NaN NaN NaN NaN NaN NaN NaN NaN NaN NaN NaN NaN NaN NaN NaN NaN NaN NaN NaN NaN NaN NaN NaN NaN NaN NaN NaN NaN NaN NaN NaN NaN NaN NaN NaN NaN NaN NaN NaN 
NaN NaN NaN NaN NaN NaN NaN NaN NaN NaN NaN NaN NaN NaN NaN NaN NaN NaN NaN NaN NaN NaN NaN NaN NaN NaN NaN NaN NaN NaN NaN NaN NaN NaN NaN NaN NaN NaN NaN NaN 
NaN NaN NaN NaN NaN NaN NaN NaN NaN NaN NaN NaN NaN NaN NaN NaN NaN NaN NaN NaN NaN NaN NaN NaN NaN NaN NaN NaN NaN NaN NaN NaN NaN NaN NaN NaN NaN NaN NaN NaN 
NaN NaN NaN NaN NaN NaN NaN NaN NaN NaN NaN NaN NaN NaN NaN NaN NaN NaN NaN NaN NaN NaN NaN NaN NaN NaN NaN NaN NaN NaN NaN NaN NaN NaN NaN NaN NaN NaN NaN NaN 
NaN NaN NaN NaN NaN NaN NaN NaN NaN NaN NaN NaN NaN NaN NaN NaN NaN NaN NaN NaN NaN NaN NaN NaN NaN NaN NaN NaN NaN NaN NaN NaN NaN NaN NaN NaN NaN NaN NaN NaN 
NaN NaN NaN NaN NaN NaN NaN NaN NaN NaN NaN NaN NaN NaN NaN NaN NaN NaN NaN NaN NaN NaN NaN NaN NaN NaN NaN NaN NaN NaN NaN NaN NaN NaN NaN NaN NaN NaN NaN NaN 
NaN NaN NaN NaN NaN NaN NaN NaN NaN NaN NaN NaN NaN NaN NaN NaN NaN NaN NaN NaN NaN NaN NaN NaN NaN NaN NaN NaN NaN NaN NaN NaN NaN NaN NaN NaN NaN NaN NaN NaN 
NaN NaN NaN NaN NaN NaN NaN NaN NaN NaN NaN NaN NaN NaN NaN NaN NaN NaN NaN NaN NaN NaN NaN NaN NaN NaN NaN NaN NaN NaN NaN NaN NaN NaN NaN NaN NaN NaN NaN NaN 
NaN NaN NaN NaN NaN NaN NaN NaN NaN NaN NaN NaN NaN NaN NaN NaN NaN NaN NaN NaN NaN NaN NaN NaN NaN NaN NaN NaN NaN NaN NaN NaN NaN NaN NaN NaN NaN NaN NaN NaN 
NaN NaN NaN NaN NaN NaN NaN NaN NaN NaN NaN NaN NaN NaN NaN NaN NaN NaN NaN NaN NaN NaN NaN NaN NaN NaN NaN NaN NaN NaN NaN NaN NaN NaN NaN NaN NaN NaN NaN NaN 
NaN NaN NaN NaN NaN NaN NaN NaN NaN NaN NaN NaN NaN NaN NaN NaN NaN NaN NaN NaN NaN NaN NaN NaN NaN NaN NaN NaN NaN NaN NaN NaN NaN NaN NaN NaN NaN NaN NaN NaN 
NaN NaN NaN NaN NaN NaN NaN NaN NaN NaN NaN NaN NaN NaN NaN NaN NaN NaN NaN NaN NaN NaN NaN NaN NaN NaN NaN NaN NaN NaN NaN NaN NaN NaN NaN NaN NaN NaN NaN NaN 
NaN NaN NaN NaN NaN NaN NaN NaN NaN NaN NaN NaN NaN NaN NaN NaN NaN NaN NaN NaN NaN NaN NaN NaN NaN NaN NaN NaN NaN NaN NaN NaN NaN NaN NaN NaN NaN NaN NaN NaN 
NaN NaN NaN NaN NaN NaN NaN NaN NaN NaN NaN NaN NaN NaN NaN NaN NaN NaN NaN NaN NaN NaN NaN NaN NaN NaN NaN NaN NaN NaN NaN NaN NaN NaN NaN NaN NaN NaN NaN NaN 
NaN NaN NaN NaN NaN NaN NaN NaN NaN NaN NaN NaN NaN NaN NaN NaN NaN NaN NaN NaN NaN NaN NaN NaN NaN NaN NaN NaN NaN NaN NaN NaN NaN NaN NaN NaN NaN NaN NaN NaN 
NaN NaN NaN NaN NaN NaN NaN NaN NaN NaN NaN NaN NaN NaN NaN NaN NaN NaN NaN NaN NaN NaN NaN NaN NaN NaN NaN NaN NaN NaN NaN NaN NaN NaN NaN NaN NaN NaN NaN NaN 
NaN NaN NaN NaN NaN NaN NaN NaN NaN NaN NaN NaN NaN NaN NaN NaN NaN NaN NaN NaN NaN NaN NaN NaN NaN NaN NaN NaN NaN NaN NaN NaN NaN NaN NaN NaN NaN NaN NaN NaN 
NaN NaN NaN NaN NaN NaN NaN NaN NaN NaN NaN NaN NaN NaN NaN NaN NaN NaN NaN NaN NaN NaN NaN NaN NaN NaN NaN NaN NaN NaN NaN NaN NaN NaN NaN NaN NaN NaN NaN NaN 
NaN NaN NaN NaN NaN NaN NaN NaN NaN NaN NaN NaN NaN NaN NaN NaN NaN NaN NaN NaN NaN NaN NaN NaN NaN NaN NaN NaN NaN NaN NaN NaN NaN NaN NaN NaN NaN NaN NaN NaN 
NaN NaN NaN NaN NaN NaN NaN NaN NaN NaN NaN NaN NaN NaN NaN NaN NaN NaN NaN NaN NaN NaN NaN NaN NaN NaN NaN NaN NaN NaN NaN NaN NaN NaN NaN NaN NaN NaN NaN NaN 
NaN NaN NaN NaN NaN NaN NaN NaN NaN NaN NaN NaN NaN NaN NaN NaN NaN NaN NaN NaN NaN NaN NaN NaN NaN NaN NaN NaN NaN NaN NaN NaN NaN NaN NaN NaN NaN NaN NaN NaN 
NaN NaN NaN NaN NaN NaN NaN NaN NaN NaN NaN NaN NaN NaN NaN NaN NaN NaN NaN NaN NaN NaN NaN NaN NaN NaN NaN NaN NaN NaN NaN NaN NaN NaN NaN NaN NaN NaN NaN NaN 
NaN NaN NaN NaN NaN NaN NaN NaN NaN NaN NaN NaN NaN NaN NaN NaN NaN NaN NaN NaN NaN NaN NaN NaN NaN NaN NaN NaN NaN NaN NaN NaN NaN NaN NaN NaN NaN NaN NaN NaN 
NaN NaN NaN NaN NaN NaN NaN NaN NaN NaN NaN NaN NaN NaN NaN NaN NaN NaN NaN NaN NaN NaN NaN NaN NaN NaN NaN NaN NaN NaN NaN NaN NaN NaN NaN NaN NaN NaN NaN NaN 
NaN NaN NaN NaN NaN NaN NaN NaN NaN NaN NaN NaN NaN NaN NaN NaN NaN NaN NaN NaN NaN NaN NaN NaN NaN NaN NaN NaN NaN NaN NaN NaN NaN NaN NaN NaN NaN NaN NaN NaN 
NaN NaN NaN NaN NaN NaN NaN NaN NaN NaN NaN NaN NaN NaN NaN NaN NaN NaN NaN NaN NaN NaN NaN NaN NaN NaN NaN NaN NaN NaN NaN NaN NaN NaN NaN NaN NaN NaN NaN NaN 
NaN NaN NaN NaN NaN NaN NaN NaN NaN NaN NaN NaN NaN NaN NaN NaN NaN NaN NaN NaN NaN NaN NaN NaN NaN NaN NaN NaN NaN NaN NaN NaN NaN NaN NaN NaN NaN NaN NaN NaN 
NaN NaN NaN NaN NaN NaN NaN NaN NaN NaN NaN NaN NaN NaN NaN NaN NaN NaN NaN NaN NaN NaN NaN NaN NaN NaN NaN NaN NaN NaN NaN NaN NaN NaN NaN NaN NaN NaN NaN NaN 
NaN NaN NaN NaN NaN NaN NaN NaN NaN NaN NaN NaN NaN NaN NaN NaN NaN NaN NaN NaN NaN NaN NaN NaN NaN NaN NaN NaN NaN NaN NaN NaN NaN NaN NaN NaN NaN NaN NaN NaN 
NaN NaN NaN NaN NaN NaN NaN NaN NaN NaN NaN NaN NaN NaN NaN NaN NaN NaN NaN NaN NaN NaN NaN NaN NaN NaN NaN NaN NaN NaN NaN NaN NaN NaN NaN NaN NaN NaN NaN NaN 
NaN NaN NaN NaN NaN NaN NaN NaN NaN NaN NaN NaN NaN NaN NaN NaN NaN NaN NaN NaN NaN NaN NaN NaN NaN NaN NaN NaN NaN NaN NaN NaN NaN NaN NaN NaN NaN NaN NaN NaN 
NaN NaN NaN NaN NaN NaN NaN NaN NaN NaN NaN NaN NaN NaN NaN NaN NaN NaN NaN NaN NaN NaN NaN NaN NaN NaN NaN NaN NaN NaN NaN NaN NaN NaN NaN NaN NaN NaN NaN NaN 
NaN NaN NaN NaN NaN NaN NaN NaN NaN NaN NaN NaN NaN NaN NaN NaN NaN NaN NaN NaN NaN NaN NaN NaN NaN NaN NaN NaN NaN NaN NaN NaN NaN NaN NaN NaN NaN NaN NaN NaN 
NaN NaN NaN NaN NaN NaN NaN NaN NaN NaN NaN NaN NaN NaN NaN NaN NaN NaN NaN NaN NaN NaN NaN NaN NaN NaN NaN NaN NaN NaN NaN NaN NaN NaN NaN NaN NaN NaN NaN NaN 
NaN NaN NaN NaN NaN NaN NaN NaN NaN NaN NaN NaN NaN NaN NaN NaN NaN NaN NaN NaN NaN NaN NaN NaN NaN NaN NaN NaN NaN NaN NaN NaN NaN NaN NaN NaN NaN NaN NaN NaN 
NaN NaN NaN NaN NaN NaN NaN NaN NaN NaN NaN NaN NaN NaN NaN NaN NaN NaN NaN NaN NaN NaN NaN NaN NaN NaN NaN NaN NaN NaN NaN NaN NaN NaN NaN NaN NaN NaN NaN NaN 
NaN NaN NaN NaN NaN NaN NaN NaN NaN NaN NaN NaN NaN NaN NaN NaN NaN NaN NaN NaN NaN NaN NaN NaN NaN NaN NaN NaN NaN NaN NaN NaN NaN NaN NaN NaN NaN NaN NaN NaN 
NaN NaN NaN NaN NaN NaN NaN NaN NaN NaN NaN NaN NaN NaN NaN NaN NaN NaN NaN NaN NaN NaN NaN NaN NaN NaN NaN NaN NaN NaN NaN NaN NaN NaN NaN NaN NaN NaN NaN NaN 
NaN NaN NaN NaN NaN NaN NaN NaN NaN NaN NaN NaN NaN NaN NaN NaN NaN NaN NaN NaN NaN NaN NaN NaN NaN NaN NaN NaN NaN NaN NaN NaN NaN NaN NaN NaN NaN NaN NaN NaN 
-61.466031 -65.969334 -68.515473 -69.706468 -72.867381 -74.339963 -76.028059 -81.450522 -86.338694 -81.576763 -77.163106 -74.523196 -79.424491 -87.488775 -80.921684 -78.838965 -77.642747 -80.982974 -90.029670 -83.455391 -80.312718 -82.391702 -83.661696 -80.012258 -80.684238 -83.087270 -83.310018 -85.409175 -80.998411 -80.287335 -77.230685 -78.031101 -77.970766 -77.402424 -78.864018 -78.135577 -82.909670 -79.500488 -83.428708 -83.916908 
-53.968928 -73.905004 -70.876431 -66.348909 -72.270695 -74.581896 -74.472867 -74.285404 -70.583862 -74.583564 -75.705910 -69.908796 -69.008281 -69.614000 -74.294142 -73.596676 -70.806287 -73.667760 -83.449073 -78.318315 -71.204592 -74.582938 -73.223640 -71.066517 -71.338080 -73.947525 -75.047907 -72.951197 -72.577901 -75.741258 -70.895453 -70.358749 -72.745913 -72.190054 -72.417978 -73.464641 -75.899968 -73.668715 -72.890513 -74.892254 
-55.036415 -71.350573 -75.249896 -74.148042 -74.271179 -73.367685 -74.392607 -74.581937 -73.447070 -74.545458 -75.045960 -77.882756 -75.736758 -74.293953 -74.503265 -70.249510 -70.007810 -72.440973 -74.185085 -75.088320 -72.605482 -71.434109 -69.978558 -68.716303 -77.600856 -72.520207 -71.553098 -73.055413 -71.240756 -72.172346 -74.089772 -73.454179 -71.900884 -73.522934 -74.175032 -69.299298 -72.324334 -75.189962 -73.351922 -74.343632 
-53.837956 -67.866999 -66.796874 -68.342003 -66.021113 -70.179300 -67.672715 -71.949802 -68.582830 -70.433870 -68.109457 -68.115015 -69.392255 -71.236208 -71.942679 -66.867926 -68.600736 -72.951806 -74.222935 -72.119492 -71.475028 -73.065031 -68.017726 -71.028555 -74.343209 -73.084756 -70.201640 -68.237155 -69.962646 -73.167323 -73.355650 -74.079093 -71.851195 -71.287375 -69.205361 -69.282218 -70.012329 -72.043889 -70.633089 -73.323724 
-45.379554 -42.002155 -41.606894 -46.880291 -41.987164 -39.355562 -46.885026 -51.413785 -49.775123 -54.744721 -53.704435 -48.840475 -50.153247 -53.608405 -54.191154 -50.958564 -53.885607 -57.190887 -58.572416 -56.644810 -60.306309 -61.491558 -58.729465 -60.296282 -62.225472 -60.643323 -64.578807 -62.134275 -60.979609 -64.646586 -67.509102 -66.446932 -66.341669 -68.069069 -64.964804 -64.774664 -64.096534 -66.588376 -67.544058 -71.959129 
-39.194176 -33.672280 -32.126730 -33.867455 -31.422855 -33.431970 -38.723427 -45.996812 -50.219195 -61.663423 -52.963327 -47.725500 -49.951776 -47.534134 -53.212166 -48.726751 -51.636493 -57.914567 -55.841600 -56.345965 -61.624577 -65.412318 -62.411488 -62.966399 -63.402155 -61.992659 -58.648789 -59.207077 -62.701278 -63.726542 -64.833903 -64.236108 -66.695563 -71.041550 -66.270316 -65.318434 -65.074747 -65.547477 -64.874862 -68.956323 
-23.613859 -22.868908 -25.725472 -24.498938 -28.927306 -32.796589 -36.817552 -39.213752 -51.744980 -54.595263 -51.714318 -49.126548 -49.828804 -52.234928 -55.205285 -49.215189 -54.952479 -54.392390 -51.138548 -52.773148 -58.952961 -59.406999 -55.949415 -59.481943 -62.145252 -62.776355 -61.228616 -58.338085 -62.645312 -61.084330 -62.865750 -63.972438 -66.597711 -68.574099 -66.167860 -65.855768 -66.799365 -63.012234 -63.548375 -66.519659 
-17.975688 -18.128007 -21.554578 -25.714853 -33.285519 -37.728741 -43.484460 -43.823017 -51.482407 -50.509789 -53.451419 -55.960667 -51.685423 -53.285877 -53.475729 -54.555884 -56.733295 -54.815351 -59.705797 -56.152128 -58.478808 -58.677807 -59.730304 -60.204637 -60.683439 -60.856073 -63.017229 -66.030524 -63.884212 -61.214304 -63.876737 -64.489519 -64.766386 -66.319563 -64.136288 -65.759031 -65.722169 -62.739585 -64.989060 -69.703390 
-21.639906 -33.209353 -31.986010 -31.403902 -32.279741 -34.814088 -42.191465 -48.568308 -50.145131 -52.153372 -54.073377 -49.705600 -52.829462 -51.478534 -52.955675 -56.007777 -51.151842 -52.241216 -59.427910 -57.457396 -57.882333 -52.101020 -56.512128 -57.813946 -58.124108 -61.977824 -61.858598 -64.042303 -66.309545 -65.545433 -69.962951 -73.882878 -65.276950 -69.820742 -72.362991 -72.782454 -73.315125 -68.589620 -73.157465 -73.976162 
-12.803285 -19.189289 -18.499033 -17.476322 -17.744394 -18.887302 -19.498931 -20.174419 -23.887414 -25.947746 -30.929713 -36.863660 -34.203924 -33.642531 -36.743721 -34.121437 -31.000983 -29.741369 -31.655016 -36.660789 -37.461165 -37.654955 -44.250157 -43.098802 -42.580506 -44.446682 -48.209083 -42.673216 -42.208329 -47.186007 -48.009748 -47.436734 -46.681647 -45.655195 -41.214677 -41.417343 -42.927574 -44.554180 -45.976305 -47.980079 
2.627204 1.592093 5.051772 5.521751 4.376400 2.605459 -0.637370 -3.815243 -6.197027 -11.158026 -13.002600 -12.504829 -15.086698 -21.972865 -21.234512 -13.288487 -8.280613 -13.304675 -15.880967 -18.149362 -21.739331 -22.060552 -26.453794 -26.765316 -32.426384 -32.359732 -34.055999 -25.291655 -28.477342 -37.186436 -38.112068 -37.785131 -36.443483 -29.111291 -24.340154 -25.333331 -24.960398 -28.822187 -36.831244 -34.832862 
10.598367 17.498821 21.265782 18.072359 10.679098 12.430569 13.105770 8.308607 9.277879 -3.388956 0.410263 -9.502625 -8.278183 -8.307777 -8.333663 -4.955879 -3.606775 -5.934285 -14.247283 -18.882586 -20.389007 -17.647163 -15.220784 -12.223497 -22.213088 -22.402685 -18.254939 -16.028948 -28.029391 -30.487671 -34.511683 -35.486299 -32.919642 -29.163937 -31.343150 -27.656591 -29.484075 -23.958618 -34.917512 -32.188612 
8.646373 20.172512 26.302823 17.681772 20.116368 20.077130 22.280763 23.466586 14.318332 6.857138 7.740662 -0.738399 0.458685 1.840078 -1.200402 2.287415 9.054663 8.542516 -6.251898 -9.788385 -11.493138 -10.306706 -6.176912 -2.562843 -13.287083 -14.720394 -13.235829 -7.782128 -13.962251 -24.515832 -34.794526 -35.348664 -33.749721 -33.191492 -36.054806 -32.761799 -29.575044 -25.866448 -34.087610 -32.124803 
6.893421 21.296023 26.048973 16.700222 22.295227 18.128502 22.565031 23.499402 15.992003 9.965589 5.850004 2.786477 1.945485 1.945823 -1.275201 0.056113 3.092371 8.791833 5.917870 -6.027847 -8.094031 -8.138716 -3.896837 -2.551444 -11.316388 -14.565049 -11.931903 -4.501231 -12.792035 -28.806250 -30.247191 -32.859803 -26.462092 -25.466785 -29.421545 -28.899481 -26.941141 -25.307673 -31.830087 -29.846879 
2.271292 20.651727 25.796015 16.849231 22.010907 17.761703 20.539304 17.879477 18.152838 11.280093 6.973606 3.617275 3.388343 1.221431 -3.965907 -1.044136 1.252552 7.545796 8.750151 -1.514303 -7.670828 -8.803004 -4.084002 -3.952533 -10.870176 -13.188638 -11.094845 -6.038668 -13.812898 -25.064184 -29.348771 -33.489251 -22.792140 -23.742743 -29.569137 -24.273140 -23.054443 -22.514308 -33.235015 -27.626312 
1.367114 20.575685 25.777833 15.865705 22.108043 17.077477 17.630767 15.009330 16.035471 10.547547 5.709620 3.311284 2.921693 1.166039 -3.464882 -3.162773 -0.094262 6.418299 9.375446 1.737521 -6.017766 -8.019087 -3.056103 -2.983167 -9.567472 -21.358210 -15.343315 -6.920142 -10.545452 -22.706307 -29.612287 -33.600376 -31.648700 -30.692416 -31.264945 -27.787248 -22.162119 -24.203101 -33.643531 -26.468361 
2.392972 20.902275 24.006043 17.223801 17.755091 14.252650 12.779881 7.285942 6.868394 3.136042 -1.166502 -3.529077 -1.464716 -6.174875 -7.399191 -7.032328 -4.630485 3.432814 4.018445 -1.254499 -12.219210 -11.577054 -5.034802 -1.366332 -10.557892 -22.456731 -17.100075 -9.543834 -10.801048 -25.341301 -29.465074 -30.185297 -30.334009 -30.761048 -31.569744 -30.468431 -22.546779 -24.758009 -31.774715 -27.804535 
0.101248 20.608434 26.841105 19.551468 17.086028 12.725135 3.866287 1.366382 -8.431890 -7.896102 -16.377274 -16.544517 -18.546753 -16.964218 -23.232997 -22.494271 -16.832919 -9.318879 -9.235758 -18.545021 -19.067359 -19.393139 -12.610797 -10.334916 -17.616512 -30.777538 -20.405902 -16.291117 -23.580720 -34.766338 -34.959349 -35.517754 -39.402707 -39.300015 -41.538231 -41.242607 -37.213376 -37.126573 -43.238724 -35.335836 
-0.584283 20.509384 26.673150 16.801582 18.202897 15.295182 2.262280 0.924260 -10.608325 -12.602487 -16.393316 -20.013820 -19.174738 -18.702836 -25.500742 -21.459237 -16.299509 -9.608875 -9.046433 -18.000158 -19.834257 -19.827776 -15.878918 -16.443138 -20.957736 -32.356484 -29.231997 -25.539635 -29.769326 -39.169230 -33.483652 -34.861661 -41.938879 -46.891934 -49.481413 -48.272705 -41.793904 -43.150256 -49.743016 -43.235467 
-0.740972 20.178567 26.670040 17.510091 18.417771 16.245785 2.623846 1.562501 -9.450306 -11.105008 -14.731822 -16.539739 -17.418520 -18.339331 -21.779541 -20.810282 -16.171625 -10.344562 -7.995871 -14.547176 -17.802378 -18.177973 -19.208400 -18.244933 -20.773537 -27.129402 -29.479909 -27.405215 -27.983929 -32.769309 -29.247670 -30.908554 -35.279419 -35.989690 -36.415376 -36.694775 -36.627478 -36.908063 -37.598802 -37.526713 
-1.023236 19.853279 26.627252 17.800660 18.082051 16.342596 1.816799 1.118186 -9.759021 -10.212169 -13.615951 -15.246104 -15.683921 -17.679205 -21.312418 -20.477648 -15.475401 -10.759667 -9.095730 -16.688052 -19.458466 -19.502081 -19.614829 -20.198467 -21.502571 -26.686111 -29.490566 -27.360563 -27.041162 -30.726646 -28.439215 -30.164058 -32.742459 -33.310915 -33.734882 -34.085072 -34.334880 -34.487351 -34.771885 -34.918547 
-2.309916 19.596099 26.424941 17.335465 17.746698 16.095775 1.733951 1.144009 -9.727132 -11.540896 -14.629443 -15.818819 -14.854665 -17.409207 -19.619261 -19.596763 -16.365065 -14.236639 -10.647084 -16.390552 -17.156178 -18.286236 -18.700419 -19.844857 -21.894750 -25.473446 -28.788441 -27.224139 -27.664743 -30.343947 -29.894526 -31.229901 -33.329535 -33.808860 -34.296836 -34.712379 -34.817565 -34.584554 -35.180466 -35.597322 
-4.011016 19.108305 26.351274 17.576469 16.860299 16.199952 1.407931 1.014407 -12.601137 -10.067616 -15.969717 -17.275036 -17.128364 -17.147786 -19.707281 -26.026641 -17.925145 -16.792148 -11.563938 -17.281433 -17.077460 -19.100690 -19.359790 -16.479818 -19.499109 -22.426960 -26.618837 -27.474033 -29.914724 -28.168613 -31.877863 -32.229120 -37.232042 -38.024381 -38.414440 -38.735048 -37.066540 -36.121980 -37.477011 -38.346055 
-5.474145 18.349573 26.186395 17.769968 17.098449 17.223679 1.520096 2.699865 -5.765218 -8.455905 -17.250145 -17.686621 -12.512612 -13.207600 -16.171853 -17.625384 -14.348418 -9.414044 -9.851641 -12.968939 -15.919718 -16.711744 -15.106364 -14.679731 -20.830876 -23.629720 -25.714648 -22.693449 -19.968678 -22.170273 -29.115546 -30.370707 -42.184582 -43.875621 -44.015594 -42.730362 -33.833778 -32.450326 -34.721871 -37.118355 
-7.765550 16.627010 25.678178 19.219078 14.116736 20.268671 12.768406 12.846045 7.166691 6.029788 -5.373239 -6.511768 -3.123526 -6.243291 -6.097981 -8.833656 -8.234118 -0.943774 2.340448 4.568492 -1.839602 -7.612638 -8.778994 -5.154065 -5.556874 -13.052211 -12.064559 -8.683764 -5.160238 -9.719416 -26.489340 -27.632765 -31.080208 -31.697480 -32.118107 -30.457763 -25.959638 -25.793854 -24.477405 -24.720267 
-4.558730 16.362991 24.115440 16.080147 18.242876 19.649850 6.323068 13.689994 13.058894 16.837468 1.228496 -5.135122 2.947739 -1.810719 -1.343014 -1.630910 -5.035106 -2.012442 5.415373 12.249753 7.019858 0.121601 -2.696389 0.948918 4.788692 -6.051216 -11.198530 -9.232526 -4.014710 -7.717425 -26.446313 -31.780247 -33.570191 -34.619867 -35.122009 -33.139629 -28.353744 -27.115653 -22.297905 -24.771892 
-9.140295 15.325978 23.371918 15.913553 16.989196 18.785759 5.807725 9.428206 12.304514 20.916533 5.939233 -0.045612 7.155302 2.739537 -0.394350 1.543385 -4.707549 -1.158417 3.611079 12.130431 5.935689 0.271309 -3.572768 -2.169185 3.896851 -1.920685 -8.179446 -8.752128 -8.328984 -11.951740 -26.658718 -34.355304 -35.704052 -35.073585 -37.529430 -35.162273 -26.716240 -25.409646 -25.374825 -25.712464 
-8.758324 14.026640 22.611181 15.143949 15.368049 18.020103 4.577962 7.385527 11.989677 21.157177 5.988805 4.927329 8.910006 2.591606 0.932190 2.685182 -3.832328 -0.662351 4.615460 12.002357 8.363483 3.028477 0.446362 -0.692867 3.362384 -0.337950 -7.201584 -9.669139 -7.853633 -10.728516 -21.409389 -29.246322 -29.197114 -28.567772 -32.036751 -31.976725 -26.729379 -22.630771 -22.159521 -25.572586 
-10.213114 13.016024 22.004537 15.089478 13.984329 17.329861 4.517721 7.421749 7.303576 19.758301 8.782959 9.697510 8.023796 4.618942 0.317032 0.868613 -2.804319 0.478913 5.532369 9.652846 7.972758 -0.295107 -2.856673 -1.429664 2.544974 -1.362268 -8.389593 -7.658770 -8.364218 -13.439748 -21.882876 -29.962809 -30.875426 -31.843206 -41.623499 -38.773629 -28.566396 -23.556936 -26.157341 -25.752421 
-13.755372 11.097396 21.211909 14.799685 11.175466 16.546331 2.897788 4.223147 3.158627 17.591562 9.275613 11.834709 7.020757 5.447448 1.396623 2.512720 -1.266491 0.952161 5.449448 8.436331 7.499943 0.619604 -1.297064 -1.230144 2.922380 -2.374503 -9.193630 -9.273808 -10.299838 -15.500714 -24.420918 -31.526614 -30.294727 -28.127468 -34.963240 -35.537863 -27.830521 -24.112033 -22.585569 -23.710016 
-11.833351 10.247590 20.981302 15.531742 9.087979 15.318379 3.385210 2.651063 -0.634290 14.282754 8.607016 11.715564 6.061209 7.551773 2.078673 0.491901 1.739423 2.854786 8.637260 11.211008 3.121719 -1.111670 -3.735279 -4.181160 1.170845 -4.791408 -11.988232 -11.457955 -13.816263 -20.147944 -29.122616 -36.891780 -31.520162 -29.905443 -35.954617 -44.363399 -31.071325 -25.797983 -24.194717 -26.455551 
-15.094818 8.388029 20.672753 16.661744 5.376599 14.054027 4.283925 0.252786 -1.515371 12.542919 9.199291 11.253463 7.772839 9.190816 1.647249 -0.099582 1.777464 2.731834 7.913126 10.504227 3.674290 -1.691802 -5.501300 -4.752838 -0.779228 -6.672603 -11.273152 -13.166183 -14.636010 -18.087844 -28.287446 -34.297282 -32.252669 -29.468976 -31.020301 -38.007837 -32.843823 -23.829968 -23.926254 -28.076663 
-25.113601 7.148499 20.155783 16.716550 3.213759 13.045266 4.889455 -0.780836 -1.181885 9.473955 10.519428 10.641244 7.465145 8.450738 2.655201 1.025594 1.911139 4.966294 8.244654 8.464424 3.516676 -1.716248 -3.438483 -7.760130 -2.780402 -9.554080 -10.323884 -11.323385 -13.526530 -20.151986 -26.484190 -37.481478 -35.496964 -30.280592 -35.713999 -53.724420 -40.350990 -28.114611 -23.843485 -28.058136 
-20.214011 6.031115 19.658512 17.329930 1.836981 12.321768 6.163466 -1.487386 2.471586 6.217786 10.991065 9.720069 10.769050 6.489103 2.469692 2.638597 2.544668 5.262011 9.012742 8.583540 -0.716629 -2.804256 -6.540061 -8.665425 -4.361517 -7.559055 -9.136910 -11.690548 -12.494411 -18.243310 -26.493258 -36.876742 -29.927664 -27.161117 -30.862954 -47.286124 -47.418326 -28.392310 -22.312710 -27.532701 
-15.913586 4.463185 19.045273 17.567286 -0.378675 10.861272 6.182749 -4.357476 3.742372 2.794273 11.278872 7.947686 11.973174 5.468691 2.598706 0.872625 1.001231 5.325067 8.432316 7.891413 -1.453233 -5.738681 -7.886448 -7.985955 -4.185242 -5.554462 -9.779746 -10.279007 -13.083752 -17.743338 -26.539152 -34.451548 -29.808389 -25.019707 -29.605482 -41.903277 -41.580898 -27.787084 -22.297688 -26.550746 
-12.443572 3.573843 18.836691 18.782623 1.331260 10.265181 8.937382 -3.674617 5.715221 0.658229 11.752414 5.514454 12.341309 3.518916 3.837016 2.131799 0.863402 0.507755 2.680880 6.690522 -2.529499 -7.083981 -8.786145 -6.839349 -0.760869 -6.691464 -11.764885 -10.022494 -12.441674 -16.137298 -26.361254 -31.861813 -25.138520 -24.398237 -29.084359 -40.605192 -39.725689 -26.001804 -21.370947 -24.983637 
-12.621361 0.342433 18.394123 19.555107 1.986221 9.276990 10.229492 -3.201180 8.008299 -1.885024 11.267885 5.821911 12.262792 3.121752 4.023175 -1.602095 -2.333867 1.903117 2.485726 4.302536 -3.130088 -7.339021 -7.122051 -7.711946 -1.304913 -7.268693 -10.835426 -10.739858 -14.174298 -16.360952 -28.789556 -32.239085 -25.690682 -27.257036 -32.827384 -42.855401 -41.697392 -25.620302 -19.255036 -24.413593 
-11.658714 -0.634061 18.074956 20.594337 3.574483 7.905279 11.239654 -2.202195 10.117233 3.845217 12.398442 10.029204 11.047485 5.762491 4.899951 -2.038443 0.438697 4.812839 6.198142 3.547387 -4.062949 -4.451040 -9.180361 -9.114582 -4.495651 -9.458642 -12.593013 -11.346972 -13.478514 -17.791328 -22.439724 -27.940992 -24.225099 -25.333388 -30.714981 -37.326959 -37.531609 -24.397300 -20.795692 -23.701871 
-16.593367 -3.660715 18.090500 21.499120 6.222017 6.530333 11.825718 -2.990514 11.320087 5.509067 11.351263 10.583357 7.741344 4.835278 2.457942 -3.854920 -1.965864 1.776638 5.567844 3.675838 -7.971740 -8.450968 -12.916256 -10.128975 -8.411132 -8.887062 -14.555076 -15.595143 -17.046028 -21.328296 -24.853617 -31.991339 -26.215729 -28.903674 -34.260899 -42.384319 -42.863465 -25.225166 -22.510311 -23.433977 
-16.952652 -2.395981 18.301296 21.974495 7.391646 6.016190 12.296842 -2.224310 11.946032 8.588911 11.389141 12.127160 0.447814 1.931582 -3.871303 -7.301034 -5.326269 0.740411 5.746015 6.695975 -7.749064 -10.891544 -10.116271 -8.784880 -3.198868 -6.816476 -11.135495 -18.816944 -22.812046 -22.763314 -26.626009 -33.237778 -31.577562 -31.740294 -34.566201 -37.885753 -38.145733 -27.298042 -22.689639 -22.879944 
-23.682067 0.502328 18.404767 20.559718 9.697917 9.912513 10.687998 1.845117 11.588562 6.707407 11.560285 7.610414 1.239797 -0.757156 -1.981949 -6.852906 -5.114566 -0.390964 1.820411 1.179056 -11.675524 -13.046250 -14.221478 -9.566136 -6.080976 -8.400719 -12.751294 -22.125023 -22.657807 -21.558186 -24.126737 -34.580890 -36.987235 -40.177101 -41.827066 -44.008297 -43.913140 -31.669760 -26.644571 -27.764980 
-15.934660 4.860666 19.840365 18.846902 7.633118 7.928934 4.780656 -2.913285 -0.346772 -7.665468 0.418342 -4.039796 -9.369113 -11.877942 -12.333931 -16.324563 -12.235629 -7.119684 -7.301077 -11.968448 -21.242728 -18.052558 -17.776278 -15.932852 -13.381757 -15.521499 -19.679859 -27.809962 -30.665423 -30.814078 -29.697624 -31.890091 -39.086234 -41.100237 -41.793374 -43.161378 -42.260012 -36.621030 -36.167543 -37.254723 
-14.698255 4.591677 21.090525 21.121615 2.989236 10.237058 6.922456 -9.068375 -5.618729 -11.770670 -6.854752 -17.333676 -14.586683 -17.956835 -16.525302 -23.488795 -11.740920 -9.577392 -13.699331 -18.397200 -24.350414 -23.150744 -22.461069 -23.025729 -16.279438 -27.838174 -30.718647 -35.601513 -38.181638 -32.263014 -28.270470 -32.314657 -46.707730 -47.080673 -44.849152 -52.365633 -44.995000 -37.947202 -41.662993 -44.352152 
-17.032540 5.529589 21.265663 21.032111 3.241068 11.456921 8.349956 -6.849973 -5.347026 -15.155883 -7.364753 -17.805894 -14.021022 -15.705073 -14.873870 -17.695974 -9.527252 -8.259310 -14.992874 -17.509867 -25.615229 -23.071852 -24.339299 -20.438850 -16.938635 -30.095505 -31.820692 -35.130813 -34.996728 -30.061005 -26.672150 -32.176697 -41.387156 -41.180809 -40.618836 -41.055212 -38.962051 -37.232349 -41.054303 -43.193834 
-19.719516 4.464552 20.757529 20.942634 3.395091 11.334049 11.785288 0.080680 2.316803 -1.197068 1.025925 -9.491514 -7.091940 -8.760455 -10.320890 -13.939619 -9.809648 -3.251269 -0.753914 -10.641490 -19.050693 -15.838645 -14.009768 -19.060969 -19.150668 -24.843510 -26.079649 -27.581991 -31.607783 -26.490733 -29.651051 -33.434340 -42.241065 -34.987290 -31.643992 -35.476623 -38.433421 -36.854117 -35.339517 -36.468534 
-11.786627 4.614529 20.020942 19.690064 3.466306 12.752857 11.293739 2.742160 8.177780 4.073134 8.741100 -2.011756 -1.727221 -6.574449 -8.622219 -6.724661 -7.526897 0.755186 2.509033 -11.539885 -13.017174 -17.340730 -11.299476 -6.369949 -9.767071 -22.909936 -28.223145 -30.177218 -27.192698 -22.512812 -27.715340 -32.489128 -35.719434 -36.198024 -35.837280 -36.566714 -35.816403 -34.557216 -31.931839 -34.183550 
-17.686147 5.452113 19.823937 17.902247 3.858254 13.569740 7.554090 5.540763 9.451372 8.276512 13.001599 2.564388 1.809181 -1.002483 -6.176659 -2.997765 -4.115107 4.685247 4.793483 -2.907483 -6.902369 -13.579584 -9.502626 -6.649388 -6.871217 -17.284854 -25.450033 -30.242014 -23.171220 -18.229096 -26.909734 -34.863249 -41.347566 -42.541823 -45.194874 -45.542651 -36.932998 -32.375680 -30.798843 -33.340920 
-17.795788 7.406672 19.645408 15.769492 5.828721 14.051994 4.776991 6.326943 2.987367 14.386210 13.335143 3.927051 1.082701 2.081290 -1.737649 -2.849998 -3.198818 3.427019 6.323143 1.337623 -5.327643 -10.241410 -11.447925 -5.387413 -6.528853 -15.263482 -24.747361 -25.449353 -20.674494 -18.529182 -28.739891 -31.285082 -39.103647 -40.319791 -40.279931 -41.164625 -34.995236 -30.567015 -28.359429 -28.939034 
-15.101302 9.201650 19.244469 13.031886 8.552196 13.447185 2.165039 5.563980 4.834215 17.044036 9.236111 5.108235 3.596998 1.938589 -3.304163 -1.378995 -2.734354 1.339875 3.857833 -6.280126 -9.135219 -14.228543 -14.162713 -5.410533 -9.000718 -16.578512 -21.102083 -23.738717 -18.124858 -21.351200 -28.628783 -31.182750 -37.557516 -36.662554 -42.419282 -45.632947 -34.815741 -27.066752 -28.035861 -29.338138 
-10.322340 10.780193 18.810961 11.403204 10.770367 11.820258 0.380174 1.771390 5.807733 14.410142 8.215439 7.425219 6.558205 -2.202165 -3.485265 -2.485501 -9.107326 0.199825 0.581564 -2.227647 -13.391801 -13.501397 -16.018762 -8.334468 -10.099552 -19.428663 -19.953585 -18.183743 -19.387742 -23.684318 -28.433546 -30.422821 -37.065282 -35.612682 -40.743835 -44.590589 -38.957232 -26.210388 -29.317555 -31.352130 
-8.054329 11.928155 17.823802 9.375599 11.622012 8.546916 -0.661031 -0.917267 8.844429 9.010021 5.889685 5.972916 6.833855 -2.081637 -1.099728 -2.981175 -1.879526 0.523078 -0.139814 -5.486898 -15.404889 -17.437601 -15.015238 -11.776316 -15.828714 -20.786869 -21.303349 -19.878720 -21.832228 -23.790786 -31.553912 -35.413456 -34.721009 -33.083975 -36.818434 -39.945064 -37.255341 -31.469010 -30.179750 -34.109840 
-5.676434 12.560490 16.442573 7.084050 11.264249 5.158275 -2.228197 -3.982748 6.482713 3.054088 1.204605 10.031040 6.671251 -2.151049 -0.186830 -4.356884 -1.136458 -1.399589 -4.641062 -12.358517 -16.382937 -24.231133 -22.812263 -16.238626 -21.720626 -25.031566 -21.671721 -19.711135 -21.413176 -25.035601 -33.651581 -40.117364 -37.265344 -32.202075 -40.998200 -49.825653 -43.547483 -32.092861 -30.267554 -38.180905 
-3.851312 12.940248 15.816737 6.859191 8.862038 -0.672685 -7.518897 -4.553505 1.681468 1.324550 4.657317 10.439847 0.095396 0.417160 -1.852555 -5.352147 -5.008541 -3.258236 -3.546237 -11.356416 -18.439398 -25.619563 -19.641683 -14.666551 -18.553672 -27.309423 -27.981372 -21.339831 -25.056460 -30.434867 -34.435228 -42.800617 -37.587715 -32.854495 -40.630417 -70.892444 -52.710858 -33.736221 -28.950067 -34.588172 
-2.177748 13.020700 14.123274 5.639037 5.051209 -5.247771 -11.136693 -4.992911 -3.438382 1.778752 3.553574 6.381436 5.723537 1.959617 -3.858769 -10.259450 -9.325794 -2.456211 -1.810134 -13.492887 -22.253347 -25.904867 -26.160413 -20.028041 -19.276613 -28.832905 -31.295433 -30.953150 -27.777416 -31.872345 -35.600375 -38.370374 -35.003048 -32.500248 -39.943887 -55.438629 -50.814912 -34.128870 -32.626596 -35.250763 
-1.823575 12.669184 11.848508 4.115692 1.424639 -8.972673 -9.603114 -5.491689 -5.167872 0.118630 -1.851346 4.648324 3.932083 -0.238515 -5.264203 -13.287854 -13.725744 -4.313822 -2.422688 -13.645045 -24.856887 -24.380554 -27.303670 -17.345468 -21.010419 -30.794166 -33.517445 -31.790639 -30.392549 -34.727018 -36.072134 -38.615383 -36.548252 -33.206801 -39.328058 -43.986355 -44.104721 -35.552950 -35.820611 -37.594611 
-0.683596 11.527040 8.305722 2.287113 -1.718080 -8.592146 -12.251001 -12.369617 -7.700268 -6.607205 -2.748786 -0.487774 0.226561 -5.756839 -9.852073 -14.678123 -11.747065 -3.503039 -7.247395 -17.156331 -24.795002 -24.985057 -28.162715 -21.129198 -22.747779 -27.946389 -32.671751 -34.061220 -33.127227 -37.595463 -39.622263 -40.573890 -39.094329 -34.727322 -38.924747 -50.492389 -50.799431 -36.784983 -37.501162 -41.721993 
-1.504511 10.496750 7.411416 1.172778 -3.574404 -8.435212 -14.813670 -14.398187 -7.739045 -8.248110 -4.322777 0.291811 -1.491364 -8.879548 -11.022990 -19.233835 -19.184746 -11.394113 -9.216922 -17.766413 -26.298276 -29.245991 -31.382007 -23.709080 -22.799377 -30.988922 -34.262353 -35.615626 -34.859029 -39.511415 -44.464017 -46.250176 -37.763696 -35.203692 -41.316252 -65.300086 -69.378624 -41.511271 -38.765694 -44.915779 
-1.243235 8.946564 4.592590 -2.753722 -6.977511 -7.879865 -15.131121 -20.295928 -14.530049 -12.194301 -5.859203 -1.840046 -3.168187 -7.467891 -10.785792 -17.449623 -17.132403 -10.151622 -13.334166 -24.265276 -29.827412 -30.691370 -34.267032 -22.576571 -23.362133 -30.417714 -32.971578 -37.003477 -37.255074 -36.479066 -46.916789 -53.663448 -40.136626 -37.934418 -40.623573 -58.286512 -60.107369 -40.082850 -40.486205 -47.760147 
-4.636010 6.107615 0.786756 -8.765192 -13.859330 -15.773771 -23.060083 -26.667986 -22.710754 -13.800578 -9.545464 -7.394423 -5.552854 -7.885774 -16.676134 -18.513293 -12.261247 -11.318777 -18.805797 -29.102695 -33.548600 -37.918124 -37.536662 -25.665494 -24.310945 -31.845433 -34.334705 -34.746132 -33.750945 -42.356473 -49.250104 -52.007799 -38.735061 -37.276621 -45.736155 -56.539960 -56.525747 -47.699181 -47.284332 -47.094588 
-7.578875 2.341504 -2.019874 -13.762668 -21.905907 -28.875027 -31.058002 -29.561364 -20.994007 -14.652813 -13.106265 -14.084070 -8.372112 -13.756428 -24.195486 -25.316754 -15.835437 -11.746216 -20.691725 -29.950226 -35.469260 -36.489551 -32.350075 -27.049549 -29.457571 -38.507374 -42.172886 -38.532262 -35.030140 -42.756302 -49.357250 -50.616160 -45.442427 -41.177927 -48.205125 -60.430335 -59.305744 -47.461351 -46.676045 -49.632481 
-14.563165 -4.230589 -6.943194 -20.657152 -27.712527 -27.764832 -28.960965 -29.454523 -26.204617 -19.326344 -18.477316 -13.220463 -14.266352 -17.004032 -22.466315 -25.804666 -18.771313 -11.441715 -20.323356 -31.856566 -36.079220 -37.623111 -34.550250 -28.424601 -29.194746 -41.296768 -43.018289 -44.870424 -43.627789 -46.468411 -50.471744 -52.469613 -43.945490 -43.215483 -52.020220 -65.723888 -60.751326 -45.422690 -47.289467 -56.071565 
-15.367043 -12.723939 -15.268066 -24.666937 -27.332055 -32.150536 -31.841082 -35.321250 -28.505967 -28.389489 -18.215553 -13.736928 -11.055498 -18.846027 -26.989973 -26.704369 -20.779427 -14.696883 -24.791018 -36.345061 -41.754766 -43.854809 -42.425056 -32.465900 -33.093320 -37.828832 -45.283419 -44.377363 -38.529425 -45.110381 -51.050756 -58.024714 -46.849039 -45.496803 -51.405267 -68.545599 -61.731289 -45.875453 -55.455178 -64.422597 
-30.920704 -33.812945 -31.914096 -26.891060 -29.376847 -28.897933 -28.713940 -27.801059 -26.631966 -29.542279 -27.668159 -17.054530 -17.079948 -23.271140 -31.758124 -27.924412 -25.592723 -24.214393 -31.711106 -37.956909 -47.426016 -45.634097 -42.584197 -39.818738 -35.239312 -41.269693 -50.653392 -47.085127 -42.779156 -46.423262 -53.261232 -59.401600 -49.292553 -50.172329 -56.617870 -67.025915 -62.153847 -55.588044 -58.777295 -65.720527 
-24.949688 -26.391727 -26.755337 -29.869783 -32.451321 -35.454179 -30.503006 -28.822945 -29.115270 -23.122817 -29.102008 -21.294598 -23.127176 -28.959631 -32.558172 -31.881610 -25.542984 -23.847752 -37.244678 -46.364897 -48.558172 -44.804257 -47.223697 -39.931050 -38.333401 -45.531293 -56.654317 -53.270246 -49.200108 -54.125231 -56.962691 -61.402492 -57.026518 -57.716933 -60.991763 -64.267899 -60.057085 -58.637512 -66.076157 -70.637820 
-29.215651 -29.694656 -27.588187 -23.247711 -29.307141 -33.158639 -37.006735 -40.858418 -28.761891 -31.372881 -28.145003 -23.829028 -29.885190 -30.134388 -33.326320 -32.232581 -29.602813 -25.546146 -34.091258 -47.717940 -48.920453 -48.696969 -54.105601 -49.013284 -44.511601 -53.131907 -59.785795 -56.682942 -52.644938 -56.686480 -60.001818 -59.976435 -57.270557 -57.864301 -59.941883 -58.944590 -60.460938 -60.857095 -65.696947 -75.392773 
-27.224778 -29.165858 -32.196759 -28.024669 -27.431272 -32.978227 -43.059717 -40.272362 -30.664004 -39.711057 -36.217986 -33.442251 -42.605259 -41.409511 -41.367738 -40.723391 -35.216359 -28.873710 -41.282213 -53.554791 -49.643888 -51.401066 -54.060136 -51.619468 -47.054634 -57.292574 -59.282002 -58.909494 -56.556270 -58.813684 -61.886713 -62.536720 -60.078404 -59.465044 -60.511075 -59.579494 -62.042848 -64.666548 -68.026969 -77.291373 
-27.089925 -28.347955 -27.806403 -32.162814 -36.311887 -40.546715 -47.590011 -51.840769 -37.801664 -40.716798 -45.730513 -42.138324 -47.251840 -46.009704 -48.832886 -46.039160 -42.203910 -39.215046 -46.679445 -52.565668 -55.141483 -55.008827 -56.217655 -60.138303 -55.652754 -58.413837 -61.109084 -60.347770 -60.359031 -62.754809 -62.785019 -64.573353 -61.484494 -59.294793 -61.936892 -63.330057 -66.527981 -70.757265 -68.333351 -76.719702 
-25.789652 -28.577582 -34.514186 -39.580277 -36.512682 -41.922678 -48.376529 -47.479957 -44.698356 -40.311965 -41.334880 -36.775385 -41.617227 -44.279183 -46.429755 -48.980619 -45.853115 -36.657949 -45.091640 -51.679547 -54.012102 -58.452261 -64.395106 -59.668553 -56.308422 -60.369984 -66.794370 -62.270812 -61.122055 -66.049639 -67.424068 -68.188780 -65.587097 -67.425066 -65.656984 -65.227970 -68.340262 -70.460292 -67.677140 -73.743630 
-46.800445 -50.518999 -48.225432 -47.364638 -51.265759 -53.012747 -47.734364 -43.756472 -49.495504 -50.443199 -46.637855 -41.616969 -44.276175 -46.769986 -50.843604 -53.372719 -56.167276 -47.183815 -48.817623 -57.802467 -58.314708 -59.675601 -69.163189 -60.623396 -62.745955 -67.002007 -72.114141 -71.926898 -66.550186 -64.518517 -70.385069 -70.210826 -72.861021 -72.965391 -70.830017 -69.003431 -70.342867 -68.715569 -68.719232 -71.029077 
-63.814658 -56.319367 -57.747744 -60.671856 -55.951575 -64.250008 -58.909240 -58.302268 -63.716713 -66.227967 -60.337941 -57.848098 -63.068165 -62.160722 -62.429797 -60.716136 -62.096723 -64.426969 -64.174495 -64.935266 -63.852862 -63.806099 -75.919102 -68.966409 -68.535222 -68.607774 -74.366167 -75.907572 -71.451355 -68.465180 -75.856970 -70.923205 -72.874027 -79.804743 -74.230346 -73.753011 -76.234375 -70.524165 -71.787015 -73.186907 
-62.597593 -58.913930 -62.473586 -60.941109 -61.180448 -60.762147 -61.287662 -65.918032 -60.157582 -59.734399 -65.353157 -64.117878 -60.698540 -67.121789 -62.891115 -65.432784 -65.789394 -70.928656 -69.986950 -69.158151 -65.868004 -69.086552 -79.674427 -74.093181 -70.367401 -68.787368 -77.582957 -78.292199 -71.937311 -73.426163 -77.166568 -70.960333 -74.826926 -81.142655 -73.498894 -73.331953 -73.266877 -71.829873 -73.552912 -76.541823 
-58.637099 -68.050473 -70.260485 -73.345391 -71.954365 -72.549192 -66.751131 -65.906030 -67.145992 -73.887090 -70.176894 -70.819057 -75.158831 -76.027226 -74.685666 -79.296898 -72.977076 -74.237137 -75.468760 -73.178251 -72.585326 -71.023257 -70.303174 -77.041902 -75.880646 -76.172871 -75.385123 -78.185182 -77.286937 -74.168842 -73.681253 -77.068090 -75.306124 -75.587293 -74.025238 -74.741344 -75.368711 -75.072122 -76.199627 -73.725092 
-59.647865 -79.544160 -86.247446 -76.006003 -76.884958 -81.480180 -78.169575 -71.320220 -76.276297 -78.630171 -72.601996 -75.340195 -77.858855 -80.658935 -77.314136 -79.698375 -77.120686 -74.890375 -74.940083 -74.127473 -76.918481 -71.854703 -75.807316 -76.103861 -76.395619 -78.478393 -76.254274 -75.495259 -73.410393 -76.613804 -75.952468 -75.155426 -74.282451 -75.816973 -76.234785 -75.460890 -76.543284 -77.346483 -74.502623 -76.005103 
-58.840656 -83.141823 -82.797124 -82.319517 -71.541868 -77.281885 -78.770130 -72.338797 -71.636356 -72.076143 -71.603153 -71.979257 -73.255786 -80.838515 -76.996961 -75.298835 -74.671353 -75.410616 -75.476999 -79.348759 -76.656795 -76.827747 -79.629461 -79.146092 -83.198793 -76.755299 -75.323035 -76.510778 -73.721569 -76.738841 -74.369714 -74.555627 -76.794077 -75.125176 -72.646443 -72.087052 -74.485452 -77.697693 -74.937719 -78.068882 
-58.418003 -75.545855 -80.385607 -76.224410 -76.418034 -74.182380 -76.776408 -80.624337 -72.987442 -72.882812 -71.387810 -71.090925 -80.583372 -75.573955 -73.053947 -80.459663 -78.114300 -73.665174 -76.741720 -72.475246 -72.074518 -73.802155 -72.424034 -76.597801 -78.602824 -74.872781 -72.382257 -74.641833 -71.357972 -74.600437 -74.183612 -74.220259 -73.177215 -73.639577 -73.396089 -74.628252 -75.458342 -75.209261 -75.531919 -77.176728 
-58.318767 -72.351441 -78.641290 -86.410242 -70.709123 -67.044928 -67.443837 -72.540125 -84.869600 -74.437151 -72.146511 -68.241071 -76.272862 -72.732432 -73.084596 -75.480885 -71.742299 -75.202383 -73.834197 -74.177601 -77.477121 -74.357854 -73.545602 -79.496269 -79.502508 -75.448306 -75.156495 -74.875048 -74.318462 -73.626561 -75.386944 -75.284665 -73.001311 -71.422745 -75.037037 -77.113293 -76.154114 -74.397079 -74.712205 -76.043018 
-56.829043 -79.669033 -72.989534 -77.107577 -78.930059 -77.393372 -77.288400 -77.506662 -78.945212 -78.052614 -73.631212 -77.980496 -75.549535 -76.238836 -72.166876 -78.815314 -71.772879 -75.200083 -74.630060 -78.055256 -77.900456 -75.874643 -77.460298 -77.530224 -78.639351 -75.563856 -71.717259 -73.332058 -73.516543 -75.828500 -74.509539 -75.760120 -74.007516 -75.905118 -74.081987 -76.228880 -74.863888 -74.834682 -73.593250 -74.754396 
-56.670860 -74.556645 -80.794879 -77.584917 -74.390401 -73.719534 -73.071219 -74.230348 -82.326846 -78.239747 -73.958263 -76.991739 -74.857602 -74.586690 -71.418384 -71.228936 -73.510224 -80.606626 -76.118351 -72.552816 -76.928333 -76.330188 -82.407466 -75.995595 -78.336679 -76.176194 -72.870412 -74.535073 -71.532165 -75.954368 -73.851679 -74.859403 -78.335733 -75.760814 -75.669180 -75.725936 -72.364241 -73.240051 -76.766513 -76.809919 
-59.306730 -66.428493 -70.228136 -70.059897 -72.364711 -77.390169 -71.608732 -72.030358 -78.704144 -81.832904 -75.742381 -77.304823 -79.747651 -81.145913 -74.363379 -74.763633 -75.201129 -76.959964 -78.609708 -76.088455 -75.800621 -71.754373 -79.380833 -77.609785 -79.290388 -82.330496 -75.356610 -78.124818 -74.232017 -77.506308 -77.439727 -74.786675 -78.479770 -74.226573 -79.832633 -76.779205 -74.951884 -76.621200 -79.441837 -78.336644 
-88.251664 -88.404562 -88.661688 -89.103063 -89.718787 -90.617407 -91.781603 -93.404363 -95.851337 -99.405221 -105.266477 -110.170560 -104.354818 -100.366750 -98.586828 -98.277024 -99.155711 -100.722158 -101.157834 -99.422292 -97.497792 -96.645837 -97.065665 -98.614966 -100.719588 -102.873203 -106.362815 -109.284808 -107.657605 -110.852916 -103.373503 -98.595138 -97.177456 -95.691366 -99.114309 -99.267234 -97.800562 -97.059955 -99.847029 -99.152177 
NaN NaN NaN NaN NaN NaN NaN NaN NaN NaN NaN NaN NaN NaN NaN NaN NaN NaN NaN NaN NaN NaN NaN NaN NaN NaN NaN NaN NaN NaN NaN NaN NaN NaN NaN NaN NaN NaN NaN NaN 
NaN NaN NaN NaN NaN NaN NaN NaN NaN NaN NaN NaN NaN NaN NaN NaN NaN NaN NaN NaN NaN NaN NaN NaN NaN NaN NaN NaN NaN NaN NaN NaN NaN NaN NaN NaN NaN NaN NaN NaN 
NaN NaN NaN NaN NaN NaN NaN NaN NaN NaN NaN NaN NaN NaN NaN NaN NaN NaN NaN NaN NaN NaN NaN NaN NaN NaN NaN NaN NaN NaN NaN NaN NaN NaN NaN NaN NaN NaN NaN NaN 
NaN NaN NaN NaN NaN NaN NaN NaN NaN NaN NaN NaN NaN NaN NaN NaN NaN NaN NaN NaN NaN NaN NaN NaN NaN NaN NaN NaN NaN NaN NaN NaN NaN NaN NaN NaN NaN NaN NaN NaN 
NaN NaN NaN NaN NaN NaN NaN NaN NaN NaN NaN NaN NaN NaN NaN NaN NaN NaN NaN NaN NaN NaN NaN NaN NaN NaN NaN NaN NaN NaN NaN NaN NaN NaN NaN NaN NaN NaN NaN NaN 
NaN NaN NaN NaN NaN NaN NaN NaN NaN NaN NaN NaN NaN NaN NaN NaN NaN NaN NaN NaN NaN NaN NaN NaN NaN NaN NaN NaN NaN NaN NaN NaN NaN NaN NaN NaN NaN NaN NaN NaN 
NaN NaN NaN NaN NaN NaN NaN NaN NaN NaN NaN NaN NaN NaN NaN NaN NaN NaN NaN NaN NaN NaN NaN NaN NaN NaN NaN NaN NaN NaN NaN NaN NaN NaN NaN NaN NaN NaN NaN NaN 
NaN NaN NaN NaN NaN NaN NaN NaN NaN NaN NaN NaN NaN NaN NaN NaN NaN NaN NaN NaN NaN NaN NaN NaN NaN NaN NaN NaN NaN NaN NaN NaN NaN NaN NaN NaN NaN NaN NaN NaN 
NaN NaN NaN NaN NaN NaN NaN NaN NaN NaN NaN NaN NaN NaN NaN NaN NaN NaN NaN NaN NaN NaN NaN NaN NaN NaN NaN NaN NaN NaN NaN NaN NaN NaN NaN NaN NaN NaN NaN NaN 
NaN NaN NaN NaN NaN NaN NaN NaN NaN NaN NaN NaN NaN NaN NaN NaN NaN NaN NaN NaN NaN NaN NaN NaN NaN NaN NaN NaN NaN NaN NaN NaN NaN NaN NaN NaN NaN NaN NaN NaN 
NaN NaN NaN NaN NaN NaN NaN NaN NaN NaN NaN NaN NaN NaN NaN NaN NaN NaN NaN NaN NaN NaN NaN NaN NaN NaN NaN NaN NaN NaN NaN NaN NaN NaN NaN NaN NaN NaN NaN NaN 
NaN NaN NaN NaN NaN NaN NaN NaN NaN NaN NaN NaN NaN NaN NaN NaN NaN NaN NaN NaN NaN NaN NaN NaN NaN NaN NaN NaN NaN NaN NaN NaN NaN NaN NaN NaN NaN NaN NaN NaN 
NaN NaN NaN NaN NaN NaN NaN NaN NaN NaN NaN NaN NaN NaN NaN NaN NaN NaN NaN NaN NaN NaN NaN NaN NaN NaN NaN NaN NaN NaN NaN NaN NaN NaN NaN NaN NaN NaN NaN NaN 
NaN NaN NaN NaN NaN NaN NaN NaN NaN NaN NaN NaN NaN NaN NaN NaN NaN NaN NaN NaN NaN NaN NaN NaN NaN NaN NaN NaN NaN NaN NaN NaN NaN NaN NaN NaN NaN NaN NaN NaN 
NaN NaN NaN NaN NaN NaN NaN NaN NaN NaN NaN NaN NaN NaN NaN NaN NaN NaN NaN NaN NaN NaN NaN NaN NaN NaN NaN NaN NaN NaN NaN NaN NaN NaN NaN NaN NaN NaN NaN NaN 
NaN NaN NaN NaN NaN NaN NaN NaN NaN NaN NaN NaN NaN NaN NaN NaN NaN NaN NaN NaN NaN NaN NaN NaN NaN NaN NaN NaN NaN NaN NaN NaN NaN NaN NaN NaN NaN NaN NaN NaN 
NaN NaN NaN NaN NaN NaN NaN NaN NaN NaN NaN NaN NaN NaN NaN NaN NaN NaN NaN NaN NaN NaN NaN NaN NaN NaN NaN NaN NaN NaN NaN NaN NaN NaN NaN NaN NaN NaN NaN NaN 
NaN NaN NaN NaN NaN NaN NaN NaN NaN NaN NaN NaN NaN NaN NaN NaN NaN NaN NaN NaN NaN NaN NaN NaN NaN NaN NaN NaN NaN NaN NaN NaN NaN NaN NaN NaN NaN NaN NaN NaN 
NaN NaN NaN NaN NaN NaN NaN NaN NaN NaN NaN NaN NaN NaN NaN NaN NaN NaN NaN NaN NaN NaN NaN NaN NaN NaN NaN NaN NaN NaN NaN NaN NaN NaN NaN NaN NaN NaN NaN NaN 
NaN NaN NaN NaN NaN NaN NaN NaN NaN NaN NaN NaN NaN NaN NaN NaN NaN NaN NaN NaN NaN NaN NaN NaN NaN NaN NaN NaN NaN NaN NaN NaN NaN NaN NaN NaN NaN NaN NaN NaN 
NaN NaN NaN NaN NaN NaN NaN NaN NaN NaN NaN NaN NaN NaN NaN NaN NaN NaN NaN NaN NaN NaN NaN NaN NaN NaN NaN NaN NaN NaN NaN NaN NaN NaN NaN NaN NaN NaN NaN NaN 
NaN NaN NaN NaN NaN NaN NaN NaN NaN NaN NaN NaN NaN NaN NaN NaN NaN NaN NaN NaN NaN NaN NaN NaN NaN NaN NaN NaN NaN NaN NaN NaN NaN NaN NaN NaN NaN NaN NaN NaN 
NaN NaN NaN NaN NaN NaN NaN NaN NaN NaN NaN NaN NaN NaN NaN NaN NaN NaN NaN NaN NaN NaN NaN NaN NaN NaN NaN NaN NaN NaN NaN NaN NaN NaN NaN NaN NaN NaN NaN NaN 
NaN NaN NaN NaN NaN NaN NaN NaN NaN NaN NaN NaN NaN NaN NaN NaN NaN NaN NaN NaN NaN NaN NaN NaN NaN NaN NaN NaN NaN NaN NaN NaN NaN NaN NaN NaN NaN NaN NaN NaN 
NaN NaN NaN NaN NaN NaN NaN NaN NaN NaN NaN NaN NaN NaN NaN NaN NaN NaN NaN NaN NaN NaN NaN NaN NaN NaN NaN NaN NaN NaN NaN NaN NaN NaN NaN NaN NaN NaN NaN NaN 
NaN NaN NaN NaN NaN NaN NaN NaN NaN NaN NaN NaN NaN NaN NaN NaN NaN NaN NaN NaN NaN NaN NaN NaN NaN NaN NaN NaN NaN NaN NaN NaN NaN NaN NaN NaN NaN NaN NaN NaN 
NaN NaN NaN NaN NaN NaN NaN NaN NaN NaN NaN NaN NaN NaN NaN NaN NaN NaN NaN NaN NaN NaN NaN NaN NaN NaN NaN NaN NaN NaN NaN NaN NaN NaN NaN NaN NaN NaN NaN NaN 
NaN NaN NaN NaN NaN NaN NaN NaN NaN NaN NaN NaN NaN NaN NaN NaN NaN NaN NaN NaN NaN NaN NaN NaN NaN NaN NaN NaN NaN NaN NaN NaN NaN NaN NaN NaN NaN NaN NaN NaN 
NaN NaN NaN NaN NaN NaN NaN NaN NaN NaN NaN NaN NaN NaN NaN NaN NaN NaN NaN NaN NaN NaN NaN NaN NaN NaN NaN NaN NaN NaN NaN NaN NaN NaN NaN NaN NaN NaN NaN NaN 
NaN NaN NaN NaN NaN NaN NaN NaN NaN NaN NaN NaN NaN NaN NaN NaN NaN NaN NaN NaN NaN NaN NaN NaN NaN NaN NaN NaN NaN NaN NaN NaN NaN NaN NaN NaN NaN NaN NaN NaN 
NaN NaN NaN NaN NaN NaN NaN NaN NaN NaN NaN NaN NaN NaN NaN NaN NaN NaN NaN NaN NaN NaN NaN NaN NaN NaN NaN NaN NaN NaN NaN NaN NaN NaN NaN NaN NaN NaN NaN NaN 
NaN NaN NaN NaN NaN NaN NaN NaN NaN NaN NaN NaN NaN NaN NaN NaN NaN NaN NaN NaN NaN NaN NaN NaN NaN NaN NaN NaN NaN NaN NaN NaN NaN NaN NaN NaN NaN NaN NaN NaN 
NaN NaN NaN NaN NaN NaN NaN NaN NaN NaN NaN NaN NaN NaN NaN NaN NaN NaN NaN NaN NaN NaN NaN NaN NaN NaN NaN NaN NaN NaN NaN NaN NaN NaN NaN NaN NaN NaN NaN NaN 
NaN NaN NaN NaN NaN NaN NaN NaN NaN NaN NaN NaN NaN NaN NaN NaN NaN NaN NaN NaN NaN NaN NaN NaN NaN NaN NaN NaN NaN NaN NaN NaN NaN NaN NaN NaN NaN NaN NaN NaN 
NaN NaN NaN NaN NaN NaN NaN NaN NaN NaN NaN NaN NaN NaN NaN NaN NaN NaN NaN NaN NaN NaN NaN NaN NaN NaN NaN NaN NaN NaN NaN NaN NaN NaN NaN NaN NaN NaN NaN NaN 
NaN NaN NaN NaN NaN NaN NaN NaN NaN NaN NaN NaN NaN NaN NaN NaN NaN NaN NaN NaN NaN NaN NaN NaN NaN NaN NaN NaN NaN NaN NaN NaN NaN NaN NaN NaN NaN NaN NaN NaN 
NaN NaN NaN NaN NaN NaN NaN NaN NaN NaN NaN NaN NaN NaN NaN NaN NaN NaN NaN NaN NaN NaN NaN NaN NaN NaN NaN NaN NaN NaN NaN NaN NaN NaN NaN NaN NaN NaN NaN NaN 
NaN NaN NaN NaN NaN NaN NaN NaN NaN NaN NaN NaN NaN NaN NaN NaN NaN NaN NaN NaN NaN NaN NaN NaN NaN NaN NaN NaN NaN NaN NaN NaN NaN NaN NaN NaN NaN NaN NaN NaN 
NaN NaN NaN NaN NaN NaN NaN NaN NaN NaN NaN NaN NaN NaN NaN NaN NaN NaN NaN NaN NaN NaN NaN NaN NaN NaN NaN NaN NaN NaN NaN NaN NaN NaN NaN NaN NaN NaN NaN NaN 
NaN NaN NaN NaN NaN NaN NaN NaN NaN NaN NaN NaN NaN NaN NaN NaN NaN NaN NaN NaN NaN NaN NaN NaN NaN NaN NaN NaN NaN NaN NaN NaN NaN NaN NaN NaN NaN NaN NaN NaN 
NaN NaN NaN NaN NaN NaN NaN NaN NaN NaN NaN NaN NaN NaN NaN NaN NaN NaN NaN NaN NaN NaN NaN NaN NaN NaN NaN NaN NaN NaN NaN NaN NaN NaN NaN NaN NaN NaN NaN NaN 
NaN NaN NaN NaN NaN NaN NaN NaN NaN NaN NaN NaN NaN NaN NaN NaN NaN NaN NaN NaN NaN NaN NaN NaN NaN NaN NaN NaN NaN NaN NaN NaN NaN NaN NaN NaN NaN NaN NaN NaN 
NaN NaN NaN NaN NaN NaN NaN NaN NaN NaN NaN NaN NaN NaN NaN NaN NaN NaN NaN NaN NaN NaN NaN NaN NaN NaN NaN NaN NaN NaN NaN NaN NaN NaN NaN NaN NaN NaN NaN NaN 
NaN NaN NaN NaN NaN NaN NaN NaN NaN NaN NaN NaN NaN NaN NaN NaN NaN NaN NaN NaN NaN NaN NaN NaN NaN NaN NaN NaN NaN NaN NaN NaN NaN NaN NaN NaN NaN NaN NaN NaN 
NaN NaN NaN NaN NaN NaN NaN NaN NaN NaN NaN NaN NaN NaN NaN NaN NaN NaN NaN NaN NaN NaN NaN NaN NaN NaN NaN NaN NaN NaN NaN NaN NaN NaN NaN NaN NaN NaN NaN NaN 
NaN NaN NaN NaN NaN NaN NaN NaN NaN NaN NaN NaN NaN NaN NaN NaN NaN NaN NaN NaN NaN NaN NaN NaN NaN NaN NaN NaN NaN NaN NaN NaN NaN NaN NaN NaN NaN NaN NaN NaN 
NaN NaN NaN NaN NaN NaN NaN NaN NaN NaN NaN NaN NaN NaN NaN NaN NaN NaN NaN NaN NaN NaN NaN NaN NaN NaN NaN NaN NaN NaN NaN NaN NaN NaN NaN NaN NaN NaN NaN NaN 
NaN NaN NaN NaN NaN NaN NaN NaN NaN NaN NaN NaN NaN NaN NaN NaN NaN NaN NaN NaN NaN NaN NaN NaN NaN NaN NaN NaN NaN NaN NaN NaN NaN NaN NaN NaN NaN NaN NaN NaN 
NaN NaN NaN NaN NaN NaN NaN NaN NaN NaN NaN NaN NaN NaN NaN NaN NaN NaN NaN NaN NaN NaN NaN NaN NaN NaN NaN NaN NaN NaN NaN NaN NaN NaN NaN NaN NaN NaN NaN NaN 
NaN NaN NaN NaN NaN NaN NaN NaN NaN NaN NaN NaN NaN NaN NaN NaN NaN NaN NaN NaN NaN NaN NaN NaN NaN NaN NaN NaN NaN NaN NaN NaN NaN NaN NaN NaN NaN NaN NaN NaN 
NaN NaN NaN NaN NaN NaN NaN NaN NaN NaN NaN NaN NaN NaN NaN NaN NaN NaN NaN NaN NaN NaN NaN NaN NaN NaN NaN NaN NaN NaN NaN NaN NaN NaN NaN NaN NaN NaN NaN NaN 
NaN NaN NaN NaN NaN NaN NaN NaN NaN NaN NaN NaN NaN NaN NaN NaN NaN NaN NaN NaN NaN NaN NaN NaN NaN NaN NaN NaN NaN NaN NaN NaN NaN NaN NaN NaN NaN NaN NaN NaN 
NaN NaN NaN NaN NaN NaN NaN NaN NaN NaN NaN NaN NaN NaN NaN NaN NaN NaN NaN NaN NaN NaN NaN NaN NaN NaN NaN NaN NaN NaN NaN NaN NaN NaN NaN NaN NaN NaN NaN NaN 
NaN NaN NaN NaN NaN NaN NaN NaN NaN NaN NaN NaN NaN NaN NaN NaN NaN NaN NaN NaN NaN NaN NaN NaN NaN NaN NaN NaN NaN NaN NaN NaN NaN NaN NaN NaN NaN NaN NaN NaN 
NaN NaN NaN NaN NaN NaN NaN NaN NaN NaN NaN NaN NaN NaN NaN NaN NaN NaN NaN NaN NaN NaN NaN NaN NaN NaN NaN NaN NaN NaN NaN NaN NaN NaN NaN NaN NaN NaN NaN NaN 
NaN NaN NaN NaN NaN NaN NaN NaN NaN NaN NaN NaN NaN NaN NaN NaN NaN NaN NaN NaN NaN NaN NaN NaN NaN NaN NaN NaN NaN NaN NaN NaN NaN NaN NaN NaN NaN NaN NaN NaN 
NaN NaN NaN NaN NaN NaN NaN NaN NaN NaN NaN NaN NaN NaN NaN NaN NaN NaN NaN NaN NaN NaN NaN NaN NaN NaN NaN NaN NaN NaN NaN NaN NaN NaN NaN NaN NaN NaN NaN NaN 
NaN NaN NaN NaN NaN NaN NaN NaN NaN NaN NaN NaN NaN NaN NaN NaN NaN NaN NaN NaN NaN NaN NaN NaN NaN NaN NaN NaN NaN NaN NaN NaN NaN NaN NaN NaN NaN NaN NaN NaN 
NaN NaN NaN NaN NaN NaN NaN NaN NaN NaN NaN NaN NaN NaN NaN NaN NaN NaN NaN NaN NaN NaN NaN NaN NaN NaN NaN NaN NaN NaN NaN NaN NaN NaN NaN NaN NaN NaN NaN NaN 
NaN NaN NaN NaN NaN NaN NaN NaN NaN NaN NaN NaN NaN NaN NaN NaN NaN NaN NaN NaN NaN NaN NaN NaN NaN NaN NaN NaN NaN NaN NaN NaN NaN NaN NaN NaN NaN NaN NaN NaN 
NaN NaN NaN NaN NaN NaN NaN NaN NaN NaN NaN NaN NaN NaN NaN NaN NaN NaN NaN NaN NaN NaN NaN NaN NaN NaN NaN NaN NaN NaN NaN NaN NaN NaN NaN NaN NaN NaN NaN NaN 
NaN NaN NaN NaN NaN NaN NaN NaN NaN NaN NaN NaN NaN NaN NaN NaN NaN NaN NaN NaN NaN NaN NaN NaN NaN NaN NaN NaN NaN NaN NaN NaN NaN NaN NaN NaN NaN NaN NaN NaN 
NaN NaN NaN NaN NaN NaN NaN NaN NaN NaN NaN NaN NaN NaN NaN NaN NaN NaN NaN NaN NaN NaN NaN NaN NaN NaN NaN NaN NaN NaN NaN NaN NaN NaN NaN NaN NaN NaN NaN NaN 
NaN NaN NaN NaN NaN NaN NaN NaN NaN NaN NaN NaN NaN NaN NaN NaN NaN NaN NaN NaN NaN NaN NaN NaN NaN NaN NaN NaN NaN NaN NaN NaN NaN NaN NaN NaN NaN NaN NaN NaN 
NaN NaN NaN NaN NaN NaN NaN NaN NaN NaN NaN NaN NaN NaN NaN NaN NaN NaN NaN NaN NaN NaN NaN NaN NaN NaN NaN NaN NaN NaN NaN NaN NaN NaN NaN NaN NaN NaN NaN NaN 
NaN NaN NaN NaN NaN NaN NaN NaN NaN NaN NaN NaN NaN NaN NaN NaN NaN NaN NaN NaN NaN NaN NaN NaN NaN NaN NaN NaN NaN NaN NaN NaN NaN NaN NaN NaN NaN NaN NaN NaN 
NaN NaN NaN NaN NaN NaN NaN NaN NaN NaN NaN NaN NaN NaN NaN NaN NaN NaN NaN NaN NaN NaN NaN NaN NaN NaN NaN NaN NaN NaN NaN NaN NaN NaN NaN NaN NaN NaN NaN NaN 
NaN NaN NaN NaN NaN NaN NaN NaN NaN NaN NaN NaN NaN NaN NaN NaN NaN NaN NaN NaN NaN NaN NaN NaN NaN NaN NaN NaN NaN NaN NaN NaN NaN NaN NaN NaN NaN NaN NaN NaN 
NaN NaN NaN NaN NaN NaN NaN NaN NaN NaN NaN NaN NaN NaN NaN NaN NaN NaN NaN NaN NaN NaN NaN NaN NaN NaN NaN NaN NaN NaN NaN NaN NaN NaN NaN NaN NaN NaN NaN NaN 
NaN NaN NaN NaN NaN NaN NaN NaN NaN NaN NaN NaN NaN NaN NaN NaN NaN NaN NaN NaN NaN NaN NaN NaN NaN NaN NaN NaN NaN NaN NaN NaN NaN NaN NaN NaN NaN NaN NaN NaN 
NaN NaN NaN NaN NaN NaN NaN NaN NaN NaN NaN NaN NaN NaN NaN NaN NaN NaN NaN NaN NaN NaN NaN NaN NaN NaN NaN NaN NaN NaN NaN NaN NaN NaN NaN NaN NaN NaN NaN NaN 
NaN NaN NaN NaN NaN NaN NaN NaN NaN NaN NaN NaN NaN NaN NaN NaN NaN NaN NaN NaN NaN NaN NaN NaN NaN NaN NaN NaN NaN NaN NaN NaN NaN NaN NaN NaN NaN NaN NaN NaN 
NaN NaN NaN NaN NaN NaN NaN NaN NaN NaN NaN NaN NaN NaN NaN NaN NaN NaN NaN NaN NaN NaN NaN NaN NaN NaN NaN NaN NaN NaN NaN NaN NaN NaN NaN NaN NaN NaN NaN NaN 
NaN NaN NaN NaN NaN NaN NaN NaN NaN NaN NaN NaN NaN NaN NaN NaN NaN NaN NaN NaN NaN NaN NaN NaN NaN NaN NaN NaN NaN NaN NaN NaN NaN NaN NaN NaN NaN NaN NaN NaN 
NaN NaN NaN NaN NaN NaN NaN NaN NaN NaN NaN NaN NaN NaN NaN NaN NaN NaN NaN NaN NaN NaN NaN NaN NaN NaN NaN NaN NaN NaN NaN NaN NaN NaN NaN NaN NaN NaN NaN NaN 
NaN NaN NaN NaN NaN NaN NaN NaN NaN NaN NaN NaN NaN NaN NaN NaN NaN NaN NaN NaN NaN NaN NaN NaN NaN NaN NaN NaN NaN NaN NaN NaN NaN NaN NaN NaN NaN NaN NaN NaN 
NaN NaN NaN NaN NaN NaN NaN NaN NaN NaN NaN NaN NaN NaN NaN NaN NaN NaN NaN NaN NaN NaN NaN NaN NaN NaN NaN NaN NaN NaN NaN NaN NaN NaN NaN NaN NaN NaN NaN NaN 
NaN NaN NaN NaN NaN NaN NaN NaN NaN NaN NaN NaN NaN NaN NaN NaN NaN NaN NaN NaN NaN NaN NaN NaN NaN NaN NaN NaN NaN NaN NaN NaN NaN NaN NaN NaN NaN NaN NaN NaN 
