NaN NaN NaN NaN NaN NaN NaN NaN NaN NaN NaN NaN NaN NaN NaN NaN NaN NaN NaN NaN NaN NaN NaN NaN NaN NaN NaN NaN NaN NaN NaN NaN NaN NaN NaN NaN NaN NaN NaN NaN 
NaN NaN NaN NaN NaN NaN NaN NaN NaN NaN NaN NaN NaN NaN NaN NaN NaN NaN NaN NaN NaN NaN NaN NaN NaN NaN NaN NaN NaN NaN NaN NaN NaN NaN NaN NaN NaN NaN NaN NaN 
NaN NaN NaN NaN NaN NaN NaN NaN NaN NaN NaN NaN NaN NaN NaN NaN NaN NaN NaN NaN NaN NaN NaN NaN NaN NaN NaN NaN NaN NaN NaN NaN NaN NaN NaN NaN NaN NaN NaN NaN 
NaN NaN NaN NaN NaN NaN NaN NaN NaN NaN NaN NaN NaN NaN NaN NaN NaN NaN NaN NaN NaN NaN NaN NaN NaN NaN NaN NaN NaN NaN NaN NaN NaN NaN NaN NaN NaN NaN NaN NaN 
NaN NaN NaN NaN NaN NaN NaN NaN NaN NaN NaN NaN NaN NaN NaN NaN NaN NaN NaN NaN NaN NaN NaN NaN NaN NaN NaN NaN NaN NaN NaN NaN NaN NaN NaN NaN NaN NaN NaN NaN 
NaN NaN NaN NaN NaN NaN NaN NaN NaN NaN NaN NaN NaN NaN NaN NaN NaN NaN NaN NaN NaN NaN NaN NaN NaN NaN NaN NaN NaN NaN NaN NaN NaN NaN NaN NaN NaN NaN NaN NaN 
NaN NaN NaN NaN NaN NaN NaN NaN NaN NaN NaN NaN NaN NaN NaN NaN NaN NaN NaN NaN NaN NaN NaN NaN NaN NaN NaN NaN NaN NaN NaN NaN NaN NaN NaN NaN NaN NaN NaN NaN 
NaN NaN NaN NaN NaN NaN NaN NaN NaN NaN NaN NaN NaN NaN NaN NaN NaN NaN NaN NaN NaN NaN NaN NaN NaN NaN NaN NaN NaN NaN NaN NaN NaN NaN NaN NaN NaN NaN NaN NaN 
NaN NaN NaN NaN NaN NaN NaN NaN NaN NaN NaN NaN NaN NaN NaN NaN NaN NaN NaN NaN NaN NaN NaN NaN NaN NaN NaN NaN NaN NaN NaN NaN NaN NaN NaN NaN NaN NaN NaN NaN 
NaN NaN NaN NaN NaN NaN NaN NaN NaN NaN NaN NaN NaN NaN NaN NaN NaN NaN NaN NaN NaN NaN NaN NaN NaN NaN NaN NaN NaN NaN NaN NaN NaN NaN NaN NaN NaN NaN NaN NaN 
NaN NaN NaN NaN NaN NaN NaN NaN NaN NaN NaN NaN NaN NaN NaN NaN NaN NaN NaN NaN NaN NaN NaN NaN NaN NaN NaN NaN NaN NaN NaN NaN NaN NaN NaN NaN NaN NaN NaN NaN 
NaN NaN NaN NaN NaN NaN NaN NaN NaN NaN NaN NaN NaN NaN NaN NaN NaN NaN NaN NaN NaN NaN NaN NaN NaN NaN NaN NaN NaN NaN NaN NaN NaN NaN NaN NaN NaN NaN NaN NaN 
NaN NaN NaN NaN NaN NaN NaN NaN NaN NaN NaN NaN NaN NaN NaN NaN NaN NaN NaN NaN NaN NaN NaN NaN NaN NaN NaN NaN NaN NaN NaN NaN NaN NaN NaN NaN NaN NaN NaN NaN 
NaN NaN NaN NaN NaN NaN NaN NaN NaN NaN NaN NaN NaN NaN NaN NaN NaN NaN NaN NaN NaN NaN NaN NaN NaN NaN NaN NaN NaN NaN NaN NaN NaN NaN NaN NaN NaN NaN NaN NaN 
NaN NaN NaN NaN NaN NaN NaN NaN NaN NaN NaN NaN NaN NaN NaN NaN NaN NaN NaN NaN NaN NaN NaN NaN NaN NaN NaN NaN NaN NaN NaN NaN NaN NaN NaN NaN NaN NaN NaN NaN 
NaN NaN NaN NaN NaN NaN NaN NaN NaN NaN NaN NaN NaN NaN NaN NaN NaN NaN NaN NaN NaN NaN NaN NaN NaN NaN NaN NaN NaN NaN NaN NaN NaN NaN NaN NaN NaN NaN NaN NaN 
NaN NaN NaN NaN NaN NaN NaN NaN NaN NaN NaN NaN NaN NaN NaN NaN NaN NaN NaN NaN NaN NaN NaN NaN NaN NaN NaN NaN NaN NaN NaN NaN NaN NaN NaN NaN NaN NaN NaN NaN 
NaN NaN NaN NaN NaN NaN NaN NaN NaN NaN NaN NaN NaN NaN NaN NaN NaN NaN NaN NaN NaN NaN NaN NaN NaN NaN NaN NaN NaN NaN NaN NaN NaN NaN NaN NaN NaN NaN NaN NaN 
NaN NaN NaN NaN NaN NaN NaN NaN NaN NaN NaN NaN NaN NaN NaN NaN NaN NaN NaN NaN NaN NaN NaN NaN NaN NaN NaN NaN NaN NaN NaN NaN NaN NaN NaN NaN NaN NaN NaN NaN 
NaN NaN NaN NaN NaN NaN NaN NaN NaN NaN NaN NaN NaN NaN NaN NaN NaN NaN NaN NaN NaN NaN NaN NaN NaN NaN NaN NaN NaN NaN NaN NaN NaN NaN NaN NaN NaN NaN NaN NaN 
NaN NaN NaN NaN NaN NaN NaN NaN NaN NaN NaN NaN NaN NaN NaN NaN NaN NaN NaN NaN NaN NaN NaN NaN NaN NaN NaN NaN NaN NaN NaN NaN NaN NaN NaN NaN NaN NaN NaN NaN 
NaN NaN NaN NaN NaN NaN NaN NaN NaN NaN NaN NaN NaN NaN NaN NaN NaN NaN NaN NaN NaN NaN NaN NaN NaN NaN NaN NaN NaN NaN NaN NaN NaN NaN NaN NaN NaN NaN NaN NaN 
NaN NaN NaN NaN NaN NaN NaN NaN NaN NaN NaN NaN NaN NaN NaN NaN NaN NaN NaN NaN NaN NaN NaN NaN NaN NaN NaN NaN NaN NaN NaN NaN NaN NaN NaN NaN NaN NaN NaN NaN 
NaN NaN NaN NaN NaN NaN NaN NaN NaN NaN NaN NaN NaN NaN NaN NaN NaN NaN NaN NaN NaN NaN NaN NaN NaN NaN NaN NaN NaN NaN NaN NaN NaN NaN NaN NaN NaN NaN NaN NaN 
NaN NaN NaN NaN NaN NaN NaN NaN NaN NaN NaN NaN NaN NaN NaN NaN NaN NaN NaN NaN NaN NaN NaN NaN NaN NaN NaN NaN NaN NaN NaN NaN NaN NaN NaN NaN NaN NaN NaN NaN 
NaN NaN NaN NaN NaN NaN NaN NaN NaN NaN NaN NaN NaN NaN NaN NaN NaN NaN NaN NaN NaN NaN NaN NaN NaN NaN NaN NaN NaN NaN NaN NaN NaN NaN NaN NaN NaN NaN NaN NaN 
NaN NaN NaN NaN NaN NaN NaN NaN NaN NaN NaN NaN NaN NaN NaN NaN NaN NaN NaN NaN NaN NaN NaN NaN NaN NaN NaN NaN NaN NaN NaN NaN NaN NaN NaN NaN NaN NaN NaN NaN 
NaN NaN NaN NaN NaN NaN NaN NaN NaN NaN NaN NaN NaN NaN NaN NaN NaN NaN NaN NaN NaN NaN NaN NaN NaN NaN NaN NaN NaN NaN NaN NaN NaN NaN NaN NaN NaN NaN NaN NaN 
NaN NaN NaN NaN NaN NaN NaN NaN NaN NaN NaN NaN NaN NaN NaN NaN NaN NaN NaN NaN NaN NaN NaN NaN NaN NaN NaN NaN NaN NaN NaN NaN NaN NaN NaN NaN NaN NaN NaN NaN 
NaN NaN NaN NaN NaN NaN NaN NaN NaN NaN NaN NaN NaN NaN NaN NaN NaN NaN NaN NaN NaN NaN NaN NaN NaN NaN NaN NaN NaN NaN NaN NaN NaN NaN NaN NaN NaN NaN NaN NaN 
NaN NaN NaN NaN NaN NaN NaN NaN NaN NaN NaN NaN NaN NaN NaN NaN NaN NaN NaN NaN NaN NaN NaN NaN NaN NaN NaN NaN NaN NaN NaN NaN NaN NaN NaN NaN NaN NaN NaN NaN 
NaN NaN NaN NaN NaN NaN NaN NaN NaN NaN NaN NaN NaN NaN NaN NaN NaN NaN NaN NaN NaN NaN NaN NaN NaN NaN NaN NaN NaN NaN NaN NaN NaN NaN NaN NaN NaN NaN NaN NaN 
NaN NaN NaN NaN NaN NaN NaN NaN NaN NaN NaN NaN NaN NaN NaN NaN NaN NaN NaN NaN NaN NaN NaN NaN NaN NaN NaN NaN NaN NaN NaN NaN NaN NaN NaN NaN NaN NaN NaN NaN 
NaN NaN NaN NaN NaN NaN NaN NaN NaN NaN NaN NaN NaN NaN NaN NaN NaN NaN NaN NaN NaN NaN NaN NaN NaN NaN NaN NaN NaN NaN NaN NaN NaN NaN NaN NaN NaN NaN NaN NaN 
NaN NaN NaN NaN NaN NaN NaN NaN NaN NaN NaN NaN NaN NaN NaN NaN NaN NaN NaN NaN NaN NaN NaN NaN NaN NaN NaN NaN NaN NaN NaN NaN NaN NaN NaN NaN NaN NaN NaN NaN 
NaN NaN NaN NaN NaN NaN NaN NaN NaN NaN NaN NaN NaN NaN NaN NaN NaN NaN NaN NaN NaN NaN NaN NaN NaN NaN NaN NaN NaN NaN NaN NaN NaN NaN NaN NaN NaN NaN NaN NaN 
NaN NaN NaN NaN NaN NaN NaN NaN NaN NaN NaN NaN NaN NaN NaN NaN NaN NaN NaN NaN NaN NaN NaN NaN NaN NaN NaN NaN NaN NaN NaN NaN NaN NaN NaN NaN NaN NaN NaN NaN 
NaN NaN NaN NaN NaN NaN NaN NaN NaN NaN NaN NaN NaN NaN NaN NaN NaN NaN NaN NaN NaN NaN NaN NaN NaN NaN NaN NaN NaN NaN NaN NaN NaN NaN NaN NaN NaN NaN NaN NaN 
NaN NaN NaN NaN NaN NaN NaN NaN NaN NaN NaN NaN NaN NaN NaN NaN NaN NaN NaN NaN NaN NaN NaN NaN NaN NaN NaN NaN NaN NaN NaN NaN NaN NaN NaN NaN NaN NaN NaN NaN 
NaN NaN NaN NaN NaN NaN NaN NaN NaN NaN NaN NaN NaN NaN NaN NaN NaN NaN NaN NaN NaN NaN NaN NaN NaN NaN NaN NaN NaN NaN NaN NaN NaN NaN NaN NaN NaN NaN NaN NaN 
NaN NaN NaN NaN NaN NaN NaN NaN NaN NaN NaN NaN NaN NaN NaN NaN NaN NaN NaN NaN NaN NaN NaN NaN NaN NaN NaN NaN NaN NaN NaN NaN NaN NaN NaN NaN NaN NaN NaN NaN 
NaN NaN NaN NaN NaN NaN NaN NaN NaN NaN NaN NaN NaN NaN NaN NaN NaN NaN NaN NaN NaN NaN NaN NaN NaN NaN NaN NaN NaN NaN NaN NaN NaN NaN NaN NaN NaN NaN NaN NaN 
NaN NaN NaN NaN NaN NaN NaN NaN NaN NaN NaN NaN NaN NaN NaN NaN NaN NaN NaN NaN NaN NaN NaN NaN NaN NaN NaN NaN NaN NaN NaN NaN NaN NaN NaN NaN NaN NaN NaN NaN 
NaN NaN NaN NaN NaN NaN NaN NaN NaN NaN NaN NaN NaN NaN NaN NaN NaN NaN NaN NaN NaN NaN NaN NaN NaN NaN NaN NaN NaN NaN NaN NaN NaN NaN NaN NaN NaN NaN NaN NaN 
NaN NaN NaN NaN NaN NaN NaN NaN NaN NaN NaN NaN NaN NaN NaN NaN NaN NaN NaN NaN NaN NaN NaN NaN NaN NaN NaN NaN NaN NaN NaN NaN NaN NaN NaN NaN NaN NaN NaN NaN 
NaN NaN NaN NaN NaN NaN NaN NaN NaN NaN NaN NaN NaN NaN NaN NaN NaN NaN NaN NaN NaN NaN NaN NaN NaN NaN NaN NaN NaN NaN NaN NaN NaN NaN NaN NaN NaN NaN NaN NaN 
NaN NaN NaN NaN NaN NaN NaN NaN NaN NaN NaN NaN NaN NaN NaN NaN NaN NaN NaN NaN NaN NaN NaN NaN NaN NaN NaN NaN NaN NaN NaN NaN NaN NaN NaN NaN NaN NaN NaN NaN 
NaN NaN NaN NaN NaN NaN NaN NaN NaN NaN NaN NaN NaN NaN NaN NaN NaN NaN NaN NaN NaN NaN NaN NaN NaN NaN NaN NaN NaN NaN NaN NaN NaN NaN NaN NaN NaN NaN NaN NaN 
NaN NaN NaN NaN NaN NaN NaN NaN NaN NaN NaN NaN NaN NaN NaN NaN NaN NaN NaN NaN NaN NaN NaN NaN NaN NaN NaN NaN NaN NaN NaN NaN NaN NaN NaN NaN NaN NaN NaN NaN 
NaN NaN NaN NaN NaN NaN NaN NaN NaN NaN NaN NaN NaN NaN NaN NaN NaN NaN NaN NaN NaN NaN NaN NaN NaN NaN NaN NaN NaN NaN NaN NaN NaN NaN NaN NaN NaN NaN NaN NaN 
NaN NaN NaN NaN NaN NaN NaN NaN NaN NaN NaN NaN NaN NaN NaN NaN NaN NaN NaN NaN NaN NaN NaN NaN NaN NaN NaN NaN NaN NaN NaN NaN NaN NaN NaN NaN NaN NaN NaN NaN 
NaN NaN NaN NaN NaN NaN NaN NaN NaN NaN NaN NaN NaN NaN NaN NaN NaN NaN NaN NaN NaN NaN NaN NaN NaN NaN NaN NaN NaN NaN NaN NaN NaN NaN NaN NaN NaN NaN NaN NaN 
NaN NaN NaN NaN NaN NaN NaN NaN NaN NaN NaN NaN NaN NaN NaN NaN NaN NaN NaN NaN NaN NaN NaN NaN NaN NaN NaN NaN NaN NaN NaN NaN NaN NaN NaN NaN NaN NaN NaN NaN 
NaN NaN NaN NaN NaN NaN NaN NaN NaN NaN NaN NaN NaN NaN NaN NaN NaN NaN NaN NaN NaN NaN NaN NaN NaN NaN NaN NaN NaN NaN NaN NaN NaN NaN NaN NaN NaN NaN NaN NaN 
NaN NaN NaN NaN NaN NaN NaN NaN NaN NaN NaN NaN NaN NaN NaN NaN NaN NaN NaN NaN NaN NaN NaN NaN NaN NaN NaN NaN NaN NaN NaN NaN NaN NaN NaN NaN NaN NaN NaN NaN 
NaN NaN NaN NaN NaN NaN NaN NaN NaN NaN NaN NaN NaN NaN NaN NaN NaN NaN NaN NaN NaN NaN NaN NaN NaN NaN NaN NaN NaN NaN NaN NaN NaN NaN NaN NaN NaN NaN NaN NaN 
NaN NaN NaN NaN NaN NaN NaN NaN NaN NaN NaN NaN NaN NaN NaN NaN NaN NaN NaN NaN NaN NaN NaN NaN NaN NaN NaN NaN NaN NaN NaN NaN NaN NaN NaN NaN NaN NaN NaN NaN 
NaN NaN NaN NaN NaN NaN NaN NaN NaN NaN NaN NaN NaN NaN NaN NaN NaN NaN NaN NaN NaN NaN NaN NaN NaN NaN NaN NaN NaN NaN NaN NaN NaN NaN NaN NaN NaN NaN NaN NaN 
NaN NaN NaN NaN NaN NaN NaN NaN NaN NaN NaN NaN NaN NaN NaN NaN NaN NaN NaN NaN NaN NaN NaN NaN NaN NaN NaN NaN NaN NaN NaN NaN NaN NaN NaN NaN NaN NaN NaN NaN 
NaN NaN NaN NaN NaN NaN NaN NaN NaN NaN NaN NaN NaN NaN NaN NaN NaN NaN NaN NaN NaN NaN NaN NaN NaN NaN NaN NaN NaN NaN NaN NaN NaN NaN NaN NaN NaN NaN NaN NaN 
NaN NaN NaN NaN NaN NaN NaN NaN NaN NaN NaN NaN NaN NaN NaN NaN NaN NaN NaN NaN NaN NaN NaN NaN NaN NaN NaN NaN NaN NaN NaN NaN NaN NaN NaN NaN NaN NaN NaN NaN 
NaN NaN NaN NaN NaN NaN NaN NaN NaN NaN NaN NaN NaN NaN NaN NaN NaN NaN NaN NaN NaN NaN NaN NaN NaN NaN NaN NaN NaN NaN NaN NaN NaN NaN NaN NaN NaN NaN NaN NaN 
NaN NaN NaN NaN NaN NaN NaN NaN NaN NaN NaN NaN NaN NaN NaN NaN NaN NaN NaN NaN NaN NaN NaN NaN NaN NaN NaN NaN NaN NaN NaN NaN NaN NaN NaN NaN NaN NaN NaN NaN 
NaN NaN NaN NaN NaN NaN NaN NaN NaN NaN NaN NaN NaN NaN NaN NaN NaN NaN NaN NaN NaN NaN NaN NaN NaN NaN NaN NaN NaN NaN NaN NaN NaN NaN NaN NaN NaN NaN NaN NaN 
NaN NaN NaN NaN NaN NaN NaN NaN NaN NaN NaN NaN NaN NaN NaN NaN NaN NaN NaN NaN NaN NaN NaN NaN NaN NaN NaN NaN NaN NaN NaN NaN NaN NaN NaN NaN NaN NaN NaN NaN 
NaN NaN NaN NaN NaN NaN NaN NaN NaN NaN NaN NaN NaN NaN NaN NaN NaN NaN NaN NaN NaN NaN NaN NaN NaN NaN NaN NaN NaN NaN NaN NaN NaN NaN NaN NaN NaN NaN NaN NaN 
NaN NaN NaN NaN NaN NaN NaN NaN NaN NaN NaN NaN NaN NaN NaN NaN NaN NaN NaN NaN NaN NaN NaN NaN NaN NaN NaN NaN NaN NaN NaN NaN NaN NaN NaN NaN NaN NaN NaN NaN 
NaN NaN NaN NaN NaN NaN NaN NaN NaN NaN NaN NaN NaN NaN NaN NaN NaN NaN NaN NaN NaN NaN NaN NaN NaN NaN NaN NaN NaN NaN NaN NaN NaN NaN NaN NaN NaN NaN NaN NaN 
NaN NaN NaN NaN NaN NaN NaN NaN NaN NaN NaN NaN NaN NaN NaN NaN NaN NaN NaN NaN NaN NaN NaN NaN NaN NaN NaN NaN NaN NaN NaN NaN NaN NaN NaN NaN NaN NaN NaN NaN 
NaN NaN NaN NaN NaN NaN NaN NaN NaN NaN NaN NaN NaN NaN NaN NaN NaN NaN NaN NaN NaN NaN NaN NaN NaN NaN NaN NaN NaN NaN NaN NaN NaN NaN NaN NaN NaN NaN NaN NaN 
NaN NaN NaN NaN NaN NaN NaN NaN NaN NaN NaN NaN NaN NaN NaN NaN NaN NaN NaN NaN NaN NaN NaN NaN NaN NaN NaN NaN NaN NaN NaN NaN NaN NaN NaN NaN NaN NaN NaN NaN 
NaN NaN NaN NaN NaN NaN NaN NaN NaN NaN NaN NaN NaN NaN NaN NaN NaN NaN NaN NaN NaN NaN NaN NaN NaN NaN NaN NaN NaN NaN NaN NaN NaN NaN NaN NaN NaN NaN NaN NaN 
NaN NaN NaN NaN NaN NaN NaN NaN NaN NaN NaN NaN NaN NaN NaN NaN NaN NaN NaN NaN NaN NaN NaN NaN NaN NaN NaN NaN NaN NaN NaN NaN NaN NaN NaN NaN NaN NaN NaN NaN 
NaN NaN NaN NaN NaN NaN NaN NaN NaN NaN NaN NaN NaN NaN NaN NaN NaN NaN NaN NaN NaN NaN NaN NaN NaN NaN NaN NaN NaN NaN NaN NaN NaN NaN NaN NaN NaN NaN NaN NaN 
NaN NaN NaN NaN NaN NaN NaN NaN NaN NaN NaN NaN NaN NaN NaN NaN NaN NaN NaN NaN NaN NaN NaN NaN NaN NaN NaN NaN NaN NaN NaN NaN NaN NaN NaN NaN NaN NaN NaN NaN 
NaN NaN NaN NaN NaN NaN NaN NaN NaN NaN NaN NaN NaN NaN NaN NaN NaN NaN NaN NaN NaN NaN NaN NaN NaN NaN NaN NaN NaN NaN NaN NaN NaN NaN NaN NaN NaN NaN NaN NaN 
NaN NaN NaN NaN NaN NaN NaN NaN NaN NaN NaN NaN NaN NaN NaN NaN NaN NaN NaN NaN NaN NaN NaN NaN NaN NaN NaN NaN NaN NaN NaN NaN NaN NaN NaN NaN NaN NaN NaN NaN 
NaN NaN NaN NaN NaN NaN NaN NaN NaN NaN NaN NaN NaN NaN NaN NaN NaN NaN NaN NaN NaN NaN NaN NaN NaN NaN NaN NaN NaN NaN NaN NaN NaN NaN NaN NaN NaN NaN NaN NaN 
NaN NaN NaN NaN NaN NaN NaN NaN NaN NaN NaN NaN NaN NaN NaN NaN NaN NaN NaN NaN NaN NaN NaN NaN NaN NaN NaN NaN NaN NaN NaN NaN NaN NaN NaN NaN NaN NaN NaN NaN 
NaN NaN NaN NaN NaN NaN NaN NaN NaN NaN NaN NaN NaN NaN NaN NaN NaN NaN NaN NaN NaN NaN NaN NaN NaN NaN NaN NaN NaN NaN NaN NaN NaN NaN NaN NaN NaN NaN NaN NaN 
NaN NaN NaN NaN NaN NaN NaN NaN NaN NaN NaN NaN NaN NaN NaN NaN NaN NaN NaN NaN NaN NaN NaN NaN NaN NaN NaN NaN NaN NaN NaN NaN NaN NaN NaN NaN NaN NaN NaN NaN 
NaN NaN NaN NaN NaN NaN NaN NaN NaN NaN NaN NaN NaN NaN NaN NaN NaN NaN NaN NaN NaN NaN NaN NaN NaN NaN NaN NaN NaN NaN NaN NaN NaN NaN NaN NaN NaN NaN NaN NaN 
NaN NaN NaN NaN NaN NaN NaN NaN NaN NaN NaN NaN NaN NaN NaN NaN NaN NaN NaN NaN NaN NaN NaN NaN NaN NaN NaN NaN NaN NaN NaN NaN NaN NaN NaN NaN NaN NaN NaN NaN 
NaN NaN NaN NaN NaN NaN NaN NaN NaN NaN NaN NaN NaN NaN NaN NaN NaN NaN NaN NaN NaN NaN NaN NaN NaN NaN NaN NaN NaN NaN NaN NaN NaN NaN NaN NaN NaN NaN NaN NaN 
NaN NaN NaN NaN NaN NaN NaN NaN NaN NaN NaN NaN NaN NaN NaN NaN NaN NaN NaN NaN NaN NaN NaN NaN NaN NaN NaN NaN NaN NaN NaN NaN NaN NaN NaN NaN NaN NaN NaN NaN 
NaN NaN NaN NaN NaN NaN NaN NaN NaN NaN NaN NaN NaN NaN NaN NaN NaN NaN NaN NaN NaN NaN NaN NaN NaN NaN NaN NaN NaN NaN NaN NaN NaN NaN NaN NaN NaN NaN NaN NaN 
NaN NaN NaN NaN NaN NaN NaN NaN NaN NaN NaN NaN NaN NaN NaN NaN NaN NaN NaN NaN NaN NaN NaN NaN NaN NaN NaN NaN NaN NaN NaN NaN NaN NaN NaN NaN NaN NaN NaN NaN 
NaN NaN NaN NaN NaN NaN NaN NaN NaN NaN NaN NaN NaN NaN NaN NaN NaN NaN NaN NaN NaN NaN NaN NaN NaN NaN NaN NaN NaN NaN NaN NaN NaN NaN NaN NaN NaN NaN NaN NaN 
NaN NaN NaN NaN NaN NaN NaN NaN NaN NaN NaN NaN NaN NaN NaN NaN NaN NaN NaN NaN NaN NaN NaN NaN NaN NaN NaN NaN NaN NaN NaN NaN NaN NaN NaN NaN NaN NaN NaN NaN 
NaN NaN NaN NaN NaN NaN NaN NaN NaN NaN NaN NaN NaN NaN NaN NaN NaN NaN NaN NaN NaN NaN NaN NaN NaN NaN NaN NaN NaN NaN NaN NaN NaN NaN NaN NaN NaN NaN NaN NaN 
NaN NaN NaN NaN NaN NaN NaN NaN NaN NaN NaN NaN NaN NaN NaN NaN NaN NaN NaN NaN NaN NaN NaN NaN NaN NaN NaN NaN NaN NaN NaN NaN NaN NaN NaN NaN NaN NaN NaN NaN 
NaN NaN NaN NaN NaN NaN NaN NaN NaN NaN NaN NaN NaN NaN NaN NaN NaN NaN NaN NaN NaN NaN NaN NaN NaN NaN NaN NaN NaN NaN NaN NaN NaN NaN NaN NaN NaN NaN NaN NaN 
NaN NaN NaN NaN NaN NaN NaN NaN NaN NaN NaN NaN NaN NaN NaN NaN NaN NaN NaN NaN NaN NaN NaN NaN NaN NaN NaN NaN NaN NaN NaN NaN NaN NaN NaN NaN NaN NaN NaN NaN 
-75.529003 -76.471045 -78.065656 -80.722714 -84.012884 -86.730863 -88.016069 -90.325174 -97.937796 -98.381905 -92.306721 -92.286968 -95.165237 -98.220331 -103.925310 -95.405219 -92.169620 -97.202293 -108.600688 -98.545869 -92.587799 -96.510735 -97.280688 -92.880770 -97.165313 -93.864365 -91.681005 -93.643857 -98.504322 -99.793896 -97.152081 -95.940306 -93.650628 -98.434808 -93.802756 -89.990681 -94.942721 -91.263851 -97.543637 -105.574642 
-54.700553 -63.896212 -65.595532 -66.866417 -71.355544 -68.858536 -69.115057 -79.352746 -92.545448 -79.747923 -75.203062 -71.366731 -76.903924 -75.707966 -77.712921 -76.622544 -74.988088 -74.571655 -77.794525 -78.902065 -76.744597 -73.665985 -74.447528 -76.174833 -75.461045 -74.152264 -72.723159 -75.703084 -79.257989 -79.578019 -76.396767 -77.263125 -75.425444 -77.600503 -75.066805 -73.916373 -76.255099 -74.253330 -76.772659 -81.133178 
-53.675224 -65.226404 -71.242986 -72.973618 -67.072303 -66.600059 -67.477252 -75.384912 -77.162732 -77.834287 -69.284370 -67.903365 -74.346245 -79.506049 -72.248757 -70.167939 -69.210091 -70.770172 -72.500598 -71.107730 -69.713272 -70.904496 -72.287002 -70.109619 -74.912143 -73.368427 -76.910434 -77.473049 -75.762376 -74.261610 -75.405705 -74.287596 -74.609262 -74.107612 -75.083667 -73.201016 -72.655180 -72.659487 -73.040401 -74.563550 
-52.531500 -62.294140 -64.608127 -63.722888 -64.915655 -63.717579 -60.251180 -71.618563 -70.714833 -66.026598 -61.180705 -68.355398 -71.439644 -70.512902 -71.492059 -67.916242 -67.756237 -69.399647 -68.949777 -72.770432 -70.263112 -74.237801 -71.750965 -71.657383 -71.169239 -78.194946 -74.647285 -72.168002 -75.243943 -71.980716 -75.739768 -72.590019 -71.004287 -71.685787 -70.880060 -73.085560 -72.118576 -71.513235 -71.379867 -74.613981 
-35.868585 -37.305465 -39.514151 -41.873272 -43.096825 -45.539268 -48.372597 -50.637010 -52.812454 -55.658764 -57.527527 -59.310330 -61.726169 -59.261234 -62.600107 -62.556091 -62.391315 -64.353800 -63.987535 -62.054492 -64.601980 -67.993521 -65.942899 -67.356780 -67.572629 -66.874635 -68.406996 -67.069007 -67.351333 -70.021403 -69.745902 -68.097488 -70.099942 -70.728922 -69.880874 -70.525381 -68.929950 -69.292168 -70.334372 -72.592537 
-20.176042 -21.453471 -29.344292 -34.836348 -33.383323 -33.024142 -40.823042 -41.988655 -43.864754 -47.672938 -50.557217 -49.300834 -54.784915 -49.806171 -50.470352 -53.268326 -57.076779 -58.837129 -59.337512 -53.229678 -55.197435 -57.163154 -57.911079 -60.212030 -60.548215 -58.133365 -61.621760 -61.532596 -58.910173 -61.334453 -64.037396 -60.182295 -63.641733 -62.435896 -61.063352 -63.011150 -61.362480 -60.460214 -61.732291 -64.606539 
-18.231842 -26.682342 -28.822332 -35.255184 -35.179712 -39.145716 -43.512989 -49.404333 -46.130370 -52.487355 -53.413322 -48.444849 -49.328257 -48.938826 -54.213409 -55.567731 -56.347873 -62.427608 -54.198122 -55.544698 -60.069228 -62.932063 -59.983643 -61.436147 -60.848446 -63.151532 -65.172322 -61.441574 -63.487852 -63.277348 -65.614161 -61.580417 -64.848453 -66.731694 -65.770291 -64.531857 -64.510386 -65.013058 -64.436627 -64.063940 
-20.484383 -22.274349 -28.189138 -27.667103 -31.594044 -37.356429 -46.025798 -50.824998 -49.387445 -51.428763 -53.308441 -57.117285 -54.799862 -53.845036 -53.610661 -52.359031 -53.644650 -62.271732 -58.532269 -59.477659 -60.669919 -59.527557 -65.130868 -61.983396 -60.790319 -60.680419 -63.777871 -65.252360 -64.367126 -61.645259 -64.296768 -63.032932 -64.706907 -65.468481 -64.307372 -64.284031 -66.235539 -64.250852 -65.775528 -66.302737 
-27.527082 -25.883290 -27.996908 -37.266830 -30.403540 -32.441124 -40.111853 -40.502391 -49.642732 -50.218022 -51.082933 -49.633770 -47.243182 -52.576364 -53.628904 -54.361426 -56.637175 -57.890566 -60.103579 -60.995841 -64.721119 -58.124016 -62.605795 -64.671268 -62.166425 -61.245980 -60.377987 -65.274189 -64.732732 -61.506940 -66.807361 -63.030705 -64.161916 -62.536199 -64.213226 -63.507258 -63.214563 -61.068203 -62.004304 -62.853399 
-25.570637 -19.166887 -19.985049 -28.693371 -37.814582 -38.890937 -43.025563 -44.159047 -47.773460 -51.209393 -55.089329 -52.246417 -53.588458 -55.675494 -56.164762 -53.806423 -52.488545 -55.033918 -52.560637 -52.671472 -54.955085 -58.181774 -64.127882 -61.633811 -56.993366 -57.777956 -59.009026 -57.284904 -58.171260 -62.294540 -59.952152 -62.876696 -57.376606 -57.103166 -62.481165 -59.392252 -56.273413 -56.563752 -62.580927 -63.509002 
-25.274151 -21.524950 -18.293519 -17.272995 -15.653015 -15.578387 -18.545465 -22.859856 -25.165417 -25.942282 -26.426113 -26.760047 -30.862963 -30.084379 -29.262156 -30.932969 -26.294688 -26.487505 -29.925687 -31.593334 -32.824720 -39.265486 -39.384233 -34.494513 -36.329985 -33.707912 -37.820183 -35.102635 -36.791233 -39.087513 -38.051277 -40.202403 -35.046009 -35.629576 -38.696399 -39.232958 -35.027526 -37.980664 -48.489743 -47.630141 
2.615647 4.280797 4.787056 8.239927 3.059757 3.328604 -0.276334 -3.883691 -4.608136 -8.927535 -11.545815 -14.166141 -15.151301 -16.770228 -14.476863 -17.618945 -6.354538 -10.662266 -12.894711 -14.166800 -18.735935 -22.303438 -19.138414 -17.936973 -21.962558 -20.626763 -22.593082 -17.266217 -21.706068 -27.543425 -29.271851 -28.506968 -21.184762 -21.680759 -27.072643 -25.915285 -20.196295 -23.155911 -35.925506 -35.039173 
7.228499 15.170484 21.809174 18.791026 11.437952 17.361072 13.429792 15.898120 14.984230 3.909870 -0.501115 -1.124649 -2.583052 -4.585682 -6.850747 -7.325747 -0.978999 1.798831 6.052467 5.427630 -4.430055 -4.325125 0.848931 0.965663 -8.757556 -8.227470 -5.822994 -2.651354 -7.510155 -20.846742 -37.737846 -37.598358 -33.345767 -27.581866 -34.821067 -33.814074 -27.156215 -21.289552 -31.664293 -30.791779 
8.483644 20.076348 23.664236 15.838940 20.566265 16.590038 21.397859 21.442249 16.951914 8.393302 5.111279 3.558661 -0.897996 -2.790899 -3.641993 -2.853900 -1.728576 3.535484 9.512619 11.408984 4.978528 2.222913 5.778812 7.876245 -4.474636 -7.153842 -5.249363 -1.570539 -5.362240 -21.156442 -42.085197 -37.832302 -32.909554 -32.491371 -46.180390 -50.917736 -28.029310 -22.225340 -33.042877 -28.887406 
6.153314 20.024024 23.517375 15.195616 20.889517 16.009577 20.414181 15.604752 21.518831 11.510781 3.363831 4.698818 -0.691857 -2.040724 -3.900179 -4.943590 -3.181187 -0.756576 5.048223 11.289990 8.786280 3.469297 3.792621 5.154208 -9.645115 -11.617730 -9.896463 -6.895431 -5.521895 -21.538477 -43.429423 -33.510957 -30.509994 -33.004842 -43.532184 -39.948264 -29.318547 -26.567928 -37.344017 -31.481768 
1.697419 18.819304 23.717378 13.894842 20.849256 16.711405 20.159068 17.817085 20.838855 11.939457 1.297157 4.200095 2.536450 -0.099580 -5.032720 -3.493189 -3.602680 -1.250086 1.204419 8.549556 12.020303 9.325645 7.329788 4.895439 -4.015727 -8.627198 -8.439844 -3.813339 -5.333418 -18.487340 -34.606049 -30.192144 -27.549271 -31.444970 -34.048430 -32.733560 -25.877703 -21.649558 -32.112960 -30.066092 
-2.270416 18.199792 24.068398 15.603268 21.474923 19.365247 21.146987 20.169181 15.353880 11.594030 -4.903086 -0.028784 3.172534 -1.601623 -6.486600 -7.002324 -5.967456 -3.743472 -0.484760 4.802865 9.543331 11.030651 8.852517 7.732909 0.933505 -6.243147 -9.754181 -4.073888 -2.749838 -17.945302 -29.474201 -26.989330 -27.194192 -29.882701 -30.891654 -29.528184 -28.380206 -26.076229 -29.649140 -29.242535 
-1.708826 17.398535 24.081644 16.545088 22.486209 21.384814 22.871453 23.547073 10.681616 9.763069 -3.656139 -3.011675 2.331262 -3.215296 -5.195585 -5.712375 -7.885638 -3.678423 -0.209532 1.086533 7.986368 12.448635 5.324044 8.931683 0.804538 -4.802695 -7.127610 -5.539940 -2.336414 -12.110806 -34.921749 -29.313925 -31.893725 -38.287355 -34.979237 -30.286358 -29.819109 -28.264172 -36.856630 -31.960945 
-3.834358 15.833104 23.593247 16.180451 22.461705 23.371981 23.086306 25.144993 6.231099 8.592949 -1.143175 -4.129188 0.114543 -2.940655 -4.829080 -8.032108 -8.605297 -3.554584 -4.008040 0.139460 6.697881 13.586306 8.801793 9.165025 0.891317 -3.477805 -6.780284 -5.076608 -1.726776 -12.548233 -34.334341 -30.542956 -33.354157 -39.515601 -33.636149 -30.704240 -29.733688 -29.386793 -36.736503 -31.103969 
-4.203705 14.846597 23.461217 16.551633 22.753806 24.866151 20.388882 24.503477 7.099923 8.520571 -5.617578 -4.487808 -1.964433 -6.214491 -8.738046 -7.985103 -9.564918 -6.962592 -5.642834 -3.414818 1.024671 11.635234 7.838969 8.036987 -3.417619 -7.774104 -8.042734 -8.842744 -5.263409 -13.239109 -25.452907 -25.467583 -26.086508 -26.858651 -26.212526 -27.227144 -26.447460 -26.463418 -27.327181 -25.894703 
-11.116570 14.526691 23.575686 17.293753 23.452214 26.326097 15.979985 20.906948 6.801562 7.928220 -6.151911 -11.660307 -4.512208 -7.579167 -10.595588 -8.046847 -9.235801 -8.332896 -10.136341 -4.810691 1.374150 10.236487 8.062216 9.467672 -2.581369 -8.507860 -8.215293 -7.546686 -4.177923 -13.002814 -32.742671 -28.243312 -32.588757 -36.684358 -33.504975 -36.796591 -30.148883 -26.450455 -29.137545 -25.789085 
-7.589559 13.601056 23.962299 18.327668 22.674480 27.091197 14.941679 16.750754 4.002167 6.105954 -6.172345 -16.299116 -4.717484 -7.466213 -9.499420 -6.825450 -11.664081 -13.544137 -11.605916 -6.368870 -1.776977 7.631039 6.996396 7.924264 -3.652556 -7.992589 -10.700434 -11.895644 -9.316200 -13.396695 -33.231812 -30.309555 -30.935377 -34.535436 -33.541449 -32.667302 -26.857080 -28.476858 -25.710276 -22.320359 
-9.623020 14.202785 24.216866 18.751311 21.763318 26.655246 13.874680 13.037078 0.004617 3.137290 -6.426583 -8.158375 -4.772543 -7.177513 -9.569832 -8.482679 -11.825427 -11.651069 -10.652327 -8.684576 -0.458360 8.327789 7.858688 6.160662 -3.095549 -10.668059 -15.522225 -15.815927 -11.118691 -13.364095 -28.249585 -26.506342 -29.630048 -30.772861 -32.028605 -29.935066 -24.492105 -24.257392 -25.491597 -20.778296 
-8.552206 14.673890 23.859120 17.214509 20.324431 23.993551 12.207552 13.807422 0.626465 -1.453055 -5.535455 -2.522685 -3.522378 -7.126705 -10.065595 -11.812629 -15.007316 -12.883115 -9.052869 -6.682223 -0.818130 5.849799 3.595783 1.984528 -7.329381 -17.258851 -19.326547 -19.613031 -13.058656 -11.001082 -25.421891 -22.757359 -25.178983 -27.119443 -29.212093 -25.676479 -25.783234 -22.689106 -24.043313 -18.984560 
-7.804431 15.097524 22.849049 15.677952 16.291425 17.264018 10.287769 13.525947 -3.106474 -9.452756 -7.629795 -6.693748 -11.832435 -17.141580 -15.841753 -20.966774 -20.317440 -18.335963 -12.930182 -13.049548 -2.569812 2.285391 -3.134484 -1.356418 -12.898112 -29.537877 -23.615078 -23.219307 -19.287094 -17.548437 -22.903257 -18.135849 -16.231281 -16.712811 -18.657414 -21.913931 -22.298005 -19.510106 -21.493865 -22.496800 
-2.345006 15.331935 20.624021 10.566015 6.639252 3.810810 5.883771 7.634538 -7.630806 -10.373814 -9.649998 -14.221653 -13.121895 -19.076545 -24.772393 -27.569031 -21.784301 -21.841393 -19.791238 -18.800063 -2.768338 -5.119729 -5.799344 -6.037400 -20.481186 -31.280345 -29.504248 -24.413115 -12.636520 -12.288917 -16.435095 -15.263257 -9.697067 -4.903147 -8.681658 -10.970899 -13.617491 -8.753785 -10.405450 -15.407780 
-2.917458 13.272542 15.864709 5.078426 -1.240090 -2.411335 -8.628272 -6.184261 -15.418471 -23.308450 -18.966901 -18.482100 -17.460766 -23.567876 -24.532276 -28.442449 -23.690023 -28.300354 -29.270951 -10.774939 -8.143442 -16.893602 -16.457864 -8.411837 -23.905230 -28.184757 -25.670947 -22.444219 -13.473201 -9.191457 -11.764195 -8.132525 -5.801983 -2.968723 -3.901912 -4.137070 -6.265311 -4.022929 -3.154743 -8.602590 
-8.448191 6.596748 8.453600 -1.679201 -7.719107 -7.669027 -11.783611 -10.960954 -17.878744 -24.455564 -26.275181 -27.652735 -26.021288 -24.975445 -20.968025 -29.717348 -29.243431 -33.184303 -26.482087 -10.836330 -13.230774 -22.839752 -20.747612 -10.820287 -19.486525 -19.319680 -18.588253 -19.928192 -13.498661 -9.578360 -13.532958 -7.549743 1.900375 1.854859 -3.186218 -4.727601 -0.680410 -1.311589 -2.222488 -5.911865 
-11.526016 -4.773599 -2.183534 -14.541705 -14.711723 -15.289291 -16.979043 -13.147269 -23.904505 -24.006664 -27.901300 -28.043922 -21.160501 -20.408671 -20.392482 -23.720033 -23.932497 -33.475193 -24.670484 -12.811295 -16.889977 -21.769038 -23.376516 -9.728566 -20.284100 -18.528712 -16.274674 -15.246624 -12.056934 -13.334477 -8.872070 -4.579785 1.220056 3.714789 0.438226 -2.554126 -1.083687 -0.742552 -3.937159 -4.511746 
-22.362288 -16.438767 -10.566205 -12.788981 -23.777839 -25.803762 -25.560063 -20.818364 -28.687357 -27.658164 -25.735593 -21.823951 -28.369108 -23.259515 -28.087905 -24.742427 -29.474966 -31.011604 -22.614924 -8.899332 -14.297512 -22.308699 -26.603020 -16.931604 -18.720803 -18.293348 -16.732457 -12.125025 -5.481294 -7.738403 -9.157225 -4.636093 -1.059654 3.448958 4.167117 -2.097912 -1.466512 -0.856014 -2.206071 -5.754613 
-23.127116 -19.774693 -14.983626 -19.048035 -30.163867 -27.169413 -22.583682 -24.614228 -22.534198 -24.931352 -23.258128 -25.639104 -28.943791 -28.171980 -30.341852 -26.046792 -21.969786 -25.870661 -21.795725 -16.874314 -17.474000 -19.141372 -22.155035 -14.129246 -12.187341 -16.166838 -15.525587 -12.228212 -10.532983 -10.960281 -11.724307 -3.797694 1.070307 5.038743 2.833320 -1.337199 2.005555 1.229557 0.482597 -7.678255 
-30.257028 -20.570310 -21.490958 -24.223373 -22.837863 -21.326614 -21.602355 -24.506016 -20.494998 -22.610522 -25.151761 -20.698620 -21.262598 -21.873317 -23.409807 -30.642723 -26.017589 -24.013947 -16.332308 -9.473399 -16.056306 -18.633717 -20.460092 -13.242943 -15.982177 -21.959270 -12.374547 -11.858444 -10.021200 -6.624119 -10.041528 -7.299557 0.342579 5.550965 3.884380 -1.641472 1.082687 2.926369 -1.153711 -7.639232 
-15.421311 -19.192087 -25.794970 -33.380636 -25.173891 -19.534420 -20.652312 -19.805736 -23.603847 -20.052812 -23.008799 -22.317592 -20.039521 -24.362137 -23.847454 -26.941540 -28.381142 -22.802829 -12.190520 -13.945493 -16.968530 -23.196395 -22.637224 -14.937304 -17.282016 -17.322163 -16.565917 -9.865685 -7.334591 -8.884985 -7.610724 -0.933931 2.197800 3.214004 -2.230502 -4.071724 -0.482103 1.475431 -3.058876 -10.864061 
-7.898789 -7.059272 -9.084077 -8.029889 -8.036618 -8.221166 -7.400910 -9.710002 -11.316654 -13.618973 -17.912146 -23.954129 -21.369822 -20.853939 -24.348562 -24.303210 -30.505069 -22.943002 -16.315003 -16.409975 -19.665412 -22.202649 -23.110238 -17.518259 -19.561449 -15.418392 -6.316179 -3.253872 -3.319804 -7.736529 -5.683739 -2.675391 -5.917881 -6.367946 -5.115797 -6.187430 -5.308001 -2.730345 -8.011551 -14.433232 
3.169318 6.667086 4.132672 0.894423 2.421354 3.642472 2.922208 0.577190 -2.236847 -5.244075 -11.371138 -16.466328 -15.481991 -15.887929 -18.961650 -21.661324 -32.766238 -19.800404 -17.436539 -17.241246 -20.861137 -21.063739 -20.639025 -20.290465 -22.165744 -16.827019 -6.436853 -5.006574 -6.738811 -14.109345 -13.337007 -13.591420 -12.827214 -7.252987 -9.720823 -10.628342 -9.248134 -9.671498 -12.235647 -18.918265 
1.587467 -0.560242 -7.976233 -18.691391 -14.583733 -12.440853 -15.198316 -19.516297 -20.627343 -24.787682 -30.250806 -32.012887 -33.650691 -28.960743 -31.217800 -32.907609 -38.334675 -26.753755 -25.548518 -28.756892 -34.928942 -35.605174 -28.360036 -24.214150 -29.600327 -29.321411 -21.839729 -19.166147 -20.449521 -26.429532 -23.447173 -19.672440 -16.548427 -15.678198 -21.998883 -20.984938 -19.370582 -18.876854 -21.216197 -25.692270 
-5.262347 -9.676286 -17.715813 -18.797563 -21.668526 -24.632419 -22.083237 -23.360395 -26.313435 -28.432949 -36.327714 -35.244854 -33.725439 -35.223718 -38.819818 -38.215171 -41.311636 -33.558634 -35.773029 -42.011525 -40.932216 -38.625718 -37.105493 -36.167021 -38.203740 -34.943737 -28.348217 -26.638316 -29.210032 -28.827919 -30.816134 -27.869966 -28.383044 -28.681061 -29.649438 -30.463648 -30.007038 -30.926160 -31.010181 -35.899792 
-10.572080 -16.675635 -30.615566 -28.291058 -31.542002 -36.978597 -25.786311 -25.592140 -32.793175 -30.923521 -38.269990 -43.944691 -36.442446 -38.167204 -43.811816 -44.703833 -47.396603 -40.675551 -46.526993 -45.758885 -43.453173 -46.219487 -48.330656 -44.726768 -46.675730 -41.378115 -35.212353 -34.124042 -36.910558 -34.068406 -34.222158 -32.328452 -36.131452 -36.229895 -34.412386 -36.038197 -38.343024 -36.332845 -34.931701 -42.771695 
-17.228288 -23.031344 -29.312880 -32.615656 -31.986400 -38.126378 -34.137111 -33.559560 -37.874352 -35.869284 -38.273459 -42.592309 -39.592807 -40.619038 -41.717412 -46.506097 -48.458954 -46.125523 -47.134748 -54.766754 -54.919998 -54.981902 -54.223932 -50.832290 -49.949019 -50.553787 -43.394625 -43.479589 -43.773937 -47.460782 -48.154524 -46.328785 -44.507059 -48.990201 -48.382637 -48.326842 -49.185589 -48.915166 -48.747887 -50.127646 
-13.128737 -16.065181 -20.454737 -24.067411 -25.661836 -25.219236 -30.598282 -30.600159 -32.511121 -32.061052 -35.460234 -35.242049 -32.800682 -26.954032 -29.004696 -32.562011 -33.158407 -35.965877 -40.743670 -38.753657 -42.920895 -42.045439 -39.494349 -38.208674 -42.551928 -43.705310 -38.568583 -40.721122 -43.410757 -41.216659 -40.035643 -41.853849 -42.957876 -40.683962 -41.669377 -40.454189 -40.926104 -39.905433 -41.550359 -46.330928 
-1.575271 -3.092131 0.456314 -2.077766 -6.863255 -9.125620 -8.459697 -7.000537 -12.919308 -14.424605 -18.079357 -20.040496 -18.021774 -15.595419 -24.065680 -32.235427 -23.397436 -22.198151 -27.625288 -25.487276 -26.989876 -27.989475 -24.859563 -25.993457 -37.239998 -36.833600 -31.045145 -28.111709 -36.416344 -32.049621 -34.199249 -32.303766 -33.201256 -31.519908 -33.161580 -31.102123 -32.236550 -29.391364 -31.724038 -36.016188 
7.891590 13.978043 16.874361 11.985218 6.916999 11.448166 8.561330 12.145532 8.031948 -1.446502 -4.556622 1.270673 -1.624093 2.686286 1.889109 -10.136607 -17.962726 -20.291592 -25.868518 -25.682494 -26.893633 -22.563090 -17.395385 -16.200431 -25.665139 -27.148974 -19.567076 -19.421805 -29.562710 -31.889582 -32.449474 -33.666290 -32.778734 -31.152749 -35.620890 -36.567288 -34.599326 -30.411551 -33.437526 -35.240184 
6.378660 16.084338 19.746828 14.429437 17.604230 12.422443 13.901770 16.455824 19.817225 8.287413 3.448269 6.249325 4.997303 10.324747 7.720615 -4.453155 -10.408101 -14.558059 -18.963530 -20.808978 -22.279730 -19.295931 -10.685212 -10.221090 -22.508069 -22.659836 -14.408119 -11.998094 -23.494036 -28.435294 -31.353847 -36.539362 -39.351647 -38.137329 -44.093481 -46.091089 -37.231212 -23.898115 -32.995180 -43.000921 
4.805871 17.286971 17.996022 14.407498 16.360754 10.222462 11.757098 18.181903 21.299156 17.411216 11.165348 7.316306 7.468369 14.824197 8.578178 -2.347658 -10.776763 -15.238869 -18.358081 -19.624717 -21.563158 -20.043333 -11.474017 -9.244626 -20.856356 -20.660600 -10.613268 -13.088593 -21.663306 -28.942756 -31.991045 -40.220232 -43.033053 -37.665787 -55.667495 -54.685051 -40.425324 -24.888272 -32.614307 -46.868462 
3.159042 17.107731 16.230517 13.595519 14.261183 8.154913 7.193136 16.462804 13.955855 19.023149 11.034318 7.238784 9.830848 11.317379 8.493813 -4.766187 -9.234036 -14.088973 -16.053482 -16.226856 -18.964366 -17.970574 -12.779635 -7.567307 -17.447469 -17.019306 -9.366625 -14.576053 -21.222194 -26.111928 -30.944866 -31.664969 -31.914342 -31.471000 -33.514612 -33.619176 -33.031082 -23.264750 -26.710605 -34.079269 
1.333222 16.291188 15.462940 12.991145 11.823474 3.948281 5.301990 14.911974 16.556584 19.929191 13.358418 8.898814 9.991967 11.406482 9.562223 -5.413448 -10.036149 -16.737023 -19.777385 -18.860883 -20.263096 -20.020431 -11.650221 -5.500199 -14.379643 -16.592477 -9.841597 -15.674738 -22.390384 -27.348330 -39.148889 -40.254456 -41.122401 -39.224040 -50.342913 -49.422848 -43.835332 -24.039170 -27.072669 -46.703672 
1.483647 15.733207 14.734581 12.872027 10.586587 3.113924 5.719376 12.549790 16.166184 16.925470 16.849461 9.910741 10.177898 12.985830 6.101505 -8.756599 -14.064993 -19.571047 -20.177054 -20.798995 -25.120383 -22.764388 -17.160410 -10.073950 -15.778038 -17.404477 -13.227997 -14.730783 -21.116554 -27.509043 -39.572303 -39.767158 -36.111608 -34.847854 -44.290108 -47.031445 -44.248354 -25.309615 -27.159912 -44.379675 
3.583505 15.395795 13.175007 11.688955 9.002929 2.214202 5.692123 11.239028 14.300086 15.561846 17.125020 5.109703 11.156505 14.038115 4.734765 -9.323869 -14.799588 -18.824758 -22.304976 -25.132092 -24.773224 -24.720228 -18.633216 -13.800521 -18.372902 -20.630800 -17.165257 -16.980684 -22.918536 -31.104821 -38.725966 -38.232120 -37.021841 -38.470297 -40.969361 -41.584104 -39.272411 -25.954004 -30.649393 -41.783625 
2.842763 14.502441 12.133919 11.466916 7.525524 0.744596 4.837750 8.793441 12.785164 16.786285 16.882943 6.095349 12.133569 12.109685 4.224963 -5.318583 -16.034011 -19.095953 -23.905457 -20.979455 -26.531411 -22.834682 -21.502387 -14.345890 -14.658832 -21.916581 -19.762762 -18.826472 -25.071916 -34.725003 -46.838956 -48.233995 -42.850848 -41.555511 -50.048173 -56.113125 -50.229363 -32.389333 -33.303546 -46.033094 
1.776216 13.600475 11.358690 10.860597 6.692049 0.375437 3.959006 7.277770 11.976618 17.273403 14.828359 6.990959 10.291914 10.821800 5.399753 -2.749898 -12.890164 -20.463358 -22.706903 -24.296640 -26.696008 -25.792325 -19.523610 -12.686713 -14.472021 -18.062974 -19.123375 -16.550297 -23.451483 -31.189310 -36.064488 -36.498737 -35.779952 -36.883811 -37.779207 -38.404050 -38.150811 -35.009044 -35.897413 -39.618580 
1.265066 13.034493 10.467845 10.068115 5.616417 -0.507913 2.611121 6.235828 10.181039 15.936110 13.511525 11.051406 11.334904 10.578040 4.054707 -8.428603 -12.713288 -19.164916 -28.817386 -26.084840 -28.042093 -27.424156 -21.909295 -16.579738 -16.829741 -21.591994 -15.341304 -13.697792 -22.755489 -31.142765 -44.334702 -45.060413 -41.943190 -38.921298 -43.766598 -49.192756 -48.814372 -37.548617 -37.623715 -47.688553 
2.583440 12.993354 9.674143 9.287457 4.565692 -0.295244 2.465012 5.559723 10.712369 16.249021 14.600830 10.327429 9.207680 10.475504 6.493160 -5.214946 -14.012457 -20.909252 -26.157670 -26.461629 -28.019821 -27.170702 -22.814822 -15.895560 -13.864538 -20.914714 -16.676641 -14.218611 -24.975221 -33.316105 -48.909010 -45.807107 -42.781623 -37.150789 -46.336720 -54.836294 -52.317182 -41.357548 -40.414252 -48.884450 
1.643623 12.560785 9.232175 8.536701 3.259951 -1.143750 0.424758 4.532421 10.640350 16.487840 13.444051 10.251052 8.662153 7.763837 3.949806 -7.548591 -20.613806 -23.553877 -25.904826 -25.797573 -28.489527 -26.219743 -24.088577 -16.028230 -11.594060 -18.123768 -16.352589 -14.015533 -23.644786 -38.712866 -56.480712 -48.568713 -44.981930 -42.491212 -48.275774 -71.505415 -54.986897 -45.471545 -44.411399 -54.556058 
2.205513 11.524177 8.271953 7.699182 1.637565 -2.445510 -0.390954 3.282862 9.005454 15.664181 12.166444 8.734003 8.671364 6.905946 1.651197 -10.628794 -20.304979 -20.492676 -25.671022 -25.869771 -30.411807 -30.005955 -27.417173 -15.102322 -10.482564 -17.234723 -13.666180 -12.448433 -22.421187 -35.766320 -48.699626 -43.831295 -39.865328 -41.288871 -45.651703 -50.846057 -48.973404 -43.307982 -43.440396 -51.498249 
0.819922 10.031616 6.872704 7.112770 1.095520 -2.553934 0.920617 2.575388 7.788029 14.514732 11.157917 7.683725 7.968379 6.717685 -0.936040 -12.619680 -21.067309 -20.306356 -24.489414 -27.965705 -30.510495 -32.358422 -28.502696 -18.924008 -12.788683 -16.157974 -14.671617 -12.927412 -20.874419 -28.906236 -40.597922 -41.110111 -40.915354 -40.530826 -42.555165 -43.001614 -43.142777 -42.226333 -41.737021 -43.620044 
0.521593 9.219299 6.564668 6.049601 -2.110829 -5.153100 -0.322320 2.402397 8.275675 13.421373 10.332461 6.050055 7.252886 7.605482 -2.609609 -14.736305 -21.591919 -23.667791 -28.132826 -28.082206 -32.711608 -35.857143 -31.289214 -21.998910 -16.386393 -20.269263 -18.854741 -19.506100 -26.915793 -31.843477 -54.481268 -47.062821 -39.587449 -42.377824 -50.433155 -69.516251 -54.597439 -45.459425 -42.027265 -51.914195 
-0.289115 8.497385 6.111699 5.909291 -1.517025 -4.933594 0.442068 2.723309 8.916824 12.742064 10.677540 5.440581 6.522036 5.667543 -5.370232 -14.813783 -19.847273 -22.304143 -32.824047 -30.937089 -34.509539 -36.796007 -32.680056 -24.882985 -15.800486 -19.903405 -18.927581 -17.630023 -28.009191 -34.691899 -51.647050 -48.740891 -43.076248 -44.899531 -50.763136 -53.909048 -52.758507 -49.272325 -49.280487 -53.485396 
0.776015 8.641941 6.174917 5.753045 -2.023008 -4.767424 0.423323 1.679662 7.743100 10.253546 9.903775 5.261307 6.966948 5.024676 -10.591739 -17.968481 -22.856535 -27.630646 -33.372061 -35.015824 -37.319898 -36.950308 -34.313701 -28.915306 -20.389251 -25.299426 -20.068173 -17.481845 -24.060475 -35.524136 -48.914598 -47.335401 -43.251057 -47.322433 -50.060317 -51.972622 -51.150334 -50.497248 -48.218711 -50.536061 
0.791886 8.195584 5.578796 5.107756 -3.944365 -6.408231 -0.364380 0.104963 6.547079 9.839757 7.022345 2.519224 4.438064 4.145503 -6.196183 -14.990801 -22.184594 -25.855072 -30.453824 -35.422915 -35.187357 -38.222895 -36.467790 -29.924256 -18.829205 -23.248034 -21.921840 -19.168638 -29.388785 -39.680996 -50.762704 -48.554334 -43.189965 -47.559671 -48.514526 -52.188610 -51.750881 -51.715592 -49.176403 -51.217416 
-1.106545 7.541605 5.529719 4.472211 -4.153528 -5.883915 -2.374836 -1.769554 3.460064 4.498008 6.695501 0.838873 1.901468 1.007758 -5.336378 -17.958717 -24.849860 -27.844734 -29.577726 -32.217142 -33.494373 -33.249359 -34.085127 -33.402712 -19.973190 -24.127412 -28.886559 -25.347024 -33.157531 -38.327649 -40.359619 -40.877487 -39.949710 -41.059270 -41.511084 -42.450842 -42.628765 -42.896568 -42.906442 -43.230132 
-1.027736 7.021826 4.266795 2.574117 -6.486456 -5.441469 -5.135402 -3.498589 0.196299 3.570099 3.984781 -0.773101 2.209924 -3.117465 -13.220364 -21.450678 -27.400729 -32.897527 -34.543203 -40.857144 -42.306352 -40.312189 -41.308960 -33.746292 -22.085101 -26.481657 -30.681524 -29.321551 -36.720455 -46.640106 -55.063786 -50.689704 -45.210548 -47.794063 -53.063636 -58.880641 -56.129426 -55.303224 -52.796469 -55.277761 
-0.057097 6.178348 2.266097 -0.468202 -7.908243 -6.638456 -9.359118 -5.563101 -0.790760 2.105810 -1.241463 -1.133783 -1.108722 -3.597560 -12.230687 -26.237397 -31.858935 -36.153257 -39.068513 -46.512548 -46.577524 -45.128072 -41.252596 -33.766387 -24.396367 -30.152195 -36.759823 -31.442808 -37.460802 -49.893263 -58.202973 -51.582136 -44.279822 -46.535315 -52.177961 -59.047356 -57.983770 -57.432541 -52.201409 -55.604624 
-3.355911 4.761612 -0.071640 -4.829356 -8.617276 -12.036553 -12.782100 -12.655872 -5.268804 -3.822574 -3.450870 -4.812131 -2.348292 -6.897408 -19.316276 -28.500391 -34.371629 -35.219798 -39.571051 -45.613925 -47.615170 -49.950355 -44.328220 -41.915338 -30.510687 -32.644068 -41.562587 -37.472666 -41.639392 -51.985637 -54.288246 -51.401061 -45.293684 -47.815446 -53.885157 -55.375785 -56.479546 -56.363994 -53.369483 -55.620004 
-3.882692 4.144454 -2.154162 -15.491330 -9.870362 -12.119612 -13.105586 -14.741493 -15.916266 -14.487648 -8.531404 -9.276470 -10.884746 -11.061313 -18.242458 -30.490315 -34.743643 -35.136859 -41.949330 -48.802654 -49.898724 -56.177481 -50.491598 -41.878468 -29.137105 -30.513150 -42.166680 -39.367304 -42.066007 -51.843549 -63.471453 -58.523507 -49.755460 -50.100592 -56.706745 -62.475952 -65.346304 -56.848577 -52.926763 -59.838392 
-6.895487 3.378916 -0.437556 -9.497372 -22.365171 -20.854988 -21.245122 -19.222087 -18.165525 -11.413948 -16.364089 -17.016747 -18.031070 -12.536215 -22.178531 -31.222338 -36.095962 -39.076522 -44.737969 -47.809533 -51.162113 -52.990167 -51.577656 -40.154079 -34.764689 -34.483606 -42.564503 -43.992033 -44.019160 -52.726628 -60.648827 -60.548284 -49.921690 -49.850759 -59.739719 -62.960928 -65.705251 -58.790169 -55.795252 -58.845488 
-7.792576 1.534979 -2.220450 -9.617129 -19.200099 -23.863939 -23.631223 -28.169975 -19.527456 -10.954474 -14.646495 -16.003294 -12.831505 -17.507657 -30.325113 -34.830355 -38.764578 -38.178474 -47.109668 -48.411787 -51.446279 -53.468987 -54.132803 -43.885155 -40.192580 -37.490681 -42.770342 -43.557023 -41.395758 -52.279274 -59.672971 -60.732050 -50.457464 -49.157074 -59.309141 -61.421542 -62.133669 -60.584901 -54.850566 -58.995583 
-10.702611 -1.546301 -5.004065 -10.986585 -19.188136 -30.266193 -30.917733 -28.327503 -12.828827 -7.595816 -10.829079 -13.586053 -15.158640 -22.513647 -26.782792 -39.360850 -38.471332 -33.788552 -43.842566 -51.409070 -53.269816 -54.723975 -48.635865 -42.280669 -34.782815 -34.462279 -44.747773 -45.742190 -43.953232 -50.232969 -58.103461 -59.621324 -52.823193 -48.876944 -55.965420 -57.691260 -58.632630 -58.660912 -55.557526 -59.755858 
-13.043873 -7.670186 -13.449123 -20.193901 -24.195486 -25.927770 -30.847242 -25.385964 -19.799947 -18.591778 -14.546045 -12.385011 -19.668531 -17.462909 -27.902987 -40.994985 -40.144653 -39.852470 -48.728047 -53.367230 -55.869735 -61.220518 -51.809720 -47.259730 -41.434728 -37.315779 -43.897402 -47.811848 -43.257547 -49.256591 -61.688550 -63.729711 -51.284348 -52.942149 -58.055166 -59.642458 -58.041927 -59.331122 -60.047531 -64.569766 
-23.417854 -22.658896 -23.317284 -24.982827 -29.558397 -27.936675 -25.533824 -20.458149 -22.821442 -14.930398 -16.730240 -16.446703 -20.830146 -23.663911 -32.697237 -39.473271 -40.017500 -39.501055 -46.500025 -50.255542 -51.039400 -56.351966 -57.354155 -52.581633 -45.390117 -40.307222 -50.095651 -48.674008 -46.416624 -56.173313 -61.746184 -63.841160 -53.254217 -50.889800 -57.707447 -60.936612 -58.659636 -60.067242 -62.061032 -62.813848 
-23.615076 -26.270603 -26.560320 -25.317878 -28.879739 -31.913254 -32.864262 -27.742369 -23.081014 -20.526790 -16.611709 -17.388914 -19.350835 -23.631352 -34.575605 -41.135497 -38.734946 -42.559839 -48.449342 -51.887847 -53.577889 -55.538034 -55.766211 -55.184610 -42.986174 -43.588871 -52.381980 -49.255306 -48.805730 -58.103808 -65.980205 -71.644140 -54.764607 -56.129158 -60.073743 -64.707844 -61.968465 -60.763269 -63.995236 -65.182400 
-20.012350 -22.751116 -29.048836 -24.627545 -23.667900 -30.701929 -31.518001 -30.806471 -32.638060 -28.107321 -26.024579 -22.473634 -22.541172 -29.605944 -35.542320 -44.539491 -41.910947 -43.833070 -53.624529 -52.914304 -51.604216 -55.645054 -56.799388 -57.028457 -45.967613 -41.677983 -50.865968 -50.464932 -51.946598 -57.372361 -61.944059 -64.301393 -57.656842 -57.573540 -59.773990 -61.361739 -59.006253 -62.278333 -65.245564 -64.788797 
-23.172954 -33.495707 -34.779811 -37.320295 -33.350765 -35.285659 -38.037117 -34.243590 -33.661822 -30.235494 -25.456726 -30.204582 -30.440577 -35.955409 -43.296249 -50.661031 -47.511692 -44.228420 -50.729211 -58.183039 -58.063972 -61.447007 -55.757180 -59.321143 -55.577853 -54.229817 -58.896436 -52.073885 -56.425138 -61.532749 -62.941685 -64.164087 -60.874823 -59.117406 -58.992290 -63.049621 -63.305622 -66.362906 -68.821869 -68.272912 
-22.091697 -26.523816 -37.503847 -36.156236 -31.644330 -34.046414 -37.330773 -46.494091 -42.780421 -34.858426 -32.587521 -32.261441 -29.629580 -35.829784 -42.139431 -51.955674 -51.103068 -48.996682 -54.216696 -54.282730 -56.949866 -62.553903 -59.720267 -58.511540 -54.059711 -59.478675 -63.365325 -59.728300 -63.175658 -60.762347 -60.215068 -62.785134 -61.320042 -60.482238 -62.207466 -63.936088 -65.667622 -66.492629 -66.999928 -67.565924 
-18.949657 -22.042345 -36.828775 -42.312303 -38.777068 -38.882804 -43.874196 -49.311192 -48.092105 -44.759111 -43.956131 -35.596997 -39.774357 -35.716197 -37.981658 -52.388618 -54.277914 -49.592874 -57.481470 -56.628847 -55.486480 -61.031203 -63.452016 -63.949435 -61.824043 -59.556541 -60.074299 -56.982820 -59.627285 -61.966843 -63.641434 -61.739748 -64.435300 -63.408946 -66.571303 -64.390936 -65.216892 -64.596729 -65.443280 -68.254877 
-15.777629 -20.169251 -30.963760 -30.271810 -32.497696 -37.291522 -45.746323 -46.052883 -39.907366 -43.509145 -42.485685 -37.356570 -41.767039 -42.775740 -47.415288 -56.358288 -59.633918 -54.708614 -59.554801 -59.134821 -61.583802 -64.699066 -70.219010 -63.012707 -60.898758 -60.192189 -62.533871 -61.950216 -63.669183 -66.510699 -67.755620 -67.461561 -64.832784 -63.116076 -65.763392 -63.151932 -64.470308 -65.801645 -65.148216 -67.377209 
-21.380486 -20.515767 -24.922747 -32.839993 -31.978275 -36.115261 -46.479761 -42.475578 -46.656757 -44.896856 -45.755797 -50.661748 -47.931782 -49.629553 -47.576702 -50.108758 -55.555736 -56.826572 -56.114890 -55.478553 -55.212684 -56.728876 -60.970765 -54.745278 -56.824574 -60.628174 -63.158948 -61.680496 -62.113806 -63.710425 -64.377108 -65.822326 -63.640210 -61.284395 -65.298728 -60.109111 -63.377393 -66.662002 -65.573221 -67.948717 
-41.863987 -44.677962 -45.207028 -49.322517 -52.303698 -52.445879 -52.129408 -54.837166 -59.925702 -58.118304 -54.671382 -60.936820 -59.387679 -60.972952 -59.975680 -58.484924 -65.049884 -65.182418 -66.601213 -65.999374 -65.510992 -65.740801 -65.543340 -65.672243 -68.609344 -65.841973 -68.290291 -70.035867 -69.046776 -72.453293 -71.437868 -71.225992 -67.819938 -67.504228 -69.312344 -67.270664 -68.311469 -68.591234 -70.093532 -72.991545 
-61.277365 -65.819837 -69.250664 -65.730872 -67.480501 -72.164133 -75.156996 -72.917619 -76.658966 -75.962383 -73.868193 -67.925481 -64.997023 -71.123785 -72.158001 -67.436213 -64.589177 -67.830569 -69.773617 -66.902650 -72.441506 -73.009482 -70.676631 -71.537201 -71.634124 -69.241108 -72.366732 -73.802288 -71.419950 -72.144849 -73.328636 -71.555686 -70.727484 -72.760397 -72.729736 -68.238648 -68.471319 -68.227444 -69.237190 -74.559168 
-56.189642 -67.114151 -69.761296 -69.031668 -72.386573 -67.844297 -70.910346 -76.605928 -78.492813 -72.620854 -67.260300 -69.658037 -73.737404 -74.239741 -74.311516 -70.740602 -71.203356 -71.409614 -74.710600 -69.850904 -71.322722 -74.236344 -73.769956 -71.556579 -74.533196 -73.808890 -76.094486 -72.625648 -72.415730 -72.039853 -74.136668 -76.787947 -71.599796 -72.792597 -72.135777 -73.072439 -72.566283 -74.166601 -74.494059 -74.142419 
-57.468595 -70.063205 -71.415944 -72.189192 -72.979830 -71.940230 -78.629436 -81.278392 -80.914612 -76.927356 -69.041360 -75.247688 -72.787219 -72.791239 -75.034769 -75.544273 -78.342279 -74.613141 -70.770016 -75.229884 -73.585546 -83.985679 -78.224326 -77.268990 -76.901801 -73.957226 -75.205144 -75.305056 -74.717187 -75.665090 -74.188672 -76.738094 -73.975186 -76.292906 -74.304574 -72.750122 -72.003395 -74.043610 -72.537774 -78.098340 
-57.765335 -77.867801 -76.157104 -72.675545 -78.358357 -73.592322 -78.477994 -73.121715 -79.109652 -81.773431 -77.562839 -76.218083 -78.704686 -72.378639 -75.790938 -74.365717 -70.268477 -73.983771 -74.949718 -80.274211 -78.871340 -73.142057 -75.666075 -72.801942 -72.178264 -73.785595 -73.901881 -74.748291 -73.955951 -73.094836 -73.303906 -76.824375 -76.258778 -73.844636 -73.412189 -74.229546 -73.749690 -74.759546 -75.336906 -76.923736 
-57.204774 -77.745958 -80.026794 -75.121410 -72.487702 -74.627419 -77.627928 -73.575592 -76.591885 -75.414131 -76.938385 -75.626197 -79.307239 -79.371902 -78.131059 -76.389661 -75.704251 -75.561998 -77.830282 -72.461161 -71.729487 -71.234762 -75.722707 -79.755213 -76.098292 -73.808247 -76.152942 -74.174513 -75.862507 -76.269934 -73.937121 -75.009241 -74.936671 -75.430105 -73.297168 -75.929194 -76.566376 -75.360701 -75.716483 -75.404378 
-57.206840 -75.610386 -80.484196 -74.205129 -73.009261 -74.622359 -77.432281 -69.246620 -70.800483 -75.996299 -73.611866 -77.228606 -80.062524 -78.641493 -77.012977 -77.915320 -77.274276 -74.750056 -80.297327 -75.498953 -75.708899 -75.381405 -75.911712 -76.230114 -77.919148 -72.716304 -75.884701 -74.454137 -76.258344 -75.010535 -72.330919 -74.863691 -75.886018 -74.775950 -74.524170 -74.598077 -78.190513 -79.320159 -75.518838 -77.898363 
-58.718359 -75.234432 -77.778894 -81.270743 -77.564920 -68.562573 -71.717995 -75.095660 -74.704719 -71.761345 -73.884396 -73.495024 -76.422437 -77.567981 -72.812187 -74.981459 -74.698389 -76.363362 -80.605034 -74.446226 -73.651712 -78.157171 -76.282711 -72.523292 -77.154788 -75.330400 -76.821183 -78.800116 -75.573391 -75.138418 -73.338626 -76.209295 -79.146722 -75.695131 -75.018051 -76.401168 -76.185523 -75.218646 -76.814659 -76.909428 
-55.048842 -65.839873 -73.694846 -75.929178 -75.404339 -75.500996 -74.723362 -74.105038 -73.800927 -80.981901 -70.131082 -69.658833 -72.078269 -76.060024 -73.270465 -72.936496 -75.476268 -74.593335 -74.283988 -74.301136 -74.911644 -72.534648 -75.852520 -75.259898 -75.179549 -72.346711 -72.384610 -77.070870 -72.831488 -76.012119 -77.143867 -72.344932 -76.112093 -75.257003 -75.038427 -74.517770 -74.481604 -74.961466 -75.793576 -79.050280 
-60.448328 -64.765235 -69.685121 -74.886766 -82.057648 -78.870744 -74.568256 -73.930830 -76.323851 -83.085264 -79.041683 -77.769205 -78.738814 -76.105145 -74.553506 -76.323339 -76.455392 -79.458543 -82.847619 -77.806689 -75.458983 -74.009609 -80.007662 -76.307057 -76.519920 -79.536069 -78.656966 -81.256622 -75.080325 -80.377754 -81.818001 -76.546247 -79.515110 -80.800556 -80.216973 -76.772177 -78.053812 -79.875898 -80.286705 -80.666202 
NaN NaN NaN NaN NaN NaN NaN NaN NaN NaN NaN NaN NaN NaN NaN NaN NaN NaN NaN NaN NaN NaN NaN NaN NaN NaN NaN NaN NaN NaN NaN NaN NaN NaN NaN NaN NaN NaN NaN NaN 
NaN NaN NaN NaN NaN NaN NaN NaN NaN NaN NaN NaN NaN NaN NaN NaN NaN NaN NaN NaN NaN NaN NaN NaN NaN NaN NaN NaN NaN NaN NaN NaN NaN NaN NaN NaN NaN NaN NaN NaN 
NaN NaN NaN NaN NaN NaN NaN NaN NaN NaN NaN NaN NaN NaN NaN NaN NaN NaN NaN NaN NaN NaN NaN NaN NaN NaN NaN NaN NaN NaN NaN NaN NaN NaN NaN NaN NaN NaN NaN NaN 
NaN NaN NaN NaN NaN NaN NaN NaN NaN NaN NaN NaN NaN NaN NaN NaN NaN NaN NaN NaN NaN NaN NaN NaN NaN NaN NaN NaN NaN NaN NaN NaN NaN NaN NaN NaN NaN NaN NaN NaN 
NaN NaN NaN NaN NaN NaN NaN NaN NaN NaN NaN NaN NaN NaN NaN NaN NaN NaN NaN NaN NaN NaN NaN NaN NaN NaN NaN NaN NaN NaN NaN NaN NaN NaN NaN NaN NaN NaN NaN NaN 
NaN NaN NaN NaN NaN NaN NaN NaN NaN NaN NaN NaN NaN NaN NaN NaN NaN NaN NaN NaN NaN NaN NaN NaN NaN NaN NaN NaN NaN NaN NaN NaN NaN NaN NaN NaN NaN NaN NaN NaN 
NaN NaN NaN NaN NaN NaN NaN NaN NaN NaN NaN NaN NaN NaN NaN NaN NaN NaN NaN NaN NaN NaN NaN NaN NaN NaN NaN NaN NaN NaN NaN NaN NaN NaN NaN NaN NaN NaN NaN NaN 
NaN NaN NaN NaN NaN NaN NaN NaN NaN NaN NaN NaN NaN NaN NaN NaN NaN NaN NaN NaN NaN NaN NaN NaN NaN NaN NaN NaN NaN NaN NaN NaN NaN NaN NaN NaN NaN NaN NaN NaN 
NaN NaN NaN NaN NaN NaN NaN NaN NaN NaN NaN NaN NaN NaN NaN NaN NaN NaN NaN NaN NaN NaN NaN NaN NaN NaN NaN NaN NaN NaN NaN NaN NaN NaN NaN NaN NaN NaN NaN NaN 
NaN NaN NaN NaN NaN NaN NaN NaN NaN NaN NaN NaN NaN NaN NaN NaN NaN NaN NaN NaN NaN NaN NaN NaN NaN NaN NaN NaN NaN NaN NaN NaN NaN NaN NaN NaN NaN NaN NaN NaN 
NaN NaN NaN NaN NaN NaN NaN NaN NaN NaN NaN NaN NaN NaN NaN NaN NaN NaN NaN NaN NaN NaN NaN NaN NaN NaN NaN NaN NaN NaN NaN NaN NaN NaN NaN NaN NaN NaN NaN NaN 
NaN NaN NaN NaN NaN NaN NaN NaN NaN NaN NaN NaN NaN NaN NaN NaN NaN NaN NaN NaN NaN NaN NaN NaN NaN NaN NaN NaN NaN NaN NaN NaN NaN NaN NaN NaN NaN NaN NaN NaN 
NaN NaN NaN NaN NaN NaN NaN NaN NaN NaN NaN NaN NaN NaN NaN NaN NaN NaN NaN NaN NaN NaN NaN NaN NaN NaN NaN NaN NaN NaN NaN NaN NaN NaN NaN NaN NaN NaN NaN NaN 
NaN NaN NaN NaN NaN NaN NaN NaN NaN NaN NaN NaN NaN NaN NaN NaN NaN NaN NaN NaN NaN NaN NaN NaN NaN NaN NaN NaN NaN NaN NaN NaN NaN NaN NaN NaN NaN NaN NaN NaN 
NaN NaN NaN NaN NaN NaN NaN NaN NaN NaN NaN NaN NaN NaN NaN NaN NaN NaN NaN NaN NaN NaN NaN NaN NaN NaN NaN NaN NaN NaN NaN NaN NaN NaN NaN NaN NaN NaN NaN NaN 
NaN NaN NaN NaN NaN NaN NaN NaN NaN NaN NaN NaN NaN NaN NaN NaN NaN NaN NaN NaN NaN NaN NaN NaN NaN NaN NaN NaN NaN NaN NaN NaN NaN NaN NaN NaN NaN NaN NaN NaN 
NaN NaN NaN NaN NaN NaN NaN NaN NaN NaN NaN NaN NaN NaN NaN NaN NaN NaN NaN NaN NaN NaN NaN NaN NaN NaN NaN NaN NaN NaN NaN NaN NaN NaN NaN NaN NaN NaN NaN NaN 
NaN NaN NaN NaN NaN NaN NaN NaN NaN NaN NaN NaN NaN NaN NaN NaN NaN NaN NaN NaN NaN NaN NaN NaN NaN NaN NaN NaN NaN NaN NaN NaN NaN NaN NaN NaN NaN NaN NaN NaN 
NaN NaN NaN NaN NaN NaN NaN NaN NaN NaN NaN NaN NaN NaN NaN NaN NaN NaN NaN NaN NaN NaN NaN NaN NaN NaN NaN NaN NaN NaN NaN NaN NaN NaN NaN NaN NaN NaN NaN NaN 
NaN NaN NaN NaN NaN NaN NaN NaN NaN NaN NaN NaN NaN NaN NaN NaN NaN NaN NaN NaN NaN NaN NaN NaN NaN NaN NaN NaN NaN NaN NaN NaN NaN NaN NaN NaN NaN NaN NaN NaN 
NaN NaN NaN NaN NaN NaN NaN NaN NaN NaN NaN NaN NaN NaN NaN NaN NaN NaN NaN NaN NaN NaN NaN NaN NaN NaN NaN NaN NaN NaN NaN NaN NaN NaN NaN NaN NaN NaN NaN NaN 
NaN NaN NaN NaN NaN NaN NaN NaN NaN NaN NaN NaN NaN NaN NaN NaN NaN NaN NaN NaN NaN NaN NaN NaN NaN NaN NaN NaN NaN NaN NaN NaN NaN NaN NaN NaN NaN NaN NaN NaN 
NaN NaN NaN NaN NaN NaN NaN NaN NaN NaN NaN NaN NaN NaN NaN NaN NaN NaN NaN NaN NaN NaN NaN NaN NaN NaN NaN NaN NaN NaN NaN NaN NaN NaN NaN NaN NaN NaN NaN NaN 
NaN NaN NaN NaN NaN NaN NaN NaN NaN NaN NaN NaN NaN NaN NaN NaN NaN NaN NaN NaN NaN NaN NaN NaN NaN NaN NaN NaN NaN NaN NaN NaN NaN NaN NaN NaN NaN NaN NaN NaN 
NaN NaN NaN NaN NaN NaN NaN NaN NaN NaN NaN NaN NaN NaN NaN NaN NaN NaN NaN NaN NaN NaN NaN NaN NaN NaN NaN NaN NaN NaN NaN NaN NaN NaN NaN NaN NaN NaN NaN NaN 
NaN NaN NaN NaN NaN NaN NaN NaN NaN NaN NaN NaN NaN NaN NaN NaN NaN NaN NaN NaN NaN NaN NaN NaN NaN NaN NaN NaN NaN NaN NaN NaN NaN NaN NaN NaN NaN NaN NaN NaN 
NaN NaN NaN NaN NaN NaN NaN NaN NaN NaN NaN NaN NaN NaN NaN NaN NaN NaN NaN NaN NaN NaN NaN NaN NaN NaN NaN NaN NaN NaN NaN NaN NaN NaN NaN NaN NaN NaN NaN NaN 
NaN NaN NaN NaN NaN NaN NaN NaN NaN NaN NaN NaN NaN NaN NaN NaN NaN NaN NaN NaN NaN NaN NaN NaN NaN NaN NaN NaN NaN NaN NaN NaN NaN NaN NaN NaN NaN NaN NaN NaN 
NaN NaN NaN NaN NaN NaN NaN NaN NaN NaN NaN NaN NaN NaN NaN NaN NaN NaN NaN NaN NaN NaN NaN NaN NaN NaN NaN NaN NaN NaN NaN NaN NaN NaN NaN NaN NaN NaN NaN NaN 
NaN NaN NaN NaN NaN NaN NaN NaN NaN NaN NaN NaN NaN NaN NaN NaN NaN NaN NaN NaN NaN NaN NaN NaN NaN NaN NaN NaN NaN NaN NaN NaN NaN NaN NaN NaN NaN NaN NaN NaN 
NaN NaN NaN NaN NaN NaN NaN NaN NaN NaN NaN NaN NaN NaN NaN NaN NaN NaN NaN NaN NaN NaN NaN NaN NaN NaN NaN NaN NaN NaN NaN NaN NaN NaN NaN NaN NaN NaN NaN NaN 
NaN NaN NaN NaN NaN NaN NaN NaN NaN NaN NaN NaN NaN NaN NaN NaN NaN NaN NaN NaN NaN NaN NaN NaN NaN NaN NaN NaN NaN NaN NaN NaN NaN NaN NaN NaN NaN NaN NaN NaN 
NaN NaN NaN NaN NaN NaN NaN NaN NaN NaN NaN NaN NaN NaN NaN NaN NaN NaN NaN NaN NaN NaN NaN NaN NaN NaN NaN NaN NaN NaN NaN NaN NaN NaN NaN NaN NaN NaN NaN NaN 
NaN NaN NaN NaN NaN NaN NaN NaN NaN NaN NaN NaN NaN NaN NaN NaN NaN NaN NaN NaN NaN NaN NaN NaN NaN NaN NaN NaN NaN NaN NaN NaN NaN NaN NaN NaN NaN NaN NaN NaN 
NaN NaN NaN NaN NaN NaN NaN NaN NaN NaN NaN NaN NaN NaN NaN NaN NaN NaN NaN NaN NaN NaN NaN NaN NaN NaN NaN NaN NaN NaN NaN NaN NaN NaN NaN NaN NaN NaN NaN NaN 
NaN NaN NaN NaN NaN NaN NaN NaN NaN NaN NaN NaN NaN NaN NaN NaN NaN NaN NaN NaN NaN NaN NaN NaN NaN NaN NaN NaN NaN NaN NaN NaN NaN NaN NaN NaN NaN NaN NaN NaN 
NaN NaN NaN NaN NaN NaN NaN NaN NaN NaN NaN NaN NaN NaN NaN NaN NaN NaN NaN NaN NaN NaN NaN NaN NaN NaN NaN NaN NaN NaN NaN NaN NaN NaN NaN NaN NaN NaN NaN NaN 
NaN NaN NaN NaN NaN NaN NaN NaN NaN NaN NaN NaN NaN NaN NaN NaN NaN NaN NaN NaN NaN NaN NaN NaN NaN NaN NaN NaN NaN NaN NaN NaN NaN NaN NaN NaN NaN NaN NaN NaN 
NaN NaN NaN NaN NaN NaN NaN NaN NaN NaN NaN NaN NaN NaN NaN NaN NaN NaN NaN NaN NaN NaN NaN NaN NaN NaN NaN NaN NaN NaN NaN NaN NaN NaN NaN NaN NaN NaN NaN NaN 
NaN NaN NaN NaN NaN NaN NaN NaN NaN NaN NaN NaN NaN NaN NaN NaN NaN NaN NaN NaN NaN NaN NaN NaN NaN NaN NaN NaN NaN NaN NaN NaN NaN NaN NaN NaN NaN NaN NaN NaN 
NaN NaN NaN NaN NaN NaN NaN NaN NaN NaN NaN NaN NaN NaN NaN NaN NaN NaN NaN NaN NaN NaN NaN NaN NaN NaN NaN NaN NaN NaN NaN NaN NaN NaN NaN NaN NaN NaN NaN NaN 
NaN NaN NaN NaN NaN NaN NaN NaN NaN NaN NaN NaN NaN NaN NaN NaN NaN NaN NaN NaN NaN NaN NaN NaN NaN NaN NaN NaN NaN NaN NaN NaN NaN NaN NaN NaN NaN NaN NaN NaN 
NaN NaN NaN NaN NaN NaN NaN NaN NaN NaN NaN NaN NaN NaN NaN NaN NaN NaN NaN NaN NaN NaN NaN NaN NaN NaN NaN NaN NaN NaN NaN NaN NaN NaN NaN NaN NaN NaN NaN NaN 
NaN NaN NaN NaN NaN NaN NaN NaN NaN NaN NaN NaN NaN NaN NaN NaN NaN NaN NaN NaN NaN NaN NaN NaN NaN NaN NaN NaN NaN NaN NaN NaN NaN NaN NaN NaN NaN NaN NaN NaN 
NaN NaN NaN NaN NaN NaN NaN NaN NaN NaN NaN NaN NaN NaN NaN NaN NaN NaN NaN NaN NaN NaN NaN NaN NaN NaN NaN NaN NaN NaN NaN NaN NaN NaN NaN NaN NaN NaN NaN NaN 
NaN NaN NaN NaN NaN NaN NaN NaN NaN NaN NaN NaN NaN NaN NaN NaN NaN NaN NaN NaN NaN NaN NaN NaN NaN NaN NaN NaN NaN NaN NaN NaN NaN NaN NaN NaN NaN NaN NaN NaN 
NaN NaN NaN NaN NaN NaN NaN NaN NaN NaN NaN NaN NaN NaN NaN NaN NaN NaN NaN NaN NaN NaN NaN NaN NaN NaN NaN NaN NaN NaN NaN NaN NaN NaN NaN NaN NaN NaN NaN NaN 
NaN NaN NaN NaN NaN NaN NaN NaN NaN NaN NaN NaN NaN NaN NaN NaN NaN NaN NaN NaN NaN NaN NaN NaN NaN NaN NaN NaN NaN NaN NaN NaN NaN NaN NaN NaN NaN NaN NaN NaN 
NaN NaN NaN NaN NaN NaN NaN NaN NaN NaN NaN NaN NaN NaN NaN NaN NaN NaN NaN NaN NaN NaN NaN NaN NaN NaN NaN NaN NaN NaN NaN NaN NaN NaN NaN NaN NaN NaN NaN NaN 
NaN NaN NaN NaN NaN NaN NaN NaN NaN NaN NaN NaN NaN NaN NaN NaN NaN NaN NaN NaN NaN NaN NaN NaN NaN NaN NaN NaN NaN NaN NaN NaN NaN NaN NaN NaN NaN NaN NaN NaN 
NaN NaN NaN NaN NaN NaN NaN NaN NaN NaN NaN NaN NaN NaN NaN NaN NaN NaN NaN NaN NaN NaN NaN NaN NaN NaN NaN NaN NaN NaN NaN NaN NaN NaN NaN NaN NaN NaN NaN NaN 
NaN NaN NaN NaN NaN NaN NaN NaN NaN NaN NaN NaN NaN NaN NaN NaN NaN NaN NaN NaN NaN NaN NaN NaN NaN NaN NaN NaN NaN NaN NaN NaN NaN NaN NaN NaN NaN NaN NaN NaN 
NaN NaN NaN NaN NaN NaN NaN NaN NaN NaN NaN NaN NaN NaN NaN NaN NaN NaN NaN NaN NaN NaN NaN NaN NaN NaN NaN NaN NaN NaN NaN NaN NaN NaN NaN NaN NaN NaN NaN NaN 
NaN NaN NaN NaN NaN NaN NaN NaN NaN NaN NaN NaN NaN NaN NaN NaN NaN NaN NaN NaN NaN NaN NaN NaN NaN NaN NaN NaN NaN NaN NaN NaN NaN NaN NaN NaN NaN NaN NaN NaN 
NaN NaN NaN NaN NaN NaN NaN NaN NaN NaN NaN NaN NaN NaN NaN NaN NaN NaN NaN NaN NaN NaN NaN NaN NaN NaN NaN NaN NaN NaN NaN NaN NaN NaN NaN NaN NaN NaN NaN NaN 
NaN NaN NaN NaN NaN NaN NaN NaN NaN NaN NaN NaN NaN NaN NaN NaN NaN NaN NaN NaN NaN NaN NaN NaN NaN NaN NaN NaN NaN NaN NaN NaN NaN NaN NaN NaN NaN NaN NaN NaN 
NaN NaN NaN NaN NaN NaN NaN NaN NaN NaN NaN NaN NaN NaN NaN NaN NaN NaN NaN NaN NaN NaN NaN NaN NaN NaN NaN NaN NaN NaN NaN NaN NaN NaN NaN NaN NaN NaN NaN NaN 
NaN NaN NaN NaN NaN NaN NaN NaN NaN NaN NaN NaN NaN NaN NaN NaN NaN NaN NaN NaN NaN NaN NaN NaN NaN NaN NaN NaN NaN NaN NaN NaN NaN NaN NaN NaN NaN NaN NaN NaN 
NaN NaN NaN NaN NaN NaN NaN NaN NaN NaN NaN NaN NaN NaN NaN NaN NaN NaN NaN NaN NaN NaN NaN NaN NaN NaN NaN NaN NaN NaN NaN NaN NaN NaN NaN NaN NaN NaN NaN NaN 
NaN NaN NaN NaN NaN NaN NaN NaN NaN NaN NaN NaN NaN NaN NaN NaN NaN NaN NaN NaN NaN NaN NaN NaN NaN NaN NaN NaN NaN NaN NaN NaN NaN NaN NaN NaN NaN NaN NaN NaN 
NaN NaN NaN NaN NaN NaN NaN NaN NaN NaN NaN NaN NaN NaN NaN NaN NaN NaN NaN NaN NaN NaN NaN NaN NaN NaN NaN NaN NaN NaN NaN NaN NaN NaN NaN NaN NaN NaN NaN NaN 
NaN NaN NaN NaN NaN NaN NaN NaN NaN NaN NaN NaN NaN NaN NaN NaN NaN NaN NaN NaN NaN NaN NaN NaN NaN NaN NaN NaN NaN NaN NaN NaN NaN NaN NaN NaN NaN NaN NaN NaN 
NaN NaN NaN NaN NaN NaN NaN NaN NaN NaN NaN NaN NaN NaN NaN NaN NaN NaN NaN NaN NaN NaN NaN NaN NaN NaN NaN NaN NaN NaN NaN NaN NaN NaN NaN NaN NaN NaN NaN NaN 
NaN NaN NaN NaN NaN NaN NaN NaN NaN NaN NaN NaN NaN NaN NaN NaN NaN NaN NaN NaN NaN NaN NaN NaN NaN NaN NaN NaN NaN NaN NaN NaN NaN NaN NaN NaN NaN NaN NaN NaN 
NaN NaN NaN NaN NaN NaN NaN NaN NaN NaN NaN NaN NaN NaN NaN NaN NaN NaN NaN NaN NaN NaN NaN NaN NaN NaN NaN NaN NaN NaN NaN NaN NaN NaN NaN NaN NaN NaN NaN NaN 
NaN NaN NaN NaN NaN NaN NaN NaN NaN NaN NaN NaN NaN NaN NaN NaN NaN NaN NaN NaN NaN NaN NaN NaN NaN NaN NaN NaN NaN NaN NaN NaN NaN NaN NaN NaN NaN NaN NaN NaN 
NaN NaN NaN NaN NaN NaN NaN NaN NaN NaN NaN NaN NaN NaN NaN NaN NaN NaN NaN NaN NaN NaN NaN NaN NaN NaN NaN NaN NaN NaN NaN NaN NaN NaN NaN NaN NaN NaN NaN NaN 
NaN NaN NaN NaN NaN NaN NaN NaN NaN NaN NaN NaN NaN NaN NaN NaN NaN NaN NaN NaN NaN NaN NaN NaN NaN NaN NaN NaN NaN NaN NaN NaN NaN NaN NaN NaN NaN NaN NaN NaN 
NaN NaN NaN NaN NaN NaN NaN NaN NaN NaN NaN NaN NaN NaN NaN NaN NaN NaN NaN NaN NaN NaN NaN NaN NaN NaN NaN NaN NaN NaN NaN NaN NaN NaN NaN NaN NaN NaN NaN NaN 
NaN NaN NaN NaN NaN NaN NaN NaN NaN NaN NaN NaN NaN NaN NaN NaN NaN NaN NaN NaN NaN NaN NaN NaN NaN NaN NaN NaN NaN NaN NaN NaN NaN NaN NaN NaN NaN NaN NaN NaN 
NaN NaN NaN NaN NaN NaN NaN NaN NaN NaN NaN NaN NaN NaN NaN NaN NaN NaN NaN NaN NaN NaN NaN NaN NaN NaN NaN NaN NaN NaN NaN NaN NaN NaN NaN NaN NaN NaN NaN NaN 
NaN NaN NaN NaN NaN NaN NaN NaN NaN NaN NaN NaN NaN NaN NaN NaN NaN NaN NaN NaN NaN NaN NaN NaN NaN NaN NaN NaN NaN NaN NaN NaN NaN NaN NaN NaN NaN NaN NaN NaN 
NaN NaN NaN NaN NaN NaN NaN NaN NaN NaN NaN NaN NaN NaN NaN NaN NaN NaN NaN NaN NaN NaN NaN NaN NaN NaN NaN NaN NaN NaN NaN NaN NaN NaN NaN NaN NaN NaN NaN NaN 
NaN NaN NaN NaN NaN NaN NaN NaN NaN NaN NaN NaN NaN NaN NaN NaN NaN NaN NaN NaN NaN NaN NaN NaN NaN NaN NaN NaN NaN NaN NaN NaN NaN NaN NaN NaN NaN NaN NaN NaN 
NaN NaN NaN NaN NaN NaN NaN NaN NaN NaN NaN NaN NaN NaN NaN NaN NaN NaN NaN NaN NaN NaN NaN NaN NaN NaN NaN NaN NaN NaN NaN NaN NaN NaN NaN NaN NaN NaN NaN NaN 
NaN NaN NaN NaN NaN NaN NaN NaN NaN NaN NaN NaN NaN NaN NaN NaN NaN NaN NaN NaN NaN NaN NaN NaN NaN NaN NaN NaN NaN NaN NaN NaN NaN NaN NaN NaN NaN NaN NaN NaN 
NaN NaN NaN NaN NaN NaN NaN NaN NaN NaN NaN NaN NaN NaN NaN NaN NaN NaN NaN NaN NaN NaN NaN NaN NaN NaN NaN NaN NaN NaN NaN NaN NaN NaN NaN NaN NaN NaN NaN NaN 
NaN NaN NaN NaN NaN NaN NaN NaN NaN NaN NaN NaN NaN NaN NaN NaN NaN NaN NaN NaN NaN NaN NaN NaN NaN NaN NaN NaN NaN NaN NaN NaN NaN NaN NaN NaN NaN NaN NaN NaN 
