NaN NaN NaN NaN NaN NaN NaN NaN NaN NaN NaN NaN NaN NaN NaN NaN NaN NaN NaN NaN NaN NaN NaN NaN NaN NaN NaN NaN NaN NaN NaN NaN NaN NaN NaN NaN NaN NaN NaN NaN 
NaN NaN NaN NaN NaN NaN NaN NaN NaN NaN NaN NaN NaN NaN NaN NaN NaN NaN NaN NaN NaN NaN NaN NaN NaN NaN NaN NaN NaN NaN NaN NaN NaN NaN NaN NaN NaN NaN NaN NaN 
NaN NaN NaN NaN NaN NaN NaN NaN NaN NaN NaN NaN NaN NaN NaN NaN NaN NaN NaN NaN NaN NaN NaN NaN NaN NaN NaN NaN NaN NaN NaN NaN NaN NaN NaN NaN NaN NaN NaN NaN 
NaN NaN NaN NaN NaN NaN NaN NaN NaN NaN NaN NaN NaN NaN NaN NaN NaN NaN NaN NaN NaN NaN NaN NaN NaN NaN NaN NaN NaN NaN NaN NaN NaN NaN NaN NaN NaN NaN NaN NaN 
NaN NaN NaN NaN NaN NaN NaN NaN NaN NaN NaN NaN NaN NaN NaN NaN NaN NaN NaN NaN NaN NaN NaN NaN NaN NaN NaN NaN NaN NaN NaN NaN NaN NaN NaN NaN NaN NaN NaN NaN 
NaN NaN NaN NaN NaN NaN NaN NaN NaN NaN NaN NaN NaN NaN NaN NaN NaN NaN NaN NaN NaN NaN NaN NaN NaN NaN NaN NaN NaN NaN NaN NaN NaN NaN NaN NaN NaN NaN NaN NaN 
NaN NaN NaN NaN NaN NaN NaN NaN NaN NaN NaN NaN NaN NaN NaN NaN NaN NaN NaN NaN NaN NaN NaN NaN NaN NaN NaN NaN NaN NaN NaN NaN NaN NaN NaN NaN NaN NaN NaN NaN 
NaN NaN NaN NaN NaN NaN NaN NaN NaN NaN NaN NaN NaN NaN NaN NaN NaN NaN NaN NaN NaN NaN NaN NaN NaN NaN NaN NaN NaN NaN NaN NaN NaN NaN NaN NaN NaN NaN NaN NaN 
NaN NaN NaN NaN NaN NaN NaN NaN NaN NaN NaN NaN NaN NaN NaN NaN NaN NaN NaN NaN NaN NaN NaN NaN NaN NaN NaN NaN NaN NaN NaN NaN NaN NaN NaN NaN NaN NaN NaN NaN 
NaN NaN NaN NaN NaN NaN NaN NaN NaN NaN NaN NaN NaN NaN NaN NaN NaN NaN NaN NaN NaN NaN NaN NaN NaN NaN NaN NaN NaN NaN NaN NaN NaN NaN NaN NaN NaN NaN NaN NaN 
NaN NaN NaN NaN NaN NaN NaN NaN NaN NaN NaN NaN NaN NaN NaN NaN NaN NaN NaN NaN NaN NaN NaN NaN NaN NaN NaN NaN NaN NaN NaN NaN NaN NaN NaN NaN NaN NaN NaN NaN 
NaN NaN NaN NaN NaN NaN NaN NaN NaN NaN NaN NaN NaN NaN NaN NaN NaN NaN NaN NaN NaN NaN NaN NaN NaN NaN NaN NaN NaN NaN NaN NaN NaN NaN NaN NaN NaN NaN NaN NaN 
NaN NaN NaN NaN NaN NaN NaN NaN NaN NaN NaN NaN NaN NaN NaN NaN NaN NaN NaN NaN NaN NaN NaN NaN NaN NaN NaN NaN NaN NaN NaN NaN NaN NaN NaN NaN NaN NaN NaN NaN 
NaN NaN NaN NaN NaN NaN NaN NaN NaN NaN NaN NaN NaN NaN NaN NaN NaN NaN NaN NaN NaN NaN NaN NaN NaN NaN NaN NaN NaN NaN NaN NaN NaN NaN NaN NaN NaN NaN NaN NaN 
NaN NaN NaN NaN NaN NaN NaN NaN NaN NaN NaN NaN NaN NaN NaN NaN NaN NaN NaN NaN NaN NaN NaN NaN NaN NaN NaN NaN NaN NaN NaN NaN NaN NaN NaN NaN NaN NaN NaN NaN 
NaN NaN NaN NaN NaN NaN NaN NaN NaN NaN NaN NaN NaN NaN NaN NaN NaN NaN NaN NaN NaN NaN NaN NaN NaN NaN NaN NaN NaN NaN NaN NaN NaN NaN NaN NaN NaN NaN NaN NaN 
NaN NaN NaN NaN NaN NaN NaN NaN NaN NaN NaN NaN NaN NaN NaN NaN NaN NaN NaN NaN NaN NaN NaN NaN NaN NaN NaN NaN NaN NaN NaN NaN NaN NaN NaN NaN NaN NaN NaN NaN 
NaN NaN NaN NaN NaN NaN NaN NaN NaN NaN NaN NaN NaN NaN NaN NaN NaN NaN NaN NaN NaN NaN NaN NaN NaN NaN NaN NaN NaN NaN NaN NaN NaN NaN NaN NaN NaN NaN NaN NaN 
NaN NaN NaN NaN NaN NaN NaN NaN NaN NaN NaN NaN NaN NaN NaN NaN NaN NaN NaN NaN NaN NaN NaN NaN NaN NaN NaN NaN NaN NaN NaN NaN NaN NaN NaN NaN NaN NaN NaN NaN 
NaN NaN NaN NaN NaN NaN NaN NaN NaN NaN NaN NaN NaN NaN NaN NaN NaN NaN NaN NaN NaN NaN NaN NaN NaN NaN NaN NaN NaN NaN NaN NaN NaN NaN NaN NaN NaN NaN NaN NaN 
NaN NaN NaN NaN NaN NaN NaN NaN NaN NaN NaN NaN NaN NaN NaN NaN NaN NaN NaN NaN NaN NaN NaN NaN NaN NaN NaN NaN NaN NaN NaN NaN NaN NaN NaN NaN NaN NaN NaN NaN 
NaN NaN NaN NaN NaN NaN NaN NaN NaN NaN NaN NaN NaN NaN NaN NaN NaN NaN NaN NaN NaN NaN NaN NaN NaN NaN NaN NaN NaN NaN NaN NaN NaN NaN NaN NaN NaN NaN NaN NaN 
NaN NaN NaN NaN NaN NaN NaN NaN NaN NaN NaN NaN NaN NaN NaN NaN NaN NaN NaN NaN NaN NaN NaN NaN NaN NaN NaN NaN NaN NaN NaN NaN NaN NaN NaN NaN NaN NaN NaN NaN 
NaN NaN NaN NaN NaN NaN NaN NaN NaN NaN NaN NaN NaN NaN NaN NaN NaN NaN NaN NaN NaN NaN NaN NaN NaN NaN NaN NaN NaN NaN NaN NaN NaN NaN NaN NaN NaN NaN NaN NaN 
NaN NaN NaN NaN NaN NaN NaN NaN NaN NaN NaN NaN NaN NaN NaN NaN NaN NaN NaN NaN NaN NaN NaN NaN NaN NaN NaN NaN NaN NaN NaN NaN NaN NaN NaN NaN NaN NaN NaN NaN 
NaN NaN NaN NaN NaN NaN NaN NaN NaN NaN NaN NaN NaN NaN NaN NaN NaN NaN NaN NaN NaN NaN NaN NaN NaN NaN NaN NaN NaN NaN NaN NaN NaN NaN NaN NaN NaN NaN NaN NaN 
NaN NaN NaN NaN NaN NaN NaN NaN NaN NaN NaN NaN NaN NaN NaN NaN NaN NaN NaN NaN NaN NaN NaN NaN NaN NaN NaN NaN NaN NaN NaN NaN NaN NaN NaN NaN NaN NaN NaN NaN 
NaN NaN NaN NaN NaN NaN NaN NaN NaN NaN NaN NaN NaN NaN NaN NaN NaN NaN NaN NaN NaN NaN NaN NaN NaN NaN NaN NaN NaN NaN NaN NaN NaN NaN NaN NaN NaN NaN NaN NaN 
NaN NaN NaN NaN NaN NaN NaN NaN NaN NaN NaN NaN NaN NaN NaN NaN NaN NaN NaN NaN NaN NaN NaN NaN NaN NaN NaN NaN NaN NaN NaN NaN NaN NaN NaN NaN NaN NaN NaN NaN 
NaN NaN NaN NaN NaN NaN NaN NaN NaN NaN NaN NaN NaN NaN NaN NaN NaN NaN NaN NaN NaN NaN NaN NaN NaN NaN NaN NaN NaN NaN NaN NaN NaN NaN NaN NaN NaN NaN NaN NaN 
NaN NaN NaN NaN NaN NaN NaN NaN NaN NaN NaN NaN NaN NaN NaN NaN NaN NaN NaN NaN NaN NaN NaN NaN NaN NaN NaN NaN NaN NaN NaN NaN NaN NaN NaN NaN NaN NaN NaN NaN 
NaN NaN NaN NaN NaN NaN NaN NaN NaN NaN NaN NaN NaN NaN NaN NaN NaN NaN NaN NaN NaN NaN NaN NaN NaN NaN NaN NaN NaN NaN NaN NaN NaN NaN NaN NaN NaN NaN NaN NaN 
NaN NaN NaN NaN NaN NaN NaN NaN NaN NaN NaN NaN NaN NaN NaN NaN NaN NaN NaN NaN NaN NaN NaN NaN NaN NaN NaN NaN NaN NaN NaN NaN NaN NaN NaN NaN NaN NaN NaN NaN 
NaN NaN NaN NaN NaN NaN NaN NaN NaN NaN NaN NaN NaN NaN NaN NaN NaN NaN NaN NaN NaN NaN NaN NaN NaN NaN NaN NaN NaN NaN NaN NaN NaN NaN NaN NaN NaN NaN NaN NaN 
NaN NaN NaN NaN NaN NaN NaN NaN NaN NaN NaN NaN NaN NaN NaN NaN NaN NaN NaN NaN NaN NaN NaN NaN NaN NaN NaN NaN NaN NaN NaN NaN NaN NaN NaN NaN NaN NaN NaN NaN 
NaN NaN NaN NaN NaN NaN NaN NaN NaN NaN NaN NaN NaN NaN NaN NaN NaN NaN NaN NaN NaN NaN NaN NaN NaN NaN NaN NaN NaN NaN NaN NaN NaN NaN NaN NaN NaN NaN NaN NaN 
NaN NaN NaN NaN NaN NaN NaN NaN NaN NaN NaN NaN NaN NaN NaN NaN NaN NaN NaN NaN NaN NaN NaN NaN NaN NaN NaN NaN NaN NaN NaN NaN NaN NaN NaN NaN NaN NaN NaN NaN 
NaN NaN NaN NaN NaN NaN NaN NaN NaN NaN NaN NaN NaN NaN NaN NaN NaN NaN NaN NaN NaN NaN NaN NaN NaN NaN NaN NaN NaN NaN NaN NaN NaN NaN NaN NaN NaN NaN NaN NaN 
NaN NaN NaN NaN NaN NaN NaN NaN NaN NaN NaN NaN NaN NaN NaN NaN NaN NaN NaN NaN NaN NaN NaN NaN NaN NaN NaN NaN NaN NaN NaN NaN NaN NaN NaN NaN NaN NaN NaN NaN 
NaN NaN NaN NaN NaN NaN NaN NaN NaN NaN NaN NaN NaN NaN NaN NaN NaN NaN NaN NaN NaN NaN NaN NaN NaN NaN NaN NaN NaN NaN NaN NaN NaN NaN NaN NaN NaN NaN NaN NaN 
NaN NaN NaN NaN NaN NaN NaN NaN NaN NaN NaN NaN NaN NaN NaN NaN NaN NaN NaN NaN NaN NaN NaN NaN NaN NaN NaN NaN NaN NaN NaN NaN NaN NaN NaN NaN NaN NaN NaN NaN 
NaN NaN NaN NaN NaN NaN NaN NaN NaN NaN NaN NaN NaN NaN NaN NaN NaN NaN NaN NaN NaN NaN NaN NaN NaN NaN NaN NaN NaN NaN NaN NaN NaN NaN NaN NaN NaN NaN NaN NaN 
NaN NaN NaN NaN NaN NaN NaN NaN NaN NaN NaN NaN NaN NaN NaN NaN NaN NaN NaN NaN NaN NaN NaN NaN NaN NaN NaN NaN NaN NaN NaN NaN NaN NaN NaN NaN NaN NaN NaN NaN 
NaN NaN NaN NaN NaN NaN NaN NaN NaN NaN NaN NaN NaN NaN NaN NaN NaN NaN NaN NaN NaN NaN NaN NaN NaN NaN NaN NaN NaN NaN NaN NaN NaN NaN NaN NaN NaN NaN NaN NaN 
NaN NaN NaN NaN NaN NaN NaN NaN NaN NaN NaN NaN NaN NaN NaN NaN NaN NaN NaN NaN NaN NaN NaN NaN NaN NaN NaN NaN NaN NaN NaN NaN NaN NaN NaN NaN NaN NaN NaN NaN 
NaN NaN NaN NaN NaN NaN NaN NaN NaN NaN NaN NaN NaN NaN NaN NaN NaN NaN NaN NaN NaN NaN NaN NaN NaN NaN NaN NaN NaN NaN NaN NaN NaN NaN NaN NaN NaN NaN NaN NaN 
NaN NaN NaN NaN NaN NaN NaN NaN NaN NaN NaN NaN NaN NaN NaN NaN NaN NaN NaN NaN NaN NaN NaN NaN NaN NaN NaN NaN NaN NaN NaN NaN NaN NaN NaN NaN NaN NaN NaN NaN 
NaN NaN NaN NaN NaN NaN NaN NaN NaN NaN NaN NaN NaN NaN NaN NaN NaN NaN NaN NaN NaN NaN NaN NaN NaN NaN NaN NaN NaN NaN NaN NaN NaN NaN NaN NaN NaN NaN NaN NaN 
NaN NaN NaN NaN NaN NaN NaN NaN NaN NaN NaN NaN NaN NaN NaN NaN NaN NaN NaN NaN NaN NaN NaN NaN NaN NaN NaN NaN NaN NaN NaN NaN NaN NaN NaN NaN NaN NaN NaN NaN 
NaN NaN NaN NaN NaN NaN NaN NaN NaN NaN NaN NaN NaN NaN NaN NaN NaN NaN NaN NaN NaN NaN NaN NaN NaN NaN NaN NaN NaN NaN NaN NaN NaN NaN NaN NaN NaN NaN NaN NaN 
NaN NaN NaN NaN NaN NaN NaN NaN NaN NaN NaN NaN NaN NaN NaN NaN NaN NaN NaN NaN NaN NaN NaN NaN NaN NaN NaN NaN NaN NaN NaN NaN NaN NaN NaN NaN NaN NaN NaN NaN 
NaN NaN NaN NaN NaN NaN NaN NaN NaN NaN NaN NaN NaN NaN NaN NaN NaN NaN NaN NaN NaN NaN NaN NaN NaN NaN NaN NaN NaN NaN NaN NaN NaN NaN NaN NaN NaN NaN NaN NaN 
NaN NaN NaN NaN NaN NaN NaN NaN NaN NaN NaN NaN NaN NaN NaN NaN NaN NaN NaN NaN NaN NaN NaN NaN NaN NaN NaN NaN NaN NaN NaN NaN NaN NaN NaN NaN NaN NaN NaN NaN 
NaN NaN NaN NaN NaN NaN NaN NaN NaN NaN NaN NaN NaN NaN NaN NaN NaN NaN NaN NaN NaN NaN NaN NaN NaN NaN NaN NaN NaN NaN NaN NaN NaN NaN NaN NaN NaN NaN NaN NaN 
NaN NaN NaN NaN NaN NaN NaN NaN NaN NaN NaN NaN NaN NaN NaN NaN NaN NaN NaN NaN NaN NaN NaN NaN NaN NaN NaN NaN NaN NaN NaN NaN NaN NaN NaN NaN NaN NaN NaN NaN 
NaN NaN NaN NaN NaN NaN NaN NaN NaN NaN NaN NaN NaN NaN NaN NaN NaN NaN NaN NaN NaN NaN NaN NaN NaN NaN NaN NaN NaN NaN NaN NaN NaN NaN NaN NaN NaN NaN NaN NaN 
NaN NaN NaN NaN NaN NaN NaN NaN NaN NaN NaN NaN NaN NaN NaN NaN NaN NaN NaN NaN NaN NaN NaN NaN NaN NaN NaN NaN NaN NaN NaN NaN NaN NaN NaN NaN NaN NaN NaN NaN 
NaN NaN NaN NaN NaN NaN NaN NaN NaN NaN NaN NaN NaN NaN NaN NaN NaN NaN NaN NaN NaN NaN NaN NaN NaN NaN NaN NaN NaN NaN NaN NaN NaN NaN NaN NaN NaN NaN NaN NaN 
NaN NaN NaN NaN NaN NaN NaN NaN NaN NaN NaN NaN NaN NaN NaN NaN NaN NaN NaN NaN NaN NaN NaN NaN NaN NaN NaN NaN NaN NaN NaN NaN NaN NaN NaN NaN NaN NaN NaN NaN 
NaN NaN NaN NaN NaN NaN NaN NaN NaN NaN NaN NaN NaN NaN NaN NaN NaN NaN NaN NaN NaN NaN NaN NaN NaN NaN NaN NaN NaN NaN NaN NaN NaN NaN NaN NaN NaN NaN NaN NaN 
NaN NaN NaN NaN NaN NaN NaN NaN NaN NaN NaN NaN NaN NaN NaN NaN NaN NaN NaN NaN NaN NaN NaN NaN NaN NaN NaN NaN NaN NaN NaN NaN NaN NaN NaN NaN NaN NaN NaN NaN 
NaN NaN NaN NaN NaN NaN NaN NaN NaN NaN NaN NaN NaN NaN NaN NaN NaN NaN NaN NaN NaN NaN NaN NaN NaN NaN NaN NaN NaN NaN NaN NaN NaN NaN NaN NaN NaN NaN NaN NaN 
NaN NaN NaN NaN NaN NaN NaN NaN NaN NaN NaN NaN NaN NaN NaN NaN NaN NaN NaN NaN NaN NaN NaN NaN NaN NaN NaN NaN NaN NaN NaN NaN NaN NaN NaN NaN NaN NaN NaN NaN 
NaN NaN NaN NaN NaN NaN NaN NaN NaN NaN NaN NaN NaN NaN NaN NaN NaN NaN NaN NaN NaN NaN NaN NaN NaN NaN NaN NaN NaN NaN NaN NaN NaN NaN NaN NaN NaN NaN NaN NaN 
NaN NaN NaN NaN NaN NaN NaN NaN NaN NaN NaN NaN NaN NaN NaN NaN NaN NaN NaN NaN NaN NaN NaN NaN NaN NaN NaN NaN NaN NaN NaN NaN NaN NaN NaN NaN NaN NaN NaN NaN 
NaN NaN NaN NaN NaN NaN NaN NaN NaN NaN NaN NaN NaN NaN NaN NaN NaN NaN NaN NaN NaN NaN NaN NaN NaN NaN NaN NaN NaN NaN NaN NaN NaN NaN NaN NaN NaN NaN NaN NaN 
NaN NaN NaN NaN NaN NaN NaN NaN NaN NaN NaN NaN NaN NaN NaN NaN NaN NaN NaN NaN NaN NaN NaN NaN NaN NaN NaN NaN NaN NaN NaN NaN NaN NaN NaN NaN NaN NaN NaN NaN 
NaN NaN NaN NaN NaN NaN NaN NaN NaN NaN NaN NaN NaN NaN NaN NaN NaN NaN NaN NaN NaN NaN NaN NaN NaN NaN NaN NaN NaN NaN NaN NaN NaN NaN NaN NaN NaN NaN NaN NaN 
NaN NaN NaN NaN NaN NaN NaN NaN NaN NaN NaN NaN NaN NaN NaN NaN NaN NaN NaN NaN NaN NaN NaN NaN NaN NaN NaN NaN NaN NaN NaN NaN NaN NaN NaN NaN NaN NaN NaN NaN 
NaN NaN NaN NaN NaN NaN NaN NaN NaN NaN NaN NaN NaN NaN NaN NaN NaN NaN NaN NaN NaN NaN NaN NaN NaN NaN NaN NaN NaN NaN NaN NaN NaN NaN NaN NaN NaN NaN NaN NaN 
NaN NaN NaN NaN NaN NaN NaN NaN NaN NaN NaN NaN NaN NaN NaN NaN NaN NaN NaN NaN NaN NaN NaN NaN NaN NaN NaN NaN NaN NaN NaN NaN NaN NaN NaN NaN NaN NaN NaN NaN 
NaN NaN NaN NaN NaN NaN NaN NaN NaN NaN NaN NaN NaN NaN NaN NaN NaN NaN NaN NaN NaN NaN NaN NaN NaN NaN NaN NaN NaN NaN NaN NaN NaN NaN NaN NaN NaN NaN NaN NaN 
NaN NaN NaN NaN NaN NaN NaN NaN NaN NaN NaN NaN NaN NaN NaN NaN NaN NaN NaN NaN NaN NaN NaN NaN NaN NaN NaN NaN NaN NaN NaN NaN NaN NaN NaN NaN NaN NaN NaN NaN 
NaN NaN NaN NaN NaN NaN NaN NaN NaN NaN NaN NaN NaN NaN NaN NaN NaN NaN NaN NaN NaN NaN NaN NaN NaN NaN NaN NaN NaN NaN NaN NaN NaN NaN NaN NaN NaN NaN NaN NaN 
NaN NaN NaN NaN NaN NaN NaN NaN NaN NaN NaN NaN NaN NaN NaN NaN NaN NaN NaN NaN NaN NaN NaN NaN NaN NaN NaN NaN NaN NaN NaN NaN NaN NaN NaN NaN NaN NaN NaN NaN 
NaN NaN NaN NaN NaN NaN NaN NaN NaN NaN NaN NaN NaN NaN NaN NaN NaN NaN NaN NaN NaN NaN NaN NaN NaN NaN NaN NaN NaN NaN NaN NaN NaN NaN NaN NaN NaN NaN NaN NaN 
NaN NaN NaN NaN NaN NaN NaN NaN NaN NaN NaN NaN NaN NaN NaN NaN NaN NaN NaN NaN NaN NaN NaN NaN NaN NaN NaN NaN NaN NaN NaN NaN NaN NaN NaN NaN NaN NaN NaN NaN 
NaN NaN NaN NaN NaN NaN NaN NaN NaN NaN NaN NaN NaN NaN NaN NaN NaN NaN NaN NaN NaN NaN NaN NaN NaN NaN NaN NaN NaN NaN NaN NaN NaN NaN NaN NaN NaN NaN NaN NaN 
NaN NaN NaN NaN NaN NaN NaN NaN NaN NaN NaN NaN NaN NaN NaN NaN NaN NaN NaN NaN NaN NaN NaN NaN NaN NaN NaN NaN NaN NaN NaN NaN NaN NaN NaN NaN NaN NaN NaN NaN 
NaN NaN NaN NaN NaN NaN NaN NaN NaN NaN NaN NaN NaN NaN NaN NaN NaN NaN NaN NaN NaN NaN NaN NaN NaN NaN NaN NaN NaN NaN NaN NaN NaN NaN NaN NaN NaN NaN NaN NaN 
NaN NaN NaN NaN NaN NaN NaN NaN NaN NaN NaN NaN NaN NaN NaN NaN NaN NaN NaN NaN NaN NaN NaN NaN NaN NaN NaN NaN NaN NaN NaN NaN NaN NaN NaN NaN NaN NaN NaN NaN 
NaN NaN NaN NaN NaN NaN NaN NaN NaN NaN NaN NaN NaN NaN NaN NaN NaN NaN NaN NaN NaN NaN NaN NaN NaN NaN NaN NaN NaN NaN NaN NaN NaN NaN NaN NaN NaN NaN NaN NaN 
NaN NaN NaN NaN NaN NaN NaN NaN NaN NaN NaN NaN NaN NaN NaN NaN NaN NaN NaN NaN NaN NaN NaN NaN NaN NaN NaN NaN NaN NaN NaN NaN NaN NaN NaN NaN NaN NaN NaN NaN 
NaN NaN NaN NaN NaN NaN NaN NaN NaN NaN NaN NaN NaN NaN NaN NaN NaN NaN NaN NaN NaN NaN NaN NaN NaN NaN NaN NaN NaN NaN NaN NaN NaN NaN NaN NaN NaN NaN NaN NaN 
NaN NaN NaN NaN NaN NaN NaN NaN NaN NaN NaN NaN NaN NaN NaN NaN NaN NaN NaN NaN NaN NaN NaN NaN NaN NaN NaN NaN NaN NaN NaN NaN NaN NaN NaN NaN NaN NaN NaN NaN 
NaN NaN NaN NaN NaN NaN NaN NaN NaN NaN NaN NaN NaN NaN NaN NaN NaN NaN NaN NaN NaN NaN NaN NaN NaN NaN NaN NaN NaN NaN NaN NaN NaN NaN NaN NaN NaN NaN NaN NaN 
NaN NaN NaN NaN NaN NaN NaN NaN NaN NaN NaN NaN NaN NaN NaN NaN NaN NaN NaN NaN NaN NaN NaN NaN NaN NaN NaN NaN NaN NaN NaN NaN NaN NaN NaN NaN NaN NaN NaN NaN 
NaN NaN NaN NaN NaN NaN NaN NaN NaN NaN NaN NaN NaN NaN NaN NaN NaN NaN NaN NaN NaN NaN NaN NaN NaN NaN NaN NaN NaN NaN NaN NaN NaN NaN NaN NaN NaN NaN NaN NaN 
NaN NaN NaN NaN NaN NaN NaN NaN NaN NaN NaN NaN NaN NaN NaN NaN NaN NaN NaN NaN NaN NaN NaN NaN NaN NaN NaN NaN NaN NaN NaN NaN NaN NaN NaN NaN NaN NaN NaN NaN 
-100.158850 -100.222025 -100.327166 -100.504505 -100.745045 -101.082085 -101.493783 -102.021143 -102.717659 -103.535354 -104.498292 -105.613348 -106.752991 -107.781130 -108.457058 -108.618079 -108.369004 -107.957552 -107.575607 -107.272742 -106.975645 -106.598830 -106.205957 -106.055250 -106.575814 -108.384821 -112.476115 -116.451714 -111.979967 -108.975796 -110.046912 -117.235550 -113.630301 -107.779324 -108.994378 -116.665136 -109.350250 -107.764224 -112.021072 -110.526695 
-65.532496 -70.434846 -75.021519 -76.479283 -79.213899 -85.949727 -82.735409 -87.851794 -82.216753 -78.320516 -77.670346 -87.628821 -90.041239 -78.388431 -76.741660 -80.397077 -76.665165 -74.859503 -81.870369 -83.232621 -76.913220 -76.606581 -78.740575 -76.641470 -83.810354 -82.672860 -80.900240 -79.394301 -81.985651 -85.308160 -82.260451 -79.789406 -82.093242 -83.453378 -79.572752 -87.402666 -81.092823 -82.617071 -80.855627 -84.895943 
-64.027114 -77.070500 -81.258508 -74.315185 -73.045426 -78.227238 -78.555841 -77.206386 -81.380534 -79.672867 -72.491499 -76.109512 -80.924228 -74.701569 -73.910073 -74.171792 -72.110032 -73.469149 -73.790745 -76.569329 -78.748360 -74.746114 -78.177165 -77.199299 -78.181490 -78.512924 -77.374415 -75.610408 -77.124665 -77.309845 -76.534047 -73.814088 -74.891540 -77.366701 -76.827175 -77.970097 -75.867369 -78.096792 -75.820931 -77.539548 
-64.036037 -74.514368 -81.548882 -78.229290 -80.307824 -80.212489 -76.923914 -77.395188 -72.021449 -75.420261 -77.123894 -74.842624 -75.442010 -77.102790 -75.207815 -76.617507 -76.294689 -80.316307 -74.878597 -77.141787 -75.265702 -77.126521 -80.665436 -77.916639 -77.941520 -78.192509 -77.309627 -78.191356 -76.508341 -76.129467 -76.830695 -75.404596 -74.984782 -75.369090 -77.155012 -78.714065 -76.755402 -78.577967 -74.077853 -78.309103 
-47.094891 -46.160234 -47.436201 -49.610439 -53.531405 -58.178605 -60.107992 -55.777770 -56.840893 -58.865413 -62.044637 -61.690653 -61.464425 -63.939909 -67.088678 -64.496145 -66.167550 -69.498946 -66.758074 -71.646028 -69.263110 -66.461064 -70.155835 -70.650933 -71.596435 -74.313290 -72.383463 -73.075836 -70.907734 -72.504283 -73.254856 -73.405334 -72.410503 -72.878863 -75.152740 -74.574516 -73.831200 -74.020301 -73.098424 -76.035463 
-23.615948 -28.022249 -33.078500 -36.978018 -39.489105 -40.991314 -42.643637 -44.079810 -44.772049 -44.880670 -46.189440 -47.492831 -49.173514 -49.709920 -51.210060 -52.202935 -52.862177 -54.416710 -54.836433 -56.310784 -56.888191 -55.800387 -57.635791 -58.591801 -58.549186 -60.621532 -63.083556 -62.459065 -61.508836 -63.422319 -62.765762 -65.309232 -64.856203 -64.168976 -65.776946 -66.327088 -67.227863 -66.754315 -67.069444 -68.475388 
-30.490062 -36.396047 -43.123492 -52.854742 -53.413959 -56.838062 -57.945296 -63.772343 -60.549017 -56.077325 -60.209378 -61.646383 -66.037465 -64.156267 -62.544794 -62.633229 -66.340815 -65.954593 -69.134498 -71.338573 -67.179585 -65.102112 -67.854120 -71.125939 -68.642615 -68.324505 -67.482673 -70.355033 -69.861650 -70.076924 -68.410200 -68.265932 -68.359359 -68.389943 -70.077170 -69.061985 -71.277087 -70.924492 -71.717868 -72.391245 
-33.320324 -46.621331 -48.940672 -49.542073 -51.042831 -57.279188 -60.388703 -64.072763 -60.949473 -59.907830 -62.258264 -61.160992 -65.806949 -69.390843 -62.530537 -67.779401 -70.910531 -69.743731 -70.154926 -66.901141 -68.783390 -68.525932 -68.663108 -68.479145 -67.230938 -69.464332 -73.930972 -68.936319 -69.577263 -66.992845 -67.618883 -68.573226 -67.557199 -68.800501 -71.311781 -70.590405 -68.253758 -69.256021 -68.544916 -73.309317 
-33.633233 -43.885536 -46.920088 -54.669082 -55.497893 -56.357120 -57.059581 -55.988668 -61.139183 -68.919993 -71.092208 -67.293599 -66.584462 -69.521229 -65.285136 -68.146987 -70.028338 -71.776969 -66.357418 -66.033830 -67.602151 -64.675353 -63.256128 -70.611075 -71.190173 -68.761994 -74.102149 -69.373706 -68.818077 -69.305740 -71.037158 -72.468778 -71.388230 -68.142560 -68.744190 -73.955027 -68.733325 -69.169523 -70.031953 -72.698968 
-30.948124 -41.987619 -41.430154 -53.763743 -56.200022 -58.575988 -57.732778 -59.224931 -63.116819 -60.623885 -61.999793 -61.460368 -67.753885 -65.855516 -67.212405 -73.616554 -71.308622 -71.824853 -73.072527 -73.910455 -71.610062 -69.602042 -65.079858 -72.294641 -74.199542 -74.904993 -73.810347 -78.933902 -75.752787 -73.060953 -75.084006 -75.252109 -76.419977 -75.459240 -77.108770 -73.366061 -72.213250 -69.469345 -71.102591 -72.947859 
-21.569583 -30.345632 -42.821782 -49.836266 -55.554795 -55.726110 -53.313011 -60.541416 -65.981130 -63.895497 -65.123960 -61.947277 -62.423555 -65.379253 -60.678182 -62.103043 -62.511494 -60.697915 -65.458053 -60.365147 -61.046881 -60.123083 -63.503680 -62.105419 -66.500975 -65.946014 -63.452197 -67.369945 -66.749350 -66.733020 -68.658178 -66.963124 -68.082780 -67.053605 -65.410970 -66.412081 -67.330536 -65.905523 -70.152195 -70.094794 
-6.344491 -8.650781 -11.761459 -11.253345 -16.502594 -20.525948 -24.583438 -23.005568 -28.257761 -25.762326 -32.680957 -30.234975 -33.721976 -33.746769 -32.114103 -34.384042 -34.592404 -36.422934 -35.749725 -36.091659 -37.797390 -37.337576 -40.426157 -37.039065 -38.949671 -38.798729 -41.067225 -43.875599 -40.056735 -44.498777 -46.265214 -43.754197 -45.279878 -44.567755 -43.005073 -48.556858 -47.222032 -43.273954 -49.131729 -51.143811 
-0.696519 0.281068 4.852181 7.854687 3.485411 -0.560449 6.472974 4.079858 -5.431489 -4.704987 -11.177592 -13.991732 -15.470886 -17.787337 -16.781537 -18.096974 -18.076896 -14.044903 -12.914798 -14.801740 -17.610554 -23.743459 -21.477223 -17.778592 -21.298490 -25.358741 -26.278717 -27.441707 -27.663803 -31.640697 -39.629231 -37.181012 -45.229973 -45.647185 -41.678195 -48.755111 -48.482654 -42.646788 -51.279558 -50.621882 
-10.963704 -4.811776 10.238401 12.001348 0.301835 12.207286 14.017025 10.583697 14.084199 3.023579 -3.778731 -8.752850 -5.531826 -10.926283 -7.349349 -10.256169 -9.293795 -3.894598 2.238378 0.886204 -3.992386 -9.701501 -7.579058 -2.241136 -6.870507 -11.675421 -15.330103 -11.236199 -12.549744 -21.550400 -29.854693 -30.359842 -35.889895 -46.661236 -48.072626 -48.280853 -48.130774 -38.968633 -45.479885 -43.564129 
-16.639548 -8.614104 10.208079 12.521864 -2.950235 12.098915 15.320712 2.975642 16.567077 7.843883 -2.759713 -6.228399 -3.815744 -6.045365 -3.492414 -7.626393 -6.115107 -3.336563 3.396878 5.684438 7.490483 -1.685687 -0.181452 2.405824 1.540861 -6.215104 -6.488135 -2.452061 -2.005666 -10.516278 -19.828512 -22.100499 -25.687321 -41.494202 -43.667678 -43.752873 -43.611116 -36.230119 -40.652834 -39.500320 
-20.682519 -10.038363 9.680052 13.776262 1.197752 10.937270 17.036846 3.618106 16.441963 12.238047 -3.444412 -1.672663 -5.363805 -3.439685 -4.209332 -8.275285 -3.722151 -4.344907 -0.123143 5.557773 11.370325 4.518836 2.735653 6.052160 5.207809 -0.884307 -1.999063 2.061751 4.234680 -5.131289 -12.821329 -14.310128 -22.028703 -42.649028 -46.772283 -50.405778 -49.177290 -36.205598 -43.396294 -39.497991 
-17.965768 -13.363113 7.861884 14.082971 1.163901 8.491769 18.595505 8.519534 13.499025 14.620021 -4.857213 0.975335 -8.011900 -1.300852 -9.473040 -5.984104 -4.282391 -6.940369 -3.973735 3.383730 10.709192 7.025376 3.079518 7.501868 7.136629 1.814893 0.486619 4.782035 6.477331 -0.704819 -7.843826 -12.748016 -24.367484 -36.584317 -38.368074 -41.109428 -40.720916 -34.125334 -38.964499 -37.485820 
-22.522769 -18.407283 6.037992 14.360879 4.333904 5.842820 19.247693 11.598450 7.518801 14.805887 -2.957208 2.564395 -6.869125 -1.120119 -8.180535 -5.251663 -7.607927 -7.057896 -5.160643 0.125259 7.321010 10.923256 4.470579 6.233851 6.992670 0.706308 -1.197012 2.875815 7.508452 0.848077 -6.378744 -10.359023 -22.382744 -31.237258 -33.185124 -34.917692 -34.152590 -30.761036 -33.523030 -33.159550 
-24.514620 -22.755718 3.466833 13.940873 6.232079 1.859411 19.521190 16.201151 0.950027 13.241650 0.075730 -0.000132 -3.021033 -5.058214 -6.434633 -6.275246 -9.773249 -7.734326 -8.538956 -3.515365 3.005761 11.821785 4.579610 5.352195 6.830667 1.741380 0.787890 3.350842 6.809686 2.328797 -3.972454 -9.830724 -22.885515 -36.359354 -39.267355 -57.576289 -45.591934 -32.173298 -38.980008 -34.732696 
-32.346103 -24.391877 0.281686 13.494660 8.114503 -1.799009 19.177850 19.816730 -3.116767 8.020014 1.193008 -4.487974 -0.265536 -9.560650 -3.607304 -10.160506 -7.840066 -7.495728 -9.334232 -4.004224 0.833561 9.661092 8.917316 6.301774 7.291421 1.748585 1.164784 1.910886 5.965739 3.013921 -1.370585 -10.291674 -28.927868 -33.649767 -36.119299 -37.894966 -35.443051 -31.336685 -36.510142 -34.140383 
-20.716007 -18.325732 -1.390436 13.195351 9.461853 -5.217801 18.875946 22.144923 -0.954932 0.960851 0.650586 -8.799480 -0.729341 -13.865485 -3.904601 -10.631115 -6.235493 -11.049752 -9.514769 -5.266184 -2.195276 5.680957 10.464167 6.301379 9.137957 2.172162 -1.207378 0.444270 3.370366 1.621956 -4.374028 -13.303507 -41.020012 -39.530464 -40.354693 -45.223473 -37.228711 -29.796618 -39.178784 -34.422619 
-22.823559 -19.049263 -4.816216 12.909799 11.545841 -5.063655 18.406997 23.130311 1.298995 -6.512371 -0.082749 -13.823937 -6.246010 -13.870713 -5.788779 -12.389217 -10.296137 -15.263709 -10.029362 -6.891454 -0.176445 4.110803 10.647669 8.580203 7.412300 1.367093 -2.742810 -2.135380 0.387299 0.706087 -3.616671 -16.390077 -41.879020 -39.849455 -39.779453 -40.628666 -37.155775 -31.584015 -37.768617 -37.459092 
-32.590699 -23.858011 -4.915944 13.397476 12.825629 -4.794075 15.432214 22.944158 6.589059 -12.706447 -0.767731 -15.526498 -8.067771 -13.203688 -10.080915 -12.246146 -14.532590 -17.024636 -11.934319 -6.450226 -3.899203 4.446621 9.193607 8.444436 8.117605 3.679398 -3.170615 -3.587621 -2.294097 -1.609724 -6.113378 -16.494046 -46.452681 -47.728253 -38.725371 -38.504738 -32.883456 -30.154630 -39.039825 -38.754054 
-23.402320 -22.684847 -11.598662 12.938976 13.718358 -3.787740 7.654919 20.073810 6.685162 -17.219305 -1.465074 -14.519465 -12.368138 -12.392879 -14.650947 -12.490456 -18.224873 -17.346783 -12.886765 -14.551224 -9.339907 -2.263843 6.119748 7.307057 6.158197 -1.673777 -6.279263 -7.011975 -5.381882 -2.017687 -6.540227 -19.357027 -41.180635 -42.199418 -35.670949 -36.177204 -33.031216 -30.578639 -39.848485 -40.583781 
-25.805755 -19.962108 -10.468874 13.269100 14.195167 -5.345461 4.961453 18.637908 7.450030 -17.305999 -3.355626 -16.880481 -13.143753 -12.773177 -16.810189 -12.669127 -19.734574 -18.537740 -15.896821 -15.779488 -10.729111 -1.684403 5.381333 6.603397 4.686251 -2.420648 -12.046625 -9.598062 -11.617003 -7.670307 -8.787584 -20.878784 -44.296873 -49.530693 -38.192376 -36.782560 -35.869896 -35.317464 -43.342316 -45.764765 
-15.131873 -22.466684 -13.393740 13.746645 14.695973 -3.695840 1.481985 16.568882 6.093809 -16.314259 -4.154183 -15.972749 -12.980770 -13.919430 -15.349142 -12.057753 -18.987612 -18.017035 -14.119829 -13.356118 -8.688568 1.328572 2.825741 2.489504 1.722209 -2.013812 -14.189164 -14.276152 -17.764669 -11.938862 -10.965272 -23.097443 -31.980091 -34.872795 -33.611588 -34.432173 -31.127122 -30.819284 -37.745895 -37.714579 
-22.208114 -25.427639 -6.312409 14.607590 14.458721 -5.455409 0.623790 14.799580 4.596034 -17.730164 -6.284430 -18.469600 -13.583335 -14.435669 -13.894913 -13.459810 -16.609291 -18.653756 -14.640176 -11.999364 -7.860997 0.821550 -5.443570 -4.284818 -3.481122 -3.713512 -16.345053 -20.377358 -20.566716 -13.850111 -10.151640 -20.961729 -29.125836 -30.176574 -30.553780 -31.632976 -29.873815 -29.809899 -36.233537 -32.847795 
-18.222934 -25.085002 -2.901577 14.730033 12.235901 -10.320064 3.151680 12.499545 -0.387008 -15.488193 -11.883606 -22.677928 -12.664665 -19.200165 -14.521895 -19.483776 -19.625378 -20.263799 -19.855416 -14.075590 -8.542829 -3.740770 -13.235510 -13.657258 -9.997761 -9.319397 -22.580496 -24.146288 -26.567780 -22.902223 -16.052291 -22.071915 -26.295233 -25.927481 -29.019657 -28.914632 -26.286744 -28.281823 -34.812091 -29.588391 
-23.989695 -15.272986 4.749276 14.529530 8.001716 -8.636792 3.655263 5.324993 -12.370072 -23.092626 -20.264173 -23.187013 -19.150304 -24.609596 -20.977163 -26.842520 -29.582349 -30.676378 -23.616436 -20.022711 -12.236598 -12.867847 -21.970141 -20.032828 -14.946656 -17.664331 -26.170643 -27.106008 -31.244718 -25.704457 -15.710425 -20.153387 -17.777674 -19.652226 -17.898013 -17.775435 -20.049436 -22.089876 -29.618830 -25.818479 
-19.181506 -19.171695 2.637093 9.463706 1.417698 -10.146295 -6.625788 -12.638467 -18.742220 -28.020854 -23.690151 -26.605636 -27.239032 -25.126897 -28.373405 -32.086829 -33.569685 -33.680555 -32.338388 -23.899126 -15.800303 -17.490324 -26.728939 -30.252041 -21.602263 -20.016441 -30.836251 -34.235274 -37.357142 -33.376666 -20.251156 -19.244580 -13.650987 -15.015942 -10.757207 -15.136152 -13.553277 -15.719635 -25.286985 -20.078271 
-19.191972 -17.014244 -4.787325 -2.187098 -12.304851 -25.704267 -19.360998 -11.790919 -17.743149 -29.637377 -26.776470 -25.565259 -30.436126 -28.123777 -26.549711 -34.063201 -41.719925 -38.361228 -40.417031 -31.032277 -18.551711 -23.065020 -35.190690 -37.594279 -28.756496 -21.629736 -29.954556 -35.599633 -31.361722 -34.959081 -25.709664 -22.909353 -17.946614 -14.376746 -12.070533 -15.535185 -16.766914 -15.014358 -20.554730 -16.830581 
-15.505316 -26.436403 -30.444996 -21.263553 -19.906678 -28.316685 -26.955420 -16.878732 -21.836495 -33.539953 -24.421483 -28.852087 -32.056235 -34.941213 -37.014101 -31.899290 -33.029660 -35.942590 -42.740298 -26.386673 -24.797885 -31.394904 -28.418318 -32.579922 -27.578184 -26.946777 -30.197080 -27.672005 -25.288879 -26.058254 -18.803588 -24.225640 -21.688469 -17.206191 -12.683840 -14.713614 -16.123192 -17.281273 -18.977080 -14.407961 
-26.103979 -27.721561 -27.209424 -31.364320 -28.643045 -30.386753 -30.722039 -22.220861 -30.284348 -36.896972 -30.931973 -35.429994 -34.330810 -32.970590 -35.677095 -32.043057 -32.427333 -37.468513 -42.711354 -32.606890 -30.947938 -28.930233 -28.939733 -24.595585 -28.505468 -30.409090 -31.422131 -28.413544 -24.888689 -23.502801 -19.762733 -28.384895 -27.080965 -17.061184 -12.510823 -16.091415 -16.610251 -19.244153 -19.153612 -14.475006 
-30.661527 -32.038976 -27.807349 -25.684713 -32.535651 -43.701777 -33.999207 -27.410742 -33.179691 -36.558655 -37.063950 -34.111241 -33.713418 -33.390822 -31.045277 -27.924086 -31.118443 -37.542720 -35.589449 -25.659249 -27.952605 -28.207641 -31.474412 -34.392625 -30.841384 -27.403049 -31.726733 -28.790783 -27.016709 -26.963883 -23.272852 -26.775088 -25.316987 -18.686254 -15.151993 -17.777246 -18.470672 -19.933201 -23.913005 -19.149042 
-16.814635 -16.390242 -16.102999 -20.605368 -21.796605 -21.358102 -22.114608 -22.953996 -30.434139 -33.139681 -32.079615 -35.059110 -37.016741 -32.961217 -36.838239 -34.132930 -36.203825 -37.721447 -41.614925 -29.648720 -27.086422 -30.905388 -35.486674 -34.815771 -33.778990 -30.168486 -33.506927 -30.885403 -29.286354 -23.091320 -22.928288 -27.848924 -23.072908 -16.584052 -17.750671 -23.152078 -17.753939 -20.985095 -30.309443 -26.182519 
-16.312573 -5.149064 -4.480064 -7.165388 -8.908997 -7.729646 -8.575203 -11.669405 -19.513593 -23.448129 -24.502105 -29.345257 -29.056147 -28.194265 -28.942386 -31.236691 -34.935512 -33.854482 -34.519729 -31.454121 -29.639489 -34.454507 -34.645697 -31.623226 -29.897966 -30.722969 -29.960482 -27.851333 -28.661603 -28.313850 -28.959646 -30.317383 -27.180586 -22.540422 -23.935023 -30.206501 -22.943955 -24.345617 -36.341721 -29.949281 
-10.143613 -12.681085 -20.062618 -22.249763 -23.907649 -21.107105 -24.793169 -23.704955 -35.838484 -42.157610 -39.229590 -48.870903 -40.706063 -45.500829 -39.421016 -38.403426 -46.269186 -45.337395 -48.388004 -46.874030 -46.790352 -48.543012 -44.035463 -40.563198 -36.951790 -39.744799 -39.450811 -36.871148 -36.499650 -34.497800 -38.934838 -36.937814 -37.803563 -33.231863 -30.789925 -35.191254 -34.012473 -34.317226 -42.055218 -32.159324 
-17.066193 -28.103291 -36.550520 -35.082836 -35.712781 -35.504444 -43.859745 -34.385411 -45.223976 -44.016924 -47.995202 -53.478696 -46.861490 -47.072644 -52.469395 -47.108645 -50.513216 -50.071336 -50.966137 -44.493194 -43.632567 -47.001906 -53.264036 -52.351291 -51.415403 -50.771275 -45.286828 -43.758656 -54.535660 -46.073402 -49.041897 -42.049489 -42.614984 -39.248089 -42.818653 -41.949661 -42.977847 -46.442475 -47.936604 -37.255863 
-27.170298 -43.278468 -37.292151 -37.267822 -44.452883 -40.541705 -40.487157 -44.361227 -46.849991 -50.423205 -55.149912 -59.676717 -52.746622 -51.282022 -55.663220 -54.459185 -50.078979 -54.731294 -53.019979 -48.261952 -47.741371 -53.630520 -54.193584 -54.034382 -50.552045 -53.313335 -50.459890 -45.957796 -56.691767 -50.735664 -53.410474 -47.931487 -45.848307 -44.092464 -48.554017 -49.911303 -53.028179 -51.363776 -50.700276 -45.239886 
-29.253024 -41.677341 -43.650656 -48.003509 -52.832213 -50.955599 -44.808045 -45.703783 -48.261382 -55.416985 -60.808758 -53.073500 -53.389724 -51.488914 -55.324939 -54.104490 -51.443228 -55.538125 -54.576594 -56.173937 -57.203085 -52.315782 -52.713588 -55.884392 -52.536284 -55.611867 -56.399225 -56.580728 -58.984195 -56.753517 -55.362717 -54.424172 -60.543862 -58.882912 -59.528131 -58.475833 -60.601505 -57.382620 -59.014376 -56.261319 
-25.613958 -28.366450 -32.854960 -42.274797 -49.267240 -52.621645 -48.256654 -46.205244 -48.568248 -52.927101 -56.027341 -53.884843 -56.400783 -55.381071 -55.974767 -55.484766 -50.389036 -54.708020 -54.595969 -55.649187 -54.542248 -54.460386 -57.235377 -56.337105 -56.633880 -56.348932 -56.949652 -58.549563 -58.137418 -60.504777 -61.858313 -59.776561 -63.883121 -63.694385 -65.187723 -64.425891 -64.360677 -63.459228 -65.310125 -68.024813 
-12.086062 -14.794793 -17.066667 -14.253217 -18.167912 -20.713217 -21.088313 -30.332253 -30.507238 -31.722499 -33.487617 -32.139143 -31.270825 -33.142832 -27.252335 -28.885714 -35.526137 -34.883833 -29.344589 -31.640222 -29.964828 -30.984176 -34.277710 -32.617704 -37.584553 -34.691417 -38.013961 -35.334978 -34.839689 -41.708665 -44.416980 -42.052838 -41.435834 -39.929274 -41.917915 -47.038793 -48.728925 -48.447383 -48.475615 -49.343961 
-4.512934 1.591049 5.006756 2.132656 -2.701619 1.051256 -1.051248 2.273932 -3.198831 -4.756599 -12.585665 -10.191831 -7.756018 -8.390999 -11.629112 -19.065137 -27.332861 -27.466616 -30.913097 -29.338929 -28.069795 -28.451403 -33.514087 -28.315656 -28.104112 -29.957947 -31.889453 -27.138953 -27.245306 -36.806640 -40.071583 -40.208786 -40.144015 -39.393911 -40.748142 -43.045919 -43.892033 -44.168967 -44.349861 -44.737567 
-3.734789 7.288740 9.041262 7.725658 7.534561 6.279619 5.874194 13.588451 10.610902 6.796233 1.012117 2.236607 7.136909 6.014776 -2.387420 -10.811585 -16.766044 -22.878878 -24.718504 -26.183887 -25.846272 -25.757501 -22.738399 -15.688217 -10.812196 -16.100931 -17.100768 -14.322381 -17.510732 -25.800646 -30.773858 -31.971826 -39.238170 -49.575333 -51.538101 -51.896260 -52.012635 -51.735134 -52.890487 -52.896893 
-5.025941 7.809978 6.123017 6.467072 5.321836 4.142269 6.711894 14.957332 14.385990 10.545266 3.857774 7.500056 9.750331 9.306002 -2.491276 -9.248617 -15.060026 -21.652005 -25.209746 -25.796145 -25.416975 -25.168451 -21.310113 -12.337659 -4.549751 -11.110440 -14.947288 -11.808053 -13.025288 -19.377897 -24.126849 -27.718789 -39.701925 -45.142399 -52.756599 -62.438858 -57.073995 -51.521677 -58.591993 -61.072695 
-5.722239 6.483212 2.933695 5.600866 3.350409 3.533701 5.068535 11.124686 13.647711 11.826046 6.511965 9.524617 11.334791 8.391359 0.601453 -9.511499 -14.909842 -20.697592 -27.570117 -27.679958 -26.230039 -24.758858 -24.433790 -13.284199 -4.819679 -10.143188 -15.544386 -12.680578 -12.812443 -19.885549 -25.327256 -28.300138 -33.184260 -40.871781 -45.377878 -46.048085 -46.167026 -45.581912 -46.479835 -46.832187 
-3.820453 6.538644 2.529928 5.981943 3.048785 3.162613 4.457358 6.641505 12.794187 12.735645 9.386147 9.602717 10.190849 8.156259 -2.579268 -10.147119 -17.392486 -24.491400 -26.045958 -26.437841 -26.531949 -26.981110 -24.987298 -18.715975 -7.805942 -9.091075 -16.562136 -10.070203 -10.221792 -19.418640 -25.523952 -28.133035 -32.364581 -38.560215 -39.105531 -39.435197 -39.751533 -39.348444 -39.903445 -40.253447 
-5.764683 5.727327 2.501085 6.599248 3.234697 1.551008 2.525855 5.199899 11.841034 13.776492 10.873093 9.121164 10.691250 8.210149 -4.302659 -9.753200 -17.187699 -23.457709 -25.099530 -27.439613 -26.949983 -27.585713 -24.467188 -20.351308 -8.283237 -8.031597 -14.321164 -12.494565 -12.464884 -24.127232 -29.786510 -25.608926 -30.217467 -39.827366 -41.097601 -41.474970 -41.727692 -40.464433 -42.048548 -42.120575 
-3.083463 5.639068 3.292626 6.432178 1.844067 0.307723 2.520678 4.139991 10.369110 13.776399 9.552809 9.863270 12.186541 7.337785 -5.274072 -10.128248 -18.265984 -25.537374 -27.904883 -28.681491 -27.807197 -28.564337 -29.596239 -22.592257 -12.065301 -9.869225 -16.000765 -14.082737 -12.793155 -22.907982 -29.590576 -26.926363 -31.554869 -41.546990 -45.700896 -46.250155 -46.528115 -42.352736 -46.030398 -46.330554 
-2.672385 5.232428 3.583915 6.628117 0.553756 -0.535747 1.824033 3.945419 10.030653 13.564673 8.607031 9.986505 12.761228 6.547065 -4.971294 -9.925032 -17.629812 -26.400639 -29.976404 -29.703308 -30.003481 -30.926690 -29.634784 -26.094560 -15.212982 -12.594219 -16.690965 -15.064178 -14.242268 -22.095638 -28.543815 -29.207250 -33.450858 -40.107786 -45.563336 -46.124603 -46.013333 -44.119818 -46.215733 -46.328676 
-2.884971 4.646570 3.835208 6.471594 -0.317295 -1.232101 1.855699 4.432961 8.733199 13.283153 9.209112 9.560572 12.322447 6.090815 -4.519160 -11.145874 -18.787984 -25.764073 -29.729016 -27.347437 -29.061776 -29.308897 -26.989596 -23.649345 -13.138623 -9.891743 -15.857488 -15.041960 -14.435858 -22.709413 -30.155685 -31.824966 -35.370504 -43.578317 -47.100074 -47.684860 -47.464564 -44.435224 -47.297448 -47.739880 
-1.544074 5.105013 4.105059 6.092100 -1.342299 -0.255354 2.297399 3.667543 9.589877 12.625249 10.723998 10.352347 12.287042 5.671163 -5.749447 -10.224856 -18.645772 -25.536673 -27.179721 -25.993536 -27.051681 -28.005210 -28.946963 -27.440935 -15.104417 -10.415761 -16.811518 -16.919478 -14.057665 -22.077534 -29.981155 -31.333604 -32.297644 -37.227411 -38.363771 -38.932477 -39.144175 -39.358988 -39.725020 -39.849097 
-1.932251 4.664981 4.828423 6.826179 1.090100 0.046943 1.525376 4.518589 8.312346 11.343345 10.191379 9.814685 11.943958 5.857108 -6.023849 -11.398006 -19.248032 -28.333542 -31.251534 -29.866093 -32.726745 -29.351120 -32.854048 -30.075567 -17.130042 -11.434425 -21.544926 -20.007907 -17.361845 -22.938132 -28.992469 -27.391201 -29.905185 -36.203456 -52.295388 -76.377105 -50.684030 -44.202860 -50.005232 -49.769548 
-3.908622 4.790196 5.849306 5.758986 0.005397 -1.379487 0.562220 3.999296 7.166895 10.795500 9.551924 10.155178 10.988329 3.345299 -5.266169 -11.817892 -21.846226 -30.138750 -33.926823 -29.931821 -31.315819 -29.537137 -30.009699 -27.535887 -17.634151 -13.558426 -23.350867 -22.490519 -20.794402 -25.904043 -29.486407 -29.841401 -34.048416 -39.561387 -43.923081 -45.419715 -45.794435 -44.338795 -45.281745 -45.149693 
-1.751831 4.282639 4.453585 5.269336 0.210769 0.325490 2.390439 4.638346 7.512584 10.419232 8.522228 9.840937 10.192212 0.477610 -6.913845 -14.729377 -22.528970 -31.903328 -33.794630 -28.111882 -31.137884 -33.163822 -31.437246 -29.487942 -19.902134 -13.336874 -22.901276 -20.430380 -17.437851 -24.773842 -29.322905 -28.436537 -29.236056 -39.306949 -46.601809 -50.126966 -49.523027 -46.915262 -48.692614 -48.635857 
-1.483362 4.866497 5.112398 4.540292 -2.786065 -1.731278 0.855419 3.643028 7.064139 9.949851 6.936385 9.857159 7.638077 -0.683554 -9.593889 -21.103719 -29.484841 -32.185474 -37.208119 -34.670815 -36.057716 -36.629472 -34.541189 -34.455367 -25.010333 -20.243451 -27.658487 -28.163144 -24.019047 -32.359736 -32.724592 -28.397009 -32.823507 -42.689412 -45.710988 -47.372449 -47.454741 -46.903688 -46.592214 -46.929464 
-1.430029 3.855195 3.831132 3.036677 -5.577047 -1.853207 1.087781 2.220772 6.118977 8.987558 4.217610 7.902107 5.481060 -3.112181 -12.086515 -21.042888 -31.654598 -36.267136 -40.674891 -35.356516 -33.826174 -37.168076 -37.192912 -36.760524 -30.877556 -23.667853 -30.491662 -28.272832 -25.861633 -33.329558 -37.754753 -32.522443 -35.927185 -43.726092 -46.306627 -51.809501 -52.295956 -51.077857 -49.187939 -49.356965 
-3.560660 2.782343 2.932434 2.899380 -5.397371 -3.419039 -1.056600 -0.470769 1.974448 8.206568 2.009848 6.316822 3.445596 -3.546097 -12.238724 -21.841007 -30.108011 -34.291552 -36.038881 -37.743033 -36.122097 -38.209265 -41.011899 -40.663618 -34.546163 -24.136026 -29.126828 -28.604240 -25.932487 -33.554084 -37.502037 -36.572977 -38.245045 -43.024396 -48.310243 -69.149803 -65.144396 -52.301634 -53.061014 -58.572349 
-4.146492 2.037335 1.551332 1.568067 -7.040593 -4.084124 -2.641027 -1.164465 1.874144 6.821450 0.353035 6.864925 2.912333 -4.730116 -11.094796 -20.150192 -26.618782 -36.518250 -37.831445 -38.515605 -37.357903 -39.467840 -43.221146 -44.272564 -40.680120 -23.846447 -28.185604 -28.781882 -24.595035 -31.916301 -37.367096 -37.208045 -39.368106 -44.139715 -49.781047 -64.784872 -60.171164 -52.214383 -52.701495 -56.953325 
-5.173491 1.411503 0.687137 1.229730 -8.861044 -4.217229 -3.379292 -1.536699 2.665854 5.748781 2.032695 6.542350 4.027353 -4.107988 -13.749111 -21.910239 -28.002352 -34.201383 -39.159375 -41.266514 -39.773928 -41.112290 -42.784066 -45.770761 -41.949196 -24.112008 -27.352822 -28.559859 -26.217475 -32.038321 -37.154465 -34.384693 -37.219150 -46.970130 -50.551633 -57.767885 -57.115039 -49.469779 -51.030507 -53.662577 
-2.554296 1.252685 0.669875 0.884375 -8.354604 -4.123621 -3.110528 -2.874153 2.493715 4.435818 2.260152 5.310340 1.913050 -6.510394 -16.393256 -23.293512 -28.417676 -35.506133 -39.474224 -39.230054 -41.345251 -41.306459 -45.841971 -48.037038 -44.018613 -30.014117 -32.025321 -33.623094 -29.367673 -33.338802 -42.121984 -33.220538 -37.469147 -48.452751 -51.256766 -59.798742 -60.356208 -55.311977 -53.798519 -54.771109 
-3.659128 1.562751 1.014776 0.174575 -8.777371 -5.044754 -4.363166 -4.221344 1.857924 3.505644 2.554130 2.527025 0.235804 -7.524428 -18.310951 -24.375945 -27.149971 -32.478121 -37.135557 -37.777176 -40.055256 -40.664664 -43.485530 -44.500933 -43.716861 -30.802140 -28.537838 -32.190512 -32.855127 -37.994152 -44.564184 -38.454935 -41.297582 -48.002639 -49.082249 -51.209314 -51.609003 -50.243058 -49.881710 -50.206296 
-3.287662 2.348085 1.833132 -0.879693 -10.277718 -5.609279 -4.735320 -5.166456 0.371807 1.306302 1.690543 -0.057255 -0.215935 -10.144897 -22.152726 -30.912378 -32.295759 -37.300570 -41.281125 -40.802338 -43.189470 -43.704337 -48.742742 -50.397231 -51.228936 -36.733469 -37.313631 -35.770348 -38.680753 -45.179261 -45.520679 -39.115070 -40.797314 -52.319346 -56.487861 -58.317458 -57.154079 -50.976257 -52.887739 -56.035643 
-3.659079 1.481348 1.251249 -1.124612 -10.689950 -7.094065 -7.736133 -6.215054 -0.570090 -0.301173 -0.754106 -3.538890 -3.368093 -12.160169 -18.944321 -27.171474 -34.127654 -39.092828 -39.232602 -40.446958 -45.774204 -49.829501 -49.627887 -58.488897 -58.528958 -33.247214 -28.027873 -31.506842 -33.089535 -50.070624 -47.292302 -36.030834 -39.019197 -52.541327 -61.357852 -66.194266 -62.995321 -50.941904 -54.107549 -63.815515 
-4.697032 0.480599 -0.134674 -3.484176 -10.131062 -8.250020 -10.407401 -8.833571 -3.635902 -2.375507 -3.209668 -5.603309 -6.695841 -16.527013 -23.354404 -30.697612 -34.938839 -43.475526 -42.789578 -44.287155 -50.224878 -49.420048 -51.818863 -54.826938 -52.715028 -31.928324 -27.676770 -28.505419 -33.563161 -48.008858 -49.736531 -38.659826 -42.775885 -55.020706 -57.110660 -58.977607 -59.197338 -53.260555 -54.251722 -60.293222 
-3.061393 -0.115214 -2.769888 -2.652535 -9.434069 -10.730721 -13.373841 -13.505860 -5.625276 -4.963607 -5.517400 -6.946474 -9.584532 -17.497061 -26.691567 -32.718735 -39.816610 -45.896651 -43.565910 -44.786266 -49.467823 -48.464221 -49.302145 -53.063006 -47.914245 -31.776056 -29.235504 -27.354293 -34.425452 -47.677802 -52.720902 -45.169134 -46.056517 -56.316716 -58.039632 -58.563327 -58.675129 -56.543820 -55.484050 -59.680625 
-2.705240 0.214845 -4.458249 -4.935155 -9.529656 -10.278950 -11.031040 -13.496536 -8.426930 -7.567229 -7.910931 -7.143761 -6.859883 -16.050052 -26.413221 -31.645757 -39.479252 -48.712367 -45.807271 -44.564817 -50.628944 -51.919840 -50.814427 -55.227626 -51.376489 -31.079510 -25.394489 -25.182456 -35.154248 -47.211700 -57.544178 -47.234421 -46.173587 -55.304959 -59.511236 -61.441016 -61.297234 -58.745311 -57.087050 -62.312558 
-3.366268 0.384544 -5.794690 -11.623261 -8.730827 -13.963862 -16.071134 -14.514695 -13.140946 -12.129309 -9.948077 -13.036748 -15.443265 -22.016879 -32.692628 -37.763086 -39.429111 -42.296500 -43.901050 -45.677117 -46.769980 -47.649016 -47.429062 -48.164517 -47.182997 -36.906965 -31.754324 -26.733565 -35.463937 -43.132304 -49.538891 -42.525053 -43.036667 -53.950543 -56.088423 -55.938299 -56.768987 -55.713902 -54.934262 -58.479460 
-4.858941 -1.448603 -11.114139 -10.436435 -15.232049 -21.390143 -21.866176 -20.459036 -16.535665 -15.684623 -18.688515 -23.474489 -21.676532 -24.473127 -33.658658 -42.654911 -49.445467 -52.968466 -54.789613 -56.167781 -51.138958 -54.130876 -57.428120 -58.013171 -49.726158 -37.262146 -30.504695 -30.169886 -34.241241 -45.678643 -48.569485 -46.288776 -48.488893 -59.476865 -65.090251 -63.856416 -62.370222 -63.309603 -60.479121 -68.110086 
-5.360625 -2.290068 -7.714492 -21.152801 -27.314473 -22.551284 -27.118663 -24.746904 -19.735778 -16.574729 -20.716990 -25.653023 -25.377393 -26.490255 -32.281196 -40.360954 -46.026074 -51.049105 -53.363389 -53.553372 -51.463687 -55.405589 -57.315256 -52.893041 -50.466980 -39.752265 -32.437007 -31.040255 -39.331510 -47.670867 -46.185972 -49.858236 -53.490424 -58.216327 -63.375683 -65.093481 -64.368029 -60.918584 -64.104612 -67.886434 
-9.776776 -10.046799 -17.191636 -19.667504 -29.499965 -29.498581 -24.961360 -24.914249 -32.716798 -21.848967 -25.937152 -25.257568 -26.746397 -23.842642 -28.344806 -37.128670 -48.383186 -49.479048 -47.358197 -50.063391 -55.264122 -52.621137 -51.393384 -49.820742 -50.163959 -41.504792 -35.936544 -31.615011 -49.151754 -51.293643 -44.653046 -50.135099 -56.773576 -55.273775 -58.906420 -61.847294 -61.302077 -60.110826 -62.250016 -64.575250 
-22.560698 -20.005752 -28.469568 -29.429677 -35.511693 -36.993116 -35.207398 -26.085815 -24.766805 -26.177922 -24.736478 -28.613889 -28.078959 -23.704558 -32.431776 -39.562108 -46.651661 -50.657866 -48.909415 -53.767167 -52.711682 -49.808376 -48.476046 -58.764375 -57.082413 -49.561538 -41.574898 -37.222091 -46.101422 -56.959410 -56.152190 -52.767304 -59.996874 -61.744935 -64.567076 -66.764667 -64.488656 -65.004739 -69.872970 -72.680992 
-22.056892 -29.981810 -35.455524 -34.930516 -36.738952 -34.756411 -33.944284 -31.588194 -30.652384 -29.507777 -28.365053 -29.770347 -26.640796 -28.623832 -26.861928 -35.779271 -47.128079 -47.455239 -48.216283 -53.165358 -55.366689 -52.251278 -56.309045 -62.583887 -61.827257 -55.718658 -44.596763 -39.124743 -50.585665 -57.522237 -59.641324 -57.817239 -62.114295 -63.156768 -71.087233 -72.009320 -69.888759 -68.750590 -76.001576 -77.528759 
-31.137902 -27.234500 -27.952223 -29.047193 -34.824521 -30.263843 -37.186552 -45.261427 -38.404191 -33.586876 -29.860878 -36.962267 -32.535992 -32.455861 -29.363782 -40.733112 -49.218901 -47.555900 -50.850938 -57.894200 -57.397343 -54.168069 -53.057506 -66.027178 -64.932795 -56.611267 -50.571856 -44.052818 -55.034144 -59.689887 -57.609987 -59.274505 -66.450923 -69.127248 -76.353233 -69.225458 -69.714413 -72.733802 -76.696394 -79.549823 
-26.566694 -29.988978 -35.287309 -29.982862 -32.359328 -34.387891 -41.050521 -40.932286 -33.357648 -35.610844 -35.836116 -40.232120 -35.490584 -39.467589 -37.790788 -41.661512 -51.287675 -52.165294 -52.918832 -63.055261 -55.555420 -57.019541 -53.251306 -59.646259 -62.425294 -62.149043 -56.675351 -50.707386 -57.376361 -65.415198 -63.394835 -64.382830 -65.713682 -69.787950 -72.800171 -67.510977 -69.719703 -67.658269 -69.694371 -71.805387 
-34.544408 -28.831351 -28.005495 -33.523105 -43.521792 -39.773551 -42.308959 -44.413550 -40.954633 -40.187690 -42.033979 -45.831107 -40.599380 -39.435004 -39.996460 -44.906769 -54.583296 -58.897758 -55.941448 -62.134987 -56.375216 -59.351039 -57.975726 -63.102097 -62.651585 -67.070415 -61.444214 -54.740463 -62.394247 -67.903262 -64.245598 -65.624106 -68.967568 -71.271336 -71.941614 -65.491636 -69.238082 -66.158444 -67.481123 -68.778670 
-38.106606 -38.227985 -40.869130 -41.026299 -41.962682 -44.193445 -48.056793 -44.643384 -46.319914 -46.993430 -41.093272 -41.280131 -47.058462 -45.751329 -46.054130 -47.207126 -57.723211 -60.126248 -58.766484 -61.599461 -57.540019 -60.676075 -58.350342 -62.400884 -62.955368 -69.543766 -67.214951 -64.640163 -66.242595 -68.906072 -66.793426 -66.294250 -70.181021 -71.182566 -72.311211 -66.933800 -68.879350 -69.540937 -66.805800 -67.844053 
-34.324796 -33.053986 -36.286651 -43.021222 -45.676924 -44.479092 -49.453946 -44.565085 -48.484350 -49.066381 -48.664433 -45.923077 -49.044942 -48.973576 -50.140329 -52.223244 -51.379520 -54.390784 -56.383513 -55.791747 -55.220767 -58.408480 -58.339067 -61.018026 -62.220421 -63.154435 -64.465306 -61.067815 -64.436872 -63.082227 -66.375409 -67.751771 -68.402804 -70.605354 -74.470137 -69.608700 -67.050633 -69.875689 -67.914483 -70.512298 
-39.594554 -43.106415 -47.327920 -50.931569 -47.274347 -47.644804 -48.938410 -48.599489 -49.823847 -51.438877 -55.363053 -51.509736 -51.056932 -55.233889 -56.131817 -55.416227 -54.862932 -58.757313 -59.381325 -56.646866 -58.799248 -59.990403 -62.822058 -64.036900 -64.843788 -67.436990 -66.391753 -64.441115 -66.432497 -68.152138 -69.116581 -68.699683 -69.550649 -69.552809 -74.208117 -73.033841 -69.752021 -71.544460 -68.584780 -71.059957 
-53.936905 -59.309947 -63.249129 -65.177857 -67.368609 -77.032853 -80.399925 -71.814759 -69.734343 -66.117091 -67.319376 -68.042701 -68.984826 -76.340535 -69.657556 -68.254122 -67.220793 -69.476939 -73.265022 -72.499221 -71.859861 -71.449621 -74.237981 -75.022705 -77.050369 -74.511867 -75.788232 -73.490238 -73.385145 -76.879460 -77.285343 -75.951794 -74.713279 -74.807404 -74.426068 -74.071776 -71.902815 -76.799078 -75.167188 -75.753863 
-65.498764 -73.668312 -71.258389 -76.537996 -82.945290 -74.659033 -78.097212 -80.026527 -77.864533 -74.686165 -72.446340 -73.433653 -73.107342 -74.732182 -74.905638 -74.200012 -77.701191 -75.388443 -75.777964 -75.977610 -79.637220 -79.256893 -74.174907 -74.330135 -75.424640 -74.361685 -75.990899 -77.208019 -80.370967 -76.639926 -78.372768 -75.669111 -78.747858 -77.337933 -74.751621 -74.963765 -74.053643 -78.188813 -76.268951 -80.861455 
-62.671476 -70.670274 -72.729657 -75.848192 -81.841233 -74.831449 -72.157804 -70.226651 -70.979811 -75.749900 -77.334918 -76.167847 -76.988614 -79.921946 -80.877661 -76.721986 -74.450765 -73.658384 -76.154981 -75.620548 -81.293555 -78.324586 -77.819360 -78.987891 -78.088543 -75.115365 -74.733457 -74.619031 -74.641543 -77.440056 -76.380999 -77.584107 -75.553479 -77.044855 -77.115321 -77.691375 -78.388068 -75.680562 -75.478633 -80.987235 
-63.584547 -78.485485 -82.308325 -77.724849 -82.300038 -78.221438 -74.270361 -70.426955 -72.205259 -70.574404 -75.985410 -82.569680 -79.334411 -74.206828 -76.292544 -73.105879 -76.257675 -74.443382 -73.041128 -74.270023 -76.329203 -76.077774 -77.761934 -78.595285 -76.984014 -75.026721 -75.567514 -73.782086 -74.380581 -77.835188 -74.832189 -73.443725 -75.349883 -75.219702 -73.416213 -76.253193 -75.394822 -76.048445 -76.873786 -79.325538 
-64.503495 -75.509153 -83.768595 -84.972982 -79.566748 -76.482345 -79.677498 -75.088762 -73.330305 -68.789190 -78.018041 -75.888820 -72.441091 -77.826014 -74.789277 -70.510921 -77.156446 -77.747279 -74.792537 -75.359849 -75.884339 -74.965440 -79.522643 -79.922425 -78.502138 -74.299516 -75.293461 -76.394666 -78.733505 -77.697290 -74.749333 -75.148891 -76.591066 -76.984927 -76.813703 -76.634616 -74.873331 -76.710318 -74.697712 -76.550076 
-62.058547 -77.666306 -75.865447 -74.845830 -75.706661 -72.533838 -70.655448 -74.137270 -83.665024 -78.618622 -74.079432 -70.450596 -73.047559 -71.670793 -70.585468 -73.277885 -72.746735 -72.522885 -76.066392 -77.955096 -75.813354 -73.575700 -71.103487 -72.800822 -76.099297 -73.619997 -74.668640 -73.916775 -74.846135 -75.658330 -77.710490 -78.926046 -77.946171 -76.452118 -75.449202 -76.735260 -76.855999 -75.103506 -74.643381 -78.643538 
-65.183882 -76.122634 -77.997319 -79.172811 -79.464026 -73.274910 -72.313837 -75.495665 -82.959736 -79.518958 -71.521054 -73.461473 -70.507723 -75.704414 -78.291445 -81.496979 -78.272112 -82.831385 -75.552780 -78.121798 -76.244593 -76.222226 -79.260683 -79.394695 -72.785524 -78.647027 -80.349536 -77.435546 -76.041284 -77.818687 -76.312141 -74.027412 -77.162910 -74.084064 -75.335364 -77.013963 -76.621141 -78.078495 -75.975696 -76.569052 
-63.135177 -84.584466 -80.144118 -78.417679 -78.651860 -79.078862 -76.755109 -72.636141 -76.833471 -75.408806 -75.870193 -77.818270 -76.318376 -81.686087 -78.597465 -79.697231 -74.964712 -74.982266 -72.083336 -79.958576 -74.876383 -76.174176 -79.455133 -80.295218 -80.068819 -77.942569 -76.081087 -76.436737 -72.662946 -78.147425 -75.730878 -76.346745 -79.357876 -75.658108 -78.844641 -76.398132 -77.043789 -76.688641 -76.839235 -77.744582 
-61.797422 -73.221972 -72.677179 -70.682113 -69.356240 -71.720872 -74.688677 -79.646018 -76.054172 -76.340739 -76.592459 -73.036572 -77.785722 -80.289607 -78.284419 -76.528624 -80.929533 -78.541294 -81.473351 -81.327800 -73.102350 -74.453684 -77.747164 -80.143304 -80.630146 -80.827910 -73.030309 -75.570160 -76.215310 -81.436404 -76.649106 -74.815396 -75.103471 -76.143776 -79.880812 -78.093937 -75.358349 -77.214138 -78.864927 -79.275446 
-71.454904 -73.818890 -76.027725 -76.703990 -78.574792 -85.375324 -88.927756 -86.172444 -86.180271 -85.625029 -83.337458 -84.433701 -88.884835 -85.270308 -83.677290 -84.348655 -87.067847 -85.500571 -89.684283 -90.867320 -82.047329 -81.441612 -86.508391 -87.961130 -90.520814 -91.519129 -82.153670 -85.238424 -92.009789 -95.122307 -85.863534 -83.391082 -85.242125 -82.815630 -87.542494 -87.915082 -86.767250 -85.711935 -85.481372 -87.319192 
NaN NaN NaN NaN NaN NaN NaN NaN NaN NaN NaN NaN NaN NaN NaN NaN NaN NaN NaN NaN NaN NaN NaN NaN NaN NaN NaN NaN NaN NaN NaN NaN NaN NaN NaN NaN NaN NaN NaN NaN 
NaN NaN NaN NaN NaN NaN NaN NaN NaN NaN NaN NaN NaN NaN NaN NaN NaN NaN NaN NaN NaN NaN NaN NaN NaN NaN NaN NaN NaN NaN NaN NaN NaN NaN NaN NaN NaN NaN NaN NaN 
NaN NaN NaN NaN NaN NaN NaN NaN NaN NaN NaN NaN NaN NaN NaN NaN NaN NaN NaN NaN NaN NaN NaN NaN NaN NaN NaN NaN NaN NaN NaN NaN NaN NaN NaN NaN NaN NaN NaN NaN 
NaN NaN NaN NaN NaN NaN NaN NaN NaN NaN NaN NaN NaN NaN NaN NaN NaN NaN NaN NaN NaN NaN NaN NaN NaN NaN NaN NaN NaN NaN NaN NaN NaN NaN NaN NaN NaN NaN NaN NaN 
NaN NaN NaN NaN NaN NaN NaN NaN NaN NaN NaN NaN NaN NaN NaN NaN NaN NaN NaN NaN NaN NaN NaN NaN NaN NaN NaN NaN NaN NaN NaN NaN NaN NaN NaN NaN NaN NaN NaN NaN 
NaN NaN NaN NaN NaN NaN NaN NaN NaN NaN NaN NaN NaN NaN NaN NaN NaN NaN NaN NaN NaN NaN NaN NaN NaN NaN NaN NaN NaN NaN NaN NaN NaN NaN NaN NaN NaN NaN NaN NaN 
NaN NaN NaN NaN NaN NaN NaN NaN NaN NaN NaN NaN NaN NaN NaN NaN NaN NaN NaN NaN NaN NaN NaN NaN NaN NaN NaN NaN NaN NaN NaN NaN NaN NaN NaN NaN NaN NaN NaN NaN 
NaN NaN NaN NaN NaN NaN NaN NaN NaN NaN NaN NaN NaN NaN NaN NaN NaN NaN NaN NaN NaN NaN NaN NaN NaN NaN NaN NaN NaN NaN NaN NaN NaN NaN NaN NaN NaN NaN NaN NaN 
NaN NaN NaN NaN NaN NaN NaN NaN NaN NaN NaN NaN NaN NaN NaN NaN NaN NaN NaN NaN NaN NaN NaN NaN NaN NaN NaN NaN NaN NaN NaN NaN NaN NaN NaN NaN NaN NaN NaN NaN 
NaN NaN NaN NaN NaN NaN NaN NaN NaN NaN NaN NaN NaN NaN NaN NaN NaN NaN NaN NaN NaN NaN NaN NaN NaN NaN NaN NaN NaN NaN NaN NaN NaN NaN NaN NaN NaN NaN NaN NaN 
NaN NaN NaN NaN NaN NaN NaN NaN NaN NaN NaN NaN NaN NaN NaN NaN NaN NaN NaN NaN NaN NaN NaN NaN NaN NaN NaN NaN NaN NaN NaN NaN NaN NaN NaN NaN NaN NaN NaN NaN 
NaN NaN NaN NaN NaN NaN NaN NaN NaN NaN NaN NaN NaN NaN NaN NaN NaN NaN NaN NaN NaN NaN NaN NaN NaN NaN NaN NaN NaN NaN NaN NaN NaN NaN NaN NaN NaN NaN NaN NaN 
NaN NaN NaN NaN NaN NaN NaN NaN NaN NaN NaN NaN NaN NaN NaN NaN NaN NaN NaN NaN NaN NaN NaN NaN NaN NaN NaN NaN NaN NaN NaN NaN NaN NaN NaN NaN NaN NaN NaN NaN 
NaN NaN NaN NaN NaN NaN NaN NaN NaN NaN NaN NaN NaN NaN NaN NaN NaN NaN NaN NaN NaN NaN NaN NaN NaN NaN NaN NaN NaN NaN NaN NaN NaN NaN NaN NaN NaN NaN NaN NaN 
NaN NaN NaN NaN NaN NaN NaN NaN NaN NaN NaN NaN NaN NaN NaN NaN NaN NaN NaN NaN NaN NaN NaN NaN NaN NaN NaN NaN NaN NaN NaN NaN NaN NaN NaN NaN NaN NaN NaN NaN 
NaN NaN NaN NaN NaN NaN NaN NaN NaN NaN NaN NaN NaN NaN NaN NaN NaN NaN NaN NaN NaN NaN NaN NaN NaN NaN NaN NaN NaN NaN NaN NaN NaN NaN NaN NaN NaN NaN NaN NaN 
NaN NaN NaN NaN NaN NaN NaN NaN NaN NaN NaN NaN NaN NaN NaN NaN NaN NaN NaN NaN NaN NaN NaN NaN NaN NaN NaN NaN NaN NaN NaN NaN NaN NaN NaN NaN NaN NaN NaN NaN 
NaN NaN NaN NaN NaN NaN NaN NaN NaN NaN NaN NaN NaN NaN NaN NaN NaN NaN NaN NaN NaN NaN NaN NaN NaN NaN NaN NaN NaN NaN NaN NaN NaN NaN NaN NaN NaN NaN NaN NaN 
NaN NaN NaN NaN NaN NaN NaN NaN NaN NaN NaN NaN NaN NaN NaN NaN NaN NaN NaN NaN NaN NaN NaN NaN NaN NaN NaN NaN NaN NaN NaN NaN NaN NaN NaN NaN NaN NaN NaN NaN 
NaN NaN NaN NaN NaN NaN NaN NaN NaN NaN NaN NaN NaN NaN NaN NaN NaN NaN NaN NaN NaN NaN NaN NaN NaN NaN NaN NaN NaN NaN NaN NaN NaN NaN NaN NaN NaN NaN NaN NaN 
NaN NaN NaN NaN NaN NaN NaN NaN NaN NaN NaN NaN NaN NaN NaN NaN NaN NaN NaN NaN NaN NaN NaN NaN NaN NaN NaN NaN NaN NaN NaN NaN NaN NaN NaN NaN NaN NaN NaN NaN 
NaN NaN NaN NaN NaN NaN NaN NaN NaN NaN NaN NaN NaN NaN NaN NaN NaN NaN NaN NaN NaN NaN NaN NaN NaN NaN NaN NaN NaN NaN NaN NaN NaN NaN NaN NaN NaN NaN NaN NaN 
NaN NaN NaN NaN NaN NaN NaN NaN NaN NaN NaN NaN NaN NaN NaN NaN NaN NaN NaN NaN NaN NaN NaN NaN NaN NaN NaN NaN NaN NaN NaN NaN NaN NaN NaN NaN NaN NaN NaN NaN 
NaN NaN NaN NaN NaN NaN NaN NaN NaN NaN NaN NaN NaN NaN NaN NaN NaN NaN NaN NaN NaN NaN NaN NaN NaN NaN NaN NaN NaN NaN NaN NaN NaN NaN NaN NaN NaN NaN NaN NaN 
NaN NaN NaN NaN NaN NaN NaN NaN NaN NaN NaN NaN NaN NaN NaN NaN NaN NaN NaN NaN NaN NaN NaN NaN NaN NaN NaN NaN NaN NaN NaN NaN NaN NaN NaN NaN NaN NaN NaN NaN 
NaN NaN NaN NaN NaN NaN NaN NaN NaN NaN NaN NaN NaN NaN NaN NaN NaN NaN NaN NaN NaN NaN NaN NaN NaN NaN NaN NaN NaN NaN NaN NaN NaN NaN NaN NaN NaN NaN NaN NaN 
NaN NaN NaN NaN NaN NaN NaN NaN NaN NaN NaN NaN NaN NaN NaN NaN NaN NaN NaN NaN NaN NaN NaN NaN NaN NaN NaN NaN NaN NaN NaN NaN NaN NaN NaN NaN NaN NaN NaN NaN 
NaN NaN NaN NaN NaN NaN NaN NaN NaN NaN NaN NaN NaN NaN NaN NaN NaN NaN NaN NaN NaN NaN NaN NaN NaN NaN NaN NaN NaN NaN NaN NaN NaN NaN NaN NaN NaN NaN NaN NaN 
NaN NaN NaN NaN NaN NaN NaN NaN NaN NaN NaN NaN NaN NaN NaN NaN NaN NaN NaN NaN NaN NaN NaN NaN NaN NaN NaN NaN NaN NaN NaN NaN NaN NaN NaN NaN NaN NaN NaN NaN 
NaN NaN NaN NaN NaN NaN NaN NaN NaN NaN NaN NaN NaN NaN NaN NaN NaN NaN NaN NaN NaN NaN NaN NaN NaN NaN NaN NaN NaN NaN NaN NaN NaN NaN NaN NaN NaN NaN NaN NaN 
NaN NaN NaN NaN NaN NaN NaN NaN NaN NaN NaN NaN NaN NaN NaN NaN NaN NaN NaN NaN NaN NaN NaN NaN NaN NaN NaN NaN NaN NaN NaN NaN NaN NaN NaN NaN NaN NaN NaN NaN 
NaN NaN NaN NaN NaN NaN NaN NaN NaN NaN NaN NaN NaN NaN NaN NaN NaN NaN NaN NaN NaN NaN NaN NaN NaN NaN NaN NaN NaN NaN NaN NaN NaN NaN NaN NaN NaN NaN NaN NaN 
NaN NaN NaN NaN NaN NaN NaN NaN NaN NaN NaN NaN NaN NaN NaN NaN NaN NaN NaN NaN NaN NaN NaN NaN NaN NaN NaN NaN NaN NaN NaN NaN NaN NaN NaN NaN NaN NaN NaN NaN 
NaN NaN NaN NaN NaN NaN NaN NaN NaN NaN NaN NaN NaN NaN NaN NaN NaN NaN NaN NaN NaN NaN NaN NaN NaN NaN NaN NaN NaN NaN NaN NaN NaN NaN NaN NaN NaN NaN NaN NaN 
NaN NaN NaN NaN NaN NaN NaN NaN NaN NaN NaN NaN NaN NaN NaN NaN NaN NaN NaN NaN NaN NaN NaN NaN NaN NaN NaN NaN NaN NaN NaN NaN NaN NaN NaN NaN NaN NaN NaN NaN 
NaN NaN NaN NaN NaN NaN NaN NaN NaN NaN NaN NaN NaN NaN NaN NaN NaN NaN NaN NaN NaN NaN NaN NaN NaN NaN NaN NaN NaN NaN NaN NaN NaN NaN NaN NaN NaN NaN NaN NaN 
NaN NaN NaN NaN NaN NaN NaN NaN NaN NaN NaN NaN NaN NaN NaN NaN NaN NaN NaN NaN NaN NaN NaN NaN NaN NaN NaN NaN NaN NaN NaN NaN NaN NaN NaN NaN NaN NaN NaN NaN 
NaN NaN NaN NaN NaN NaN NaN NaN NaN NaN NaN NaN NaN NaN NaN NaN NaN NaN NaN NaN NaN NaN NaN NaN NaN NaN NaN NaN NaN NaN NaN NaN NaN NaN NaN NaN NaN NaN NaN NaN 
NaN NaN NaN NaN NaN NaN NaN NaN NaN NaN NaN NaN NaN NaN NaN NaN NaN NaN NaN NaN NaN NaN NaN NaN NaN NaN NaN NaN NaN NaN NaN NaN NaN NaN NaN NaN NaN NaN NaN NaN 
NaN NaN NaN NaN NaN NaN NaN NaN NaN NaN NaN NaN NaN NaN NaN NaN NaN NaN NaN NaN NaN NaN NaN NaN NaN NaN NaN NaN NaN NaN NaN NaN NaN NaN NaN NaN NaN NaN NaN NaN 
NaN NaN NaN NaN NaN NaN NaN NaN NaN NaN NaN NaN NaN NaN NaN NaN NaN NaN NaN NaN NaN NaN NaN NaN NaN NaN NaN NaN NaN NaN NaN NaN NaN NaN NaN NaN NaN NaN NaN NaN 
NaN NaN NaN NaN NaN NaN NaN NaN NaN NaN NaN NaN NaN NaN NaN NaN NaN NaN NaN NaN NaN NaN NaN NaN NaN NaN NaN NaN NaN NaN NaN NaN NaN NaN NaN NaN NaN NaN NaN NaN 
NaN NaN NaN NaN NaN NaN NaN NaN NaN NaN NaN NaN NaN NaN NaN NaN NaN NaN NaN NaN NaN NaN NaN NaN NaN NaN NaN NaN NaN NaN NaN NaN NaN NaN NaN NaN NaN NaN NaN NaN 
NaN NaN NaN NaN NaN NaN NaN NaN NaN NaN NaN NaN NaN NaN NaN NaN NaN NaN NaN NaN NaN NaN NaN NaN NaN NaN NaN NaN NaN NaN NaN NaN NaN NaN NaN NaN NaN NaN NaN NaN 
NaN NaN NaN NaN NaN NaN NaN NaN NaN NaN NaN NaN NaN NaN NaN NaN NaN NaN NaN NaN NaN NaN NaN NaN NaN NaN NaN NaN NaN NaN NaN NaN NaN NaN NaN NaN NaN NaN NaN NaN 
NaN NaN NaN NaN NaN NaN NaN NaN NaN NaN NaN NaN NaN NaN NaN NaN NaN NaN NaN NaN NaN NaN NaN NaN NaN NaN NaN NaN NaN NaN NaN NaN NaN NaN NaN NaN NaN NaN NaN NaN 
NaN NaN NaN NaN NaN NaN NaN NaN NaN NaN NaN NaN NaN NaN NaN NaN NaN NaN NaN NaN NaN NaN NaN NaN NaN NaN NaN NaN NaN NaN NaN NaN NaN NaN NaN NaN NaN NaN NaN NaN 
NaN NaN NaN NaN NaN NaN NaN NaN NaN NaN NaN NaN NaN NaN NaN NaN NaN NaN NaN NaN NaN NaN NaN NaN NaN NaN NaN NaN NaN NaN NaN NaN NaN NaN NaN NaN NaN NaN NaN NaN 
NaN NaN NaN NaN NaN NaN NaN NaN NaN NaN NaN NaN NaN NaN NaN NaN NaN NaN NaN NaN NaN NaN NaN NaN NaN NaN NaN NaN NaN NaN NaN NaN NaN NaN NaN NaN NaN NaN NaN NaN 
NaN NaN NaN NaN NaN NaN NaN NaN NaN NaN NaN NaN NaN NaN NaN NaN NaN NaN NaN NaN NaN NaN NaN NaN NaN NaN NaN NaN NaN NaN NaN NaN NaN NaN NaN NaN NaN NaN NaN NaN 
NaN NaN NaN NaN NaN NaN NaN NaN NaN NaN NaN NaN NaN NaN NaN NaN NaN NaN NaN NaN NaN NaN NaN NaN NaN NaN NaN NaN NaN NaN NaN NaN NaN NaN NaN NaN NaN NaN NaN NaN 
NaN NaN NaN NaN NaN NaN NaN NaN NaN NaN NaN NaN NaN NaN NaN NaN NaN NaN NaN NaN NaN NaN NaN NaN NaN NaN NaN NaN NaN NaN NaN NaN NaN NaN NaN NaN NaN NaN NaN NaN 
NaN NaN NaN NaN NaN NaN NaN NaN NaN NaN NaN NaN NaN NaN NaN NaN NaN NaN NaN NaN NaN NaN NaN NaN NaN NaN NaN NaN NaN NaN NaN NaN NaN NaN NaN NaN NaN NaN NaN NaN 
NaN NaN NaN NaN NaN NaN NaN NaN NaN NaN NaN NaN NaN NaN NaN NaN NaN NaN NaN NaN NaN NaN NaN NaN NaN NaN NaN NaN NaN NaN NaN NaN NaN NaN NaN NaN NaN NaN NaN NaN 
NaN NaN NaN NaN NaN NaN NaN NaN NaN NaN NaN NaN NaN NaN NaN NaN NaN NaN NaN NaN NaN NaN NaN NaN NaN NaN NaN NaN NaN NaN NaN NaN NaN NaN NaN NaN NaN NaN NaN NaN 
NaN NaN NaN NaN NaN NaN NaN NaN NaN NaN NaN NaN NaN NaN NaN NaN NaN NaN NaN NaN NaN NaN NaN NaN NaN NaN NaN NaN NaN NaN NaN NaN NaN NaN NaN NaN NaN NaN NaN NaN 
NaN NaN NaN NaN NaN NaN NaN NaN NaN NaN NaN NaN NaN NaN NaN NaN NaN NaN NaN NaN NaN NaN NaN NaN NaN NaN NaN NaN NaN NaN NaN NaN NaN NaN NaN NaN NaN NaN NaN NaN 
NaN NaN NaN NaN NaN NaN NaN NaN NaN NaN NaN NaN NaN NaN NaN NaN NaN NaN NaN NaN NaN NaN NaN NaN NaN NaN NaN NaN NaN NaN NaN NaN NaN NaN NaN NaN NaN NaN NaN NaN 
NaN NaN NaN NaN NaN NaN NaN NaN NaN NaN NaN NaN NaN NaN NaN NaN NaN NaN NaN NaN NaN NaN NaN NaN NaN NaN NaN NaN NaN NaN NaN NaN NaN NaN NaN NaN NaN NaN NaN NaN 
NaN NaN NaN NaN NaN NaN NaN NaN NaN NaN NaN NaN NaN NaN NaN NaN NaN NaN NaN NaN NaN NaN NaN NaN NaN NaN NaN NaN NaN NaN NaN NaN NaN NaN NaN NaN NaN NaN NaN NaN 
NaN NaN NaN NaN NaN NaN NaN NaN NaN NaN NaN NaN NaN NaN NaN NaN NaN NaN NaN NaN NaN NaN NaN NaN NaN NaN NaN NaN NaN NaN NaN NaN NaN NaN NaN NaN NaN NaN NaN NaN 
NaN NaN NaN NaN NaN NaN NaN NaN NaN NaN NaN NaN NaN NaN NaN NaN NaN NaN NaN NaN NaN NaN NaN NaN NaN NaN NaN NaN NaN NaN NaN NaN NaN NaN NaN NaN NaN NaN NaN NaN 
NaN NaN NaN NaN NaN NaN NaN NaN NaN NaN NaN NaN NaN NaN NaN NaN NaN NaN NaN NaN NaN NaN NaN NaN NaN NaN NaN NaN NaN NaN NaN NaN NaN NaN NaN NaN NaN NaN NaN NaN 
NaN NaN NaN NaN NaN NaN NaN NaN NaN NaN NaN NaN NaN NaN NaN NaN NaN NaN NaN NaN NaN NaN NaN NaN NaN NaN NaN NaN NaN NaN NaN NaN NaN NaN NaN NaN NaN NaN NaN NaN 
NaN NaN NaN NaN NaN NaN NaN NaN NaN NaN NaN NaN NaN NaN NaN NaN NaN NaN NaN NaN NaN NaN NaN NaN NaN NaN NaN NaN NaN NaN NaN NaN NaN NaN NaN NaN NaN NaN NaN NaN 
NaN NaN NaN NaN NaN NaN NaN NaN NaN NaN NaN NaN NaN NaN NaN NaN NaN NaN NaN NaN NaN NaN NaN NaN NaN NaN NaN NaN NaN NaN NaN NaN NaN NaN NaN NaN NaN NaN NaN NaN 
NaN NaN NaN NaN NaN NaN NaN NaN NaN NaN NaN NaN NaN NaN NaN NaN NaN NaN NaN NaN NaN NaN NaN NaN NaN NaN NaN NaN NaN NaN NaN NaN NaN NaN NaN NaN NaN NaN NaN NaN 
NaN NaN NaN NaN NaN NaN NaN NaN NaN NaN NaN NaN NaN NaN NaN NaN NaN NaN NaN NaN NaN NaN NaN NaN NaN NaN NaN NaN NaN NaN NaN NaN NaN NaN NaN NaN NaN NaN NaN NaN 
NaN NaN NaN NaN NaN NaN NaN NaN NaN NaN NaN NaN NaN NaN NaN NaN NaN NaN NaN NaN NaN NaN NaN NaN NaN NaN NaN NaN NaN NaN NaN NaN NaN NaN NaN NaN NaN NaN NaN NaN 
NaN NaN NaN NaN NaN NaN NaN NaN NaN NaN NaN NaN NaN NaN NaN NaN NaN NaN NaN NaN NaN NaN NaN NaN NaN NaN NaN NaN NaN NaN NaN NaN NaN NaN NaN NaN NaN NaN NaN NaN 
NaN NaN NaN NaN NaN NaN NaN NaN NaN NaN NaN NaN NaN NaN NaN NaN NaN NaN NaN NaN NaN NaN NaN NaN NaN NaN NaN NaN NaN NaN NaN NaN NaN NaN NaN NaN NaN NaN NaN NaN 
NaN NaN NaN NaN NaN NaN NaN NaN NaN NaN NaN NaN NaN NaN NaN NaN NaN NaN NaN NaN NaN NaN NaN NaN NaN NaN NaN NaN NaN NaN NaN NaN NaN NaN NaN NaN NaN NaN NaN NaN 
NaN NaN NaN NaN NaN NaN NaN NaN NaN NaN NaN NaN NaN NaN NaN NaN NaN NaN NaN NaN NaN NaN NaN NaN NaN NaN NaN NaN NaN NaN NaN NaN NaN NaN NaN NaN NaN NaN NaN NaN 
NaN NaN NaN NaN NaN NaN NaN NaN NaN NaN NaN NaN NaN NaN NaN NaN NaN NaN NaN NaN NaN NaN NaN NaN NaN NaN NaN NaN NaN NaN NaN NaN NaN NaN NaN NaN NaN NaN NaN NaN 
NaN NaN NaN NaN NaN NaN NaN NaN NaN NaN NaN NaN NaN NaN NaN NaN NaN NaN NaN NaN NaN NaN NaN NaN NaN NaN NaN NaN NaN NaN NaN NaN NaN NaN NaN NaN NaN NaN NaN NaN 
NaN NaN NaN NaN NaN NaN NaN NaN NaN NaN NaN NaN NaN NaN NaN NaN NaN NaN NaN NaN NaN NaN NaN NaN NaN NaN NaN NaN NaN NaN NaN NaN NaN NaN NaN NaN NaN NaN NaN NaN 
NaN NaN NaN NaN NaN NaN NaN NaN NaN NaN NaN NaN NaN NaN NaN NaN NaN NaN NaN NaN NaN NaN NaN NaN NaN NaN NaN NaN NaN NaN NaN NaN NaN NaN NaN NaN NaN NaN NaN NaN 
NaN NaN NaN NaN NaN NaN NaN NaN NaN NaN NaN NaN NaN NaN NaN NaN NaN NaN NaN NaN NaN NaN NaN NaN NaN NaN NaN NaN NaN NaN NaN NaN NaN NaN NaN NaN NaN NaN NaN NaN 
NaN NaN NaN NaN NaN NaN NaN NaN NaN NaN NaN NaN NaN NaN NaN NaN NaN NaN NaN NaN NaN NaN NaN NaN NaN NaN NaN NaN NaN NaN NaN NaN NaN NaN NaN NaN NaN NaN NaN NaN 
NaN NaN NaN NaN NaN NaN NaN NaN NaN NaN NaN NaN NaN NaN NaN NaN NaN NaN NaN NaN NaN NaN NaN NaN NaN NaN NaN NaN NaN NaN NaN NaN NaN NaN NaN NaN NaN NaN NaN NaN 
