NaN NaN NaN NaN NaN NaN NaN NaN NaN NaN NaN NaN NaN NaN NaN NaN NaN NaN NaN NaN NaN NaN NaN NaN NaN NaN NaN NaN NaN NaN NaN NaN NaN NaN NaN NaN NaN NaN NaN NaN 
NaN NaN NaN NaN NaN NaN NaN NaN NaN NaN NaN NaN NaN NaN NaN NaN NaN NaN NaN NaN NaN NaN NaN NaN NaN NaN NaN NaN NaN NaN NaN NaN NaN NaN NaN NaN NaN NaN NaN NaN 
NaN NaN NaN NaN NaN NaN NaN NaN NaN NaN NaN NaN NaN NaN NaN NaN NaN NaN NaN NaN NaN NaN NaN NaN NaN NaN NaN NaN NaN NaN NaN NaN NaN NaN NaN NaN NaN NaN NaN NaN 
NaN NaN NaN NaN NaN NaN NaN NaN NaN NaN NaN NaN NaN NaN NaN NaN NaN NaN NaN NaN NaN NaN NaN NaN NaN NaN NaN NaN NaN NaN NaN NaN NaN NaN NaN NaN NaN NaN NaN NaN 
NaN NaN NaN NaN NaN NaN NaN NaN NaN NaN NaN NaN NaN NaN NaN NaN NaN NaN NaN NaN NaN NaN NaN NaN NaN NaN NaN NaN NaN NaN NaN NaN NaN NaN NaN NaN NaN NaN NaN NaN 
NaN NaN NaN NaN NaN NaN NaN NaN NaN NaN NaN NaN NaN NaN NaN NaN NaN NaN NaN NaN NaN NaN NaN NaN NaN NaN NaN NaN NaN NaN NaN NaN NaN NaN NaN NaN NaN NaN NaN NaN 
NaN NaN NaN NaN NaN NaN NaN NaN NaN NaN NaN NaN NaN NaN NaN NaN NaN NaN NaN NaN NaN NaN NaN NaN NaN NaN NaN NaN NaN NaN NaN NaN NaN NaN NaN NaN NaN NaN NaN NaN 
NaN NaN NaN NaN NaN NaN NaN NaN NaN NaN NaN NaN NaN NaN NaN NaN NaN NaN NaN NaN NaN NaN NaN NaN NaN NaN NaN NaN NaN NaN NaN NaN NaN NaN NaN NaN NaN NaN NaN NaN 
NaN NaN NaN NaN NaN NaN NaN NaN NaN NaN NaN NaN NaN NaN NaN NaN NaN NaN NaN NaN NaN NaN NaN NaN NaN NaN NaN NaN NaN NaN NaN NaN NaN NaN NaN NaN NaN NaN NaN NaN 
NaN NaN NaN NaN NaN NaN NaN NaN NaN NaN NaN NaN NaN NaN NaN NaN NaN NaN NaN NaN NaN NaN NaN NaN NaN NaN NaN NaN NaN NaN NaN NaN NaN NaN NaN NaN NaN NaN NaN NaN 
NaN NaN NaN NaN NaN NaN NaN NaN NaN NaN NaN NaN NaN NaN NaN NaN NaN NaN NaN NaN NaN NaN NaN NaN NaN NaN NaN NaN NaN NaN NaN NaN NaN NaN NaN NaN NaN NaN NaN NaN 
NaN NaN NaN NaN NaN NaN NaN NaN NaN NaN NaN NaN NaN NaN NaN NaN NaN NaN NaN NaN NaN NaN NaN NaN NaN NaN NaN NaN NaN NaN NaN NaN NaN NaN NaN NaN NaN NaN NaN NaN 
NaN NaN NaN NaN NaN NaN NaN NaN NaN NaN NaN NaN NaN NaN NaN NaN NaN NaN NaN NaN NaN NaN NaN NaN NaN NaN NaN NaN NaN NaN NaN NaN NaN NaN NaN NaN NaN NaN NaN NaN 
NaN NaN NaN NaN NaN NaN NaN NaN NaN NaN NaN NaN NaN NaN NaN NaN NaN NaN NaN NaN NaN NaN NaN NaN NaN NaN NaN NaN NaN NaN NaN NaN NaN NaN NaN NaN NaN NaN NaN NaN 
NaN NaN NaN NaN NaN NaN NaN NaN NaN NaN NaN NaN NaN NaN NaN NaN NaN NaN NaN NaN NaN NaN NaN NaN NaN NaN NaN NaN NaN NaN NaN NaN NaN NaN NaN NaN NaN NaN NaN NaN 
NaN NaN NaN NaN NaN NaN NaN NaN NaN NaN NaN NaN NaN NaN NaN NaN NaN NaN NaN NaN NaN NaN NaN NaN NaN NaN NaN NaN NaN NaN NaN NaN NaN NaN NaN NaN NaN NaN NaN NaN 
NaN NaN NaN NaN NaN NaN NaN NaN NaN NaN NaN NaN NaN NaN NaN NaN NaN NaN NaN NaN NaN NaN NaN NaN NaN NaN NaN NaN NaN NaN NaN NaN NaN NaN NaN NaN NaN NaN NaN NaN 
NaN NaN NaN NaN NaN NaN NaN NaN NaN NaN NaN NaN NaN NaN NaN NaN NaN NaN NaN NaN NaN NaN NaN NaN NaN NaN NaN NaN NaN NaN NaN NaN NaN NaN NaN NaN NaN NaN NaN NaN 
NaN NaN NaN NaN NaN NaN NaN NaN NaN NaN NaN NaN NaN NaN NaN NaN NaN NaN NaN NaN NaN NaN NaN NaN NaN NaN NaN NaN NaN NaN NaN NaN NaN NaN NaN NaN NaN NaN NaN NaN 
NaN NaN NaN NaN NaN NaN NaN NaN NaN NaN NaN NaN NaN NaN NaN NaN NaN NaN NaN NaN NaN NaN NaN NaN NaN NaN NaN NaN NaN NaN NaN NaN NaN NaN NaN NaN NaN NaN NaN NaN 
NaN NaN NaN NaN NaN NaN NaN NaN NaN NaN NaN NaN NaN NaN NaN NaN NaN NaN NaN NaN NaN NaN NaN NaN NaN NaN NaN NaN NaN NaN NaN NaN NaN NaN NaN NaN NaN NaN NaN NaN 
NaN NaN NaN NaN NaN NaN NaN NaN NaN NaN NaN NaN NaN NaN NaN NaN NaN NaN NaN NaN NaN NaN NaN NaN NaN NaN NaN NaN NaN NaN NaN NaN NaN NaN NaN NaN NaN NaN NaN NaN 
NaN NaN NaN NaN NaN NaN NaN NaN NaN NaN NaN NaN NaN NaN NaN NaN NaN NaN NaN NaN NaN NaN NaN NaN NaN NaN NaN NaN NaN NaN NaN NaN NaN NaN NaN NaN NaN NaN NaN NaN 
NaN NaN NaN NaN NaN NaN NaN NaN NaN NaN NaN NaN NaN NaN NaN NaN NaN NaN NaN NaN NaN NaN NaN NaN NaN NaN NaN NaN NaN NaN NaN NaN NaN NaN NaN NaN NaN NaN NaN NaN 
NaN NaN NaN NaN NaN NaN NaN NaN NaN NaN NaN NaN NaN NaN NaN NaN NaN NaN NaN NaN NaN NaN NaN NaN NaN NaN NaN NaN NaN NaN NaN NaN NaN NaN NaN NaN NaN NaN NaN NaN 
NaN NaN NaN NaN NaN NaN NaN NaN NaN NaN NaN NaN NaN NaN NaN NaN NaN NaN NaN NaN NaN NaN NaN NaN NaN NaN NaN NaN NaN NaN NaN NaN NaN NaN NaN NaN NaN NaN NaN NaN 
NaN NaN NaN NaN NaN NaN NaN NaN NaN NaN NaN NaN NaN NaN NaN NaN NaN NaN NaN NaN NaN NaN NaN NaN NaN NaN NaN NaN NaN NaN NaN NaN NaN NaN NaN NaN NaN NaN NaN NaN 
NaN NaN NaN NaN NaN NaN NaN NaN NaN NaN NaN NaN NaN NaN NaN NaN NaN NaN NaN NaN NaN NaN NaN NaN NaN NaN NaN NaN NaN NaN NaN NaN NaN NaN NaN NaN NaN NaN NaN NaN 
NaN NaN NaN NaN NaN NaN NaN NaN NaN NaN NaN NaN NaN NaN NaN NaN NaN NaN NaN NaN NaN NaN NaN NaN NaN NaN NaN NaN NaN NaN NaN NaN NaN NaN NaN NaN NaN NaN NaN NaN 
NaN NaN NaN NaN NaN NaN NaN NaN NaN NaN NaN NaN NaN NaN NaN NaN NaN NaN NaN NaN NaN NaN NaN NaN NaN NaN NaN NaN NaN NaN NaN NaN NaN NaN NaN NaN NaN NaN NaN NaN 
NaN NaN NaN NaN NaN NaN NaN NaN NaN NaN NaN NaN NaN NaN NaN NaN NaN NaN NaN NaN NaN NaN NaN NaN NaN NaN NaN NaN NaN NaN NaN NaN NaN NaN NaN NaN NaN NaN NaN NaN 
NaN NaN NaN NaN NaN NaN NaN NaN NaN NaN NaN NaN NaN NaN NaN NaN NaN NaN NaN NaN NaN NaN NaN NaN NaN NaN NaN NaN NaN NaN NaN NaN NaN NaN NaN NaN NaN NaN NaN NaN 
NaN NaN NaN NaN NaN NaN NaN NaN NaN NaN NaN NaN NaN NaN NaN NaN NaN NaN NaN NaN NaN NaN NaN NaN NaN NaN NaN NaN NaN NaN NaN NaN NaN NaN NaN NaN NaN NaN NaN NaN 
NaN NaN NaN NaN NaN NaN NaN NaN NaN NaN NaN NaN NaN NaN NaN NaN NaN NaN NaN NaN NaN NaN NaN NaN NaN NaN NaN NaN NaN NaN NaN NaN NaN NaN NaN NaN NaN NaN NaN NaN 
NaN NaN NaN NaN NaN NaN NaN NaN NaN NaN NaN NaN NaN NaN NaN NaN NaN NaN NaN NaN NaN NaN NaN NaN NaN NaN NaN NaN NaN NaN NaN NaN NaN NaN NaN NaN NaN NaN NaN NaN 
NaN NaN NaN NaN NaN NaN NaN NaN NaN NaN NaN NaN NaN NaN NaN NaN NaN NaN NaN NaN NaN NaN NaN NaN NaN NaN NaN NaN NaN NaN NaN NaN NaN NaN NaN NaN NaN NaN NaN NaN 
NaN NaN NaN NaN NaN NaN NaN NaN NaN NaN NaN NaN NaN NaN NaN NaN NaN NaN NaN NaN NaN NaN NaN NaN NaN NaN NaN NaN NaN NaN NaN NaN NaN NaN NaN NaN NaN NaN NaN NaN 
NaN NaN NaN NaN NaN NaN NaN NaN NaN NaN NaN NaN NaN NaN NaN NaN NaN NaN NaN NaN NaN NaN NaN NaN NaN NaN NaN NaN NaN NaN NaN NaN NaN NaN NaN NaN NaN NaN NaN NaN 
NaN NaN NaN NaN NaN NaN NaN NaN NaN NaN NaN NaN NaN NaN NaN NaN NaN NaN NaN NaN NaN NaN NaN NaN NaN NaN NaN NaN NaN NaN NaN NaN NaN NaN NaN NaN NaN NaN NaN NaN 
NaN NaN NaN NaN NaN NaN NaN NaN NaN NaN NaN NaN NaN NaN NaN NaN NaN NaN NaN NaN NaN NaN NaN NaN NaN NaN NaN NaN NaN NaN NaN NaN NaN NaN NaN NaN NaN NaN NaN NaN 
NaN NaN NaN NaN NaN NaN NaN NaN NaN NaN NaN NaN NaN NaN NaN NaN NaN NaN NaN NaN NaN NaN NaN NaN NaN NaN NaN NaN NaN NaN NaN NaN NaN NaN NaN NaN NaN NaN NaN NaN 
NaN NaN NaN NaN NaN NaN NaN NaN NaN NaN NaN NaN NaN NaN NaN NaN NaN NaN NaN NaN NaN NaN NaN NaN NaN NaN NaN NaN NaN NaN NaN NaN NaN NaN NaN NaN NaN NaN NaN NaN 
NaN NaN NaN NaN NaN NaN NaN NaN NaN NaN NaN NaN NaN NaN NaN NaN NaN NaN NaN NaN NaN NaN NaN NaN NaN NaN NaN NaN NaN NaN NaN NaN NaN NaN NaN NaN NaN NaN NaN NaN 
NaN NaN NaN NaN NaN NaN NaN NaN NaN NaN NaN NaN NaN NaN NaN NaN NaN NaN NaN NaN NaN NaN NaN NaN NaN NaN NaN NaN NaN NaN NaN NaN NaN NaN NaN NaN NaN NaN NaN NaN 
NaN NaN NaN NaN NaN NaN NaN NaN NaN NaN NaN NaN NaN NaN NaN NaN NaN NaN NaN NaN NaN NaN NaN NaN NaN NaN NaN NaN NaN NaN NaN NaN NaN NaN NaN NaN NaN NaN NaN NaN 
NaN NaN NaN NaN NaN NaN NaN NaN NaN NaN NaN NaN NaN NaN NaN NaN NaN NaN NaN NaN NaN NaN NaN NaN NaN NaN NaN NaN NaN NaN NaN NaN NaN NaN NaN NaN NaN NaN NaN NaN 
NaN NaN NaN NaN NaN NaN NaN NaN NaN NaN NaN NaN NaN NaN NaN NaN NaN NaN NaN NaN NaN NaN NaN NaN NaN NaN NaN NaN NaN NaN NaN NaN NaN NaN NaN NaN NaN NaN NaN NaN 
NaN NaN NaN NaN NaN NaN NaN NaN NaN NaN NaN NaN NaN NaN NaN NaN NaN NaN NaN NaN NaN NaN NaN NaN NaN NaN NaN NaN NaN NaN NaN NaN NaN NaN NaN NaN NaN NaN NaN NaN 
NaN NaN NaN NaN NaN NaN NaN NaN NaN NaN NaN NaN NaN NaN NaN NaN NaN NaN NaN NaN NaN NaN NaN NaN NaN NaN NaN NaN NaN NaN NaN NaN NaN NaN NaN NaN NaN NaN NaN NaN 
NaN NaN NaN NaN NaN NaN NaN NaN NaN NaN NaN NaN NaN NaN NaN NaN NaN NaN NaN NaN NaN NaN NaN NaN NaN NaN NaN NaN NaN NaN NaN NaN NaN NaN NaN NaN NaN NaN NaN NaN 
NaN NaN NaN NaN NaN NaN NaN NaN NaN NaN NaN NaN NaN NaN NaN NaN NaN NaN NaN NaN NaN NaN NaN NaN NaN NaN NaN NaN NaN NaN NaN NaN NaN NaN NaN NaN NaN NaN NaN NaN 
NaN NaN NaN NaN NaN NaN NaN NaN NaN NaN NaN NaN NaN NaN NaN NaN NaN NaN NaN NaN NaN NaN NaN NaN NaN NaN NaN NaN NaN NaN NaN NaN NaN NaN NaN NaN NaN NaN NaN NaN 
NaN NaN NaN NaN NaN NaN NaN NaN NaN NaN NaN NaN NaN NaN NaN NaN NaN NaN NaN NaN NaN NaN NaN NaN NaN NaN NaN NaN NaN NaN NaN NaN NaN NaN NaN NaN NaN NaN NaN NaN 
NaN NaN NaN NaN NaN NaN NaN NaN NaN NaN NaN NaN NaN NaN NaN NaN NaN NaN NaN NaN NaN NaN NaN NaN NaN NaN NaN NaN NaN NaN NaN NaN NaN NaN NaN NaN NaN NaN NaN NaN 
NaN NaN NaN NaN NaN NaN NaN NaN NaN NaN NaN NaN NaN NaN NaN NaN NaN NaN NaN NaN NaN NaN NaN NaN NaN NaN NaN NaN NaN NaN NaN NaN NaN NaN NaN NaN NaN NaN NaN NaN 
NaN NaN NaN NaN NaN NaN NaN NaN NaN NaN NaN NaN NaN NaN NaN NaN NaN NaN NaN NaN NaN NaN NaN NaN NaN NaN NaN NaN NaN NaN NaN NaN NaN NaN NaN NaN NaN NaN NaN NaN 
NaN NaN NaN NaN NaN NaN NaN NaN NaN NaN NaN NaN NaN NaN NaN NaN NaN NaN NaN NaN NaN NaN NaN NaN NaN NaN NaN NaN NaN NaN NaN NaN NaN NaN NaN NaN NaN NaN NaN NaN 
NaN NaN NaN NaN NaN NaN NaN NaN NaN NaN NaN NaN NaN NaN NaN NaN NaN NaN NaN NaN NaN NaN NaN NaN NaN NaN NaN NaN NaN NaN NaN NaN NaN NaN NaN NaN NaN NaN NaN NaN 
NaN NaN NaN NaN NaN NaN NaN NaN NaN NaN NaN NaN NaN NaN NaN NaN NaN NaN NaN NaN NaN NaN NaN NaN NaN NaN NaN NaN NaN NaN NaN NaN NaN NaN NaN NaN NaN NaN NaN NaN 
NaN NaN NaN NaN NaN NaN NaN NaN NaN NaN NaN NaN NaN NaN NaN NaN NaN NaN NaN NaN NaN NaN NaN NaN NaN NaN NaN NaN NaN NaN NaN NaN NaN NaN NaN NaN NaN NaN NaN NaN 
NaN NaN NaN NaN NaN NaN NaN NaN NaN NaN NaN NaN NaN NaN NaN NaN NaN NaN NaN NaN NaN NaN NaN NaN NaN NaN NaN NaN NaN NaN NaN NaN NaN NaN NaN NaN NaN NaN NaN NaN 
NaN NaN NaN NaN NaN NaN NaN NaN NaN NaN NaN NaN NaN NaN NaN NaN NaN NaN NaN NaN NaN NaN NaN NaN NaN NaN NaN NaN NaN NaN NaN NaN NaN NaN NaN NaN NaN NaN NaN NaN 
NaN NaN NaN NaN NaN NaN NaN NaN NaN NaN NaN NaN NaN NaN NaN NaN NaN NaN NaN NaN NaN NaN NaN NaN NaN NaN NaN NaN NaN NaN NaN NaN NaN NaN NaN NaN NaN NaN NaN NaN 
NaN NaN NaN NaN NaN NaN NaN NaN NaN NaN NaN NaN NaN NaN NaN NaN NaN NaN NaN NaN NaN NaN NaN NaN NaN NaN NaN NaN NaN NaN NaN NaN NaN NaN NaN NaN NaN NaN NaN NaN 
NaN NaN NaN NaN NaN NaN NaN NaN NaN NaN NaN NaN NaN NaN NaN NaN NaN NaN NaN NaN NaN NaN NaN NaN NaN NaN NaN NaN NaN NaN NaN NaN NaN NaN NaN NaN NaN NaN NaN NaN 
NaN NaN NaN NaN NaN NaN NaN NaN NaN NaN NaN NaN NaN NaN NaN NaN NaN NaN NaN NaN NaN NaN NaN NaN NaN NaN NaN NaN NaN NaN NaN NaN NaN NaN NaN NaN NaN NaN NaN NaN 
NaN NaN NaN NaN NaN NaN NaN NaN NaN NaN NaN NaN NaN NaN NaN NaN NaN NaN NaN NaN NaN NaN NaN NaN NaN NaN NaN NaN NaN NaN NaN NaN NaN NaN NaN NaN NaN NaN NaN NaN 
NaN NaN NaN NaN NaN NaN NaN NaN NaN NaN NaN NaN NaN NaN NaN NaN NaN NaN NaN NaN NaN NaN NaN NaN NaN NaN NaN NaN NaN NaN NaN NaN NaN NaN NaN NaN NaN NaN NaN NaN 
NaN NaN NaN NaN NaN NaN NaN NaN NaN NaN NaN NaN NaN NaN NaN NaN NaN NaN NaN NaN NaN NaN NaN NaN NaN NaN NaN NaN NaN NaN NaN NaN NaN NaN NaN NaN NaN NaN NaN NaN 
NaN NaN NaN NaN NaN NaN NaN NaN NaN NaN NaN NaN NaN NaN NaN NaN NaN NaN NaN NaN NaN NaN NaN NaN NaN NaN NaN NaN NaN NaN NaN NaN NaN NaN NaN NaN NaN NaN NaN NaN 
NaN NaN NaN NaN NaN NaN NaN NaN NaN NaN NaN NaN NaN NaN NaN NaN NaN NaN NaN NaN NaN NaN NaN NaN NaN NaN NaN NaN NaN NaN NaN NaN NaN NaN NaN NaN NaN NaN NaN NaN 
NaN NaN NaN NaN NaN NaN NaN NaN NaN NaN NaN NaN NaN NaN NaN NaN NaN NaN NaN NaN NaN NaN NaN NaN NaN NaN NaN NaN NaN NaN NaN NaN NaN NaN NaN NaN NaN NaN NaN NaN 
NaN NaN NaN NaN NaN NaN NaN NaN NaN NaN NaN NaN NaN NaN NaN NaN NaN NaN NaN NaN NaN NaN NaN NaN NaN NaN NaN NaN NaN NaN NaN NaN NaN NaN NaN NaN NaN NaN NaN NaN 
NaN NaN NaN NaN NaN NaN NaN NaN NaN NaN NaN NaN NaN NaN NaN NaN NaN NaN NaN NaN NaN NaN NaN NaN NaN NaN NaN NaN NaN NaN NaN NaN NaN NaN NaN NaN NaN NaN NaN NaN 
NaN NaN NaN NaN NaN NaN NaN NaN NaN NaN NaN NaN NaN NaN NaN NaN NaN NaN NaN NaN NaN NaN NaN NaN NaN NaN NaN NaN NaN NaN NaN NaN NaN NaN NaN NaN NaN NaN NaN NaN 
NaN NaN NaN NaN NaN NaN NaN NaN NaN NaN NaN NaN NaN NaN NaN NaN NaN NaN NaN NaN NaN NaN NaN NaN NaN NaN NaN NaN NaN NaN NaN NaN NaN NaN NaN NaN NaN NaN NaN NaN 
NaN NaN NaN NaN NaN NaN NaN NaN NaN NaN NaN NaN NaN NaN NaN NaN NaN NaN NaN NaN NaN NaN NaN NaN NaN NaN NaN NaN NaN NaN NaN NaN NaN NaN NaN NaN NaN NaN NaN NaN 
NaN NaN NaN NaN NaN NaN NaN NaN NaN NaN NaN NaN NaN NaN NaN NaN NaN NaN NaN NaN NaN NaN NaN NaN NaN NaN NaN NaN NaN NaN NaN NaN NaN NaN NaN NaN NaN NaN NaN NaN 
NaN NaN NaN NaN NaN NaN NaN NaN NaN NaN NaN NaN NaN NaN NaN NaN NaN NaN NaN NaN NaN NaN NaN NaN NaN NaN NaN NaN NaN NaN NaN NaN NaN NaN NaN NaN NaN NaN NaN NaN 
NaN NaN NaN NaN NaN NaN NaN NaN NaN NaN NaN NaN NaN NaN NaN NaN NaN NaN NaN NaN NaN NaN NaN NaN NaN NaN NaN NaN NaN NaN NaN NaN NaN NaN NaN NaN NaN NaN NaN NaN 
NaN NaN NaN NaN NaN NaN NaN NaN NaN NaN NaN NaN NaN NaN NaN NaN NaN NaN NaN NaN NaN NaN NaN NaN NaN NaN NaN NaN NaN NaN NaN NaN NaN NaN NaN NaN NaN NaN NaN NaN 
NaN NaN NaN NaN NaN NaN NaN NaN NaN NaN NaN NaN NaN NaN NaN NaN NaN NaN NaN NaN NaN NaN NaN NaN NaN NaN NaN NaN NaN NaN NaN NaN NaN NaN NaN NaN NaN NaN NaN NaN 
NaN NaN NaN NaN NaN NaN NaN NaN NaN NaN NaN NaN NaN NaN NaN NaN NaN NaN NaN NaN NaN NaN NaN NaN NaN NaN NaN NaN NaN NaN NaN NaN NaN NaN NaN NaN NaN NaN NaN NaN 
NaN NaN NaN NaN NaN NaN NaN NaN NaN NaN NaN NaN NaN NaN NaN NaN NaN NaN NaN NaN NaN NaN NaN NaN NaN NaN NaN NaN NaN NaN NaN NaN NaN NaN NaN NaN NaN NaN NaN NaN 
NaN NaN NaN NaN NaN NaN NaN NaN NaN NaN NaN NaN NaN NaN NaN NaN NaN NaN NaN NaN NaN NaN NaN NaN NaN NaN NaN NaN NaN NaN NaN NaN NaN NaN NaN NaN NaN NaN NaN NaN 
NaN NaN NaN NaN NaN NaN NaN NaN NaN NaN NaN NaN NaN NaN NaN NaN NaN NaN NaN NaN NaN NaN NaN NaN NaN NaN NaN NaN NaN NaN NaN NaN NaN NaN NaN NaN NaN NaN NaN NaN 
-91.883053 -91.981152 -92.145337 -92.424967 -92.809963 -93.361469 -94.056406 -94.986184 -96.297887 -97.998361 -100.326122 -103.758549 -108.712612 -111.872841 -107.863443 -104.283865 -102.338395 -101.681645 -102.222398 -104.238462 -108.923245 -118.284110 -111.255353 -105.810516 -104.141333 -104.659478 -105.802949 -104.650255 -102.654180 -102.820523 -107.419878 -113.323771 -105.480197 -104.392380 -111.277891 -109.452520 -104.645164 -106.992883 -110.199245 -106.370617 
-57.858432 -64.419368 -67.752348 -68.576429 -72.363078 -72.419093 -74.531478 -84.295059 -94.245881 -80.837837 -79.904350 -75.493159 -78.001929 -83.205151 -80.245246 -81.519462 -79.788293 -82.634527 -82.082149 -83.422437 -77.875576 -78.166370 -88.313707 -79.483757 -78.661266 -78.150773 -76.531581 -76.535837 -77.653194 -81.466399 -78.443343 -77.783045 -79.070814 -78.990977 -76.479948 -79.272267 -81.151902 -79.544866 -79.122393 -82.960524 
-54.507001 -71.908448 -73.773625 -69.441773 -70.374645 -74.473114 -71.353761 -81.925343 -86.052649 -75.794437 -72.996061 -68.858953 -73.184633 -73.023685 -73.213858 -71.085554 -71.803289 -76.897786 -77.514502 -74.884044 -75.461852 -73.736638 -77.146763 -72.072041 -74.271909 -73.911361 -73.754413 -78.536707 -75.090790 -74.342498 -76.141719 -74.672670 -75.031008 -76.315263 -75.325944 -74.172831 -75.233896 -73.876198 -73.091387 -75.185492 
-54.894186 -72.235593 -77.412186 -79.018194 -72.154199 -68.804996 -74.049324 -70.561439 -77.961824 -71.073416 -69.526680 -78.023969 -73.201457 -70.788878 -73.913210 -71.880323 -71.945053 -72.602632 -71.938206 -71.716823 -69.546502 -72.549741 -69.861030 -71.423993 -73.911949 -75.848316 -73.338614 -74.524737 -78.237452 -73.082815 -76.347317 -73.333124 -76.186248 -74.127949 -71.202513 -72.470288 -72.965781 -74.511347 -73.453019 -74.457368 
-47.524610 -45.505814 -46.230263 -48.495309 -51.700149 -53.444951 -61.562458 -58.091815 -58.363370 -58.825514 -61.142092 -68.882202 -68.179240 -64.391995 -66.506102 -66.976082 -66.690138 -68.537692 -70.332776 -69.695500 -70.922115 -68.877071 -66.561205 -71.168080 -72.020592 -71.518913 -69.729588 -69.567154 -70.314807 -72.737475 -74.380392 -72.050861 -74.442477 -73.259041 -71.153936 -74.058975 -74.410657 -73.013158 -72.694629 -73.601158 
-20.617245 -23.538585 -32.234973 -35.790735 -34.500700 -35.045493 -41.524074 -41.670928 -43.418066 -46.552466 -47.216413 -51.129231 -53.124031 -50.975311 -55.609926 -58.547031 -58.359838 -56.349105 -61.468237 -57.764598 -62.651155 -59.813596 -58.212601 -61.124240 -60.460930 -60.219939 -65.368891 -61.970447 -58.132720 -63.420601 -63.593688 -61.329922 -63.817060 -65.337453 -66.127503 -63.952874 -63.011969 -62.893737 -64.712589 -65.680042 
-15.062552 -21.480988 -32.356009 -34.617479 -37.413005 -38.687744 -41.586664 -45.170637 -52.340929 -47.454070 -50.812155 -58.669551 -54.427938 -53.607725 -55.288916 -53.423915 -58.973062 -62.137273 -59.093450 -56.853179 -61.720604 -59.270867 -60.403346 -58.755782 -61.949971 -61.783401 -65.324978 -62.299742 -62.205010 -62.427677 -62.820567 -61.918836 -63.487041 -68.977191 -65.267619 -63.022306 -62.219428 -62.310580 -64.369989 -66.794546 
-18.266381 -19.627934 -28.795459 -29.174721 -30.032437 -35.732158 -38.857801 -37.660407 -47.140949 -53.925187 -53.780323 -51.895863 -54.219419 -48.436118 -49.278821 -51.710637 -52.532156 -51.486079 -54.915421 -55.736228 -63.047115 -61.145393 -60.869874 -60.465119 -59.101023 -59.942276 -67.485148 -67.916944 -61.525242 -61.716787 -60.437515 -60.499366 -63.937271 -63.023639 -60.167575 -63.157474 -63.648207 -64.901868 -62.520865 -64.165910 
-21.153477 -22.734100 -28.100199 -27.538834 -34.264138 -33.986227 -42.747209 -44.060133 -52.585820 -50.581260 -49.033989 -51.909970 -49.363624 -51.838039 -47.764850 -48.154524 -53.636818 -52.515135 -55.016550 -59.914428 -63.654537 -62.695781 -62.545449 -64.017759 -59.824226 -64.261294 -65.314386 -60.459448 -60.729508 -59.400264 -56.403853 -61.188905 -61.057894 -63.145554 -64.124805 -64.120432 -63.940059 -63.362896 -63.078151 -65.922485 
-25.309278 -26.294345 -26.550248 -28.216592 -33.991298 -33.725526 -41.603289 -47.565229 -53.479238 -54.867405 -47.892127 -49.589560 -51.686053 -55.430160 -61.402244 -52.183370 -54.729815 -51.472237 -57.197701 -53.568561 -56.826868 -56.252753 -58.727205 -65.884560 -70.257183 -63.522902 -57.931479 -59.513732 -57.887109 -56.324779 -53.556217 -54.949349 -58.575662 -58.734860 -62.737012 -62.695548 -61.662395 -61.262398 -62.967043 -62.774015 
-27.250019 -27.220403 -24.816210 -27.629125 -39.693192 -37.817821 -44.505237 -41.447375 -46.034805 -44.072637 -52.447860 -53.058569 -49.052236 -48.909266 -53.898498 -56.814920 -54.128870 -55.816646 -57.606827 -51.461216 -51.345122 -51.539023 -57.555655 -63.070198 -59.374029 -57.253874 -57.188517 -59.498732 -61.186290 -59.601639 -56.914046 -53.792825 -59.441548 -60.756432 -59.423903 -59.640946 -62.595751 -62.221528 -60.555400 -60.147484 
-31.344520 -25.629238 -20.095806 -22.397548 -32.579174 -36.638357 -40.882848 -39.789360 -38.874014 -45.276347 -49.723715 -52.908691 -49.847993 -48.448701 -46.370934 -39.834631 -44.940969 -46.784014 -57.389313 -55.939754 -55.737155 -57.469066 -55.254101 -55.415237 -59.497582 -57.452470 -60.171096 -69.166623 -59.862635 -62.995531 -61.011980 -60.305689 -60.772403 -60.049142 -60.521815 -58.930835 -59.050148 -60.053714 -61.147578 -64.261973 
-9.392968 -6.810087 -6.201724 -6.823453 -5.330602 -6.608797 -11.066288 -13.241813 -17.606920 -25.966280 -28.220988 -26.431690 -25.277549 -30.324068 -30.033121 -28.334018 -25.253056 -23.742266 -24.978562 -26.755794 -28.251602 -28.184455 -31.417503 -32.099692 -35.103574 -36.561615 -38.878337 -35.859521 -34.749772 -38.868837 -38.192297 -38.058766 -37.718122 -37.571688 -38.301074 -39.235985 -38.032487 -43.763035 -39.076614 -39.844272 
7.681937 7.782709 13.866019 13.312499 4.981808 7.861431 8.580866 3.967593 2.113388 -4.865706 -9.302456 -7.982834 -9.436424 -11.722881 -13.938516 -14.562443 -7.787244 -5.125611 -7.036507 -10.861449 -12.652595 -13.729608 -10.021554 -12.317492 -14.916831 -22.186712 -21.754614 -16.791330 -18.058852 -26.889530 -26.403381 -26.668361 -26.490281 -26.384765 -27.162407 -27.772782 -25.933972 -29.216574 -31.742342 -32.396321 
13.405206 21.258427 25.653618 20.174861 17.959441 21.977169 19.070027 23.594802 17.274084 4.400166 -0.690020 4.912655 0.097377 -2.918652 -0.960057 -2.708759 1.138145 6.439351 10.547189 -1.548571 -4.116616 -4.551661 3.602743 1.818724 -8.151566 -15.286874 -12.476937 -5.037244 -6.468277 -25.406234 -22.586947 -22.476885 -27.707785 -30.311490 -31.164333 -31.733782 -25.842712 -27.214543 -33.074261 -31.079190 
8.939093 18.214271 25.497898 17.772244 20.630322 21.439977 18.183372 28.567075 20.537384 14.714155 4.123285 2.619716 2.505043 -1.710608 -0.183022 0.597649 0.862640 5.827628 13.380503 8.016917 -2.405262 -3.574258 3.675397 5.526559 -7.229762 -12.072660 -9.746081 -5.678312 -7.717621 -21.430814 -27.662764 -27.856666 -28.228171 -33.434288 -38.031031 -35.184857 -29.208958 -28.411056 -38.199858 -27.282409 
1.660960 15.206085 23.194828 15.640017 18.116882 19.730295 15.903782 26.259300 18.350825 20.078024 5.406143 1.453478 3.022937 -1.874646 -0.255625 -0.332089 -0.167055 4.548814 13.140958 10.372138 -0.821994 -0.781364 4.760018 6.005372 -7.062962 -11.408932 -9.427033 -5.957124 -6.368483 -12.587289 -22.768585 -27.508633 -26.579385 -30.949950 -35.458043 -33.088803 -24.822215 -21.780565 -33.921491 -26.048578 
-5.842065 12.415036 22.460185 16.176993 14.891432 20.568087 13.557822 21.995863 14.720666 22.373145 10.978177 -0.156242 0.229856 -0.324786 0.230306 -1.336846 -0.661024 4.001665 9.855905 10.598134 1.766079 -0.359371 0.483140 5.661139 -3.471063 -10.950669 -13.909903 -9.760190 -8.515428 -13.895185 -21.337947 -25.487599 -24.625741 -30.076703 -33.113021 -29.021053 -24.377420 -21.819003 -32.256127 -26.217620 
-15.318118 11.204842 22.564821 18.076634 12.473911 20.597304 11.911168 20.679666 16.619200 20.984106 14.840492 2.390430 -0.890828 0.899674 -1.393228 -5.210417 -3.787607 -1.089712 2.663896 8.353837 1.444125 0.197703 0.671649 3.611351 -3.755342 -14.171368 -15.710431 -12.301390 -11.134719 -15.288802 -23.560759 -27.829369 -27.358848 -30.976440 -40.023348 -30.953000 -23.349983 -21.809610 -36.207776 -31.260092 
-14.787264 8.655369 21.679161 18.567286 9.383052 20.222006 13.800643 19.317987 19.936584 14.915437 16.147831 4.440328 1.748626 0.335396 -5.282040 -9.132515 -7.052831 -3.593366 -0.120586 6.051906 3.554249 -3.233914 -1.779404 3.942405 -5.954512 -12.582488 -17.480079 -18.160678 -14.251017 -18.127082 -22.290226 -26.744544 -26.921028 -32.046991 -43.685940 -33.244181 -26.703529 -22.594318 -37.926888 -35.535422 
-12.863391 5.275860 20.567726 19.153178 6.131093 18.897489 15.103534 17.729089 23.901746 12.148362 17.129651 4.194230 4.135229 0.614651 -3.092244 -7.590948 -4.952827 -3.230533 0.130821 2.091627 5.544360 1.203838 2.844250 3.358922 -6.851773 -15.470637 -19.266036 -15.632944 -13.685207 -19.316205 -27.608064 -27.414816 -27.634381 -31.204625 -34.462036 -34.404342 -27.377729 -24.829336 -34.860231 -28.283921 
-12.480843 4.166183 19.779233 19.447708 3.636390 16.997808 14.653743 11.938975 23.832050 12.928900 18.438811 6.093825 5.085335 -0.378241 -0.613657 -7.702746 -5.970772 -2.068831 0.702478 4.290727 7.991271 1.471487 1.098550 0.197318 -11.729103 -13.691003 -19.543026 -19.706934 -13.533531 -18.729047 -27.875075 -26.700355 -26.720722 -30.070599 -34.661280 -35.847908 -28.193423 -27.818446 -37.712392 -28.399538 
-8.619840 1.157015 18.716665 19.327409 2.048139 15.400071 14.878146 8.486456 22.024189 9.958581 17.479356 7.782451 5.917211 -1.143989 0.128009 -7.571846 -7.504155 -4.665977 -0.016803 6.655138 5.533196 0.748257 -0.919088 -1.795094 -9.560779 -12.854512 -17.720698 -18.296928 -20.282060 -23.287821 -25.331917 -25.794531 -24.033249 -26.918417 -29.562919 -30.883384 -27.100909 -26.462264 -31.986911 -28.401352 
-15.350783 0.699287 18.476015 19.390712 2.466256 15.044652 15.050112 6.965858 20.145738 8.874772 17.497894 9.192846 6.567533 0.080738 0.945831 -6.412936 -6.932649 -5.039286 -1.930921 7.138900 2.078406 -2.095253 -6.011871 -1.312850 -6.173482 -13.736730 -22.745329 -16.735058 -18.285965 -20.609781 -24.508473 -26.737453 -24.242070 -27.554872 -32.160028 -36.785877 -30.236495 -26.239806 -37.511380 -32.070900 
-15.858472 0.517223 17.807335 19.337991 2.412928 13.951000 15.399813 5.731347 20.102793 10.022608 18.541841 12.472791 7.471621 0.094629 -0.268403 -2.214464 -3.014916 -2.936240 -1.077398 4.694699 -0.871996 -3.243414 1.311818 1.820566 -3.172192 -11.838827 -17.853790 -21.476759 -17.152852 -15.720384 -23.098294 -28.029554 -20.669520 -23.845933 -30.869113 -36.614342 -30.930818 -26.036377 -34.705332 -30.971304 
-17.365410 -1.153733 17.124584 18.815034 2.422245 13.609741 15.405100 4.484757 19.447203 9.626209 20.196881 15.650138 6.939404 -0.164854 -0.506574 -2.502486 -2.476248 -2.243374 3.502421 7.076666 4.710420 -0.017168 1.066606 1.857815 -7.331447 -16.009408 -19.844764 -22.316563 -22.046747 -19.637816 -29.711724 -31.584670 -22.227534 -27.820481 -37.465160 -44.813484 -30.174862 -22.245184 -32.095569 -32.052228 
-15.331260 -0.816182 16.832887 18.338765 -0.775742 12.942710 14.905624 2.822378 18.073603 9.016074 21.038730 14.471537 8.692483 1.468868 2.333153 -0.010528 -2.424239 0.342423 8.138820 10.855624 7.356223 0.223337 -0.066240 -0.436150 -9.795604 -20.976325 -19.650490 -20.648826 -16.823701 -19.070062 -27.160392 -28.123502 -23.135442 -29.482716 -30.752569 -32.232360 -30.360792 -25.621534 -29.284987 -28.542271 
-14.050241 -1.907962 17.242858 19.062942 2.684201 12.706069 14.379220 2.996576 17.123698 8.016389 21.734772 14.932988 8.691846 1.439847 2.162981 -2.217458 -1.743513 0.894409 6.649629 11.437517 7.172050 -1.163635 0.388069 -1.140826 -10.256104 -20.837827 -18.838162 -16.406127 -12.898497 -15.700344 -25.403183 -27.300518 -21.820423 -26.744577 -30.205499 -32.293203 -30.493619 -26.394842 -29.165722 -30.363062 
-19.231050 -0.112667 17.308736 18.597656 2.360427 13.364774 13.204767 3.618391 14.874101 7.400944 23.279033 14.392797 7.730504 1.827598 3.154469 -1.464387 -2.273709 1.435939 6.979946 9.043391 4.948363 1.418217 3.050699 0.389202 -8.480815 -20.895888 -18.678371 -18.874946 -12.884653 -14.004380 -26.860014 -34.095143 -28.626053 -27.999748 -38.132092 -48.132038 -34.181345 -23.828824 -31.777169 -31.000539 
-17.034360 1.787319 17.666874 17.474529 2.464299 14.348288 11.407085 6.032064 12.597683 12.169713 24.056354 12.311776 7.600832 1.971328 1.220364 0.112308 -0.020395 3.494404 9.259447 10.947959 4.144865 0.980708 3.937974 -0.419713 -11.413686 -21.630960 -18.665778 -15.910476 -14.301253 -17.674342 -30.236102 -33.268155 -32.044127 -30.402581 -38.641523 -52.298458 -38.520294 -26.099355 -30.284976 -31.269073 
-12.606105 5.982404 17.564078 14.004500 7.487394 15.484979 7.786627 9.749816 10.640957 20.884787 21.593462 9.597406 4.682963 4.081895 3.339149 0.322371 1.254880 5.848265 10.105566 9.905562 1.718455 -0.650464 0.444573 -5.958525 -15.177674 -21.812957 -22.316795 -16.846668 -15.483802 -19.393092 -27.976630 -30.022886 -31.789917 -29.094062 -33.426096 -35.083052 -34.841408 -28.752553 -29.357935 -30.402702 
-11.417750 9.115119 16.885858 9.326422 13.493635 13.700053 5.052799 8.992394 17.001735 19.601336 14.811795 10.411959 6.538643 5.351721 1.362973 0.558312 2.726065 3.971776 9.343779 7.234507 -2.952272 -2.520912 0.307289 -7.858715 -16.471631 -25.496451 -23.389712 -17.107191 -19.038771 -23.501120 -29.239820 -30.809858 -41.247677 -32.900858 -40.923538 -56.294606 -51.289836 -29.403871 -28.133045 -32.310407 
-8.694808 10.679369 16.772379 7.927417 15.091902 12.299052 5.573216 6.079688 18.517801 15.970812 15.255010 8.035175 5.222250 3.016893 -1.950628 0.197928 1.783345 5.804326 8.091851 3.794127 -1.172569 2.312598 1.035360 -8.783135 -19.206440 -24.069658 -25.523657 -21.098945 -23.496036 -26.737869 -31.745210 -36.565741 -41.564856 -38.316423 -41.676204 -44.283710 -43.494023 -32.101539 -31.687767 -34.554624 
-7.151997 11.482195 17.533675 10.162773 15.766649 13.036077 6.073077 4.638818 17.923633 16.940683 9.246788 4.970863 7.918047 3.413960 -0.368763 -0.488740 1.490509 5.966368 9.795618 2.681560 -1.399946 1.057216 1.337819 -7.772590 -16.890470 -21.620505 -19.067501 -15.326046 -22.407082 -26.141759 -35.507988 -38.601535 -49.191698 -37.228237 -44.709243 -56.361290 -54.598441 -35.619608 -35.608399 -35.819570 
-5.489480 11.810856 16.915129 8.278413 15.519532 10.509784 4.492889 4.113553 17.386993 11.705539 7.999438 7.999523 6.199101 1.402379 0.251621 -2.816919 -1.008167 5.444046 7.650443 5.000553 -1.445513 -0.549548 -4.070478 -10.886980 -18.097365 -21.404142 -18.216286 -15.732524 -27.358027 -28.665865 -30.254792 -32.994187 -35.722480 -31.215660 -35.412132 -37.456435 -37.701434 -34.377545 -33.297569 -32.043662 
-5.858058 12.346829 15.884958 7.629851 14.462136 6.649345 2.029044 4.287520 14.571423 11.335187 10.131079 8.532590 2.435168 0.664747 -0.680672 -3.591443 -0.887701 6.860832 10.012479 1.923106 -4.004744 -2.583866 -7.578942 -14.228356 -19.405095 -21.452802 -18.707413 -18.194908 -27.219617 -26.262500 -27.298435 -30.428618 -32.250967 -32.414419 -33.077018 -33.777546 -34.124645 -32.314282 -31.646410 -31.717345 
-5.101279 12.542927 14.542783 8.735291 12.068944 -0.021512 -2.533425 6.248729 9.491009 13.908101 7.150380 5.123175 0.783304 -2.001773 -5.488806 -3.563971 -2.603352 2.979722 4.797466 -5.080456 -4.577573 -3.504183 -13.829269 -17.984038 -21.336778 -23.145812 -20.177606 -20.157997 -31.021249 -33.672607 -35.079329 -37.668607 -44.774124 -42.779875 -42.734280 -48.152226 -48.593617 -43.469762 -40.726757 -35.438121 
-1.078051 12.929117 13.063000 9.185904 10.135439 0.612058 -0.698762 5.901231 5.947716 13.807078 7.836714 2.263972 -1.040075 -4.444864 -7.516707 -3.192214 -0.852807 5.385657 1.780373 -1.747656 -2.433484 -3.936304 -15.705799 -21.513076 -25.641978 -31.739035 -22.022265 -22.878750 -32.124751 -34.352361 -36.721521 -39.881111 -42.833741 -41.530142 -42.305472 -44.447606 -44.653946 -42.995371 -40.694919 -39.614691 
-0.155703 13.009763 11.307770 8.879530 7.734646 -2.107136 -2.802801 6.395869 10.775064 13.182574 7.478849 0.610950 -1.645978 -4.205958 -5.018438 -5.607481 -1.723672 4.794261 3.115985 -3.404548 -8.931309 -8.711224 -17.616771 -22.418396 -34.431434 -32.974518 -21.593444 -22.988939 -33.173458 -35.614756 -35.393614 -44.040860 -48.248228 -45.116916 -47.309934 -58.613982 -56.644925 -46.816159 -43.726992 -40.583744 
0.895259 12.782731 10.407376 8.666668 4.963695 -2.851142 -0.311022 3.925410 9.052062 4.850265 3.510884 -1.223185 -2.438740 -4.926925 -6.815488 -6.044004 -4.987788 -1.692442 -2.010468 -5.904306 -5.304392 -14.345909 -21.739827 -28.339728 -33.117029 -33.054468 -21.815115 -23.585031 -35.826997 -38.383839 -38.041974 -42.176545 -42.710309 -40.049210 -42.698849 -44.526923 -44.023346 -41.290562 -40.931165 -39.198128 
0.211705 11.838478 8.652275 6.566134 2.985494 -1.630025 -0.716075 3.259530 9.798515 8.161272 3.438862 -2.605807 -6.859614 -5.968243 -7.847207 -10.528942 -10.101124 -5.007376 -3.983387 -6.156132 -6.922266 -17.228356 -24.661324 -29.471251 -35.426419 -30.258107 -24.077759 -29.783672 -35.680409 -35.442295 -37.176354 -42.168270 -43.254517 -37.653648 -41.035331 -46.090998 -45.381514 -43.017344 -42.772656 -41.739125 
-0.182949 10.902770 7.170467 4.137435 1.903581 -0.419713 -3.318353 -0.718621 3.740159 2.514176 0.219716 -2.302062 -9.678644 -11.284397 -15.042575 -15.005958 -12.286189 -2.319606 -0.306861 -3.431602 -9.873525 -19.320866 -29.161826 -32.117373 -35.368882 -32.732503 -27.035079 -35.284709 -41.453063 -43.318971 -44.841077 -44.960909 -46.708260 -44.090006 -47.668841 -50.084236 -50.100484 -46.132187 -47.045560 -43.456459 
-0.785399 10.375832 6.743435 -2.626801 -3.237788 -0.829776 -5.176469 -4.855240 -1.646684 0.950551 -1.806874 -8.593241 -13.772709 -20.145339 -20.925685 -22.253976 -24.830614 -11.056787 -2.948689 -5.495865 -15.374662 -21.361153 -25.967595 -33.644231 -37.580703 -39.547399 -38.024715 -43.634411 -46.248233 -48.721158 -46.430448 -48.424896 -51.218518 -47.300529 -51.519674 -69.534688 -66.661968 -53.893975 -51.492797 -44.081800 
-2.569119 9.537129 6.879873 -4.591959 -8.293014 -5.250892 -6.818282 -8.518183 -5.742302 -2.834226 -6.626572 -7.528936 -14.757831 -15.218216 -15.915074 -25.390515 -24.596036 -12.015613 -7.573977 -7.752869 -15.812990 -26.989165 -30.958217 -35.427854 -37.912796 -40.312954 -38.616353 -45.658757 -49.189910 -51.246087 -49.080980 -52.183581 -54.762973 -45.607462 -52.070406 -70.864639 -65.420872 -55.219408 -54.454114 -45.164805 
-3.866746 8.368669 6.108241 -1.625800 -7.238513 -13.240773 -18.350258 -11.209911 -10.380834 -9.935562 -6.882153 -12.105622 -17.785218 -21.245114 -18.882638 -24.297800 -25.051839 -17.434038 -9.832712 -11.170925 -11.426950 -23.773159 -29.512056 -34.660347 -42.661104 -43.860446 -35.387161 -42.220793 -53.427810 -53.953189 -53.278365 -57.123717 -58.066042 -54.357261 -55.960882 -64.349879 -58.841861 -53.591985 -55.579070 -46.123895 
-6.170500 6.251617 4.125107 -2.275147 -8.657256 -18.407953 -19.497206 -20.006691 -19.499990 -15.402612 -10.777903 -6.345755 -13.375661 -16.643095 -20.128451 -23.451970 -26.682076 -17.708039 -9.665859 -12.303012 -13.910619 -21.911086 -28.277142 -37.400599 -39.509565 -40.418706 -34.502529 -42.701864 -52.200231 -51.496233 -52.703175 -55.846223 -56.524411 -54.350375 -53.678524 -57.931519 -54.749736 -53.168137 -55.273053 -46.030947 
-8.314789 3.008652 -0.439825 -6.534597 -10.761027 -16.310643 -25.209596 -24.636860 -20.865036 -13.405020 -11.257036 -16.778601 -16.752663 -16.327215 -21.683758 -20.744479 -25.855339 -18.335221 -11.935718 -10.147576 -10.687281 -25.679051 -30.213067 -38.231775 -40.868626 -44.118736 -37.398689 -46.767541 -54.755707 -56.624535 -56.635268 -57.890396 -59.431087 -57.851398 -58.955983 -67.426024 -60.638870 -56.546306 -54.700315 -47.540194 
-10.389504 -2.991871 -9.207393 -19.244612 -22.014243 -25.566371 -27.942408 -22.669477 -24.041570 -21.845619 -13.066675 -10.844296 -14.108617 -20.815126 -24.486499 -24.744103 -25.506173 -19.481423 -17.218225 -17.526014 -18.853399 -25.908643 -36.616696 -42.873433 -44.871978 -41.160257 -42.322314 -54.274875 -53.926266 -58.228728 -56.684276 -57.027927 -59.161156 -57.735803 -59.755717 -64.784547 -64.171427 -56.615738 -51.741590 -48.450973 
-20.680353 -19.168231 -16.933398 -16.559155 -16.883832 -20.001081 -25.726356 -28.405432 -29.281176 -20.875511 -20.745872 -17.150570 -19.681442 -26.869465 -30.688996 -29.046413 -33.063975 -19.513240 -17.057816 -17.935246 -18.986926 -25.540724 -36.025819 -42.047922 -42.409949 -40.701118 -43.404407 -57.746334 -54.562045 -57.223045 -56.090761 -52.688489 -57.994944 -62.263662 -62.511081 -70.468022 -72.826160 -58.888474 -50.971391 -51.222889 
-26.129853 -20.331818 -14.606323 -13.710217 -18.526060 -23.114016 -30.871135 -28.038967 -23.890433 -25.533624 -26.380089 -21.447779 -25.339932 -29.423540 -34.677089 -36.011313 -32.361520 -25.760709 -22.190695 -22.412361 -23.409786 -32.128644 -42.610905 -48.701403 -49.079179 -44.203835 -47.021142 -63.439098 -57.864833 -58.612217 -57.707681 -57.069216 -63.753927 -65.444921 -67.174465 -73.667625 -72.290936 -63.662617 -55.150120 -54.094624 
-30.434680 -29.758565 -24.063536 -27.934639 -27.106993 -26.481260 -39.343494 -41.475069 -35.338752 -38.855854 -28.817945 -22.310825 -26.314959 -37.975531 -38.345523 -39.980821 -32.675100 -23.028907 -21.397679 -27.192679 -29.341918 -35.482668 -43.262580 -51.111171 -53.168789 -42.889617 -48.639734 -61.468124 -63.354219 -62.462045 -59.738667 -57.644222 -64.309300 -68.719677 -68.401930 -73.116553 -71.102328 -68.662674 -59.063673 -56.726199 
-27.749821 -28.620670 -23.317456 -18.391316 -24.247738 -29.496331 -39.006137 -40.719509 -34.262105 -34.376040 -31.800359 -25.715329 -31.857081 -34.334685 -40.123477 -37.812963 -39.303902 -28.834309 -27.433850 -34.140376 -36.167744 -40.489121 -48.395797 -52.650788 -53.965212 -47.763544 -53.271537 -59.614877 -62.419071 -61.434195 -65.155708 -65.108259 -65.379724 -69.222717 -66.321499 -66.016099 -66.451330 -70.569040 -63.306057 -60.581162 
-29.341867 -27.028777 -26.422066 -23.375478 -27.266680 -34.032334 -46.533575 -41.921750 -35.696082 -38.520882 -40.583402 -33.037712 -34.345580 -38.058443 -43.747010 -44.861883 -40.105435 -31.442208 -31.137726 -35.628985 -39.167240 -44.544562 -52.589969 -55.978489 -58.747433 -52.540065 -60.608067 -64.427939 -71.212932 -65.704002 -63.286365 -64.407032 -65.558455 -71.788279 -67.859991 -67.234976 -65.435953 -72.880349 -66.252858 -66.708953 
-22.865314 -22.063991 -30.355486 -39.870623 -42.014077 -41.924875 -54.918198 -56.125703 -49.894555 -40.656822 -40.000637 -42.140076 -39.989647 -38.881536 -42.146676 -43.369550 -41.653111 -34.360197 -36.458346 -40.619155 -45.966094 -50.770500 -54.490358 -57.962599 -58.440385 -53.625866 -60.718858 -66.111203 -69.965397 -65.295616 -63.655012 -65.934582 -65.796624 -69.519584 -66.616124 -64.708709 -66.537033 -71.332022 -68.248746 -66.258048 
-21.904857 -24.675426 -37.773582 -39.363715 -44.823063 -44.893984 -48.163890 -49.242928 -49.682478 -45.680712 -45.938041 -46.297184 -45.208006 -44.874069 -50.226177 -51.194789 -46.153522 -41.407546 -37.905701 -42.936768 -49.114302 -53.026348 -59.337920 -59.282667 -57.226260 -55.395579 -65.884455 -70.155791 -71.111839 -65.530646 -65.172261 -64.012188 -65.040653 -67.294908 -67.381601 -64.958896 -66.985341 -69.844221 -65.731725 -66.841365 
-28.803412 -27.501367 -35.482721 -40.991641 -39.185775 -44.006495 -50.775524 -44.861613 -48.999722 -51.304682 -53.828483 -49.513796 -49.589099 -53.600474 -54.894680 -51.126234 -47.338574 -43.274629 -46.386014 -50.799295 -55.891128 -60.907801 -55.921190 -59.225821 -61.748629 -63.182792 -61.037664 -60.860586 -61.950788 -63.700378 -64.079840 -61.883817 -63.503939 -64.374313 -67.805957 -66.850500 -66.395376 -62.334931 -63.904903 -64.143685 
-43.836112 -44.324405 -48.408483 -53.217110 -49.326179 -51.035309 -52.267133 -55.715577 -60.545037 -63.848587 -59.867752 -60.996367 -58.241853 -60.880563 -61.725140 -59.357473 -60.547002 -56.325119 -58.117945 -61.241110 -69.021681 -72.117608 -66.378979 -68.414137 -67.605764 -68.907649 -68.732893 -71.234780 -70.809052 -70.953464 -70.118053 -70.320449 -70.926161 -71.501177 -69.210192 -70.354079 -70.736341 -70.399093 -73.005121 -73.567758 
-56.087129 -63.977475 -65.246047 -68.210834 -72.374312 -62.361253 -63.981701 -66.635547 -67.535506 -66.754631 -68.433581 -72.420292 -72.135711 -68.432761 -68.470362 -70.176208 -67.921306 -71.636537 -69.291678 -74.041335 -74.286983 -69.632115 -67.245191 -71.286674 -70.095666 -69.970442 -70.243565 -74.945329 -71.110500 -72.103871 -70.521399 -73.159678 -69.838542 -71.706134 -69.588277 -72.647187 -74.489400 -74.295099 -74.402804 -72.819401 
-57.145253 -64.766448 -67.200675 -64.983877 -63.454047 -66.351904 -71.797856 -76.340768 -75.164267 -69.944490 -72.210170 -70.686952 -68.794994 -76.137675 -75.363810 -75.591458 -72.154937 -67.506958 -74.765915 -79.129241 -74.539099 -70.178184 -74.449139 -68.606509 -71.578537 -73.614985 -75.588142 -80.511058 -73.904642 -71.510868 -71.169295 -73.683481 -72.216251 -73.547488 -70.819495 -72.049242 -73.561959 -74.768430 -74.600142 -71.682754 
-57.306931 -72.292005 -69.950362 -69.842347 -77.936206 -76.049049 -74.010128 -74.913731 -78.113298 -72.312277 -72.563603 -71.230060 -69.134261 -73.466944 -71.266781 -73.143130 -71.939087 -72.729985 -71.923370 -73.834092 -72.823587 -69.175062 -73.303954 -74.910368 -73.528512 -71.322985 -72.826256 -75.311297 -74.969134 -73.970898 -73.443429 -74.713992 -74.214474 -76.294469 -72.545998 -74.121185 -73.805228 -75.375795 -71.507840 -72.977653 
-56.419099 -73.600906 -77.929288 -76.670436 -77.152532 -76.389768 -75.078276 -67.960688 -75.392909 -75.481891 -69.422958 -69.683089 -74.731007 -69.876505 -70.060351 -72.533439 -71.643901 -72.601550 -73.744077 -72.824613 -75.323901 -75.130790 -73.080873 -77.342454 -75.665791 -75.949296 -75.293753 -75.197666 -75.108384 -74.786975 -74.830432 -74.365448 -73.205839 -74.310506 -74.362112 -77.736623 -76.835025 -75.089149 -75.006252 -77.267209 
-56.524169 -84.853053 -82.355996 -74.599730 -74.721069 -69.149357 -68.958109 -71.172538 -71.883638 -74.902811 -72.444287 -75.646106 -74.714761 -73.873357 -72.096225 -74.586385 -76.431813 -82.350266 -71.855521 -75.407060 -72.862223 -75.876086 -77.685677 -73.139049 -73.600616 -72.313970 -74.037093 -72.684202 -74.340465 -73.460607 -77.000520 -77.339353 -75.201588 -73.682858 -73.306410 -76.156599 -75.172482 -75.035555 -73.622685 -76.420538 
-55.423366 -74.623410 -75.887002 -76.894157 -74.855808 -71.295102 -67.248573 -69.381146 -68.715140 -79.586242 -76.759571 -76.297291 -79.866484 -76.657531 -74.470754 -73.843185 -73.640854 -76.707706 -74.302563 -75.332711 -72.419184 -72.216447 -79.227425 -73.407317 -74.503918 -75.728923 -71.757248 -70.754161 -71.788581 -73.389000 -77.330457 -73.572242 -74.560318 -76.487172 -73.094413 -72.533476 -74.104247 -75.432774 -73.715467 -74.600329 
-57.766994 -72.828592 -73.861385 -81.077376 -74.599180 -78.194231 -70.576017 -67.994187 -67.789751 -70.836687 -73.248489 -68.343918 -72.883364 -73.729557 -75.773497 -73.289718 -73.983667 -75.459129 -70.666306 -72.013558 -78.034937 -76.954869 -74.089985 -74.329645 -75.966662 -68.465654 -74.092994 -73.525074 -73.612699 -71.471546 -74.732222 -73.973483 -73.909137 -71.886758 -71.004693 -72.132851 -73.924487 -74.160078 -73.288216 -73.918293 
-55.559138 -73.452940 -77.533060 -72.589731 -70.935507 -68.961253 -71.503175 -72.535417 -82.909135 -87.663563 -79.249108 -73.180349 -73.571113 -79.735719 -75.589908 -74.745327 -77.340955 -71.744286 -73.750622 -72.747366 -74.957832 -73.452667 -77.386102 -72.802010 -75.252853 -75.660984 -72.749594 -72.834263 -75.270303 -74.044778 -74.567523 -74.887409 -73.587212 -72.387956 -72.099713 -72.085077 -73.074528 -74.540854 -75.434653 -74.154841 
-56.860721 -62.916366 -67.409203 -68.468806 -74.241615 -75.282814 -70.141933 -72.161927 -77.823138 -82.039651 -78.683634 -81.699713 -81.066900 -76.868768 -72.054860 -75.506690 -78.505572 -77.854720 -79.469143 -77.385589 -74.724992 -71.760595 -83.229225 -78.649647 -79.754129 -79.405415 -76.872164 -79.326006 -73.771208 -75.357717 -75.537072 -73.666417 -76.268331 -74.506602 -76.410874 -75.041154 -75.182488 -76.506174 -78.775178 -77.951579 
-87.298887 -87.234270 -87.218275 -87.397437 -87.913913 -89.033774 -90.858105 -93.825513 -98.844256 -105.934719 -107.582357 -102.151320 -97.442794 -94.392229 -93.495175 -95.186381 -100.490833 -109.150112 -106.581253 -98.956433 -95.249068 -96.030379 -100.703196 -102.928795 -100.536027 -101.544212 -102.311742 -100.046142 -97.766519 -97.175570 -95.496083 -98.180077 -96.015451 -96.659795 -95.794529 -96.842962 -95.589204 -98.234480 -99.167645 -100.565853 
NaN NaN NaN NaN NaN NaN NaN NaN NaN NaN NaN NaN NaN NaN NaN NaN NaN NaN NaN NaN NaN NaN NaN NaN NaN NaN NaN NaN NaN NaN NaN NaN NaN NaN NaN NaN NaN NaN NaN NaN 
NaN NaN NaN NaN NaN NaN NaN NaN NaN NaN NaN NaN NaN NaN NaN NaN NaN NaN NaN NaN NaN NaN NaN NaN NaN NaN NaN NaN NaN NaN NaN NaN NaN NaN NaN NaN NaN NaN NaN NaN 
NaN NaN NaN NaN NaN NaN NaN NaN NaN NaN NaN NaN NaN NaN NaN NaN NaN NaN NaN NaN NaN NaN NaN NaN NaN NaN NaN NaN NaN NaN NaN NaN NaN NaN NaN NaN NaN NaN NaN NaN 
NaN NaN NaN NaN NaN NaN NaN NaN NaN NaN NaN NaN NaN NaN NaN NaN NaN NaN NaN NaN NaN NaN NaN NaN NaN NaN NaN NaN NaN NaN NaN NaN NaN NaN NaN NaN NaN NaN NaN NaN 
NaN NaN NaN NaN NaN NaN NaN NaN NaN NaN NaN NaN NaN NaN NaN NaN NaN NaN NaN NaN NaN NaN NaN NaN NaN NaN NaN NaN NaN NaN NaN NaN NaN NaN NaN NaN NaN NaN NaN NaN 
NaN NaN NaN NaN NaN NaN NaN NaN NaN NaN NaN NaN NaN NaN NaN NaN NaN NaN NaN NaN NaN NaN NaN NaN NaN NaN NaN NaN NaN NaN NaN NaN NaN NaN NaN NaN NaN NaN NaN NaN 
NaN NaN NaN NaN NaN NaN NaN NaN NaN NaN NaN NaN NaN NaN NaN NaN NaN NaN NaN NaN NaN NaN NaN NaN NaN NaN NaN NaN NaN NaN NaN NaN NaN NaN NaN NaN NaN NaN NaN NaN 
NaN NaN NaN NaN NaN NaN NaN NaN NaN NaN NaN NaN NaN NaN NaN NaN NaN NaN NaN NaN NaN NaN NaN NaN NaN NaN NaN NaN NaN NaN NaN NaN NaN NaN NaN NaN NaN NaN NaN NaN 
NaN NaN NaN NaN NaN NaN NaN NaN NaN NaN NaN NaN NaN NaN NaN NaN NaN NaN NaN NaN NaN NaN NaN NaN NaN NaN NaN NaN NaN NaN NaN NaN NaN NaN NaN NaN NaN NaN NaN NaN 
NaN NaN NaN NaN NaN NaN NaN NaN NaN NaN NaN NaN NaN NaN NaN NaN NaN NaN NaN NaN NaN NaN NaN NaN NaN NaN NaN NaN NaN NaN NaN NaN NaN NaN NaN NaN NaN NaN NaN NaN 
NaN NaN NaN NaN NaN NaN NaN NaN NaN NaN NaN NaN NaN NaN NaN NaN NaN NaN NaN NaN NaN NaN NaN NaN NaN NaN NaN NaN NaN NaN NaN NaN NaN NaN NaN NaN NaN NaN NaN NaN 
NaN NaN NaN NaN NaN NaN NaN NaN NaN NaN NaN NaN NaN NaN NaN NaN NaN NaN NaN NaN NaN NaN NaN NaN NaN NaN NaN NaN NaN NaN NaN NaN NaN NaN NaN NaN NaN NaN NaN NaN 
NaN NaN NaN NaN NaN NaN NaN NaN NaN NaN NaN NaN NaN NaN NaN NaN NaN NaN NaN NaN NaN NaN NaN NaN NaN NaN NaN NaN NaN NaN NaN NaN NaN NaN NaN NaN NaN NaN NaN NaN 
NaN NaN NaN NaN NaN NaN NaN NaN NaN NaN NaN NaN NaN NaN NaN NaN NaN NaN NaN NaN NaN NaN NaN NaN NaN NaN NaN NaN NaN NaN NaN NaN NaN NaN NaN NaN NaN NaN NaN NaN 
NaN NaN NaN NaN NaN NaN NaN NaN NaN NaN NaN NaN NaN NaN NaN NaN NaN NaN NaN NaN NaN NaN NaN NaN NaN NaN NaN NaN NaN NaN NaN NaN NaN NaN NaN NaN NaN NaN NaN NaN 
NaN NaN NaN NaN NaN NaN NaN NaN NaN NaN NaN NaN NaN NaN NaN NaN NaN NaN NaN NaN NaN NaN NaN NaN NaN NaN NaN NaN NaN NaN NaN NaN NaN NaN NaN NaN NaN NaN NaN NaN 
NaN NaN NaN NaN NaN NaN NaN NaN NaN NaN NaN NaN NaN NaN NaN NaN NaN NaN NaN NaN NaN NaN NaN NaN NaN NaN NaN NaN NaN NaN NaN NaN NaN NaN NaN NaN NaN NaN NaN NaN 
NaN NaN NaN NaN NaN NaN NaN NaN NaN NaN NaN NaN NaN NaN NaN NaN NaN NaN NaN NaN NaN NaN NaN NaN NaN NaN NaN NaN NaN NaN NaN NaN NaN NaN NaN NaN NaN NaN NaN NaN 
NaN NaN NaN NaN NaN NaN NaN NaN NaN NaN NaN NaN NaN NaN NaN NaN NaN NaN NaN NaN NaN NaN NaN NaN NaN NaN NaN NaN NaN NaN NaN NaN NaN NaN NaN NaN NaN NaN NaN NaN 
NaN NaN NaN NaN NaN NaN NaN NaN NaN NaN NaN NaN NaN NaN NaN NaN NaN NaN NaN NaN NaN NaN NaN NaN NaN NaN NaN NaN NaN NaN NaN NaN NaN NaN NaN NaN NaN NaN NaN NaN 
NaN NaN NaN NaN NaN NaN NaN NaN NaN NaN NaN NaN NaN NaN NaN NaN NaN NaN NaN NaN NaN NaN NaN NaN NaN NaN NaN NaN NaN NaN NaN NaN NaN NaN NaN NaN NaN NaN NaN NaN 
NaN NaN NaN NaN NaN NaN NaN NaN NaN NaN NaN NaN NaN NaN NaN NaN NaN NaN NaN NaN NaN NaN NaN NaN NaN NaN NaN NaN NaN NaN NaN NaN NaN NaN NaN NaN NaN NaN NaN NaN 
NaN NaN NaN NaN NaN NaN NaN NaN NaN NaN NaN NaN NaN NaN NaN NaN NaN NaN NaN NaN NaN NaN NaN NaN NaN NaN NaN NaN NaN NaN NaN NaN NaN NaN NaN NaN NaN NaN NaN NaN 
NaN NaN NaN NaN NaN NaN NaN NaN NaN NaN NaN NaN NaN NaN NaN NaN NaN NaN NaN NaN NaN NaN NaN NaN NaN NaN NaN NaN NaN NaN NaN NaN NaN NaN NaN NaN NaN NaN NaN NaN 
NaN NaN NaN NaN NaN NaN NaN NaN NaN NaN NaN NaN NaN NaN NaN NaN NaN NaN NaN NaN NaN NaN NaN NaN NaN NaN NaN NaN NaN NaN NaN NaN NaN NaN NaN NaN NaN NaN NaN NaN 
NaN NaN NaN NaN NaN NaN NaN NaN NaN NaN NaN NaN NaN NaN NaN NaN NaN NaN NaN NaN NaN NaN NaN NaN NaN NaN NaN NaN NaN NaN NaN NaN NaN NaN NaN NaN NaN NaN NaN NaN 
NaN NaN NaN NaN NaN NaN NaN NaN NaN NaN NaN NaN NaN NaN NaN NaN NaN NaN NaN NaN NaN NaN NaN NaN NaN NaN NaN NaN NaN NaN NaN NaN NaN NaN NaN NaN NaN NaN NaN NaN 
NaN NaN NaN NaN NaN NaN NaN NaN NaN NaN NaN NaN NaN NaN NaN NaN NaN NaN NaN NaN NaN NaN NaN NaN NaN NaN NaN NaN NaN NaN NaN NaN NaN NaN NaN NaN NaN NaN NaN NaN 
NaN NaN NaN NaN NaN NaN NaN NaN NaN NaN NaN NaN NaN NaN NaN NaN NaN NaN NaN NaN NaN NaN NaN NaN NaN NaN NaN NaN NaN NaN NaN NaN NaN NaN NaN NaN NaN NaN NaN NaN 
NaN NaN NaN NaN NaN NaN NaN NaN NaN NaN NaN NaN NaN NaN NaN NaN NaN NaN NaN NaN NaN NaN NaN NaN NaN NaN NaN NaN NaN NaN NaN NaN NaN NaN NaN NaN NaN NaN NaN NaN 
NaN NaN NaN NaN NaN NaN NaN NaN NaN NaN NaN NaN NaN NaN NaN NaN NaN NaN NaN NaN NaN NaN NaN NaN NaN NaN NaN NaN NaN NaN NaN NaN NaN NaN NaN NaN NaN NaN NaN NaN 
NaN NaN NaN NaN NaN NaN NaN NaN NaN NaN NaN NaN NaN NaN NaN NaN NaN NaN NaN NaN NaN NaN NaN NaN NaN NaN NaN NaN NaN NaN NaN NaN NaN NaN NaN NaN NaN NaN NaN NaN 
NaN NaN NaN NaN NaN NaN NaN NaN NaN NaN NaN NaN NaN NaN NaN NaN NaN NaN NaN NaN NaN NaN NaN NaN NaN NaN NaN NaN NaN NaN NaN NaN NaN NaN NaN NaN NaN NaN NaN NaN 
NaN NaN NaN NaN NaN NaN NaN NaN NaN NaN NaN NaN NaN NaN NaN NaN NaN NaN NaN NaN NaN NaN NaN NaN NaN NaN NaN NaN NaN NaN NaN NaN NaN NaN NaN NaN NaN NaN NaN NaN 
NaN NaN NaN NaN NaN NaN NaN NaN NaN NaN NaN NaN NaN NaN NaN NaN NaN NaN NaN NaN NaN NaN NaN NaN NaN NaN NaN NaN NaN NaN NaN NaN NaN NaN NaN NaN NaN NaN NaN NaN 
NaN NaN NaN NaN NaN NaN NaN NaN NaN NaN NaN NaN NaN NaN NaN NaN NaN NaN NaN NaN NaN NaN NaN NaN NaN NaN NaN NaN NaN NaN NaN NaN NaN NaN NaN NaN NaN NaN NaN NaN 
NaN NaN NaN NaN NaN NaN NaN NaN NaN NaN NaN NaN NaN NaN NaN NaN NaN NaN NaN NaN NaN NaN NaN NaN NaN NaN NaN NaN NaN NaN NaN NaN NaN NaN NaN NaN NaN NaN NaN NaN 
NaN NaN NaN NaN NaN NaN NaN NaN NaN NaN NaN NaN NaN NaN NaN NaN NaN NaN NaN NaN NaN NaN NaN NaN NaN NaN NaN NaN NaN NaN NaN NaN NaN NaN NaN NaN NaN NaN NaN NaN 
NaN NaN NaN NaN NaN NaN NaN NaN NaN NaN NaN NaN NaN NaN NaN NaN NaN NaN NaN NaN NaN NaN NaN NaN NaN NaN NaN NaN NaN NaN NaN NaN NaN NaN NaN NaN NaN NaN NaN NaN 
NaN NaN NaN NaN NaN NaN NaN NaN NaN NaN NaN NaN NaN NaN NaN NaN NaN NaN NaN NaN NaN NaN NaN NaN NaN NaN NaN NaN NaN NaN NaN NaN NaN NaN NaN NaN NaN NaN NaN NaN 
NaN NaN NaN NaN NaN NaN NaN NaN NaN NaN NaN NaN NaN NaN NaN NaN NaN NaN NaN NaN NaN NaN NaN NaN NaN NaN NaN NaN NaN NaN NaN NaN NaN NaN NaN NaN NaN NaN NaN NaN 
NaN NaN NaN NaN NaN NaN NaN NaN NaN NaN NaN NaN NaN NaN NaN NaN NaN NaN NaN NaN NaN NaN NaN NaN NaN NaN NaN NaN NaN NaN NaN NaN NaN NaN NaN NaN NaN NaN NaN NaN 
NaN NaN NaN NaN NaN NaN NaN NaN NaN NaN NaN NaN NaN NaN NaN NaN NaN NaN NaN NaN NaN NaN NaN NaN NaN NaN NaN NaN NaN NaN NaN NaN NaN NaN NaN NaN NaN NaN NaN NaN 
NaN NaN NaN NaN NaN NaN NaN NaN NaN NaN NaN NaN NaN NaN NaN NaN NaN NaN NaN NaN NaN NaN NaN NaN NaN NaN NaN NaN NaN NaN NaN NaN NaN NaN NaN NaN NaN NaN NaN NaN 
NaN NaN NaN NaN NaN NaN NaN NaN NaN NaN NaN NaN NaN NaN NaN NaN NaN NaN NaN NaN NaN NaN NaN NaN NaN NaN NaN NaN NaN NaN NaN NaN NaN NaN NaN NaN NaN NaN NaN NaN 
NaN NaN NaN NaN NaN NaN NaN NaN NaN NaN NaN NaN NaN NaN NaN NaN NaN NaN NaN NaN NaN NaN NaN NaN NaN NaN NaN NaN NaN NaN NaN NaN NaN NaN NaN NaN NaN NaN NaN NaN 
NaN NaN NaN NaN NaN NaN NaN NaN NaN NaN NaN NaN NaN NaN NaN NaN NaN NaN NaN NaN NaN NaN NaN NaN NaN NaN NaN NaN NaN NaN NaN NaN NaN NaN NaN NaN NaN NaN NaN NaN 
NaN NaN NaN NaN NaN NaN NaN NaN NaN NaN NaN NaN NaN NaN NaN NaN NaN NaN NaN NaN NaN NaN NaN NaN NaN NaN NaN NaN NaN NaN NaN NaN NaN NaN NaN NaN NaN NaN NaN NaN 
NaN NaN NaN NaN NaN NaN NaN NaN NaN NaN NaN NaN NaN NaN NaN NaN NaN NaN NaN NaN NaN NaN NaN NaN NaN NaN NaN NaN NaN NaN NaN NaN NaN NaN NaN NaN NaN NaN NaN NaN 
NaN NaN NaN NaN NaN NaN NaN NaN NaN NaN NaN NaN NaN NaN NaN NaN NaN NaN NaN NaN NaN NaN NaN NaN NaN NaN NaN NaN NaN NaN NaN NaN NaN NaN NaN NaN NaN NaN NaN NaN 
NaN NaN NaN NaN NaN NaN NaN NaN NaN NaN NaN NaN NaN NaN NaN NaN NaN NaN NaN NaN NaN NaN NaN NaN NaN NaN NaN NaN NaN NaN NaN NaN NaN NaN NaN NaN NaN NaN NaN NaN 
NaN NaN NaN NaN NaN NaN NaN NaN NaN NaN NaN NaN NaN NaN NaN NaN NaN NaN NaN NaN NaN NaN NaN NaN NaN NaN NaN NaN NaN NaN NaN NaN NaN NaN NaN NaN NaN NaN NaN NaN 
NaN NaN NaN NaN NaN NaN NaN NaN NaN NaN NaN NaN NaN NaN NaN NaN NaN NaN NaN NaN NaN NaN NaN NaN NaN NaN NaN NaN NaN NaN NaN NaN NaN NaN NaN NaN NaN NaN NaN NaN 
NaN NaN NaN NaN NaN NaN NaN NaN NaN NaN NaN NaN NaN NaN NaN NaN NaN NaN NaN NaN NaN NaN NaN NaN NaN NaN NaN NaN NaN NaN NaN NaN NaN NaN NaN NaN NaN NaN NaN NaN 
NaN NaN NaN NaN NaN NaN NaN NaN NaN NaN NaN NaN NaN NaN NaN NaN NaN NaN NaN NaN NaN NaN NaN NaN NaN NaN NaN NaN NaN NaN NaN NaN NaN NaN NaN NaN NaN NaN NaN NaN 
NaN NaN NaN NaN NaN NaN NaN NaN NaN NaN NaN NaN NaN NaN NaN NaN NaN NaN NaN NaN NaN NaN NaN NaN NaN NaN NaN NaN NaN NaN NaN NaN NaN NaN NaN NaN NaN NaN NaN NaN 
NaN NaN NaN NaN NaN NaN NaN NaN NaN NaN NaN NaN NaN NaN NaN NaN NaN NaN NaN NaN NaN NaN NaN NaN NaN NaN NaN NaN NaN NaN NaN NaN NaN NaN NaN NaN NaN NaN NaN NaN 
NaN NaN NaN NaN NaN NaN NaN NaN NaN NaN NaN NaN NaN NaN NaN NaN NaN NaN NaN NaN NaN NaN NaN NaN NaN NaN NaN NaN NaN NaN NaN NaN NaN NaN NaN NaN NaN NaN NaN NaN 
NaN NaN NaN NaN NaN NaN NaN NaN NaN NaN NaN NaN NaN NaN NaN NaN NaN NaN NaN NaN NaN NaN NaN NaN NaN NaN NaN NaN NaN NaN NaN NaN NaN NaN NaN NaN NaN NaN NaN NaN 
NaN NaN NaN NaN NaN NaN NaN NaN NaN NaN NaN NaN NaN NaN NaN NaN NaN NaN NaN NaN NaN NaN NaN NaN NaN NaN NaN NaN NaN NaN NaN NaN NaN NaN NaN NaN NaN NaN NaN NaN 
NaN NaN NaN NaN NaN NaN NaN NaN NaN NaN NaN NaN NaN NaN NaN NaN NaN NaN NaN NaN NaN NaN NaN NaN NaN NaN NaN NaN NaN NaN NaN NaN NaN NaN NaN NaN NaN NaN NaN NaN 
NaN NaN NaN NaN NaN NaN NaN NaN NaN NaN NaN NaN NaN NaN NaN NaN NaN NaN NaN NaN NaN NaN NaN NaN NaN NaN NaN NaN NaN NaN NaN NaN NaN NaN NaN NaN NaN NaN NaN NaN 
NaN NaN NaN NaN NaN NaN NaN NaN NaN NaN NaN NaN NaN NaN NaN NaN NaN NaN NaN NaN NaN NaN NaN NaN NaN NaN NaN NaN NaN NaN NaN NaN NaN NaN NaN NaN NaN NaN NaN NaN 
NaN NaN NaN NaN NaN NaN NaN NaN NaN NaN NaN NaN NaN NaN NaN NaN NaN NaN NaN NaN NaN NaN NaN NaN NaN NaN NaN NaN NaN NaN NaN NaN NaN NaN NaN NaN NaN NaN NaN NaN 
NaN NaN NaN NaN NaN NaN NaN NaN NaN NaN NaN NaN NaN NaN NaN NaN NaN NaN NaN NaN NaN NaN NaN NaN NaN NaN NaN NaN NaN NaN NaN NaN NaN NaN NaN NaN NaN NaN NaN NaN 
NaN NaN NaN NaN NaN NaN NaN NaN NaN NaN NaN NaN NaN NaN NaN NaN NaN NaN NaN NaN NaN NaN NaN NaN NaN NaN NaN NaN NaN NaN NaN NaN NaN NaN NaN NaN NaN NaN NaN NaN 
NaN NaN NaN NaN NaN NaN NaN NaN NaN NaN NaN NaN NaN NaN NaN NaN NaN NaN NaN NaN NaN NaN NaN NaN NaN NaN NaN NaN NaN NaN NaN NaN NaN NaN NaN NaN NaN NaN NaN NaN 
NaN NaN NaN NaN NaN NaN NaN NaN NaN NaN NaN NaN NaN NaN NaN NaN NaN NaN NaN NaN NaN NaN NaN NaN NaN NaN NaN NaN NaN NaN NaN NaN NaN NaN NaN NaN NaN NaN NaN NaN 
NaN NaN NaN NaN NaN NaN NaN NaN NaN NaN NaN NaN NaN NaN NaN NaN NaN NaN NaN NaN NaN NaN NaN NaN NaN NaN NaN NaN NaN NaN NaN NaN NaN NaN NaN NaN NaN NaN NaN NaN 
NaN NaN NaN NaN NaN NaN NaN NaN NaN NaN NaN NaN NaN NaN NaN NaN NaN NaN NaN NaN NaN NaN NaN NaN NaN NaN NaN NaN NaN NaN NaN NaN NaN NaN NaN NaN NaN NaN NaN NaN 
NaN NaN NaN NaN NaN NaN NaN NaN NaN NaN NaN NaN NaN NaN NaN NaN NaN NaN NaN NaN NaN NaN NaN NaN NaN NaN NaN NaN NaN NaN NaN NaN NaN NaN NaN NaN NaN NaN NaN NaN 
NaN NaN NaN NaN NaN NaN NaN NaN NaN NaN NaN NaN NaN NaN NaN NaN NaN NaN NaN NaN NaN NaN NaN NaN NaN NaN NaN NaN NaN NaN NaN NaN NaN NaN NaN NaN NaN NaN NaN NaN 
NaN NaN NaN NaN NaN NaN NaN NaN NaN NaN NaN NaN NaN NaN NaN NaN NaN NaN NaN NaN NaN NaN NaN NaN NaN NaN NaN NaN NaN NaN NaN NaN NaN NaN NaN NaN NaN NaN NaN NaN 
NaN NaN NaN NaN NaN NaN NaN NaN NaN NaN NaN NaN NaN NaN NaN NaN NaN NaN NaN NaN NaN NaN NaN NaN NaN NaN NaN NaN NaN NaN NaN NaN NaN NaN NaN NaN NaN NaN NaN NaN 
NaN NaN NaN NaN NaN NaN NaN NaN NaN NaN NaN NaN NaN NaN NaN NaN NaN NaN NaN NaN NaN NaN NaN NaN NaN NaN NaN NaN NaN NaN NaN NaN NaN NaN NaN NaN NaN NaN NaN NaN 
NaN NaN NaN NaN NaN NaN NaN NaN NaN NaN NaN NaN NaN NaN NaN NaN NaN NaN NaN NaN NaN NaN NaN NaN NaN NaN NaN NaN NaN NaN NaN NaN NaN NaN NaN NaN NaN NaN NaN NaN 
