NaN NaN NaN NaN NaN NaN NaN NaN NaN NaN NaN NaN NaN NaN NaN NaN NaN NaN NaN NaN NaN NaN NaN NaN NaN NaN NaN NaN NaN NaN NaN NaN NaN NaN NaN NaN NaN NaN NaN NaN 
NaN NaN NaN NaN NaN NaN NaN NaN NaN NaN NaN NaN NaN NaN NaN NaN NaN NaN NaN NaN NaN NaN NaN NaN NaN NaN NaN NaN NaN NaN NaN NaN NaN NaN NaN NaN NaN NaN NaN NaN 
NaN NaN NaN NaN NaN NaN NaN NaN NaN NaN NaN NaN NaN NaN NaN NaN NaN NaN NaN NaN NaN NaN NaN NaN NaN NaN NaN NaN NaN NaN NaN NaN NaN NaN NaN NaN NaN NaN NaN NaN 
NaN NaN NaN NaN NaN NaN NaN NaN NaN NaN NaN NaN NaN NaN NaN NaN NaN NaN NaN NaN NaN NaN NaN NaN NaN NaN NaN NaN NaN NaN NaN NaN NaN NaN NaN NaN NaN NaN NaN NaN 
NaN NaN NaN NaN NaN NaN NaN NaN NaN NaN NaN NaN NaN NaN NaN NaN NaN NaN NaN NaN NaN NaN NaN NaN NaN NaN NaN NaN NaN NaN NaN NaN NaN NaN NaN NaN NaN NaN NaN NaN 
NaN NaN NaN NaN NaN NaN NaN NaN NaN NaN NaN NaN NaN NaN NaN NaN NaN NaN NaN NaN NaN NaN NaN NaN NaN NaN NaN NaN NaN NaN NaN NaN NaN NaN NaN NaN NaN NaN NaN NaN 
NaN NaN NaN NaN NaN NaN NaN NaN NaN NaN NaN NaN NaN NaN NaN NaN NaN NaN NaN NaN NaN NaN NaN NaN NaN NaN NaN NaN NaN NaN NaN NaN NaN NaN NaN NaN NaN NaN NaN NaN 
NaN NaN NaN NaN NaN NaN NaN NaN NaN NaN NaN NaN NaN NaN NaN NaN NaN NaN NaN NaN NaN NaN NaN NaN NaN NaN NaN NaN NaN NaN NaN NaN NaN NaN NaN NaN NaN NaN NaN NaN 
NaN NaN NaN NaN NaN NaN NaN NaN NaN NaN NaN NaN NaN NaN NaN NaN NaN NaN NaN NaN NaN NaN NaN NaN NaN NaN NaN NaN NaN NaN NaN NaN NaN NaN NaN NaN NaN NaN NaN NaN 
NaN NaN NaN NaN NaN NaN NaN NaN NaN NaN NaN NaN NaN NaN NaN NaN NaN NaN NaN NaN NaN NaN NaN NaN NaN NaN NaN NaN NaN NaN NaN NaN NaN NaN NaN NaN NaN NaN NaN NaN 
NaN NaN NaN NaN NaN NaN NaN NaN NaN NaN NaN NaN NaN NaN NaN NaN NaN NaN NaN NaN NaN NaN NaN NaN NaN NaN NaN NaN NaN NaN NaN NaN NaN NaN NaN NaN NaN NaN NaN NaN 
NaN NaN NaN NaN NaN NaN NaN NaN NaN NaN NaN NaN NaN NaN NaN NaN NaN NaN NaN NaN NaN NaN NaN NaN NaN NaN NaN NaN NaN NaN NaN NaN NaN NaN NaN NaN NaN NaN NaN NaN 
NaN NaN NaN NaN NaN NaN NaN NaN NaN NaN NaN NaN NaN NaN NaN NaN NaN NaN NaN NaN NaN NaN NaN NaN NaN NaN NaN NaN NaN NaN NaN NaN NaN NaN NaN NaN NaN NaN NaN NaN 
NaN NaN NaN NaN NaN NaN NaN NaN NaN NaN NaN NaN NaN NaN NaN NaN NaN NaN NaN NaN NaN NaN NaN NaN NaN NaN NaN NaN NaN NaN NaN NaN NaN NaN NaN NaN NaN NaN NaN NaN 
NaN NaN NaN NaN NaN NaN NaN NaN NaN NaN NaN NaN NaN NaN NaN NaN NaN NaN NaN NaN NaN NaN NaN NaN NaN NaN NaN NaN NaN NaN NaN NaN NaN NaN NaN NaN NaN NaN NaN NaN 
NaN NaN NaN NaN NaN NaN NaN NaN NaN NaN NaN NaN NaN NaN NaN NaN NaN NaN NaN NaN NaN NaN NaN NaN NaN NaN NaN NaN NaN NaN NaN NaN NaN NaN NaN NaN NaN NaN NaN NaN 
NaN NaN NaN NaN NaN NaN NaN NaN NaN NaN NaN NaN NaN NaN NaN NaN NaN NaN NaN NaN NaN NaN NaN NaN NaN NaN NaN NaN NaN NaN NaN NaN NaN NaN NaN NaN NaN NaN NaN NaN 
NaN NaN NaN NaN NaN NaN NaN NaN NaN NaN NaN NaN NaN NaN NaN NaN NaN NaN NaN NaN NaN NaN NaN NaN NaN NaN NaN NaN NaN NaN NaN NaN NaN NaN NaN NaN NaN NaN NaN NaN 
NaN NaN NaN NaN NaN NaN NaN NaN NaN NaN NaN NaN NaN NaN NaN NaN NaN NaN NaN NaN NaN NaN NaN NaN NaN NaN NaN NaN NaN NaN NaN NaN NaN NaN NaN NaN NaN NaN NaN NaN 
NaN NaN NaN NaN NaN NaN NaN NaN NaN NaN NaN NaN NaN NaN NaN NaN NaN NaN NaN NaN NaN NaN NaN NaN NaN NaN NaN NaN NaN NaN NaN NaN NaN NaN NaN NaN NaN NaN NaN NaN 
NaN NaN NaN NaN NaN NaN NaN NaN NaN NaN NaN NaN NaN NaN NaN NaN NaN NaN NaN NaN NaN NaN NaN NaN NaN NaN NaN NaN NaN NaN NaN NaN NaN NaN NaN NaN NaN NaN NaN NaN 
NaN NaN NaN NaN NaN NaN NaN NaN NaN NaN NaN NaN NaN NaN NaN NaN NaN NaN NaN NaN NaN NaN NaN NaN NaN NaN NaN NaN NaN NaN NaN NaN NaN NaN NaN NaN NaN NaN NaN NaN 
NaN NaN NaN NaN NaN NaN NaN NaN NaN NaN NaN NaN NaN NaN NaN NaN NaN NaN NaN NaN NaN NaN NaN NaN NaN NaN NaN NaN NaN NaN NaN NaN NaN NaN NaN NaN NaN NaN NaN NaN 
NaN NaN NaN NaN NaN NaN NaN NaN NaN NaN NaN NaN NaN NaN NaN NaN NaN NaN NaN NaN NaN NaN NaN NaN NaN NaN NaN NaN NaN NaN NaN NaN NaN NaN NaN NaN NaN NaN NaN NaN 
NaN NaN NaN NaN NaN NaN NaN NaN NaN NaN NaN NaN NaN NaN NaN NaN NaN NaN NaN NaN NaN NaN NaN NaN NaN NaN NaN NaN NaN NaN NaN NaN NaN NaN NaN NaN NaN NaN NaN NaN 
NaN NaN NaN NaN NaN NaN NaN NaN NaN NaN NaN NaN NaN NaN NaN NaN NaN NaN NaN NaN NaN NaN NaN NaN NaN NaN NaN NaN NaN NaN NaN NaN NaN NaN NaN NaN NaN NaN NaN NaN 
NaN NaN NaN NaN NaN NaN NaN NaN NaN NaN NaN NaN NaN NaN NaN NaN NaN NaN NaN NaN NaN NaN NaN NaN NaN NaN NaN NaN NaN NaN NaN NaN NaN NaN NaN NaN NaN NaN NaN NaN 
NaN NaN NaN NaN NaN NaN NaN NaN NaN NaN NaN NaN NaN NaN NaN NaN NaN NaN NaN NaN NaN NaN NaN NaN NaN NaN NaN NaN NaN NaN NaN NaN NaN NaN NaN NaN NaN NaN NaN NaN 
NaN NaN NaN NaN NaN NaN NaN NaN NaN NaN NaN NaN NaN NaN NaN NaN NaN NaN NaN NaN NaN NaN NaN NaN NaN NaN NaN NaN NaN NaN NaN NaN NaN NaN NaN NaN NaN NaN NaN NaN 
NaN NaN NaN NaN NaN NaN NaN NaN NaN NaN NaN NaN NaN NaN NaN NaN NaN NaN NaN NaN NaN NaN NaN NaN NaN NaN NaN NaN NaN NaN NaN NaN NaN NaN NaN NaN NaN NaN NaN NaN 
NaN NaN NaN NaN NaN NaN NaN NaN NaN NaN NaN NaN NaN NaN NaN NaN NaN NaN NaN NaN NaN NaN NaN NaN NaN NaN NaN NaN NaN NaN NaN NaN NaN NaN NaN NaN NaN NaN NaN NaN 
NaN NaN NaN NaN NaN NaN NaN NaN NaN NaN NaN NaN NaN NaN NaN NaN NaN NaN NaN NaN NaN NaN NaN NaN NaN NaN NaN NaN NaN NaN NaN NaN NaN NaN NaN NaN NaN NaN NaN NaN 
NaN NaN NaN NaN NaN NaN NaN NaN NaN NaN NaN NaN NaN NaN NaN NaN NaN NaN NaN NaN NaN NaN NaN NaN NaN NaN NaN NaN NaN NaN NaN NaN NaN NaN NaN NaN NaN NaN NaN NaN 
NaN NaN NaN NaN NaN NaN NaN NaN NaN NaN NaN NaN NaN NaN NaN NaN NaN NaN NaN NaN NaN NaN NaN NaN NaN NaN NaN NaN NaN NaN NaN NaN NaN NaN NaN NaN NaN NaN NaN NaN 
NaN NaN NaN NaN NaN NaN NaN NaN NaN NaN NaN NaN NaN NaN NaN NaN NaN NaN NaN NaN NaN NaN NaN NaN NaN NaN NaN NaN NaN NaN NaN NaN NaN NaN NaN NaN NaN NaN NaN NaN 
NaN NaN NaN NaN NaN NaN NaN NaN NaN NaN NaN NaN NaN NaN NaN NaN NaN NaN NaN NaN NaN NaN NaN NaN NaN NaN NaN NaN NaN NaN NaN NaN NaN NaN NaN NaN NaN NaN NaN NaN 
NaN NaN NaN NaN NaN NaN NaN NaN NaN NaN NaN NaN NaN NaN NaN NaN NaN NaN NaN NaN NaN NaN NaN NaN NaN NaN NaN NaN NaN NaN NaN NaN NaN NaN NaN NaN NaN NaN NaN NaN 
NaN NaN NaN NaN NaN NaN NaN NaN NaN NaN NaN NaN NaN NaN NaN NaN NaN NaN NaN NaN NaN NaN NaN NaN NaN NaN NaN NaN NaN NaN NaN NaN NaN NaN NaN NaN NaN NaN NaN NaN 
NaN NaN NaN NaN NaN NaN NaN NaN NaN NaN NaN NaN NaN NaN NaN NaN NaN NaN NaN NaN NaN NaN NaN NaN NaN NaN NaN NaN NaN NaN NaN NaN NaN NaN NaN NaN NaN NaN NaN NaN 
NaN NaN NaN NaN NaN NaN NaN NaN NaN NaN NaN NaN NaN NaN NaN NaN NaN NaN NaN NaN NaN NaN NaN NaN NaN NaN NaN NaN NaN NaN NaN NaN NaN NaN NaN NaN NaN NaN NaN NaN 
NaN NaN NaN NaN NaN NaN NaN NaN NaN NaN NaN NaN NaN NaN NaN NaN NaN NaN NaN NaN NaN NaN NaN NaN NaN NaN NaN NaN NaN NaN NaN NaN NaN NaN NaN NaN NaN NaN NaN NaN 
NaN NaN NaN NaN NaN NaN NaN NaN NaN NaN NaN NaN NaN NaN NaN NaN NaN NaN NaN NaN NaN NaN NaN NaN NaN NaN NaN NaN NaN NaN NaN NaN NaN NaN NaN NaN NaN NaN NaN NaN 
NaN NaN NaN NaN NaN NaN NaN NaN NaN NaN NaN NaN NaN NaN NaN NaN NaN NaN NaN NaN NaN NaN NaN NaN NaN NaN NaN NaN NaN NaN NaN NaN NaN NaN NaN NaN NaN NaN NaN NaN 
NaN NaN NaN NaN NaN NaN NaN NaN NaN NaN NaN NaN NaN NaN NaN NaN NaN NaN NaN NaN NaN NaN NaN NaN NaN NaN NaN NaN NaN NaN NaN NaN NaN NaN NaN NaN NaN NaN NaN NaN 
NaN NaN NaN NaN NaN NaN NaN NaN NaN NaN NaN NaN NaN NaN NaN NaN NaN NaN NaN NaN NaN NaN NaN NaN NaN NaN NaN NaN NaN NaN NaN NaN NaN NaN NaN NaN NaN NaN NaN NaN 
NaN NaN NaN NaN NaN NaN NaN NaN NaN NaN NaN NaN NaN NaN NaN NaN NaN NaN NaN NaN NaN NaN NaN NaN NaN NaN NaN NaN NaN NaN NaN NaN NaN NaN NaN NaN NaN NaN NaN NaN 
NaN NaN NaN NaN NaN NaN NaN NaN NaN NaN NaN NaN NaN NaN NaN NaN NaN NaN NaN NaN NaN NaN NaN NaN NaN NaN NaN NaN NaN NaN NaN NaN NaN NaN NaN NaN NaN NaN NaN NaN 
NaN NaN NaN NaN NaN NaN NaN NaN NaN NaN NaN NaN NaN NaN NaN NaN NaN NaN NaN NaN NaN NaN NaN NaN NaN NaN NaN NaN NaN NaN NaN NaN NaN NaN NaN NaN NaN NaN NaN NaN 
NaN NaN NaN NaN NaN NaN NaN NaN NaN NaN NaN NaN NaN NaN NaN NaN NaN NaN NaN NaN NaN NaN NaN NaN NaN NaN NaN NaN NaN NaN NaN NaN NaN NaN NaN NaN NaN NaN NaN NaN 
NaN NaN NaN NaN NaN NaN NaN NaN NaN NaN NaN NaN NaN NaN NaN NaN NaN NaN NaN NaN NaN NaN NaN NaN NaN NaN NaN NaN NaN NaN NaN NaN NaN NaN NaN NaN NaN NaN NaN NaN 
NaN NaN NaN NaN NaN NaN NaN NaN NaN NaN NaN NaN NaN NaN NaN NaN NaN NaN NaN NaN NaN NaN NaN NaN NaN NaN NaN NaN NaN NaN NaN NaN NaN NaN NaN NaN NaN NaN NaN NaN 
NaN NaN NaN NaN NaN NaN NaN NaN NaN NaN NaN NaN NaN NaN NaN NaN NaN NaN NaN NaN NaN NaN NaN NaN NaN NaN NaN NaN NaN NaN NaN NaN NaN NaN NaN NaN NaN NaN NaN NaN 
NaN NaN NaN NaN NaN NaN NaN NaN NaN NaN NaN NaN NaN NaN NaN NaN NaN NaN NaN NaN NaN NaN NaN NaN NaN NaN NaN NaN NaN NaN NaN NaN NaN NaN NaN NaN NaN NaN NaN NaN 
NaN NaN NaN NaN NaN NaN NaN NaN NaN NaN NaN NaN NaN NaN NaN NaN NaN NaN NaN NaN NaN NaN NaN NaN NaN NaN NaN NaN NaN NaN NaN NaN NaN NaN NaN NaN NaN NaN NaN NaN 
NaN NaN NaN NaN NaN NaN NaN NaN NaN NaN NaN NaN NaN NaN NaN NaN NaN NaN NaN NaN NaN NaN NaN NaN NaN NaN NaN NaN NaN NaN NaN NaN NaN NaN NaN NaN NaN NaN NaN NaN 
NaN NaN NaN NaN NaN NaN NaN NaN NaN NaN NaN NaN NaN NaN NaN NaN NaN NaN NaN NaN NaN NaN NaN NaN NaN NaN NaN NaN NaN NaN NaN NaN NaN NaN NaN NaN NaN NaN NaN NaN 
NaN NaN NaN NaN NaN NaN NaN NaN NaN NaN NaN NaN NaN NaN NaN NaN NaN NaN NaN NaN NaN NaN NaN NaN NaN NaN NaN NaN NaN NaN NaN NaN NaN NaN NaN NaN NaN NaN NaN NaN 
NaN NaN NaN NaN NaN NaN NaN NaN NaN NaN NaN NaN NaN NaN NaN NaN NaN NaN NaN NaN NaN NaN NaN NaN NaN NaN NaN NaN NaN NaN NaN NaN NaN NaN NaN NaN NaN NaN NaN NaN 
NaN NaN NaN NaN NaN NaN NaN NaN NaN NaN NaN NaN NaN NaN NaN NaN NaN NaN NaN NaN NaN NaN NaN NaN NaN NaN NaN NaN NaN NaN NaN NaN NaN NaN NaN NaN NaN NaN NaN NaN 
NaN NaN NaN NaN NaN NaN NaN NaN NaN NaN NaN NaN NaN NaN NaN NaN NaN NaN NaN NaN NaN NaN NaN NaN NaN NaN NaN NaN NaN NaN NaN NaN NaN NaN NaN NaN NaN NaN NaN NaN 
NaN NaN NaN NaN NaN NaN NaN NaN NaN NaN NaN NaN NaN NaN NaN NaN NaN NaN NaN NaN NaN NaN NaN NaN NaN NaN NaN NaN NaN NaN NaN NaN NaN NaN NaN NaN NaN NaN NaN NaN 
NaN NaN NaN NaN NaN NaN NaN NaN NaN NaN NaN NaN NaN NaN NaN NaN NaN NaN NaN NaN NaN NaN NaN NaN NaN NaN NaN NaN NaN NaN NaN NaN NaN NaN NaN NaN NaN NaN NaN NaN 
NaN NaN NaN NaN NaN NaN NaN NaN NaN NaN NaN NaN NaN NaN NaN NaN NaN NaN NaN NaN NaN NaN NaN NaN NaN NaN NaN NaN NaN NaN NaN NaN NaN NaN NaN NaN NaN NaN NaN NaN 
NaN NaN NaN NaN NaN NaN NaN NaN NaN NaN NaN NaN NaN NaN NaN NaN NaN NaN NaN NaN NaN NaN NaN NaN NaN NaN NaN NaN NaN NaN NaN NaN NaN NaN NaN NaN NaN NaN NaN NaN 
NaN NaN NaN NaN NaN NaN NaN NaN NaN NaN NaN NaN NaN NaN NaN NaN NaN NaN NaN NaN NaN NaN NaN NaN NaN NaN NaN NaN NaN NaN NaN NaN NaN NaN NaN NaN NaN NaN NaN NaN 
NaN NaN NaN NaN NaN NaN NaN NaN NaN NaN NaN NaN NaN NaN NaN NaN NaN NaN NaN NaN NaN NaN NaN NaN NaN NaN NaN NaN NaN NaN NaN NaN NaN NaN NaN NaN NaN NaN NaN NaN 
NaN NaN NaN NaN NaN NaN NaN NaN NaN NaN NaN NaN NaN NaN NaN NaN NaN NaN NaN NaN NaN NaN NaN NaN NaN NaN NaN NaN NaN NaN NaN NaN NaN NaN NaN NaN NaN NaN NaN NaN 
NaN NaN NaN NaN NaN NaN NaN NaN NaN NaN NaN NaN NaN NaN NaN NaN NaN NaN NaN NaN NaN NaN NaN NaN NaN NaN NaN NaN NaN NaN NaN NaN NaN NaN NaN NaN NaN NaN NaN NaN 
NaN NaN NaN NaN NaN NaN NaN NaN NaN NaN NaN NaN NaN NaN NaN NaN NaN NaN NaN NaN NaN NaN NaN NaN NaN NaN NaN NaN NaN NaN NaN NaN NaN NaN NaN NaN NaN NaN NaN NaN 
NaN NaN NaN NaN NaN NaN NaN NaN NaN NaN NaN NaN NaN NaN NaN NaN NaN NaN NaN NaN NaN NaN NaN NaN NaN NaN NaN NaN NaN NaN NaN NaN NaN NaN NaN NaN NaN NaN NaN NaN 
NaN NaN NaN NaN NaN NaN NaN NaN NaN NaN NaN NaN NaN NaN NaN NaN NaN NaN NaN NaN NaN NaN NaN NaN NaN NaN NaN NaN NaN NaN NaN NaN NaN NaN NaN NaN NaN NaN NaN NaN 
NaN NaN NaN NaN NaN NaN NaN NaN NaN NaN NaN NaN NaN NaN NaN NaN NaN NaN NaN NaN NaN NaN NaN NaN NaN NaN NaN NaN NaN NaN NaN NaN NaN NaN NaN NaN NaN NaN NaN NaN 
NaN NaN NaN NaN NaN NaN NaN NaN NaN NaN NaN NaN NaN NaN NaN NaN NaN NaN NaN NaN NaN NaN NaN NaN NaN NaN NaN NaN NaN NaN NaN NaN NaN NaN NaN NaN NaN NaN NaN NaN 
NaN NaN NaN NaN NaN NaN NaN NaN NaN NaN NaN NaN NaN NaN NaN NaN NaN NaN NaN NaN NaN NaN NaN NaN NaN NaN NaN NaN NaN NaN NaN NaN NaN NaN NaN NaN NaN NaN NaN NaN 
NaN NaN NaN NaN NaN NaN NaN NaN NaN NaN NaN NaN NaN NaN NaN NaN NaN NaN NaN NaN NaN NaN NaN NaN NaN NaN NaN NaN NaN NaN NaN NaN NaN NaN NaN NaN NaN NaN NaN NaN 
NaN NaN NaN NaN NaN NaN NaN NaN NaN NaN NaN NaN NaN NaN NaN NaN NaN NaN NaN NaN NaN NaN NaN NaN NaN NaN NaN NaN NaN NaN NaN NaN NaN NaN NaN NaN NaN NaN NaN NaN 
NaN NaN NaN NaN NaN NaN NaN NaN NaN NaN NaN NaN NaN NaN NaN NaN NaN NaN NaN NaN NaN NaN NaN NaN NaN NaN NaN NaN NaN NaN NaN NaN NaN NaN NaN NaN NaN NaN NaN NaN 
NaN NaN NaN NaN NaN NaN NaN NaN NaN NaN NaN NaN NaN NaN NaN NaN NaN NaN NaN NaN NaN NaN NaN NaN NaN NaN NaN NaN NaN NaN NaN NaN NaN NaN NaN NaN NaN NaN NaN NaN 
NaN NaN NaN NaN NaN NaN NaN NaN NaN NaN NaN NaN NaN NaN NaN NaN NaN NaN NaN NaN NaN NaN NaN NaN NaN NaN NaN NaN NaN NaN NaN NaN NaN NaN NaN NaN NaN NaN NaN NaN 
NaN NaN NaN NaN NaN NaN NaN NaN NaN NaN NaN NaN NaN NaN NaN NaN NaN NaN NaN NaN NaN NaN NaN NaN NaN NaN NaN NaN NaN NaN NaN NaN NaN NaN NaN NaN NaN NaN NaN NaN 
NaN NaN NaN NaN NaN NaN NaN NaN NaN NaN NaN NaN NaN NaN NaN NaN NaN NaN NaN NaN NaN NaN NaN NaN NaN NaN NaN NaN NaN NaN NaN NaN NaN NaN NaN NaN NaN NaN NaN NaN 
NaN NaN NaN NaN NaN NaN NaN NaN NaN NaN NaN NaN NaN NaN NaN NaN NaN NaN NaN NaN NaN NaN NaN NaN NaN NaN NaN NaN NaN NaN NaN NaN NaN NaN NaN NaN NaN NaN NaN NaN 
NaN NaN NaN NaN NaN NaN NaN NaN NaN NaN NaN NaN NaN NaN NaN NaN NaN NaN NaN NaN NaN NaN NaN NaN NaN NaN NaN NaN NaN NaN NaN NaN NaN NaN NaN NaN NaN NaN NaN NaN 
NaN NaN NaN NaN NaN NaN NaN NaN NaN NaN NaN NaN NaN NaN NaN NaN NaN NaN NaN NaN NaN NaN NaN NaN NaN NaN NaN NaN NaN NaN NaN NaN NaN NaN NaN NaN NaN NaN NaN NaN 
NaN NaN NaN NaN NaN NaN NaN NaN NaN NaN NaN NaN NaN NaN NaN NaN NaN NaN NaN NaN NaN NaN NaN NaN NaN NaN NaN NaN NaN NaN NaN NaN NaN NaN NaN NaN NaN NaN NaN NaN 
-100.124141 -100.188005 -100.294293 -100.473561 -100.716716 -101.057413 -101.473571 -102.006649 -102.710732 -103.537365 -104.510978 -105.638769 -106.792187 -107.834330 -108.522965 -108.694624 -108.454806 -108.048904 -107.662610 -107.337404 -106.996789 -106.567829 -106.139324 -105.983462 -106.528082 -108.385518 -112.551252 -116.489854 -111.972179 -109.037358 -110.190726 -117.544743 -113.697543 -107.892127 -109.153280 -116.992019 -109.577537 -107.993501 -112.442057 -110.808566 
-65.090000 -69.818079 -74.116615 -76.497286 -78.637265 -85.906100 -80.989347 -84.321698 -85.105987 -78.439055 -78.514590 -85.668193 -87.858600 -78.501868 -77.519260 -78.530842 -75.620535 -74.557720 -80.492361 -83.093878 -77.195544 -75.682966 -78.251713 -77.118371 -82.539286 -82.985755 -79.595144 -79.256075 -82.079490 -86.238766 -81.365855 -80.456738 -83.782291 -84.474578 -78.338173 -86.304860 -79.836636 -80.850267 -79.788250 -85.048850 
-63.478856 -80.406893 -74.588791 -73.406574 -73.829685 -78.119315 -78.036150 -74.728155 -81.559608 -80.203769 -77.682930 -81.744203 -78.822999 -74.136153 -74.903490 -76.546589 -74.283716 -73.613916 -73.422004 -72.977034 -74.449809 -73.708424 -76.779001 -77.441639 -79.569319 -78.137746 -74.628362 -74.825743 -76.703022 -78.648183 -75.629274 -76.192326 -78.355057 -77.663215 -75.097585 -79.497446 -75.613256 -76.194360 -74.876026 -78.186216 
-65.589711 -80.389577 -77.864860 -75.757597 -78.703479 -80.564262 -77.199960 -74.890700 -71.137669 -72.828986 -71.460772 -76.711309 -78.881393 -79.535894 -75.415817 -75.379223 -79.419086 -77.318389 -74.270798 -78.006671 -78.569657 -78.933452 -78.713935 -76.750112 -77.112842 -75.248780 -74.146975 -78.958415 -76.145278 -76.220124 -77.307754 -75.081794 -75.350331 -74.363480 -78.022042 -77.838988 -75.370953 -77.887296 -73.024520 -77.697737 
-48.602962 -47.434466 -48.566879 -50.842136 -55.366411 -59.035428 -59.744178 -57.591297 -58.259147 -61.558134 -63.514633 -63.310677 -63.134286 -63.292996 -67.165030 -64.336572 -66.978706 -67.458622 -67.100249 -68.526496 -70.586894 -65.968844 -69.786855 -72.891328 -74.347410 -73.916741 -71.220604 -72.609992 -71.068176 -71.583500 -71.803937 -73.283864 -74.402265 -72.727445 -76.212282 -72.886790 -74.752955 -75.310168 -73.891472 -75.695019 
-25.780701 -29.164472 -33.587126 -38.006858 -40.979039 -42.296585 -43.213086 -45.114337 -47.146884 -46.736858 -47.240677 -49.020052 -50.479938 -50.875061 -52.632454 -52.540600 -54.398905 -54.026491 -56.196976 -57.738210 -59.519689 -57.075335 -61.014525 -60.529364 -61.735064 -62.204428 -62.519932 -64.422957 -61.368311 -64.801680 -65.111505 -66.568077 -70.858862 -67.485491 -67.040543 -69.729374 -67.671683 -68.113297 -68.537264 -69.211121 
-30.514573 -41.363361 -44.780412 -60.194760 -56.776869 -58.787839 -58.058821 -59.945713 -64.797489 -59.040575 -60.694928 -63.187167 -67.925807 -64.697029 -66.974259 -65.535400 -68.138928 -65.872305 -68.770308 -68.412504 -67.277471 -67.715149 -66.407235 -69.122106 -69.341818 -70.194490 -67.585941 -69.011161 -68.861604 -70.955420 -68.989912 -69.624423 -70.315042 -72.511875 -70.728503 -72.877277 -72.905752 -71.651041 -70.770171 -72.653611 
-27.329391 -40.923944 -42.089202 -46.417562 -48.341604 -59.573674 -63.632203 -65.435312 -63.615446 -60.280842 -63.071279 -60.870590 -69.625279 -69.263566 -63.774378 -64.538414 -68.487290 -66.143166 -66.202022 -67.021980 -70.850381 -63.596507 -64.250691 -65.110039 -71.411647 -69.510135 -76.520557 -69.235457 -70.410784 -68.342350 -68.471544 -69.329108 -69.667772 -69.873746 -69.333374 -70.257386 -70.561684 -70.053210 -70.055938 -73.968446 
-26.710602 -35.718319 -41.813770 -51.951988 -54.875875 -56.989142 -55.327331 -57.566269 -66.333147 -65.425663 -65.259438 -64.298627 -64.865205 -63.090531 -65.889500 -62.443383 -69.141894 -68.097280 -66.606809 -64.022208 -68.316461 -68.525018 -62.136539 -65.019147 -68.640993 -70.081346 -74.452027 -67.847412 -71.308869 -71.505960 -67.433493 -68.660354 -74.051191 -70.621546 -68.951248 -70.789458 -70.242318 -68.945150 -69.017152 -72.042684 
-31.920244 -38.912250 -41.545387 -46.730613 -52.171241 -55.091031 -53.454836 -52.507619 -62.430048 -61.043177 -65.469074 -65.695199 -61.943092 -57.127987 -62.139174 -64.730713 -64.856891 -64.747284 -65.193306 -66.569773 -67.598136 -61.733103 -63.090905 -67.913388 -68.616991 -67.616653 -72.007473 -73.055341 -66.684796 -62.586702 -64.896906 -67.319144 -76.250630 -70.196577 -68.769547 -69.413615 -69.589928 -71.283837 -68.795441 -71.213386 
-29.202213 -33.388678 -32.836207 -34.995630 -34.565701 -34.917847 -37.643040 -41.737448 -40.095676 -43.597377 -49.688846 -49.573767 -50.298758 -49.004359 -50.486604 -54.000305 -56.146473 -52.884471 -47.676510 -48.556935 -47.091439 -49.414850 -49.796120 -50.448671 -49.175993 -54.583491 -54.505867 -56.504358 -53.632920 -54.027173 -61.320654 -59.768100 -55.087150 -54.134024 -53.909603 -58.289581 -55.874366 -63.162339 -58.175215 -62.005092 
-9.349386 -16.483161 -17.955856 -13.304795 -16.439166 -17.882897 -16.664223 -18.063321 -22.614782 -27.361170 -31.199160 -33.551918 -31.741968 -32.332830 -30.464949 -31.345271 -34.344584 -31.038210 -29.589506 -28.989844 -30.430127 -32.342913 -32.056493 -31.342273 -33.910659 -39.467120 -38.730710 -38.209276 -35.887498 -45.968324 -46.981059 -47.355156 -46.656390 -43.609002 -40.079675 -44.121398 -45.013634 -48.625164 -49.425309 -48.968219 
-0.505889 -0.597455 -0.248355 -1.670616 -3.841466 -3.877002 -5.936815 -7.063257 -8.690348 -17.489659 -23.085479 -24.617068 -26.855162 -25.780611 -25.483586 -26.914738 -23.760672 -20.872082 -17.765633 -19.833180 -27.384603 -31.516620 -30.403094 -26.401604 -32.168598 -40.133026 -39.688383 -29.659104 -29.380083 -40.680266 -44.025860 -41.795210 -46.249561 -50.582364 -46.860164 -49.937032 -50.684659 -47.448378 -50.304592 -49.749147 
-4.487025 6.496202 7.814803 5.977551 7.614549 3.220139 7.425713 6.582014 4.942845 -6.496228 -11.191608 -9.264586 -10.877893 -14.030559 -15.068112 -16.465704 -14.041842 -8.254813 -3.218438 -4.397638 -9.885940 -12.089599 -12.123330 -7.322371 -12.285849 -18.333735 -18.977258 -12.852906 -16.359749 -24.431615 -30.523749 -36.501713 -43.079941 -44.630943 -45.542605 -46.563743 -47.096467 -46.886909 -47.510685 -44.751427 
-6.471008 7.006776 5.881801 5.613329 6.615605 6.240703 6.741705 15.042273 10.290599 0.264764 -8.717422 -7.714833 -8.181111 -8.401376 -9.295482 -8.332723 -11.223520 -8.214536 0.414733 1.698801 -3.764675 -7.993235 -5.814698 -1.087926 -5.495302 -13.490239 -14.322212 -8.840022 -12.410998 -21.691836 -25.874742 -34.859855 -40.058494 -45.664916 -46.758481 -47.402434 -38.356086 -44.895310 -48.623602 -42.780720 
-5.849097 7.406504 6.973431 6.633861 7.454528 5.103765 4.967177 16.177414 13.754998 4.249165 -6.461336 -7.167299 -6.994090 -6.674746 -7.038962 -7.268535 -6.095364 -4.688675 1.728755 4.348823 -0.605337 -3.120567 -3.180811 0.814459 -0.655795 -8.491811 -10.187271 -3.784710 -6.850733 -16.093010 -21.067479 -30.022458 -33.152441 -51.437283 -56.305511 -56.260426 -33.972453 -41.504941 -49.939802 -37.992184 
-6.814304 7.585947 7.195288 5.788912 7.057572 4.033036 5.463480 15.389309 13.121368 9.078619 -1.556434 -5.526085 -6.699728 -6.149180 -7.034764 -8.202141 -7.039421 -4.653662 0.466194 6.023896 1.399678 -2.641221 -2.592107 1.270937 0.443702 -6.981316 -8.645988 -5.194924 -7.012495 -16.237463 -21.036221 -26.081862 -31.766109 -43.249255 -45.521654 -46.219591 -38.918434 -43.664015 -44.553957 -38.591438 
-4.908082 6.820499 6.154712 5.555739 6.716279 3.888372 5.275462 12.547283 10.439950 11.583393 -0.553763 -7.502230 -7.261283 -5.256036 -6.325565 -7.027085 -5.016976 -4.138206 1.072940 6.204522 1.292685 -2.147170 -2.051910 2.603733 1.953885 -4.230822 -6.515477 -2.498791 -3.169653 -11.607539 -18.487285 -23.224875 -27.502895 -40.507960 -45.628654 -50.729025 -42.622317 -46.329232 -46.952480 -39.032625 
-6.151281 6.628227 5.990083 5.175960 6.941857 3.766505 4.373344 10.801181 11.034495 14.849888 0.324426 -6.594974 -5.751041 -4.863568 -6.685939 -5.977376 -4.989768 -2.870681 0.057966 7.182890 3.696372 -2.546664 -2.673198 2.719133 4.419856 0.341760 -4.431827 -3.795317 -2.214942 -10.485969 -19.007562 -24.412330 -31.825382 -40.899390 -48.157839 -50.998714 -47.844939 -46.439251 -44.290504 -35.121272 
-8.641741 6.828081 6.588953 5.220175 6.327237 3.457870 3.083684 9.395005 10.565883 16.737116 1.977687 -4.307195 -2.656384 -2.950261 -5.738166 -4.605305 -3.627244 -2.592654 2.819668 7.115199 3.589476 -3.544816 -3.055578 3.009499 4.630166 0.298741 -3.469199 -2.964779 0.448106 -7.870470 -18.467494 -22.015230 -28.534107 -32.102334 -33.790985 -34.417483 -34.661928 -35.011008 -35.256161 -33.693233 
-9.272922 6.162886 6.019190 4.308738 6.485070 2.935569 4.063083 8.549526 9.320418 17.612020 1.602885 -4.943134 -1.148302 -1.610306 -4.671976 -5.093130 -5.322906 -4.734159 4.475858 8.459854 5.035052 -0.932223 -2.513963 2.919717 4.087215 -1.327704 -4.687797 -2.061103 0.519610 -6.748682 -19.579538 -20.398643 -25.729268 -35.458319 -38.786281 -39.784962 -39.696460 -37.665372 -38.203692 -36.091645 
-7.365143 6.119305 6.078350 4.175640 6.095299 2.363598 3.415162 7.280384 9.871457 18.383916 3.412112 -6.494477 -1.623564 -1.289290 -4.860237 -3.913802 -2.385602 -4.144463 4.478757 10.258070 5.510144 0.290981 -1.025002 2.070384 4.354808 0.175195 1.446629 -0.421562 0.727198 -5.915483 -21.169435 -20.318080 -29.082564 -37.398853 -45.715923 -50.506401 -47.504233 -38.253463 -40.347314 -36.495892 
-6.517284 6.214477 6.559120 3.682580 6.507751 2.678986 4.161246 6.290694 9.757383 18.536992 5.431562 -2.667092 0.077112 -0.379717 -0.672245 -1.034049 -0.957803 0.387785 6.843127 10.819883 5.712492 1.503892 -0.457671 3.344909 6.962805 2.864544 -0.265805 1.210794 2.700819 -6.189715 -20.649943 -16.675390 -27.310520 -37.565245 -51.361176 -59.633955 -51.854752 -39.297948 -42.693381 -38.535188 
-9.684416 5.530860 7.006138 3.061069 6.970405 2.150251 4.985202 4.084881 9.182650 18.851638 8.856739 -1.590539 1.101679 1.053941 -1.658703 -1.267033 -3.557422 -0.405851 7.034930 10.965831 4.052953 -1.679203 -2.603175 4.455339 7.908621 1.814127 -1.510164 2.071882 1.881205 -3.363003 -16.324809 -17.133196 -30.297727 -39.145772 -46.251576 -49.397194 -44.964002 -35.953322 -40.673430 -36.775464 
-8.831344 5.455304 7.304920 2.021908 7.358434 1.072846 4.891301 3.231854 8.626875 18.200106 11.915608 -1.598317 1.200210 1.200374 -1.370893 -2.929041 -2.004937 1.678589 8.794555 10.998304 3.398315 -1.305103 -2.540081 2.743425 7.074949 1.321120 -1.335189 1.356220 1.846224 -2.531002 -15.977768 -20.063300 -32.908267 -35.010875 -39.447901 -41.016325 -41.452924 -38.098664 -40.582358 -35.560290 
-12.413919 5.421539 7.724328 0.865634 7.427438 2.077490 4.753067 2.551612 8.273198 16.987221 14.672552 -1.103256 -3.015532 -1.546492 -0.638745 -3.140602 -4.099881 -0.358752 7.481824 9.590836 2.864311 -0.041233 -1.676942 1.101615 6.589008 3.560800 -0.488862 1.563401 3.082576 -3.643776 -19.723476 -20.138930 -28.731955 -35.044306 -41.391039 -42.018167 -42.034939 -37.055478 -37.466809 -32.584565 
-11.992033 4.090545 8.065523 0.349813 7.641606 2.174889 4.662911 3.345014 10.983198 15.822886 17.935760 -2.681117 -5.174080 -1.028626 1.284284 -0.602366 -1.406321 -0.833518 7.969790 10.501677 3.018283 -0.805602 -1.978403 1.464943 7.939422 4.311250 -3.236528 0.049233 2.657481 -4.308009 -16.202178 -19.368008 -24.721948 -31.141862 -38.709812 -40.803582 -41.057133 -36.749787 -38.548060 -32.806521 
-11.959758 3.183582 8.525156 -0.143249 7.790490 3.477533 3.574470 2.681501 10.152556 11.716679 17.156362 3.818477 -1.692324 -3.679015 -2.789465 -2.576980 -1.460923 1.494592 8.297073 8.619439 2.165694 -1.824105 -2.420829 0.169145 7.604127 4.283766 -0.949379 -0.793496 1.479360 -2.189217 -12.782487 -22.654298 -27.790818 -34.199779 -41.216049 -43.015819 -42.948975 -36.208909 -40.926371 -34.464708 
-17.634357 2.371470 9.169200 1.554816 7.253845 6.367253 2.219298 6.002904 11.608197 12.236399 14.229523 7.897005 1.493987 -2.817558 -4.168792 -3.352166 -2.201328 0.372195 7.324856 10.306445 -0.340601 -4.293083 -2.172938 2.423239 7.041201 3.077021 -2.465803 -0.125260 3.215969 -2.330659 -8.974715 -21.681794 -32.576379 -36.321288 -43.793596 -44.319811 -43.388097 -37.430620 -41.606164 -33.110394 
-16.965740 1.021525 9.305608 2.335799 6.377843 8.397512 2.206170 8.961141 10.348520 16.532204 9.080313 9.615433 2.486356 -2.373717 -1.408612 -2.887330 -2.629854 -0.566628 3.739068 9.452201 2.612212 -2.807200 -1.860007 0.799326 6.241599 2.815714 -0.044342 0.902747 2.658129 -1.034861 -8.402037 -23.399659 -39.293359 -36.046330 -41.545465 -41.939057 -41.819791 -40.000154 -40.868296 -35.287452 
-20.903120 -1.949589 8.965057 3.868350 3.300657 9.559455 2.046793 10.892813 9.554719 20.247657 9.875184 5.986414 -0.303985 -1.023626 -1.080839 -3.079566 -2.513579 1.119779 4.671411 9.098700 1.587573 -3.352269 -3.332369 -1.672320 5.579404 3.261302 -1.978069 -1.874224 1.019909 -2.624694 -11.880767 -24.726442 -39.035617 -37.234766 -39.625962 -40.580658 -40.932690 -38.975205 -40.252123 -37.638673 
-24.305073 -4.969730 8.155358 5.471969 -1.012401 9.509793 1.996837 10.206464 8.749964 17.805406 14.760341 0.668401 0.298758 -5.201276 -4.191642 -4.668817 -3.580398 -3.486873 1.192485 9.801647 3.915761 -3.762980 -6.123991 -3.984716 1.458617 0.729963 -6.512300 -6.085284 -2.997377 -4.780387 -12.791416 -30.415441 -42.417723 -36.903621 -47.051376 -53.047141 -51.317370 -44.403743 -44.858100 -39.198550 
-27.355502 -9.504404 6.750361 6.118802 -7.086616 7.959707 4.420567 6.288807 13.844924 10.960322 13.053630 0.719961 2.038631 -4.917451 -6.051938 -8.532194 -7.643858 -6.175093 -2.340248 3.627801 2.180895 -6.177748 -11.161725 -7.652855 -1.674705 -2.573159 -9.847120 -8.379665 -6.402628 -8.294548 -12.387383 -29.324533 -37.758422 -37.603658 -45.418718 -47.754141 -47.311424 -44.837777 -45.927147 -40.858220 
-26.592928 -9.971216 6.244621 7.441734 -7.670756 5.380969 6.772470 5.924491 16.656186 4.172606 3.591977 -0.615148 1.395946 -4.869642 -4.029277 -9.467854 -10.879142 -8.008744 -6.679890 2.159981 -0.611202 -7.059918 -13.788677 -13.040688 -7.829556 -5.633051 -15.683647 -12.424501 -10.030936 -10.976667 -16.103682 -33.067326 -35.222979 -36.439569 -49.040841 -58.300348 -50.301399 -47.783550 -52.500098 -42.684509 
-23.779918 -17.401064 4.243645 8.411052 -6.226022 2.380503 8.940801 3.230460 17.381327 10.189761 -1.786341 0.289621 -4.183224 -6.786456 -6.829398 -12.217831 -12.156686 -11.292969 -8.047638 -0.494374 3.108832 -8.647031 -14.499786 -15.513181 -7.764723 -7.935930 -17.237357 -15.027191 -12.715958 -12.140779 -20.273573 -35.154496 -39.773627 -37.383574 -46.026720 -49.684526 -48.446652 -49.288106 -49.130369 -43.455532 
-24.016956 -16.707162 3.449896 9.095749 -3.403321 2.569162 11.447053 -0.364152 12.270094 9.942430 -9.979282 -2.229532 -10.372218 -7.806083 -14.689605 -13.255193 -12.430112 -12.139248 -11.678762 -3.041074 -0.663375 -12.630867 -14.981648 -16.691222 -12.213125 -9.636625 -17.136324 -22.135822 -16.128904 -9.937323 -18.005690 -33.716182 -46.558819 -40.505605 -48.585294 -52.038151 -51.549035 -48.881858 -45.346372 -45.029248 
-24.360226 -20.200525 2.609510 8.803206 -0.899578 5.112376 12.932977 5.123923 2.706690 5.444766 -7.720604 -4.187019 -13.686686 -10.847095 -20.261236 -19.049166 -14.423635 -13.468463 -11.850318 -4.235931 -9.027333 -17.247846 -22.362800 -21.802293 -10.287844 -8.420219 -18.944696 -19.705899 -19.523481 -13.978181 -18.324081 -35.536002 -58.855446 -48.955276 -59.772001 -63.397793 -56.742772 -50.276392 -44.541072 -47.441377 
-19.405157 -14.869400 3.029096 5.915607 -0.065963 4.042136 2.650771 -1.283179 -7.949649 -6.057349 -16.008609 -14.369913 -20.078756 -20.316138 -22.272848 -22.834587 -21.527313 -27.305514 -19.435075 -13.408727 -23.124864 -26.332722 -30.077876 -27.219181 -16.944434 -17.714237 -30.756760 -27.220806 -23.022082 -19.104691 -23.736139 -41.517465 -46.532825 -46.649771 -47.554728 -47.976011 -48.002189 -48.103560 -47.667046 -48.616539 
-22.327152 -18.634810 2.661825 7.226267 -6.188506 -10.219212 -5.258424 -14.940157 -12.136412 -11.421144 -29.252162 -29.118168 -44.970470 -38.578161 -35.115412 -33.177565 -35.137593 -34.194367 -31.876818 -23.408951 -27.444266 -31.161038 -38.639194 -38.599742 -33.965030 -33.772869 -40.732220 -36.901562 -34.244597 -34.634000 -41.756343 -52.171770 -54.400588 -53.573733 -55.778628 -56.521764 -56.305254 -56.543134 -56.950159 -57.726136 
-29.395753 -20.383703 2.244692 6.148690 -8.038902 -10.175473 -6.440544 -20.486228 -22.532006 -14.268167 -22.305270 -28.212346 -26.983515 -32.245151 -38.987062 -40.012836 -37.391335 -34.725528 -33.378360 -34.180199 -37.687314 -38.375655 -39.929061 -41.041422 -37.309524 -41.843938 -47.030662 -45.043763 -43.415794 -42.508959 -43.083521 -51.351065 -50.202193 -55.753912 -56.277855 -53.494607 -50.863317 -52.966446 -58.936415 -59.912840 
-36.391395 -17.447237 2.393265 4.919654 -13.146736 -9.862067 -8.765999 -26.764164 -26.848557 -28.849491 -30.172032 -30.688733 -26.028287 -32.892180 -36.409326 -38.340779 -36.306758 -33.492036 -34.244608 -30.454878 -33.889820 -36.597550 -39.136515 -41.621185 -39.635132 -39.998606 -44.357818 -45.840003 -46.785376 -44.629836 -42.950225 -47.830519 -45.879248 -48.814055 -49.465639 -47.597633 -46.700148 -47.787104 -50.927597 -51.511182 
-22.408611 -14.992492 3.285016 5.207639 -10.966681 -11.604285 -11.480547 -27.626793 -26.620872 -29.591919 -37.445800 -34.580913 -27.793953 -42.360424 -44.702524 -47.474191 -47.699535 -42.915284 -38.892571 -34.064523 -42.640958 -41.110723 -42.934523 -44.396957 -43.088228 -48.355810 -56.101745 -53.976931 -50.760206 -44.354173 -47.903905 -50.210975 -48.007467 -50.974706 -56.828849 -56.470870 -55.720169 -55.797233 -59.582043 -59.086574 
-24.616835 -11.559714 4.092748 4.634836 -12.775884 -10.880178 -13.250542 -29.839361 -24.186928 -34.482057 -35.811174 -38.384899 -32.794630 -37.563295 -41.541660 -45.842211 -45.444209 -44.337756 -40.448122 -31.021705 -39.735284 -45.351615 -47.388228 -49.922978 -47.339238 -46.213384 -52.953789 -53.814651 -51.772733 -44.124032 -48.593635 -53.787160 -52.744665 -54.146062 -56.503917 -55.433396 -56.299370 -58.257910 -56.725092 -58.106082 
-19.276190 -7.820978 4.698327 2.065721 -13.433553 -9.367823 -15.912961 -23.753216 -28.497719 -39.433581 -44.498556 -45.420934 -37.230731 -41.320727 -47.468245 -52.033729 -43.677375 -43.979118 -43.765935 -36.446450 -37.777587 -45.964210 -53.872151 -50.451751 -51.465102 -44.073823 -56.000301 -55.610850 -55.582946 -44.868870 -46.401280 -60.782642 -59.634353 -61.221483 -64.067386 -62.521131 -60.483039 -61.886350 -64.300816 -63.011016 
-21.033768 -7.798850 3.346339 -1.611200 -16.373979 -12.064918 -20.498468 -24.454571 -33.705671 -36.015703 -41.147409 -41.728539 -39.125521 -41.195007 -47.747611 -49.743125 -47.673058 -45.569453 -46.750449 -36.682467 -35.531199 -47.638162 -50.101634 -50.901538 -49.487869 -46.736445 -53.452654 -54.754761 -56.184040 -49.047290 -53.878424 -61.014582 -60.574398 -61.530718 -62.230869 -62.797983 -61.456167 -61.675566 -63.549128 -62.448657 
-22.502737 -7.657662 -0.007511 -7.003313 -23.051706 -18.833633 -26.622809 -27.431209 -34.147616 -43.756511 -35.560475 -36.808476 -41.836278 -44.816457 -53.035397 -50.132353 -46.742698 -47.183144 -45.978252 -37.168431 -35.684827 -46.622117 -51.500778 -55.776384 -49.029553 -46.095227 -56.725577 -57.181460 -55.605379 -50.288744 -56.611895 -63.424301 -64.097358 -60.417751 -62.331147 -67.543242 -63.829247 -67.877180 -67.636407 -66.059427 
-20.535131 -12.142179 -7.173885 -16.277765 -31.614723 -28.309675 -32.351765 -41.497767 -41.325825 -40.653537 -37.222081 -36.842791 -39.079479 -39.658982 -49.863682 -53.194255 -49.836799 -45.805387 -49.814105 -37.414773 -38.685900 -49.430522 -51.029470 -54.827021 -49.051712 -45.673619 -54.401264 -57.262248 -57.480740 -54.030151 -59.388707 -62.886737 -63.647785 -62.890837 -63.040642 -62.810623 -63.703249 -64.892935 -65.358741 -64.813725 
-27.847357 -20.199663 -16.074571 -25.951081 -35.872684 -37.454484 -39.517419 -41.901315 -45.293444 -39.594439 -34.262335 -32.011670 -35.542688 -44.748711 -52.055072 -55.592149 -54.324648 -50.147831 -49.572374 -41.444581 -38.429327 -51.496988 -57.275627 -58.918526 -50.823146 -48.756017 -55.928185 -58.050621 -59.286373 -56.893186 -60.365119 -64.452833 -66.563504 -67.016202 -68.253360 -66.778690 -65.639546 -69.578142 -69.628410 -69.357677 
-26.401864 -27.358792 -23.788282 -32.177243 -36.920053 -42.405039 -39.296816 -38.945203 -48.693644 -44.918557 -40.959049 -38.660302 -43.063317 -49.896430 -52.619307 -56.142777 -54.844229 -53.307739 -56.412252 -45.903990 -41.074938 -51.815769 -57.188506 -59.920230 -52.303976 -46.255151 -58.299235 -61.466810 -59.598488 -55.424113 -63.500304 -65.958913 -66.520832 -68.547823 -67.725702 -67.667600 -67.850212 -68.577396 -70.071127 -73.208129 
-29.406916 -29.504388 -35.971192 -38.106098 -39.312271 -40.683169 -42.321653 -43.719905 -47.571900 -54.341097 -53.698233 -42.463403 -46.545616 -55.228216 -60.561697 -61.198004 -63.257777 -56.346121 -54.190561 -52.552597 -44.414543 -54.395129 -62.893329 -61.645062 -55.622596 -55.228527 -57.047247 -63.999683 -60.425173 -59.112191 -64.566099 -65.529152 -68.446329 -70.231926 -69.977830 -67.799647 -70.018576 -71.282535 -69.233417 -70.788486 
-36.102377 -41.684409 -43.810331 -46.643387 -48.343695 -54.437342 -53.279780 -52.740353 -50.744738 -52.490256 -51.538103 -51.935092 -56.895312 -58.955438 -69.046302 -68.708694 -69.809353 -65.953154 -62.407978 -57.660836 -50.182485 -63.489226 -70.609436 -68.647610 -64.077727 -61.445309 -61.427868 -61.902545 -65.065310 -62.990553 -66.757762 -70.195089 -66.672227 -69.119283 -69.243685 -70.054775 -69.735291 -69.647468 -68.996591 -74.534649 
-52.613053 -53.883138 -55.615116 -61.194416 -64.236691 -60.489921 -62.504952 -61.926770 -64.829473 -67.535835 -67.165278 -67.255198 -71.229984 -70.909519 -72.631349 -73.835963 -76.352191 -75.030808 -74.243759 -69.394881 -67.660090 -76.155626 -80.200385 -74.731439 -73.137479 -73.430900 -75.505766 -73.403049 -73.507012 -71.851911 -75.101136 -76.686644 -77.743391 -76.167625 -74.386298 -76.325258 -73.913110 -73.904207 -74.466379 -78.666996 
-62.455545 -74.352861 -68.379153 -73.013302 -74.854948 -67.821072 -73.640900 -77.566668 -77.803161 -73.332092 -82.399317 -77.607750 -78.122017 -72.287997 -72.649432 -76.863008 -82.727103 -74.396990 -74.026240 -74.766392 -74.142370 -75.383260 -76.391222 -74.322360 -77.243838 -77.764636 -71.966340 -74.030233 -71.606753 -72.018108 -74.489163 -75.246874 -78.621281 -76.604376 -73.578489 -74.180394 -74.512969 -76.117912 -76.132357 -76.156468 
-63.834057 -71.847317 -68.754706 -69.931535 -77.905529 -79.954428 -75.315630 -78.911042 -76.335692 -75.348984 -75.298963 -76.996095 -74.189573 -74.218385 -78.317302 -79.929746 -77.377619 -75.960690 -74.215540 -78.821734 -80.194091 -76.292876 -74.535086 -75.586383 -77.904894 -78.774669 -78.312091 -78.691119 -74.696364 -75.611176 -73.553680 -76.658735 -77.644999 -76.560739 -74.309686 -77.994311 -74.624499 -76.946523 -74.612579 -77.879325 
-60.765313 -70.890137 -71.266002 -74.085998 -73.180118 -72.953012 -66.184793 -70.226517 -78.475252 -70.124826 -71.588452 -73.490381 -71.222970 -70.640501 -71.653522 -75.945929 -76.431831 -73.810825 -74.254025 -78.157383 -77.834841 -78.850813 -75.998072 -77.141148 -77.212632 -73.078415 -74.958357 -76.494020 -76.184484 -72.691432 -73.477759 -71.898903 -74.028087 -75.033007 -75.296560 -75.866884 -75.531931 -73.407934 -74.401081 -73.567821 
-63.768581 -76.949006 -70.754892 -68.789802 -72.138507 -74.014289 -71.106005 -75.632199 -77.195246 -74.616643 -73.547125 -73.931774 -72.800289 -71.348564 -73.848474 -83.146815 -75.372038 -77.041965 -77.402855 -75.462211 -75.400723 -78.269914 -80.512004 -77.468323 -76.719580 -76.696789 -76.772666 -77.054039 -74.807437 -74.424583 -75.416559 -72.479345 -74.663260 -76.644766 -74.955440 -76.450204 -77.087815 -75.357228 -74.185606 -76.254970 
-64.925229 -79.869692 -75.801613 -77.608515 -75.944271 -70.939470 -72.137495 -76.021560 -73.361620 -76.564135 -74.142468 -74.997841 -79.505347 -76.990526 -76.053850 -81.357934 -76.567287 -75.686813 -78.937701 -81.387310 -78.976626 -80.617579 -78.285093 -75.454601 -76.827647 -76.826989 -76.589835 -77.208923 -76.135457 -75.703910 -77.128900 -79.975979 -76.858766 -74.941529 -74.542987 -77.003419 -77.986653 -78.034851 -75.185251 -78.271028 
-62.457994 -70.782208 -73.603416 -71.387319 -72.594976 -79.947778 -71.993909 -72.179590 -77.222771 -76.049645 -75.415662 -81.619479 -76.668142 -71.157197 -76.236071 -77.434566 -80.854349 -74.982302 -72.771806 -74.714882 -77.286509 -76.485615 -72.092112 -74.416875 -76.857801 -75.139087 -72.680134 -73.520557 -73.742783 -73.371249 -75.497759 -75.165352 -73.462910 -73.523813 -76.227888 -75.726196 -75.127862 -76.941874 -75.186291 -79.907762 
-63.098025 -72.956444 -75.858570 -75.605647 -73.893778 -73.589274 -75.609729 -77.509016 -74.632132 -74.505186 -80.857955 -81.444790 -77.001131 -74.892980 -75.270295 -71.961852 -76.598430 -77.856756 -78.201661 -79.243244 -79.680349 -76.204915 -75.532472 -81.269966 -81.310875 -76.941346 -76.725717 -81.852081 -82.025256 -76.296794 -73.278491 -78.928582 -74.724068 -73.436493 -75.675568 -76.039690 -75.196738 -78.311578 -76.078420 -78.185512 
-63.966624 -75.968683 -74.766046 -75.634071 -75.298245 -75.725781 -78.763286 -76.684043 -78.542563 -81.143321 -75.275514 -74.294162 -74.605858 -75.385017 -72.774640 -75.664799 -75.888870 -76.897829 -80.995618 -76.843431 -79.715530 -74.099338 -71.604097 -79.065548 -76.455199 -73.333680 -75.534260 -79.343286 -82.057954 -76.606785 -73.492974 -77.408924 -77.505719 -74.879451 -76.951526 -76.182056 -77.412806 -79.307235 -76.309243 -79.053519 
-63.259638 -67.922251 -68.996539 -70.308006 -73.836769 -82.648686 -78.309601 -77.137190 -79.905849 -80.208807 -76.983484 -76.017819 -81.422175 -79.617958 -76.778366 -77.541232 -80.982941 -81.120496 -85.442178 -82.080354 -77.812847 -77.188541 -78.245453 -81.095210 -78.853499 -81.663165 -80.208272 -78.735130 -85.074028 -80.701864 -76.838045 -75.533377 -78.087405 -78.008211 -79.200020 -79.736068 -78.586023 -78.983965 -80.173538 -79.393810 
-90.768356 -90.968281 -91.305554 -91.887284 -92.705375 -93.910450 -95.487627 -97.689359 -100.800770 -103.619163 -103.246384 -100.663207 -98.695010 -97.835730 -98.180992 -99.992198 -103.998525 -108.367188 -104.684562 -100.869253 -99.169458 -98.482427 -98.225893 -99.005284 -102.059592 -103.901489 -100.772824 -101.269070 -107.608085 -106.186057 -101.923674 -97.724234 -97.085901 -99.290551 -100.093521 -100.260251 -98.830545 -98.369961 -100.080663 -99.499197 
NaN NaN NaN NaN NaN NaN NaN NaN NaN NaN NaN NaN NaN NaN NaN NaN NaN NaN NaN NaN NaN NaN NaN NaN NaN NaN NaN NaN NaN NaN NaN NaN NaN NaN NaN NaN NaN NaN NaN NaN 
NaN NaN NaN NaN NaN NaN NaN NaN NaN NaN NaN NaN NaN NaN NaN NaN NaN NaN NaN NaN NaN NaN NaN NaN NaN NaN NaN NaN NaN NaN NaN NaN NaN NaN NaN NaN NaN NaN NaN NaN 
NaN NaN NaN NaN NaN NaN NaN NaN NaN NaN NaN NaN NaN NaN NaN NaN NaN NaN NaN NaN NaN NaN NaN NaN NaN NaN NaN NaN NaN NaN NaN NaN NaN NaN NaN NaN NaN NaN NaN NaN 
NaN NaN NaN NaN NaN NaN NaN NaN NaN NaN NaN NaN NaN NaN NaN NaN NaN NaN NaN NaN NaN NaN NaN NaN NaN NaN NaN NaN NaN NaN NaN NaN NaN NaN NaN NaN NaN NaN NaN NaN 
NaN NaN NaN NaN NaN NaN NaN NaN NaN NaN NaN NaN NaN NaN NaN NaN NaN NaN NaN NaN NaN NaN NaN NaN NaN NaN NaN NaN NaN NaN NaN NaN NaN NaN NaN NaN NaN NaN NaN NaN 
NaN NaN NaN NaN NaN NaN NaN NaN NaN NaN NaN NaN NaN NaN NaN NaN NaN NaN NaN NaN NaN NaN NaN NaN NaN NaN NaN NaN NaN NaN NaN NaN NaN NaN NaN NaN NaN NaN NaN NaN 
NaN NaN NaN NaN NaN NaN NaN NaN NaN NaN NaN NaN NaN NaN NaN NaN NaN NaN NaN NaN NaN NaN NaN NaN NaN NaN NaN NaN NaN NaN NaN NaN NaN NaN NaN NaN NaN NaN NaN NaN 
NaN NaN NaN NaN NaN NaN NaN NaN NaN NaN NaN NaN NaN NaN NaN NaN NaN NaN NaN NaN NaN NaN NaN NaN NaN NaN NaN NaN NaN NaN NaN NaN NaN NaN NaN NaN NaN NaN NaN NaN 
NaN NaN NaN NaN NaN NaN NaN NaN NaN NaN NaN NaN NaN NaN NaN NaN NaN NaN NaN NaN NaN NaN NaN NaN NaN NaN NaN NaN NaN NaN NaN NaN NaN NaN NaN NaN NaN NaN NaN NaN 
NaN NaN NaN NaN NaN NaN NaN NaN NaN NaN NaN NaN NaN NaN NaN NaN NaN NaN NaN NaN NaN NaN NaN NaN NaN NaN NaN NaN NaN NaN NaN NaN NaN NaN NaN NaN NaN NaN NaN NaN 
NaN NaN NaN NaN NaN NaN NaN NaN NaN NaN NaN NaN NaN NaN NaN NaN NaN NaN NaN NaN NaN NaN NaN NaN NaN NaN NaN NaN NaN NaN NaN NaN NaN NaN NaN NaN NaN NaN NaN NaN 
NaN NaN NaN NaN NaN NaN NaN NaN NaN NaN NaN NaN NaN NaN NaN NaN NaN NaN NaN NaN NaN NaN NaN NaN NaN NaN NaN NaN NaN NaN NaN NaN NaN NaN NaN NaN NaN NaN NaN NaN 
NaN NaN NaN NaN NaN NaN NaN NaN NaN NaN NaN NaN NaN NaN NaN NaN NaN NaN NaN NaN NaN NaN NaN NaN NaN NaN NaN NaN NaN NaN NaN NaN NaN NaN NaN NaN NaN NaN NaN NaN 
NaN NaN NaN NaN NaN NaN NaN NaN NaN NaN NaN NaN NaN NaN NaN NaN NaN NaN NaN NaN NaN NaN NaN NaN NaN NaN NaN NaN NaN NaN NaN NaN NaN NaN NaN NaN NaN NaN NaN NaN 
NaN NaN NaN NaN NaN NaN NaN NaN NaN NaN NaN NaN NaN NaN NaN NaN NaN NaN NaN NaN NaN NaN NaN NaN NaN NaN NaN NaN NaN NaN NaN NaN NaN NaN NaN NaN NaN NaN NaN NaN 
NaN NaN NaN NaN NaN NaN NaN NaN NaN NaN NaN NaN NaN NaN NaN NaN NaN NaN NaN NaN NaN NaN NaN NaN NaN NaN NaN NaN NaN NaN NaN NaN NaN NaN NaN NaN NaN NaN NaN NaN 
NaN NaN NaN NaN NaN NaN NaN NaN NaN NaN NaN NaN NaN NaN NaN NaN NaN NaN NaN NaN NaN NaN NaN NaN NaN NaN NaN NaN NaN NaN NaN NaN NaN NaN NaN NaN NaN NaN NaN NaN 
NaN NaN NaN NaN NaN NaN NaN NaN NaN NaN NaN NaN NaN NaN NaN NaN NaN NaN NaN NaN NaN NaN NaN NaN NaN NaN NaN NaN NaN NaN NaN NaN NaN NaN NaN NaN NaN NaN NaN NaN 
NaN NaN NaN NaN NaN NaN NaN NaN NaN NaN NaN NaN NaN NaN NaN NaN NaN NaN NaN NaN NaN NaN NaN NaN NaN NaN NaN NaN NaN NaN NaN NaN NaN NaN NaN NaN NaN NaN NaN NaN 
NaN NaN NaN NaN NaN NaN NaN NaN NaN NaN NaN NaN NaN NaN NaN NaN NaN NaN NaN NaN NaN NaN NaN NaN NaN NaN NaN NaN NaN NaN NaN NaN NaN NaN NaN NaN NaN NaN NaN NaN 
NaN NaN NaN NaN NaN NaN NaN NaN NaN NaN NaN NaN NaN NaN NaN NaN NaN NaN NaN NaN NaN NaN NaN NaN NaN NaN NaN NaN NaN NaN NaN NaN NaN NaN NaN NaN NaN NaN NaN NaN 
NaN NaN NaN NaN NaN NaN NaN NaN NaN NaN NaN NaN NaN NaN NaN NaN NaN NaN NaN NaN NaN NaN NaN NaN NaN NaN NaN NaN NaN NaN NaN NaN NaN NaN NaN NaN NaN NaN NaN NaN 
NaN NaN NaN NaN NaN NaN NaN NaN NaN NaN NaN NaN NaN NaN NaN NaN NaN NaN NaN NaN NaN NaN NaN NaN NaN NaN NaN NaN NaN NaN NaN NaN NaN NaN NaN NaN NaN NaN NaN NaN 
NaN NaN NaN NaN NaN NaN NaN NaN NaN NaN NaN NaN NaN NaN NaN NaN NaN NaN NaN NaN NaN NaN NaN NaN NaN NaN NaN NaN NaN NaN NaN NaN NaN NaN NaN NaN NaN NaN NaN NaN 
NaN NaN NaN NaN NaN NaN NaN NaN NaN NaN NaN NaN NaN NaN NaN NaN NaN NaN NaN NaN NaN NaN NaN NaN NaN NaN NaN NaN NaN NaN NaN NaN NaN NaN NaN NaN NaN NaN NaN NaN 
NaN NaN NaN NaN NaN NaN NaN NaN NaN NaN NaN NaN NaN NaN NaN NaN NaN NaN NaN NaN NaN NaN NaN NaN NaN NaN NaN NaN NaN NaN NaN NaN NaN NaN NaN NaN NaN NaN NaN NaN 
NaN NaN NaN NaN NaN NaN NaN NaN NaN NaN NaN NaN NaN NaN NaN NaN NaN NaN NaN NaN NaN NaN NaN NaN NaN NaN NaN NaN NaN NaN NaN NaN NaN NaN NaN NaN NaN NaN NaN NaN 
NaN NaN NaN NaN NaN NaN NaN NaN NaN NaN NaN NaN NaN NaN NaN NaN NaN NaN NaN NaN NaN NaN NaN NaN NaN NaN NaN NaN NaN NaN NaN NaN NaN NaN NaN NaN NaN NaN NaN NaN 
NaN NaN NaN NaN NaN NaN NaN NaN NaN NaN NaN NaN NaN NaN NaN NaN NaN NaN NaN NaN NaN NaN NaN NaN NaN NaN NaN NaN NaN NaN NaN NaN NaN NaN NaN NaN NaN NaN NaN NaN 
NaN NaN NaN NaN NaN NaN NaN NaN NaN NaN NaN NaN NaN NaN NaN NaN NaN NaN NaN NaN NaN NaN NaN NaN NaN NaN NaN NaN NaN NaN NaN NaN NaN NaN NaN NaN NaN NaN NaN NaN 
NaN NaN NaN NaN NaN NaN NaN NaN NaN NaN NaN NaN NaN NaN NaN NaN NaN NaN NaN NaN NaN NaN NaN NaN NaN NaN NaN NaN NaN NaN NaN NaN NaN NaN NaN NaN NaN NaN NaN NaN 
NaN NaN NaN NaN NaN NaN NaN NaN NaN NaN NaN NaN NaN NaN NaN NaN NaN NaN NaN NaN NaN NaN NaN NaN NaN NaN NaN NaN NaN NaN NaN NaN NaN NaN NaN NaN NaN NaN NaN NaN 
NaN NaN NaN NaN NaN NaN NaN NaN NaN NaN NaN NaN NaN NaN NaN NaN NaN NaN NaN NaN NaN NaN NaN NaN NaN NaN NaN NaN NaN NaN NaN NaN NaN NaN NaN NaN NaN NaN NaN NaN 
NaN NaN NaN NaN NaN NaN NaN NaN NaN NaN NaN NaN NaN NaN NaN NaN NaN NaN NaN NaN NaN NaN NaN NaN NaN NaN NaN NaN NaN NaN NaN NaN NaN NaN NaN NaN NaN NaN NaN NaN 
NaN NaN NaN NaN NaN NaN NaN NaN NaN NaN NaN NaN NaN NaN NaN NaN NaN NaN NaN NaN NaN NaN NaN NaN NaN NaN NaN NaN NaN NaN NaN NaN NaN NaN NaN NaN NaN NaN NaN NaN 
NaN NaN NaN NaN NaN NaN NaN NaN NaN NaN NaN NaN NaN NaN NaN NaN NaN NaN NaN NaN NaN NaN NaN NaN NaN NaN NaN NaN NaN NaN NaN NaN NaN NaN NaN NaN NaN NaN NaN NaN 
NaN NaN NaN NaN NaN NaN NaN NaN NaN NaN NaN NaN NaN NaN NaN NaN NaN NaN NaN NaN NaN NaN NaN NaN NaN NaN NaN NaN NaN NaN NaN NaN NaN NaN NaN NaN NaN NaN NaN NaN 
NaN NaN NaN NaN NaN NaN NaN NaN NaN NaN NaN NaN NaN NaN NaN NaN NaN NaN NaN NaN NaN NaN NaN NaN NaN NaN NaN NaN NaN NaN NaN NaN NaN NaN NaN NaN NaN NaN NaN NaN 
NaN NaN NaN NaN NaN NaN NaN NaN NaN NaN NaN NaN NaN NaN NaN NaN NaN NaN NaN NaN NaN NaN NaN NaN NaN NaN NaN NaN NaN NaN NaN NaN NaN NaN NaN NaN NaN NaN NaN NaN 
NaN NaN NaN NaN NaN NaN NaN NaN NaN NaN NaN NaN NaN NaN NaN NaN NaN NaN NaN NaN NaN NaN NaN NaN NaN NaN NaN NaN NaN NaN NaN NaN NaN NaN NaN NaN NaN NaN NaN NaN 
NaN NaN NaN NaN NaN NaN NaN NaN NaN NaN NaN NaN NaN NaN NaN NaN NaN NaN NaN NaN NaN NaN NaN NaN NaN NaN NaN NaN NaN NaN NaN NaN NaN NaN NaN NaN NaN NaN NaN NaN 
NaN NaN NaN NaN NaN NaN NaN NaN NaN NaN NaN NaN NaN NaN NaN NaN NaN NaN NaN NaN NaN NaN NaN NaN NaN NaN NaN NaN NaN NaN NaN NaN NaN NaN NaN NaN NaN NaN NaN NaN 
NaN NaN NaN NaN NaN NaN NaN NaN NaN NaN NaN NaN NaN NaN NaN NaN NaN NaN NaN NaN NaN NaN NaN NaN NaN NaN NaN NaN NaN NaN NaN NaN NaN NaN NaN NaN NaN NaN NaN NaN 
NaN NaN NaN NaN NaN NaN NaN NaN NaN NaN NaN NaN NaN NaN NaN NaN NaN NaN NaN NaN NaN NaN NaN NaN NaN NaN NaN NaN NaN NaN NaN NaN NaN NaN NaN NaN NaN NaN NaN NaN 
NaN NaN NaN NaN NaN NaN NaN NaN NaN NaN NaN NaN NaN NaN NaN NaN NaN NaN NaN NaN NaN NaN NaN NaN NaN NaN NaN NaN NaN NaN NaN NaN NaN NaN NaN NaN NaN NaN NaN NaN 
NaN NaN NaN NaN NaN NaN NaN NaN NaN NaN NaN NaN NaN NaN NaN NaN NaN NaN NaN NaN NaN NaN NaN NaN NaN NaN NaN NaN NaN NaN NaN NaN NaN NaN NaN NaN NaN NaN NaN NaN 
NaN NaN NaN NaN NaN NaN NaN NaN NaN NaN NaN NaN NaN NaN NaN NaN NaN NaN NaN NaN NaN NaN NaN NaN NaN NaN NaN NaN NaN NaN NaN NaN NaN NaN NaN NaN NaN NaN NaN NaN 
NaN NaN NaN NaN NaN NaN NaN NaN NaN NaN NaN NaN NaN NaN NaN NaN NaN NaN NaN NaN NaN NaN NaN NaN NaN NaN NaN NaN NaN NaN NaN NaN NaN NaN NaN NaN NaN NaN NaN NaN 
NaN NaN NaN NaN NaN NaN NaN NaN NaN NaN NaN NaN NaN NaN NaN NaN NaN NaN NaN NaN NaN NaN NaN NaN NaN NaN NaN NaN NaN NaN NaN NaN NaN NaN NaN NaN NaN NaN NaN NaN 
NaN NaN NaN NaN NaN NaN NaN NaN NaN NaN NaN NaN NaN NaN NaN NaN NaN NaN NaN NaN NaN NaN NaN NaN NaN NaN NaN NaN NaN NaN NaN NaN NaN NaN NaN NaN NaN NaN NaN NaN 
NaN NaN NaN NaN NaN NaN NaN NaN NaN NaN NaN NaN NaN NaN NaN NaN NaN NaN NaN NaN NaN NaN NaN NaN NaN NaN NaN NaN NaN NaN NaN NaN NaN NaN NaN NaN NaN NaN NaN NaN 
NaN NaN NaN NaN NaN NaN NaN NaN NaN NaN NaN NaN NaN NaN NaN NaN NaN NaN NaN NaN NaN NaN NaN NaN NaN NaN NaN NaN NaN NaN NaN NaN NaN NaN NaN NaN NaN NaN NaN NaN 
NaN NaN NaN NaN NaN NaN NaN NaN NaN NaN NaN NaN NaN NaN NaN NaN NaN NaN NaN NaN NaN NaN NaN NaN NaN NaN NaN NaN NaN NaN NaN NaN NaN NaN NaN NaN NaN NaN NaN NaN 
NaN NaN NaN NaN NaN NaN NaN NaN NaN NaN NaN NaN NaN NaN NaN NaN NaN NaN NaN NaN NaN NaN NaN NaN NaN NaN NaN NaN NaN NaN NaN NaN NaN NaN NaN NaN NaN NaN NaN NaN 
NaN NaN NaN NaN NaN NaN NaN NaN NaN NaN NaN NaN NaN NaN NaN NaN NaN NaN NaN NaN NaN NaN NaN NaN NaN NaN NaN NaN NaN NaN NaN NaN NaN NaN NaN NaN NaN NaN NaN NaN 
NaN NaN NaN NaN NaN NaN NaN NaN NaN NaN NaN NaN NaN NaN NaN NaN NaN NaN NaN NaN NaN NaN NaN NaN NaN NaN NaN NaN NaN NaN NaN NaN NaN NaN NaN NaN NaN NaN NaN NaN 
NaN NaN NaN NaN NaN NaN NaN NaN NaN NaN NaN NaN NaN NaN NaN NaN NaN NaN NaN NaN NaN NaN NaN NaN NaN NaN NaN NaN NaN NaN NaN NaN NaN NaN NaN NaN NaN NaN NaN NaN 
NaN NaN NaN NaN NaN NaN NaN NaN NaN NaN NaN NaN NaN NaN NaN NaN NaN NaN NaN NaN NaN NaN NaN NaN NaN NaN NaN NaN NaN NaN NaN NaN NaN NaN NaN NaN NaN NaN NaN NaN 
NaN NaN NaN NaN NaN NaN NaN NaN NaN NaN NaN NaN NaN NaN NaN NaN NaN NaN NaN NaN NaN NaN NaN NaN NaN NaN NaN NaN NaN NaN NaN NaN NaN NaN NaN NaN NaN NaN NaN NaN 
NaN NaN NaN NaN NaN NaN NaN NaN NaN NaN NaN NaN NaN NaN NaN NaN NaN NaN NaN NaN NaN NaN NaN NaN NaN NaN NaN NaN NaN NaN NaN NaN NaN NaN NaN NaN NaN NaN NaN NaN 
NaN NaN NaN NaN NaN NaN NaN NaN NaN NaN NaN NaN NaN NaN NaN NaN NaN NaN NaN NaN NaN NaN NaN NaN NaN NaN NaN NaN NaN NaN NaN NaN NaN NaN NaN NaN NaN NaN NaN NaN 
NaN NaN NaN NaN NaN NaN NaN NaN NaN NaN NaN NaN NaN NaN NaN NaN NaN NaN NaN NaN NaN NaN NaN NaN NaN NaN NaN NaN NaN NaN NaN NaN NaN NaN NaN NaN NaN NaN NaN NaN 
NaN NaN NaN NaN NaN NaN NaN NaN NaN NaN NaN NaN NaN NaN NaN NaN NaN NaN NaN NaN NaN NaN NaN NaN NaN NaN NaN NaN NaN NaN NaN NaN NaN NaN NaN NaN NaN NaN NaN NaN 
NaN NaN NaN NaN NaN NaN NaN NaN NaN NaN NaN NaN NaN NaN NaN NaN NaN NaN NaN NaN NaN NaN NaN NaN NaN NaN NaN NaN NaN NaN NaN NaN NaN NaN NaN NaN NaN NaN NaN NaN 
NaN NaN NaN NaN NaN NaN NaN NaN NaN NaN NaN NaN NaN NaN NaN NaN NaN NaN NaN NaN NaN NaN NaN NaN NaN NaN NaN NaN NaN NaN NaN NaN NaN NaN NaN NaN NaN NaN NaN NaN 
NaN NaN NaN NaN NaN NaN NaN NaN NaN NaN NaN NaN NaN NaN NaN NaN NaN NaN NaN NaN NaN NaN NaN NaN NaN NaN NaN NaN NaN NaN NaN NaN NaN NaN NaN NaN NaN NaN NaN NaN 
NaN NaN NaN NaN NaN NaN NaN NaN NaN NaN NaN NaN NaN NaN NaN NaN NaN NaN NaN NaN NaN NaN NaN NaN NaN NaN NaN NaN NaN NaN NaN NaN NaN NaN NaN NaN NaN NaN NaN NaN 
NaN NaN NaN NaN NaN NaN NaN NaN NaN NaN NaN NaN NaN NaN NaN NaN NaN NaN NaN NaN NaN NaN NaN NaN NaN NaN NaN NaN NaN NaN NaN NaN NaN NaN NaN NaN NaN NaN NaN NaN 
NaN NaN NaN NaN NaN NaN NaN NaN NaN NaN NaN NaN NaN NaN NaN NaN NaN NaN NaN NaN NaN NaN NaN NaN NaN NaN NaN NaN NaN NaN NaN NaN NaN NaN NaN NaN NaN NaN NaN NaN 
NaN NaN NaN NaN NaN NaN NaN NaN NaN NaN NaN NaN NaN NaN NaN NaN NaN NaN NaN NaN NaN NaN NaN NaN NaN NaN NaN NaN NaN NaN NaN NaN NaN NaN NaN NaN NaN NaN NaN NaN 
NaN NaN NaN NaN NaN NaN NaN NaN NaN NaN NaN NaN NaN NaN NaN NaN NaN NaN NaN NaN NaN NaN NaN NaN NaN NaN NaN NaN NaN NaN NaN NaN NaN NaN NaN NaN NaN NaN NaN NaN 
NaN NaN NaN NaN NaN NaN NaN NaN NaN NaN NaN NaN NaN NaN NaN NaN NaN NaN NaN NaN NaN NaN NaN NaN NaN NaN NaN NaN NaN NaN NaN NaN NaN NaN NaN NaN NaN NaN NaN NaN 
NaN NaN NaN NaN NaN NaN NaN NaN NaN NaN NaN NaN NaN NaN NaN NaN NaN NaN NaN NaN NaN NaN NaN NaN NaN NaN NaN NaN NaN NaN NaN NaN NaN NaN NaN NaN NaN NaN NaN NaN 
NaN NaN NaN NaN NaN NaN NaN NaN NaN NaN NaN NaN NaN NaN NaN NaN NaN NaN NaN NaN NaN NaN NaN NaN NaN NaN NaN NaN NaN NaN NaN NaN NaN NaN NaN NaN NaN NaN NaN NaN 
