NaN NaN NaN NaN NaN NaN NaN NaN NaN NaN NaN NaN NaN NaN NaN NaN NaN NaN NaN NaN NaN NaN NaN NaN NaN NaN NaN NaN NaN NaN NaN NaN NaN NaN NaN NaN NaN NaN NaN NaN 
NaN NaN NaN NaN NaN NaN NaN NaN NaN NaN NaN NaN NaN NaN NaN NaN NaN NaN NaN NaN NaN NaN NaN NaN NaN NaN NaN NaN NaN NaN NaN NaN NaN NaN NaN NaN NaN NaN NaN NaN 
NaN NaN NaN NaN NaN NaN NaN NaN NaN NaN NaN NaN NaN NaN NaN NaN NaN NaN NaN NaN NaN NaN NaN NaN NaN NaN NaN NaN NaN NaN NaN NaN NaN NaN NaN NaN NaN NaN NaN NaN 
NaN NaN NaN NaN NaN NaN NaN NaN NaN NaN NaN NaN NaN NaN NaN NaN NaN NaN NaN NaN NaN NaN NaN NaN NaN NaN NaN NaN NaN NaN NaN NaN NaN NaN NaN NaN NaN NaN NaN NaN 
NaN NaN NaN NaN NaN NaN NaN NaN NaN NaN NaN NaN NaN NaN NaN NaN NaN NaN NaN NaN NaN NaN NaN NaN NaN NaN NaN NaN NaN NaN NaN NaN NaN NaN NaN NaN NaN NaN NaN NaN 
NaN NaN NaN NaN NaN NaN NaN NaN NaN NaN NaN NaN NaN NaN NaN NaN NaN NaN NaN NaN NaN NaN NaN NaN NaN NaN NaN NaN NaN NaN NaN NaN NaN NaN NaN NaN NaN NaN NaN NaN 
NaN NaN NaN NaN NaN NaN NaN NaN NaN NaN NaN NaN NaN NaN NaN NaN NaN NaN NaN NaN NaN NaN NaN NaN NaN NaN NaN NaN NaN NaN NaN NaN NaN NaN NaN NaN NaN NaN NaN NaN 
NaN NaN NaN NaN NaN NaN NaN NaN NaN NaN NaN NaN NaN NaN NaN NaN NaN NaN NaN NaN NaN NaN NaN NaN NaN NaN NaN NaN NaN NaN NaN NaN NaN NaN NaN NaN NaN NaN NaN NaN 
NaN NaN NaN NaN NaN NaN NaN NaN NaN NaN NaN NaN NaN NaN NaN NaN NaN NaN NaN NaN NaN NaN NaN NaN NaN NaN NaN NaN NaN NaN NaN NaN NaN NaN NaN NaN NaN NaN NaN NaN 
NaN NaN NaN NaN NaN NaN NaN NaN NaN NaN NaN NaN NaN NaN NaN NaN NaN NaN NaN NaN NaN NaN NaN NaN NaN NaN NaN NaN NaN NaN NaN NaN NaN NaN NaN NaN NaN NaN NaN NaN 
NaN NaN NaN NaN NaN NaN NaN NaN NaN NaN NaN NaN NaN NaN NaN NaN NaN NaN NaN NaN NaN NaN NaN NaN NaN NaN NaN NaN NaN NaN NaN NaN NaN NaN NaN NaN NaN NaN NaN NaN 
NaN NaN NaN NaN NaN NaN NaN NaN NaN NaN NaN NaN NaN NaN NaN NaN NaN NaN NaN NaN NaN NaN NaN NaN NaN NaN NaN NaN NaN NaN NaN NaN NaN NaN NaN NaN NaN NaN NaN NaN 
NaN NaN NaN NaN NaN NaN NaN NaN NaN NaN NaN NaN NaN NaN NaN NaN NaN NaN NaN NaN NaN NaN NaN NaN NaN NaN NaN NaN NaN NaN NaN NaN NaN NaN NaN NaN NaN NaN NaN NaN 
NaN NaN NaN NaN NaN NaN NaN NaN NaN NaN NaN NaN NaN NaN NaN NaN NaN NaN NaN NaN NaN NaN NaN NaN NaN NaN NaN NaN NaN NaN NaN NaN NaN NaN NaN NaN NaN NaN NaN NaN 
NaN NaN NaN NaN NaN NaN NaN NaN NaN NaN NaN NaN NaN NaN NaN NaN NaN NaN NaN NaN NaN NaN NaN NaN NaN NaN NaN NaN NaN NaN NaN NaN NaN NaN NaN NaN NaN NaN NaN NaN 
NaN NaN NaN NaN NaN NaN NaN NaN NaN NaN NaN NaN NaN NaN NaN NaN NaN NaN NaN NaN NaN NaN NaN NaN NaN NaN NaN NaN NaN NaN NaN NaN NaN NaN NaN NaN NaN NaN NaN NaN 
NaN NaN NaN NaN NaN NaN NaN NaN NaN NaN NaN NaN NaN NaN NaN NaN NaN NaN NaN NaN NaN NaN NaN NaN NaN NaN NaN NaN NaN NaN NaN NaN NaN NaN NaN NaN NaN NaN NaN NaN 
NaN NaN NaN NaN NaN NaN NaN NaN NaN NaN NaN NaN NaN NaN NaN NaN NaN NaN NaN NaN NaN NaN NaN NaN NaN NaN NaN NaN NaN NaN NaN NaN NaN NaN NaN NaN NaN NaN NaN NaN 
NaN NaN NaN NaN NaN NaN NaN NaN NaN NaN NaN NaN NaN NaN NaN NaN NaN NaN NaN NaN NaN NaN NaN NaN NaN NaN NaN NaN NaN NaN NaN NaN NaN NaN NaN NaN NaN NaN NaN NaN 
NaN NaN NaN NaN NaN NaN NaN NaN NaN NaN NaN NaN NaN NaN NaN NaN NaN NaN NaN NaN NaN NaN NaN NaN NaN NaN NaN NaN NaN NaN NaN NaN NaN NaN NaN NaN NaN NaN NaN NaN 
NaN NaN NaN NaN NaN NaN NaN NaN NaN NaN NaN NaN NaN NaN NaN NaN NaN NaN NaN NaN NaN NaN NaN NaN NaN NaN NaN NaN NaN NaN NaN NaN NaN NaN NaN NaN NaN NaN NaN NaN 
NaN NaN NaN NaN NaN NaN NaN NaN NaN NaN NaN NaN NaN NaN NaN NaN NaN NaN NaN NaN NaN NaN NaN NaN NaN NaN NaN NaN NaN NaN NaN NaN NaN NaN NaN NaN NaN NaN NaN NaN 
NaN NaN NaN NaN NaN NaN NaN NaN NaN NaN NaN NaN NaN NaN NaN NaN NaN NaN NaN NaN NaN NaN NaN NaN NaN NaN NaN NaN NaN NaN NaN NaN NaN NaN NaN NaN NaN NaN NaN NaN 
NaN NaN NaN NaN NaN NaN NaN NaN NaN NaN NaN NaN NaN NaN NaN NaN NaN NaN NaN NaN NaN NaN NaN NaN NaN NaN NaN NaN NaN NaN NaN NaN NaN NaN NaN NaN NaN NaN NaN NaN 
NaN NaN NaN NaN NaN NaN NaN NaN NaN NaN NaN NaN NaN NaN NaN NaN NaN NaN NaN NaN NaN NaN NaN NaN NaN NaN NaN NaN NaN NaN NaN NaN NaN NaN NaN NaN NaN NaN NaN NaN 
NaN NaN NaN NaN NaN NaN NaN NaN NaN NaN NaN NaN NaN NaN NaN NaN NaN NaN NaN NaN NaN NaN NaN NaN NaN NaN NaN NaN NaN NaN NaN NaN NaN NaN NaN NaN NaN NaN NaN NaN 
NaN NaN NaN NaN NaN NaN NaN NaN NaN NaN NaN NaN NaN NaN NaN NaN NaN NaN NaN NaN NaN NaN NaN NaN NaN NaN NaN NaN NaN NaN NaN NaN NaN NaN NaN NaN NaN NaN NaN NaN 
NaN NaN NaN NaN NaN NaN NaN NaN NaN NaN NaN NaN NaN NaN NaN NaN NaN NaN NaN NaN NaN NaN NaN NaN NaN NaN NaN NaN NaN NaN NaN NaN NaN NaN NaN NaN NaN NaN NaN NaN 
NaN NaN NaN NaN NaN NaN NaN NaN NaN NaN NaN NaN NaN NaN NaN NaN NaN NaN NaN NaN NaN NaN NaN NaN NaN NaN NaN NaN NaN NaN NaN NaN NaN NaN NaN NaN NaN NaN NaN NaN 
NaN NaN NaN NaN NaN NaN NaN NaN NaN NaN NaN NaN NaN NaN NaN NaN NaN NaN NaN NaN NaN NaN NaN NaN NaN NaN NaN NaN NaN NaN NaN NaN NaN NaN NaN NaN NaN NaN NaN NaN 
NaN NaN NaN NaN NaN NaN NaN NaN NaN NaN NaN NaN NaN NaN NaN NaN NaN NaN NaN NaN NaN NaN NaN NaN NaN NaN NaN NaN NaN NaN NaN NaN NaN NaN NaN NaN NaN NaN NaN NaN 
NaN NaN NaN NaN NaN NaN NaN NaN NaN NaN NaN NaN NaN NaN NaN NaN NaN NaN NaN NaN NaN NaN NaN NaN NaN NaN NaN NaN NaN NaN NaN NaN NaN NaN NaN NaN NaN NaN NaN NaN 
NaN NaN NaN NaN NaN NaN NaN NaN NaN NaN NaN NaN NaN NaN NaN NaN NaN NaN NaN NaN NaN NaN NaN NaN NaN NaN NaN NaN NaN NaN NaN NaN NaN NaN NaN NaN NaN NaN NaN NaN 
NaN NaN NaN NaN NaN NaN NaN NaN NaN NaN NaN NaN NaN NaN NaN NaN NaN NaN NaN NaN NaN NaN NaN NaN NaN NaN NaN NaN NaN NaN NaN NaN NaN NaN NaN NaN NaN NaN NaN NaN 
NaN NaN NaN NaN NaN NaN NaN NaN NaN NaN NaN NaN NaN NaN NaN NaN NaN NaN NaN NaN NaN NaN NaN NaN NaN NaN NaN NaN NaN NaN NaN NaN NaN NaN NaN NaN NaN NaN NaN NaN 
NaN NaN NaN NaN NaN NaN NaN NaN NaN NaN NaN NaN NaN NaN NaN NaN NaN NaN NaN NaN NaN NaN NaN NaN NaN NaN NaN NaN NaN NaN NaN NaN NaN NaN NaN NaN NaN NaN NaN NaN 
NaN NaN NaN NaN NaN NaN NaN NaN NaN NaN NaN NaN NaN NaN NaN NaN NaN NaN NaN NaN NaN NaN NaN NaN NaN NaN NaN NaN NaN NaN NaN NaN NaN NaN NaN NaN NaN NaN NaN NaN 
NaN NaN NaN NaN NaN NaN NaN NaN NaN NaN NaN NaN NaN NaN NaN NaN NaN NaN NaN NaN NaN NaN NaN NaN NaN NaN NaN NaN NaN NaN NaN NaN NaN NaN NaN NaN NaN NaN NaN NaN 
NaN NaN NaN NaN NaN NaN NaN NaN NaN NaN NaN NaN NaN NaN NaN NaN NaN NaN NaN NaN NaN NaN NaN NaN NaN NaN NaN NaN NaN NaN NaN NaN NaN NaN NaN NaN NaN NaN NaN NaN 
NaN NaN NaN NaN NaN NaN NaN NaN NaN NaN NaN NaN NaN NaN NaN NaN NaN NaN NaN NaN NaN NaN NaN NaN NaN NaN NaN NaN NaN NaN NaN NaN NaN NaN NaN NaN NaN NaN NaN NaN 
NaN NaN NaN NaN NaN NaN NaN NaN NaN NaN NaN NaN NaN NaN NaN NaN NaN NaN NaN NaN NaN NaN NaN NaN NaN NaN NaN NaN NaN NaN NaN NaN NaN NaN NaN NaN NaN NaN NaN NaN 
NaN NaN NaN NaN NaN NaN NaN NaN NaN NaN NaN NaN NaN NaN NaN NaN NaN NaN NaN NaN NaN NaN NaN NaN NaN NaN NaN NaN NaN NaN NaN NaN NaN NaN NaN NaN NaN NaN NaN NaN 
NaN NaN NaN NaN NaN NaN NaN NaN NaN NaN NaN NaN NaN NaN NaN NaN NaN NaN NaN NaN NaN NaN NaN NaN NaN NaN NaN NaN NaN NaN NaN NaN NaN NaN NaN NaN NaN NaN NaN NaN 
NaN NaN NaN NaN NaN NaN NaN NaN NaN NaN NaN NaN NaN NaN NaN NaN NaN NaN NaN NaN NaN NaN NaN NaN NaN NaN NaN NaN NaN NaN NaN NaN NaN NaN NaN NaN NaN NaN NaN NaN 
NaN NaN NaN NaN NaN NaN NaN NaN NaN NaN NaN NaN NaN NaN NaN NaN NaN NaN NaN NaN NaN NaN NaN NaN NaN NaN NaN NaN NaN NaN NaN NaN NaN NaN NaN NaN NaN NaN NaN NaN 
NaN NaN NaN NaN NaN NaN NaN NaN NaN NaN NaN NaN NaN NaN NaN NaN NaN NaN NaN NaN NaN NaN NaN NaN NaN NaN NaN NaN NaN NaN NaN NaN NaN NaN NaN NaN NaN NaN NaN NaN 
NaN NaN NaN NaN NaN NaN NaN NaN NaN NaN NaN NaN NaN NaN NaN NaN NaN NaN NaN NaN NaN NaN NaN NaN NaN NaN NaN NaN NaN NaN NaN NaN NaN NaN NaN NaN NaN NaN NaN NaN 
NaN NaN NaN NaN NaN NaN NaN NaN NaN NaN NaN NaN NaN NaN NaN NaN NaN NaN NaN NaN NaN NaN NaN NaN NaN NaN NaN NaN NaN NaN NaN NaN NaN NaN NaN NaN NaN NaN NaN NaN 
NaN NaN NaN NaN NaN NaN NaN NaN NaN NaN NaN NaN NaN NaN NaN NaN NaN NaN NaN NaN NaN NaN NaN NaN NaN NaN NaN NaN NaN NaN NaN NaN NaN NaN NaN NaN NaN NaN NaN NaN 
NaN NaN NaN NaN NaN NaN NaN NaN NaN NaN NaN NaN NaN NaN NaN NaN NaN NaN NaN NaN NaN NaN NaN NaN NaN NaN NaN NaN NaN NaN NaN NaN NaN NaN NaN NaN NaN NaN NaN NaN 
NaN NaN NaN NaN NaN NaN NaN NaN NaN NaN NaN NaN NaN NaN NaN NaN NaN NaN NaN NaN NaN NaN NaN NaN NaN NaN NaN NaN NaN NaN NaN NaN NaN NaN NaN NaN NaN NaN NaN NaN 
NaN NaN NaN NaN NaN NaN NaN NaN NaN NaN NaN NaN NaN NaN NaN NaN NaN NaN NaN NaN NaN NaN NaN NaN NaN NaN NaN NaN NaN NaN NaN NaN NaN NaN NaN NaN NaN NaN NaN NaN 
NaN NaN NaN NaN NaN NaN NaN NaN NaN NaN NaN NaN NaN NaN NaN NaN NaN NaN NaN NaN NaN NaN NaN NaN NaN NaN NaN NaN NaN NaN NaN NaN NaN NaN NaN NaN NaN NaN NaN NaN 
NaN NaN NaN NaN NaN NaN NaN NaN NaN NaN NaN NaN NaN NaN NaN NaN NaN NaN NaN NaN NaN NaN NaN NaN NaN NaN NaN NaN NaN NaN NaN NaN NaN NaN NaN NaN NaN NaN NaN NaN 
NaN NaN NaN NaN NaN NaN NaN NaN NaN NaN NaN NaN NaN NaN NaN NaN NaN NaN NaN NaN NaN NaN NaN NaN NaN NaN NaN NaN NaN NaN NaN NaN NaN NaN NaN NaN NaN NaN NaN NaN 
NaN NaN NaN NaN NaN NaN NaN NaN NaN NaN NaN NaN NaN NaN NaN NaN NaN NaN NaN NaN NaN NaN NaN NaN NaN NaN NaN NaN NaN NaN NaN NaN NaN NaN NaN NaN NaN NaN NaN NaN 
NaN NaN NaN NaN NaN NaN NaN NaN NaN NaN NaN NaN NaN NaN NaN NaN NaN NaN NaN NaN NaN NaN NaN NaN NaN NaN NaN NaN NaN NaN NaN NaN NaN NaN NaN NaN NaN NaN NaN NaN 
NaN NaN NaN NaN NaN NaN NaN NaN NaN NaN NaN NaN NaN NaN NaN NaN NaN NaN NaN NaN NaN NaN NaN NaN NaN NaN NaN NaN NaN NaN NaN NaN NaN NaN NaN NaN NaN NaN NaN NaN 
NaN NaN NaN NaN NaN NaN NaN NaN NaN NaN NaN NaN NaN NaN NaN NaN NaN NaN NaN NaN NaN NaN NaN NaN NaN NaN NaN NaN NaN NaN NaN NaN NaN NaN NaN NaN NaN NaN NaN NaN 
NaN NaN NaN NaN NaN NaN NaN NaN NaN NaN NaN NaN NaN NaN NaN NaN NaN NaN NaN NaN NaN NaN NaN NaN NaN NaN NaN NaN NaN NaN NaN NaN NaN NaN NaN NaN NaN NaN NaN NaN 
NaN NaN NaN NaN NaN NaN NaN NaN NaN NaN NaN NaN NaN NaN NaN NaN NaN NaN NaN NaN NaN NaN NaN NaN NaN NaN NaN NaN NaN NaN NaN NaN NaN NaN NaN NaN NaN NaN NaN NaN 
NaN NaN NaN NaN NaN NaN NaN NaN NaN NaN NaN NaN NaN NaN NaN NaN NaN NaN NaN NaN NaN NaN NaN NaN NaN NaN NaN NaN NaN NaN NaN NaN NaN NaN NaN NaN NaN NaN NaN NaN 
NaN NaN NaN NaN NaN NaN NaN NaN NaN NaN NaN NaN NaN NaN NaN NaN NaN NaN NaN NaN NaN NaN NaN NaN NaN NaN NaN NaN NaN NaN NaN NaN NaN NaN NaN NaN NaN NaN NaN NaN 
NaN NaN NaN NaN NaN NaN NaN NaN NaN NaN NaN NaN NaN NaN NaN NaN NaN NaN NaN NaN NaN NaN NaN NaN NaN NaN NaN NaN NaN NaN NaN NaN NaN NaN NaN NaN NaN NaN NaN NaN 
NaN NaN NaN NaN NaN NaN NaN NaN NaN NaN NaN NaN NaN NaN NaN NaN NaN NaN NaN NaN NaN NaN NaN NaN NaN NaN NaN NaN NaN NaN NaN NaN NaN NaN NaN NaN NaN NaN NaN NaN 
NaN NaN NaN NaN NaN NaN NaN NaN NaN NaN NaN NaN NaN NaN NaN NaN NaN NaN NaN NaN NaN NaN NaN NaN NaN NaN NaN NaN NaN NaN NaN NaN NaN NaN NaN NaN NaN NaN NaN NaN 
NaN NaN NaN NaN NaN NaN NaN NaN NaN NaN NaN NaN NaN NaN NaN NaN NaN NaN NaN NaN NaN NaN NaN NaN NaN NaN NaN NaN NaN NaN NaN NaN NaN NaN NaN NaN NaN NaN NaN NaN 
NaN NaN NaN NaN NaN NaN NaN NaN NaN NaN NaN NaN NaN NaN NaN NaN NaN NaN NaN NaN NaN NaN NaN NaN NaN NaN NaN NaN NaN NaN NaN NaN NaN NaN NaN NaN NaN NaN NaN NaN 
NaN NaN NaN NaN NaN NaN NaN NaN NaN NaN NaN NaN NaN NaN NaN NaN NaN NaN NaN NaN NaN NaN NaN NaN NaN NaN NaN NaN NaN NaN NaN NaN NaN NaN NaN NaN NaN NaN NaN NaN 
NaN NaN NaN NaN NaN NaN NaN NaN NaN NaN NaN NaN NaN NaN NaN NaN NaN NaN NaN NaN NaN NaN NaN NaN NaN NaN NaN NaN NaN NaN NaN NaN NaN NaN NaN NaN NaN NaN NaN NaN 
NaN NaN NaN NaN NaN NaN NaN NaN NaN NaN NaN NaN NaN NaN NaN NaN NaN NaN NaN NaN NaN NaN NaN NaN NaN NaN NaN NaN NaN NaN NaN NaN NaN NaN NaN NaN NaN NaN NaN NaN 
NaN NaN NaN NaN NaN NaN NaN NaN NaN NaN NaN NaN NaN NaN NaN NaN NaN NaN NaN NaN NaN NaN NaN NaN NaN NaN NaN NaN NaN NaN NaN NaN NaN NaN NaN NaN NaN NaN NaN NaN 
NaN NaN NaN NaN NaN NaN NaN NaN NaN NaN NaN NaN NaN NaN NaN NaN NaN NaN NaN NaN NaN NaN NaN NaN NaN NaN NaN NaN NaN NaN NaN NaN NaN NaN NaN NaN NaN NaN NaN NaN 
NaN NaN NaN NaN NaN NaN NaN NaN NaN NaN NaN NaN NaN NaN NaN NaN NaN NaN NaN NaN NaN NaN NaN NaN NaN NaN NaN NaN NaN NaN NaN NaN NaN NaN NaN NaN NaN NaN NaN NaN 
NaN NaN NaN NaN NaN NaN NaN NaN NaN NaN NaN NaN NaN NaN NaN NaN NaN NaN NaN NaN NaN NaN NaN NaN NaN NaN NaN NaN NaN NaN NaN NaN NaN NaN NaN NaN NaN NaN NaN NaN 
NaN NaN NaN NaN NaN NaN NaN NaN NaN NaN NaN NaN NaN NaN NaN NaN NaN NaN NaN NaN NaN NaN NaN NaN NaN NaN NaN NaN NaN NaN NaN NaN NaN NaN NaN NaN NaN NaN NaN NaN 
NaN NaN NaN NaN NaN NaN NaN NaN NaN NaN NaN NaN NaN NaN NaN NaN NaN NaN NaN NaN NaN NaN NaN NaN NaN NaN NaN NaN NaN NaN NaN NaN NaN NaN NaN NaN NaN NaN NaN NaN 
NaN NaN NaN NaN NaN NaN NaN NaN NaN NaN NaN NaN NaN NaN NaN NaN NaN NaN NaN NaN NaN NaN NaN NaN NaN NaN NaN NaN NaN NaN NaN NaN NaN NaN NaN NaN NaN NaN NaN NaN 
NaN NaN NaN NaN NaN NaN NaN NaN NaN NaN NaN NaN NaN NaN NaN NaN NaN NaN NaN NaN NaN NaN NaN NaN NaN NaN NaN NaN NaN NaN NaN NaN NaN NaN NaN NaN NaN NaN NaN NaN 
NaN NaN NaN NaN NaN NaN NaN NaN NaN NaN NaN NaN NaN NaN NaN NaN NaN NaN NaN NaN NaN NaN NaN NaN NaN NaN NaN NaN NaN NaN NaN NaN NaN NaN NaN NaN NaN NaN NaN NaN 
NaN NaN NaN NaN NaN NaN NaN NaN NaN NaN NaN NaN NaN NaN NaN NaN NaN NaN NaN NaN NaN NaN NaN NaN NaN NaN NaN NaN NaN NaN NaN NaN NaN NaN NaN NaN NaN NaN NaN NaN 
NaN NaN NaN NaN NaN NaN NaN NaN NaN NaN NaN NaN NaN NaN NaN NaN NaN NaN NaN NaN NaN NaN NaN NaN NaN NaN NaN NaN NaN NaN NaN NaN NaN NaN NaN NaN NaN NaN NaN NaN 
NaN NaN NaN NaN NaN NaN NaN NaN NaN NaN NaN NaN NaN NaN NaN NaN NaN NaN NaN NaN NaN NaN NaN NaN NaN NaN NaN NaN NaN NaN NaN NaN NaN NaN NaN NaN NaN NaN NaN NaN 
NaN NaN NaN NaN NaN NaN NaN NaN NaN NaN NaN NaN NaN NaN NaN NaN NaN NaN NaN NaN NaN NaN NaN NaN NaN NaN NaN NaN NaN NaN NaN NaN NaN NaN NaN NaN NaN NaN NaN NaN 
NaN NaN NaN NaN NaN NaN NaN NaN NaN NaN NaN NaN NaN NaN NaN NaN NaN NaN NaN NaN NaN NaN NaN NaN NaN NaN NaN NaN NaN NaN NaN NaN NaN NaN NaN NaN NaN NaN NaN NaN 
NaN NaN NaN NaN NaN NaN NaN NaN NaN NaN NaN NaN NaN NaN NaN NaN NaN NaN NaN NaN NaN NaN NaN NaN NaN NaN NaN NaN NaN NaN NaN NaN NaN NaN NaN NaN NaN NaN NaN NaN 
NaN NaN NaN NaN NaN NaN NaN NaN NaN NaN NaN NaN NaN NaN NaN NaN NaN NaN NaN NaN NaN NaN NaN NaN NaN NaN NaN NaN NaN NaN NaN NaN NaN NaN NaN NaN NaN NaN NaN NaN 
-79.578768 -81.000346 -83.608928 -88.690091 -94.124921 -91.168462 -89.307992 -90.941557 -94.100172 -91.123627 -89.290043 -92.493537 -100.572838 -94.837707 -94.614984 -100.373140 -104.517627 -98.619558 -92.773864 -94.190955 -95.415770 -98.141661 -97.500678 -93.196256 -92.932353 -98.595331 -95.828793 -92.568768 -92.581509 -97.051641 -95.188512 -94.951248 -92.817742 -89.979748 -95.898988 -104.869678 -106.568854 -96.200967 -95.370951 -101.461625 
-56.054868 -65.748788 -77.269966 -73.134831 -77.730364 -80.320232 -81.441742 -72.815386 -77.189191 -73.521387 -69.946875 -77.237521 -85.150693 -80.810186 -79.313489 -76.037933 -81.792726 -80.812385 -73.426024 -75.285492 -79.662560 -80.721883 -78.025283 -77.884157 -76.105041 -75.998364 -75.966591 -74.156386 -74.440046 -75.092565 -75.119393 -75.029468 -76.190925 -73.426523 -77.440722 -78.577648 -82.487016 -78.123906 -75.606755 -80.695334 
-56.041449 -68.488878 -72.696148 -71.629878 -65.510160 -68.614333 -79.355204 -73.661488 -79.287453 -75.244781 -74.394787 -76.977730 -80.413690 -79.952817 -74.722412 -69.703862 -73.776197 -73.886270 -75.682582 -75.498364 -75.014504 -74.585430 -75.204448 -77.309926 -79.068027 -74.586967 -75.114837 -71.435895 -70.986608 -74.846212 -75.821206 -76.914113 -75.313849 -74.433189 -75.626518 -73.832482 -77.069490 -73.103704 -73.796074 -77.290643 
-54.939404 -70.190062 -69.348383 -70.895839 -73.993897 -72.003560 -74.959037 -79.803901 -76.974980 -80.149066 -73.065604 -74.746704 -77.812561 -79.696768 -75.255834 -73.115914 -71.098218 -72.855711 -72.428567 -73.645961 -75.054450 -75.897547 -73.038270 -73.250897 -78.143990 -76.438967 -71.553934 -72.720515 -72.364857 -77.362564 -72.786209 -75.613355 -75.488997 -73.872559 -71.823515 -74.652682 -74.389606 -74.591593 -72.871566 -77.527144 
-46.252058 -46.065249 -47.333416 -51.195506 -54.777746 -53.508840 -55.939541 -62.612368 -56.459610 -62.427222 -63.725948 -63.384862 -60.858033 -62.390369 -61.223053 -64.910424 -68.766060 -69.690699 -72.913530 -69.602268 -70.443205 -72.111983 -68.294907 -75.108452 -75.546564 -70.925386 -70.677066 -70.438489 -71.249307 -72.726899 -71.817455 -72.625741 -71.212937 -71.128157 -69.371178 -72.836774 -71.876249 -74.813748 -73.787906 -72.893109 
-24.265072 -24.461949 -31.377171 -38.810526 -39.089603 -36.716372 -42.545674 -46.263240 -48.227440 -54.731511 -54.436310 -53.470956 -55.540856 -54.183431 -54.140395 -48.978769 -52.552094 -61.011393 -62.203227 -61.372271 -60.309880 -63.853368 -61.714174 -65.271119 -68.020517 -64.820603 -67.066181 -67.908942 -65.781506 -64.805882 -67.851717 -67.495203 -65.890021 -65.040354 -66.778338 -66.662627 -65.334513 -67.702182 -67.170470 -70.181626 
-18.694903 -23.509278 -30.308548 -26.078293 -28.637753 -33.014025 -45.334921 -46.653896 -51.112351 -49.911294 -47.409541 -47.654083 -54.728358 -53.143000 -49.387786 -51.205138 -53.216516 -56.620272 -55.254145 -58.451754 -58.376255 -58.339371 -60.738087 -64.105994 -63.453010 -65.215156 -61.262019 -65.359364 -65.243367 -63.193923 -64.399296 -65.914297 -63.762596 -65.444431 -68.285444 -67.266227 -65.581077 -63.890103 -66.633589 -70.848447 
-32.147759 -24.304320 -19.813776 -29.183595 -35.123109 -36.937515 -45.818484 -40.590610 -44.939814 -49.461737 -50.734693 -53.392660 -50.177685 -48.213156 -48.852283 -51.718740 -57.431200 -57.473754 -59.330994 -56.417749 -54.637836 -56.461364 -60.916402 -62.710722 -64.194497 -63.695147 -64.233986 -64.842699 -62.097592 -62.789948 -62.788105 -64.673312 -64.082682 -65.597342 -63.152651 -63.754619 -63.294745 -65.754766 -66.170044 -66.591554 
-18.253897 -6.807096 -2.102083 -8.633423 -19.244980 -23.345301 -32.385368 -31.730575 -30.323135 -34.598757 -34.772089 -35.975719 -36.755275 -38.483910 -38.668477 -39.718336 -40.213822 -41.556336 -42.313174 -42.792460 -43.639909 -44.537837 -45.196826 -45.918261 -46.500036 -47.020489 -47.675550 -48.079865 -48.823399 -49.278445 -49.925715 -50.179333 -50.694842 -51.131786 -51.408302 -51.792500 -52.084203 -52.196569 -52.523752 -52.758202 
-10.358258 6.469058 11.886419 6.045384 -7.049647 -11.432298 -14.641753 -19.497140 -22.824999 -28.023836 -34.665178 -36.839109 -36.253153 -39.583833 -36.433768 -35.287630 -35.191855 -39.165235 -43.096300 -43.968750 -44.689876 -45.237316 -45.672538 -46.842354 -47.417489 -47.968385 -48.555446 -48.494448 -49.145597 -50.329920 -50.704384 -51.240300 -51.668865 -51.979499 -52.309384 -52.746684 -53.211172 -53.090397 -53.521550 -53.737900 
-4.705322 11.749562 15.316111 3.502132 -8.034248 -11.674940 -10.277130 -15.135007 -19.094707 -23.791333 -33.367488 -32.150772 -35.134782 -34.293886 -30.212954 -29.129954 -34.839833 -40.363670 -42.488121 -43.715935 -44.884320 -45.185085 -46.492021 -46.882863 -47.523882 -48.170972 -48.717609 -48.667018 -49.518561 -50.415742 -50.939663 -51.515245 -51.904077 -52.078868 -52.507773 -53.226574 -53.399206 -53.612307 -53.872524 -54.043262 
-4.880862 12.250597 14.619960 0.833697 -5.644055 -15.049687 -12.769849 -18.411359 -17.986802 -25.689047 -31.600079 -31.994656 -33.856249 -37.103203 -28.712867 -30.430692 -38.500877 -40.772601 -40.458913 -41.801357 -42.530222 -42.979316 -44.189882 -44.521040 -45.328831 -45.806843 -46.299497 -46.876924 -47.538614 -48.084421 -48.723375 -49.203381 -49.590807 -49.824537 -50.247013 -50.835676 -50.962051 -51.101190 -51.384935 -51.551191 
-3.140386 13.126829 14.578370 1.024737 -2.627324 -12.726985 -16.076924 -17.465373 -19.937042 -31.784024 -35.847537 -36.177626 -36.123103 -35.841695 -33.524105 -33.679084 -38.106996 -48.545790 -49.526531 -48.846011 -43.994939 -50.316759 -48.976375 -50.009680 -55.539192 -56.797683 -51.598453 -53.495201 -56.568173 -51.053092 -57.320630 -50.473643 -49.346100 -51.204682 -47.556809 -52.336536 -49.111842 -52.502714 -50.164476 -53.154342 
0.118179 11.351850 16.850207 5.740140 2.458460 9.038819 3.811121 -5.712483 -2.032408 -8.775578 -7.847345 -12.422579 -10.281761 -10.338420 -6.581788 -11.363624 -16.054894 -19.451759 -16.732511 -15.252176 -19.634415 -22.232103 -21.142051 -18.902717 -23.270686 -26.565165 -26.965420 -26.561252 -26.816264 -33.905616 -39.431257 -25.133076 -24.135850 -25.131888 -25.734952 -24.693027 -21.564765 -22.070374 -22.190957 -32.321405 
9.693315 19.548153 23.644950 15.676440 18.857165 22.727402 20.470589 21.468200 11.165620 10.779167 3.311566 0.834603 2.804070 0.810035 7.442806 7.232585 -3.776626 -7.864295 -8.860541 -10.527792 -12.121756 -13.557923 -5.789718 -7.617284 -16.821613 -17.130609 -10.337297 -11.081138 -14.860368 -21.809021 -28.401322 -23.590614 -22.075530 -23.099264 -23.929111 -23.233494 -20.984708 -21.877795 -22.103704 -32.400474 
5.717377 16.585503 23.829749 16.881282 21.978563 21.306917 18.410735 27.376304 20.785299 18.210933 9.705055 6.656814 6.313962 8.370405 12.321081 13.041671 -5.253873 -5.798908 -6.019183 -8.290320 -11.880934 -10.536138 -4.337816 -1.965397 -9.981600 -11.157223 -7.634681 -8.948281 -13.331789 -18.222636 -21.505595 -18.337496 -22.352729 -27.578615 -39.196440 -43.430931 -30.634691 -25.220608 -36.246729 -46.959544 
2.439635 12.854090 20.810587 12.771299 19.479528 20.205914 18.840467 25.740865 18.714442 20.637171 11.058712 8.341439 1.243137 10.286998 13.791824 11.735344 -5.292720 -4.949962 -7.801037 -9.167095 -11.334231 -13.178334 -2.044247 -0.965896 -7.212195 -7.937543 -7.350729 -10.935089 -9.530409 -16.507027 -23.028715 -18.994692 -19.362316 -27.714557 -34.031513 -37.257906 -26.299868 -22.911780 -28.987967 -38.381806 
-7.442665 9.896450 18.782315 12.497142 17.094902 19.923154 16.204247 24.682204 16.133441 21.369997 11.771099 11.343037 5.096353 13.258224 16.921730 8.784115 -3.189518 -8.176135 -8.897466 -12.630248 -13.237822 -15.714349 -4.770972 1.583329 -5.960564 -8.674207 -9.848282 -12.327808 -10.840650 -17.243350 -25.787754 -14.900106 -18.117846 -27.005508 -31.160468 -33.426495 -22.484482 -21.902133 -31.332743 -42.757572 
-9.484063 6.843363 17.912397 12.383307 14.688725 19.984887 14.401565 25.535235 17.221526 20.952495 11.563982 12.678437 7.130937 12.146682 14.037162 3.103314 -3.913423 -7.796831 -10.948617 -14.011813 -16.126961 -15.440191 -7.470533 2.882846 -3.755334 -14.600608 -17.687804 -17.882134 -17.388704 -19.519438 -23.208814 -14.884321 -20.122316 -28.815429 -30.407777 -30.132128 -20.678024 -18.972678 -26.573712 -32.920222 
-11.814020 7.036447 17.975195 13.060788 11.667846 19.637277 13.089465 25.313502 18.386024 18.861879 12.158643 13.749646 12.853248 15.780227 10.468635 0.079209 -7.528864 -11.135181 -16.024649 -17.445588 -20.437816 -15.970561 -12.339884 -3.714841 -7.668186 -20.243930 -19.640392 -19.851122 -19.079032 -19.835584 -23.210533 -15.704120 -20.172714 -28.009118 -33.044456 -32.519377 -24.179097 -18.327886 -25.016373 -33.255214 
-13.097427 5.097719 16.962847 13.267961 8.609924 19.121300 12.043348 24.838626 21.134222 13.679746 10.883069 12.113415 14.131990 18.807541 5.202059 -5.790499 -12.959955 -14.628929 -18.161126 -21.850343 -25.887360 -19.669371 -13.813455 -4.868114 -9.021904 -20.985634 -23.337643 -19.848491 -20.074399 -20.032612 -21.654384 -18.680202 -21.725282 -25.512318 -39.708297 -42.937189 -23.494646 -17.831634 -29.566716 -37.192503 
-13.360162 3.390587 16.409713 13.370072 6.162800 18.802444 13.041165 24.718175 23.177238 7.703933 9.119752 10.191933 11.049868 16.657627 2.096615 -7.351265 -12.818809 -14.843978 -19.837933 -22.286610 -23.229731 -24.173972 -22.813566 -8.096905 -13.876657 -23.237997 -25.289974 -22.573568 -20.677059 -23.787073 -21.992750 -18.554171 -19.325576 -22.803568 -36.429813 -38.953055 -21.318337 -15.545096 -27.727502 -33.492980 
-25.118687 2.055287 15.890369 13.812368 5.496634 18.644107 12.832052 24.116799 24.163602 3.713898 7.331397 9.290696 11.670502 15.479357 4.451934 -6.408182 -11.220853 -14.472991 -18.846664 -23.892642 -24.521478 -25.212149 -21.454958 -10.531927 -14.152962 -25.061988 -24.091542 -20.052801 -21.207236 -23.451091 -21.784219 -17.406875 -23.843894 -25.540115 -35.116900 -36.356222 -22.955617 -15.842238 -29.079809 -34.475665 
-14.730247 1.669258 15.651486 12.947700 6.771699 18.956762 12.920644 23.683894 24.261436 4.350340 4.785356 8.995089 9.244070 13.143289 2.886076 -8.951722 -11.562938 -17.116509 -22.363814 -25.767473 -26.670609 -24.436443 -20.113434 -9.249593 -14.354654 -25.403478 -24.418817 -19.598603 -22.124100 -25.033767 -24.859735 -20.278188 -21.507489 -29.097844 -48.576445 -52.923362 -28.032411 -19.565119 -31.589770 -37.937777 
-14.604225 2.400843 15.599592 12.308820 7.438169 18.851809 12.377885 24.028274 22.025015 2.962759 3.121187 9.870970 7.988455 12.275607 -2.040810 -11.523898 -13.353486 -14.889006 -20.347945 -26.241236 -28.202093 -26.944476 -21.398731 -11.304367 -17.810117 -25.405520 -28.296981 -21.832031 -23.046211 -26.253673 -24.536542 -23.202164 -24.581692 -28.958390 -42.176204 -44.076198 -31.252758 -20.772701 -30.035674 -37.899085 
-7.506826 4.998232 15.442577 10.248057 12.337031 18.486028 12.979796 24.779030 17.459903 3.367340 2.185649 7.545390 7.490556 10.193313 -7.133393 -15.950432 -16.912112 -21.422688 -23.984626 -27.893293 -27.401637 -25.691079 -27.209574 -12.891133 -15.778633 -24.450362 -25.514801 -20.173537 -25.789084 -29.377740 -23.463325 -21.125021 -29.302893 -29.443771 -39.629269 -40.784261 -28.657282 -21.003586 -32.796377 -38.895324 
-7.218653 6.351392 14.674315 8.652157 15.890100 17.146486 16.890028 24.218294 11.140432 1.713024 1.560060 3.769135 10.238916 4.349648 -12.059048 -19.315911 -22.641701 -21.096615 -27.028415 -32.467531 -30.023302 -29.801865 -23.275980 -10.961596 -20.123753 -25.056485 -23.006575 -21.230679 -24.749586 -29.642499 -27.127093 -23.030683 -30.955054 -30.033464 -43.611613 -45.121203 -35.206069 -26.475955 -34.262564 -42.158173 
-7.275022 6.818252 12.132124 5.663716 15.365666 14.567209 19.353082 20.329234 2.896269 -4.645996 0.949663 0.502010 7.298937 1.086535 -9.919244 -20.439266 -20.145997 -22.104438 -24.054890 -25.267811 -25.505045 -26.586278 -22.396966 -12.282774 -20.621583 -22.631496 -19.859445 -21.464380 -23.794705 -30.791683 -28.397752 -22.281947 -30.967231 -29.970050 -34.800486 -35.505608 -31.983832 -26.873262 -32.365972 -35.706532 
-8.008567 8.275564 10.776526 9.145458 13.343940 13.254197 18.962124 10.426081 -4.384740 -4.932044 -2.265537 -2.372992 6.281116 2.788982 -10.239156 -17.380834 -23.529096 -28.475235 -33.484027 -33.643144 -33.283340 -32.221414 -18.105018 -13.761166 -29.894006 -25.781264 -18.201766 -24.022369 -22.668233 -31.418859 -28.194359 -24.798410 -36.944669 -31.505877 -45.257182 -48.768506 -34.311417 -24.889941 -36.424232 -43.018538 
-4.973703 9.165301 8.913515 9.159831 9.527152 14.699139 15.363158 4.484219 -4.997134 -4.951651 -2.883554 0.199359 3.984401 4.239839 -11.017162 -19.210655 -26.252181 -29.140379 -30.472953 -35.265718 -35.882250 -31.367643 -12.634304 -16.559332 -27.500628 -26.064014 -21.603001 -25.854165 -24.134644 -30.342268 -30.297332 -25.888526 -37.405930 -33.135808 -45.507100 -49.507907 -34.383616 -24.230383 -35.419913 -44.328206 
-2.731723 9.334467 7.139155 9.688092 8.880361 13.008689 9.129547 4.616179 -0.781577 -4.887262 -10.638627 -7.660635 0.640722 -0.013792 -7.246107 -15.302211 -21.979677 -25.341601 -27.623229 -29.613521 -29.621702 -30.184097 -13.506186 -16.966052 -31.294549 -24.644774 -16.062331 -23.422367 -26.185541 -32.207978 -36.221623 -30.195417 -39.836011 -40.260626 -40.873763 -42.477999 -38.120305 -29.161191 -37.804117 -43.173932 
-4.090250 8.013631 4.458263 7.190742 5.866109 10.166850 9.102891 6.885940 -3.186227 -9.259391 -14.511715 -17.098394 -12.189328 -7.649313 -5.856140 -9.700242 -23.892776 -28.771757 -30.039667 -31.090815 -33.327886 -26.740722 -12.832911 -19.546495 -32.131715 -27.769280 -20.291624 -26.467511 -22.988006 -31.781325 -45.589474 -35.562846 -41.129534 -42.639428 -42.827353 -49.982520 -41.341205 -29.397700 -39.445391 -50.321320 
-4.319407 6.138674 4.081079 5.174478 3.588126 8.019937 8.228101 2.486203 -9.170249 -12.918028 -20.835667 -18.221021 -19.791639 -18.434241 -17.128350 -9.428226 -17.853991 -25.206055 -33.169010 -33.114065 -33.613648 -28.002869 -17.602345 -25.424625 -33.027011 -32.311525 -31.087934 -32.052858 -26.214034 -28.502599 -43.901274 -37.037580 -40.240469 -40.961310 -37.497763 -45.361131 -39.550552 -32.178347 -41.310849 -47.971383 
-8.884128 4.016327 1.363208 1.687326 0.641353 2.966545 3.370816 -3.427196 -12.954131 -19.441340 -17.016647 -20.141021 -24.466301 -26.694441 -23.315796 -15.496406 -12.985258 -25.266748 -34.851718 -36.495337 -33.493343 -24.054567 -20.910933 -31.584424 -36.447312 -36.463810 -36.532969 -40.333311 -33.530571 -37.291158 -45.738030 -43.628410 -43.810159 -44.321502 -41.657571 -46.648103 -42.234425 -36.156903 -44.433766 -49.424944 
-3.132242 3.804424 1.644196 -1.475345 -7.075836 -10.076889 -5.678109 -9.259451 -17.481373 -18.698837 -24.919914 -30.210636 -33.179475 -31.235316 -31.445121 -23.826447 -19.566883 -25.075183 -34.674006 -40.327864 -36.156887 -32.447145 -33.527883 -40.607021 -47.352116 -50.613895 -48.527219 -47.149564 -41.816085 -47.194748 -54.464088 -50.422463 -50.454016 -50.618260 -44.126604 -52.924674 -48.743178 -44.760819 -49.278729 -56.723015 
-5.289008 1.338506 0.891766 -2.191352 -12.818497 -22.697545 -24.180835 -28.333613 -28.894479 -31.603278 -35.718647 -41.622189 -44.246107 -43.915233 -42.883224 -33.363647 -27.959970 -31.811355 -42.248110 -45.430835 -40.276629 -39.505584 -44.769731 -49.566037 -56.209054 -56.392280 -56.062893 -53.490811 -52.758775 -52.582813 -63.469089 -57.916179 -60.267602 -57.344051 -57.340726 -69.377729 -57.697897 -47.886079 -56.410100 -67.881966 
-11.882577 -5.560812 -11.852211 -15.527388 -18.092041 -26.950014 -31.032494 -26.238344 -30.601631 -42.400073 -41.454282 -43.697609 -45.054458 -45.572067 -46.256595 -39.531130 -38.761553 -45.996372 -45.808303 -47.186751 -47.152233 -50.835162 -49.842707 -51.981923 -54.163327 -55.134896 -56.003489 -55.796859 -56.051416 -54.975952 -57.973030 -57.824802 -58.169047 -58.043863 -58.430752 -60.337982 -59.868841 -58.240822 -59.098938 -60.515469 
-12.561803 -17.770275 -21.889405 -32.193940 -36.187262 -33.640690 -35.020460 -33.719716 -35.630912 -42.949512 -46.365795 -49.149699 -56.614787 -51.815587 -50.880423 -39.338469 -41.064673 -43.997497 -46.649156 -46.942703 -52.396617 -60.487291 -58.105047 -60.143382 -63.008553 -66.025884 -66.395443 -66.309067 -63.339319 -62.163836 -69.180508 -67.076558 -67.610956 -67.935722 -65.161598 -69.410403 -70.728400 -66.711514 -68.906373 -70.297329 
-16.271726 -25.061495 -28.422253 -39.950650 -37.981927 -33.837203 -41.411821 -43.224640 -44.222962 -45.627861 -54.523006 -52.580660 -55.933738 -54.077594 -51.704321 -42.100536 -39.322343 -44.063643 -51.654819 -53.485768 -54.552581 -61.086066 -61.573231 -62.475461 -64.943719 -68.754349 -69.173921 -63.530651 -62.873628 -66.719908 -72.826513 -74.093708 -72.653764 -70.638237 -67.563827 -67.478616 -71.361069 -72.839118 -71.906456 -70.266020 
-21.275396 -30.555994 -40.771126 -45.122733 -47.606749 -44.500072 -47.240268 -45.261672 -46.580383 -46.192903 -50.674406 -56.060545 -62.223457 -56.895619 -57.341151 -46.342044 -43.269652 -46.079924 -50.582995 -58.550236 -57.339658 -60.442781 -58.810770 -61.201411 -64.401339 -68.372751 -69.985844 -66.522578 -64.977751 -66.816626 -73.137575 -72.518118 -73.430284 -72.659337 -69.546765 -67.623625 -69.806605 -75.380910 -70.426998 -70.856235 
-18.612875 -32.406960 -43.012366 -51.710700 -50.785597 -48.380274 -45.000026 -42.273599 -51.429195 -53.550964 -54.547724 -54.564733 -59.783000 -63.157510 -56.301996 -50.145437 -48.859121 -46.902219 -48.102584 -58.701985 -65.480041 -58.328121 -58.263676 -65.975458 -67.753718 -65.170107 -61.834691 -64.651666 -66.782600 -62.635161 -66.682861 -77.038874 -77.826114 -78.711372 -67.789725 -65.205443 -68.614509 -72.699925 -69.523547 -72.414056 
-22.267577 -27.544791 -32.435483 -30.857178 -29.294501 -29.122881 -28.336718 -29.768941 -29.859060 -31.121687 -32.524838 -32.069880 -32.075410 -32.146858 -32.686680 -34.509220 -36.563476 -36.682967 -35.461807 -34.494573 -34.445179 -34.851091 -34.727933 -32.901333 -33.285627 -31.911183 -28.928729 -26.921939 -29.538346 -32.915334 -39.676999 -44.392900 -44.256418 -47.731714 -48.095780 -46.777836 -51.225695 -53.575782 -57.471518 -58.713299 
-11.983787 -10.152100 -15.829217 -10.145121 -5.861954 -8.206193 -12.511196 -4.624588 -5.305833 -14.248123 -10.948728 -12.468367 -13.057302 -8.440629 -14.915042 -12.680664 -18.986992 -18.738230 -14.215495 -10.581314 -14.253349 -13.762205 -15.446147 -13.092676 -15.050557 -11.662522 -9.954559 -6.227452 -10.311015 -11.619281 -17.775724 -14.509324 -16.717932 -22.232531 -22.518396 -24.171704 -27.178540 -25.978638 -27.138646 -25.591708 
-2.080820 -2.146588 -9.494926 -13.304985 -9.089769 -6.470490 -6.765498 -5.553712 -8.695879 -9.197974 -14.911433 -13.451324 -14.313660 -11.692615 -14.042125 -14.785653 -22.083275 -22.859657 -12.906360 -6.487443 -14.428038 -15.642002 -17.964003 -14.957605 -15.786019 -14.159460 -9.609695 -8.729260 -6.981982 -7.843178 -8.389435 -6.979599 -6.175340 -12.440366 -14.389237 -14.624122 -16.364971 -17.703172 -21.694509 -19.438745 
-5.370381 -11.199211 -23.434235 -25.740911 -25.364209 -27.039780 -28.661868 -22.346487 -18.873483 -17.982865 -25.379055 -22.912154 -25.334942 -25.831808 -26.485798 -30.112348 -30.584524 -34.996153 -13.602549 -8.413206 -17.248547 -20.767877 -21.268560 -16.526460 -22.999443 -19.900244 -15.312357 -14.988486 -9.344984 -8.320835 -5.328285 -10.813074 -11.118285 -14.925496 -14.040044 -17.558964 -16.156731 -17.999222 -23.125860 -22.091093 
-11.474802 -21.069585 -23.796984 -28.168047 -27.046828 -32.200774 -32.323200 -19.189072 -17.214316 -20.086315 -26.765116 -22.337024 -28.846364 -25.993187 -25.711614 -25.760739 -34.954273 -32.508527 -11.335630 -8.072530 -21.221957 -18.030833 -18.252451 -16.356344 -24.409102 -24.494758 -20.014562 -11.759415 -14.193299 -16.841881 -11.014289 -14.871695 -17.857905 -17.921233 -19.647551 -22.186022 -19.010653 -19.666345 -24.991151 -25.522300 
-21.118103 -24.167721 -23.525409 -28.738609 -33.376089 -31.189026 -25.041671 -16.981519 -16.228386 -22.190110 -26.709210 -27.421067 -21.785785 -19.018195 -24.151175 -29.681829 -28.959688 -22.649669 -6.417541 -10.594412 -27.991694 -21.745262 -20.267779 -17.996183 -31.011374 -25.057470 -26.291451 -12.144505 -11.152424 -16.886153 -16.172190 -20.632956 -24.278232 -24.234526 -23.792791 -24.721178 -25.270334 -23.819986 -29.238883 -31.355313 
-32.480626 -28.677795 -25.231139 -26.263173 -24.352519 -20.123169 -18.219261 -15.449480 -18.074865 -25.847349 -33.926773 -30.656983 -24.325477 -21.938525 -29.127528 -32.140981 -30.580242 -23.314180 -11.669158 -15.468461 -27.088252 -26.357924 -23.706358 -21.352448 -30.128337 -31.357917 -21.414385 -13.530871 -13.978160 -24.047318 -25.189156 -26.334853 -25.631058 -24.650226 -24.119026 -30.782968 -29.654449 -26.990764 -28.227841 -31.515257 
-27.743124 -28.998535 -27.087833 -31.833221 -34.343203 -32.641298 -23.742319 -20.257713 -19.417895 -24.417085 -31.598041 -26.113465 -25.771793 -29.013223 -30.817673 -32.289226 -32.726586 -22.621377 -14.710681 -23.604778 -31.598146 -27.093275 -24.556734 -25.636225 -35.318238 -39.448279 -25.635707 -18.651309 -21.121560 -28.393495 -30.353406 -32.416581 -30.096401 -30.944388 -32.694934 -35.837845 -35.310643 -32.041099 -37.712713 -43.249680 
-24.645574 -26.187657 -25.094636 -26.924758 -30.546050 -27.457855 -27.829556 -19.344502 -19.632844 -33.807357 -33.576975 -25.274172 -21.224877 -31.691583 -30.991072 -31.309645 -32.207646 -24.136036 -20.491009 -28.333219 -36.886807 -32.108789 -37.793797 -36.450590 -38.836341 -41.806993 -33.362735 -24.456417 -27.960275 -34.509160 -36.881056 -39.812335 -39.761284 -38.179463 -37.618799 -41.282266 -42.170181 -40.234186 -45.676931 -48.921745 
-22.919400 -22.131306 -25.700037 -30.706255 -34.787340 -27.331878 -25.844520 -28.689661 -29.091515 -35.645277 -31.812612 -24.972004 -27.185964 -34.871402 -38.114344 -37.705268 -35.691300 -30.024686 -27.343779 -33.985568 -40.121494 -38.108897 -38.443966 -41.764765 -47.999656 -49.445503 -40.928351 -33.239118 -36.924018 -40.675992 -42.583306 -47.213170 -43.590703 -46.601065 -47.237691 -46.881953 -47.751623 -49.310476 -53.016763 -56.027690 
-23.799893 -29.988307 -25.513941 -28.230864 -37.037067 -35.948792 -33.176075 -37.030931 -39.259884 -42.447301 -39.847250 -30.186085 -29.864878 -40.431692 -42.122566 -39.076493 -34.804307 -29.104768 -25.260699 -39.713908 -46.898882 -41.554847 -41.251120 -43.400664 -53.653500 -52.426738 -42.658840 -42.035577 -46.587044 -48.758660 -51.210342 -53.396728 -52.759332 -53.753310 -56.246871 -58.488948 -55.723669 -58.288604 -60.064002 -62.722856 
-27.857293 -24.510326 -27.738164 -36.604592 -37.943860 -34.230812 -33.705975 -34.725605 -31.130877 -38.867848 -41.812631 -39.031095 -34.241909 -44.221169 -47.465787 -41.584858 -38.383183 -36.889976 -35.436408 -43.532221 -46.986570 -45.334357 -43.841161 -50.822560 -57.959875 -54.331785 -47.411993 -48.730958 -50.542959 -54.728776 -56.106922 -62.619057 -59.975302 -59.401292 -62.223734 -64.634988 -60.536034 -64.401963 -65.244388 -67.503851 
-23.194834 -28.117724 -34.857249 -40.616019 -40.906705 -40.615764 -48.219287 -39.868939 -33.485784 -39.525956 -42.215338 -37.997175 -40.472930 -42.346861 -48.535498 -49.794441 -48.946623 -46.235949 -41.965271 -50.600251 -50.544087 -52.949018 -52.916578 -51.631492 -54.457633 -60.256548 -60.774271 -56.536041 -56.354732 -62.708388 -62.763378 -64.982573 -66.491514 -64.228562 -67.392905 -67.334953 -70.613630 -71.230769 -73.601562 -77.220613 
-27.358324 -30.884942 -32.702532 -40.128999 -49.248203 -45.315177 -50.874363 -45.464115 -50.174074 -48.915624 -53.968816 -53.626865 -51.145149 -52.123145 -51.820736 -55.791784 -58.398003 -53.451501 -46.590455 -49.734292 -53.178183 -63.425051 -68.286207 -59.282961 -60.859907 -68.521076 -65.652583 -60.236689 -60.087622 -63.509437 -60.822525 -62.669753 -68.710729 -63.964574 -67.429420 -68.104198 -65.189069 -71.204547 -70.611688 -72.279449 
-47.777791 -49.055381 -52.323905 -56.802228 -58.058153 -62.086963 -66.928104 -63.626618 -66.030965 -61.897120 -58.601212 -65.475409 -63.550527 -62.249140 -70.002096 -70.594983 -70.513557 -67.606524 -62.231402 -68.996591 -70.197467 -66.776985 -68.763219 -67.270809 -69.426895 -70.461937 -73.332446 -69.071237 -67.819000 -70.170400 -72.372158 -71.509764 -74.048283 -71.173727 -72.273736 -72.534930 -71.565513 -74.302865 -73.237290 -75.343705 
-55.514937 -62.308212 -61.092402 -66.392317 -73.987196 -69.539364 -66.151930 -65.002117 -68.465411 -69.518271 -71.156625 -73.683935 -69.902197 -72.784074 -73.105125 -68.624579 -71.490040 -68.267771 -66.620334 -67.937396 -69.217307 -69.329466 -70.124547 -68.797002 -70.840312 -73.945056 -72.756751 -70.787543 -71.382610 -73.127151 -73.565107 -70.427145 -74.604851 -71.454676 -72.856813 -74.480673 -72.908031 -73.439194 -74.422330 -73.502323 
-56.530725 -64.867836 -70.132803 -73.920628 -80.037604 -72.920444 -70.404351 -72.678821 -69.777060 -68.331225 -72.139361 -75.225063 -71.915662 -69.378922 -70.427777 -73.378302 -77.218740 -71.910026 -71.349726 -73.786701 -70.702354 -72.366458 -75.090142 -71.356465 -72.475516 -70.772630 -72.297101 -71.479736 -73.442771 -72.573024 -70.662565 -72.271195 -74.644754 -72.607126 -73.544440 -77.068567 -76.100672 -74.898171 -73.597768 -74.592989 
-56.292652 -74.917960 -75.325116 -75.023008 -74.126163 -77.050734 -76.070146 -74.691433 -79.344768 -76.812649 -74.022328 -73.609743 -68.343778 -69.245146 -72.169562 -74.715046 -73.395418 -74.096964 -72.880549 -72.789929 -75.117717 -75.194463 -78.344027 -77.332992 -71.182445 -72.808093 -75.052218 -72.323429 -75.003520 -74.046137 -73.227997 -72.038795 -72.603485 -77.809430 -73.740768 -73.907920 -72.963651 -75.559204 -75.177415 -74.305074 
-57.206416 -71.912455 -71.140442 -75.078425 -86.063573 -76.636699 -80.381428 -71.722189 -71.149141 -70.501061 -75.712389 -73.175895 -70.319401 -71.014414 -75.332389 -77.473520 -74.595178 -72.717200 -74.341756 -74.155840 -71.865370 -72.707654 -75.333668 -72.777540 -71.177300 -75.518261 -76.878658 -75.730099 -73.217639 -75.707973 -76.541562 -76.657811 -71.973136 -73.130700 -72.012564 -71.217322 -74.233629 -74.272091 -76.482261 -75.294015 
-57.431212 -79.717669 -78.187315 -72.174482 -70.913509 -71.812499 -77.116777 -74.197293 -76.622906 -73.730688 -69.912661 -73.840688 -69.928879 -70.695169 -72.167942 -72.802733 -76.280752 -71.960500 -71.364596 -68.952856 -70.738509 -74.133344 -75.405889 -77.648829 -75.788982 -72.318133 -74.685014 -80.056844 -73.627233 -73.655627 -72.809200 -72.942283 -71.494257 -72.834167 -71.496185 -75.197341 -75.204244 -73.573111 -75.673919 -78.489907 
-57.244901 -78.409411 -74.550168 -78.266277 -75.881358 -72.361904 -75.888133 -70.879128 -72.765371 -70.347418 -76.143343 -82.097641 -75.973722 -71.429349 -71.893679 -74.968563 -76.281472 -73.022163 -73.180400 -74.640198 -76.099967 -75.016581 -75.515056 -74.257294 -74.637103 -72.828269 -74.063957 -75.394785 -72.742219 -72.846858 -74.630573 -73.839023 -74.623565 -74.319527 -72.258566 -73.546088 -76.266097 -77.606444 -75.026991 -77.117255 
-57.323026 -76.075751 -71.872716 -76.523287 -74.864497 -72.077042 -75.946429 -73.787286 -74.241998 -74.784948 -72.856789 -73.421570 -76.942912 -71.425831 -74.458141 -73.573488 -72.443106 -74.997066 -72.418236 -75.743167 -77.429520 -74.090044 -74.253217 -74.880825 -73.557580 -78.393975 -77.980282 -74.733301 -72.765101 -74.184234 -74.036583 -74.553267 -77.715276 -73.779178 -70.626873 -73.818919 -74.837791 -75.362110 -76.586113 -77.367392 
-54.619138 -63.794662 -67.809461 -73.141866 -74.983536 -75.760639 -73.196515 -69.372125 -72.476985 -76.722353 -71.904656 -73.038817 -76.267327 -76.630052 -73.882525 -72.131349 -71.488853 -75.802663 -78.520391 -77.451007 -76.527465 -71.864475 -73.916169 -73.820068 -74.452249 -76.294041 -69.660912 -77.034990 -72.235438 -75.190178 -75.061657 -73.750613 -77.043710 -74.747651 -74.250962 -75.235315 -74.941754 -74.632371 -74.309277 -76.654568 
-66.416197 -69.564344 -74.017580 -77.246331 -79.051425 -84.203014 -82.937042 -80.736708 -83.735008 -91.799652 -83.723927 -80.366634 -80.418226 -81.709029 -80.541284 -80.925846 -79.343690 -81.372354 -82.843605 -82.537210 -82.268535 -81.335638 -82.551854 -80.810612 -81.935039 -86.411463 -83.619445 -87.787190 -82.244530 -84.500383 -83.075406 -83.927608 -86.616694 -82.709419 -84.671263 -81.700320 -81.049939 -79.368209 -80.444512 -85.085630 
NaN NaN NaN NaN NaN NaN NaN NaN NaN NaN NaN NaN NaN NaN NaN NaN NaN NaN NaN NaN NaN NaN NaN NaN NaN NaN NaN NaN NaN NaN NaN NaN NaN NaN NaN NaN NaN NaN NaN NaN 
NaN NaN NaN NaN NaN NaN NaN NaN NaN NaN NaN NaN NaN NaN NaN NaN NaN NaN NaN NaN NaN NaN NaN NaN NaN NaN NaN NaN NaN NaN NaN NaN NaN NaN NaN NaN NaN NaN NaN NaN 
NaN NaN NaN NaN NaN NaN NaN NaN NaN NaN NaN NaN NaN NaN NaN NaN NaN NaN NaN NaN NaN NaN NaN NaN NaN NaN NaN NaN NaN NaN NaN NaN NaN NaN NaN NaN NaN NaN NaN NaN 
NaN NaN NaN NaN NaN NaN NaN NaN NaN NaN NaN NaN NaN NaN NaN NaN NaN NaN NaN NaN NaN NaN NaN NaN NaN NaN NaN NaN NaN NaN NaN NaN NaN NaN NaN NaN NaN NaN NaN NaN 
NaN NaN NaN NaN NaN NaN NaN NaN NaN NaN NaN NaN NaN NaN NaN NaN NaN NaN NaN NaN NaN NaN NaN NaN NaN NaN NaN NaN NaN NaN NaN NaN NaN NaN NaN NaN NaN NaN NaN NaN 
NaN NaN NaN NaN NaN NaN NaN NaN NaN NaN NaN NaN NaN NaN NaN NaN NaN NaN NaN NaN NaN NaN NaN NaN NaN NaN NaN NaN NaN NaN NaN NaN NaN NaN NaN NaN NaN NaN NaN NaN 
NaN NaN NaN NaN NaN NaN NaN NaN NaN NaN NaN NaN NaN NaN NaN NaN NaN NaN NaN NaN NaN NaN NaN NaN NaN NaN NaN NaN NaN NaN NaN NaN NaN NaN NaN NaN NaN NaN NaN NaN 
NaN NaN NaN NaN NaN NaN NaN NaN NaN NaN NaN NaN NaN NaN NaN NaN NaN NaN NaN NaN NaN NaN NaN NaN NaN NaN NaN NaN NaN NaN NaN NaN NaN NaN NaN NaN NaN NaN NaN NaN 
NaN NaN NaN NaN NaN NaN NaN NaN NaN NaN NaN NaN NaN NaN NaN NaN NaN NaN NaN NaN NaN NaN NaN NaN NaN NaN NaN NaN NaN NaN NaN NaN NaN NaN NaN NaN NaN NaN NaN NaN 
NaN NaN NaN NaN NaN NaN NaN NaN NaN NaN NaN NaN NaN NaN NaN NaN NaN NaN NaN NaN NaN NaN NaN NaN NaN NaN NaN NaN NaN NaN NaN NaN NaN NaN NaN NaN NaN NaN NaN NaN 
NaN NaN NaN NaN NaN NaN NaN NaN NaN NaN NaN NaN NaN NaN NaN NaN NaN NaN NaN NaN NaN NaN NaN NaN NaN NaN NaN NaN NaN NaN NaN NaN NaN NaN NaN NaN NaN NaN NaN NaN 
NaN NaN NaN NaN NaN NaN NaN NaN NaN NaN NaN NaN NaN NaN NaN NaN NaN NaN NaN NaN NaN NaN NaN NaN NaN NaN NaN NaN NaN NaN NaN NaN NaN NaN NaN NaN NaN NaN NaN NaN 
NaN NaN NaN NaN NaN NaN NaN NaN NaN NaN NaN NaN NaN NaN NaN NaN NaN NaN NaN NaN NaN NaN NaN NaN NaN NaN NaN NaN NaN NaN NaN NaN NaN NaN NaN NaN NaN NaN NaN NaN 
NaN NaN NaN NaN NaN NaN NaN NaN NaN NaN NaN NaN NaN NaN NaN NaN NaN NaN NaN NaN NaN NaN NaN NaN NaN NaN NaN NaN NaN NaN NaN NaN NaN NaN NaN NaN NaN NaN NaN NaN 
NaN NaN NaN NaN NaN NaN NaN NaN NaN NaN NaN NaN NaN NaN NaN NaN NaN NaN NaN NaN NaN NaN NaN NaN NaN NaN NaN NaN NaN NaN NaN NaN NaN NaN NaN NaN NaN NaN NaN NaN 
NaN NaN NaN NaN NaN NaN NaN NaN NaN NaN NaN NaN NaN NaN NaN NaN NaN NaN NaN NaN NaN NaN NaN NaN NaN NaN NaN NaN NaN NaN NaN NaN NaN NaN NaN NaN NaN NaN NaN NaN 
NaN NaN NaN NaN NaN NaN NaN NaN NaN NaN NaN NaN NaN NaN NaN NaN NaN NaN NaN NaN NaN NaN NaN NaN NaN NaN NaN NaN NaN NaN NaN NaN NaN NaN NaN NaN NaN NaN NaN NaN 
NaN NaN NaN NaN NaN NaN NaN NaN NaN NaN NaN NaN NaN NaN NaN NaN NaN NaN NaN NaN NaN NaN NaN NaN NaN NaN NaN NaN NaN NaN NaN NaN NaN NaN NaN NaN NaN NaN NaN NaN 
NaN NaN NaN NaN NaN NaN NaN NaN NaN NaN NaN NaN NaN NaN NaN NaN NaN NaN NaN NaN NaN NaN NaN NaN NaN NaN NaN NaN NaN NaN NaN NaN NaN NaN NaN NaN NaN NaN NaN NaN 
NaN NaN NaN NaN NaN NaN NaN NaN NaN NaN NaN NaN NaN NaN NaN NaN NaN NaN NaN NaN NaN NaN NaN NaN NaN NaN NaN NaN NaN NaN NaN NaN NaN NaN NaN NaN NaN NaN NaN NaN 
NaN NaN NaN NaN NaN NaN NaN NaN NaN NaN NaN NaN NaN NaN NaN NaN NaN NaN NaN NaN NaN NaN NaN NaN NaN NaN NaN NaN NaN NaN NaN NaN NaN NaN NaN NaN NaN NaN NaN NaN 
NaN NaN NaN NaN NaN NaN NaN NaN NaN NaN NaN NaN NaN NaN NaN NaN NaN NaN NaN NaN NaN NaN NaN NaN NaN NaN NaN NaN NaN NaN NaN NaN NaN NaN NaN NaN NaN NaN NaN NaN 
NaN NaN NaN NaN NaN NaN NaN NaN NaN NaN NaN NaN NaN NaN NaN NaN NaN NaN NaN NaN NaN NaN NaN NaN NaN NaN NaN NaN NaN NaN NaN NaN NaN NaN NaN NaN NaN NaN NaN NaN 
NaN NaN NaN NaN NaN NaN NaN NaN NaN NaN NaN NaN NaN NaN NaN NaN NaN NaN NaN NaN NaN NaN NaN NaN NaN NaN NaN NaN NaN NaN NaN NaN NaN NaN NaN NaN NaN NaN NaN NaN 
NaN NaN NaN NaN NaN NaN NaN NaN NaN NaN NaN NaN NaN NaN NaN NaN NaN NaN NaN NaN NaN NaN NaN NaN NaN NaN NaN NaN NaN NaN NaN NaN NaN NaN NaN NaN NaN NaN NaN NaN 
NaN NaN NaN NaN NaN NaN NaN NaN NaN NaN NaN NaN NaN NaN NaN NaN NaN NaN NaN NaN NaN NaN NaN NaN NaN NaN NaN NaN NaN NaN NaN NaN NaN NaN NaN NaN NaN NaN NaN NaN 
NaN NaN NaN NaN NaN NaN NaN NaN NaN NaN NaN NaN NaN NaN NaN NaN NaN NaN NaN NaN NaN NaN NaN NaN NaN NaN NaN NaN NaN NaN NaN NaN NaN NaN NaN NaN NaN NaN NaN NaN 
NaN NaN NaN NaN NaN NaN NaN NaN NaN NaN NaN NaN NaN NaN NaN NaN NaN NaN NaN NaN NaN NaN NaN NaN NaN NaN NaN NaN NaN NaN NaN NaN NaN NaN NaN NaN NaN NaN NaN NaN 
NaN NaN NaN NaN NaN NaN NaN NaN NaN NaN NaN NaN NaN NaN NaN NaN NaN NaN NaN NaN NaN NaN NaN NaN NaN NaN NaN NaN NaN NaN NaN NaN NaN NaN NaN NaN NaN NaN NaN NaN 
NaN NaN NaN NaN NaN NaN NaN NaN NaN NaN NaN NaN NaN NaN NaN NaN NaN NaN NaN NaN NaN NaN NaN NaN NaN NaN NaN NaN NaN NaN NaN NaN NaN NaN NaN NaN NaN NaN NaN NaN 
NaN NaN NaN NaN NaN NaN NaN NaN NaN NaN NaN NaN NaN NaN NaN NaN NaN NaN NaN NaN NaN NaN NaN NaN NaN NaN NaN NaN NaN NaN NaN NaN NaN NaN NaN NaN NaN NaN NaN NaN 
NaN NaN NaN NaN NaN NaN NaN NaN NaN NaN NaN NaN NaN NaN NaN NaN NaN NaN NaN NaN NaN NaN NaN NaN NaN NaN NaN NaN NaN NaN NaN NaN NaN NaN NaN NaN NaN NaN NaN NaN 
NaN NaN NaN NaN NaN NaN NaN NaN NaN NaN NaN NaN NaN NaN NaN NaN NaN NaN NaN NaN NaN NaN NaN NaN NaN NaN NaN NaN NaN NaN NaN NaN NaN NaN NaN NaN NaN NaN NaN NaN 
NaN NaN NaN NaN NaN NaN NaN NaN NaN NaN NaN NaN NaN NaN NaN NaN NaN NaN NaN NaN NaN NaN NaN NaN NaN NaN NaN NaN NaN NaN NaN NaN NaN NaN NaN NaN NaN NaN NaN NaN 
NaN NaN NaN NaN NaN NaN NaN NaN NaN NaN NaN NaN NaN NaN NaN NaN NaN NaN NaN NaN NaN NaN NaN NaN NaN NaN NaN NaN NaN NaN NaN NaN NaN NaN NaN NaN NaN NaN NaN NaN 
NaN NaN NaN NaN NaN NaN NaN NaN NaN NaN NaN NaN NaN NaN NaN NaN NaN NaN NaN NaN NaN NaN NaN NaN NaN NaN NaN NaN NaN NaN NaN NaN NaN NaN NaN NaN NaN NaN NaN NaN 
NaN NaN NaN NaN NaN NaN NaN NaN NaN NaN NaN NaN NaN NaN NaN NaN NaN NaN NaN NaN NaN NaN NaN NaN NaN NaN NaN NaN NaN NaN NaN NaN NaN NaN NaN NaN NaN NaN NaN NaN 
NaN NaN NaN NaN NaN NaN NaN NaN NaN NaN NaN NaN NaN NaN NaN NaN NaN NaN NaN NaN NaN NaN NaN NaN NaN NaN NaN NaN NaN NaN NaN NaN NaN NaN NaN NaN NaN NaN NaN NaN 
NaN NaN NaN NaN NaN NaN NaN NaN NaN NaN NaN NaN NaN NaN NaN NaN NaN NaN NaN NaN NaN NaN NaN NaN NaN NaN NaN NaN NaN NaN NaN NaN NaN NaN NaN NaN NaN NaN NaN NaN 
NaN NaN NaN NaN NaN NaN NaN NaN NaN NaN NaN NaN NaN NaN NaN NaN NaN NaN NaN NaN NaN NaN NaN NaN NaN NaN NaN NaN NaN NaN NaN NaN NaN NaN NaN NaN NaN NaN NaN NaN 
NaN NaN NaN NaN NaN NaN NaN NaN NaN NaN NaN NaN NaN NaN NaN NaN NaN NaN NaN NaN NaN NaN NaN NaN NaN NaN NaN NaN NaN NaN NaN NaN NaN NaN NaN NaN NaN NaN NaN NaN 
NaN NaN NaN NaN NaN NaN NaN NaN NaN NaN NaN NaN NaN NaN NaN NaN NaN NaN NaN NaN NaN NaN NaN NaN NaN NaN NaN NaN NaN NaN NaN NaN NaN NaN NaN NaN NaN NaN NaN NaN 
NaN NaN NaN NaN NaN NaN NaN NaN NaN NaN NaN NaN NaN NaN NaN NaN NaN NaN NaN NaN NaN NaN NaN NaN NaN NaN NaN NaN NaN NaN NaN NaN NaN NaN NaN NaN NaN NaN NaN NaN 
NaN NaN NaN NaN NaN NaN NaN NaN NaN NaN NaN NaN NaN NaN NaN NaN NaN NaN NaN NaN NaN NaN NaN NaN NaN NaN NaN NaN NaN NaN NaN NaN NaN NaN NaN NaN NaN NaN NaN NaN 
NaN NaN NaN NaN NaN NaN NaN NaN NaN NaN NaN NaN NaN NaN NaN NaN NaN NaN NaN NaN NaN NaN NaN NaN NaN NaN NaN NaN NaN NaN NaN NaN NaN NaN NaN NaN NaN NaN NaN NaN 
NaN NaN NaN NaN NaN NaN NaN NaN NaN NaN NaN NaN NaN NaN NaN NaN NaN NaN NaN NaN NaN NaN NaN NaN NaN NaN NaN NaN NaN NaN NaN NaN NaN NaN NaN NaN NaN NaN NaN NaN 
NaN NaN NaN NaN NaN NaN NaN NaN NaN NaN NaN NaN NaN NaN NaN NaN NaN NaN NaN NaN NaN NaN NaN NaN NaN NaN NaN NaN NaN NaN NaN NaN NaN NaN NaN NaN NaN NaN NaN NaN 
NaN NaN NaN NaN NaN NaN NaN NaN NaN NaN NaN NaN NaN NaN NaN NaN NaN NaN NaN NaN NaN NaN NaN NaN NaN NaN NaN NaN NaN NaN NaN NaN NaN NaN NaN NaN NaN NaN NaN NaN 
NaN NaN NaN NaN NaN NaN NaN NaN NaN NaN NaN NaN NaN NaN NaN NaN NaN NaN NaN NaN NaN NaN NaN NaN NaN NaN NaN NaN NaN NaN NaN NaN NaN NaN NaN NaN NaN NaN NaN NaN 
NaN NaN NaN NaN NaN NaN NaN NaN NaN NaN NaN NaN NaN NaN NaN NaN NaN NaN NaN NaN NaN NaN NaN NaN NaN NaN NaN NaN NaN NaN NaN NaN NaN NaN NaN NaN NaN NaN NaN NaN 
NaN NaN NaN NaN NaN NaN NaN NaN NaN NaN NaN NaN NaN NaN NaN NaN NaN NaN NaN NaN NaN NaN NaN NaN NaN NaN NaN NaN NaN NaN NaN NaN NaN NaN NaN NaN NaN NaN NaN NaN 
NaN NaN NaN NaN NaN NaN NaN NaN NaN NaN NaN NaN NaN NaN NaN NaN NaN NaN NaN NaN NaN NaN NaN NaN NaN NaN NaN NaN NaN NaN NaN NaN NaN NaN NaN NaN NaN NaN NaN NaN 
NaN NaN NaN NaN NaN NaN NaN NaN NaN NaN NaN NaN NaN NaN NaN NaN NaN NaN NaN NaN NaN NaN NaN NaN NaN NaN NaN NaN NaN NaN NaN NaN NaN NaN NaN NaN NaN NaN NaN NaN 
NaN NaN NaN NaN NaN NaN NaN NaN NaN NaN NaN NaN NaN NaN NaN NaN NaN NaN NaN NaN NaN NaN NaN NaN NaN NaN NaN NaN NaN NaN NaN NaN NaN NaN NaN NaN NaN NaN NaN NaN 
NaN NaN NaN NaN NaN NaN NaN NaN NaN NaN NaN NaN NaN NaN NaN NaN NaN NaN NaN NaN NaN NaN NaN NaN NaN NaN NaN NaN NaN NaN NaN NaN NaN NaN NaN NaN NaN NaN NaN NaN 
NaN NaN NaN NaN NaN NaN NaN NaN NaN NaN NaN NaN NaN NaN NaN NaN NaN NaN NaN NaN NaN NaN NaN NaN NaN NaN NaN NaN NaN NaN NaN NaN NaN NaN NaN NaN NaN NaN NaN NaN 
NaN NaN NaN NaN NaN NaN NaN NaN NaN NaN NaN NaN NaN NaN NaN NaN NaN NaN NaN NaN NaN NaN NaN NaN NaN NaN NaN NaN NaN NaN NaN NaN NaN NaN NaN NaN NaN NaN NaN NaN 
NaN NaN NaN NaN NaN NaN NaN NaN NaN NaN NaN NaN NaN NaN NaN NaN NaN NaN NaN NaN NaN NaN NaN NaN NaN NaN NaN NaN NaN NaN NaN NaN NaN NaN NaN NaN NaN NaN NaN NaN 
NaN NaN NaN NaN NaN NaN NaN NaN NaN NaN NaN NaN NaN NaN NaN NaN NaN NaN NaN NaN NaN NaN NaN NaN NaN NaN NaN NaN NaN NaN NaN NaN NaN NaN NaN NaN NaN NaN NaN NaN 
NaN NaN NaN NaN NaN NaN NaN NaN NaN NaN NaN NaN NaN NaN NaN NaN NaN NaN NaN NaN NaN NaN NaN NaN NaN NaN NaN NaN NaN NaN NaN NaN NaN NaN NaN NaN NaN NaN NaN NaN 
NaN NaN NaN NaN NaN NaN NaN NaN NaN NaN NaN NaN NaN NaN NaN NaN NaN NaN NaN NaN NaN NaN NaN NaN NaN NaN NaN NaN NaN NaN NaN NaN NaN NaN NaN NaN NaN NaN NaN NaN 
NaN NaN NaN NaN NaN NaN NaN NaN NaN NaN NaN NaN NaN NaN NaN NaN NaN NaN NaN NaN NaN NaN NaN NaN NaN NaN NaN NaN NaN NaN NaN NaN NaN NaN NaN NaN NaN NaN NaN NaN 
NaN NaN NaN NaN NaN NaN NaN NaN NaN NaN NaN NaN NaN NaN NaN NaN NaN NaN NaN NaN NaN NaN NaN NaN NaN NaN NaN NaN NaN NaN NaN NaN NaN NaN NaN NaN NaN NaN NaN NaN 
NaN NaN NaN NaN NaN NaN NaN NaN NaN NaN NaN NaN NaN NaN NaN NaN NaN NaN NaN NaN NaN NaN NaN NaN NaN NaN NaN NaN NaN NaN NaN NaN NaN NaN NaN NaN NaN NaN NaN NaN 
NaN NaN NaN NaN NaN NaN NaN NaN NaN NaN NaN NaN NaN NaN NaN NaN NaN NaN NaN NaN NaN NaN NaN NaN NaN NaN NaN NaN NaN NaN NaN NaN NaN NaN NaN NaN NaN NaN NaN NaN 
NaN NaN NaN NaN NaN NaN NaN NaN NaN NaN NaN NaN NaN NaN NaN NaN NaN NaN NaN NaN NaN NaN NaN NaN NaN NaN NaN NaN NaN NaN NaN NaN NaN NaN NaN NaN NaN NaN NaN NaN 
NaN NaN NaN NaN NaN NaN NaN NaN NaN NaN NaN NaN NaN NaN NaN NaN NaN NaN NaN NaN NaN NaN NaN NaN NaN NaN NaN NaN NaN NaN NaN NaN NaN NaN NaN NaN NaN NaN NaN NaN 
NaN NaN NaN NaN NaN NaN NaN NaN NaN NaN NaN NaN NaN NaN NaN NaN NaN NaN NaN NaN NaN NaN NaN NaN NaN NaN NaN NaN NaN NaN NaN NaN NaN NaN NaN NaN NaN NaN NaN NaN 
NaN NaN NaN NaN NaN NaN NaN NaN NaN NaN NaN NaN NaN NaN NaN NaN NaN NaN NaN NaN NaN NaN NaN NaN NaN NaN NaN NaN NaN NaN NaN NaN NaN NaN NaN NaN NaN NaN NaN NaN 
NaN NaN NaN NaN NaN NaN NaN NaN NaN NaN NaN NaN NaN NaN NaN NaN NaN NaN NaN NaN NaN NaN NaN NaN NaN NaN NaN NaN NaN NaN NaN NaN NaN NaN NaN NaN NaN NaN NaN NaN 
NaN NaN NaN NaN NaN NaN NaN NaN NaN NaN NaN NaN NaN NaN NaN NaN NaN NaN NaN NaN NaN NaN NaN NaN NaN NaN NaN NaN NaN NaN NaN NaN NaN NaN NaN NaN NaN NaN NaN NaN 
NaN NaN NaN NaN NaN NaN NaN NaN NaN NaN NaN NaN NaN NaN NaN NaN NaN NaN NaN NaN NaN NaN NaN NaN NaN NaN NaN NaN NaN NaN NaN NaN NaN NaN NaN NaN NaN NaN NaN NaN 
NaN NaN NaN NaN NaN NaN NaN NaN NaN NaN NaN NaN NaN NaN NaN NaN NaN NaN NaN NaN NaN NaN NaN NaN NaN NaN NaN NaN NaN NaN NaN NaN NaN NaN NaN NaN NaN NaN NaN NaN 
NaN NaN NaN NaN NaN NaN NaN NaN NaN NaN NaN NaN NaN NaN NaN NaN NaN NaN NaN NaN NaN NaN NaN NaN NaN NaN NaN NaN NaN NaN NaN NaN NaN NaN NaN NaN NaN NaN NaN NaN 
NaN NaN NaN NaN NaN NaN NaN NaN NaN NaN NaN NaN NaN NaN NaN NaN NaN NaN NaN NaN NaN NaN NaN NaN NaN NaN NaN NaN NaN NaN NaN NaN NaN NaN NaN NaN NaN NaN NaN NaN 
NaN NaN NaN NaN NaN NaN NaN NaN NaN NaN NaN NaN NaN NaN NaN NaN NaN NaN NaN NaN NaN NaN NaN NaN NaN NaN NaN NaN NaN NaN NaN NaN NaN NaN NaN NaN NaN NaN NaN NaN 
NaN NaN NaN NaN NaN NaN NaN NaN NaN NaN NaN NaN NaN NaN NaN NaN NaN NaN NaN NaN NaN NaN NaN NaN NaN NaN NaN NaN NaN NaN NaN NaN NaN NaN NaN NaN NaN NaN NaN NaN 
