NaN NaN NaN NaN NaN NaN NaN NaN NaN NaN NaN NaN NaN NaN NaN NaN NaN NaN NaN NaN NaN NaN NaN NaN NaN NaN NaN NaN NaN NaN NaN NaN NaN NaN NaN NaN NaN NaN NaN NaN 
NaN NaN NaN NaN NaN NaN NaN NaN NaN NaN NaN NaN NaN NaN NaN NaN NaN NaN NaN NaN NaN NaN NaN NaN NaN NaN NaN NaN NaN NaN NaN NaN NaN NaN NaN NaN NaN NaN NaN NaN 
NaN NaN NaN NaN NaN NaN NaN NaN NaN NaN NaN NaN NaN NaN NaN NaN NaN NaN NaN NaN NaN NaN NaN NaN NaN NaN NaN NaN NaN NaN NaN NaN NaN NaN NaN NaN NaN NaN NaN NaN 
NaN NaN NaN NaN NaN NaN NaN NaN NaN NaN NaN NaN NaN NaN NaN NaN NaN NaN NaN NaN NaN NaN NaN NaN NaN NaN NaN NaN NaN NaN NaN NaN NaN NaN NaN NaN NaN NaN NaN NaN 
NaN NaN NaN NaN NaN NaN NaN NaN NaN NaN NaN NaN NaN NaN NaN NaN NaN NaN NaN NaN NaN NaN NaN NaN NaN NaN NaN NaN NaN NaN NaN NaN NaN NaN NaN NaN NaN NaN NaN NaN 
NaN NaN NaN NaN NaN NaN NaN NaN NaN NaN NaN NaN NaN NaN NaN NaN NaN NaN NaN NaN NaN NaN NaN NaN NaN NaN NaN NaN NaN NaN NaN NaN NaN NaN NaN NaN NaN NaN NaN NaN 
NaN NaN NaN NaN NaN NaN NaN NaN NaN NaN NaN NaN NaN NaN NaN NaN NaN NaN NaN NaN NaN NaN NaN NaN NaN NaN NaN NaN NaN NaN NaN NaN NaN NaN NaN NaN NaN NaN NaN NaN 
NaN NaN NaN NaN NaN NaN NaN NaN NaN NaN NaN NaN NaN NaN NaN NaN NaN NaN NaN NaN NaN NaN NaN NaN NaN NaN NaN NaN NaN NaN NaN NaN NaN NaN NaN NaN NaN NaN NaN NaN 
NaN NaN NaN NaN NaN NaN NaN NaN NaN NaN NaN NaN NaN NaN NaN NaN NaN NaN NaN NaN NaN NaN NaN NaN NaN NaN NaN NaN NaN NaN NaN NaN NaN NaN NaN NaN NaN NaN NaN NaN 
NaN NaN NaN NaN NaN NaN NaN NaN NaN NaN NaN NaN NaN NaN NaN NaN NaN NaN NaN NaN NaN NaN NaN NaN NaN NaN NaN NaN NaN NaN NaN NaN NaN NaN NaN NaN NaN NaN NaN NaN 
NaN NaN NaN NaN NaN NaN NaN NaN NaN NaN NaN NaN NaN NaN NaN NaN NaN NaN NaN NaN NaN NaN NaN NaN NaN NaN NaN NaN NaN NaN NaN NaN NaN NaN NaN NaN NaN NaN NaN NaN 
NaN NaN NaN NaN NaN NaN NaN NaN NaN NaN NaN NaN NaN NaN NaN NaN NaN NaN NaN NaN NaN NaN NaN NaN NaN NaN NaN NaN NaN NaN NaN NaN NaN NaN NaN NaN NaN NaN NaN NaN 
NaN NaN NaN NaN NaN NaN NaN NaN NaN NaN NaN NaN NaN NaN NaN NaN NaN NaN NaN NaN NaN NaN NaN NaN NaN NaN NaN NaN NaN NaN NaN NaN NaN NaN NaN NaN NaN NaN NaN NaN 
NaN NaN NaN NaN NaN NaN NaN NaN NaN NaN NaN NaN NaN NaN NaN NaN NaN NaN NaN NaN NaN NaN NaN NaN NaN NaN NaN NaN NaN NaN NaN NaN NaN NaN NaN NaN NaN NaN NaN NaN 
NaN NaN NaN NaN NaN NaN NaN NaN NaN NaN NaN NaN NaN NaN NaN NaN NaN NaN NaN NaN NaN NaN NaN NaN NaN NaN NaN NaN NaN NaN NaN NaN NaN NaN NaN NaN NaN NaN NaN NaN 
NaN NaN NaN NaN NaN NaN NaN NaN NaN NaN NaN NaN NaN NaN NaN NaN NaN NaN NaN NaN NaN NaN NaN NaN NaN NaN NaN NaN NaN NaN NaN NaN NaN NaN NaN NaN NaN NaN NaN NaN 
NaN NaN NaN NaN NaN NaN NaN NaN NaN NaN NaN NaN NaN NaN NaN NaN NaN NaN NaN NaN NaN NaN NaN NaN NaN NaN NaN NaN NaN NaN NaN NaN NaN NaN NaN NaN NaN NaN NaN NaN 
NaN NaN NaN NaN NaN NaN NaN NaN NaN NaN NaN NaN NaN NaN NaN NaN NaN NaN NaN NaN NaN NaN NaN NaN NaN NaN NaN NaN NaN NaN NaN NaN NaN NaN NaN NaN NaN NaN NaN NaN 
NaN NaN NaN NaN NaN NaN NaN NaN NaN NaN NaN NaN NaN NaN NaN NaN NaN NaN NaN NaN NaN NaN NaN NaN NaN NaN NaN NaN NaN NaN NaN NaN NaN NaN NaN NaN NaN NaN NaN NaN 
NaN NaN NaN NaN NaN NaN NaN NaN NaN NaN NaN NaN NaN NaN NaN NaN NaN NaN NaN NaN NaN NaN NaN NaN NaN NaN NaN NaN NaN NaN NaN NaN NaN NaN NaN NaN NaN NaN NaN NaN 
NaN NaN NaN NaN NaN NaN NaN NaN NaN NaN NaN NaN NaN NaN NaN NaN NaN NaN NaN NaN NaN NaN NaN NaN NaN NaN NaN NaN NaN NaN NaN NaN NaN NaN NaN NaN NaN NaN NaN NaN 
NaN NaN NaN NaN NaN NaN NaN NaN NaN NaN NaN NaN NaN NaN NaN NaN NaN NaN NaN NaN NaN NaN NaN NaN NaN NaN NaN NaN NaN NaN NaN NaN NaN NaN NaN NaN NaN NaN NaN NaN 
NaN NaN NaN NaN NaN NaN NaN NaN NaN NaN NaN NaN NaN NaN NaN NaN NaN NaN NaN NaN NaN NaN NaN NaN NaN NaN NaN NaN NaN NaN NaN NaN NaN NaN NaN NaN NaN NaN NaN NaN 
NaN NaN NaN NaN NaN NaN NaN NaN NaN NaN NaN NaN NaN NaN NaN NaN NaN NaN NaN NaN NaN NaN NaN NaN NaN NaN NaN NaN NaN NaN NaN NaN NaN NaN NaN NaN NaN NaN NaN NaN 
NaN NaN NaN NaN NaN NaN NaN NaN NaN NaN NaN NaN NaN NaN NaN NaN NaN NaN NaN NaN NaN NaN NaN NaN NaN NaN NaN NaN NaN NaN NaN NaN NaN NaN NaN NaN NaN NaN NaN NaN 
NaN NaN NaN NaN NaN NaN NaN NaN NaN NaN NaN NaN NaN NaN NaN NaN NaN NaN NaN NaN NaN NaN NaN NaN NaN NaN NaN NaN NaN NaN NaN NaN NaN NaN NaN NaN NaN NaN NaN NaN 
NaN NaN NaN NaN NaN NaN NaN NaN NaN NaN NaN NaN NaN NaN NaN NaN NaN NaN NaN NaN NaN NaN NaN NaN NaN NaN NaN NaN NaN NaN NaN NaN NaN NaN NaN NaN NaN NaN NaN NaN 
NaN NaN NaN NaN NaN NaN NaN NaN NaN NaN NaN NaN NaN NaN NaN NaN NaN NaN NaN NaN NaN NaN NaN NaN NaN NaN NaN NaN NaN NaN NaN NaN NaN NaN NaN NaN NaN NaN NaN NaN 
NaN NaN NaN NaN NaN NaN NaN NaN NaN NaN NaN NaN NaN NaN NaN NaN NaN NaN NaN NaN NaN NaN NaN NaN NaN NaN NaN NaN NaN NaN NaN NaN NaN NaN NaN NaN NaN NaN NaN NaN 
NaN NaN NaN NaN NaN NaN NaN NaN NaN NaN NaN NaN NaN NaN NaN NaN NaN NaN NaN NaN NaN NaN NaN NaN NaN NaN NaN NaN NaN NaN NaN NaN NaN NaN NaN NaN NaN NaN NaN NaN 
NaN NaN NaN NaN NaN NaN NaN NaN NaN NaN NaN NaN NaN NaN NaN NaN NaN NaN NaN NaN NaN NaN NaN NaN NaN NaN NaN NaN NaN NaN NaN NaN NaN NaN NaN NaN NaN NaN NaN NaN 
NaN NaN NaN NaN NaN NaN NaN NaN NaN NaN NaN NaN NaN NaN NaN NaN NaN NaN NaN NaN NaN NaN NaN NaN NaN NaN NaN NaN NaN NaN NaN NaN NaN NaN NaN NaN NaN NaN NaN NaN 
NaN NaN NaN NaN NaN NaN NaN NaN NaN NaN NaN NaN NaN NaN NaN NaN NaN NaN NaN NaN NaN NaN NaN NaN NaN NaN NaN NaN NaN NaN NaN NaN NaN NaN NaN NaN NaN NaN NaN NaN 
NaN NaN NaN NaN NaN NaN NaN NaN NaN NaN NaN NaN NaN NaN NaN NaN NaN NaN NaN NaN NaN NaN NaN NaN NaN NaN NaN NaN NaN NaN NaN NaN NaN NaN NaN NaN NaN NaN NaN NaN 
NaN NaN NaN NaN NaN NaN NaN NaN NaN NaN NaN NaN NaN NaN NaN NaN NaN NaN NaN NaN NaN NaN NaN NaN NaN NaN NaN NaN NaN NaN NaN NaN NaN NaN NaN NaN NaN NaN NaN NaN 
NaN NaN NaN NaN NaN NaN NaN NaN NaN NaN NaN NaN NaN NaN NaN NaN NaN NaN NaN NaN NaN NaN NaN NaN NaN NaN NaN NaN NaN NaN NaN NaN NaN NaN NaN NaN NaN NaN NaN NaN 
NaN NaN NaN NaN NaN NaN NaN NaN NaN NaN NaN NaN NaN NaN NaN NaN NaN NaN NaN NaN NaN NaN NaN NaN NaN NaN NaN NaN NaN NaN NaN NaN NaN NaN NaN NaN NaN NaN NaN NaN 
NaN NaN NaN NaN NaN NaN NaN NaN NaN NaN NaN NaN NaN NaN NaN NaN NaN NaN NaN NaN NaN NaN NaN NaN NaN NaN NaN NaN NaN NaN NaN NaN NaN NaN NaN NaN NaN NaN NaN NaN 
NaN NaN NaN NaN NaN NaN NaN NaN NaN NaN NaN NaN NaN NaN NaN NaN NaN NaN NaN NaN NaN NaN NaN NaN NaN NaN NaN NaN NaN NaN NaN NaN NaN NaN NaN NaN NaN NaN NaN NaN 
NaN NaN NaN NaN NaN NaN NaN NaN NaN NaN NaN NaN NaN NaN NaN NaN NaN NaN NaN NaN NaN NaN NaN NaN NaN NaN NaN NaN NaN NaN NaN NaN NaN NaN NaN NaN NaN NaN NaN NaN 
NaN NaN NaN NaN NaN NaN NaN NaN NaN NaN NaN NaN NaN NaN NaN NaN NaN NaN NaN NaN NaN NaN NaN NaN NaN NaN NaN NaN NaN NaN NaN NaN NaN NaN NaN NaN NaN NaN NaN NaN 
NaN NaN NaN NaN NaN NaN NaN NaN NaN NaN NaN NaN NaN NaN NaN NaN NaN NaN NaN NaN NaN NaN NaN NaN NaN NaN NaN NaN NaN NaN NaN NaN NaN NaN NaN NaN NaN NaN NaN NaN 
NaN NaN NaN NaN NaN NaN NaN NaN NaN NaN NaN NaN NaN NaN NaN NaN NaN NaN NaN NaN NaN NaN NaN NaN NaN NaN NaN NaN NaN NaN NaN NaN NaN NaN NaN NaN NaN NaN NaN NaN 
NaN NaN NaN NaN NaN NaN NaN NaN NaN NaN NaN NaN NaN NaN NaN NaN NaN NaN NaN NaN NaN NaN NaN NaN NaN NaN NaN NaN NaN NaN NaN NaN NaN NaN NaN NaN NaN NaN NaN NaN 
NaN NaN NaN NaN NaN NaN NaN NaN NaN NaN NaN NaN NaN NaN NaN NaN NaN NaN NaN NaN NaN NaN NaN NaN NaN NaN NaN NaN NaN NaN NaN NaN NaN NaN NaN NaN NaN NaN NaN NaN 
NaN NaN NaN NaN NaN NaN NaN NaN NaN NaN NaN NaN NaN NaN NaN NaN NaN NaN NaN NaN NaN NaN NaN NaN NaN NaN NaN NaN NaN NaN NaN NaN NaN NaN NaN NaN NaN NaN NaN NaN 
NaN NaN NaN NaN NaN NaN NaN NaN NaN NaN NaN NaN NaN NaN NaN NaN NaN NaN NaN NaN NaN NaN NaN NaN NaN NaN NaN NaN NaN NaN NaN NaN NaN NaN NaN NaN NaN NaN NaN NaN 
NaN NaN NaN NaN NaN NaN NaN NaN NaN NaN NaN NaN NaN NaN NaN NaN NaN NaN NaN NaN NaN NaN NaN NaN NaN NaN NaN NaN NaN NaN NaN NaN NaN NaN NaN NaN NaN NaN NaN NaN 
NaN NaN NaN NaN NaN NaN NaN NaN NaN NaN NaN NaN NaN NaN NaN NaN NaN NaN NaN NaN NaN NaN NaN NaN NaN NaN NaN NaN NaN NaN NaN NaN NaN NaN NaN NaN NaN NaN NaN NaN 
NaN NaN NaN NaN NaN NaN NaN NaN NaN NaN NaN NaN NaN NaN NaN NaN NaN NaN NaN NaN NaN NaN NaN NaN NaN NaN NaN NaN NaN NaN NaN NaN NaN NaN NaN NaN NaN NaN NaN NaN 
NaN NaN NaN NaN NaN NaN NaN NaN NaN NaN NaN NaN NaN NaN NaN NaN NaN NaN NaN NaN NaN NaN NaN NaN NaN NaN NaN NaN NaN NaN NaN NaN NaN NaN NaN NaN NaN NaN NaN NaN 
NaN NaN NaN NaN NaN NaN NaN NaN NaN NaN NaN NaN NaN NaN NaN NaN NaN NaN NaN NaN NaN NaN NaN NaN NaN NaN NaN NaN NaN NaN NaN NaN NaN NaN NaN NaN NaN NaN NaN NaN 
NaN NaN NaN NaN NaN NaN NaN NaN NaN NaN NaN NaN NaN NaN NaN NaN NaN NaN NaN NaN NaN NaN NaN NaN NaN NaN NaN NaN NaN NaN NaN NaN NaN NaN NaN NaN NaN NaN NaN NaN 
NaN NaN NaN NaN NaN NaN NaN NaN NaN NaN NaN NaN NaN NaN NaN NaN NaN NaN NaN NaN NaN NaN NaN NaN NaN NaN NaN NaN NaN NaN NaN NaN NaN NaN NaN NaN NaN NaN NaN NaN 
NaN NaN NaN NaN NaN NaN NaN NaN NaN NaN NaN NaN NaN NaN NaN NaN NaN NaN NaN NaN NaN NaN NaN NaN NaN NaN NaN NaN NaN NaN NaN NaN NaN NaN NaN NaN NaN NaN NaN NaN 
NaN NaN NaN NaN NaN NaN NaN NaN NaN NaN NaN NaN NaN NaN NaN NaN NaN NaN NaN NaN NaN NaN NaN NaN NaN NaN NaN NaN NaN NaN NaN NaN NaN NaN NaN NaN NaN NaN NaN NaN 
NaN NaN NaN NaN NaN NaN NaN NaN NaN NaN NaN NaN NaN NaN NaN NaN NaN NaN NaN NaN NaN NaN NaN NaN NaN NaN NaN NaN NaN NaN NaN NaN NaN NaN NaN NaN NaN NaN NaN NaN 
NaN NaN NaN NaN NaN NaN NaN NaN NaN NaN NaN NaN NaN NaN NaN NaN NaN NaN NaN NaN NaN NaN NaN NaN NaN NaN NaN NaN NaN NaN NaN NaN NaN NaN NaN NaN NaN NaN NaN NaN 
NaN NaN NaN NaN NaN NaN NaN NaN NaN NaN NaN NaN NaN NaN NaN NaN NaN NaN NaN NaN NaN NaN NaN NaN NaN NaN NaN NaN NaN NaN NaN NaN NaN NaN NaN NaN NaN NaN NaN NaN 
NaN NaN NaN NaN NaN NaN NaN NaN NaN NaN NaN NaN NaN NaN NaN NaN NaN NaN NaN NaN NaN NaN NaN NaN NaN NaN NaN NaN NaN NaN NaN NaN NaN NaN NaN NaN NaN NaN NaN NaN 
NaN NaN NaN NaN NaN NaN NaN NaN NaN NaN NaN NaN NaN NaN NaN NaN NaN NaN NaN NaN NaN NaN NaN NaN NaN NaN NaN NaN NaN NaN NaN NaN NaN NaN NaN NaN NaN NaN NaN NaN 
NaN NaN NaN NaN NaN NaN NaN NaN NaN NaN NaN NaN NaN NaN NaN NaN NaN NaN NaN NaN NaN NaN NaN NaN NaN NaN NaN NaN NaN NaN NaN NaN NaN NaN NaN NaN NaN NaN NaN NaN 
NaN NaN NaN NaN NaN NaN NaN NaN NaN NaN NaN NaN NaN NaN NaN NaN NaN NaN NaN NaN NaN NaN NaN NaN NaN NaN NaN NaN NaN NaN NaN NaN NaN NaN NaN NaN NaN NaN NaN NaN 
NaN NaN NaN NaN NaN NaN NaN NaN NaN NaN NaN NaN NaN NaN NaN NaN NaN NaN NaN NaN NaN NaN NaN NaN NaN NaN NaN NaN NaN NaN NaN NaN NaN NaN NaN NaN NaN NaN NaN NaN 
NaN NaN NaN NaN NaN NaN NaN NaN NaN NaN NaN NaN NaN NaN NaN NaN NaN NaN NaN NaN NaN NaN NaN NaN NaN NaN NaN NaN NaN NaN NaN NaN NaN NaN NaN NaN NaN NaN NaN NaN 
NaN NaN NaN NaN NaN NaN NaN NaN NaN NaN NaN NaN NaN NaN NaN NaN NaN NaN NaN NaN NaN NaN NaN NaN NaN NaN NaN NaN NaN NaN NaN NaN NaN NaN NaN NaN NaN NaN NaN NaN 
NaN NaN NaN NaN NaN NaN NaN NaN NaN NaN NaN NaN NaN NaN NaN NaN NaN NaN NaN NaN NaN NaN NaN NaN NaN NaN NaN NaN NaN NaN NaN NaN NaN NaN NaN NaN NaN NaN NaN NaN 
NaN NaN NaN NaN NaN NaN NaN NaN NaN NaN NaN NaN NaN NaN NaN NaN NaN NaN NaN NaN NaN NaN NaN NaN NaN NaN NaN NaN NaN NaN NaN NaN NaN NaN NaN NaN NaN NaN NaN NaN 
NaN NaN NaN NaN NaN NaN NaN NaN NaN NaN NaN NaN NaN NaN NaN NaN NaN NaN NaN NaN NaN NaN NaN NaN NaN NaN NaN NaN NaN NaN NaN NaN NaN NaN NaN NaN NaN NaN NaN NaN 
NaN NaN NaN NaN NaN NaN NaN NaN NaN NaN NaN NaN NaN NaN NaN NaN NaN NaN NaN NaN NaN NaN NaN NaN NaN NaN NaN NaN NaN NaN NaN NaN NaN NaN NaN NaN NaN NaN NaN NaN 
NaN NaN NaN NaN NaN NaN NaN NaN NaN NaN NaN NaN NaN NaN NaN NaN NaN NaN NaN NaN NaN NaN NaN NaN NaN NaN NaN NaN NaN NaN NaN NaN NaN NaN NaN NaN NaN NaN NaN NaN 
NaN NaN NaN NaN NaN NaN NaN NaN NaN NaN NaN NaN NaN NaN NaN NaN NaN NaN NaN NaN NaN NaN NaN NaN NaN NaN NaN NaN NaN NaN NaN NaN NaN NaN NaN NaN NaN NaN NaN NaN 
NaN NaN NaN NaN NaN NaN NaN NaN NaN NaN NaN NaN NaN NaN NaN NaN NaN NaN NaN NaN NaN NaN NaN NaN NaN NaN NaN NaN NaN NaN NaN NaN NaN NaN NaN NaN NaN NaN NaN NaN 
NaN NaN NaN NaN NaN NaN NaN NaN NaN NaN NaN NaN NaN NaN NaN NaN NaN NaN NaN NaN NaN NaN NaN NaN NaN NaN NaN NaN NaN NaN NaN NaN NaN NaN NaN NaN NaN NaN NaN NaN 
NaN NaN NaN NaN NaN NaN NaN NaN NaN NaN NaN NaN NaN NaN NaN NaN NaN NaN NaN NaN NaN NaN NaN NaN NaN NaN NaN NaN NaN NaN NaN NaN NaN NaN NaN NaN NaN NaN NaN NaN 
NaN NaN NaN NaN NaN NaN NaN NaN NaN NaN NaN NaN NaN NaN NaN NaN NaN NaN NaN NaN NaN NaN NaN NaN NaN NaN NaN NaN NaN NaN NaN NaN NaN NaN NaN NaN NaN NaN NaN NaN 
NaN NaN NaN NaN NaN NaN NaN NaN NaN NaN NaN NaN NaN NaN NaN NaN NaN NaN NaN NaN NaN NaN NaN NaN NaN NaN NaN NaN NaN NaN NaN NaN NaN NaN NaN NaN NaN NaN NaN NaN 
NaN NaN NaN NaN NaN NaN NaN NaN NaN NaN NaN NaN NaN NaN NaN NaN NaN NaN NaN NaN NaN NaN NaN NaN NaN NaN NaN NaN NaN NaN NaN NaN NaN NaN NaN NaN NaN NaN NaN NaN 
NaN NaN NaN NaN NaN NaN NaN NaN NaN NaN NaN NaN NaN NaN NaN NaN NaN NaN NaN NaN NaN NaN NaN NaN NaN NaN NaN NaN NaN NaN NaN NaN NaN NaN NaN NaN NaN NaN NaN NaN 
NaN NaN NaN NaN NaN NaN NaN NaN NaN NaN NaN NaN NaN NaN NaN NaN NaN NaN NaN NaN NaN NaN NaN NaN NaN NaN NaN NaN NaN NaN NaN NaN NaN NaN NaN NaN NaN NaN NaN NaN 
NaN NaN NaN NaN NaN NaN NaN NaN NaN NaN NaN NaN NaN NaN NaN NaN NaN NaN NaN NaN NaN NaN NaN NaN NaN NaN NaN NaN NaN NaN NaN NaN NaN NaN NaN NaN NaN NaN NaN NaN 
NaN NaN NaN NaN NaN NaN NaN NaN NaN NaN NaN NaN NaN NaN NaN NaN NaN NaN NaN NaN NaN NaN NaN NaN NaN NaN NaN NaN NaN NaN NaN NaN NaN NaN NaN NaN NaN NaN NaN NaN 
NaN NaN NaN NaN NaN NaN NaN NaN NaN NaN NaN NaN NaN NaN NaN NaN NaN NaN NaN NaN NaN NaN NaN NaN NaN NaN NaN NaN NaN NaN NaN NaN NaN NaN NaN NaN NaN NaN NaN NaN 
NaN NaN NaN NaN NaN NaN NaN NaN NaN NaN NaN NaN NaN NaN NaN NaN NaN NaN NaN NaN NaN NaN NaN NaN NaN NaN NaN NaN NaN NaN NaN NaN NaN NaN NaN NaN NaN NaN NaN NaN 
NaN NaN NaN NaN NaN NaN NaN NaN NaN NaN NaN NaN NaN NaN NaN NaN NaN NaN NaN NaN NaN NaN NaN NaN NaN NaN NaN NaN NaN NaN NaN NaN NaN NaN NaN NaN NaN NaN NaN NaN 
NaN NaN NaN NaN NaN NaN NaN NaN NaN NaN NaN NaN NaN NaN NaN NaN NaN NaN NaN NaN NaN NaN NaN NaN NaN NaN NaN NaN NaN NaN NaN NaN NaN NaN NaN NaN NaN NaN NaN NaN 
NaN NaN NaN NaN NaN NaN NaN NaN NaN NaN NaN NaN NaN NaN NaN NaN NaN NaN NaN NaN NaN NaN NaN NaN NaN NaN NaN NaN NaN NaN NaN NaN NaN NaN NaN NaN NaN NaN NaN NaN 
NaN NaN NaN NaN NaN NaN NaN NaN NaN NaN NaN NaN NaN NaN NaN NaN NaN NaN NaN NaN NaN NaN NaN NaN NaN NaN NaN NaN NaN NaN NaN NaN NaN NaN NaN NaN NaN NaN NaN NaN 
NaN NaN NaN NaN NaN NaN NaN NaN NaN NaN NaN NaN NaN NaN NaN NaN NaN NaN NaN NaN NaN NaN NaN NaN NaN NaN NaN NaN NaN NaN NaN NaN NaN NaN NaN NaN NaN NaN NaN NaN 
-84.145867 -84.903762 -86.221549 -88.604716 -92.258533 -97.367207 -98.848373 -96.425550 -95.710199 -97.938015 -104.511711 -111.146983 -105.680463 -106.980593 -111.955798 -102.863059 -96.603653 -94.938253 -99.463493 -98.582787 -92.323676 -94.930133 -96.897917 -94.573673 -101.360623 -107.462246 -107.644041 -106.735130 -106.169492 -105.284794 -101.418876 -95.723243 -98.659410 -100.358143 -96.305329 -101.614733 -95.818748 -96.462465 -96.959763 -105.240697 
-62.610838 -68.671398 -73.900869 -78.062478 -76.848808 -80.987580 -79.841347 -85.136991 -83.130875 -77.534434 -78.068364 -85.128482 -82.998867 -76.289316 -75.774548 -77.938411 -73.840486 -73.339281 -79.954058 -78.607820 -75.347409 -74.567254 -75.911956 -76.064368 -81.647623 -81.752624 -76.841699 -76.383422 -77.843123 -80.647798 -78.317528 -77.616983 -79.300832 -80.647726 -77.396003 -83.454584 -78.891597 -78.405986 -76.620282 -81.901031 
-65.725562 -76.604327 -74.102421 -75.843384 -75.316955 -78.227756 -79.851131 -75.842196 -74.786630 -80.216088 -81.457722 -80.819745 -77.567358 -75.014825 -76.311769 -83.587222 -77.226549 -79.880817 -76.263652 -75.642389 -77.340757 -78.037548 -79.074622 -78.418162 -75.885124 -77.971072 -75.414216 -73.907243 -76.708099 -76.601262 -74.579326 -76.906903 -77.420051 -76.482385 -75.947571 -78.119651 -76.739140 -77.934328 -74.985043 -77.348277 
-63.108394 -71.318839 -71.853590 -76.782429 -80.921277 -81.239523 -80.548268 -78.341668 -73.107160 -69.166708 -75.600170 -77.364302 -81.161987 -80.811533 -79.941929 -76.124257 -79.086570 -79.746127 -74.912106 -76.781062 -75.839084 -78.889461 -76.673099 -76.840484 -78.500251 -77.080918 -74.973674 -75.490701 -74.962776 -76.369810 -77.622855 -75.605677 -75.149311 -74.793486 -77.594006 -76.931822 -74.234491 -74.555726 -73.231836 -79.826685 
-38.975166 -40.263901 -42.791153 -45.215216 -47.070480 -49.099186 -50.225837 -50.346798 -52.038057 -53.716390 -54.977759 -55.909868 -56.357785 -57.802672 -60.034134 -62.221358 -60.599403 -61.225814 -63.581625 -65.500228 -65.292216 -63.556557 -64.390219 -65.722656 -67.594098 -67.645835 -70.991147 -73.051921 -69.108866 -68.619603 -69.747626 -70.514190 -72.232239 -72.520516 -72.953517 -74.169089 -73.079356 -71.301505 -72.512824 -73.934983 
-26.568192 -32.187567 -35.329198 -38.737554 -41.060574 -42.684512 -43.482590 -45.150251 -46.108465 -47.040493 -49.308188 -49.163532 -50.780733 -51.908513 -54.315885 -55.657483 -55.288222 -55.708949 -57.246627 -59.345860 -59.032260 -58.925539 -58.236247 -59.800586 -61.784106 -62.683434 -65.621906 -66.427171 -64.259498 -63.567999 -64.843798 -68.327019 -67.850316 -67.830622 -66.830765 -69.275770 -69.726407 -69.120445 -69.987165 -69.990612 
-30.793114 -38.729446 -47.711205 -56.466913 -47.739620 -51.570928 -57.027853 -57.942152 -62.139948 -57.700075 -61.367198 -65.864843 -66.996812 -65.050941 -62.950172 -64.565396 -65.630852 -66.625601 -71.234310 -68.100783 -67.844876 -68.177182 -64.337018 -70.470014 -66.804247 -67.561896 -66.372514 -70.419699 -67.195374 -68.859757 -66.964460 -65.173435 -66.746450 -68.007974 -68.038424 -68.009272 -70.495417 -72.260750 -73.383873 -71.327036 
-38.991640 -45.897946 -45.039190 -47.592181 -48.208415 -54.808051 -55.395833 -60.450858 -61.407851 -62.214586 -65.911529 -64.110084 -66.052430 -67.300752 -65.898425 -68.368938 -70.838543 -67.187282 -65.972156 -67.611796 -71.394882 -64.676929 -64.218457 -67.337783 -73.650235 -70.967067 -70.187868 -66.608824 -71.379002 -69.012486 -66.257763 -64.142092 -66.475222 -70.431401 -72.490531 -70.837553 -70.403444 -68.894406 -70.224170 -72.149120 
-27.895211 -37.522079 -47.767752 -56.430226 -62.845073 -56.690690 -58.055243 -58.777710 -61.544323 -64.314136 -62.861574 -63.639138 -62.967686 -67.473606 -72.672031 -71.298887 -74.583993 -71.704369 -65.813584 -67.554953 -71.914581 -67.879875 -60.283295 -64.144804 -70.662564 -69.990453 -70.522170 -68.778550 -70.201448 -72.179501 -68.464722 -66.411438 -68.114668 -68.680005 -69.725571 -70.486523 -68.795414 -69.389642 -70.803705 -71.666922 
-21.936378 -41.114914 -42.437671 -54.518857 -55.347005 -58.198446 -56.059330 -61.360298 -61.663091 -65.955278 -70.798203 -69.008898 -60.777475 -59.896107 -72.158744 -70.547231 -67.204679 -72.524786 -69.297218 -66.197517 -67.486169 -66.712459 -64.415909 -65.875149 -70.942231 -77.148637 -75.668454 -73.688500 -66.915323 -69.245623 -66.902481 -71.305975 -67.562582 -68.332970 -71.755529 -71.095796 -69.755931 -71.586349 -73.033862 -72.084627 
-21.037635 -31.766691 -32.585908 -33.872666 -40.521704 -46.540731 -46.077793 -49.676494 -46.827563 -42.600475 -44.700327 -46.367214 -50.739486 -52.529439 -49.500266 -48.943612 -49.193360 -52.212603 -49.174050 -50.333637 -56.334482 -55.153081 -55.609928 -55.343397 -53.855376 -59.174096 -57.407269 -57.586335 -57.579202 -61.410398 -57.746948 -57.615779 -57.899747 -57.015299 -57.931799 -67.717260 -67.735522 -67.450281 -67.404618 -66.434936 
-3.759481 -6.756453 -9.011455 -10.808597 -12.491632 -12.245971 -16.614238 -15.902596 -15.435105 -16.773357 -20.977092 -22.724746 -26.768561 -24.827680 -25.883137 -30.108490 -30.438843 -31.998159 -34.020627 -29.645728 -31.990490 -35.193623 -41.849464 -37.375842 -33.935551 -34.866934 -39.359482 -36.991241 -39.132438 -38.557218 -37.249893 -40.382341 -41.632737 -42.221495 -46.829611 -50.367939 -50.651627 -50.833168 -51.010643 -50.296748 
-0.694182 -0.371162 6.125508 5.747240 -2.528663 5.353597 4.182093 2.738642 5.533554 -4.339719 -3.280165 -9.112973 -4.330448 -9.284476 -13.291391 -22.683511 -25.678451 -31.069500 -35.063274 -31.805997 -32.801417 -35.374417 -39.417074 -27.717000 -28.474604 -32.431962 -33.754449 -29.733639 -30.342370 -37.680570 -39.758028 -37.114857 -43.224804 -45.241906 -57.200767 -63.167551 -63.040620 -62.965770 -52.912254 -56.576834 
-6.354648 -2.405145 11.002507 9.744336 0.173021 13.261729 9.973616 13.033700 18.196627 7.798032 6.967148 3.869875 8.896701 8.827825 4.873549 -6.117247 -11.844440 -21.181033 -25.058932 -24.204310 -24.286727 -26.661478 -19.232499 -11.339481 -7.821912 -13.496329 -16.318740 -12.905813 -15.167141 -22.482892 -26.623407 -24.765519 -30.841454 -48.474338 -55.359837 -55.593705 -55.619313 -55.617548 -50.726931 -54.639364 
-4.829827 -3.601502 10.724009 10.170500 -0.477741 13.263920 9.239820 11.179615 21.907518 10.569885 11.127482 7.068570 13.043236 11.988537 15.334170 -1.265746 -10.383650 -13.292798 -18.362749 -21.306033 -20.120505 -19.187841 -16.551037 -8.038698 -0.700765 -7.399117 -9.440757 -5.924141 -6.649217 -15.446417 -19.176485 -18.801873 -25.241623 -35.505591 -39.080991 -39.435830 -39.568797 -39.801589 -40.173027 -40.233979 
-11.190636 -5.710281 10.310688 11.409319 -2.013767 10.683642 11.994278 7.039339 21.145031 12.220122 12.584026 7.717825 13.878789 11.754452 17.973559 3.358073 -9.348378 -9.498242 -13.744940 -15.371317 -17.745025 -15.303174 -14.477838 -9.459294 1.482668 -2.003143 -8.049619 -2.624662 -2.347796 -11.060721 -14.793761 -14.398347 -20.011545 -29.774636 -40.225643 -43.693369 -43.235362 -36.739439 -38.560406 -40.747642 
-13.951798 -11.262162 8.907100 12.790621 -1.803737 6.892624 13.341505 3.413193 19.865245 16.459064 8.850415 11.061023 10.224695 11.387454 15.992519 10.991846 -6.385041 -9.611357 -14.069321 -16.402568 -16.594416 -15.082649 -16.359373 -9.482706 1.420818 0.985362 -4.719488 -0.925157 0.291697 -8.121686 -12.385748 -17.037105 -20.367670 -26.737693 -32.585280 -33.892561 -34.086700 -31.692219 -32.255302 -34.457800 
-7.272622 -17.461517 6.553380 13.782030 3.242501 1.210654 13.573023 6.389858 17.344458 23.109409 9.294965 13.598736 6.017382 13.785568 14.087841 17.767934 0.117019 -8.573706 -11.400787 -12.697742 -14.641390 -16.425718 -17.054242 -10.558328 0.097345 3.255463 -2.448009 -0.096119 2.439943 -5.285074 -11.397539 -17.835043 -22.350880 -29.013844 -37.647559 -47.650998 -43.765431 -36.342910 -34.662336 -34.150282 
-15.776557 -24.997854 2.635121 13.687163 6.180770 -4.202776 12.614563 10.087363 14.151510 26.746380 13.533841 10.326598 6.712041 12.079277 11.681464 15.296807 3.780355 -4.555247 -12.684720 -13.622353 -13.897825 -12.792825 -15.360276 -11.486069 -0.978101 6.580476 2.488842 3.671806 6.519734 -2.422396 -12.345645 -20.650490 -24.490971 -28.010969 -34.648335 -41.279412 -41.510910 -37.052906 -35.901359 -34.030071 
-15.023714 -22.480280 -0.532251 12.738968 7.203775 -7.562687 11.965294 14.052537 9.609420 26.381585 18.375411 -1.181559 4.065707 6.500656 13.122660 7.060530 4.941644 -5.481743 -12.059714 -14.858412 -15.666794 -15.536587 -14.672541 -14.042604 -2.299696 3.319194 -0.363558 0.815384 4.902215 -8.219783 -22.261190 -22.381852 -24.061328 -30.843204 -37.087224 -56.147302 -55.956948 -36.504283 -32.277125 -36.120250 
-12.741225 -25.536283 -2.078490 12.154350 7.294271 -8.255803 12.998379 16.658427 0.788723 21.990931 18.668322 1.271690 9.151678 4.973311 14.676501 1.713616 -3.003984 -10.365670 -12.764044 -16.273385 -19.364930 -21.744618 -20.171055 -15.565413 -4.706113 0.989434 -7.265329 -2.330009 -1.259346 -9.697132 -17.615907 -25.306046 -26.487004 -32.990627 -36.042169 -47.573026 -48.074350 -35.882697 -31.609618 -36.470735 
-18.180680 -22.955255 -3.553620 12.179560 8.004375 -8.499698 13.812533 17.515662 -3.915261 18.776820 17.183866 1.866609 11.303774 4.022630 14.361433 -2.577071 -12.081183 -13.526418 -16.498415 -18.771708 -21.612894 -23.423769 -22.244010 -15.600450 -6.159769 0.068133 -5.957632 -1.535533 -1.573266 -10.795941 -16.437117 -23.474833 -29.050529 -32.398680 -36.316646 -37.785155 -38.104499 -35.380794 -32.809243 -37.393049 
-25.095272 -22.523180 -0.309986 13.054968 6.988836 -5.087165 15.905147 16.478751 -0.549002 19.589936 13.615027 6.341459 10.665620 8.623637 13.775807 -4.576366 -10.555154 -15.416892 -18.409171 -21.690060 -21.953818 -22.988598 -21.672853 -21.377992 -8.925298 0.606424 -1.524968 1.151195 -1.996728 -10.560854 -18.356372 -25.935423 -28.435899 -31.685515 -32.934163 -33.494284 -33.921533 -32.867694 -30.346186 -32.792529 
-18.920939 -23.153799 3.666599 13.395421 5.829777 4.081188 17.706433 12.964258 9.010865 20.537920 8.342809 10.601674 6.984687 13.016161 8.641603 -7.558991 -11.075059 -11.685593 -22.888208 -25.124279 -25.210513 -26.301774 -25.053850 -24.589887 -8.788970 1.027517 -1.996165 1.636150 -6.536585 -13.790594 -22.716038 -31.212375 -35.331750 -36.683931 -38.007346 -39.326170 -40.000711 -36.964833 -28.480327 -33.154352 
-19.192996 -16.781060 6.714884 12.786841 1.363813 9.893201 17.923504 8.606000 15.379895 17.084787 5.908056 10.090813 8.038366 13.763270 1.438216 -9.013420 -10.023437 -15.377099 -21.633241 -23.045126 -24.247051 -25.043561 -23.875556 -25.385573 -10.964562 -0.527254 -3.305240 -0.087850 -7.894674 -17.119083 -23.434613 -31.571832 -32.461064 -32.763912 -33.599338 -34.102390 -34.496919 -34.232937 -31.939570 -33.410591 
-21.993510 -8.243495 9.464647 12.127089 -0.991735 14.221563 16.510813 2.810084 15.068025 7.615420 4.642612 2.811865 11.329716 6.717513 -8.958648 -14.212814 -13.902790 -20.719228 -27.330423 -32.874327 -36.973274 -31.617686 -27.100710 -27.691313 -20.421145 -4.340591 -5.107440 -3.656572 -11.810788 -18.729143 -31.711906 -36.780830 -44.338084 -45.664768 -47.558206 -45.419401 -48.499928 -46.197659 -36.390609 -39.762536 
-14.473238 -5.449697 10.827892 10.907728 0.491193 16.039198 13.445060 4.682743 13.729041 2.438869 3.825868 2.462856 11.074151 4.103147 -0.905758 -14.739552 -17.999368 -21.051909 -29.385847 -29.425733 -32.567303 -31.377896 -30.211161 -31.163669 -18.718399 -4.269720 -4.514537 -6.952956 -13.894867 -19.250008 -33.767933 -38.879975 -42.367769 -42.533065 -42.758695 -41.921019 -43.370187 -43.111635 -38.008183 -38.976882 
-15.799018 -0.083367 10.830366 7.498965 7.369892 16.279220 11.054187 14.030134 9.858577 1.127594 -1.242292 4.429062 6.621021 4.783109 -3.919131 -15.221050 -25.904106 -27.124398 -34.977444 -36.190493 -38.291165 -35.082862 -30.888255 -28.795811 -18.775457 -8.103785 -7.065307 -8.518895 -13.637277 -20.495813 -37.886012 -42.808628 -49.524353 -48.528441 -48.632812 -45.996218 -47.239844 -47.373640 -41.851163 -42.883957 
-17.860779 1.855633 9.197430 2.223646 11.222671 12.366221 10.534228 14.572981 4.138040 0.082302 -0.805713 -0.837491 4.548855 0.632050 -7.244216 -17.462848 -22.719880 -32.239385 -33.800429 -36.976898 -40.203224 -41.412238 -35.280910 -25.260766 -15.345635 -9.792947 -10.474082 -9.136507 -14.903464 -19.521832 -35.679683 -42.214192 -44.615766 -45.336252 -45.267292 -44.135957 -44.254518 -44.626524 -44.575638 -43.314099 
-14.866798 2.632638 6.915683 1.003096 10.807618 6.580684 10.170664 6.762685 -1.576000 -7.696450 -5.635676 -7.318816 -3.364864 -1.348085 -9.893096 -19.527396 -23.296021 -32.273384 -31.018516 -35.111367 -38.474407 -43.262509 -41.274237 -26.675644 -15.775449 -16.531133 -16.604532 -13.863728 -14.862335 -19.961545 -36.928429 -48.614245 -61.814680 -61.443089 -55.045287 -49.906579 -49.558184 -53.120436 -48.094726 -42.931510 
-11.453111 2.827215 5.490935 2.467600 9.562378 2.337960 7.425150 -0.824675 -1.972627 -5.713954 -9.017062 -11.672099 -3.047051 -2.771619 -6.553679 -16.044909 -23.663798 -29.922358 -30.581841 -33.545240 -35.320103 -36.601465 -35.266645 -29.590481 -16.042752 -20.415085 -19.981453 -14.385236 -17.189077 -25.709374 -36.501273 -45.216963 -47.994015 -48.378084 -48.630883 -48.826212 -48.550926 -49.205507 -48.040272 -44.343519 
-13.598972 1.864444 4.229336 1.557871 8.392363 2.589436 7.976521 -0.131757 -5.455757 -8.361213 -12.952597 -16.078542 -7.747014 -3.589934 -4.786757 -18.110624 -26.984263 -32.898484 -32.848249 -34.820408 -37.695176 -38.164629 -34.229227 -27.112846 -17.159709 -17.815608 -21.565748 -16.002427 -18.287168 -27.449472 -36.774846 -48.082332 -51.242859 -51.470111 -51.395869 -51.043403 -51.744562 -52.274968 -49.618644 -49.628178 
-12.201616 1.511980 4.026540 1.580834 7.569924 3.529943 8.888058 -1.208221 -7.317360 -10.532121 -14.227306 -16.638181 -13.171314 -4.028563 -3.676221 -18.037298 -26.344860 -32.890172 -35.772260 -37.504311 -36.422085 -37.931027 -39.873046 -27.956048 -18.774674 -21.534159 -20.497738 -17.473442 -22.696448 -32.395597 -37.001332 -50.860303 -64.129622 -60.486885 -61.118970 -55.675808 -55.079102 -58.017457 -52.533309 -52.376066 
-14.989659 1.268918 3.672159 0.336596 7.049299 3.768321 9.600802 -1.558120 -7.210593 -12.961658 -17.605793 -18.351756 -13.924232 -7.008768 -3.315831 -10.747514 -19.695584 -27.869880 -37.345160 -35.365892 -36.228294 -41.232178 -44.014503 -26.820336 -19.358172 -25.745099 -23.900114 -19.115514 -24.993391 -37.688590 -39.645191 -51.367701 -56.468269 -56.863170 -56.611586 -54.143853 -50.127785 -52.893257 -54.299560 -48.424804 
-15.235759 1.302142 3.599159 0.398457 7.198097 3.855260 9.485645 -1.576715 -8.532584 -15.096112 -17.418922 -19.802060 -16.745747 -12.647904 -7.346470 -4.269619 -16.154922 -28.930589 -34.082069 -34.441374 -35.597952 -36.733935 -37.997321 -25.133795 -22.023428 -29.873643 -30.471129 -25.377813 -33.916122 -37.769725 -37.985480 -44.019125 -45.962674 -46.486186 -46.829821 -46.794431 -46.472860 -47.121901 -47.338205 -39.385048 
-16.310144 1.000535 3.209018 1.338060 6.962588 2.816132 6.606979 -2.589107 -9.629893 -14.527001 -17.866507 -18.690601 -17.131189 -18.945428 -18.338585 -10.332101 -14.041452 -22.628232 -34.409085 -34.882809 -34.532703 -37.002600 -35.662390 -27.978504 -24.033084 -33.323190 -34.368510 -31.232494 -37.383422 -40.983197 -43.301376 -58.906195 -74.705902 -66.491397 -63.989163 -59.638641 -52.654090 -57.766490 -59.624163 -43.082510 
-13.499158 -0.372394 0.686525 0.775817 0.533752 -5.310385 -2.534250 -12.117000 -13.959090 -20.826659 -26.081659 -25.066754 -28.564272 -28.590581 -26.739362 -18.470759 -18.560559 -33.949036 -40.408163 -37.680220 -34.985986 -39.113691 -39.605880 -34.976185 -29.454539 -37.631148 -40.743674 -38.984035 -46.183769 -50.447217 -51.037212 -64.608063 -70.323902 -65.214868 -63.216199 -66.084934 -60.407310 -62.699087 -64.994376 -51.949688 
-12.395688 -3.218947 -3.242264 -6.703320 -10.419795 -15.351345 -16.541493 -24.578845 -29.891189 -36.170056 -39.774108 -36.136602 -40.554829 -34.118900 -30.437886 -28.990778 -33.543082 -41.835475 -45.242492 -47.439725 -52.307344 -51.902058 -47.806435 -42.723832 -44.806463 -46.983850 -50.307732 -44.027243 -51.475310 -55.322921 -55.046902 -59.874054 -60.662947 -60.943551 -61.382686 -61.408510 -60.151990 -61.187625 -62.485632 -57.860135 
-14.560016 -7.476191 -5.799575 -12.086952 -21.376701 -27.351553 -23.154210 -25.096740 -33.468389 -43.622627 -46.996417 -47.387205 -43.747865 -42.849988 -38.760925 -33.079347 -32.242106 -47.502674 -47.874177 -53.658480 -55.067870 -56.003578 -56.328928 -51.098872 -49.034048 -51.421095 -55.795552 -52.805773 -59.794111 -61.768034 -59.947818 -63.472198 -64.517539 -65.966148 -64.755505 -66.850845 -65.717118 -65.749909 -67.301418 -65.217462 
-17.462019 -17.868766 -15.793525 -25.691205 -29.408823 -31.177937 -27.408250 -33.800485 -43.490979 -44.013272 -45.017653 -50.463848 -47.640163 -45.271055 -42.957722 -34.873572 -36.335971 -44.923142 -46.220839 -49.271913 -52.295876 -52.273678 -51.611297 -49.509963 -47.278931 -47.351285 -47.898016 -49.434408 -50.537151 -50.506014 -52.172675 -55.316462 -58.145915 -63.409419 -62.464161 -66.136504 -62.169335 -60.764797 -68.754756 -65.523790 
-21.184648 -27.077538 -31.136277 -37.856315 -29.340477 -29.562049 -33.753817 -26.786154 -29.511297 -32.738379 -32.600345 -32.748371 -33.291637 -30.686238 -29.900146 -29.764971 -29.654875 -33.046133 -32.268008 -32.479547 -31.289639 -31.596672 -32.715426 -31.216695 -27.509014 -28.121202 -28.746372 -30.683546 -30.986453 -29.770003 -31.631924 -36.671791 -39.871891 -48.396979 -50.945526 -50.836376 -50.384191 -51.156435 -54.785130 -54.816709 
-26.581608 -29.504840 -38.505957 -39.127047 -33.963371 -28.998069 -28.836617 -25.648846 -34.173608 -36.504893 -40.391641 -34.848149 -36.219760 -38.230626 -39.478339 -39.633748 -38.985385 -40.553003 -37.185846 -39.946044 -38.484348 -40.445443 -43.448930 -40.461491 -34.641719 -37.174983 -36.000958 -36.454411 -34.380026 -34.975996 -35.319972 -36.841565 -38.922460 -47.019441 -50.239874 -47.750861 -51.532750 -50.657991 -51.928682 -53.132355 
-32.083174 -38.898151 -38.302097 -38.032213 -41.695371 -40.978691 -41.287745 -29.244559 -35.668309 -43.602075 -46.291131 -41.735025 -43.956832 -46.537190 -46.859739 -50.266463 -51.592789 -49.661440 -42.036388 -36.363268 -41.028319 -48.203925 -44.886310 -43.161687 -43.146318 -43.896280 -40.913955 -40.137715 -35.290118 -38.567480 -36.794497 -36.280901 -42.888735 -48.832584 -51.010705 -50.809937 -53.443515 -54.853877 -52.915868 -59.047095 
-21.899299 -25.544965 -29.127414 -33.857613 -34.488659 -34.180919 -31.900977 -33.641294 -38.248498 -43.401159 -45.808570 -43.412058 -44.476243 -52.485739 -50.415770 -49.823772 -52.000227 -51.542371 -41.510015 -32.292662 -35.814577 -45.230381 -48.811806 -48.748828 -42.126184 -45.338806 -47.649041 -40.982939 -35.419742 -44.786861 -46.216050 -44.336388 -46.947594 -52.111117 -52.583366 -54.623792 -57.236797 -59.684718 -64.572003 -77.511533 
-22.348660 -28.959767 -33.556629 -46.904142 -44.088619 -40.815182 -40.320302 -38.701578 -45.562191 -51.697150 -46.614806 -44.287846 -46.930055 -52.271089 -52.440082 -52.897875 -52.616002 -58.116162 -44.272093 -39.611123 -43.266355 -54.395595 -59.151588 -52.884596 -42.731351 -50.725215 -52.628372 -50.236301 -45.433787 -53.653566 -53.608836 -53.064731 -50.929609 -58.918906 -61.340067 -60.403931 -61.365567 -65.291649 -68.878472 -75.088914 
-27.404728 -34.475911 -41.690742 -49.848351 -49.377633 -48.416170 -47.581999 -42.840289 -46.282693 -50.930659 -58.099822 -52.454817 -49.278412 -51.649103 -63.834870 -57.068946 -56.309738 -58.577249 -50.582007 -45.947860 -51.874069 -55.507247 -61.479147 -57.455000 -52.967954 -59.823862 -60.103560 -59.091667 -51.342586 -57.027083 -58.797099 -58.845996 -60.499007 -64.179424 -66.335548 -67.672634 -67.430323 -69.771794 -71.511397 -71.427408 
-18.705738 -33.198671 -40.966980 -47.047301 -55.132946 -49.836861 -46.621893 -45.146771 -49.684134 -57.296472 -55.959101 -48.502629 -50.614237 -55.293506 -65.016847 -65.424512 -60.109314 -60.545718 -60.526932 -51.888197 -58.631588 -61.141754 -65.532351 -62.685651 -63.560007 -65.420440 -64.510840 -66.051739 -63.355859 -65.871904 -64.557901 -61.572057 -65.305194 -71.527422 -71.827851 -72.986032 -68.292652 -72.501737 -71.729803 -72.139367 
-18.537740 -33.720552 -38.112018 -46.682850 -48.398857 -45.396408 -43.989340 -46.953718 -53.471378 -55.507058 -54.216602 -47.290923 -54.305113 -54.373088 -56.716145 -61.465611 -53.614363 -55.941106 -54.562987 -47.152520 -53.116119 -57.121489 -58.986561 -57.121364 -57.931287 -58.059495 -63.724679 -60.926547 -64.101561 -64.048010 -68.656274 -65.321733 -66.586162 -70.057235 -68.386653 -70.520751 -70.305550 -70.354299 -71.594764 -72.114482 
-30.710018 -37.024049 -50.498379 -59.603343 -50.480598 -49.685841 -54.009907 -55.144752 -60.938981 -70.263928 -58.838805 -58.761872 -59.638328 -67.742903 -67.501318 -64.625866 -61.834966 -66.609695 -65.107911 -59.009259 -62.400431 -63.312185 -66.339454 -64.712151 -66.643617 -66.646568 -69.286027 -66.423606 -67.543500 -69.916079 -71.898105 -70.055820 -73.249789 -73.774085 -72.487300 -73.238135 -74.259517 -73.247772 -75.391327 -75.564102 
-62.208675 -71.629648 -69.074444 -69.478066 -73.518518 -75.243776 -79.366750 -84.231914 -82.193763 -74.976353 -75.863816 -75.700596 -75.479489 -75.001922 -78.251560 -78.771723 -85.283210 -76.500515 -76.230969 -75.352624 -80.594358 -77.849897 -75.767030 -78.025862 -79.485174 -78.593065 -78.459241 -73.841979 -75.203769 -77.921046 -77.722796 -75.988889 -78.269345 -76.850814 -77.714868 -72.882813 -73.192495 -76.366185 -78.872596 -80.019973 
-65.176356 -78.080507 -73.339050 -74.665434 -77.140046 -72.738664 -74.980515 -77.367616 -74.707859 -80.796624 -86.737392 -79.057491 -76.402416 -74.970948 -79.283762 -80.128207 -77.964618 -83.913159 -78.284535 -75.430505 -77.950228 -75.944598 -79.928926 -76.328772 -80.706823 -78.861395 -75.434890 -79.709531 -79.893683 -78.140525 -78.008987 -76.320905 -76.904531 -76.292584 -78.704253 -76.525557 -75.768332 -77.628356 -79.545036 -78.736947 
-64.916397 -73.516761 -73.815045 -73.902723 -77.167026 -76.843317 -74.249625 -71.279714 -80.054205 -82.918034 -75.103370 -71.785017 -74.273430 -76.558410 -83.026579 -77.756419 -74.881134 -79.760378 -75.005689 -78.112989 -77.242561 -75.975431 -75.976535 -76.033607 -79.023777 -78.071754 -74.114961 -75.881572 -77.995426 -78.212230 -76.144800 -77.348487 -74.420202 -78.279737 -75.890837 -76.956557 -76.990856 -78.048493 -79.349588 -78.639664 
-64.816161 -76.413865 -80.500915 -80.166026 -78.181940 -71.588238 -68.987443 -72.518091 -72.223257 -69.943632 -75.079954 -81.509726 -77.324740 -76.824950 -73.882730 -71.784053 -75.959774 -79.829480 -74.787376 -74.351461 -73.912215 -75.892083 -78.625886 -75.787106 -79.345723 -76.773720 -75.327582 -76.675038 -76.867729 -76.073071 -73.355307 -72.566775 -75.828912 -75.049028 -76.614264 -74.351000 -75.436296 -76.167144 -75.649001 -77.336196 
-64.799169 -79.520483 -78.180995 -77.882166 -71.830520 -74.896585 -74.985273 -76.169261 -75.990358 -74.199229 -76.430777 -76.767751 -77.596562 -78.027686 -78.547911 -71.732521 -73.205687 -75.006821 -79.122898 -77.034225 -72.566319 -77.908130 -76.653078 -76.555451 -77.976277 -76.807481 -77.341507 -77.468087 -77.538614 -77.341308 -74.960813 -75.005074 -75.193287 -73.807053 -77.630700 -75.528024 -76.199659 -75.965414 -76.543826 -77.370496 
-63.489071 -87.074991 -80.685814 -75.805540 -76.387932 -70.020885 -73.875921 -73.934238 -78.495329 -79.982086 -73.768429 -73.203277 -77.710408 -74.704225 -76.612968 -73.552059 -71.112450 -73.906290 -72.129179 -76.180817 -74.965539 -73.233672 -72.026559 -76.940801 -78.673127 -77.685997 -78.279460 -74.729389 -76.607499 -73.656795 -73.787414 -79.148812 -76.700471 -74.931152 -76.690320 -77.275154 -75.880849 -74.465965 -74.623852 -77.666054 
-63.345910 -85.504863 -83.975180 -77.193479 -76.336380 -81.063341 -71.892071 -73.028870 -77.143226 -76.061604 -70.769566 -74.568968 -71.175502 -71.554468 -70.893569 -76.155006 -77.639602 -80.443345 -75.647132 -77.214473 -74.872143 -71.065729 -71.503846 -81.245990 -79.632803 -77.691977 -76.078657 -76.280668 -76.956151 -78.533565 -76.864466 -76.751531 -76.448985 -75.232180 -75.908014 -75.436430 -75.210403 -80.028228 -77.803022 -78.837318 
-63.331410 -77.814357 -75.186018 -79.760195 -77.604960 -79.702598 -80.122481 -75.621912 -75.992654 -76.877663 -77.209354 -76.192705 -80.103482 -75.689355 -72.883392 -74.697646 -76.104940 -78.588399 -78.562538 -83.201351 -74.996810 -77.122737 -77.829896 -81.152704 -76.148815 -75.195405 -75.092251 -75.184541 -74.587237 -76.044008 -76.055524 -75.505444 -78.408102 -76.416661 -77.660316 -75.588808 -74.879497 -74.684145 -75.408831 -77.841561 
-63.468264 -71.847727 -77.721729 -77.643245 -72.775529 -76.084249 -79.989226 -77.834965 -76.286951 -80.652722 -81.424076 -80.846716 -81.391739 -77.707716 -73.527547 -77.033380 -81.688245 -79.464084 -81.919993 -81.512421 -73.779575 -76.171352 -75.905951 -77.516310 -80.477743 -79.928157 -76.741451 -76.434345 -78.127934 -78.292326 -78.022962 -74.288936 -76.212627 -75.141266 -77.779646 -78.629159 -77.115668 -75.652708 -77.383579 -79.257301 
-83.327158 -82.761814 -85.048405 -91.349564 -93.729677 -91.213895 -90.369373 -94.265903 -96.033555 -90.877411 -94.741522 -101.939193 -94.447787 -89.743841 -90.318211 -89.246873 -99.547712 -93.215176 -96.190366 -94.972311 -90.530941 -88.303165 -90.023332 -91.498551 -91.639939 -92.190189 -90.652058 -91.421163 -95.196007 -96.267477 -95.835190 -89.420264 -88.668402 -87.399298 -88.616380 -90.291619 -89.780789 -88.077030 -91.181786 -92.671524 
NaN NaN NaN NaN NaN NaN NaN NaN NaN NaN NaN NaN NaN NaN NaN NaN NaN NaN NaN NaN NaN NaN NaN NaN NaN NaN NaN NaN NaN NaN NaN NaN NaN NaN NaN NaN NaN NaN NaN NaN 
NaN NaN NaN NaN NaN NaN NaN NaN NaN NaN NaN NaN NaN NaN NaN NaN NaN NaN NaN NaN NaN NaN NaN NaN NaN NaN NaN NaN NaN NaN NaN NaN NaN NaN NaN NaN NaN NaN NaN NaN 
NaN NaN NaN NaN NaN NaN NaN NaN NaN NaN NaN NaN NaN NaN NaN NaN NaN NaN NaN NaN NaN NaN NaN NaN NaN NaN NaN NaN NaN NaN NaN NaN NaN NaN NaN NaN NaN NaN NaN NaN 
NaN NaN NaN NaN NaN NaN NaN NaN NaN NaN NaN NaN NaN NaN NaN NaN NaN NaN NaN NaN NaN NaN NaN NaN NaN NaN NaN NaN NaN NaN NaN NaN NaN NaN NaN NaN NaN NaN NaN NaN 
NaN NaN NaN NaN NaN NaN NaN NaN NaN NaN NaN NaN NaN NaN NaN NaN NaN NaN NaN NaN NaN NaN NaN NaN NaN NaN NaN NaN NaN NaN NaN NaN NaN NaN NaN NaN NaN NaN NaN NaN 
NaN NaN NaN NaN NaN NaN NaN NaN NaN NaN NaN NaN NaN NaN NaN NaN NaN NaN NaN NaN NaN NaN NaN NaN NaN NaN NaN NaN NaN NaN NaN NaN NaN NaN NaN NaN NaN NaN NaN NaN 
NaN NaN NaN NaN NaN NaN NaN NaN NaN NaN NaN NaN NaN NaN NaN NaN NaN NaN NaN NaN NaN NaN NaN NaN NaN NaN NaN NaN NaN NaN NaN NaN NaN NaN NaN NaN NaN NaN NaN NaN 
NaN NaN NaN NaN NaN NaN NaN NaN NaN NaN NaN NaN NaN NaN NaN NaN NaN NaN NaN NaN NaN NaN NaN NaN NaN NaN NaN NaN NaN NaN NaN NaN NaN NaN NaN NaN NaN NaN NaN NaN 
NaN NaN NaN NaN NaN NaN NaN NaN NaN NaN NaN NaN NaN NaN NaN NaN NaN NaN NaN NaN NaN NaN NaN NaN NaN NaN NaN NaN NaN NaN NaN NaN NaN NaN NaN NaN NaN NaN NaN NaN 
NaN NaN NaN NaN NaN NaN NaN NaN NaN NaN NaN NaN NaN NaN NaN NaN NaN NaN NaN NaN NaN NaN NaN NaN NaN NaN NaN NaN NaN NaN NaN NaN NaN NaN NaN NaN NaN NaN NaN NaN 
NaN NaN NaN NaN NaN NaN NaN NaN NaN NaN NaN NaN NaN NaN NaN NaN NaN NaN NaN NaN NaN NaN NaN NaN NaN NaN NaN NaN NaN NaN NaN NaN NaN NaN NaN NaN NaN NaN NaN NaN 
NaN NaN NaN NaN NaN NaN NaN NaN NaN NaN NaN NaN NaN NaN NaN NaN NaN NaN NaN NaN NaN NaN NaN NaN NaN NaN NaN NaN NaN NaN NaN NaN NaN NaN NaN NaN NaN NaN NaN NaN 
NaN NaN NaN NaN NaN NaN NaN NaN NaN NaN NaN NaN NaN NaN NaN NaN NaN NaN NaN NaN NaN NaN NaN NaN NaN NaN NaN NaN NaN NaN NaN NaN NaN NaN NaN NaN NaN NaN NaN NaN 
NaN NaN NaN NaN NaN NaN NaN NaN NaN NaN NaN NaN NaN NaN NaN NaN NaN NaN NaN NaN NaN NaN NaN NaN NaN NaN NaN NaN NaN NaN NaN NaN NaN NaN NaN NaN NaN NaN NaN NaN 
NaN NaN NaN NaN NaN NaN NaN NaN NaN NaN NaN NaN NaN NaN NaN NaN NaN NaN NaN NaN NaN NaN NaN NaN NaN NaN NaN NaN NaN NaN NaN NaN NaN NaN NaN NaN NaN NaN NaN NaN 
NaN NaN NaN NaN NaN NaN NaN NaN NaN NaN NaN NaN NaN NaN NaN NaN NaN NaN NaN NaN NaN NaN NaN NaN NaN NaN NaN NaN NaN NaN NaN NaN NaN NaN NaN NaN NaN NaN NaN NaN 
NaN NaN NaN NaN NaN NaN NaN NaN NaN NaN NaN NaN NaN NaN NaN NaN NaN NaN NaN NaN NaN NaN NaN NaN NaN NaN NaN NaN NaN NaN NaN NaN NaN NaN NaN NaN NaN NaN NaN NaN 
NaN NaN NaN NaN NaN NaN NaN NaN NaN NaN NaN NaN NaN NaN NaN NaN NaN NaN NaN NaN NaN NaN NaN NaN NaN NaN NaN NaN NaN NaN NaN NaN NaN NaN NaN NaN NaN NaN NaN NaN 
NaN NaN NaN NaN NaN NaN NaN NaN NaN NaN NaN NaN NaN NaN NaN NaN NaN NaN NaN NaN NaN NaN NaN NaN NaN NaN NaN NaN NaN NaN NaN NaN NaN NaN NaN NaN NaN NaN NaN NaN 
NaN NaN NaN NaN NaN NaN NaN NaN NaN NaN NaN NaN NaN NaN NaN NaN NaN NaN NaN NaN NaN NaN NaN NaN NaN NaN NaN NaN NaN NaN NaN NaN NaN NaN NaN NaN NaN NaN NaN NaN 
NaN NaN NaN NaN NaN NaN NaN NaN NaN NaN NaN NaN NaN NaN NaN NaN NaN NaN NaN NaN NaN NaN NaN NaN NaN NaN NaN NaN NaN NaN NaN NaN NaN NaN NaN NaN NaN NaN NaN NaN 
NaN NaN NaN NaN NaN NaN NaN NaN NaN NaN NaN NaN NaN NaN NaN NaN NaN NaN NaN NaN NaN NaN NaN NaN NaN NaN NaN NaN NaN NaN NaN NaN NaN NaN NaN NaN NaN NaN NaN NaN 
NaN NaN NaN NaN NaN NaN NaN NaN NaN NaN NaN NaN NaN NaN NaN NaN NaN NaN NaN NaN NaN NaN NaN NaN NaN NaN NaN NaN NaN NaN NaN NaN NaN NaN NaN NaN NaN NaN NaN NaN 
NaN NaN NaN NaN NaN NaN NaN NaN NaN NaN NaN NaN NaN NaN NaN NaN NaN NaN NaN NaN NaN NaN NaN NaN NaN NaN NaN NaN NaN NaN NaN NaN NaN NaN NaN NaN NaN NaN NaN NaN 
NaN NaN NaN NaN NaN NaN NaN NaN NaN NaN NaN NaN NaN NaN NaN NaN NaN NaN NaN NaN NaN NaN NaN NaN NaN NaN NaN NaN NaN NaN NaN NaN NaN NaN NaN NaN NaN NaN NaN NaN 
NaN NaN NaN NaN NaN NaN NaN NaN NaN NaN NaN NaN NaN NaN NaN NaN NaN NaN NaN NaN NaN NaN NaN NaN NaN NaN NaN NaN NaN NaN NaN NaN NaN NaN NaN NaN NaN NaN NaN NaN 
NaN NaN NaN NaN NaN NaN NaN NaN NaN NaN NaN NaN NaN NaN NaN NaN NaN NaN NaN NaN NaN NaN NaN NaN NaN NaN NaN NaN NaN NaN NaN NaN NaN NaN NaN NaN NaN NaN NaN NaN 
NaN NaN NaN NaN NaN NaN NaN NaN NaN NaN NaN NaN NaN NaN NaN NaN NaN NaN NaN NaN NaN NaN NaN NaN NaN NaN NaN NaN NaN NaN NaN NaN NaN NaN NaN NaN NaN NaN NaN NaN 
NaN NaN NaN NaN NaN NaN NaN NaN NaN NaN NaN NaN NaN NaN NaN NaN NaN NaN NaN NaN NaN NaN NaN NaN NaN NaN NaN NaN NaN NaN NaN NaN NaN NaN NaN NaN NaN NaN NaN NaN 
NaN NaN NaN NaN NaN NaN NaN NaN NaN NaN NaN NaN NaN NaN NaN NaN NaN NaN NaN NaN NaN NaN NaN NaN NaN NaN NaN NaN NaN NaN NaN NaN NaN NaN NaN NaN NaN NaN NaN NaN 
NaN NaN NaN NaN NaN NaN NaN NaN NaN NaN NaN NaN NaN NaN NaN NaN NaN NaN NaN NaN NaN NaN NaN NaN NaN NaN NaN NaN NaN NaN NaN NaN NaN NaN NaN NaN NaN NaN NaN NaN 
NaN NaN NaN NaN NaN NaN NaN NaN NaN NaN NaN NaN NaN NaN NaN NaN NaN NaN NaN NaN NaN NaN NaN NaN NaN NaN NaN NaN NaN NaN NaN NaN NaN NaN NaN NaN NaN NaN NaN NaN 
NaN NaN NaN NaN NaN NaN NaN NaN NaN NaN NaN NaN NaN NaN NaN NaN NaN NaN NaN NaN NaN NaN NaN NaN NaN NaN NaN NaN NaN NaN NaN NaN NaN NaN NaN NaN NaN NaN NaN NaN 
NaN NaN NaN NaN NaN NaN NaN NaN NaN NaN NaN NaN NaN NaN NaN NaN NaN NaN NaN NaN NaN NaN NaN NaN NaN NaN NaN NaN NaN NaN NaN NaN NaN NaN NaN NaN NaN NaN NaN NaN 
NaN NaN NaN NaN NaN NaN NaN NaN NaN NaN NaN NaN NaN NaN NaN NaN NaN NaN NaN NaN NaN NaN NaN NaN NaN NaN NaN NaN NaN NaN NaN NaN NaN NaN NaN NaN NaN NaN NaN NaN 
NaN NaN NaN NaN NaN NaN NaN NaN NaN NaN NaN NaN NaN NaN NaN NaN NaN NaN NaN NaN NaN NaN NaN NaN NaN NaN NaN NaN NaN NaN NaN NaN NaN NaN NaN NaN NaN NaN NaN NaN 
NaN NaN NaN NaN NaN NaN NaN NaN NaN NaN NaN NaN NaN NaN NaN NaN NaN NaN NaN NaN NaN NaN NaN NaN NaN NaN NaN NaN NaN NaN NaN NaN NaN NaN NaN NaN NaN NaN NaN NaN 
NaN NaN NaN NaN NaN NaN NaN NaN NaN NaN NaN NaN NaN NaN NaN NaN NaN NaN NaN NaN NaN NaN NaN NaN NaN NaN NaN NaN NaN NaN NaN NaN NaN NaN NaN NaN NaN NaN NaN NaN 
NaN NaN NaN NaN NaN NaN NaN NaN NaN NaN NaN NaN NaN NaN NaN NaN NaN NaN NaN NaN NaN NaN NaN NaN NaN NaN NaN NaN NaN NaN NaN NaN NaN NaN NaN NaN NaN NaN NaN NaN 
NaN NaN NaN NaN NaN NaN NaN NaN NaN NaN NaN NaN NaN NaN NaN NaN NaN NaN NaN NaN NaN NaN NaN NaN NaN NaN NaN NaN NaN NaN NaN NaN NaN NaN NaN NaN NaN NaN NaN NaN 
NaN NaN NaN NaN NaN NaN NaN NaN NaN NaN NaN NaN NaN NaN NaN NaN NaN NaN NaN NaN NaN NaN NaN NaN NaN NaN NaN NaN NaN NaN NaN NaN NaN NaN NaN NaN NaN NaN NaN NaN 
NaN NaN NaN NaN NaN NaN NaN NaN NaN NaN NaN NaN NaN NaN NaN NaN NaN NaN NaN NaN NaN NaN NaN NaN NaN NaN NaN NaN NaN NaN NaN NaN NaN NaN NaN NaN NaN NaN NaN NaN 
NaN NaN NaN NaN NaN NaN NaN NaN NaN NaN NaN NaN NaN NaN NaN NaN NaN NaN NaN NaN NaN NaN NaN NaN NaN NaN NaN NaN NaN NaN NaN NaN NaN NaN NaN NaN NaN NaN NaN NaN 
NaN NaN NaN NaN NaN NaN NaN NaN NaN NaN NaN NaN NaN NaN NaN NaN NaN NaN NaN NaN NaN NaN NaN NaN NaN NaN NaN NaN NaN NaN NaN NaN NaN NaN NaN NaN NaN NaN NaN NaN 
NaN NaN NaN NaN NaN NaN NaN NaN NaN NaN NaN NaN NaN NaN NaN NaN NaN NaN NaN NaN NaN NaN NaN NaN NaN NaN NaN NaN NaN NaN NaN NaN NaN NaN NaN NaN NaN NaN NaN NaN 
NaN NaN NaN NaN NaN NaN NaN NaN NaN NaN NaN NaN NaN NaN NaN NaN NaN NaN NaN NaN NaN NaN NaN NaN NaN NaN NaN NaN NaN NaN NaN NaN NaN NaN NaN NaN NaN NaN NaN NaN 
NaN NaN NaN NaN NaN NaN NaN NaN NaN NaN NaN NaN NaN NaN NaN NaN NaN NaN NaN NaN NaN NaN NaN NaN NaN NaN NaN NaN NaN NaN NaN NaN NaN NaN NaN NaN NaN NaN NaN NaN 
NaN NaN NaN NaN NaN NaN NaN NaN NaN NaN NaN NaN NaN NaN NaN NaN NaN NaN NaN NaN NaN NaN NaN NaN NaN NaN NaN NaN NaN NaN NaN NaN NaN NaN NaN NaN NaN NaN NaN NaN 
NaN NaN NaN NaN NaN NaN NaN NaN NaN NaN NaN NaN NaN NaN NaN NaN NaN NaN NaN NaN NaN NaN NaN NaN NaN NaN NaN NaN NaN NaN NaN NaN NaN NaN NaN NaN NaN NaN NaN NaN 
NaN NaN NaN NaN NaN NaN NaN NaN NaN NaN NaN NaN NaN NaN NaN NaN NaN NaN NaN NaN NaN NaN NaN NaN NaN NaN NaN NaN NaN NaN NaN NaN NaN NaN NaN NaN NaN NaN NaN NaN 
NaN NaN NaN NaN NaN NaN NaN NaN NaN NaN NaN NaN NaN NaN NaN NaN NaN NaN NaN NaN NaN NaN NaN NaN NaN NaN NaN NaN NaN NaN NaN NaN NaN NaN NaN NaN NaN NaN NaN NaN 
NaN NaN NaN NaN NaN NaN NaN NaN NaN NaN NaN NaN NaN NaN NaN NaN NaN NaN NaN NaN NaN NaN NaN NaN NaN NaN NaN NaN NaN NaN NaN NaN NaN NaN NaN NaN NaN NaN NaN NaN 
NaN NaN NaN NaN NaN NaN NaN NaN NaN NaN NaN NaN NaN NaN NaN NaN NaN NaN NaN NaN NaN NaN NaN NaN NaN NaN NaN NaN NaN NaN NaN NaN NaN NaN NaN NaN NaN NaN NaN NaN 
NaN NaN NaN NaN NaN NaN NaN NaN NaN NaN NaN NaN NaN NaN NaN NaN NaN NaN NaN NaN NaN NaN NaN NaN NaN NaN NaN NaN NaN NaN NaN NaN NaN NaN NaN NaN NaN NaN NaN NaN 
NaN NaN NaN NaN NaN NaN NaN NaN NaN NaN NaN NaN NaN NaN NaN NaN NaN NaN NaN NaN NaN NaN NaN NaN NaN NaN NaN NaN NaN NaN NaN NaN NaN NaN NaN NaN NaN NaN NaN NaN 
NaN NaN NaN NaN NaN NaN NaN NaN NaN NaN NaN NaN NaN NaN NaN NaN NaN NaN NaN NaN NaN NaN NaN NaN NaN NaN NaN NaN NaN NaN NaN NaN NaN NaN NaN NaN NaN NaN NaN NaN 
NaN NaN NaN NaN NaN NaN NaN NaN NaN NaN NaN NaN NaN NaN NaN NaN NaN NaN NaN NaN NaN NaN NaN NaN NaN NaN NaN NaN NaN NaN NaN NaN NaN NaN NaN NaN NaN NaN NaN NaN 
NaN NaN NaN NaN NaN NaN NaN NaN NaN NaN NaN NaN NaN NaN NaN NaN NaN NaN NaN NaN NaN NaN NaN NaN NaN NaN NaN NaN NaN NaN NaN NaN NaN NaN NaN NaN NaN NaN NaN NaN 
NaN NaN NaN NaN NaN NaN NaN NaN NaN NaN NaN NaN NaN NaN NaN NaN NaN NaN NaN NaN NaN NaN NaN NaN NaN NaN NaN NaN NaN NaN NaN NaN NaN NaN NaN NaN NaN NaN NaN NaN 
NaN NaN NaN NaN NaN NaN NaN NaN NaN NaN NaN NaN NaN NaN NaN NaN NaN NaN NaN NaN NaN NaN NaN NaN NaN NaN NaN NaN NaN NaN NaN NaN NaN NaN NaN NaN NaN NaN NaN NaN 
NaN NaN NaN NaN NaN NaN NaN NaN NaN NaN NaN NaN NaN NaN NaN NaN NaN NaN NaN NaN NaN NaN NaN NaN NaN NaN NaN NaN NaN NaN NaN NaN NaN NaN NaN NaN NaN NaN NaN NaN 
NaN NaN NaN NaN NaN NaN NaN NaN NaN NaN NaN NaN NaN NaN NaN NaN NaN NaN NaN NaN NaN NaN NaN NaN NaN NaN NaN NaN NaN NaN NaN NaN NaN NaN NaN NaN NaN NaN NaN NaN 
NaN NaN NaN NaN NaN NaN NaN NaN NaN NaN NaN NaN NaN NaN NaN NaN NaN NaN NaN NaN NaN NaN NaN NaN NaN NaN NaN NaN NaN NaN NaN NaN NaN NaN NaN NaN NaN NaN NaN NaN 
NaN NaN NaN NaN NaN NaN NaN NaN NaN NaN NaN NaN NaN NaN NaN NaN NaN NaN NaN NaN NaN NaN NaN NaN NaN NaN NaN NaN NaN NaN NaN NaN NaN NaN NaN NaN NaN NaN NaN NaN 
NaN NaN NaN NaN NaN NaN NaN NaN NaN NaN NaN NaN NaN NaN NaN NaN NaN NaN NaN NaN NaN NaN NaN NaN NaN NaN NaN NaN NaN NaN NaN NaN NaN NaN NaN NaN NaN NaN NaN NaN 
NaN NaN NaN NaN NaN NaN NaN NaN NaN NaN NaN NaN NaN NaN NaN NaN NaN NaN NaN NaN NaN NaN NaN NaN NaN NaN NaN NaN NaN NaN NaN NaN NaN NaN NaN NaN NaN NaN NaN NaN 
NaN NaN NaN NaN NaN NaN NaN NaN NaN NaN NaN NaN NaN NaN NaN NaN NaN NaN NaN NaN NaN NaN NaN NaN NaN NaN NaN NaN NaN NaN NaN NaN NaN NaN NaN NaN NaN NaN NaN NaN 
NaN NaN NaN NaN NaN NaN NaN NaN NaN NaN NaN NaN NaN NaN NaN NaN NaN NaN NaN NaN NaN NaN NaN NaN NaN NaN NaN NaN NaN NaN NaN NaN NaN NaN NaN NaN NaN NaN NaN NaN 
NaN NaN NaN NaN NaN NaN NaN NaN NaN NaN NaN NaN NaN NaN NaN NaN NaN NaN NaN NaN NaN NaN NaN NaN NaN NaN NaN NaN NaN NaN NaN NaN NaN NaN NaN NaN NaN NaN NaN NaN 
NaN NaN NaN NaN NaN NaN NaN NaN NaN NaN NaN NaN NaN NaN NaN NaN NaN NaN NaN NaN NaN NaN NaN NaN NaN NaN NaN NaN NaN NaN NaN NaN NaN NaN NaN NaN NaN NaN NaN NaN 
NaN NaN NaN NaN NaN NaN NaN NaN NaN NaN NaN NaN NaN NaN NaN NaN NaN NaN NaN NaN NaN NaN NaN NaN NaN NaN NaN NaN NaN NaN NaN NaN NaN NaN NaN NaN NaN NaN NaN NaN 
NaN NaN NaN NaN NaN NaN NaN NaN NaN NaN NaN NaN NaN NaN NaN NaN NaN NaN NaN NaN NaN NaN NaN NaN NaN NaN NaN NaN NaN NaN NaN NaN NaN NaN NaN NaN NaN NaN NaN NaN 
NaN NaN NaN NaN NaN NaN NaN NaN NaN NaN NaN NaN NaN NaN NaN NaN NaN NaN NaN NaN NaN NaN NaN NaN NaN NaN NaN NaN NaN NaN NaN NaN NaN NaN NaN NaN NaN NaN NaN NaN 
NaN NaN NaN NaN NaN NaN NaN NaN NaN NaN NaN NaN NaN NaN NaN NaN NaN NaN NaN NaN NaN NaN NaN NaN NaN NaN NaN NaN NaN NaN NaN NaN NaN NaN NaN NaN NaN NaN NaN NaN 
NaN NaN NaN NaN NaN NaN NaN NaN NaN NaN NaN NaN NaN NaN NaN NaN NaN NaN NaN NaN NaN NaN NaN NaN NaN NaN NaN NaN NaN NaN NaN NaN NaN NaN NaN NaN NaN NaN NaN NaN 
NaN NaN NaN NaN NaN NaN NaN NaN NaN NaN NaN NaN NaN NaN NaN NaN NaN NaN NaN NaN NaN NaN NaN NaN NaN NaN NaN NaN NaN NaN NaN NaN NaN NaN NaN NaN NaN NaN NaN NaN 
NaN NaN NaN NaN NaN NaN NaN NaN NaN NaN NaN NaN NaN NaN NaN NaN NaN NaN NaN NaN NaN NaN NaN NaN NaN NaN NaN NaN NaN NaN NaN NaN NaN NaN NaN NaN NaN NaN NaN NaN 
NaN NaN NaN NaN NaN NaN NaN NaN NaN NaN NaN NaN NaN NaN NaN NaN NaN NaN NaN NaN NaN NaN NaN NaN NaN NaN NaN NaN NaN NaN NaN NaN NaN NaN NaN NaN NaN NaN NaN NaN 
NaN NaN NaN NaN NaN NaN NaN NaN NaN NaN NaN NaN NaN NaN NaN NaN NaN NaN NaN NaN NaN NaN NaN NaN NaN NaN NaN NaN NaN NaN NaN NaN NaN NaN NaN NaN NaN NaN NaN NaN 
NaN NaN NaN NaN NaN NaN NaN NaN NaN NaN NaN NaN NaN NaN NaN NaN NaN NaN NaN NaN NaN NaN NaN NaN NaN NaN NaN NaN NaN NaN NaN NaN NaN NaN NaN NaN NaN NaN NaN NaN 
NaN NaN NaN NaN NaN NaN NaN NaN NaN NaN NaN NaN NaN NaN NaN NaN NaN NaN NaN NaN NaN NaN NaN NaN NaN NaN NaN NaN NaN NaN NaN NaN NaN NaN NaN NaN NaN NaN NaN NaN 
NaN NaN NaN NaN NaN NaN NaN NaN NaN NaN NaN NaN NaN NaN NaN NaN NaN NaN NaN NaN NaN NaN NaN NaN NaN NaN NaN NaN NaN NaN NaN NaN NaN NaN NaN NaN NaN NaN NaN NaN 
