NaN NaN NaN NaN NaN NaN NaN NaN NaN NaN NaN NaN NaN NaN NaN NaN NaN NaN NaN NaN NaN NaN NaN NaN NaN NaN NaN NaN NaN NaN NaN NaN NaN NaN NaN NaN NaN NaN NaN NaN 
NaN NaN NaN NaN NaN NaN NaN NaN NaN NaN NaN NaN NaN NaN NaN NaN NaN NaN NaN NaN NaN NaN NaN NaN NaN NaN NaN NaN NaN NaN NaN NaN NaN NaN NaN NaN NaN NaN NaN NaN 
NaN NaN NaN NaN NaN NaN NaN NaN NaN NaN NaN NaN NaN NaN NaN NaN NaN NaN NaN NaN NaN NaN NaN NaN NaN NaN NaN NaN NaN NaN NaN NaN NaN NaN NaN NaN NaN NaN NaN NaN 
NaN NaN NaN NaN NaN NaN NaN NaN NaN NaN NaN NaN NaN NaN NaN NaN NaN NaN NaN NaN NaN NaN NaN NaN NaN NaN NaN NaN NaN NaN NaN NaN NaN NaN NaN NaN NaN NaN NaN NaN 
NaN NaN NaN NaN NaN NaN NaN NaN NaN NaN NaN NaN NaN NaN NaN NaN NaN NaN NaN NaN NaN NaN NaN NaN NaN NaN NaN NaN NaN NaN NaN NaN NaN NaN NaN NaN NaN NaN NaN NaN 
NaN NaN NaN NaN NaN NaN NaN NaN NaN NaN NaN NaN NaN NaN NaN NaN NaN NaN NaN NaN NaN NaN NaN NaN NaN NaN NaN NaN NaN NaN NaN NaN NaN NaN NaN NaN NaN NaN NaN NaN 
NaN NaN NaN NaN NaN NaN NaN NaN NaN NaN NaN NaN NaN NaN NaN NaN NaN NaN NaN NaN NaN NaN NaN NaN NaN NaN NaN NaN NaN NaN NaN NaN NaN NaN NaN NaN NaN NaN NaN NaN 
NaN NaN NaN NaN NaN NaN NaN NaN NaN NaN NaN NaN NaN NaN NaN NaN NaN NaN NaN NaN NaN NaN NaN NaN NaN NaN NaN NaN NaN NaN NaN NaN NaN NaN NaN NaN NaN NaN NaN NaN 
NaN NaN NaN NaN NaN NaN NaN NaN NaN NaN NaN NaN NaN NaN NaN NaN NaN NaN NaN NaN NaN NaN NaN NaN NaN NaN NaN NaN NaN NaN NaN NaN NaN NaN NaN NaN NaN NaN NaN NaN 
NaN NaN NaN NaN NaN NaN NaN NaN NaN NaN NaN NaN NaN NaN NaN NaN NaN NaN NaN NaN NaN NaN NaN NaN NaN NaN NaN NaN NaN NaN NaN NaN NaN NaN NaN NaN NaN NaN NaN NaN 
NaN NaN NaN NaN NaN NaN NaN NaN NaN NaN NaN NaN NaN NaN NaN NaN NaN NaN NaN NaN NaN NaN NaN NaN NaN NaN NaN NaN NaN NaN NaN NaN NaN NaN NaN NaN NaN NaN NaN NaN 
NaN NaN NaN NaN NaN NaN NaN NaN NaN NaN NaN NaN NaN NaN NaN NaN NaN NaN NaN NaN NaN NaN NaN NaN NaN NaN NaN NaN NaN NaN NaN NaN NaN NaN NaN NaN NaN NaN NaN NaN 
NaN NaN NaN NaN NaN NaN NaN NaN NaN NaN NaN NaN NaN NaN NaN NaN NaN NaN NaN NaN NaN NaN NaN NaN NaN NaN NaN NaN NaN NaN NaN NaN NaN NaN NaN NaN NaN NaN NaN NaN 
NaN NaN NaN NaN NaN NaN NaN NaN NaN NaN NaN NaN NaN NaN NaN NaN NaN NaN NaN NaN NaN NaN NaN NaN NaN NaN NaN NaN NaN NaN NaN NaN NaN NaN NaN NaN NaN NaN NaN NaN 
NaN NaN NaN NaN NaN NaN NaN NaN NaN NaN NaN NaN NaN NaN NaN NaN NaN NaN NaN NaN NaN NaN NaN NaN NaN NaN NaN NaN NaN NaN NaN NaN NaN NaN NaN NaN NaN NaN NaN NaN 
NaN NaN NaN NaN NaN NaN NaN NaN NaN NaN NaN NaN NaN NaN NaN NaN NaN NaN NaN NaN NaN NaN NaN NaN NaN NaN NaN NaN NaN NaN NaN NaN NaN NaN NaN NaN NaN NaN NaN NaN 
NaN NaN NaN NaN NaN NaN NaN NaN NaN NaN NaN NaN NaN NaN NaN NaN NaN NaN NaN NaN NaN NaN NaN NaN NaN NaN NaN NaN NaN NaN NaN NaN NaN NaN NaN NaN NaN NaN NaN NaN 
NaN NaN NaN NaN NaN NaN NaN NaN NaN NaN NaN NaN NaN NaN NaN NaN NaN NaN NaN NaN NaN NaN NaN NaN NaN NaN NaN NaN NaN NaN NaN NaN NaN NaN NaN NaN NaN NaN NaN NaN 
NaN NaN NaN NaN NaN NaN NaN NaN NaN NaN NaN NaN NaN NaN NaN NaN NaN NaN NaN NaN NaN NaN NaN NaN NaN NaN NaN NaN NaN NaN NaN NaN NaN NaN NaN NaN NaN NaN NaN NaN 
NaN NaN NaN NaN NaN NaN NaN NaN NaN NaN NaN NaN NaN NaN NaN NaN NaN NaN NaN NaN NaN NaN NaN NaN NaN NaN NaN NaN NaN NaN NaN NaN NaN NaN NaN NaN NaN NaN NaN NaN 
NaN NaN NaN NaN NaN NaN NaN NaN NaN NaN NaN NaN NaN NaN NaN NaN NaN NaN NaN NaN NaN NaN NaN NaN NaN NaN NaN NaN NaN NaN NaN NaN NaN NaN NaN NaN NaN NaN NaN NaN 
NaN NaN NaN NaN NaN NaN NaN NaN NaN NaN NaN NaN NaN NaN NaN NaN NaN NaN NaN NaN NaN NaN NaN NaN NaN NaN NaN NaN NaN NaN NaN NaN NaN NaN NaN NaN NaN NaN NaN NaN 
NaN NaN NaN NaN NaN NaN NaN NaN NaN NaN NaN NaN NaN NaN NaN NaN NaN NaN NaN NaN NaN NaN NaN NaN NaN NaN NaN NaN NaN NaN NaN NaN NaN NaN NaN NaN NaN NaN NaN NaN 
NaN NaN NaN NaN NaN NaN NaN NaN NaN NaN NaN NaN NaN NaN NaN NaN NaN NaN NaN NaN NaN NaN NaN NaN NaN NaN NaN NaN NaN NaN NaN NaN NaN NaN NaN NaN NaN NaN NaN NaN 
NaN NaN NaN NaN NaN NaN NaN NaN NaN NaN NaN NaN NaN NaN NaN NaN NaN NaN NaN NaN NaN NaN NaN NaN NaN NaN NaN NaN NaN NaN NaN NaN NaN NaN NaN NaN NaN NaN NaN NaN 
NaN NaN NaN NaN NaN NaN NaN NaN NaN NaN NaN NaN NaN NaN NaN NaN NaN NaN NaN NaN NaN NaN NaN NaN NaN NaN NaN NaN NaN NaN NaN NaN NaN NaN NaN NaN NaN NaN NaN NaN 
NaN NaN NaN NaN NaN NaN NaN NaN NaN NaN NaN NaN NaN NaN NaN NaN NaN NaN NaN NaN NaN NaN NaN NaN NaN NaN NaN NaN NaN NaN NaN NaN NaN NaN NaN NaN NaN NaN NaN NaN 
NaN NaN NaN NaN NaN NaN NaN NaN NaN NaN NaN NaN NaN NaN NaN NaN NaN NaN NaN NaN NaN NaN NaN NaN NaN NaN NaN NaN NaN NaN NaN NaN NaN NaN NaN NaN NaN NaN NaN NaN 
NaN NaN NaN NaN NaN NaN NaN NaN NaN NaN NaN NaN NaN NaN NaN NaN NaN NaN NaN NaN NaN NaN NaN NaN NaN NaN NaN NaN NaN NaN NaN NaN NaN NaN NaN NaN NaN NaN NaN NaN 
NaN NaN NaN NaN NaN NaN NaN NaN NaN NaN NaN NaN NaN NaN NaN NaN NaN NaN NaN NaN NaN NaN NaN NaN NaN NaN NaN NaN NaN NaN NaN NaN NaN NaN NaN NaN NaN NaN NaN NaN 
NaN NaN NaN NaN NaN NaN NaN NaN NaN NaN NaN NaN NaN NaN NaN NaN NaN NaN NaN NaN NaN NaN NaN NaN NaN NaN NaN NaN NaN NaN NaN NaN NaN NaN NaN NaN NaN NaN NaN NaN 
NaN NaN NaN NaN NaN NaN NaN NaN NaN NaN NaN NaN NaN NaN NaN NaN NaN NaN NaN NaN NaN NaN NaN NaN NaN NaN NaN NaN NaN NaN NaN NaN NaN NaN NaN NaN NaN NaN NaN NaN 
NaN NaN NaN NaN NaN NaN NaN NaN NaN NaN NaN NaN NaN NaN NaN NaN NaN NaN NaN NaN NaN NaN NaN NaN NaN NaN NaN NaN NaN NaN NaN NaN NaN NaN NaN NaN NaN NaN NaN NaN 
NaN NaN NaN NaN NaN NaN NaN NaN NaN NaN NaN NaN NaN NaN NaN NaN NaN NaN NaN NaN NaN NaN NaN NaN NaN NaN NaN NaN NaN NaN NaN NaN NaN NaN NaN NaN NaN NaN NaN NaN 
NaN NaN NaN NaN NaN NaN NaN NaN NaN NaN NaN NaN NaN NaN NaN NaN NaN NaN NaN NaN NaN NaN NaN NaN NaN NaN NaN NaN NaN NaN NaN NaN NaN NaN NaN NaN NaN NaN NaN NaN 
NaN NaN NaN NaN NaN NaN NaN NaN NaN NaN NaN NaN NaN NaN NaN NaN NaN NaN NaN NaN NaN NaN NaN NaN NaN NaN NaN NaN NaN NaN NaN NaN NaN NaN NaN NaN NaN NaN NaN NaN 
NaN NaN NaN NaN NaN NaN NaN NaN NaN NaN NaN NaN NaN NaN NaN NaN NaN NaN NaN NaN NaN NaN NaN NaN NaN NaN NaN NaN NaN NaN NaN NaN NaN NaN NaN NaN NaN NaN NaN NaN 
NaN NaN NaN NaN NaN NaN NaN NaN NaN NaN NaN NaN NaN NaN NaN NaN NaN NaN NaN NaN NaN NaN NaN NaN NaN NaN NaN NaN NaN NaN NaN NaN NaN NaN NaN NaN NaN NaN NaN NaN 
NaN NaN NaN NaN NaN NaN NaN NaN NaN NaN NaN NaN NaN NaN NaN NaN NaN NaN NaN NaN NaN NaN NaN NaN NaN NaN NaN NaN NaN NaN NaN NaN NaN NaN NaN NaN NaN NaN NaN NaN 
NaN NaN NaN NaN NaN NaN NaN NaN NaN NaN NaN NaN NaN NaN NaN NaN NaN NaN NaN NaN NaN NaN NaN NaN NaN NaN NaN NaN NaN NaN NaN NaN NaN NaN NaN NaN NaN NaN NaN NaN 
NaN NaN NaN NaN NaN NaN NaN NaN NaN NaN NaN NaN NaN NaN NaN NaN NaN NaN NaN NaN NaN NaN NaN NaN NaN NaN NaN NaN NaN NaN NaN NaN NaN NaN NaN NaN NaN NaN NaN NaN 
NaN NaN NaN NaN NaN NaN NaN NaN NaN NaN NaN NaN NaN NaN NaN NaN NaN NaN NaN NaN NaN NaN NaN NaN NaN NaN NaN NaN NaN NaN NaN NaN NaN NaN NaN NaN NaN NaN NaN NaN 
NaN NaN NaN NaN NaN NaN NaN NaN NaN NaN NaN NaN NaN NaN NaN NaN NaN NaN NaN NaN NaN NaN NaN NaN NaN NaN NaN NaN NaN NaN NaN NaN NaN NaN NaN NaN NaN NaN NaN NaN 
NaN NaN NaN NaN NaN NaN NaN NaN NaN NaN NaN NaN NaN NaN NaN NaN NaN NaN NaN NaN NaN NaN NaN NaN NaN NaN NaN NaN NaN NaN NaN NaN NaN NaN NaN NaN NaN NaN NaN NaN 
NaN NaN NaN NaN NaN NaN NaN NaN NaN NaN NaN NaN NaN NaN NaN NaN NaN NaN NaN NaN NaN NaN NaN NaN NaN NaN NaN NaN NaN NaN NaN NaN NaN NaN NaN NaN NaN NaN NaN NaN 
NaN NaN NaN NaN NaN NaN NaN NaN NaN NaN NaN NaN NaN NaN NaN NaN NaN NaN NaN NaN NaN NaN NaN NaN NaN NaN NaN NaN NaN NaN NaN NaN NaN NaN NaN NaN NaN NaN NaN NaN 
NaN NaN NaN NaN NaN NaN NaN NaN NaN NaN NaN NaN NaN NaN NaN NaN NaN NaN NaN NaN NaN NaN NaN NaN NaN NaN NaN NaN NaN NaN NaN NaN NaN NaN NaN NaN NaN NaN NaN NaN 
NaN NaN NaN NaN NaN NaN NaN NaN NaN NaN NaN NaN NaN NaN NaN NaN NaN NaN NaN NaN NaN NaN NaN NaN NaN NaN NaN NaN NaN NaN NaN NaN NaN NaN NaN NaN NaN NaN NaN NaN 
NaN NaN NaN NaN NaN NaN NaN NaN NaN NaN NaN NaN NaN NaN NaN NaN NaN NaN NaN NaN NaN NaN NaN NaN NaN NaN NaN NaN NaN NaN NaN NaN NaN NaN NaN NaN NaN NaN NaN NaN 
NaN NaN NaN NaN NaN NaN NaN NaN NaN NaN NaN NaN NaN NaN NaN NaN NaN NaN NaN NaN NaN NaN NaN NaN NaN NaN NaN NaN NaN NaN NaN NaN NaN NaN NaN NaN NaN NaN NaN NaN 
NaN NaN NaN NaN NaN NaN NaN NaN NaN NaN NaN NaN NaN NaN NaN NaN NaN NaN NaN NaN NaN NaN NaN NaN NaN NaN NaN NaN NaN NaN NaN NaN NaN NaN NaN NaN NaN NaN NaN NaN 
NaN NaN NaN NaN NaN NaN NaN NaN NaN NaN NaN NaN NaN NaN NaN NaN NaN NaN NaN NaN NaN NaN NaN NaN NaN NaN NaN NaN NaN NaN NaN NaN NaN NaN NaN NaN NaN NaN NaN NaN 
NaN NaN NaN NaN NaN NaN NaN NaN NaN NaN NaN NaN NaN NaN NaN NaN NaN NaN NaN NaN NaN NaN NaN NaN NaN NaN NaN NaN NaN NaN NaN NaN NaN NaN NaN NaN NaN NaN NaN NaN 
NaN NaN NaN NaN NaN NaN NaN NaN NaN NaN NaN NaN NaN NaN NaN NaN NaN NaN NaN NaN NaN NaN NaN NaN NaN NaN NaN NaN NaN NaN NaN NaN NaN NaN NaN NaN NaN NaN NaN NaN 
NaN NaN NaN NaN NaN NaN NaN NaN NaN NaN NaN NaN NaN NaN NaN NaN NaN NaN NaN NaN NaN NaN NaN NaN NaN NaN NaN NaN NaN NaN NaN NaN NaN NaN NaN NaN NaN NaN NaN NaN 
NaN NaN NaN NaN NaN NaN NaN NaN NaN NaN NaN NaN NaN NaN NaN NaN NaN NaN NaN NaN NaN NaN NaN NaN NaN NaN NaN NaN NaN NaN NaN NaN NaN NaN NaN NaN NaN NaN NaN NaN 
NaN NaN NaN NaN NaN NaN NaN NaN NaN NaN NaN NaN NaN NaN NaN NaN NaN NaN NaN NaN NaN NaN NaN NaN NaN NaN NaN NaN NaN NaN NaN NaN NaN NaN NaN NaN NaN NaN NaN NaN 
NaN NaN NaN NaN NaN NaN NaN NaN NaN NaN NaN NaN NaN NaN NaN NaN NaN NaN NaN NaN NaN NaN NaN NaN NaN NaN NaN NaN NaN NaN NaN NaN NaN NaN NaN NaN NaN NaN NaN NaN 
NaN NaN NaN NaN NaN NaN NaN NaN NaN NaN NaN NaN NaN NaN NaN NaN NaN NaN NaN NaN NaN NaN NaN NaN NaN NaN NaN NaN NaN NaN NaN NaN NaN NaN NaN NaN NaN NaN NaN NaN 
NaN NaN NaN NaN NaN NaN NaN NaN NaN NaN NaN NaN NaN NaN NaN NaN NaN NaN NaN NaN NaN NaN NaN NaN NaN NaN NaN NaN NaN NaN NaN NaN NaN NaN NaN NaN NaN NaN NaN NaN 
NaN NaN NaN NaN NaN NaN NaN NaN NaN NaN NaN NaN NaN NaN NaN NaN NaN NaN NaN NaN NaN NaN NaN NaN NaN NaN NaN NaN NaN NaN NaN NaN NaN NaN NaN NaN NaN NaN NaN NaN 
NaN NaN NaN NaN NaN NaN NaN NaN NaN NaN NaN NaN NaN NaN NaN NaN NaN NaN NaN NaN NaN NaN NaN NaN NaN NaN NaN NaN NaN NaN NaN NaN NaN NaN NaN NaN NaN NaN NaN NaN 
NaN NaN NaN NaN NaN NaN NaN NaN NaN NaN NaN NaN NaN NaN NaN NaN NaN NaN NaN NaN NaN NaN NaN NaN NaN NaN NaN NaN NaN NaN NaN NaN NaN NaN NaN NaN NaN NaN NaN NaN 
NaN NaN NaN NaN NaN NaN NaN NaN NaN NaN NaN NaN NaN NaN NaN NaN NaN NaN NaN NaN NaN NaN NaN NaN NaN NaN NaN NaN NaN NaN NaN NaN NaN NaN NaN NaN NaN NaN NaN NaN 
NaN NaN NaN NaN NaN NaN NaN NaN NaN NaN NaN NaN NaN NaN NaN NaN NaN NaN NaN NaN NaN NaN NaN NaN NaN NaN NaN NaN NaN NaN NaN NaN NaN NaN NaN NaN NaN NaN NaN NaN 
NaN NaN NaN NaN NaN NaN NaN NaN NaN NaN NaN NaN NaN NaN NaN NaN NaN NaN NaN NaN NaN NaN NaN NaN NaN NaN NaN NaN NaN NaN NaN NaN NaN NaN NaN NaN NaN NaN NaN NaN 
NaN NaN NaN NaN NaN NaN NaN NaN NaN NaN NaN NaN NaN NaN NaN NaN NaN NaN NaN NaN NaN NaN NaN NaN NaN NaN NaN NaN NaN NaN NaN NaN NaN NaN NaN NaN NaN NaN NaN NaN 
NaN NaN NaN NaN NaN NaN NaN NaN NaN NaN NaN NaN NaN NaN NaN NaN NaN NaN NaN NaN NaN NaN NaN NaN NaN NaN NaN NaN NaN NaN NaN NaN NaN NaN NaN NaN NaN NaN NaN NaN 
NaN NaN NaN NaN NaN NaN NaN NaN NaN NaN NaN NaN NaN NaN NaN NaN NaN NaN NaN NaN NaN NaN NaN NaN NaN NaN NaN NaN NaN NaN NaN NaN NaN NaN NaN NaN NaN NaN NaN NaN 
NaN NaN NaN NaN NaN NaN NaN NaN NaN NaN NaN NaN NaN NaN NaN NaN NaN NaN NaN NaN NaN NaN NaN NaN NaN NaN NaN NaN NaN NaN NaN NaN NaN NaN NaN NaN NaN NaN NaN NaN 
NaN NaN NaN NaN NaN NaN NaN NaN NaN NaN NaN NaN NaN NaN NaN NaN NaN NaN NaN NaN NaN NaN NaN NaN NaN NaN NaN NaN NaN NaN NaN NaN NaN NaN NaN NaN NaN NaN NaN NaN 
NaN NaN NaN NaN NaN NaN NaN NaN NaN NaN NaN NaN NaN NaN NaN NaN NaN NaN NaN NaN NaN NaN NaN NaN NaN NaN NaN NaN NaN NaN NaN NaN NaN NaN NaN NaN NaN NaN NaN NaN 
NaN NaN NaN NaN NaN NaN NaN NaN NaN NaN NaN NaN NaN NaN NaN NaN NaN NaN NaN NaN NaN NaN NaN NaN NaN NaN NaN NaN NaN NaN NaN NaN NaN NaN NaN NaN NaN NaN NaN NaN 
NaN NaN NaN NaN NaN NaN NaN NaN NaN NaN NaN NaN NaN NaN NaN NaN NaN NaN NaN NaN NaN NaN NaN NaN NaN NaN NaN NaN NaN NaN NaN NaN NaN NaN NaN NaN NaN NaN NaN NaN 
NaN NaN NaN NaN NaN NaN NaN NaN NaN NaN NaN NaN NaN NaN NaN NaN NaN NaN NaN NaN NaN NaN NaN NaN NaN NaN NaN NaN NaN NaN NaN NaN NaN NaN NaN NaN NaN NaN NaN NaN 
NaN NaN NaN NaN NaN NaN NaN NaN NaN NaN NaN NaN NaN NaN NaN NaN NaN NaN NaN NaN NaN NaN NaN NaN NaN NaN NaN NaN NaN NaN NaN NaN NaN NaN NaN NaN NaN NaN NaN NaN 
NaN NaN NaN NaN NaN NaN NaN NaN NaN NaN NaN NaN NaN NaN NaN NaN NaN NaN NaN NaN NaN NaN NaN NaN NaN NaN NaN NaN NaN NaN NaN NaN NaN NaN NaN NaN NaN NaN NaN NaN 
NaN NaN NaN NaN NaN NaN NaN NaN NaN NaN NaN NaN NaN NaN NaN NaN NaN NaN NaN NaN NaN NaN NaN NaN NaN NaN NaN NaN NaN NaN NaN NaN NaN NaN NaN NaN NaN NaN NaN NaN 
NaN NaN NaN NaN NaN NaN NaN NaN NaN NaN NaN NaN NaN NaN NaN NaN NaN NaN NaN NaN NaN NaN NaN NaN NaN NaN NaN NaN NaN NaN NaN NaN NaN NaN NaN NaN NaN NaN NaN NaN 
NaN NaN NaN NaN NaN NaN NaN NaN NaN NaN NaN NaN NaN NaN NaN NaN NaN NaN NaN NaN NaN NaN NaN NaN NaN NaN NaN NaN NaN NaN NaN NaN NaN NaN NaN NaN NaN NaN NaN NaN 
NaN NaN NaN NaN NaN NaN NaN NaN NaN NaN NaN NaN NaN NaN NaN NaN NaN NaN NaN NaN NaN NaN NaN NaN NaN NaN NaN NaN NaN NaN NaN NaN NaN NaN NaN NaN NaN NaN NaN NaN 
NaN NaN NaN NaN NaN NaN NaN NaN NaN NaN NaN NaN NaN NaN NaN NaN NaN NaN NaN NaN NaN NaN NaN NaN NaN NaN NaN NaN NaN NaN NaN NaN NaN NaN NaN NaN NaN NaN NaN NaN 
NaN NaN NaN NaN NaN NaN NaN NaN NaN NaN NaN NaN NaN NaN NaN NaN NaN NaN NaN NaN NaN NaN NaN NaN NaN NaN NaN NaN NaN NaN NaN NaN NaN NaN NaN NaN NaN NaN NaN NaN 
NaN NaN NaN NaN NaN NaN NaN NaN NaN NaN NaN NaN NaN NaN NaN NaN NaN NaN NaN NaN NaN NaN NaN NaN NaN NaN NaN NaN NaN NaN NaN NaN NaN NaN NaN NaN NaN NaN NaN NaN 
NaN NaN NaN NaN NaN NaN NaN NaN NaN NaN NaN NaN NaN NaN NaN NaN NaN NaN NaN NaN NaN NaN NaN NaN NaN NaN NaN NaN NaN NaN NaN NaN NaN NaN NaN NaN NaN NaN NaN NaN 
NaN NaN NaN NaN NaN NaN NaN NaN NaN NaN NaN NaN NaN NaN NaN NaN NaN NaN NaN NaN NaN NaN NaN NaN NaN NaN NaN NaN NaN NaN NaN NaN NaN NaN NaN NaN NaN NaN NaN NaN 
NaN NaN NaN NaN NaN NaN NaN NaN NaN NaN NaN NaN NaN NaN NaN NaN NaN NaN NaN NaN NaN NaN NaN NaN NaN NaN NaN NaN NaN NaN NaN NaN NaN NaN NaN NaN NaN NaN NaN NaN 
-67.818311 -70.651268 -74.710284 -76.998779 -77.946517 -80.981975 -83.063089 -87.671454 -91.966216 -86.680798 -83.068999 -82.412632 -87.699602 -95.571264 -91.010294 -83.314942 -81.591069 -86.145084 -92.516475 -87.981797 -83.865021 -83.127325 -88.022158 -85.292007 -89.333439 -97.304372 -94.164397 -88.631533 -86.039930 -89.919918 -84.905361 -88.142007 -85.674475 -83.049870 -83.732725 -83.365102 -84.333537 -86.855315 -89.305763 -93.934860 
-53.962748 -66.980136 -71.088025 -69.041395 -73.110916 -69.806792 -75.982917 -79.891194 -79.791539 -79.162084 -72.880517 -73.419445 -72.170112 -76.101323 -79.315903 -72.963475 -70.996325 -72.544505 -76.019809 -75.002032 -73.609489 -71.236727 -75.068343 -73.580650 -74.567986 -76.161218 -76.093985 -72.514193 -73.310752 -78.219358 -72.694795 -74.346689 -74.317691 -72.387972 -72.339968 -74.971708 -75.036089 -75.371996 -77.027640 -78.324206 
-54.658900 -81.159873 -77.193885 -71.829520 -72.373420 -73.170343 -77.306842 -78.124675 -75.601601 -79.781308 -75.073938 -79.258870 -74.794173 -74.184754 -74.730554 -71.106941 -69.888896 -72.744630 -72.600553 -73.720474 -72.973209 -70.834239 -74.262197 -74.195190 -78.508610 -71.679590 -74.671118 -71.676276 -71.698658 -74.764730 -75.095597 -73.266473 -73.316696 -75.095186 -77.453695 -71.504337 -73.475896 -75.358079 -75.964194 -76.723045 
-55.147884 -68.710084 -72.749024 -72.962936 -69.717227 -75.788544 -72.868030 -71.198979 -67.420609 -71.742880 -72.815130 -69.498925 -75.388073 -69.211621 -77.208451 -71.513619 -66.915374 -69.138084 -70.345218 -71.858820 -69.697312 -72.503803 -73.360860 -71.552200 -73.791580 -70.709270 -70.290593 -69.443872 -71.025510 -72.798537 -72.289043 -74.041900 -72.292924 -70.474985 -73.203650 -72.903496 -71.687878 -75.143582 -72.319356 -73.118972 
-39.628159 -36.180177 -38.211065 -42.594805 -45.515396 -46.418534 -47.322345 -49.084365 -50.430805 -50.148504 -50.983365 -53.510590 -50.910813 -51.402731 -53.261914 -54.161932 -56.443023 -60.555602 -61.906212 -59.863380 -62.641394 -62.737257 -60.378539 -63.139526 -63.277731 -62.794253 -66.849290 -64.942707 -63.808449 -69.501915 -71.631799 -69.768543 -70.311745 -68.619999 -69.287641 -68.814334 -67.767795 -67.238435 -69.787138 -71.258545 
-22.663669 -25.484829 -34.145448 -38.435012 -43.821729 -43.995828 -48.273857 -52.544992 -48.499974 -49.663117 -51.935348 -52.914365 -49.331578 -50.227054 -54.687932 -52.390554 -54.589002 -60.176888 -56.809623 -57.735836 -61.967698 -62.708382 -58.860395 -62.236413 -61.272761 -61.147974 -62.236954 -61.398074 -60.421805 -63.399387 -65.928608 -65.534593 -68.321282 -68.980864 -67.199876 -65.634513 -63.529794 -65.197041 -65.136069 -67.864304 
-21.973209 -23.402533 -32.230561 -35.298797 -45.307362 -43.651648 -45.416256 -55.063544 -48.051569 -50.025012 -53.679323 -56.491382 -52.399850 -51.939721 -58.134362 -57.387200 -57.657674 -59.737990 -57.122844 -59.936359 -62.575749 -67.668190 -64.194636 -64.492302 -66.298862 -67.201469 -65.989265 -62.198001 -66.109792 -63.659174 -64.049583 -64.127711 -67.985811 -65.574963 -64.952226 -65.580843 -63.303353 -64.983786 -67.813916 -68.601662 
-24.833968 -23.403653 -26.259407 -31.176123 -44.638040 -44.971485 -49.625819 -53.421177 -48.759267 -54.777147 -50.630369 -50.254702 -55.904977 -59.602327 -52.561786 -51.852933 -58.510013 -61.797078 -65.575535 -59.790996 -69.116492 -64.896690 -59.716665 -61.088298 -62.991420 -63.702898 -64.834746 -67.683215 -64.892496 -61.624088 -63.691237 -64.077443 -66.596353 -66.209989 -65.103128 -67.391825 -67.042376 -65.175263 -67.896637 -68.872185 
-25.440070 -27.894069 -27.657029 -34.130333 -48.356889 -57.194160 -54.283495 -52.525385 -48.058881 -50.419332 -48.934706 -50.746025 -57.147439 -56.621464 -53.444510 -52.786879 -56.588924 -59.004340 -62.918463 -63.105493 -60.547618 -61.477802 -60.639009 -60.699685 -65.501510 -66.253999 -68.707503 -69.277990 -63.740867 -63.058647 -62.655966 -64.413620 -65.876324 -68.336001 -65.917389 -67.068429 -66.948417 -66.386893 -66.591424 -67.215133 
-19.499981 -22.718801 -32.349135 -39.708469 -45.421742 -49.922670 -47.163399 -42.484648 -45.980442 -53.080632 -51.362744 -54.717312 -57.162460 -54.848094 -55.285112 -55.079830 -57.508535 -62.718066 -59.213120 -60.902382 -66.192298 -65.299308 -67.103070 -64.176468 -60.514499 -60.180773 -64.649058 -63.383095 -63.650255 -64.465989 -63.294549 -62.516049 -62.208863 -59.887418 -62.356346 -66.708631 -62.070531 -67.097357 -63.967715 -68.490174 
-16.158602 -13.671183 -20.690148 -17.644989 -15.656999 -18.479265 -19.916056 -19.164705 -22.947656 -19.907001 -24.520289 -26.568847 -26.653195 -30.992901 -39.572352 -33.204015 -34.547493 -33.559754 -33.484161 -30.375680 -33.074334 -39.959208 -36.771560 -42.529458 -36.722705 -34.350116 -32.101545 -32.225893 -34.900903 -36.969905 -43.641524 -37.044177 -43.351697 -40.688517 -35.792923 -35.784908 -35.027753 -37.296579 -50.149362 -57.177356 
1.047554 5.435798 10.318472 9.141466 3.460208 3.704170 1.332067 1.303367 1.830132 1.259062 -4.147280 -6.963981 -8.759206 -12.767236 -13.483646 -11.748043 -13.333024 -16.117740 -17.147356 -15.533591 -14.995182 -17.769011 -18.845493 -15.133803 -17.583003 -20.198493 -16.521807 -13.029653 -18.663087 -22.573783 -29.715113 -22.766353 -28.170879 -24.482751 -23.440917 -19.580680 -17.277618 -19.134827 -32.125577 -33.350925 
10.248181 16.304520 20.600826 16.376943 14.632735 12.158194 10.595639 15.215271 18.151401 20.500671 14.061882 7.264997 11.304429 8.254767 8.743526 7.553104 -4.415271 -12.506839 -15.529874 -14.593086 -15.107697 -15.481029 -10.095438 -3.409671 -12.905399 -15.864219 -14.990074 -8.550607 -12.615457 -21.088463 -34.835713 -30.307039 -34.666118 -31.421736 -31.203083 -28.502848 -24.607198 -21.489715 -30.113369 -39.658621 
7.966438 15.444708 21.530585 13.632314 17.892351 14.876679 11.955093 13.641680 20.802353 24.517824 20.841465 15.681826 15.076239 11.925088 16.150834 13.602736 -0.024766 -3.036354 -10.550261 -12.367738 -13.899725 -11.768603 -8.982519 -2.664628 -7.914634 -16.659201 -17.205955 -10.251725 -14.872216 -25.019600 -41.078722 -37.085329 -37.571851 -38.940581 -38.986568 -41.498596 -34.220330 -22.950917 -27.548814 -45.845917 
1.911591 13.518033 19.290316 10.222387 15.932050 12.628483 8.067419 6.253182 18.584106 16.625846 22.686302 16.491643 10.926737 11.402108 17.725872 10.837982 -0.039979 -6.851069 -12.623105 -15.715323 -15.913372 -13.578695 -10.678751 -7.149245 -8.624371 -15.432737 -17.969393 -14.430267 -15.837917 -25.826185 -35.178816 -32.857712 -31.299944 -34.499098 -34.784477 -36.549804 -33.750851 -23.376496 -27.273357 -38.199278 
-8.251639 11.506080 17.455679 8.841184 14.209100 11.747805 5.418616 6.257930 15.167972 14.171749 20.471517 13.369813 11.945834 14.212888 18.000202 12.176621 -2.758045 -7.883969 -12.934845 -15.794596 -14.714946 -16.610752 -16.238116 -8.609225 -7.375740 -14.373893 -20.626898 -18.149933 -13.823872 -22.475433 -30.159999 -30.037938 -30.337951 -31.073162 -31.448312 -32.407772 -31.181773 -26.586471 -30.349645 -33.201393 
-7.416557 9.662113 16.518003 8.870305 12.144720 10.896380 4.062901 7.493614 14.171573 16.820422 20.991677 17.431304 12.780500 14.287006 16.320345 13.485325 -4.487670 -9.552004 -12.355483 -16.664807 -16.749837 -17.261494 -17.766645 -9.552458 -6.532545 -18.489192 -20.586284 -19.033893 -16.845631 -23.406511 -31.723488 -28.127028 -28.868089 -33.547507 -34.422856 -34.111700 -32.731135 -26.407227 -28.804297 -38.027134 
-15.957699 7.449361 15.197107 7.069449 10.590868 11.434297 3.380780 7.668776 11.312755 16.694609 20.222684 20.292642 11.297934 14.449970 15.552720 13.585670 -0.049758 -8.004060 -9.705655 -13.829194 -16.681027 -18.603622 -15.849409 -11.366820 -9.170978 -17.586644 -22.622309 -19.150733 -14.080898 -21.218695 -28.203439 -24.853729 -26.449170 -30.954561 -32.704852 -32.125542 -30.615731 -26.224159 -29.633074 -34.119526 
-8.651120 5.683159 14.354139 7.039669 8.143259 11.559349 1.465270 8.073026 9.110794 18.820037 19.341326 22.805465 10.918000 13.982549 16.747081 10.985893 0.436581 -8.972261 -14.260695 -16.538354 -15.658869 -17.126750 -15.663006 -11.364168 -8.023801 -15.750532 -21.380275 -18.407986 -15.375261 -21.192668 -25.801610 -26.327148 -27.064899 -34.586659 -35.658369 -35.485156 -36.647672 -30.179461 -30.986433 -42.825791 
-23.260939 3.372010 14.248969 8.525842 7.106342 12.345896 2.165282 8.546712 6.114013 18.442410 16.557606 23.134716 12.329349 12.141910 16.041039 8.342202 0.425179 -5.454402 -14.779111 -15.696176 -17.097852 -15.551004 -14.982306 -12.785238 -5.804008 -17.015238 -22.146885 -22.500776 -16.578659 -20.855028 -25.265606 -22.593938 -22.334079 -31.062209 -35.639481 -34.876513 -38.962630 -33.781646 -33.634897 -39.991032 
-17.675830 3.765346 14.880513 9.377049 4.930578 11.808067 0.077982 6.497039 2.653452 16.657808 14.301069 22.910804 12.648527 11.411286 15.694110 7.167358 -0.345475 -4.215991 -16.134719 -19.062271 -19.476254 -19.999220 -18.242259 -13.248928 -12.062602 -22.590206 -23.276947 -19.943094 -18.694361 -22.840453 -27.824501 -27.764770 -25.707861 -29.814971 -37.849703 -39.466853 -40.763392 -32.917823 -33.218105 -41.948869 
-15.065819 3.509792 15.480034 11.745729 4.190642 12.406652 2.945715 4.354859 2.594464 14.564945 13.304519 21.349764 14.887808 12.351218 15.594933 9.881467 -4.116336 -5.768091 -13.443172 -14.342576 -16.647367 -17.199663 -14.978403 -12.320933 -10.635094 -22.661821 -21.619369 -18.987195 -17.230717 -21.609409 -30.291679 -30.309824 -26.240705 -29.713825 -34.326733 -38.059327 -37.121471 -35.028974 -34.997554 -37.003292 
-14.544610 2.569698 15.607637 12.072060 1.138383 11.702178 4.216047 3.977106 3.580267 13.856454 14.067973 21.639051 16.832229 12.497152 13.469193 11.991915 -4.416468 -3.243907 -12.369728 -19.122246 -15.292811 -16.750212 -16.465230 -9.657917 -8.886771 -18.304549 -20.991605 -18.947477 -16.069332 -22.170995 -30.554912 -29.976222 -23.808376 -27.548705 -36.755491 -43.416162 -39.977735 -35.064836 -33.127002 -40.360839 
-15.243942 2.503329 16.254393 13.937105 -0.176814 11.273149 5.301277 1.708371 5.883292 9.862217 15.584207 19.548703 19.750500 13.184794 11.589361 13.691020 -3.848989 -6.843779 -11.093921 -18.460196 -18.680404 -18.643573 -16.693230 -9.328258 -11.082325 -16.464815 -20.337617 -17.459287 -14.809134 -19.875955 -30.925146 -27.107650 -20.238293 -24.177920 -32.936289 -50.691896 -46.470831 -31.897357 -30.211855 -40.606419 
-17.223861 1.635909 16.467581 15.306710 0.024040 10.979723 6.839276 0.408304 8.447096 9.060176 17.546086 17.336837 20.154829 13.195571 12.212533 15.111106 0.355291 -8.501373 -14.479410 -16.328609 -17.356709 -16.907612 -13.238011 -6.115406 -6.248225 -16.381283 -17.399531 -16.712885 -11.927558 -20.685646 -28.435824 -23.913072 -19.271562 -24.175760 -27.245186 -34.152266 -34.809476 -29.004579 -27.308791 -32.663427 
-20.322775 0.941373 16.439260 16.270363 -0.128391 11.396031 9.358109 2.110345 11.460518 8.717824 19.902585 15.216769 19.539092 11.641019 12.081170 13.395345 2.920491 -0.904965 -9.433143 -13.457244 -17.699032 -17.046948 -11.284496 -6.324611 -8.910900 -19.764328 -19.633642 -19.420777 -14.455719 -22.944175 -28.687346 -26.540807 -19.092364 -19.690346 -25.773080 -34.151690 -37.939686 -28.515263 -26.360996 -32.029546 
-16.897458 -1.080188 16.380711 17.216725 0.469522 11.310623 10.710998 2.129376 13.835561 8.245358 20.985515 10.831252 15.534228 8.103950 10.980504 9.829503 5.943579 2.988954 -10.102782 -16.291460 -19.269925 -16.624775 -13.535977 -4.891572 -13.147644 -14.716483 -18.956053 -18.247523 -18.353420 -22.132000 -27.201804 -23.248524 -17.574376 -20.879236 -20.709127 -29.911854 -33.056244 -26.519054 -27.318432 -31.384513 
-13.231974 -0.064221 16.869494 17.733222 0.371126 12.012404 11.503012 3.780415 15.379345 9.063542 21.336683 8.183946 7.935400 4.686234 7.724332 5.629010 4.095821 4.267787 -9.738218 -13.721431 -16.295550 -13.428170 -12.717535 -4.699262 -9.889795 -15.991692 -21.351751 -19.926273 -16.682825 -18.474642 -27.123103 -20.301965 -13.174382 -15.871804 -19.434646 -28.416299 -29.448512 -26.023969 -25.851840 -29.823177 
-16.121114 1.175502 17.857749 18.319696 2.838246 12.747969 11.852702 5.986812 15.461064 7.710200 19.115902 6.150540 2.689494 0.806006 3.370240 1.682210 2.115900 3.729211 -9.778082 -13.380317 -18.511124 -12.525045 -15.037786 -5.338552 -11.665775 -19.140765 -22.202460 -23.261062 -18.577467 -20.557504 -30.197636 -23.903547 -20.169616 -21.229528 -25.702877 -28.940961 -27.384484 -25.895237 -30.119029 -32.876569 
-18.012780 2.679026 17.439392 17.166973 7.044091 13.415975 12.113554 12.313417 12.475485 7.222998 12.074057 -0.656507 -1.894614 -3.118980 -3.860423 -3.376876 1.334725 -2.267561 -16.856101 -20.092660 -22.157444 -17.955534 -12.097647 -4.175863 -15.770993 -21.591236 -21.268910 -18.668165 -17.629815 -20.580093 -31.810844 -30.907966 -28.890191 -28.484697 -31.344076 -28.444877 -29.146827 -30.909781 -34.364741 -30.334870 
-5.477464 6.406344 14.474415 7.667656 5.023272 2.342104 -5.143104 -1.556992 2.917116 -3.521637 -5.985401 -9.987240 -18.149814 -11.571360 -12.379642 -11.340017 -8.191126 -13.109847 -18.354975 -27.065802 -29.017766 -24.968235 -15.790688 -13.618298 -21.652405 -22.698899 -20.992721 -19.510189 -21.350372 -27.587832 -33.109499 -34.710461 -30.549139 -31.933184 -30.079001 -28.420541 -29.481453 -34.989076 -32.274808 -29.957229 
-8.313119 3.749431 14.308393 9.188291 -4.823200 0.847843 -6.049428 -6.035969 -2.361639 -8.890496 -6.270327 -14.995303 -17.572945 -18.322916 -18.342755 -12.907957 -6.757431 -12.167035 -24.144523 -26.064695 -27.596314 -28.770014 -20.451479 -15.068717 -21.511876 -20.987073 -15.834882 -15.256744 -17.895912 -21.900281 -23.380313 -27.759288 -27.415119 -27.946939 -27.818795 -30.256096 -32.591733 -34.605924 -30.109408 -31.453677 
-10.307500 5.684657 16.889299 12.803305 4.479567 14.049491 10.923086 7.404868 5.487040 -6.898584 -0.878998 -3.940094 -11.621339 -8.583474 -7.817245 -4.369395 -2.443008 -3.878824 -14.513979 -14.941901 -20.729483 -21.396923 -15.908890 -9.346858 -13.666094 -20.660476 -18.640581 -17.016098 -16.373078 -19.893454 -24.200998 -27.827405 -26.563997 -24.916000 -28.268326 -31.788928 -30.311840 -33.272618 -30.104202 -29.472172 
-14.323485 7.435767 19.152832 14.990165 7.996091 17.871276 9.737269 12.925192 12.384700 3.856303 -1.489975 -1.245556 -5.509396 -4.555373 -2.220227 -0.237371 1.699195 -3.646086 -13.488699 -17.084387 -22.986837 -18.545325 -17.125940 -6.828551 -18.524041 -23.839767 -24.722180 -21.852776 -18.209149 -22.592443 -30.074013 -35.772400 -35.649083 -34.183228 -36.737934 -38.284109 -33.929930 -37.069112 -35.575671 -33.713314 
-9.400564 9.040230 19.809685 14.504249 9.911363 16.936531 7.996997 17.270240 13.605714 8.893098 1.374118 1.440186 -0.661569 0.439306 2.485423 3.405641 0.497684 -6.916519 -15.085000 -17.228410 -22.671757 -19.796509 -14.115794 -6.046231 -16.804811 -29.840757 -32.724352 -24.132979 -17.146406 -24.831213 -34.139788 -37.459297 -38.041661 -35.470515 -37.030257 -38.902189 -32.605678 -31.817228 -32.895828 -35.782703 
-14.745123 10.765697 19.587257 12.661439 13.590666 15.407421 9.531830 18.226588 12.300067 13.294420 3.652569 2.091343 3.697716 1.765452 4.068489 6.778380 -1.833784 -7.865187 -11.532696 -16.530981 -20.690268 -19.256965 -15.630315 -8.569683 -17.132394 -29.531510 -26.834802 -21.444890 -19.160660 -28.710163 -36.302790 -38.285671 -38.468426 -34.905601 -39.411941 -39.735195 -36.420828 -35.064523 -34.876942 -37.188648 
-7.442230 12.712241 19.000147 10.518399 14.735379 13.229181 9.770889 12.334335 13.840531 13.943133 7.091799 4.484619 5.548411 3.500402 7.325268 6.851668 -4.438774 -9.883878 -12.506799 -18.855677 -19.941939 -21.676341 -17.106807 -10.058376 -16.845071 -29.318504 -24.581355 -19.396540 -18.144723 -26.919031 -33.200212 -33.863986 -34.168439 -28.910196 -32.666450 -35.358237 -34.866706 -30.117892 -26.732934 -34.998720 
-4.884334 13.815010 18.432976 10.267486 14.752224 10.382212 8.223553 9.201342 16.563405 11.824785 8.179505 7.553106 6.701960 6.303822 7.899711 -0.147050 -6.534465 -10.947067 -14.693697 -17.968163 -19.806441 -23.150643 -17.233013 -8.797925 -16.098877 -25.593075 -22.618124 -20.144342 -21.822107 -30.367252 -35.734348 -35.761805 -36.640187 -30.156249 -34.898655 -40.927069 -39.343322 -30.730788 -26.480086 -37.700947 
-2.523381 14.690758 17.488979 8.797189 12.304456 5.850468 5.288117 5.604524 14.307155 12.440667 9.306109 6.664774 3.702967 6.402093 6.119020 -2.170230 -10.131893 -15.509474 -20.004427 -20.641568 -21.695994 -24.851093 -20.640466 -14.887901 -17.227183 -24.766092 -22.292417 -19.683298 -17.457238 -29.186361 -35.040130 -33.151914 -35.899128 -26.921066 -35.807211 -55.206882 -52.746919 -31.215752 -29.715737 -42.868177 
-1.224772 14.474528 15.533757 8.768630 9.681845 1.807667 2.516280 8.911384 7.818936 10.096558 3.836618 1.406646 3.709040 4.883265 3.841556 -6.058384 -17.263193 -20.947184 -22.799482 -23.534004 -26.029715 -25.435395 -24.331471 -18.340509 -16.633793 -24.867114 -24.439629 -20.622108 -18.540320 -30.135100 -36.179354 -30.536759 -32.142480 -27.632052 -36.927493 -50.793517 -47.527319 -34.110175 -32.228951 -42.402919 
-0.000266 14.833850 14.815238 7.821516 6.952079 1.907109 0.840582 7.667287 8.345884 11.746583 0.340167 0.597363 4.498193 4.560094 4.149048 -9.921833 -13.864600 -18.662800 -23.868843 -25.241177 -28.308276 -29.179952 -24.931152 -22.446724 -17.829402 -27.045353 -28.164763 -22.603377 -20.450725 -32.279318 -37.697284 -32.449514 -31.971174 -30.861117 -39.607715 -43.228594 -42.819668 -38.314737 -36.821998 -41.808215 
1.986442 14.451222 12.814954 8.289361 5.160039 -1.709246 0.326479 7.373725 8.913978 9.095133 3.916225 4.066627 1.298067 6.032001 4.196412 -4.857051 -15.020146 -20.213722 -28.008401 -29.459504 -29.550938 -29.839998 -27.111466 -24.326430 -21.725949 -30.432651 -30.002546 -24.750936 -24.839846 -33.547210 -43.429345 -35.030994 -34.867824 -32.708581 -45.691990 -56.568025 -45.493858 -37.551907 -36.627933 -44.717865 
0.916515 13.666667 12.118960 8.455316 3.518430 -2.724423 0.160756 1.665527 6.547425 5.612366 3.189147 2.537057 0.794902 2.540405 0.928353 -11.459276 -19.975091 -23.524786 -30.970519 -30.617121 -30.339257 -33.215900 -31.372836 -29.986759 -26.640253 -30.797895 -30.065904 -30.113707 -29.159488 -37.442248 -43.626994 -32.832891 -31.552427 -31.839514 -45.683926 -54.025179 -49.149186 -40.347834 -36.328238 -43.421959 
2.132187 12.625995 9.772738 6.339161 1.999102 -2.682124 -1.403582 1.891025 6.156129 1.444751 2.042841 -0.266451 -5.756683 -3.196917 -5.853312 -15.987730 -20.719449 -24.918930 -33.439149 -30.827450 -35.295379 -37.986589 -37.007663 -28.540358 -22.902332 -29.604998 -34.147602 -29.997282 -28.327584 -38.651793 -47.562762 -36.832337 -29.873667 -31.251933 -45.048636 -71.005257 -61.334490 -48.199268 -40.505933 -42.045546 
-1.439208 10.519019 7.581175 3.576693 -0.927507 -3.447878 -4.861874 -4.756304 -0.345052 -2.985621 -4.596045 -2.388747 -3.444264 -1.845164 -7.276231 -20.921420 -27.991739 -33.889318 -38.398866 -37.497389 -41.993508 -41.446367 -37.120890 -35.560378 -27.537473 -35.591233 -44.267874 -35.931228 -31.489720 -40.809943 -46.192416 -43.354541 -35.444205 -37.057043 -47.463828 -52.395380 -52.681419 -45.508140 -41.741855 -47.630810 
0.109430 9.721584 6.414890 -2.235348 -7.207681 -4.501857 -6.427954 -7.495460 -6.097377 -5.219306 -5.786542 -11.391231 -8.383574 -6.826008 -9.294139 -31.040626 -33.441722 -36.269242 -38.704187 -40.266088 -40.291421 -41.506366 -39.756586 -37.965539 -34.044103 -40.848542 -43.862400 -39.691737 -33.527819 -41.653450 -45.763722 -45.327749 -39.465264 -38.782446 -42.752697 -48.204280 -48.877241 -44.096403 -43.919233 -48.578857 
-5.467016 7.922665 6.013345 -7.107821 -15.177854 -7.836171 -9.662892 -7.900572 -8.484803 -11.164795 -14.057862 -17.837775 -9.585940 -8.652224 -18.249952 -33.351762 -33.076942 -37.297388 -40.089958 -41.893407 -42.851332 -42.980336 -41.908887 -42.061533 -40.273872 -43.765004 -46.437342 -42.426065 -38.656100 -47.038511 -48.738850 -47.816346 -42.993575 -43.145571 -44.535322 -50.143173 -50.857343 -48.269650 -47.744641 -51.065455 
-6.339754 5.339485 3.600350 -5.686247 -11.033104 -18.236328 -27.969588 -21.898393 -15.330219 -16.723144 -15.373393 -17.663190 -15.081842 -12.861044 -21.051765 -34.508829 -39.003128 -41.977192 -44.700896 -47.078003 -47.528849 -46.828403 -45.878914 -46.922595 -42.220814 -48.374639 -49.979098 -46.662914 -43.236728 -52.840854 -53.986801 -55.462103 -46.668481 -44.273642 -49.686454 -55.103440 -54.249240 -50.534943 -50.099278 -54.194186 
-13.260216 1.033838 -0.697042 -8.123401 -15.365179 -35.142780 -33.016585 -25.042687 -24.886300 -23.123147 -18.826249 -17.820422 -15.312926 -19.548544 -24.108325 -33.216007 -41.710315 -36.878219 -44.171177 -51.320661 -52.584212 -51.981090 -46.012633 -46.121783 -43.132179 -49.555272 -53.026674 -48.050233 -45.414700 -55.153845 -59.037429 -60.135584 -50.396818 -48.698161 -50.731129 -58.060577 -55.000761 -51.023654 -54.110710 -55.979625 
-16.945056 -4.869381 -5.410300 -13.441899 -19.973805 -26.666614 -24.752718 -20.704730 -23.356445 -19.915865 -19.452037 -14.599839 -18.005687 -24.508960 -31.326710 -45.887568 -46.224629 -42.499744 -42.414515 -45.153882 -49.069995 -51.070445 -48.528291 -51.204260 -48.936112 -50.656457 -52.554535 -51.258656 -46.442214 -56.272301 -59.922942 -62.373181 -52.108334 -50.599167 -53.928556 -59.478384 -57.051695 -52.958626 -53.435513 -58.658622 
-22.548597 -17.602711 -14.042046 -19.966470 -29.119400 -24.716098 -29.978070 -24.833344 -28.879779 -26.352170 -17.098869 -21.972220 -25.727257 -24.347969 -36.713046 -45.815473 -44.586230 -43.498326 -46.612583 -47.556959 -50.583822 -53.642324 -47.820446 -51.607487 -45.170379 -52.156121 -55.363382 -51.656915 -47.247149 -58.229238 -56.785039 -58.570590 -52.831906 -53.652967 -58.676215 -59.654881 -59.790536 -56.964975 -55.414316 -61.054871 
-21.861677 -20.470723 -19.307544 -22.464377 -32.382523 -37.604637 -36.516075 -31.430146 -25.892394 -24.718405 -27.975812 -23.164526 -27.437687 -28.201732 -30.007922 -47.112769 -42.242142 -39.671341 -51.269215 -47.567821 -50.647947 -51.744268 -51.466902 -55.868779 -49.353829 -52.936031 -58.252660 -51.993903 -47.293349 -57.055076 -57.471743 -57.435563 -53.965016 -52.996639 -58.479256 -59.680986 -54.850871 -54.845745 -56.508413 -61.942860 
-24.820346 -29.052671 -31.224125 -26.629023 -30.813963 -33.756151 -37.666643 -36.133900 -32.103747 -33.513767 -30.422284 -24.630700 -28.389314 -27.855448 -31.306381 -43.889232 -45.493874 -41.815967 -49.678595 -52.886001 -56.292046 -55.316447 -59.574291 -48.915371 -47.071961 -56.108739 -60.628991 -54.706985 -49.847899 -55.666719 -59.065534 -56.613846 -52.303373 -57.203985 -60.893853 -61.149972 -56.220645 -60.534295 -59.410133 -62.855323 
-28.003416 -32.138748 -40.959267 -39.904003 -30.086306 -32.568979 -41.410679 -40.654827 -33.145368 -39.970905 -33.047561 -35.476597 -35.290837 -30.740128 -37.303010 -45.988148 -49.110408 -41.997174 -50.260660 -52.937690 -56.254610 -58.377160 -58.937365 -52.579112 -53.609860 -58.854234 -59.552277 -51.464068 -53.103662 -61.696803 -60.790403 -58.910035 -51.108879 -58.188934 -62.071754 -60.869569 -58.291170 -64.406580 -62.977070 -64.484972 
-27.943846 -33.265725 -38.461191 -47.723606 -42.381231 -40.639099 -42.093029 -38.965025 -40.006146 -46.491183 -36.858141 -39.054224 -41.669375 -43.572953 -47.685404 -54.079553 -54.629748 -48.660484 -54.620882 -64.104008 -58.191991 -60.687309 -56.601797 -57.913511 -57.093880 -61.078234 -63.358309 -60.909086 -57.365885 -59.816928 -62.596460 -61.603128 -60.127704 -63.072050 -61.187149 -63.668100 -63.852523 -65.135604 -64.161716 -65.282672 
-22.093266 -26.105348 -32.762872 -36.385544 -43.288929 -41.608409 -40.874123 -42.493363 -40.496865 -44.766551 -47.420079 -46.890711 -40.852680 -42.074915 -45.705430 -49.127596 -49.360449 -48.887976 -56.381161 -60.780981 -59.595410 -61.392849 -60.227465 -57.091557 -61.165477 -61.809163 -62.140825 -65.917718 -65.900009 -63.316019 -64.949267 -62.322695 -65.385133 -64.775771 -64.610668 -65.797806 -63.255188 -68.082388 -66.697705 -68.491238 
-31.031003 -29.181147 -32.267349 -36.516494 -47.857532 -44.616107 -44.709583 -43.789987 -45.559634 -50.874767 -55.870257 -55.232396 -46.508023 -53.763769 -55.111662 -56.554798 -54.554687 -56.057293 -61.497017 -62.950910 -62.459799 -59.279313 -62.949065 -58.103065 -61.551218 -61.033866 -59.811708 -63.203849 -59.880350 -63.515597 -64.246134 -63.339364 -63.885686 -63.440580 -62.296911 -62.511068 -64.781283 -63.235225 -62.816329 -67.531299 
-35.905446 -38.643541 -44.950339 -52.357466 -52.588337 -53.127402 -55.714707 -55.311065 -55.755003 -61.301616 -67.055430 -65.679265 -62.961646 -64.371070 -66.235526 -68.301173 -66.517910 -63.720654 -71.419203 -73.598358 -70.451742 -68.125492 -69.894849 -68.547306 -70.394427 -69.670397 -69.548949 -70.224343 -67.930777 -73.010860 -72.605705 -70.514070 -71.858661 -70.180444 -70.941377 -71.039827 -72.189544 -70.367908 -69.866410 -74.247951 
-55.889162 -70.973997 -73.170130 -71.095807 -75.664256 -70.572864 -72.218215 -77.006845 -71.083712 -67.782016 -71.764924 -75.409290 -72.524509 -72.201045 -76.334833 -79.306234 -80.284254 -74.961744 -72.336362 -74.157847 -75.762845 -71.477336 -73.055840 -71.114439 -74.736796 -73.510871 -74.035573 -73.861459 -70.470321 -72.340574 -73.243077 -73.105194 -72.098032 -72.727728 -70.569074 -73.986787 -74.103007 -74.781043 -75.528722 -76.462410 
-55.534935 -68.878340 -71.318760 -73.937351 -79.713415 -71.474149 -75.104932 -76.949650 -71.624002 -77.258782 -78.758958 -71.452123 -75.480021 -75.063664 -79.753227 -75.819668 -72.571379 -74.855562 -72.184015 -75.733080 -75.911605 -72.347762 -73.168030 -75.559900 -73.766750 -70.762535 -75.410416 -76.923740 -72.978221 -72.250764 -73.544617 -72.172572 -74.558656 -72.663685 -72.854146 -74.115793 -74.648520 -72.819287 -76.063442 -77.509236 
-56.671165 -72.830320 -76.556902 -73.491234 -72.056198 -73.682283 -74.825948 -73.630158 -70.717178 -73.729895 -76.757107 -73.316306 -69.431950 -75.996233 -79.142353 -74.556345 -72.001473 -73.958652 -73.329790 -75.845392 -73.589247 -72.829958 -79.107648 -78.675588 -74.732020 -72.101221 -73.966083 -73.616792 -72.042170 -72.862607 -73.105768 -72.661180 -74.505950 -74.213536 -73.271571 -73.901968 -74.181615 -75.241908 -75.476481 -74.457911 
-58.536996 -78.215719 -77.237890 -73.932101 -75.939179 -73.864990 -75.751689 -73.716094 -70.020066 -69.346167 -68.564553 -71.330109 -73.777081 -71.101544 -76.952691 -73.030650 -75.279351 -75.510084 -72.645994 -71.677261 -73.715520 -73.413368 -75.001856 -76.716331 -71.865649 -72.972139 -77.201764 -78.334331 -73.630580 -75.539655 -72.804746 -74.291448 -74.992473 -74.777459 -74.200361 -74.720118 -74.857047 -73.342433 -75.052574 -75.688562 
-56.416378 -72.412180 -73.735522 -76.957864 -75.466361 -70.065321 -71.381867 -75.548945 -79.438464 -78.113443 -75.779642 -73.754290 -72.322930 -74.949912 -77.188330 -74.753417 -73.648699 -76.144145 -69.992431 -76.196571 -76.692131 -70.055682 -76.197340 -72.582037 -74.902850 -73.052873 -74.123704 -75.584811 -74.254289 -75.438239 -74.069914 -74.080019 -72.778405 -76.310863 -75.724186 -74.093220 -73.008762 -73.245806 -74.109024 -73.074135 
-57.688552 -76.796637 -74.791134 -79.532953 -77.284090 -75.174735 -77.574757 -75.527219 -76.650293 -79.305923 -74.436892 -71.816853 -78.719890 -77.557742 -80.190433 -72.648613 -72.660816 -76.658009 -75.302376 -78.434470 -77.706789 -73.730140 -75.096570 -77.095143 -73.979682 -70.629877 -72.789173 -72.410340 -73.060602 -73.514093 -75.208050 -72.615546 -74.331197 -74.435093 -77.433084 -73.945760 -76.881578 -76.265539 -75.379284 -75.519626 
-56.838409 -75.269857 -73.096981 -74.834898 -76.753964 -74.046561 -71.454459 -74.518354 -77.236118 -71.646143 -72.591504 -75.490253 -73.677699 -80.207659 -73.004558 -71.321623 -71.898776 -75.324847 -71.300002 -76.009765 -76.380669 -74.687394 -73.131575 -73.560429 -70.249238 -73.311784 -73.020611 -74.008512 -74.494973 -79.066387 -73.225426 -71.771790 -73.166414 -73.235675 -74.746272 -73.216823 -72.457337 -74.036461 -73.721562 -75.334024 
-54.972789 -71.913009 -73.310295 -69.051254 -74.238704 -71.193647 -72.252826 -74.531998 -75.521308 -77.529897 -77.237296 -73.895561 -74.621011 -77.916096 -74.753603 -71.570790 -72.829436 -78.135552 -77.397635 -73.985777 -74.530867 -76.064049 -77.701498 -74.368312 -74.936403 -73.866418 -71.276731 -72.694456 -71.726332 -74.859686 -72.321347 -73.402448 -72.475557 -72.304009 -73.765261 -73.163195 -72.982989 -75.642975 -74.778406 -75.574608 
-61.544520 -66.594453 -70.391397 -73.595287 -77.322026 -76.288479 -75.220691 -74.516484 -76.922348 -87.131623 -81.334940 -81.701174 -87.425050 -81.716504 -75.542297 -77.497516 -77.188025 -78.704714 -83.396862 -81.418239 -80.187898 -78.686503 -84.876914 -77.680286 -82.986394 -86.995685 -78.880676 -78.900101 -74.054326 -80.393798 -79.843843 -77.287756 -78.402251 -77.801367 -79.410468 -77.521702 -80.807182 -79.578481 -80.723839 -81.218866 
-115.457036 -115.457870 -115.459247 -115.461535 -115.464571 -115.468699 -115.473546 -115.479455 -115.486773 -115.494711 -115.503254 -115.512229 -115.520629 -115.527911 -115.533008 -115.534660 -115.531779 -115.523507 -115.509623 -115.491297 -115.471015 -115.453132 -115.443497 -115.447133 -115.466498 -115.498082 -115.530795 -115.548374 -115.537971 -115.500317 -115.455988 -115.436256 -115.459271 -115.512574 -115.554623 -115.536373 -115.445218 -115.418322 -115.988355 -118.062373 
NaN NaN NaN NaN NaN NaN NaN NaN NaN NaN NaN NaN NaN NaN NaN NaN NaN NaN NaN NaN NaN NaN NaN NaN NaN NaN NaN NaN NaN NaN NaN NaN NaN NaN NaN NaN NaN NaN NaN NaN 
NaN NaN NaN NaN NaN NaN NaN NaN NaN NaN NaN NaN NaN NaN NaN NaN NaN NaN NaN NaN NaN NaN NaN NaN NaN NaN NaN NaN NaN NaN NaN NaN NaN NaN NaN NaN NaN NaN NaN NaN 
NaN NaN NaN NaN NaN NaN NaN NaN NaN NaN NaN NaN NaN NaN NaN NaN NaN NaN NaN NaN NaN NaN NaN NaN NaN NaN NaN NaN NaN NaN NaN NaN NaN NaN NaN NaN NaN NaN NaN NaN 
NaN NaN NaN NaN NaN NaN NaN NaN NaN NaN NaN NaN NaN NaN NaN NaN NaN NaN NaN NaN NaN NaN NaN NaN NaN NaN NaN NaN NaN NaN NaN NaN NaN NaN NaN NaN NaN NaN NaN NaN 
NaN NaN NaN NaN NaN NaN NaN NaN NaN NaN NaN NaN NaN NaN NaN NaN NaN NaN NaN NaN NaN NaN NaN NaN NaN NaN NaN NaN NaN NaN NaN NaN NaN NaN NaN NaN NaN NaN NaN NaN 
NaN NaN NaN NaN NaN NaN NaN NaN NaN NaN NaN NaN NaN NaN NaN NaN NaN NaN NaN NaN NaN NaN NaN NaN NaN NaN NaN NaN NaN NaN NaN NaN NaN NaN NaN NaN NaN NaN NaN NaN 
NaN NaN NaN NaN NaN NaN NaN NaN NaN NaN NaN NaN NaN NaN NaN NaN NaN NaN NaN NaN NaN NaN NaN NaN NaN NaN NaN NaN NaN NaN NaN NaN NaN NaN NaN NaN NaN NaN NaN NaN 
NaN NaN NaN NaN NaN NaN NaN NaN NaN NaN NaN NaN NaN NaN NaN NaN NaN NaN NaN NaN NaN NaN NaN NaN NaN NaN NaN NaN NaN NaN NaN NaN NaN NaN NaN NaN NaN NaN NaN NaN 
NaN NaN NaN NaN NaN NaN NaN NaN NaN NaN NaN NaN NaN NaN NaN NaN NaN NaN NaN NaN NaN NaN NaN NaN NaN NaN NaN NaN NaN NaN NaN NaN NaN NaN NaN NaN NaN NaN NaN NaN 
NaN NaN NaN NaN NaN NaN NaN NaN NaN NaN NaN NaN NaN NaN NaN NaN NaN NaN NaN NaN NaN NaN NaN NaN NaN NaN NaN NaN NaN NaN NaN NaN NaN NaN NaN NaN NaN NaN NaN NaN 
NaN NaN NaN NaN NaN NaN NaN NaN NaN NaN NaN NaN NaN NaN NaN NaN NaN NaN NaN NaN NaN NaN NaN NaN NaN NaN NaN NaN NaN NaN NaN NaN NaN NaN NaN NaN NaN NaN NaN NaN 
NaN NaN NaN NaN NaN NaN NaN NaN NaN NaN NaN NaN NaN NaN NaN NaN NaN NaN NaN NaN NaN NaN NaN NaN NaN NaN NaN NaN NaN NaN NaN NaN NaN NaN NaN NaN NaN NaN NaN NaN 
NaN NaN NaN NaN NaN NaN NaN NaN NaN NaN NaN NaN NaN NaN NaN NaN NaN NaN NaN NaN NaN NaN NaN NaN NaN NaN NaN NaN NaN NaN NaN NaN NaN NaN NaN NaN NaN NaN NaN NaN 
NaN NaN NaN NaN NaN NaN NaN NaN NaN NaN NaN NaN NaN NaN NaN NaN NaN NaN NaN NaN NaN NaN NaN NaN NaN NaN NaN NaN NaN NaN NaN NaN NaN NaN NaN NaN NaN NaN NaN NaN 
NaN NaN NaN NaN NaN NaN NaN NaN NaN NaN NaN NaN NaN NaN NaN NaN NaN NaN NaN NaN NaN NaN NaN NaN NaN NaN NaN NaN NaN NaN NaN NaN NaN NaN NaN NaN NaN NaN NaN NaN 
NaN NaN NaN NaN NaN NaN NaN NaN NaN NaN NaN NaN NaN NaN NaN NaN NaN NaN NaN NaN NaN NaN NaN NaN NaN NaN NaN NaN NaN NaN NaN NaN NaN NaN NaN NaN NaN NaN NaN NaN 
NaN NaN NaN NaN NaN NaN NaN NaN NaN NaN NaN NaN NaN NaN NaN NaN NaN NaN NaN NaN NaN NaN NaN NaN NaN NaN NaN NaN NaN NaN NaN NaN NaN NaN NaN NaN NaN NaN NaN NaN 
NaN NaN NaN NaN NaN NaN NaN NaN NaN NaN NaN NaN NaN NaN NaN NaN NaN NaN NaN NaN NaN NaN NaN NaN NaN NaN NaN NaN NaN NaN NaN NaN NaN NaN NaN NaN NaN NaN NaN NaN 
NaN NaN NaN NaN NaN NaN NaN NaN NaN NaN NaN NaN NaN NaN NaN NaN NaN NaN NaN NaN NaN NaN NaN NaN NaN NaN NaN NaN NaN NaN NaN NaN NaN NaN NaN NaN NaN NaN NaN NaN 
NaN NaN NaN NaN NaN NaN NaN NaN NaN NaN NaN NaN NaN NaN NaN NaN NaN NaN NaN NaN NaN NaN NaN NaN NaN NaN NaN NaN NaN NaN NaN NaN NaN NaN NaN NaN NaN NaN NaN NaN 
NaN NaN NaN NaN NaN NaN NaN NaN NaN NaN NaN NaN NaN NaN NaN NaN NaN NaN NaN NaN NaN NaN NaN NaN NaN NaN NaN NaN NaN NaN NaN NaN NaN NaN NaN NaN NaN NaN NaN NaN 
NaN NaN NaN NaN NaN NaN NaN NaN NaN NaN NaN NaN NaN NaN NaN NaN NaN NaN NaN NaN NaN NaN NaN NaN NaN NaN NaN NaN NaN NaN NaN NaN NaN NaN NaN NaN NaN NaN NaN NaN 
NaN NaN NaN NaN NaN NaN NaN NaN NaN NaN NaN NaN NaN NaN NaN NaN NaN NaN NaN NaN NaN NaN NaN NaN NaN NaN NaN NaN NaN NaN NaN NaN NaN NaN NaN NaN NaN NaN NaN NaN 
NaN NaN NaN NaN NaN NaN NaN NaN NaN NaN NaN NaN NaN NaN NaN NaN NaN NaN NaN NaN NaN NaN NaN NaN NaN NaN NaN NaN NaN NaN NaN NaN NaN NaN NaN NaN NaN NaN NaN NaN 
NaN NaN NaN NaN NaN NaN NaN NaN NaN NaN NaN NaN NaN NaN NaN NaN NaN NaN NaN NaN NaN NaN NaN NaN NaN NaN NaN NaN NaN NaN NaN NaN NaN NaN NaN NaN NaN NaN NaN NaN 
NaN NaN NaN NaN NaN NaN NaN NaN NaN NaN NaN NaN NaN NaN NaN NaN NaN NaN NaN NaN NaN NaN NaN NaN NaN NaN NaN NaN NaN NaN NaN NaN NaN NaN NaN NaN NaN NaN NaN NaN 
NaN NaN NaN NaN NaN NaN NaN NaN NaN NaN NaN NaN NaN NaN NaN NaN NaN NaN NaN NaN NaN NaN NaN NaN NaN NaN NaN NaN NaN NaN NaN NaN NaN NaN NaN NaN NaN NaN NaN NaN 
NaN NaN NaN NaN NaN NaN NaN NaN NaN NaN NaN NaN NaN NaN NaN NaN NaN NaN NaN NaN NaN NaN NaN NaN NaN NaN NaN NaN NaN NaN NaN NaN NaN NaN NaN NaN NaN NaN NaN NaN 
NaN NaN NaN NaN NaN NaN NaN NaN NaN NaN NaN NaN NaN NaN NaN NaN NaN NaN NaN NaN NaN NaN NaN NaN NaN NaN NaN NaN NaN NaN NaN NaN NaN NaN NaN NaN NaN NaN NaN NaN 
NaN NaN NaN NaN NaN NaN NaN NaN NaN NaN NaN NaN NaN NaN NaN NaN NaN NaN NaN NaN NaN NaN NaN NaN NaN NaN NaN NaN NaN NaN NaN NaN NaN NaN NaN NaN NaN NaN NaN NaN 
NaN NaN NaN NaN NaN NaN NaN NaN NaN NaN NaN NaN NaN NaN NaN NaN NaN NaN NaN NaN NaN NaN NaN NaN NaN NaN NaN NaN NaN NaN NaN NaN NaN NaN NaN NaN NaN NaN NaN NaN 
NaN NaN NaN NaN NaN NaN NaN NaN NaN NaN NaN NaN NaN NaN NaN NaN NaN NaN NaN NaN NaN NaN NaN NaN NaN NaN NaN NaN NaN NaN NaN NaN NaN NaN NaN NaN NaN NaN NaN NaN 
NaN NaN NaN NaN NaN NaN NaN NaN NaN NaN NaN NaN NaN NaN NaN NaN NaN NaN NaN NaN NaN NaN NaN NaN NaN NaN NaN NaN NaN NaN NaN NaN NaN NaN NaN NaN NaN NaN NaN NaN 
NaN NaN NaN NaN NaN NaN NaN NaN NaN NaN NaN NaN NaN NaN NaN NaN NaN NaN NaN NaN NaN NaN NaN NaN NaN NaN NaN NaN NaN NaN NaN NaN NaN NaN NaN NaN NaN NaN NaN NaN 
NaN NaN NaN NaN NaN NaN NaN NaN NaN NaN NaN NaN NaN NaN NaN NaN NaN NaN NaN NaN NaN NaN NaN NaN NaN NaN NaN NaN NaN NaN NaN NaN NaN NaN NaN NaN NaN NaN NaN NaN 
NaN NaN NaN NaN NaN NaN NaN NaN NaN NaN NaN NaN NaN NaN NaN NaN NaN NaN NaN NaN NaN NaN NaN NaN NaN NaN NaN NaN NaN NaN NaN NaN NaN NaN NaN NaN NaN NaN NaN NaN 
NaN NaN NaN NaN NaN NaN NaN NaN NaN NaN NaN NaN NaN NaN NaN NaN NaN NaN NaN NaN NaN NaN NaN NaN NaN NaN NaN NaN NaN NaN NaN NaN NaN NaN NaN NaN NaN NaN NaN NaN 
NaN NaN NaN NaN NaN NaN NaN NaN NaN NaN NaN NaN NaN NaN NaN NaN NaN NaN NaN NaN NaN NaN NaN NaN NaN NaN NaN NaN NaN NaN NaN NaN NaN NaN NaN NaN NaN NaN NaN NaN 
NaN NaN NaN NaN NaN NaN NaN NaN NaN NaN NaN NaN NaN NaN NaN NaN NaN NaN NaN NaN NaN NaN NaN NaN NaN NaN NaN NaN NaN NaN NaN NaN NaN NaN NaN NaN NaN NaN NaN NaN 
NaN NaN NaN NaN NaN NaN NaN NaN NaN NaN NaN NaN NaN NaN NaN NaN NaN NaN NaN NaN NaN NaN NaN NaN NaN NaN NaN NaN NaN NaN NaN NaN NaN NaN NaN NaN NaN NaN NaN NaN 
NaN NaN NaN NaN NaN NaN NaN NaN NaN NaN NaN NaN NaN NaN NaN NaN NaN NaN NaN NaN NaN NaN NaN NaN NaN NaN NaN NaN NaN NaN NaN NaN NaN NaN NaN NaN NaN NaN NaN NaN 
NaN NaN NaN NaN NaN NaN NaN NaN NaN NaN NaN NaN NaN NaN NaN NaN NaN NaN NaN NaN NaN NaN NaN NaN NaN NaN NaN NaN NaN NaN NaN NaN NaN NaN NaN NaN NaN NaN NaN NaN 
NaN NaN NaN NaN NaN NaN NaN NaN NaN NaN NaN NaN NaN NaN NaN NaN NaN NaN NaN NaN NaN NaN NaN NaN NaN NaN NaN NaN NaN NaN NaN NaN NaN NaN NaN NaN NaN NaN NaN NaN 
NaN NaN NaN NaN NaN NaN NaN NaN NaN NaN NaN NaN NaN NaN NaN NaN NaN NaN NaN NaN NaN NaN NaN NaN NaN NaN NaN NaN NaN NaN NaN NaN NaN NaN NaN NaN NaN NaN NaN NaN 
NaN NaN NaN NaN NaN NaN NaN NaN NaN NaN NaN NaN NaN NaN NaN NaN NaN NaN NaN NaN NaN NaN NaN NaN NaN NaN NaN NaN NaN NaN NaN NaN NaN NaN NaN NaN NaN NaN NaN NaN 
NaN NaN NaN NaN NaN NaN NaN NaN NaN NaN NaN NaN NaN NaN NaN NaN NaN NaN NaN NaN NaN NaN NaN NaN NaN NaN NaN NaN NaN NaN NaN NaN NaN NaN NaN NaN NaN NaN NaN NaN 
NaN NaN NaN NaN NaN NaN NaN NaN NaN NaN NaN NaN NaN NaN NaN NaN NaN NaN NaN NaN NaN NaN NaN NaN NaN NaN NaN NaN NaN NaN NaN NaN NaN NaN NaN NaN NaN NaN NaN NaN 
NaN NaN NaN NaN NaN NaN NaN NaN NaN NaN NaN NaN NaN NaN NaN NaN NaN NaN NaN NaN NaN NaN NaN NaN NaN NaN NaN NaN NaN NaN NaN NaN NaN NaN NaN NaN NaN NaN NaN NaN 
NaN NaN NaN NaN NaN NaN NaN NaN NaN NaN NaN NaN NaN NaN NaN NaN NaN NaN NaN NaN NaN NaN NaN NaN NaN NaN NaN NaN NaN NaN NaN NaN NaN NaN NaN NaN NaN NaN NaN NaN 
NaN NaN NaN NaN NaN NaN NaN NaN NaN NaN NaN NaN NaN NaN NaN NaN NaN NaN NaN NaN NaN NaN NaN NaN NaN NaN NaN NaN NaN NaN NaN NaN NaN NaN NaN NaN NaN NaN NaN NaN 
NaN NaN NaN NaN NaN NaN NaN NaN NaN NaN NaN NaN NaN NaN NaN NaN NaN NaN NaN NaN NaN NaN NaN NaN NaN NaN NaN NaN NaN NaN NaN NaN NaN NaN NaN NaN NaN NaN NaN NaN 
NaN NaN NaN NaN NaN NaN NaN NaN NaN NaN NaN NaN NaN NaN NaN NaN NaN NaN NaN NaN NaN NaN NaN NaN NaN NaN NaN NaN NaN NaN NaN NaN NaN NaN NaN NaN NaN NaN NaN NaN 
NaN NaN NaN NaN NaN NaN NaN NaN NaN NaN NaN NaN NaN NaN NaN NaN NaN NaN NaN NaN NaN NaN NaN NaN NaN NaN NaN NaN NaN NaN NaN NaN NaN NaN NaN NaN NaN NaN NaN NaN 
NaN NaN NaN NaN NaN NaN NaN NaN NaN NaN NaN NaN NaN NaN NaN NaN NaN NaN NaN NaN NaN NaN NaN NaN NaN NaN NaN NaN NaN NaN NaN NaN NaN NaN NaN NaN NaN NaN NaN NaN 
NaN NaN NaN NaN NaN NaN NaN NaN NaN NaN NaN NaN NaN NaN NaN NaN NaN NaN NaN NaN NaN NaN NaN NaN NaN NaN NaN NaN NaN NaN NaN NaN NaN NaN NaN NaN NaN NaN NaN NaN 
NaN NaN NaN NaN NaN NaN NaN NaN NaN NaN NaN NaN NaN NaN NaN NaN NaN NaN NaN NaN NaN NaN NaN NaN NaN NaN NaN NaN NaN NaN NaN NaN NaN NaN NaN NaN NaN NaN NaN NaN 
NaN NaN NaN NaN NaN NaN NaN NaN NaN NaN NaN NaN NaN NaN NaN NaN NaN NaN NaN NaN NaN NaN NaN NaN NaN NaN NaN NaN NaN NaN NaN NaN NaN NaN NaN NaN NaN NaN NaN NaN 
NaN NaN NaN NaN NaN NaN NaN NaN NaN NaN NaN NaN NaN NaN NaN NaN NaN NaN NaN NaN NaN NaN NaN NaN NaN NaN NaN NaN NaN NaN NaN NaN NaN NaN NaN NaN NaN NaN NaN NaN 
NaN NaN NaN NaN NaN NaN NaN NaN NaN NaN NaN NaN NaN NaN NaN NaN NaN NaN NaN NaN NaN NaN NaN NaN NaN NaN NaN NaN NaN NaN NaN NaN NaN NaN NaN NaN NaN NaN NaN NaN 
NaN NaN NaN NaN NaN NaN NaN NaN NaN NaN NaN NaN NaN NaN NaN NaN NaN NaN NaN NaN NaN NaN NaN NaN NaN NaN NaN NaN NaN NaN NaN NaN NaN NaN NaN NaN NaN NaN NaN NaN 
NaN NaN NaN NaN NaN NaN NaN NaN NaN NaN NaN NaN NaN NaN NaN NaN NaN NaN NaN NaN NaN NaN NaN NaN NaN NaN NaN NaN NaN NaN NaN NaN NaN NaN NaN NaN NaN NaN NaN NaN 
NaN NaN NaN NaN NaN NaN NaN NaN NaN NaN NaN NaN NaN NaN NaN NaN NaN NaN NaN NaN NaN NaN NaN NaN NaN NaN NaN NaN NaN NaN NaN NaN NaN NaN NaN NaN NaN NaN NaN NaN 
NaN NaN NaN NaN NaN NaN NaN NaN NaN NaN NaN NaN NaN NaN NaN NaN NaN NaN NaN NaN NaN NaN NaN NaN NaN NaN NaN NaN NaN NaN NaN NaN NaN NaN NaN NaN NaN NaN NaN NaN 
NaN NaN NaN NaN NaN NaN NaN NaN NaN NaN NaN NaN NaN NaN NaN NaN NaN NaN NaN NaN NaN NaN NaN NaN NaN NaN NaN NaN NaN NaN NaN NaN NaN NaN NaN NaN NaN NaN NaN NaN 
NaN NaN NaN NaN NaN NaN NaN NaN NaN NaN NaN NaN NaN NaN NaN NaN NaN NaN NaN NaN NaN NaN NaN NaN NaN NaN NaN NaN NaN NaN NaN NaN NaN NaN NaN NaN NaN NaN NaN NaN 
NaN NaN NaN NaN NaN NaN NaN NaN NaN NaN NaN NaN NaN NaN NaN NaN NaN NaN NaN NaN NaN NaN NaN NaN NaN NaN NaN NaN NaN NaN NaN NaN NaN NaN NaN NaN NaN NaN NaN NaN 
NaN NaN NaN NaN NaN NaN NaN NaN NaN NaN NaN NaN NaN NaN NaN NaN NaN NaN NaN NaN NaN NaN NaN NaN NaN NaN NaN NaN NaN NaN NaN NaN NaN NaN NaN NaN NaN NaN NaN NaN 
NaN NaN NaN NaN NaN NaN NaN NaN NaN NaN NaN NaN NaN NaN NaN NaN NaN NaN NaN NaN NaN NaN NaN NaN NaN NaN NaN NaN NaN NaN NaN NaN NaN NaN NaN NaN NaN NaN NaN NaN 
NaN NaN NaN NaN NaN NaN NaN NaN NaN NaN NaN NaN NaN NaN NaN NaN NaN NaN NaN NaN NaN NaN NaN NaN NaN NaN NaN NaN NaN NaN NaN NaN NaN NaN NaN NaN NaN NaN NaN NaN 
NaN NaN NaN NaN NaN NaN NaN NaN NaN NaN NaN NaN NaN NaN NaN NaN NaN NaN NaN NaN NaN NaN NaN NaN NaN NaN NaN NaN NaN NaN NaN NaN NaN NaN NaN NaN NaN NaN NaN NaN 
NaN NaN NaN NaN NaN NaN NaN NaN NaN NaN NaN NaN NaN NaN NaN NaN NaN NaN NaN NaN NaN NaN NaN NaN NaN NaN NaN NaN NaN NaN NaN NaN NaN NaN NaN NaN NaN NaN NaN NaN 
NaN NaN NaN NaN NaN NaN NaN NaN NaN NaN NaN NaN NaN NaN NaN NaN NaN NaN NaN NaN NaN NaN NaN NaN NaN NaN NaN NaN NaN NaN NaN NaN NaN NaN NaN NaN NaN NaN NaN NaN 
NaN NaN NaN NaN NaN NaN NaN NaN NaN NaN NaN NaN NaN NaN NaN NaN NaN NaN NaN NaN NaN NaN NaN NaN NaN NaN NaN NaN NaN NaN NaN NaN NaN NaN NaN NaN NaN NaN NaN NaN 
NaN NaN NaN NaN NaN NaN NaN NaN NaN NaN NaN NaN NaN NaN NaN NaN NaN NaN NaN NaN NaN NaN NaN NaN NaN NaN NaN NaN NaN NaN NaN NaN NaN NaN NaN NaN NaN NaN NaN NaN 
NaN NaN NaN NaN NaN NaN NaN NaN NaN NaN NaN NaN NaN NaN NaN NaN NaN NaN NaN NaN NaN NaN NaN NaN NaN NaN NaN NaN NaN NaN NaN NaN NaN NaN NaN NaN NaN NaN NaN NaN 
NaN NaN NaN NaN NaN NaN NaN NaN NaN NaN NaN NaN NaN NaN NaN NaN NaN NaN NaN NaN NaN NaN NaN NaN NaN NaN NaN NaN NaN NaN NaN NaN NaN NaN NaN NaN NaN NaN NaN NaN 
NaN NaN NaN NaN NaN NaN NaN NaN NaN NaN NaN NaN NaN NaN NaN NaN NaN NaN NaN NaN NaN NaN NaN NaN NaN NaN NaN NaN NaN NaN NaN NaN NaN NaN NaN NaN NaN NaN NaN NaN 
