NaN NaN NaN NaN NaN NaN NaN NaN NaN NaN NaN NaN NaN NaN NaN NaN NaN NaN NaN NaN NaN NaN NaN NaN NaN NaN NaN NaN NaN NaN NaN NaN NaN NaN NaN NaN NaN NaN NaN NaN 
NaN NaN NaN NaN NaN NaN NaN NaN NaN NaN NaN NaN NaN NaN NaN NaN NaN NaN NaN NaN NaN NaN NaN NaN NaN NaN NaN NaN NaN NaN NaN NaN NaN NaN NaN NaN NaN NaN NaN NaN 
NaN NaN NaN NaN NaN NaN NaN NaN NaN NaN NaN NaN NaN NaN NaN NaN NaN NaN NaN NaN NaN NaN NaN NaN NaN NaN NaN NaN NaN NaN NaN NaN NaN NaN NaN NaN NaN NaN NaN NaN 
NaN NaN NaN NaN NaN NaN NaN NaN NaN NaN NaN NaN NaN NaN NaN NaN NaN NaN NaN NaN NaN NaN NaN NaN NaN NaN NaN NaN NaN NaN NaN NaN NaN NaN NaN NaN NaN NaN NaN NaN 
NaN NaN NaN NaN NaN NaN NaN NaN NaN NaN NaN NaN NaN NaN NaN NaN NaN NaN NaN NaN NaN NaN NaN NaN NaN NaN NaN NaN NaN NaN NaN NaN NaN NaN NaN NaN NaN NaN NaN NaN 
NaN NaN NaN NaN NaN NaN NaN NaN NaN NaN NaN NaN NaN NaN NaN NaN NaN NaN NaN NaN NaN NaN NaN NaN NaN NaN NaN NaN NaN NaN NaN NaN NaN NaN NaN NaN NaN NaN NaN NaN 
NaN NaN NaN NaN NaN NaN NaN NaN NaN NaN NaN NaN NaN NaN NaN NaN NaN NaN NaN NaN NaN NaN NaN NaN NaN NaN NaN NaN NaN NaN NaN NaN NaN NaN NaN NaN NaN NaN NaN NaN 
NaN NaN NaN NaN NaN NaN NaN NaN NaN NaN NaN NaN NaN NaN NaN NaN NaN NaN NaN NaN NaN NaN NaN NaN NaN NaN NaN NaN NaN NaN NaN NaN NaN NaN NaN NaN NaN NaN NaN NaN 
NaN NaN NaN NaN NaN NaN NaN NaN NaN NaN NaN NaN NaN NaN NaN NaN NaN NaN NaN NaN NaN NaN NaN NaN NaN NaN NaN NaN NaN NaN NaN NaN NaN NaN NaN NaN NaN NaN NaN NaN 
NaN NaN NaN NaN NaN NaN NaN NaN NaN NaN NaN NaN NaN NaN NaN NaN NaN NaN NaN NaN NaN NaN NaN NaN NaN NaN NaN NaN NaN NaN NaN NaN NaN NaN NaN NaN NaN NaN NaN NaN 
NaN NaN NaN NaN NaN NaN NaN NaN NaN NaN NaN NaN NaN NaN NaN NaN NaN NaN NaN NaN NaN NaN NaN NaN NaN NaN NaN NaN NaN NaN NaN NaN NaN NaN NaN NaN NaN NaN NaN NaN 
NaN NaN NaN NaN NaN NaN NaN NaN NaN NaN NaN NaN NaN NaN NaN NaN NaN NaN NaN NaN NaN NaN NaN NaN NaN NaN NaN NaN NaN NaN NaN NaN NaN NaN NaN NaN NaN NaN NaN NaN 
NaN NaN NaN NaN NaN NaN NaN NaN NaN NaN NaN NaN NaN NaN NaN NaN NaN NaN NaN NaN NaN NaN NaN NaN NaN NaN NaN NaN NaN NaN NaN NaN NaN NaN NaN NaN NaN NaN NaN NaN 
NaN NaN NaN NaN NaN NaN NaN NaN NaN NaN NaN NaN NaN NaN NaN NaN NaN NaN NaN NaN NaN NaN NaN NaN NaN NaN NaN NaN NaN NaN NaN NaN NaN NaN NaN NaN NaN NaN NaN NaN 
NaN NaN NaN NaN NaN NaN NaN NaN NaN NaN NaN NaN NaN NaN NaN NaN NaN NaN NaN NaN NaN NaN NaN NaN NaN NaN NaN NaN NaN NaN NaN NaN NaN NaN NaN NaN NaN NaN NaN NaN 
NaN NaN NaN NaN NaN NaN NaN NaN NaN NaN NaN NaN NaN NaN NaN NaN NaN NaN NaN NaN NaN NaN NaN NaN NaN NaN NaN NaN NaN NaN NaN NaN NaN NaN NaN NaN NaN NaN NaN NaN 
NaN NaN NaN NaN NaN NaN NaN NaN NaN NaN NaN NaN NaN NaN NaN NaN NaN NaN NaN NaN NaN NaN NaN NaN NaN NaN NaN NaN NaN NaN NaN NaN NaN NaN NaN NaN NaN NaN NaN NaN 
NaN NaN NaN NaN NaN NaN NaN NaN NaN NaN NaN NaN NaN NaN NaN NaN NaN NaN NaN NaN NaN NaN NaN NaN NaN NaN NaN NaN NaN NaN NaN NaN NaN NaN NaN NaN NaN NaN NaN NaN 
NaN NaN NaN NaN NaN NaN NaN NaN NaN NaN NaN NaN NaN NaN NaN NaN NaN NaN NaN NaN NaN NaN NaN NaN NaN NaN NaN NaN NaN NaN NaN NaN NaN NaN NaN NaN NaN NaN NaN NaN 
NaN NaN NaN NaN NaN NaN NaN NaN NaN NaN NaN NaN NaN NaN NaN NaN NaN NaN NaN NaN NaN NaN NaN NaN NaN NaN NaN NaN NaN NaN NaN NaN NaN NaN NaN NaN NaN NaN NaN NaN 
NaN NaN NaN NaN NaN NaN NaN NaN NaN NaN NaN NaN NaN NaN NaN NaN NaN NaN NaN NaN NaN NaN NaN NaN NaN NaN NaN NaN NaN NaN NaN NaN NaN NaN NaN NaN NaN NaN NaN NaN 
NaN NaN NaN NaN NaN NaN NaN NaN NaN NaN NaN NaN NaN NaN NaN NaN NaN NaN NaN NaN NaN NaN NaN NaN NaN NaN NaN NaN NaN NaN NaN NaN NaN NaN NaN NaN NaN NaN NaN NaN 
NaN NaN NaN NaN NaN NaN NaN NaN NaN NaN NaN NaN NaN NaN NaN NaN NaN NaN NaN NaN NaN NaN NaN NaN NaN NaN NaN NaN NaN NaN NaN NaN NaN NaN NaN NaN NaN NaN NaN NaN 
NaN NaN NaN NaN NaN NaN NaN NaN NaN NaN NaN NaN NaN NaN NaN NaN NaN NaN NaN NaN NaN NaN NaN NaN NaN NaN NaN NaN NaN NaN NaN NaN NaN NaN NaN NaN NaN NaN NaN NaN 
NaN NaN NaN NaN NaN NaN NaN NaN NaN NaN NaN NaN NaN NaN NaN NaN NaN NaN NaN NaN NaN NaN NaN NaN NaN NaN NaN NaN NaN NaN NaN NaN NaN NaN NaN NaN NaN NaN NaN NaN 
NaN NaN NaN NaN NaN NaN NaN NaN NaN NaN NaN NaN NaN NaN NaN NaN NaN NaN NaN NaN NaN NaN NaN NaN NaN NaN NaN NaN NaN NaN NaN NaN NaN NaN NaN NaN NaN NaN NaN NaN 
NaN NaN NaN NaN NaN NaN NaN NaN NaN NaN NaN NaN NaN NaN NaN NaN NaN NaN NaN NaN NaN NaN NaN NaN NaN NaN NaN NaN NaN NaN NaN NaN NaN NaN NaN NaN NaN NaN NaN NaN 
NaN NaN NaN NaN NaN NaN NaN NaN NaN NaN NaN NaN NaN NaN NaN NaN NaN NaN NaN NaN NaN NaN NaN NaN NaN NaN NaN NaN NaN NaN NaN NaN NaN NaN NaN NaN NaN NaN NaN NaN 
NaN NaN NaN NaN NaN NaN NaN NaN NaN NaN NaN NaN NaN NaN NaN NaN NaN NaN NaN NaN NaN NaN NaN NaN NaN NaN NaN NaN NaN NaN NaN NaN NaN NaN NaN NaN NaN NaN NaN NaN 
NaN NaN NaN NaN NaN NaN NaN NaN NaN NaN NaN NaN NaN NaN NaN NaN NaN NaN NaN NaN NaN NaN NaN NaN NaN NaN NaN NaN NaN NaN NaN NaN NaN NaN NaN NaN NaN NaN NaN NaN 
NaN NaN NaN NaN NaN NaN NaN NaN NaN NaN NaN NaN NaN NaN NaN NaN NaN NaN NaN NaN NaN NaN NaN NaN NaN NaN NaN NaN NaN NaN NaN NaN NaN NaN NaN NaN NaN NaN NaN NaN 
NaN NaN NaN NaN NaN NaN NaN NaN NaN NaN NaN NaN NaN NaN NaN NaN NaN NaN NaN NaN NaN NaN NaN NaN NaN NaN NaN NaN NaN NaN NaN NaN NaN NaN NaN NaN NaN NaN NaN NaN 
NaN NaN NaN NaN NaN NaN NaN NaN NaN NaN NaN NaN NaN NaN NaN NaN NaN NaN NaN NaN NaN NaN NaN NaN NaN NaN NaN NaN NaN NaN NaN NaN NaN NaN NaN NaN NaN NaN NaN NaN 
NaN NaN NaN NaN NaN NaN NaN NaN NaN NaN NaN NaN NaN NaN NaN NaN NaN NaN NaN NaN NaN NaN NaN NaN NaN NaN NaN NaN NaN NaN NaN NaN NaN NaN NaN NaN NaN NaN NaN NaN 
NaN NaN NaN NaN NaN NaN NaN NaN NaN NaN NaN NaN NaN NaN NaN NaN NaN NaN NaN NaN NaN NaN NaN NaN NaN NaN NaN NaN NaN NaN NaN NaN NaN NaN NaN NaN NaN NaN NaN NaN 
NaN NaN NaN NaN NaN NaN NaN NaN NaN NaN NaN NaN NaN NaN NaN NaN NaN NaN NaN NaN NaN NaN NaN NaN NaN NaN NaN NaN NaN NaN NaN NaN NaN NaN NaN NaN NaN NaN NaN NaN 
NaN NaN NaN NaN NaN NaN NaN NaN NaN NaN NaN NaN NaN NaN NaN NaN NaN NaN NaN NaN NaN NaN NaN NaN NaN NaN NaN NaN NaN NaN NaN NaN NaN NaN NaN NaN NaN NaN NaN NaN 
NaN NaN NaN NaN NaN NaN NaN NaN NaN NaN NaN NaN NaN NaN NaN NaN NaN NaN NaN NaN NaN NaN NaN NaN NaN NaN NaN NaN NaN NaN NaN NaN NaN NaN NaN NaN NaN NaN NaN NaN 
NaN NaN NaN NaN NaN NaN NaN NaN NaN NaN NaN NaN NaN NaN NaN NaN NaN NaN NaN NaN NaN NaN NaN NaN NaN NaN NaN NaN NaN NaN NaN NaN NaN NaN NaN NaN NaN NaN NaN NaN 
NaN NaN NaN NaN NaN NaN NaN NaN NaN NaN NaN NaN NaN NaN NaN NaN NaN NaN NaN NaN NaN NaN NaN NaN NaN NaN NaN NaN NaN NaN NaN NaN NaN NaN NaN NaN NaN NaN NaN NaN 
NaN NaN NaN NaN NaN NaN NaN NaN NaN NaN NaN NaN NaN NaN NaN NaN NaN NaN NaN NaN NaN NaN NaN NaN NaN NaN NaN NaN NaN NaN NaN NaN NaN NaN NaN NaN NaN NaN NaN NaN 
NaN NaN NaN NaN NaN NaN NaN NaN NaN NaN NaN NaN NaN NaN NaN NaN NaN NaN NaN NaN NaN NaN NaN NaN NaN NaN NaN NaN NaN NaN NaN NaN NaN NaN NaN NaN NaN NaN NaN NaN 
NaN NaN NaN NaN NaN NaN NaN NaN NaN NaN NaN NaN NaN NaN NaN NaN NaN NaN NaN NaN NaN NaN NaN NaN NaN NaN NaN NaN NaN NaN NaN NaN NaN NaN NaN NaN NaN NaN NaN NaN 
NaN NaN NaN NaN NaN NaN NaN NaN NaN NaN NaN NaN NaN NaN NaN NaN NaN NaN NaN NaN NaN NaN NaN NaN NaN NaN NaN NaN NaN NaN NaN NaN NaN NaN NaN NaN NaN NaN NaN NaN 
NaN NaN NaN NaN NaN NaN NaN NaN NaN NaN NaN NaN NaN NaN NaN NaN NaN NaN NaN NaN NaN NaN NaN NaN NaN NaN NaN NaN NaN NaN NaN NaN NaN NaN NaN NaN NaN NaN NaN NaN 
NaN NaN NaN NaN NaN NaN NaN NaN NaN NaN NaN NaN NaN NaN NaN NaN NaN NaN NaN NaN NaN NaN NaN NaN NaN NaN NaN NaN NaN NaN NaN NaN NaN NaN NaN NaN NaN NaN NaN NaN 
NaN NaN NaN NaN NaN NaN NaN NaN NaN NaN NaN NaN NaN NaN NaN NaN NaN NaN NaN NaN NaN NaN NaN NaN NaN NaN NaN NaN NaN NaN NaN NaN NaN NaN NaN NaN NaN NaN NaN NaN 
NaN NaN NaN NaN NaN NaN NaN NaN NaN NaN NaN NaN NaN NaN NaN NaN NaN NaN NaN NaN NaN NaN NaN NaN NaN NaN NaN NaN NaN NaN NaN NaN NaN NaN NaN NaN NaN NaN NaN NaN 
NaN NaN NaN NaN NaN NaN NaN NaN NaN NaN NaN NaN NaN NaN NaN NaN NaN NaN NaN NaN NaN NaN NaN NaN NaN NaN NaN NaN NaN NaN NaN NaN NaN NaN NaN NaN NaN NaN NaN NaN 
NaN NaN NaN NaN NaN NaN NaN NaN NaN NaN NaN NaN NaN NaN NaN NaN NaN NaN NaN NaN NaN NaN NaN NaN NaN NaN NaN NaN NaN NaN NaN NaN NaN NaN NaN NaN NaN NaN NaN NaN 
NaN NaN NaN NaN NaN NaN NaN NaN NaN NaN NaN NaN NaN NaN NaN NaN NaN NaN NaN NaN NaN NaN NaN NaN NaN NaN NaN NaN NaN NaN NaN NaN NaN NaN NaN NaN NaN NaN NaN NaN 
NaN NaN NaN NaN NaN NaN NaN NaN NaN NaN NaN NaN NaN NaN NaN NaN NaN NaN NaN NaN NaN NaN NaN NaN NaN NaN NaN NaN NaN NaN NaN NaN NaN NaN NaN NaN NaN NaN NaN NaN 
NaN NaN NaN NaN NaN NaN NaN NaN NaN NaN NaN NaN NaN NaN NaN NaN NaN NaN NaN NaN NaN NaN NaN NaN NaN NaN NaN NaN NaN NaN NaN NaN NaN NaN NaN NaN NaN NaN NaN NaN 
NaN NaN NaN NaN NaN NaN NaN NaN NaN NaN NaN NaN NaN NaN NaN NaN NaN NaN NaN NaN NaN NaN NaN NaN NaN NaN NaN NaN NaN NaN NaN NaN NaN NaN NaN NaN NaN NaN NaN NaN 
NaN NaN NaN NaN NaN NaN NaN NaN NaN NaN NaN NaN NaN NaN NaN NaN NaN NaN NaN NaN NaN NaN NaN NaN NaN NaN NaN NaN NaN NaN NaN NaN NaN NaN NaN NaN NaN NaN NaN NaN 
NaN NaN NaN NaN NaN NaN NaN NaN NaN NaN NaN NaN NaN NaN NaN NaN NaN NaN NaN NaN NaN NaN NaN NaN NaN NaN NaN NaN NaN NaN NaN NaN NaN NaN NaN NaN NaN NaN NaN NaN 
NaN NaN NaN NaN NaN NaN NaN NaN NaN NaN NaN NaN NaN NaN NaN NaN NaN NaN NaN NaN NaN NaN NaN NaN NaN NaN NaN NaN NaN NaN NaN NaN NaN NaN NaN NaN NaN NaN NaN NaN 
NaN NaN NaN NaN NaN NaN NaN NaN NaN NaN NaN NaN NaN NaN NaN NaN NaN NaN NaN NaN NaN NaN NaN NaN NaN NaN NaN NaN NaN NaN NaN NaN NaN NaN NaN NaN NaN NaN NaN NaN 
NaN NaN NaN NaN NaN NaN NaN NaN NaN NaN NaN NaN NaN NaN NaN NaN NaN NaN NaN NaN NaN NaN NaN NaN NaN NaN NaN NaN NaN NaN NaN NaN NaN NaN NaN NaN NaN NaN NaN NaN 
NaN NaN NaN NaN NaN NaN NaN NaN NaN NaN NaN NaN NaN NaN NaN NaN NaN NaN NaN NaN NaN NaN NaN NaN NaN NaN NaN NaN NaN NaN NaN NaN NaN NaN NaN NaN NaN NaN NaN NaN 
NaN NaN NaN NaN NaN NaN NaN NaN NaN NaN NaN NaN NaN NaN NaN NaN NaN NaN NaN NaN NaN NaN NaN NaN NaN NaN NaN NaN NaN NaN NaN NaN NaN NaN NaN NaN NaN NaN NaN NaN 
NaN NaN NaN NaN NaN NaN NaN NaN NaN NaN NaN NaN NaN NaN NaN NaN NaN NaN NaN NaN NaN NaN NaN NaN NaN NaN NaN NaN NaN NaN NaN NaN NaN NaN NaN NaN NaN NaN NaN NaN 
NaN NaN NaN NaN NaN NaN NaN NaN NaN NaN NaN NaN NaN NaN NaN NaN NaN NaN NaN NaN NaN NaN NaN NaN NaN NaN NaN NaN NaN NaN NaN NaN NaN NaN NaN NaN NaN NaN NaN NaN 
NaN NaN NaN NaN NaN NaN NaN NaN NaN NaN NaN NaN NaN NaN NaN NaN NaN NaN NaN NaN NaN NaN NaN NaN NaN NaN NaN NaN NaN NaN NaN NaN NaN NaN NaN NaN NaN NaN NaN NaN 
NaN NaN NaN NaN NaN NaN NaN NaN NaN NaN NaN NaN NaN NaN NaN NaN NaN NaN NaN NaN NaN NaN NaN NaN NaN NaN NaN NaN NaN NaN NaN NaN NaN NaN NaN NaN NaN NaN NaN NaN 
NaN NaN NaN NaN NaN NaN NaN NaN NaN NaN NaN NaN NaN NaN NaN NaN NaN NaN NaN NaN NaN NaN NaN NaN NaN NaN NaN NaN NaN NaN NaN NaN NaN NaN NaN NaN NaN NaN NaN NaN 
NaN NaN NaN NaN NaN NaN NaN NaN NaN NaN NaN NaN NaN NaN NaN NaN NaN NaN NaN NaN NaN NaN NaN NaN NaN NaN NaN NaN NaN NaN NaN NaN NaN NaN NaN NaN NaN NaN NaN NaN 
NaN NaN NaN NaN NaN NaN NaN NaN NaN NaN NaN NaN NaN NaN NaN NaN NaN NaN NaN NaN NaN NaN NaN NaN NaN NaN NaN NaN NaN NaN NaN NaN NaN NaN NaN NaN NaN NaN NaN NaN 
NaN NaN NaN NaN NaN NaN NaN NaN NaN NaN NaN NaN NaN NaN NaN NaN NaN NaN NaN NaN NaN NaN NaN NaN NaN NaN NaN NaN NaN NaN NaN NaN NaN NaN NaN NaN NaN NaN NaN NaN 
NaN NaN NaN NaN NaN NaN NaN NaN NaN NaN NaN NaN NaN NaN NaN NaN NaN NaN NaN NaN NaN NaN NaN NaN NaN NaN NaN NaN NaN NaN NaN NaN NaN NaN NaN NaN NaN NaN NaN NaN 
NaN NaN NaN NaN NaN NaN NaN NaN NaN NaN NaN NaN NaN NaN NaN NaN NaN NaN NaN NaN NaN NaN NaN NaN NaN NaN NaN NaN NaN NaN NaN NaN NaN NaN NaN NaN NaN NaN NaN NaN 
NaN NaN NaN NaN NaN NaN NaN NaN NaN NaN NaN NaN NaN NaN NaN NaN NaN NaN NaN NaN NaN NaN NaN NaN NaN NaN NaN NaN NaN NaN NaN NaN NaN NaN NaN NaN NaN NaN NaN NaN 
NaN NaN NaN NaN NaN NaN NaN NaN NaN NaN NaN NaN NaN NaN NaN NaN NaN NaN NaN NaN NaN NaN NaN NaN NaN NaN NaN NaN NaN NaN NaN NaN NaN NaN NaN NaN NaN NaN NaN NaN 
NaN NaN NaN NaN NaN NaN NaN NaN NaN NaN NaN NaN NaN NaN NaN NaN NaN NaN NaN NaN NaN NaN NaN NaN NaN NaN NaN NaN NaN NaN NaN NaN NaN NaN NaN NaN NaN NaN NaN NaN 
NaN NaN NaN NaN NaN NaN NaN NaN NaN NaN NaN NaN NaN NaN NaN NaN NaN NaN NaN NaN NaN NaN NaN NaN NaN NaN NaN NaN NaN NaN NaN NaN NaN NaN NaN NaN NaN NaN NaN NaN 
NaN NaN NaN NaN NaN NaN NaN NaN NaN NaN NaN NaN NaN NaN NaN NaN NaN NaN NaN NaN NaN NaN NaN NaN NaN NaN NaN NaN NaN NaN NaN NaN NaN NaN NaN NaN NaN NaN NaN NaN 
NaN NaN NaN NaN NaN NaN NaN NaN NaN NaN NaN NaN NaN NaN NaN NaN NaN NaN NaN NaN NaN NaN NaN NaN NaN NaN NaN NaN NaN NaN NaN NaN NaN NaN NaN NaN NaN NaN NaN NaN 
NaN NaN NaN NaN NaN NaN NaN NaN NaN NaN NaN NaN NaN NaN NaN NaN NaN NaN NaN NaN NaN NaN NaN NaN NaN NaN NaN NaN NaN NaN NaN NaN NaN NaN NaN NaN NaN NaN NaN NaN 
NaN NaN NaN NaN NaN NaN NaN NaN NaN NaN NaN NaN NaN NaN NaN NaN NaN NaN NaN NaN NaN NaN NaN NaN NaN NaN NaN NaN NaN NaN NaN NaN NaN NaN NaN NaN NaN NaN NaN NaN 
NaN NaN NaN NaN NaN NaN NaN NaN NaN NaN NaN NaN NaN NaN NaN NaN NaN NaN NaN NaN NaN NaN NaN NaN NaN NaN NaN NaN NaN NaN NaN NaN NaN NaN NaN NaN NaN NaN NaN NaN 
NaN NaN NaN NaN NaN NaN NaN NaN NaN NaN NaN NaN NaN NaN NaN NaN NaN NaN NaN NaN NaN NaN NaN NaN NaN NaN NaN NaN NaN NaN NaN NaN NaN NaN NaN NaN NaN NaN NaN NaN 
NaN NaN NaN NaN NaN NaN NaN NaN NaN NaN NaN NaN NaN NaN NaN NaN NaN NaN NaN NaN NaN NaN NaN NaN NaN NaN NaN NaN NaN NaN NaN NaN NaN NaN NaN NaN NaN NaN NaN NaN 
NaN NaN NaN NaN NaN NaN NaN NaN NaN NaN NaN NaN NaN NaN NaN NaN NaN NaN NaN NaN NaN NaN NaN NaN NaN NaN NaN NaN NaN NaN NaN NaN NaN NaN NaN NaN NaN NaN NaN NaN 
NaN NaN NaN NaN NaN NaN NaN NaN NaN NaN NaN NaN NaN NaN NaN NaN NaN NaN NaN NaN NaN NaN NaN NaN NaN NaN NaN NaN NaN NaN NaN NaN NaN NaN NaN NaN NaN NaN NaN NaN 
NaN NaN NaN NaN NaN NaN NaN NaN NaN NaN NaN NaN NaN NaN NaN NaN NaN NaN NaN NaN NaN NaN NaN NaN NaN NaN NaN NaN NaN NaN NaN NaN NaN NaN NaN NaN NaN NaN NaN NaN 
NaN NaN NaN NaN NaN NaN NaN NaN NaN NaN NaN NaN NaN NaN NaN NaN NaN NaN NaN NaN NaN NaN NaN NaN NaN NaN NaN NaN NaN NaN NaN NaN NaN NaN NaN NaN NaN NaN NaN NaN 
NaN NaN NaN NaN NaN NaN NaN NaN NaN NaN NaN NaN NaN NaN NaN NaN NaN NaN NaN NaN NaN NaN NaN NaN NaN NaN NaN NaN NaN NaN NaN NaN NaN NaN NaN NaN NaN NaN NaN NaN 
-68.031715 -71.132809 -75.293092 -76.662862 -77.408778 -80.337281 -80.888564 -83.595293 -91.536543 -88.442818 -83.388433 -82.587499 -87.394448 -89.712730 -85.994793 -82.685167 -85.426621 -91.293293 -85.594479 -83.559119 -81.220533 -84.012848 -93.870027 -89.245666 -89.412105 -88.679420 -89.706582 -85.386892 -89.123125 -91.212639 -86.552411 -87.094670 -84.042744 -82.541204 -85.613566 -86.269700 -86.779302 -87.191677 -85.303464 -89.137460 
-53.833663 -67.378803 -73.302937 -68.352302 -74.375817 -72.964352 -73.420914 -77.294160 -83.367078 -80.677160 -73.755755 -73.743403 -73.988612 -77.483625 -78.073983 -72.304626 -74.537923 -78.173732 -76.829701 -75.265370 -72.465309 -74.393626 -76.196118 -74.071768 -74.564952 -74.423456 -74.188020 -72.611241 -77.024696 -78.950946 -72.868327 -72.246366 -73.200309 -71.484342 -72.472536 -74.807895 -78.437858 -75.050519 -73.720609 -76.211522 
-54.828492 -76.539867 -78.392200 -70.212422 -71.353601 -73.355058 -76.822405 -75.106359 -73.896157 -76.037790 -75.031637 -74.613167 -75.192509 -74.422550 -74.692609 -71.433568 -72.725720 -76.203744 -78.369749 -73.584716 -77.635602 -72.799816 -76.307075 -72.492380 -75.894904 -72.314333 -75.687099 -71.573257 -68.849418 -72.231649 -73.654452 -72.291354 -73.862617 -72.795794 -74.634646 -69.377057 -71.586098 -73.454443 -74.415375 -73.618270 
-53.782589 -73.264764 -68.582691 -71.376476 -67.000083 -74.025889 -73.144884 -73.776564 -77.067207 -78.945244 -71.088767 -75.954379 -76.168146 -74.189839 -75.553240 -73.978691 -72.722574 -75.854340 -76.329657 -73.157647 -74.313317 -71.929179 -71.326289 -75.596895 -77.604295 -70.389021 -71.030586 -68.307890 -71.676107 -70.598028 -70.333518 -73.543879 -72.936640 -71.423971 -70.750194 -72.004593 -70.747652 -75.075943 -73.680650 -75.478492 
-46.004775 -43.757246 -41.602752 -45.069705 -45.344335 -45.351858 -47.295759 -48.064684 -50.308903 -51.948236 -51.577125 -51.795130 -52.119334 -55.303715 -53.967481 -54.299573 -55.551825 -56.744230 -58.101958 -58.123422 -60.319999 -62.330039 -60.266775 -62.556528 -64.977517 -62.284772 -64.449482 -64.220923 -65.065071 -67.359566 -72.127221 -68.170136 -69.530056 -69.715029 -69.732344 -65.686838 -66.376213 -66.949666 -71.302387 -72.746105 
-27.128514 -25.312326 -32.148514 -38.599629 -37.804954 -38.749459 -49.051692 -45.713880 -49.574676 -50.031136 -52.041236 -50.083463 -52.112558 -55.620928 -52.680248 -53.305617 -56.293342 -55.380017 -54.281681 -56.658354 -60.326545 -61.651710 -59.773756 -62.308189 -62.365476 -60.895233 -61.591011 -61.551244 -62.096783 -62.794167 -66.689744 -65.514109 -65.599163 -66.584702 -66.083728 -64.513813 -63.640685 -64.284861 -66.137781 -66.917902 
-24.290163 -26.680405 -20.813407 -26.258612 -36.943240 -34.549087 -39.932424 -45.386963 -52.336962 -54.156449 -53.434521 -53.281444 -54.896774 -54.587288 -58.203354 -54.217149 -59.229952 -60.930297 -55.409467 -59.794561 -57.643877 -62.105880 -65.393022 -60.742009 -60.429418 -65.140771 -63.904624 -58.101992 -60.823698 -62.839474 -61.905307 -64.365879 -65.711643 -66.898529 -67.059907 -67.605731 -64.707148 -61.859846 -66.758500 -66.948144 
-23.973022 -23.333313 -27.510967 -25.704355 -31.801511 -38.341108 -47.423272 -52.207280 -50.594057 -57.565225 -57.175134 -54.110697 -57.645788 -57.937690 -53.592330 -54.963538 -62.609309 -62.303932 -60.398059 -58.729789 -60.148375 -58.785235 -63.534842 -62.533137 -60.108586 -60.898869 -64.296621 -61.533983 -61.702061 -59.689632 -62.639373 -64.835510 -63.758339 -65.765988 -65.428935 -66.164176 -62.151168 -64.473043 -65.064051 -66.297969 
-28.208177 -21.893727 -25.675127 -30.668145 -31.192665 -34.384336 -42.740598 -45.210828 -44.277736 -47.287716 -50.973313 -53.309559 -58.663619 -56.683364 -55.604821 -53.606046 -57.821167 -56.800415 -57.202377 -57.540765 -53.643571 -56.809765 -58.474005 -59.645609 -52.952816 -53.642088 -60.670421 -61.586044 -59.811029 -59.030395 -61.189026 -55.787271 -55.000386 -59.257958 -60.307703 -60.375909 -59.802398 -56.492404 -61.231040 -63.592300 
-20.214175 -16.452658 -21.406030 -21.249204 -21.169346 -20.639423 -20.664945 -24.388430 -23.741536 -26.521429 -27.938581 -28.618459 -30.947740 -31.577924 -32.763272 -33.486167 -34.101483 -32.706594 -33.128922 -32.789931 -34.759602 -37.121047 -41.386567 -39.727040 -35.356527 -38.835301 -39.312772 -39.757248 -37.581204 -38.260290 -40.717216 -37.505640 -35.201330 -36.690268 -37.379404 -36.467275 -36.009028 -36.890942 -40.453346 -42.286817 
2.106317 4.194456 5.199142 4.838091 5.127575 3.991997 4.089017 1.833027 -3.680920 -6.830178 -9.064382 -10.284021 -16.460115 -16.325152 -14.718490 -15.767131 -18.441307 -15.386713 -15.102613 -18.406683 -21.519145 -28.911312 -24.213012 -19.499411 -20.209811 -19.937321 -19.901259 -18.538887 -22.974148 -27.668535 -29.388245 -22.663666 -21.321199 -24.139650 -21.774440 -22.884937 -21.623954 -23.009463 -26.306588 -29.467347 
13.773424 17.121210 18.373194 14.406705 8.250564 11.252353 11.739077 11.958733 6.935442 -1.889698 -7.419804 -2.744870 -2.354223 0.416733 1.375748 0.705180 -5.128321 -11.920045 -6.990298 -3.718278 -9.350672 -29.550253 -26.879161 -24.845564 -27.011639 -24.056654 -24.806593 -23.883598 -29.787379 -33.582736 -28.761223 -28.977766 -29.070282 -33.922873 -31.036837 -31.899886 -26.624812 -24.047907 -32.953912 -35.346982 
12.184454 19.037124 25.861752 18.969905 19.570520 21.901133 18.351559 23.421434 14.420556 8.493577 1.863605 4.244897 4.801474 8.772467 10.466703 8.683582 -1.238539 -4.159574 1.848186 -0.331504 -5.328654 -18.132056 -22.712591 -23.756923 -21.633199 -31.274783 -35.120103 -35.790848 -33.169345 -31.566305 -35.907776 -36.198977 -38.332557 -56.595768 -57.429339 -53.069748 -26.216395 -20.008508 -40.893792 -41.609398 
6.358437 17.604506 24.885253 18.004608 20.954021 22.014041 19.277789 28.638815 18.697109 15.383073 6.386305 6.639538 8.834933 10.465268 14.507873 14.857713 0.401660 -1.226243 4.438037 1.918444 -6.843028 -12.047187 -19.469436 -15.910037 -12.358888 -23.182631 -29.422619 -32.561618 -34.160048 -33.907180 -36.266727 -34.815089 -37.768374 -42.370766 -42.559119 -41.923754 -27.387053 -24.498712 -38.163240 -40.002047 
-2.647190 13.351061 21.654386 13.801655 17.622813 19.562745 15.536026 26.756591 19.384289 21.758070 10.724207 11.453006 6.961892 11.547346 15.046863 14.436966 2.163602 1.208046 3.831104 2.852359 -6.802238 -12.715499 -15.333004 -15.946269 -11.502568 -24.060495 -23.737729 -26.186401 -28.670313 -30.094279 -31.878530 -32.436027 -34.112397 -35.842084 -36.559069 -36.431365 -24.204124 -19.618469 -33.147578 -36.592167 
-7.902793 9.684053 19.223419 13.342375 14.503236 18.501208 12.502546 21.911024 14.376296 25.648716 16.609251 11.000645 4.109609 8.406659 16.963712 13.959396 5.820913 0.812008 1.770795 2.849516 0.787100 -4.771198 -15.865937 -19.350948 -15.101247 -18.701558 -24.786119 -28.677669 -28.139897 -31.713548 -32.793542 -33.785395 -32.901993 -35.448001 -36.628978 -37.025529 -24.743058 -21.807163 -30.950087 -36.633454 
-8.514641 7.610168 16.809868 10.664481 10.675172 16.691388 7.582173 16.426390 13.038989 27.566923 21.868215 6.670752 8.267477 9.860264 17.481578 14.452857 8.149150 2.420982 -1.983052 -4.705704 -1.436876 -0.613749 -8.425741 -17.036225 -22.914105 -20.540461 -18.543788 -21.770441 -22.317045 -26.850854 -28.222075 -27.929677 -28.403066 -30.451601 -30.658534 -30.142878 -27.194477 -24.824612 -30.866119 -31.501032 
-8.523548 3.042482 13.707554 8.542650 5.952838 14.092157 5.127108 9.697164 7.499944 24.742188 21.967510 13.093634 10.314597 13.934630 18.868494 14.266383 8.073152 0.057206 -9.704479 -7.350240 -3.820337 -5.408956 -3.017597 -13.849483 -18.755586 -21.646639 -18.300979 -19.832634 -22.825241 -28.948542 -28.505558 -26.760237 -29.428458 -33.301718 -31.630305 -30.881502 -28.861724 -27.491230 -32.127936 -34.895713 
-9.862323 0.966006 12.060896 8.544617 1.340631 11.177995 2.756277 4.869150 4.891692 19.809419 19.928876 14.462975 13.247159 14.502670 18.246360 16.104990 4.492585 -1.985679 -9.747848 -10.759747 -8.999254 -8.112433 -6.249341 -12.195032 -24.733001 -26.377254 -23.919476 -19.559887 -24.377603 -28.407878 -30.964045 -25.278205 -26.005071 -32.801583 -34.976356 -33.560140 -31.309139 -25.973696 -33.734987 -37.936412 
-14.675747 -3.204529 10.702639 8.366342 -2.090145 10.122741 4.881001 1.964406 7.431295 14.811239 21.244676 16.374494 17.312776 14.475386 16.903208 19.114428 -3.513486 -7.443033 -9.181622 -10.649327 -8.860385 -12.131557 -5.105813 -8.471094 -24.788848 -23.486748 -26.306320 -18.829055 -19.242094 -25.541432 -29.416560 -26.472776 -28.545427 -33.349158 -33.703804 -34.276688 -33.277343 -25.226313 -30.962400 -37.558348 
-7.851732 -5.119505 9.784217 9.178640 -5.239746 8.445742 4.917492 -1.082376 7.165832 10.411064 21.381491 11.984553 16.532750 13.034989 15.572872 18.667939 2.420922 -10.292781 -8.617189 -12.016092 -11.769131 -9.850024 -7.149434 -10.596077 -22.994508 -24.950457 -27.365070 -21.050530 -17.771657 -24.046878 -25.718817 -26.359662 -27.891479 -31.367446 -32.637079 -33.493882 -33.175789 -29.785015 -32.093835 -34.803329 
-10.126958 -5.922989 10.181240 11.266637 -4.950638 6.809347 7.961964 -2.621952 10.348397 5.872296 20.925489 14.896290 17.924598 12.535503 14.440071 14.423038 8.280095 -10.278670 -8.126133 -11.275479 -13.491660 -10.972227 -7.388927 -12.947523 -21.099282 -25.547232 -26.707773 -18.951838 -13.278891 -19.476478 -22.641916 -21.019896 -21.845243 -30.787747 -38.400484 -43.252110 -42.999805 -33.367210 -33.432891 -40.540894 
-14.860789 -9.528299 10.104233 13.506494 -0.277044 6.255723 11.541543 0.581589 12.435458 6.928045 20.988204 19.514375 13.187545 9.946349 16.781461 13.879845 10.682758 -3.823750 -6.908219 -10.144341 -11.397843 -9.176736 -5.648815 -10.030852 -20.677037 -22.868587 -23.215748 -15.639343 -13.502250 -16.938375 -20.822223 -21.058048 -21.218350 -28.618697 -34.616071 -37.918106 -37.319659 -28.998478 -32.673098 -37.670730 
-21.050289 -12.593336 10.016260 15.310988 3.155340 5.302741 13.104107 1.922443 12.124436 10.315155 18.009770 22.298594 7.467405 10.170195 15.851842 13.713761 6.060589 -1.032478 -4.374032 -7.946395 -11.836713 -11.243331 -5.234139 -9.898807 -18.434518 -21.988241 -22.855010 -14.793505 -10.816788 -18.321498 -20.662774 -19.833132 -18.756371 -27.478025 -32.612932 -38.496092 -37.822162 -31.051897 -32.807411 -36.720408 
-17.182614 -16.266793 10.848022 17.502218 5.898865 2.133357 12.259940 2.656371 12.913516 12.125799 11.934359 19.649506 8.782431 12.989289 13.194156 13.692943 7.280222 -0.950086 -6.648004 -9.494019 -14.752152 -11.727878 -6.271021 -7.783269 -15.565908 -20.655062 -24.438141 -12.484768 -9.986722 -19.280615 -24.372827 -15.664297 -16.940157 -27.251998 -30.942786 -36.770429 -36.977950 -34.430594 -30.488205 -31.082284 
-14.393978 -8.261371 13.682966 19.524674 8.337325 1.441915 8.502377 -3.850113 12.195893 12.727672 4.229624 10.611450 6.807529 12.446423 6.127873 8.340164 4.920828 0.967029 -7.381209 -7.661719 -15.347995 -15.568131 -8.257846 -9.587688 -18.301733 -22.346409 -34.403412 -17.088508 -11.570388 -20.946204 -33.477373 -17.484101 -19.179761 -27.490987 -31.689891 -38.006243 -39.096564 -38.108561 -32.097663 -31.645920 
-13.694078 -1.395023 16.098749 19.437536 5.745413 0.571301 1.996073 -4.595730 9.835638 7.351749 7.453717 9.018489 4.664359 6.543727 3.082680 -0.306771 1.384751 -1.337354 -7.718196 -10.975439 -16.436512 -18.487415 -9.262837 -13.673146 -24.705108 -30.405240 -35.728198 -25.408888 -19.077181 -23.253005 -32.789778 -22.600279 -23.597368 -28.813151 -31.573483 -34.079056 -37.013446 -36.450555 -34.753210 -34.773346 
-9.207803 2.854806 15.006584 14.335700 2.518261 -5.290650 -11.177872 -12.038756 -3.837097 -9.942941 0.590096 2.230874 -2.866577 -4.419714 -4.051248 -3.358132 -10.136486 -11.304490 -16.697019 -22.496098 -22.874918 -24.457277 -24.990230 -27.682767 -33.094553 -33.126727 -37.266881 -27.438956 -19.261356 -29.501518 -32.552887 -23.665258 -24.146681 -33.382844 -33.811000 -31.074206 -25.013906 -24.572259 -28.477252 -35.677033 
-4.252259 -1.710158 3.363367 3.783849 -5.411362 -14.514037 -17.958416 -20.360032 -16.241417 -13.748907 -10.790682 -8.581276 -7.691137 -8.304268 -14.275666 -14.314529 -21.862160 -20.547748 -20.427132 -27.677788 -32.597310 -34.387384 -30.441753 -32.748997 -44.962636 -37.301007 -42.752901 -37.527163 -30.422329 -34.296589 -33.332059 -36.421470 -35.911764 -40.282712 -40.192901 -36.715609 -35.677327 -37.151217 -38.544677 -40.146610 
-20.893654 -18.060332 -10.406660 -9.068568 -16.030847 -22.886630 -26.393516 -29.062636 -27.151957 -19.451722 -10.459252 -8.980202 -17.045543 -15.001892 -19.435264 -13.710492 -17.474594 -23.905171 -24.014557 -34.747484 -43.216164 -37.922887 -37.194803 -36.087917 -47.141596 -46.339694 -50.572787 -45.923565 -42.231833 -43.637548 -43.550080 -42.299780 -42.034262 -47.604911 -47.723720 -43.177029 -46.534486 -46.665790 -46.319704 -48.715194 
-17.400172 -27.501448 -19.157563 -18.782630 -30.014027 -33.742729 -34.531967 -34.155568 -30.182037 -23.389250 -18.921650 -18.945394 -20.699084 -27.421458 -30.906546 -19.164518 -19.632513 -32.693773 -40.854784 -43.720104 -47.947108 -46.635826 -45.017151 -45.607242 -52.073462 -54.743902 -58.886544 -52.999748 -50.738846 -51.175409 -50.559109 -55.590991 -55.022583 -56.827925 -59.782931 -58.762897 -52.634087 -50.423099 -52.161766 -57.697435 
-15.926177 -29.198857 -25.558202 -26.718196 -38.021929 -39.056923 -42.126983 -31.505401 -25.925876 -24.996167 -22.016129 -27.724134 -29.934033 -34.079195 -38.510898 -23.804376 -18.725554 -37.146585 -42.036472 -47.069498 -51.370595 -57.093085 -50.240111 -50.607650 -53.002609 -66.117961 -64.865823 -56.019362 -56.839165 -56.010745 -58.947080 -63.904109 -66.987987 -61.376399 -65.139220 -63.204808 -59.813704 -62.344713 -60.316556 -64.015751 
-15.774619 -34.347017 -31.614936 -28.194439 -29.561503 -32.615858 -30.108856 -29.745386 -23.972539 -24.796978 -26.476618 -25.193098 -26.579722 -23.377979 -26.664250 -19.931202 -14.723813 -16.205300 -22.231145 -21.020737 -25.951736 -28.190118 -29.730572 -31.097496 -34.416418 -38.583690 -42.045243 -43.995529 -45.042456 -38.655809 -37.315973 -40.011797 -41.009078 -41.275864 -42.839679 -46.731140 -38.857185 -35.411565 -36.352820 -39.276782 
-10.319805 -12.909250 -17.080159 -20.464353 -25.670296 -18.715622 -17.761152 -23.126024 -18.744131 -20.354625 -15.327949 -13.904963 -8.851393 -10.489340 -15.330885 -7.582487 4.191879 0.017231 -9.504276 -8.895122 -16.417413 -18.703332 -20.136335 -20.999620 -25.195766 -29.079196 -31.871105 -32.414954 -32.945632 -26.483990 -24.938233 -25.712863 -28.386773 -28.583376 -30.609034 -31.057926 -23.925304 -17.137411 -19.957357 -28.546759 
-20.101946 -12.113663 -10.285057 -13.281021 -15.814663 -14.763822 -11.273776 -10.129950 -7.728395 -7.836964 -8.208954 -8.776199 -9.834375 -7.042642 -2.732622 -1.526136 6.135584 4.698665 -3.158865 -10.692898 -14.873420 -24.703467 -31.987163 -27.787842 -34.792912 -36.017686 -31.171504 -30.294368 -26.434005 -25.664925 -26.368812 -20.735999 -24.835096 -28.368103 -24.981957 -23.689007 -20.622808 -14.762153 -18.779888 -26.261128 
-7.356723 -8.085799 -13.870381 -10.040384 -6.679152 -5.683366 -4.465244 -3.285371 -7.335502 -17.050822 -12.449986 -10.673360 -9.227887 -9.550832 -11.414166 -11.253985 -5.827042 -3.619204 -8.011289 -15.732260 -17.722097 -25.213842 -30.871057 -20.866766 -29.766971 -32.007336 -30.371921 -26.378312 -23.145420 -20.947526 -23.578550 -17.752770 -20.534243 -24.024406 -24.044666 -22.230415 -21.676931 -18.636619 -22.378942 -26.120152 
-10.475789 1.580281 7.836770 6.561666 -0.312388 -8.463823 -2.972862 -5.016969 -9.681651 -15.577849 -20.672273 -18.115363 -16.844421 -18.998155 -16.035831 -17.284939 -8.627692 -3.558428 -6.715957 -16.245549 -18.688514 -21.689859 -25.072617 -19.044220 -25.162431 -28.730755 -29.087448 -30.225525 -24.720222 -27.608704 -26.730217 -20.623392 -22.698361 -27.373485 -26.727604 -24.808934 -22.754011 -20.966827 -25.198879 -28.586524 
-2.770712 14.038298 19.658207 14.572724 14.929467 13.029147 11.827006 9.233918 -0.464603 1.794272 -0.664574 -4.248399 -3.222174 -6.633998 -6.134882 -0.804735 -1.700548 -7.049394 -9.302026 -14.854193 -15.028485 -12.557632 -10.228672 -5.832191 -18.793955 -25.416312 -23.668890 -23.590331 -18.320298 -21.840408 -30.297762 -25.797702 -25.283171 -28.024472 -28.564687 -25.891514 -23.013042 -25.854008 -27.123170 -31.462056 
0.659767 16.458816 19.707880 13.606576 18.758106 12.775826 14.816340 14.733500 9.129858 -2.413769 -6.449769 0.271871 -2.579631 -4.839248 -3.038503 0.492655 -1.620675 -10.818291 -12.829181 -15.618931 -18.250401 -17.998103 -11.957207 -9.685188 -18.852959 -22.629692 -23.904133 -21.330591 -17.038071 -20.658637 -31.582262 -32.262709 -29.344025 -28.947971 -31.384948 -27.712769 -26.765501 -26.961804 -30.692059 -35.491031 
0.038091 15.973292 17.705137 13.554855 17.634625 12.051793 14.890806 10.057670 5.455350 -2.676165 -6.500412 -5.423348 -2.972799 -6.074375 -0.668953 1.846123 -4.395226 -12.422599 -21.183731 -19.805571 -21.845874 -25.551245 -17.522756 -13.113215 -23.036612 -27.712023 -31.937450 -25.898599 -21.597268 -25.924022 -34.273663 -33.692558 -31.426494 -29.042011 -35.380565 -27.030387 -28.146815 -30.830439 -33.408808 -37.391099 
0.033404 15.919670 16.415043 14.277126 16.018165 11.953872 10.800365 5.776512 0.782604 -2.424129 -6.425540 -3.359967 -3.907639 -7.677061 -4.420989 -3.150386 -8.192087 -15.423371 -22.407807 -25.541911 -27.091878 -25.517556 -23.424527 -16.110199 -22.159956 -31.543871 -34.168639 -29.400130 -23.504261 -29.701285 -35.293616 -37.991273 -35.462355 -34.415934 -37.507490 -31.478090 -30.010718 -31.906092 -33.428916 -36.102284 
1.592548 15.361441 15.088167 14.481596 14.708247 11.833028 8.608707 6.495289 1.367263 -2.812499 -11.511001 -7.216400 -6.181020 -6.871062 -4.422106 -1.694382 -12.809232 -21.539938 -24.787843 -28.439629 -31.755785 -29.338546 -28.217269 -17.121181 -21.263019 -35.044156 -31.776124 -25.117263 -19.318972 -24.806704 -39.172855 -42.995985 -39.759073 -34.854561 -39.312456 -35.064298 -35.704704 -38.705957 -39.231024 -37.450141 
0.118420 14.486251 13.685868 13.964909 13.196474 11.707685 7.950781 5.972290 -2.069800 -8.291775 -12.438390 -9.331157 -10.657572 -9.133137 -3.497912 -3.033082 -12.519591 -24.339334 -29.298151 -30.275143 -32.145900 -33.022738 -30.022806 -19.226334 -24.462919 -43.311133 -39.485830 -29.264221 -21.518568 -26.992826 -43.623472 -52.074732 -43.229876 -36.087255 -40.176480 -42.877455 -43.394178 -43.667693 -45.635921 -43.005549 
1.828541 13.865450 12.167492 13.345812 11.592621 10.380061 7.487261 6.508541 -4.791788 -9.880323 -12.605275 -11.226705 -12.497621 -10.637615 -5.891218 -2.554680 -10.584073 -24.123425 -26.926583 -29.769922 -29.913695 -29.205341 -25.367619 -18.477114 -23.495960 -36.578591 -36.966293 -28.963897 -20.968027 -31.120249 -42.081994 -43.227224 -41.515982 -32.221994 -38.215717 -38.528467 -40.404030 -42.226054 -40.494255 -39.518818 
1.212824 12.984910 11.092223 12.796233 9.964953 8.824802 7.458505 6.388596 -7.128504 -9.858637 -10.203777 -10.536982 -15.482115 -14.485454 -13.154925 -2.832991 -8.946803 -21.120831 -26.632421 -29.269494 -29.377187 -27.071738 -23.843686 -17.745757 -21.214560 -32.053687 -38.780300 -30.488769 -19.921236 -28.018532 -38.344078 -36.699238 -37.761741 -32.741131 -36.780126 -42.507549 -43.934317 -38.474916 -35.828199 -38.180861 
1.678620 12.543878 10.148234 11.389647 7.155959 6.163565 6.863758 5.044914 -11.154561 -13.886867 -14.102377 -15.480147 -16.404098 -15.768654 -14.056330 -8.367612 -4.131770 -13.150944 -22.963623 -26.966441 -29.414797 -27.656864 -23.408407 -16.513776 -20.685220 -33.068706 -45.638434 -35.731739 -25.160905 -30.284857 -42.889811 -35.867161 -35.301859 -38.060391 -40.712205 -40.513466 -42.028747 -41.056117 -37.631291 -37.295164 
1.402147 11.669453 9.131588 10.211634 5.661946 3.654956 7.533226 8.790802 -11.181460 -8.103024 -16.978808 -12.898722 -12.246672 -15.764827 -18.415755 -12.494829 -3.242962 -2.063422 -13.991084 -22.894889 -24.635879 -24.026172 -21.621016 -9.519911 -16.877439 -32.334145 -51.567877 -30.986609 -23.531249 -37.131135 -47.938484 -31.040679 -29.204229 -36.816494 -41.483345 -45.499655 -42.711095 -40.469258 -37.202228 -39.745234 
0.579461 10.860244 8.141841 8.827589 4.331029 1.624973 10.553796 10.765148 -3.497447 -5.730367 -12.100806 -12.522152 -15.369301 -16.531550 -16.774582 -12.665345 -9.313246 -0.685867 -4.148961 -15.418755 -22.044172 -19.496507 -13.769582 -6.050633 -15.986378 -29.135644 -37.820702 -24.895568 -21.118272 -39.266678 -46.821638 -33.712900 -32.411473 -32.734928 -41.242281 -49.233954 -45.643501 -40.009383 -41.534872 -40.868432 
0.925851 10.399560 7.299995 7.365868 1.226431 -0.209695 10.202900 8.097185 0.820580 -3.867641 -10.975452 -11.482772 -13.060564 -14.069785 -17.021244 -15.536277 -18.423302 -8.669570 1.080166 -5.724311 -16.460358 -16.045101 -11.726278 -7.079552 -19.823294 -29.790691 -32.825186 -25.299149 -17.441559 -31.751023 -41.551675 -35.597623 -31.714976 -30.850485 -38.597906 -47.749129 -47.275528 -38.949221 -43.210304 -41.127266 
1.026117 9.584441 6.445057 6.452508 -0.572232 -3.688324 7.556565 4.776608 2.444810 -2.967224 -13.361213 -12.148273 -12.841627 -17.308685 -20.587488 -20.119140 -19.542640 -15.067132 -5.802574 -2.417938 -13.129315 -17.575333 -13.130153 -8.197839 -18.456858 -28.609102 -30.056786 -24.848085 -15.947921 -29.945625 -41.088209 -35.447213 -31.179289 -29.298247 -32.137737 -46.715598 -46.717743 -41.934026 -43.620974 -38.037637 
-1.353285 8.563842 5.331044 5.549045 -1.027502 -3.655562 7.417122 4.390749 1.053689 -3.388271 -12.701830 -13.164028 -12.664528 -19.251405 -21.688640 -20.261506 -24.496800 -25.120772 -12.759471 -2.197570 -7.452521 -18.139826 -15.748589 -11.557584 -20.818237 -29.021221 -24.466718 -23.733960 -18.501879 -29.254008 -42.409527 -34.325201 -28.884775 -35.035214 -37.051784 -48.382019 -47.754319 -43.759568 -47.306487 -43.134030 
-0.860536 8.605026 5.739015 5.355528 -1.243742 -2.117283 7.510716 2.159449 -3.105779 -7.342936 -13.526321 -15.825417 -14.801606 -17.682496 -19.910218 -22.355175 -26.604629 -23.047092 -18.975868 -12.869159 -9.173993 -10.908836 -13.080572 -10.927707 -21.429879 -30.115422 -28.352464 -27.507451 -23.283584 -31.538837 -42.586995 -35.364072 -29.083418 -35.558039 -39.172623 -46.334747 -46.949684 -43.109109 -45.787157 -38.697713 
-0.277086 8.476784 5.512733 5.038444 0.512815 -1.474525 7.202437 2.877547 -7.252177 -12.604370 -15.055795 -14.510790 -15.270546 -18.843601 -23.369478 -28.606143 -30.259161 -25.238422 -22.910463 -16.484882 -9.155999 -13.312212 -12.333084 -11.061393 -24.535914 -31.062676 -33.746221 -28.564681 -23.174944 -33.225490 -44.823782 -36.170106 -27.758944 -35.390648 -44.401743 -49.192792 -48.935971 -44.035689 -47.940658 -40.827384 
-1.741375 7.685496 4.524895 2.752003 -1.151381 0.367864 5.689647 -2.196630 -12.749403 -18.994685 -17.757374 -18.095334 -21.646265 -23.095010 -30.619657 -34.297609 -34.977480 -31.266459 -27.421949 -21.172910 -17.075238 -11.223908 -14.438772 -15.693832 -28.195745 -33.720127 -39.336255 -34.248730 -30.813421 -42.190908 -52.402876 -40.893096 -33.905721 -36.423852 -45.108114 -54.630809 -56.735828 -48.349826 -53.674247 -42.937503 
-2.932409 6.818233 3.685774 -2.891736 -5.659583 -1.604918 1.745931 -5.396065 -27.037013 -21.124271 -23.611144 -26.200115 -29.987446 -33.887179 -32.335352 -37.807014 -37.834951 -32.515325 -29.898984 -21.920646 -18.126027 -14.918483 -23.998258 -22.897420 -32.662379 -41.355247 -39.456854 -35.983379 -33.064191 -42.763584 -55.870281 -46.201483 -39.020712 -38.968145 -44.346721 -54.320829 -55.081305 -48.803749 -56.677435 -41.969997 
-6.938772 5.439387 3.784555 -6.393011 -8.813115 -6.124518 -7.187646 -10.289000 -24.721610 -24.404632 -26.118532 -32.823646 -34.309317 -32.255679 -41.888045 -42.898953 -40.322819 -36.613142 -33.844118 -28.413230 -19.200565 -14.582963 -19.069441 -19.939632 -31.977102 -37.754474 -41.422449 -39.046106 -38.316335 -44.513905 -58.216780 -44.811711 -44.142778 -44.320837 -41.648927 -48.802228 -51.465993 -41.380575 -56.465111 -43.605788 
-6.493503 4.503717 2.475454 -6.414680 -10.772463 -13.960975 -14.651588 -17.511864 -27.989083 -39.623475 -28.901819 -26.607906 -31.304164 -39.196936 -43.755751 -43.545626 -39.009977 -35.382116 -35.391739 -33.542787 -31.112988 -22.542467 -24.220351 -24.313121 -34.092523 -35.445885 -40.939847 -39.630975 -37.943021 -48.315257 -56.192541 -49.468778 -49.163427 -47.512723 -47.677891 -52.268518 -51.911112 -49.030435 -59.534485 -45.006913 
-9.660796 2.117679 -0.680835 -10.035102 -12.659180 -16.632528 -12.949044 -13.659149 -21.797795 -27.981896 -21.821146 -26.556848 -27.623198 -32.509294 -39.721626 -40.654188 -43.039311 -38.289195 -37.646173 -35.909602 -26.915693 -20.542839 -22.321859 -24.238198 -31.417887 -40.367955 -42.718307 -39.564087 -39.944572 -50.472807 -65.018295 -55.188351 -48.288027 -45.874526 -49.052254 -53.717009 -50.663221 -44.131754 -57.987909 -47.773245 
-11.701441 -1.645526 -4.872200 -13.090796 -20.048566 -21.401838 -18.216696 -20.016742 -28.377590 -37.515768 -27.496817 -32.285908 -37.169482 -33.957153 -42.185874 -40.417270 -41.137091 -41.388418 -40.017499 -45.361548 -33.953485 -24.727431 -20.379517 -22.864640 -30.867731 -41.923706 -48.479271 -41.451833 -35.992663 -53.167810 -64.394607 -55.994370 -49.806955 -43.365416 -48.228910 -50.062708 -47.616802 -43.380444 -55.692640 -47.330027 
-16.963415 -10.040704 -11.652961 -21.665835 -25.595583 -26.866812 -28.238870 -26.158108 -29.198405 -30.935224 -26.393903 -36.744645 -37.725570 -41.642154 -38.897997 -41.334788 -39.691593 -35.439181 -36.061886 -38.489302 -33.558988 -23.625695 -22.045778 -26.145099 -32.939556 -39.232968 -45.724098 -36.709344 -37.704931 -54.751270 -60.120287 -57.543802 -51.411201 -47.389363 -50.460854 -50.171949 -47.051454 -48.724401 -58.973079 -49.616876 
-26.460212 -28.692291 -25.283307 -28.434066 -22.683728 -23.942627 -25.955841 -21.058234 -23.250449 -31.200296 -23.832181 -29.286115 -38.600756 -41.990909 -42.315687 -43.874019 -41.212190 -40.490351 -44.086103 -38.556032 -31.338429 -27.333506 -25.808767 -28.195703 -37.966981 -38.967954 -47.732759 -39.993448 -41.306910 -53.209016 -61.300093 -55.777396 -52.317830 -51.292608 -54.204411 -47.936282 -49.409623 -51.793989 -64.233958 -53.843432 
-32.481255 -26.495366 -23.665086 -20.564079 -23.238303 -27.796170 -23.425464 -22.526942 -30.085858 -35.311026 -35.289319 -32.202829 -33.154634 -39.267347 -44.623522 -45.049536 -44.285019 -41.492296 -45.546404 -43.218912 -39.851752 -31.553258 -34.322620 -32.999769 -36.822304 -47.421760 -53.134308 -46.444775 -44.247672 -54.324409 -57.988093 -58.858631 -55.799850 -55.620599 -57.620411 -51.933274 -54.617898 -53.393240 -63.091737 -58.419825 
-26.699670 -38.583493 -28.937498 -21.613107 -26.549533 -26.539104 -33.617376 -27.466668 -33.739343 -35.019363 -32.328734 -29.345973 -39.833919 -44.975146 -49.072840 -42.701318 -48.469761 -47.477726 -53.872207 -49.675956 -39.938404 -38.364830 -39.120261 -33.937344 -40.137649 -51.310516 -49.846814 -44.591886 -50.603933 -55.729279 -59.211764 -63.324822 -60.006057 -56.812019 -64.628196 -60.735813 -53.578921 -54.624111 -62.572062 -59.665570 
-26.591954 -34.081716 -24.666749 -23.111422 -27.932258 -34.112131 -40.730804 -35.970735 -42.039182 -44.610715 -40.459111 -39.601267 -40.304170 -42.989427 -47.091651 -53.442975 -50.765988 -52.188169 -56.415714 -53.692381 -43.920349 -42.631128 -42.449648 -40.793817 -50.284281 -60.606974 -53.444991 -47.699658 -53.583670 -59.884455 -61.239923 -62.033998 -59.699382 -60.285229 -63.128650 -61.873994 -60.295644 -60.903699 -68.052788 -68.552031 
-26.291838 -27.242485 -32.591829 -30.559424 -39.328367 -44.471459 -50.860867 -46.451588 -57.664615 -48.134536 -44.133736 -40.635157 -48.244408 -49.250754 -52.637105 -55.251664 -52.582895 -56.372559 -59.804725 -54.062031 -44.839717 -47.253320 -50.657669 -50.645602 -54.324423 -57.561424 -57.781351 -48.468044 -56.061120 -59.890302 -59.553775 -63.490874 -63.684334 -62.870553 -62.541924 -60.447467 -64.669909 -64.997428 -68.000767 -70.833166 
-27.336362 -28.128891 -36.103410 -38.075181 -40.316834 -50.923367 -51.609543 -46.552361 -47.161448 -52.095094 -58.223658 -47.374969 -46.511270 -51.136314 -57.421988 -55.821247 -56.548643 -54.953527 -56.931408 -53.006852 -48.175342 -51.732671 -49.721257 -54.080826 -58.899027 -61.773825 -59.235980 -56.221653 -61.882072 -60.939253 -62.987835 -66.275468 -65.299325 -65.772176 -68.517771 -66.219312 -66.018847 -64.838775 -63.446331 -68.021756 
-25.316501 -32.295669 -42.669378 -51.279237 -47.391998 -57.351126 -64.144652 -57.929998 -55.710763 -57.202524 -54.711603 -55.343924 -60.851825 -60.420296 -64.330963 -59.646356 -58.564646 -62.279289 -57.980008 -54.792684 -54.706275 -55.546604 -58.753530 -61.973967 -62.413037 -66.753191 -63.456478 -65.713356 -64.175980 -67.218435 -67.292214 -69.640925 -69.314337 -67.461780 -71.638536 -69.059975 -67.946326 -67.380715 -67.236698 -71.054953 
-45.588532 -50.255190 -57.222065 -64.040245 -56.618041 -61.187761 -69.346310 -66.565561 -65.925510 -68.036728 -65.395770 -68.783065 -70.074070 -73.383139 -68.839248 -69.792925 -74.222771 -78.337371 -73.593179 -68.685291 -72.173931 -70.901938 -69.449908 -70.033242 -74.933211 -76.811808 -76.517833 -70.860762 -70.382456 -76.296407 -73.773392 -68.819283 -73.088291 -72.779549 -70.079876 -73.795768 -75.040793 -72.385592 -73.524171 -74.574443 
-59.019109 -67.290780 -75.189815 -71.916891 -71.847952 -70.448012 -77.654297 -77.804099 -70.603121 -74.300272 -70.758354 -68.316048 -74.806897 -82.070955 -75.192482 -75.876667 -78.743133 -78.356977 -72.305221 -73.061819 -73.504059 -73.219831 -77.341660 -74.247632 -73.792113 -76.203505 -75.198753 -74.917947 -73.186171 -75.126246 -74.978656 -71.610860 -74.309535 -73.659128 -72.095373 -73.226647 -73.955242 -76.595741 -76.517760 -77.158870 
-57.136569 -80.090078 -77.437061 -78.798717 -76.371732 -72.953005 -75.780700 -74.502660 -71.670918 -79.740497 -77.481430 -72.893363 -75.361904 -79.717931 -75.396124 -75.398369 -75.688374 -73.659430 -74.459423 -73.171769 -75.115262 -73.862009 -74.214258 -73.941442 -74.561626 -80.735417 -76.746680 -74.546791 -75.188692 -73.975041 -72.259509 -74.554584 -78.101007 -76.462029 -74.286688 -72.756669 -75.163727 -75.748010 -74.720231 -75.352046 
-58.565586 -73.937348 -79.282395 -73.595703 -72.554944 -74.571710 -74.065243 -70.555868 -68.282780 -74.198082 -70.424604 -73.954823 -82.095811 -81.628006 -71.992987 -70.380791 -76.566152 -74.515319 -77.009234 -74.624452 -75.260564 -75.992891 -79.596725 -75.545197 -77.207615 -73.002566 -74.032724 -77.631460 -76.259181 -74.410237 -75.404465 -72.807252 -74.232768 -76.186374 -73.766546 -75.279608 -74.818944 -77.466756 -74.912404 -77.794631 
-58.380421 -74.771241 -78.593143 -78.446863 -77.856340 -73.458439 -76.093204 -78.279523 -71.075947 -71.439910 -74.513287 -74.243103 -76.482670 -75.069586 -76.565377 -71.050329 -73.167250 -77.662672 -76.044359 -77.107452 -72.933020 -77.711626 -78.009316 -76.148256 -75.490699 -72.987112 -72.330418 -77.392768 -75.978410 -73.917963 -73.348002 -74.944809 -78.313638 -75.938432 -72.390656 -73.932620 -74.120355 -77.088942 -76.633092 -76.853768 
-57.114847 -92.947307 -79.749544 -74.827790 -75.874893 -74.344001 -72.020386 -77.962899 -77.150516 -72.179084 -68.877287 -68.968991 -72.449932 -70.726311 -76.763339 -78.340426 -78.296131 -72.702353 -75.764469 -73.240279 -72.893344 -76.570496 -77.536840 -76.514082 -78.053909 -76.885515 -78.669368 -74.810327 -73.148722 -75.157693 -72.673695 -75.244996 -74.990655 -73.960199 -71.978819 -74.444218 -74.517475 -74.292516 -74.720101 -77.734254 
-57.280706 -84.188046 -78.797486 -75.562824 -71.433760 -70.142248 -72.044882 -79.845524 -78.684760 -71.001028 -73.747139 -71.381798 -75.846814 -76.044639 -73.475811 -76.841848 -73.763318 -78.923389 -77.916686 -73.425168 -77.180898 -75.072696 -77.142769 -75.007193 -77.415629 -77.840275 -75.903076 -72.109094 -76.496370 -75.054293 -74.057955 -76.295218 -74.707978 -74.867588 -75.642372 -75.358766 -73.924329 -75.609844 -76.437770 -76.817527 
-58.609280 -80.558138 -79.565859 -77.211791 -76.093254 -76.917650 -74.836991 -72.423027 -77.789929 -75.633562 -78.825040 -72.402883 -74.267053 -75.496943 -75.509783 -74.502547 -72.451923 -75.476217 -73.222283 -75.542583 -71.709453 -70.229641 -78.224525 -73.866958 -71.933186 -76.181593 -75.577844 -73.919595 -73.913354 -75.687041 -75.659449 -74.648042 -76.628507 -76.320598 -73.803612 -75.785353 -73.778363 -73.348235 -76.695820 -73.085569 
-55.990246 -71.260494 -76.437943 -73.007468 -73.286709 -72.641578 -72.243746 -74.658205 -71.474021 -76.142314 -75.950815 -72.176123 -75.894285 -77.234826 -76.970637 -68.914971 -72.215701 -75.622460 -78.683187 -74.691660 -77.010800 -74.183010 -76.636275 -76.993100 -75.067002 -75.948639 -75.252221 -75.536211 -72.293843 -74.334152 -74.551527 -74.259232 -76.408576 -75.436760 -80.447644 -76.720022 -76.507158 -76.864325 -75.210308 -73.917044 
-62.335827 -66.894728 -70.792245 -73.494593 -79.425586 -83.514267 -76.791330 -76.973941 -82.443960 -82.532631 -78.194270 -80.974347 -84.949675 -83.575574 -87.714798 -82.659523 -78.690938 -84.313216 -84.413177 -78.432785 -78.240241 -77.069845 -83.689341 -83.686388 -82.204246 -82.637297 -79.530392 -80.804865 -76.115614 -78.470651 -77.798395 -77.584419 -79.608684 -78.152028 -84.363042 -84.017231 -82.860137 -81.085954 -82.657963 -82.940952 
NaN NaN NaN NaN NaN NaN NaN NaN NaN NaN NaN NaN NaN NaN NaN NaN NaN NaN NaN NaN NaN NaN NaN NaN NaN NaN NaN NaN NaN NaN NaN NaN NaN NaN NaN NaN NaN NaN NaN NaN 
NaN NaN NaN NaN NaN NaN NaN NaN NaN NaN NaN NaN NaN NaN NaN NaN NaN NaN NaN NaN NaN NaN NaN NaN NaN NaN NaN NaN NaN NaN NaN NaN NaN NaN NaN NaN NaN NaN NaN NaN 
NaN NaN NaN NaN NaN NaN NaN NaN NaN NaN NaN NaN NaN NaN NaN NaN NaN NaN NaN NaN NaN NaN NaN NaN NaN NaN NaN NaN NaN NaN NaN NaN NaN NaN NaN NaN NaN NaN NaN NaN 
NaN NaN NaN NaN NaN NaN NaN NaN NaN NaN NaN NaN NaN NaN NaN NaN NaN NaN NaN NaN NaN NaN NaN NaN NaN NaN NaN NaN NaN NaN NaN NaN NaN NaN NaN NaN NaN NaN NaN NaN 
NaN NaN NaN NaN NaN NaN NaN NaN NaN NaN NaN NaN NaN NaN NaN NaN NaN NaN NaN NaN NaN NaN NaN NaN NaN NaN NaN NaN NaN NaN NaN NaN NaN NaN NaN NaN NaN NaN NaN NaN 
NaN NaN NaN NaN NaN NaN NaN NaN NaN NaN NaN NaN NaN NaN NaN NaN NaN NaN NaN NaN NaN NaN NaN NaN NaN NaN NaN NaN NaN NaN NaN NaN NaN NaN NaN NaN NaN NaN NaN NaN 
NaN NaN NaN NaN NaN NaN NaN NaN NaN NaN NaN NaN NaN NaN NaN NaN NaN NaN NaN NaN NaN NaN NaN NaN NaN NaN NaN NaN NaN NaN NaN NaN NaN NaN NaN NaN NaN NaN NaN NaN 
NaN NaN NaN NaN NaN NaN NaN NaN NaN NaN NaN NaN NaN NaN NaN NaN NaN NaN NaN NaN NaN NaN NaN NaN NaN NaN NaN NaN NaN NaN NaN NaN NaN NaN NaN NaN NaN NaN NaN NaN 
NaN NaN NaN NaN NaN NaN NaN NaN NaN NaN NaN NaN NaN NaN NaN NaN NaN NaN NaN NaN NaN NaN NaN NaN NaN NaN NaN NaN NaN NaN NaN NaN NaN NaN NaN NaN NaN NaN NaN NaN 
NaN NaN NaN NaN NaN NaN NaN NaN NaN NaN NaN NaN NaN NaN NaN NaN NaN NaN NaN NaN NaN NaN NaN NaN NaN NaN NaN NaN NaN NaN NaN NaN NaN NaN NaN NaN NaN NaN NaN NaN 
NaN NaN NaN NaN NaN NaN NaN NaN NaN NaN NaN NaN NaN NaN NaN NaN NaN NaN NaN NaN NaN NaN NaN NaN NaN NaN NaN NaN NaN NaN NaN NaN NaN NaN NaN NaN NaN NaN NaN NaN 
NaN NaN NaN NaN NaN NaN NaN NaN NaN NaN NaN NaN NaN NaN NaN NaN NaN NaN NaN NaN NaN NaN NaN NaN NaN NaN NaN NaN NaN NaN NaN NaN NaN NaN NaN NaN NaN NaN NaN NaN 
NaN NaN NaN NaN NaN NaN NaN NaN NaN NaN NaN NaN NaN NaN NaN NaN NaN NaN NaN NaN NaN NaN NaN NaN NaN NaN NaN NaN NaN NaN NaN NaN NaN NaN NaN NaN NaN NaN NaN NaN 
NaN NaN NaN NaN NaN NaN NaN NaN NaN NaN NaN NaN NaN NaN NaN NaN NaN NaN NaN NaN NaN NaN NaN NaN NaN NaN NaN NaN NaN NaN NaN NaN NaN NaN NaN NaN NaN NaN NaN NaN 
NaN NaN NaN NaN NaN NaN NaN NaN NaN NaN NaN NaN NaN NaN NaN NaN NaN NaN NaN NaN NaN NaN NaN NaN NaN NaN NaN NaN NaN NaN NaN NaN NaN NaN NaN NaN NaN NaN NaN NaN 
NaN NaN NaN NaN NaN NaN NaN NaN NaN NaN NaN NaN NaN NaN NaN NaN NaN NaN NaN NaN NaN NaN NaN NaN NaN NaN NaN NaN NaN NaN NaN NaN NaN NaN NaN NaN NaN NaN NaN NaN 
NaN NaN NaN NaN NaN NaN NaN NaN NaN NaN NaN NaN NaN NaN NaN NaN NaN NaN NaN NaN NaN NaN NaN NaN NaN NaN NaN NaN NaN NaN NaN NaN NaN NaN NaN NaN NaN NaN NaN NaN 
NaN NaN NaN NaN NaN NaN NaN NaN NaN NaN NaN NaN NaN NaN NaN NaN NaN NaN NaN NaN NaN NaN NaN NaN NaN NaN NaN NaN NaN NaN NaN NaN NaN NaN NaN NaN NaN NaN NaN NaN 
NaN NaN NaN NaN NaN NaN NaN NaN NaN NaN NaN NaN NaN NaN NaN NaN NaN NaN NaN NaN NaN NaN NaN NaN NaN NaN NaN NaN NaN NaN NaN NaN NaN NaN NaN NaN NaN NaN NaN NaN 
NaN NaN NaN NaN NaN NaN NaN NaN NaN NaN NaN NaN NaN NaN NaN NaN NaN NaN NaN NaN NaN NaN NaN NaN NaN NaN NaN NaN NaN NaN NaN NaN NaN NaN NaN NaN NaN NaN NaN NaN 
NaN NaN NaN NaN NaN NaN NaN NaN NaN NaN NaN NaN NaN NaN NaN NaN NaN NaN NaN NaN NaN NaN NaN NaN NaN NaN NaN NaN NaN NaN NaN NaN NaN NaN NaN NaN NaN NaN NaN NaN 
NaN NaN NaN NaN NaN NaN NaN NaN NaN NaN NaN NaN NaN NaN NaN NaN NaN NaN NaN NaN NaN NaN NaN NaN NaN NaN NaN NaN NaN NaN NaN NaN NaN NaN NaN NaN NaN NaN NaN NaN 
NaN NaN NaN NaN NaN NaN NaN NaN NaN NaN NaN NaN NaN NaN NaN NaN NaN NaN NaN NaN NaN NaN NaN NaN NaN NaN NaN NaN NaN NaN NaN NaN NaN NaN NaN NaN NaN NaN NaN NaN 
NaN NaN NaN NaN NaN NaN NaN NaN NaN NaN NaN NaN NaN NaN NaN NaN NaN NaN NaN NaN NaN NaN NaN NaN NaN NaN NaN NaN NaN NaN NaN NaN NaN NaN NaN NaN NaN NaN NaN NaN 
NaN NaN NaN NaN NaN NaN NaN NaN NaN NaN NaN NaN NaN NaN NaN NaN NaN NaN NaN NaN NaN NaN NaN NaN NaN NaN NaN NaN NaN NaN NaN NaN NaN NaN NaN NaN NaN NaN NaN NaN 
NaN NaN NaN NaN NaN NaN NaN NaN NaN NaN NaN NaN NaN NaN NaN NaN NaN NaN NaN NaN NaN NaN NaN NaN NaN NaN NaN NaN NaN NaN NaN NaN NaN NaN NaN NaN NaN NaN NaN NaN 
NaN NaN NaN NaN NaN NaN NaN NaN NaN NaN NaN NaN NaN NaN NaN NaN NaN NaN NaN NaN NaN NaN NaN NaN NaN NaN NaN NaN NaN NaN NaN NaN NaN NaN NaN NaN NaN NaN NaN NaN 
NaN NaN NaN NaN NaN NaN NaN NaN NaN NaN NaN NaN NaN NaN NaN NaN NaN NaN NaN NaN NaN NaN NaN NaN NaN NaN NaN NaN NaN NaN NaN NaN NaN NaN NaN NaN NaN NaN NaN NaN 
NaN NaN NaN NaN NaN NaN NaN NaN NaN NaN NaN NaN NaN NaN NaN NaN NaN NaN NaN NaN NaN NaN NaN NaN NaN NaN NaN NaN NaN NaN NaN NaN NaN NaN NaN NaN NaN NaN NaN NaN 
NaN NaN NaN NaN NaN NaN NaN NaN NaN NaN NaN NaN NaN NaN NaN NaN NaN NaN NaN NaN NaN NaN NaN NaN NaN NaN NaN NaN NaN NaN NaN NaN NaN NaN NaN NaN NaN NaN NaN NaN 
NaN NaN NaN NaN NaN NaN NaN NaN NaN NaN NaN NaN NaN NaN NaN NaN NaN NaN NaN NaN NaN NaN NaN NaN NaN NaN NaN NaN NaN NaN NaN NaN NaN NaN NaN NaN NaN NaN NaN NaN 
NaN NaN NaN NaN NaN NaN NaN NaN NaN NaN NaN NaN NaN NaN NaN NaN NaN NaN NaN NaN NaN NaN NaN NaN NaN NaN NaN NaN NaN NaN NaN NaN NaN NaN NaN NaN NaN NaN NaN NaN 
NaN NaN NaN NaN NaN NaN NaN NaN NaN NaN NaN NaN NaN NaN NaN NaN NaN NaN NaN NaN NaN NaN NaN NaN NaN NaN NaN NaN NaN NaN NaN NaN NaN NaN NaN NaN NaN NaN NaN NaN 
NaN NaN NaN NaN NaN NaN NaN NaN NaN NaN NaN NaN NaN NaN NaN NaN NaN NaN NaN NaN NaN NaN NaN NaN NaN NaN NaN NaN NaN NaN NaN NaN NaN NaN NaN NaN NaN NaN NaN NaN 
NaN NaN NaN NaN NaN NaN NaN NaN NaN NaN NaN NaN NaN NaN NaN NaN NaN NaN NaN NaN NaN NaN NaN NaN NaN NaN NaN NaN NaN NaN NaN NaN NaN NaN NaN NaN NaN NaN NaN NaN 
NaN NaN NaN NaN NaN NaN NaN NaN NaN NaN NaN NaN NaN NaN NaN NaN NaN NaN NaN NaN NaN NaN NaN NaN NaN NaN NaN NaN NaN NaN NaN NaN NaN NaN NaN NaN NaN NaN NaN NaN 
NaN NaN NaN NaN NaN NaN NaN NaN NaN NaN NaN NaN NaN NaN NaN NaN NaN NaN NaN NaN NaN NaN NaN NaN NaN NaN NaN NaN NaN NaN NaN NaN NaN NaN NaN NaN NaN NaN NaN NaN 
NaN NaN NaN NaN NaN NaN NaN NaN NaN NaN NaN NaN NaN NaN NaN NaN NaN NaN NaN NaN NaN NaN NaN NaN NaN NaN NaN NaN NaN NaN NaN NaN NaN NaN NaN NaN NaN NaN NaN NaN 
NaN NaN NaN NaN NaN NaN NaN NaN NaN NaN NaN NaN NaN NaN NaN NaN NaN NaN NaN NaN NaN NaN NaN NaN NaN NaN NaN NaN NaN NaN NaN NaN NaN NaN NaN NaN NaN NaN NaN NaN 
NaN NaN NaN NaN NaN NaN NaN NaN NaN NaN NaN NaN NaN NaN NaN NaN NaN NaN NaN NaN NaN NaN NaN NaN NaN NaN NaN NaN NaN NaN NaN NaN NaN NaN NaN NaN NaN NaN NaN NaN 
NaN NaN NaN NaN NaN NaN NaN NaN NaN NaN NaN NaN NaN NaN NaN NaN NaN NaN NaN NaN NaN NaN NaN NaN NaN NaN NaN NaN NaN NaN NaN NaN NaN NaN NaN NaN NaN NaN NaN NaN 
NaN NaN NaN NaN NaN NaN NaN NaN NaN NaN NaN NaN NaN NaN NaN NaN NaN NaN NaN NaN NaN NaN NaN NaN NaN NaN NaN NaN NaN NaN NaN NaN NaN NaN NaN NaN NaN NaN NaN NaN 
NaN NaN NaN NaN NaN NaN NaN NaN NaN NaN NaN NaN NaN NaN NaN NaN NaN NaN NaN NaN NaN NaN NaN NaN NaN NaN NaN NaN NaN NaN NaN NaN NaN NaN NaN NaN NaN NaN NaN NaN 
NaN NaN NaN NaN NaN NaN NaN NaN NaN NaN NaN NaN NaN NaN NaN NaN NaN NaN NaN NaN NaN NaN NaN NaN NaN NaN NaN NaN NaN NaN NaN NaN NaN NaN NaN NaN NaN NaN NaN NaN 
NaN NaN NaN NaN NaN NaN NaN NaN NaN NaN NaN NaN NaN NaN NaN NaN NaN NaN NaN NaN NaN NaN NaN NaN NaN NaN NaN NaN NaN NaN NaN NaN NaN NaN NaN NaN NaN NaN NaN NaN 
NaN NaN NaN NaN NaN NaN NaN NaN NaN NaN NaN NaN NaN NaN NaN NaN NaN NaN NaN NaN NaN NaN NaN NaN NaN NaN NaN NaN NaN NaN NaN NaN NaN NaN NaN NaN NaN NaN NaN NaN 
NaN NaN NaN NaN NaN NaN NaN NaN NaN NaN NaN NaN NaN NaN NaN NaN NaN NaN NaN NaN NaN NaN NaN NaN NaN NaN NaN NaN NaN NaN NaN NaN NaN NaN NaN NaN NaN NaN NaN NaN 
NaN NaN NaN NaN NaN NaN NaN NaN NaN NaN NaN NaN NaN NaN NaN NaN NaN NaN NaN NaN NaN NaN NaN NaN NaN NaN NaN NaN NaN NaN NaN NaN NaN NaN NaN NaN NaN NaN NaN NaN 
NaN NaN NaN NaN NaN NaN NaN NaN NaN NaN NaN NaN NaN NaN NaN NaN NaN NaN NaN NaN NaN NaN NaN NaN NaN NaN NaN NaN NaN NaN NaN NaN NaN NaN NaN NaN NaN NaN NaN NaN 
NaN NaN NaN NaN NaN NaN NaN NaN NaN NaN NaN NaN NaN NaN NaN NaN NaN NaN NaN NaN NaN NaN NaN NaN NaN NaN NaN NaN NaN NaN NaN NaN NaN NaN NaN NaN NaN NaN NaN NaN 
NaN NaN NaN NaN NaN NaN NaN NaN NaN NaN NaN NaN NaN NaN NaN NaN NaN NaN NaN NaN NaN NaN NaN NaN NaN NaN NaN NaN NaN NaN NaN NaN NaN NaN NaN NaN NaN NaN NaN NaN 
NaN NaN NaN NaN NaN NaN NaN NaN NaN NaN NaN NaN NaN NaN NaN NaN NaN NaN NaN NaN NaN NaN NaN NaN NaN NaN NaN NaN NaN NaN NaN NaN NaN NaN NaN NaN NaN NaN NaN NaN 
NaN NaN NaN NaN NaN NaN NaN NaN NaN NaN NaN NaN NaN NaN NaN NaN NaN NaN NaN NaN NaN NaN NaN NaN NaN NaN NaN NaN NaN NaN NaN NaN NaN NaN NaN NaN NaN NaN NaN NaN 
NaN NaN NaN NaN NaN NaN NaN NaN NaN NaN NaN NaN NaN NaN NaN NaN NaN NaN NaN NaN NaN NaN NaN NaN NaN NaN NaN NaN NaN NaN NaN NaN NaN NaN NaN NaN NaN NaN NaN NaN 
NaN NaN NaN NaN NaN NaN NaN NaN NaN NaN NaN NaN NaN NaN NaN NaN NaN NaN NaN NaN NaN NaN NaN NaN NaN NaN NaN NaN NaN NaN NaN NaN NaN NaN NaN NaN NaN NaN NaN NaN 
NaN NaN NaN NaN NaN NaN NaN NaN NaN NaN NaN NaN NaN NaN NaN NaN NaN NaN NaN NaN NaN NaN NaN NaN NaN NaN NaN NaN NaN NaN NaN NaN NaN NaN NaN NaN NaN NaN NaN NaN 
NaN NaN NaN NaN NaN NaN NaN NaN NaN NaN NaN NaN NaN NaN NaN NaN NaN NaN NaN NaN NaN NaN NaN NaN NaN NaN NaN NaN NaN NaN NaN NaN NaN NaN NaN NaN NaN NaN NaN NaN 
NaN NaN NaN NaN NaN NaN NaN NaN NaN NaN NaN NaN NaN NaN NaN NaN NaN NaN NaN NaN NaN NaN NaN NaN NaN NaN NaN NaN NaN NaN NaN NaN NaN NaN NaN NaN NaN NaN NaN NaN 
NaN NaN NaN NaN NaN NaN NaN NaN NaN NaN NaN NaN NaN NaN NaN NaN NaN NaN NaN NaN NaN NaN NaN NaN NaN NaN NaN NaN NaN NaN NaN NaN NaN NaN NaN NaN NaN NaN NaN NaN 
NaN NaN NaN NaN NaN NaN NaN NaN NaN NaN NaN NaN NaN NaN NaN NaN NaN NaN NaN NaN NaN NaN NaN NaN NaN NaN NaN NaN NaN NaN NaN NaN NaN NaN NaN NaN NaN NaN NaN NaN 
NaN NaN NaN NaN NaN NaN NaN NaN NaN NaN NaN NaN NaN NaN NaN NaN NaN NaN NaN NaN NaN NaN NaN NaN NaN NaN NaN NaN NaN NaN NaN NaN NaN NaN NaN NaN NaN NaN NaN NaN 
NaN NaN NaN NaN NaN NaN NaN NaN NaN NaN NaN NaN NaN NaN NaN NaN NaN NaN NaN NaN NaN NaN NaN NaN NaN NaN NaN NaN NaN NaN NaN NaN NaN NaN NaN NaN NaN NaN NaN NaN 
NaN NaN NaN NaN NaN NaN NaN NaN NaN NaN NaN NaN NaN NaN NaN NaN NaN NaN NaN NaN NaN NaN NaN NaN NaN NaN NaN NaN NaN NaN NaN NaN NaN NaN NaN NaN NaN NaN NaN NaN 
NaN NaN NaN NaN NaN NaN NaN NaN NaN NaN NaN NaN NaN NaN NaN NaN NaN NaN NaN NaN NaN NaN NaN NaN NaN NaN NaN NaN NaN NaN NaN NaN NaN NaN NaN NaN NaN NaN NaN NaN 
NaN NaN NaN NaN NaN NaN NaN NaN NaN NaN NaN NaN NaN NaN NaN NaN NaN NaN NaN NaN NaN NaN NaN NaN NaN NaN NaN NaN NaN NaN NaN NaN NaN NaN NaN NaN NaN NaN NaN NaN 
NaN NaN NaN NaN NaN NaN NaN NaN NaN NaN NaN NaN NaN NaN NaN NaN NaN NaN NaN NaN NaN NaN NaN NaN NaN NaN NaN NaN NaN NaN NaN NaN NaN NaN NaN NaN NaN NaN NaN NaN 
NaN NaN NaN NaN NaN NaN NaN NaN NaN NaN NaN NaN NaN NaN NaN NaN NaN NaN NaN NaN NaN NaN NaN NaN NaN NaN NaN NaN NaN NaN NaN NaN NaN NaN NaN NaN NaN NaN NaN NaN 
NaN NaN NaN NaN NaN NaN NaN NaN NaN NaN NaN NaN NaN NaN NaN NaN NaN NaN NaN NaN NaN NaN NaN NaN NaN NaN NaN NaN NaN NaN NaN NaN NaN NaN NaN NaN NaN NaN NaN NaN 
NaN NaN NaN NaN NaN NaN NaN NaN NaN NaN NaN NaN NaN NaN NaN NaN NaN NaN NaN NaN NaN NaN NaN NaN NaN NaN NaN NaN NaN NaN NaN NaN NaN NaN NaN NaN NaN NaN NaN NaN 
NaN NaN NaN NaN NaN NaN NaN NaN NaN NaN NaN NaN NaN NaN NaN NaN NaN NaN NaN NaN NaN NaN NaN NaN NaN NaN NaN NaN NaN NaN NaN NaN NaN NaN NaN NaN NaN NaN NaN NaN 
NaN NaN NaN NaN NaN NaN NaN NaN NaN NaN NaN NaN NaN NaN NaN NaN NaN NaN NaN NaN NaN NaN NaN NaN NaN NaN NaN NaN NaN NaN NaN NaN NaN NaN NaN NaN NaN NaN NaN NaN 
NaN NaN NaN NaN NaN NaN NaN NaN NaN NaN NaN NaN NaN NaN NaN NaN NaN NaN NaN NaN NaN NaN NaN NaN NaN NaN NaN NaN NaN NaN NaN NaN NaN NaN NaN NaN NaN NaN NaN NaN 
NaN NaN NaN NaN NaN NaN NaN NaN NaN NaN NaN NaN NaN NaN NaN NaN NaN NaN NaN NaN NaN NaN NaN NaN NaN NaN NaN NaN NaN NaN NaN NaN NaN NaN NaN NaN NaN NaN NaN NaN 
