NaN NaN NaN NaN NaN NaN NaN NaN NaN NaN NaN NaN NaN NaN NaN NaN NaN NaN NaN NaN NaN NaN NaN NaN NaN NaN NaN NaN NaN NaN NaN NaN NaN NaN NaN NaN NaN NaN NaN NaN 
NaN NaN NaN NaN NaN NaN NaN NaN NaN NaN NaN NaN NaN NaN NaN NaN NaN NaN NaN NaN NaN NaN NaN NaN NaN NaN NaN NaN NaN NaN NaN NaN NaN NaN NaN NaN NaN NaN NaN NaN 
NaN NaN NaN NaN NaN NaN NaN NaN NaN NaN NaN NaN NaN NaN NaN NaN NaN NaN NaN NaN NaN NaN NaN NaN NaN NaN NaN NaN NaN NaN NaN NaN NaN NaN NaN NaN NaN NaN NaN NaN 
NaN NaN NaN NaN NaN NaN NaN NaN NaN NaN NaN NaN NaN NaN NaN NaN NaN NaN NaN NaN NaN NaN NaN NaN NaN NaN NaN NaN NaN NaN NaN NaN NaN NaN NaN NaN NaN NaN NaN NaN 
NaN NaN NaN NaN NaN NaN NaN NaN NaN NaN NaN NaN NaN NaN NaN NaN NaN NaN NaN NaN NaN NaN NaN NaN NaN NaN NaN NaN NaN NaN NaN NaN NaN NaN NaN NaN NaN NaN NaN NaN 
NaN NaN NaN NaN NaN NaN NaN NaN NaN NaN NaN NaN NaN NaN NaN NaN NaN NaN NaN NaN NaN NaN NaN NaN NaN NaN NaN NaN NaN NaN NaN NaN NaN NaN NaN NaN NaN NaN NaN NaN 
NaN NaN NaN NaN NaN NaN NaN NaN NaN NaN NaN NaN NaN NaN NaN NaN NaN NaN NaN NaN NaN NaN NaN NaN NaN NaN NaN NaN NaN NaN NaN NaN NaN NaN NaN NaN NaN NaN NaN NaN 
NaN NaN NaN NaN NaN NaN NaN NaN NaN NaN NaN NaN NaN NaN NaN NaN NaN NaN NaN NaN NaN NaN NaN NaN NaN NaN NaN NaN NaN NaN NaN NaN NaN NaN NaN NaN NaN NaN NaN NaN 
NaN NaN NaN NaN NaN NaN NaN NaN NaN NaN NaN NaN NaN NaN NaN NaN NaN NaN NaN NaN NaN NaN NaN NaN NaN NaN NaN NaN NaN NaN NaN NaN NaN NaN NaN NaN NaN NaN NaN NaN 
NaN NaN NaN NaN NaN NaN NaN NaN NaN NaN NaN NaN NaN NaN NaN NaN NaN NaN NaN NaN NaN NaN NaN NaN NaN NaN NaN NaN NaN NaN NaN NaN NaN NaN NaN NaN NaN NaN NaN NaN 
NaN NaN NaN NaN NaN NaN NaN NaN NaN NaN NaN NaN NaN NaN NaN NaN NaN NaN NaN NaN NaN NaN NaN NaN NaN NaN NaN NaN NaN NaN NaN NaN NaN NaN NaN NaN NaN NaN NaN NaN 
NaN NaN NaN NaN NaN NaN NaN NaN NaN NaN NaN NaN NaN NaN NaN NaN NaN NaN NaN NaN NaN NaN NaN NaN NaN NaN NaN NaN NaN NaN NaN NaN NaN NaN NaN NaN NaN NaN NaN NaN 
NaN NaN NaN NaN NaN NaN NaN NaN NaN NaN NaN NaN NaN NaN NaN NaN NaN NaN NaN NaN NaN NaN NaN NaN NaN NaN NaN NaN NaN NaN NaN NaN NaN NaN NaN NaN NaN NaN NaN NaN 
NaN NaN NaN NaN NaN NaN NaN NaN NaN NaN NaN NaN NaN NaN NaN NaN NaN NaN NaN NaN NaN NaN NaN NaN NaN NaN NaN NaN NaN NaN NaN NaN NaN NaN NaN NaN NaN NaN NaN NaN 
NaN NaN NaN NaN NaN NaN NaN NaN NaN NaN NaN NaN NaN NaN NaN NaN NaN NaN NaN NaN NaN NaN NaN NaN NaN NaN NaN NaN NaN NaN NaN NaN NaN NaN NaN NaN NaN NaN NaN NaN 
NaN NaN NaN NaN NaN NaN NaN NaN NaN NaN NaN NaN NaN NaN NaN NaN NaN NaN NaN NaN NaN NaN NaN NaN NaN NaN NaN NaN NaN NaN NaN NaN NaN NaN NaN NaN NaN NaN NaN NaN 
NaN NaN NaN NaN NaN NaN NaN NaN NaN NaN NaN NaN NaN NaN NaN NaN NaN NaN NaN NaN NaN NaN NaN NaN NaN NaN NaN NaN NaN NaN NaN NaN NaN NaN NaN NaN NaN NaN NaN NaN 
NaN NaN NaN NaN NaN NaN NaN NaN NaN NaN NaN NaN NaN NaN NaN NaN NaN NaN NaN NaN NaN NaN NaN NaN NaN NaN NaN NaN NaN NaN NaN NaN NaN NaN NaN NaN NaN NaN NaN NaN 
NaN NaN NaN NaN NaN NaN NaN NaN NaN NaN NaN NaN NaN NaN NaN NaN NaN NaN NaN NaN NaN NaN NaN NaN NaN NaN NaN NaN NaN NaN NaN NaN NaN NaN NaN NaN NaN NaN NaN NaN 
NaN NaN NaN NaN NaN NaN NaN NaN NaN NaN NaN NaN NaN NaN NaN NaN NaN NaN NaN NaN NaN NaN NaN NaN NaN NaN NaN NaN NaN NaN NaN NaN NaN NaN NaN NaN NaN NaN NaN NaN 
NaN NaN NaN NaN NaN NaN NaN NaN NaN NaN NaN NaN NaN NaN NaN NaN NaN NaN NaN NaN NaN NaN NaN NaN NaN NaN NaN NaN NaN NaN NaN NaN NaN NaN NaN NaN NaN NaN NaN NaN 
NaN NaN NaN NaN NaN NaN NaN NaN NaN NaN NaN NaN NaN NaN NaN NaN NaN NaN NaN NaN NaN NaN NaN NaN NaN NaN NaN NaN NaN NaN NaN NaN NaN NaN NaN NaN NaN NaN NaN NaN 
NaN NaN NaN NaN NaN NaN NaN NaN NaN NaN NaN NaN NaN NaN NaN NaN NaN NaN NaN NaN NaN NaN NaN NaN NaN NaN NaN NaN NaN NaN NaN NaN NaN NaN NaN NaN NaN NaN NaN NaN 
NaN NaN NaN NaN NaN NaN NaN NaN NaN NaN NaN NaN NaN NaN NaN NaN NaN NaN NaN NaN NaN NaN NaN NaN NaN NaN NaN NaN NaN NaN NaN NaN NaN NaN NaN NaN NaN NaN NaN NaN 
NaN NaN NaN NaN NaN NaN NaN NaN NaN NaN NaN NaN NaN NaN NaN NaN NaN NaN NaN NaN NaN NaN NaN NaN NaN NaN NaN NaN NaN NaN NaN NaN NaN NaN NaN NaN NaN NaN NaN NaN 
NaN NaN NaN NaN NaN NaN NaN NaN NaN NaN NaN NaN NaN NaN NaN NaN NaN NaN NaN NaN NaN NaN NaN NaN NaN NaN NaN NaN NaN NaN NaN NaN NaN NaN NaN NaN NaN NaN NaN NaN 
NaN NaN NaN NaN NaN NaN NaN NaN NaN NaN NaN NaN NaN NaN NaN NaN NaN NaN NaN NaN NaN NaN NaN NaN NaN NaN NaN NaN NaN NaN NaN NaN NaN NaN NaN NaN NaN NaN NaN NaN 
NaN NaN NaN NaN NaN NaN NaN NaN NaN NaN NaN NaN NaN NaN NaN NaN NaN NaN NaN NaN NaN NaN NaN NaN NaN NaN NaN NaN NaN NaN NaN NaN NaN NaN NaN NaN NaN NaN NaN NaN 
NaN NaN NaN NaN NaN NaN NaN NaN NaN NaN NaN NaN NaN NaN NaN NaN NaN NaN NaN NaN NaN NaN NaN NaN NaN NaN NaN NaN NaN NaN NaN NaN NaN NaN NaN NaN NaN NaN NaN NaN 
NaN NaN NaN NaN NaN NaN NaN NaN NaN NaN NaN NaN NaN NaN NaN NaN NaN NaN NaN NaN NaN NaN NaN NaN NaN NaN NaN NaN NaN NaN NaN NaN NaN NaN NaN NaN NaN NaN NaN NaN 
NaN NaN NaN NaN NaN NaN NaN NaN NaN NaN NaN NaN NaN NaN NaN NaN NaN NaN NaN NaN NaN NaN NaN NaN NaN NaN NaN NaN NaN NaN NaN NaN NaN NaN NaN NaN NaN NaN NaN NaN 
NaN NaN NaN NaN NaN NaN NaN NaN NaN NaN NaN NaN NaN NaN NaN NaN NaN NaN NaN NaN NaN NaN NaN NaN NaN NaN NaN NaN NaN NaN NaN NaN NaN NaN NaN NaN NaN NaN NaN NaN 
NaN NaN NaN NaN NaN NaN NaN NaN NaN NaN NaN NaN NaN NaN NaN NaN NaN NaN NaN NaN NaN NaN NaN NaN NaN NaN NaN NaN NaN NaN NaN NaN NaN NaN NaN NaN NaN NaN NaN NaN 
NaN NaN NaN NaN NaN NaN NaN NaN NaN NaN NaN NaN NaN NaN NaN NaN NaN NaN NaN NaN NaN NaN NaN NaN NaN NaN NaN NaN NaN NaN NaN NaN NaN NaN NaN NaN NaN NaN NaN NaN 
NaN NaN NaN NaN NaN NaN NaN NaN NaN NaN NaN NaN NaN NaN NaN NaN NaN NaN NaN NaN NaN NaN NaN NaN NaN NaN NaN NaN NaN NaN NaN NaN NaN NaN NaN NaN NaN NaN NaN NaN 
NaN NaN NaN NaN NaN NaN NaN NaN NaN NaN NaN NaN NaN NaN NaN NaN NaN NaN NaN NaN NaN NaN NaN NaN NaN NaN NaN NaN NaN NaN NaN NaN NaN NaN NaN NaN NaN NaN NaN NaN 
NaN NaN NaN NaN NaN NaN NaN NaN NaN NaN NaN NaN NaN NaN NaN NaN NaN NaN NaN NaN NaN NaN NaN NaN NaN NaN NaN NaN NaN NaN NaN NaN NaN NaN NaN NaN NaN NaN NaN NaN 
NaN NaN NaN NaN NaN NaN NaN NaN NaN NaN NaN NaN NaN NaN NaN NaN NaN NaN NaN NaN NaN NaN NaN NaN NaN NaN NaN NaN NaN NaN NaN NaN NaN NaN NaN NaN NaN NaN NaN NaN 
NaN NaN NaN NaN NaN NaN NaN NaN NaN NaN NaN NaN NaN NaN NaN NaN NaN NaN NaN NaN NaN NaN NaN NaN NaN NaN NaN NaN NaN NaN NaN NaN NaN NaN NaN NaN NaN NaN NaN NaN 
NaN NaN NaN NaN NaN NaN NaN NaN NaN NaN NaN NaN NaN NaN NaN NaN NaN NaN NaN NaN NaN NaN NaN NaN NaN NaN NaN NaN NaN NaN NaN NaN NaN NaN NaN NaN NaN NaN NaN NaN 
NaN NaN NaN NaN NaN NaN NaN NaN NaN NaN NaN NaN NaN NaN NaN NaN NaN NaN NaN NaN NaN NaN NaN NaN NaN NaN NaN NaN NaN NaN NaN NaN NaN NaN NaN NaN NaN NaN NaN NaN 
NaN NaN NaN NaN NaN NaN NaN NaN NaN NaN NaN NaN NaN NaN NaN NaN NaN NaN NaN NaN NaN NaN NaN NaN NaN NaN NaN NaN NaN NaN NaN NaN NaN NaN NaN NaN NaN NaN NaN NaN 
NaN NaN NaN NaN NaN NaN NaN NaN NaN NaN NaN NaN NaN NaN NaN NaN NaN NaN NaN NaN NaN NaN NaN NaN NaN NaN NaN NaN NaN NaN NaN NaN NaN NaN NaN NaN NaN NaN NaN NaN 
NaN NaN NaN NaN NaN NaN NaN NaN NaN NaN NaN NaN NaN NaN NaN NaN NaN NaN NaN NaN NaN NaN NaN NaN NaN NaN NaN NaN NaN NaN NaN NaN NaN NaN NaN NaN NaN NaN NaN NaN 
NaN NaN NaN NaN NaN NaN NaN NaN NaN NaN NaN NaN NaN NaN NaN NaN NaN NaN NaN NaN NaN NaN NaN NaN NaN NaN NaN NaN NaN NaN NaN NaN NaN NaN NaN NaN NaN NaN NaN NaN 
NaN NaN NaN NaN NaN NaN NaN NaN NaN NaN NaN NaN NaN NaN NaN NaN NaN NaN NaN NaN NaN NaN NaN NaN NaN NaN NaN NaN NaN NaN NaN NaN NaN NaN NaN NaN NaN NaN NaN NaN 
NaN NaN NaN NaN NaN NaN NaN NaN NaN NaN NaN NaN NaN NaN NaN NaN NaN NaN NaN NaN NaN NaN NaN NaN NaN NaN NaN NaN NaN NaN NaN NaN NaN NaN NaN NaN NaN NaN NaN NaN 
NaN NaN NaN NaN NaN NaN NaN NaN NaN NaN NaN NaN NaN NaN NaN NaN NaN NaN NaN NaN NaN NaN NaN NaN NaN NaN NaN NaN NaN NaN NaN NaN NaN NaN NaN NaN NaN NaN NaN NaN 
NaN NaN NaN NaN NaN NaN NaN NaN NaN NaN NaN NaN NaN NaN NaN NaN NaN NaN NaN NaN NaN NaN NaN NaN NaN NaN NaN NaN NaN NaN NaN NaN NaN NaN NaN NaN NaN NaN NaN NaN 
NaN NaN NaN NaN NaN NaN NaN NaN NaN NaN NaN NaN NaN NaN NaN NaN NaN NaN NaN NaN NaN NaN NaN NaN NaN NaN NaN NaN NaN NaN NaN NaN NaN NaN NaN NaN NaN NaN NaN NaN 
NaN NaN NaN NaN NaN NaN NaN NaN NaN NaN NaN NaN NaN NaN NaN NaN NaN NaN NaN NaN NaN NaN NaN NaN NaN NaN NaN NaN NaN NaN NaN NaN NaN NaN NaN NaN NaN NaN NaN NaN 
NaN NaN NaN NaN NaN NaN NaN NaN NaN NaN NaN NaN NaN NaN NaN NaN NaN NaN NaN NaN NaN NaN NaN NaN NaN NaN NaN NaN NaN NaN NaN NaN NaN NaN NaN NaN NaN NaN NaN NaN 
NaN NaN NaN NaN NaN NaN NaN NaN NaN NaN NaN NaN NaN NaN NaN NaN NaN NaN NaN NaN NaN NaN NaN NaN NaN NaN NaN NaN NaN NaN NaN NaN NaN NaN NaN NaN NaN NaN NaN NaN 
NaN NaN NaN NaN NaN NaN NaN NaN NaN NaN NaN NaN NaN NaN NaN NaN NaN NaN NaN NaN NaN NaN NaN NaN NaN NaN NaN NaN NaN NaN NaN NaN NaN NaN NaN NaN NaN NaN NaN NaN 
NaN NaN NaN NaN NaN NaN NaN NaN NaN NaN NaN NaN NaN NaN NaN NaN NaN NaN NaN NaN NaN NaN NaN NaN NaN NaN NaN NaN NaN NaN NaN NaN NaN NaN NaN NaN NaN NaN NaN NaN 
NaN NaN NaN NaN NaN NaN NaN NaN NaN NaN NaN NaN NaN NaN NaN NaN NaN NaN NaN NaN NaN NaN NaN NaN NaN NaN NaN NaN NaN NaN NaN NaN NaN NaN NaN NaN NaN NaN NaN NaN 
NaN NaN NaN NaN NaN NaN NaN NaN NaN NaN NaN NaN NaN NaN NaN NaN NaN NaN NaN NaN NaN NaN NaN NaN NaN NaN NaN NaN NaN NaN NaN NaN NaN NaN NaN NaN NaN NaN NaN NaN 
NaN NaN NaN NaN NaN NaN NaN NaN NaN NaN NaN NaN NaN NaN NaN NaN NaN NaN NaN NaN NaN NaN NaN NaN NaN NaN NaN NaN NaN NaN NaN NaN NaN NaN NaN NaN NaN NaN NaN NaN 
NaN NaN NaN NaN NaN NaN NaN NaN NaN NaN NaN NaN NaN NaN NaN NaN NaN NaN NaN NaN NaN NaN NaN NaN NaN NaN NaN NaN NaN NaN NaN NaN NaN NaN NaN NaN NaN NaN NaN NaN 
NaN NaN NaN NaN NaN NaN NaN NaN NaN NaN NaN NaN NaN NaN NaN NaN NaN NaN NaN NaN NaN NaN NaN NaN NaN NaN NaN NaN NaN NaN NaN NaN NaN NaN NaN NaN NaN NaN NaN NaN 
NaN NaN NaN NaN NaN NaN NaN NaN NaN NaN NaN NaN NaN NaN NaN NaN NaN NaN NaN NaN NaN NaN NaN NaN NaN NaN NaN NaN NaN NaN NaN NaN NaN NaN NaN NaN NaN NaN NaN NaN 
NaN NaN NaN NaN NaN NaN NaN NaN NaN NaN NaN NaN NaN NaN NaN NaN NaN NaN NaN NaN NaN NaN NaN NaN NaN NaN NaN NaN NaN NaN NaN NaN NaN NaN NaN NaN NaN NaN NaN NaN 
NaN NaN NaN NaN NaN NaN NaN NaN NaN NaN NaN NaN NaN NaN NaN NaN NaN NaN NaN NaN NaN NaN NaN NaN NaN NaN NaN NaN NaN NaN NaN NaN NaN NaN NaN NaN NaN NaN NaN NaN 
NaN NaN NaN NaN NaN NaN NaN NaN NaN NaN NaN NaN NaN NaN NaN NaN NaN NaN NaN NaN NaN NaN NaN NaN NaN NaN NaN NaN NaN NaN NaN NaN NaN NaN NaN NaN NaN NaN NaN NaN 
NaN NaN NaN NaN NaN NaN NaN NaN NaN NaN NaN NaN NaN NaN NaN NaN NaN NaN NaN NaN NaN NaN NaN NaN NaN NaN NaN NaN NaN NaN NaN NaN NaN NaN NaN NaN NaN NaN NaN NaN 
NaN NaN NaN NaN NaN NaN NaN NaN NaN NaN NaN NaN NaN NaN NaN NaN NaN NaN NaN NaN NaN NaN NaN NaN NaN NaN NaN NaN NaN NaN NaN NaN NaN NaN NaN NaN NaN NaN NaN NaN 
NaN NaN NaN NaN NaN NaN NaN NaN NaN NaN NaN NaN NaN NaN NaN NaN NaN NaN NaN NaN NaN NaN NaN NaN NaN NaN NaN NaN NaN NaN NaN NaN NaN NaN NaN NaN NaN NaN NaN NaN 
NaN NaN NaN NaN NaN NaN NaN NaN NaN NaN NaN NaN NaN NaN NaN NaN NaN NaN NaN NaN NaN NaN NaN NaN NaN NaN NaN NaN NaN NaN NaN NaN NaN NaN NaN NaN NaN NaN NaN NaN 
NaN NaN NaN NaN NaN NaN NaN NaN NaN NaN NaN NaN NaN NaN NaN NaN NaN NaN NaN NaN NaN NaN NaN NaN NaN NaN NaN NaN NaN NaN NaN NaN NaN NaN NaN NaN NaN NaN NaN NaN 
NaN NaN NaN NaN NaN NaN NaN NaN NaN NaN NaN NaN NaN NaN NaN NaN NaN NaN NaN NaN NaN NaN NaN NaN NaN NaN NaN NaN NaN NaN NaN NaN NaN NaN NaN NaN NaN NaN NaN NaN 
NaN NaN NaN NaN NaN NaN NaN NaN NaN NaN NaN NaN NaN NaN NaN NaN NaN NaN NaN NaN NaN NaN NaN NaN NaN NaN NaN NaN NaN NaN NaN NaN NaN NaN NaN NaN NaN NaN NaN NaN 
NaN NaN NaN NaN NaN NaN NaN NaN NaN NaN NaN NaN NaN NaN NaN NaN NaN NaN NaN NaN NaN NaN NaN NaN NaN NaN NaN NaN NaN NaN NaN NaN NaN NaN NaN NaN NaN NaN NaN NaN 
NaN NaN NaN NaN NaN NaN NaN NaN NaN NaN NaN NaN NaN NaN NaN NaN NaN NaN NaN NaN NaN NaN NaN NaN NaN NaN NaN NaN NaN NaN NaN NaN NaN NaN NaN NaN NaN NaN NaN NaN 
NaN NaN NaN NaN NaN NaN NaN NaN NaN NaN NaN NaN NaN NaN NaN NaN NaN NaN NaN NaN NaN NaN NaN NaN NaN NaN NaN NaN NaN NaN NaN NaN NaN NaN NaN NaN NaN NaN NaN NaN 
NaN NaN NaN NaN NaN NaN NaN NaN NaN NaN NaN NaN NaN NaN NaN NaN NaN NaN NaN NaN NaN NaN NaN NaN NaN NaN NaN NaN NaN NaN NaN NaN NaN NaN NaN NaN NaN NaN NaN NaN 
NaN NaN NaN NaN NaN NaN NaN NaN NaN NaN NaN NaN NaN NaN NaN NaN NaN NaN NaN NaN NaN NaN NaN NaN NaN NaN NaN NaN NaN NaN NaN NaN NaN NaN NaN NaN NaN NaN NaN NaN 
NaN NaN NaN NaN NaN NaN NaN NaN NaN NaN NaN NaN NaN NaN NaN NaN NaN NaN NaN NaN NaN NaN NaN NaN NaN NaN NaN NaN NaN NaN NaN NaN NaN NaN NaN NaN NaN NaN NaN NaN 
NaN NaN NaN NaN NaN NaN NaN NaN NaN NaN NaN NaN NaN NaN NaN NaN NaN NaN NaN NaN NaN NaN NaN NaN NaN NaN NaN NaN NaN NaN NaN NaN NaN NaN NaN NaN NaN NaN NaN NaN 
NaN NaN NaN NaN NaN NaN NaN NaN NaN NaN NaN NaN NaN NaN NaN NaN NaN NaN NaN NaN NaN NaN NaN NaN NaN NaN NaN NaN NaN NaN NaN NaN NaN NaN NaN NaN NaN NaN NaN NaN 
NaN NaN NaN NaN NaN NaN NaN NaN NaN NaN NaN NaN NaN NaN NaN NaN NaN NaN NaN NaN NaN NaN NaN NaN NaN NaN NaN NaN NaN NaN NaN NaN NaN NaN NaN NaN NaN NaN NaN NaN 
NaN NaN NaN NaN NaN NaN NaN NaN NaN NaN NaN NaN NaN NaN NaN NaN NaN NaN NaN NaN NaN NaN NaN NaN NaN NaN NaN NaN NaN NaN NaN NaN NaN NaN NaN NaN NaN NaN NaN NaN 
NaN NaN NaN NaN NaN NaN NaN NaN NaN NaN NaN NaN NaN NaN NaN NaN NaN NaN NaN NaN NaN NaN NaN NaN NaN NaN NaN NaN NaN NaN NaN NaN NaN NaN NaN NaN NaN NaN NaN NaN 
NaN NaN NaN NaN NaN NaN NaN NaN NaN NaN NaN NaN NaN NaN NaN NaN NaN NaN NaN NaN NaN NaN NaN NaN NaN NaN NaN NaN NaN NaN NaN NaN NaN NaN NaN NaN NaN NaN NaN NaN 
NaN NaN NaN NaN NaN NaN NaN NaN NaN NaN NaN NaN NaN NaN NaN NaN NaN NaN NaN NaN NaN NaN NaN NaN NaN NaN NaN NaN NaN NaN NaN NaN NaN NaN NaN NaN NaN NaN NaN NaN 
NaN NaN NaN NaN NaN NaN NaN NaN NaN NaN NaN NaN NaN NaN NaN NaN NaN NaN NaN NaN NaN NaN NaN NaN NaN NaN NaN NaN NaN NaN NaN NaN NaN NaN NaN NaN NaN NaN NaN NaN 
NaN NaN NaN NaN NaN NaN NaN NaN NaN NaN NaN NaN NaN NaN NaN NaN NaN NaN NaN NaN NaN NaN NaN NaN NaN NaN NaN NaN NaN NaN NaN NaN NaN NaN NaN NaN NaN NaN NaN NaN 
NaN NaN NaN NaN NaN NaN NaN NaN NaN NaN NaN NaN NaN NaN NaN NaN NaN NaN NaN NaN NaN NaN NaN NaN NaN NaN NaN NaN NaN NaN NaN NaN NaN NaN NaN NaN NaN NaN NaN NaN 
NaN NaN NaN NaN NaN NaN NaN NaN NaN NaN NaN NaN NaN NaN NaN NaN NaN NaN NaN NaN NaN NaN NaN NaN NaN NaN NaN NaN NaN NaN NaN NaN NaN NaN NaN NaN NaN NaN NaN NaN 
-67.521997 -70.481120 -74.186477 -75.306390 -76.072231 -79.067858 -80.777831 -85.160930 -90.343460 -87.283962 -83.688706 -81.910816 -89.256689 -95.281212 -86.431382 -82.227146 -82.993811 -85.672193 -88.734653 -85.858908 -83.368476 -86.418299 -97.519579 -87.263782 -89.618157 -88.840634 -90.518859 -87.169739 -85.433986 -92.554478 -88.032660 -86.976988 -87.603898 -86.495987 -84.572020 -82.390751 -85.930538 -86.814688 -88.003753 -90.823936 
-53.736826 -67.941009 -71.367260 -66.807075 -71.367376 -70.818169 -72.857481 -78.626760 -77.348425 -76.747955 -74.582663 -70.825579 -70.050437 -75.299421 -77.496626 -72.636931 -73.879518 -73.357108 -76.966098 -72.621185 -72.026527 -75.305764 -75.260123 -70.498506 -73.208809 -75.406660 -75.091736 -73.613826 -73.876548 -78.335639 -71.923654 -71.647174 -76.230539 -73.050527 -71.767818 -73.248707 -77.115163 -74.317051 -74.362081 -76.251026 
-53.753935 -78.655978 -75.178748 -71.262026 -72.855986 -71.599934 -79.968801 -82.193777 -73.650478 -72.378025 -73.407950 -74.976518 -75.299576 -71.814043 -70.683496 -72.173563 -73.718261 -74.465840 -72.918609 -71.831695 -69.241676 -70.993330 -74.471589 -70.795688 -74.866592 -71.820197 -75.668043 -71.028260 -70.211208 -72.268208 -74.111611 -74.933411 -74.870492 -74.335137 -75.037355 -69.953998 -73.216819 -73.673303 -73.904379 -74.803714 
-53.793989 -73.620171 -72.066590 -73.956727 -70.925456 -72.554280 -72.860162 -74.216497 -66.915706 -68.358983 -68.534622 -70.138550 -74.646891 -74.691993 -72.055224 -67.084325 -69.235868 -74.763977 -76.290297 -74.521162 -73.967465 -71.865158 -68.562114 -74.289410 -76.096040 -70.637220 -71.859955 -68.371362 -70.588401 -73.271431 -71.660283 -73.742456 -71.371431 -71.546450 -70.898862 -70.857540 -70.605613 -73.056781 -70.606065 -73.451185 
-37.068554 -35.152590 -38.779472 -46.378374 -48.346213 -47.219853 -50.494075 -50.282772 -50.225673 -51.697413 -58.491387 -52.783960 -53.688783 -52.095697 -51.273496 -54.019609 -60.632707 -57.546806 -61.469533 -61.168264 -64.064187 -60.904873 -62.000117 -66.624382 -67.470256 -66.333706 -67.710700 -63.587676 -63.431807 -67.709131 -70.887558 -70.196740 -67.797823 -68.066698 -66.794256 -65.588261 -66.977469 -66.837141 -68.446427 -70.711150 
-17.113469 -17.821330 -24.268456 -36.388123 -36.053533 -31.313782 -36.317063 -39.745656 -46.062089 -47.547616 -47.136073 -46.543518 -51.140075 -48.843861 -49.807033 -45.971952 -52.784453 -53.942688 -52.096234 -56.743437 -60.141573 -58.896493 -59.704587 -63.770413 -63.873329 -58.546094 -61.853144 -62.031396 -61.112822 -61.693235 -70.667200 -67.192590 -65.744993 -66.837932 -67.302911 -64.116206 -62.761356 -63.807778 -63.031146 -66.875329 
-17.053070 -20.880695 -26.685691 -33.412032 -32.958279 -31.687858 -42.894559 -48.328996 -49.276056 -47.257720 -48.004687 -45.921610 -52.143547 -54.937606 -54.469807 -50.005610 -52.227300 -50.079918 -51.859859 -55.137826 -57.581002 -57.694467 -57.561307 -60.224897 -62.408600 -64.311741 -62.018523 -62.462762 -63.695171 -61.269928 -63.861419 -62.207466 -64.465872 -65.931218 -64.377385 -64.693050 -65.595078 -64.904955 -64.450109 -65.715575 
-17.486309 -15.446037 -13.673430 -23.084724 -41.037586 -38.719039 -35.593457 -38.949603 -53.411252 -52.768188 -56.615142 -52.429498 -54.758657 -54.132011 -51.209378 -54.398438 -57.262139 -52.188938 -55.651896 -57.282283 -58.220454 -57.342035 -56.840791 -59.033740 -63.517606 -65.770542 -67.292557 -64.543102 -61.671030 -60.975382 -64.349774 -63.289912 -67.051424 -64.562122 -62.517759 -63.817032 -64.900454 -64.194353 -65.294193 -66.754811 
-19.518030 -3.948878 -0.341085 -10.331229 -22.753983 -28.657852 -35.916998 -38.743874 -41.292985 -42.241535 -44.224728 -43.922595 -45.879222 -46.887790 -48.410608 -48.687361 -50.173195 -50.691195 -51.764158 -52.613516 -52.817299 -53.638763 -54.085667 -55.258007 -55.736994 -56.330407 -56.545589 -57.118386 -57.506850 -57.846614 -59.254098 -58.894104 -58.929881 -59.421953 -60.278511 -60.420629 -61.214927 -60.703838 -59.871160 -61.130676 
-8.183241 7.235150 10.670356 0.831358 -10.028498 -12.974613 -21.408616 -24.103595 -24.649145 -33.133629 -33.340104 -35.143874 -36.469107 -37.183213 -37.190766 -37.954904 -39.631071 -41.180241 -41.775141 -42.526824 -43.179567 -44.180899 -44.523106 -45.275730 -46.106165 -46.686157 -47.331457 -47.815738 -48.397862 -48.994723 -49.542144 -49.938391 -50.556641 -50.803322 -51.074661 -51.509291 -51.865891 -52.005961 -52.075316 -52.338346 
-3.826045 11.620758 13.400888 1.401118 -9.342470 -15.614923 -20.184822 -22.137568 -19.885650 -30.241496 -31.842754 -39.882521 -43.349241 -39.440403 -33.591722 -34.934990 -43.427234 -48.355422 -49.117594 -50.326397 -50.955507 -52.663759 -52.330319 -54.080447 -54.382078 -55.773112 -56.116913 -57.080009 -57.319205 -57.731189 -57.974170 -58.309349 -58.749962 -59.040973 -59.929126 -60.428973 -60.722117 -60.352835 -60.659808 -60.816577 
-2.996356 11.974553 11.636204 -2.320493 -7.888085 -21.918317 -22.077515 -19.822141 -24.737535 -30.537769 -41.036603 -45.721277 -47.912234 -43.048417 -32.602759 -34.780330 -41.743256 -46.793949 -50.118565 -51.635232 -56.751133 -53.212533 -52.362456 -51.309414 -57.667436 -58.947463 -60.085573 -57.627392 -58.295683 -55.753648 -56.598330 -51.224946 -52.738240 -60.017019 -63.922765 -53.601304 -51.455634 -56.771650 -62.353289 -59.166875 
-1.717274 11.921973 13.337815 -1.064300 -0.553618 -1.648914 -4.659091 -11.556711 -23.239013 -16.573846 -17.682824 -23.428882 -23.863242 -23.286256 -24.018984 -27.832045 -24.662427 -23.616825 -22.431513 -25.888979 -31.981115 -28.381599 -25.171743 -23.900246 -31.747333 -35.084880 -33.472705 -33.467826 -35.496637 -34.360577 -37.122953 -31.169002 -32.898283 -29.930781 -31.597346 -31.732030 -26.355692 -27.350989 -33.106067 -34.940013 
9.612717 19.030972 21.070677 12.199832 13.869575 15.793330 9.969664 13.060368 5.667465 1.649831 0.847912 -4.940131 -2.816792 -5.840799 -2.647454 1.353365 -7.797444 -12.277319 -13.102847 -17.617357 -22.470721 -19.822578 -13.355303 -11.570057 -20.048060 -25.614515 -22.634833 -18.089307 -25.410917 -25.749442 -30.434188 -24.622940 -23.702997 -21.743479 -23.750833 -22.748638 -18.174905 -17.250991 -24.123538 -27.962483 
7.878391 18.972937 25.076804 17.872113 21.475229 19.319604 17.242711 23.079728 20.969875 15.788630 5.667979 8.544246 6.554202 4.070105 12.463370 10.838966 1.076013 -4.251860 -8.113982 -9.534193 -15.484777 -12.230866 -5.395049 -1.894512 -13.076547 -19.673199 -18.452913 -13.378790 -18.453301 -23.473507 -31.573965 -31.463336 -27.013701 -30.359472 -32.642844 -33.008346 -31.192905 -21.258748 -27.443272 -36.879691 
6.728548 19.593784 24.182147 15.870515 22.828880 17.321440 19.224265 19.392738 25.269286 21.003476 4.567410 11.383678 12.418632 13.349234 13.977155 9.732001 5.285016 -3.691418 -4.421797 -7.732946 -10.133328 -9.243384 -2.468483 0.525873 -6.867835 -14.159110 -12.955032 -9.808447 -16.083028 -21.590574 -26.469736 -25.633342 -24.375045 -27.474529 -28.672970 -29.307870 -26.369464 -19.699443 -26.451421 -30.637714 
4.128578 18.409181 22.864021 14.539327 22.321009 16.798950 17.518356 16.297492 27.743995 21.514670 9.534743 13.754586 14.278423 14.631621 14.302677 13.257655 3.133724 -2.570409 -6.054084 -8.743608 -9.843366 -9.949625 -3.595458 3.838975 -4.213983 -12.728003 -11.611331 -7.883131 -10.518273 -16.766030 -29.182567 -23.167026 -21.186051 -28.997833 -34.079700 -35.562203 -28.791558 -18.816101 -24.892484 -42.010198 
-3.628350 16.852645 21.706693 14.597321 21.219715 16.428072 15.927118 15.589365 27.036928 20.570769 14.208053 13.681024 13.955674 14.795662 15.057939 12.640207 4.300979 -1.691230 -7.141100 -8.600580 -8.725501 -12.148727 -4.140154 3.911124 -5.063928 -13.194134 -12.940630 -7.699801 -8.021019 -16.907188 -23.876282 -21.614340 -20.552480 -27.081906 -28.983403 -29.196747 -27.946553 -23.614620 -23.810385 -31.535711 
-3.173912 14.733701 20.389364 12.152463 19.601568 16.065208 13.801051 12.836754 24.693106 20.653352 17.588761 13.323245 12.886947 14.862257 14.758047 9.673085 0.002720 -3.758382 -7.346260 -11.513004 -10.747392 -11.219468 -5.527789 1.278934 -3.982380 -14.849589 -15.641100 -5.984160 -5.635800 -15.927574 -24.572320 -21.445931 -22.062756 -27.885198 -28.729936 -28.463145 -25.632764 -18.005952 -23.234222 -30.407412 
-6.224587 13.662012 19.780710 11.639177 18.537710 14.998140 12.227169 11.604745 22.256242 20.596922 20.506557 13.470825 11.881415 14.168470 16.158855 11.435825 2.705408 -4.116075 -9.358403 -12.798024 -11.472501 -9.941646 -3.882163 1.483246 -5.909049 -15.651631 -15.949299 -7.117513 -5.255635 -12.431705 -24.317006 -21.636511 -24.228123 -28.938517 -29.380300 -29.142550 -27.375835 -18.204748 -23.743509 -30.956845 
-7.332183 13.678826 19.379144 11.158190 17.777359 14.330854 10.515007 10.549309 21.153755 18.939944 21.976981 13.301213 9.452347 13.672788 14.815192 13.345025 6.416371 -1.514587 -9.300890 -16.352372 -15.493007 -12.013259 -6.495517 -4.062827 -10.551386 -16.889860 -20.421369 -7.456749 -3.875731 -11.758782 -26.286948 -24.647546 -28.246145 -34.847880 -34.912899 -32.144443 -30.163180 -21.962769 -27.528368 -39.260247 
-5.066795 12.777457 18.302479 9.700792 18.014526 14.708372 10.436064 9.866832 19.746383 16.483183 22.624435 13.049041 8.000546 12.900533 15.358967 15.208542 9.809195 -1.521312 -9.301027 -16.443087 -12.819443 -12.476359 -7.770629 -0.793268 -4.843448 -16.546313 -26.647403 -11.420652 -4.773809 -12.344981 -28.063455 -27.108925 -32.005451 -35.100170 -36.967940 -35.822663 -33.671521 -20.161837 -26.575312 -43.421001 
-7.182270 12.780810 17.822517 10.365394 17.192297 12.342129 9.902553 7.550144 17.799269 15.600844 22.873788 14.388475 10.413888 11.830058 10.842201 15.453004 10.313630 -3.976570 -7.967421 -13.370745 -12.563287 -13.872688 -7.955726 -0.169877 -3.715443 -11.511712 -18.968628 -9.992782 -3.840201 -12.563665 -30.559500 -29.065373 -27.671217 -30.528316 -37.960424 -38.136323 -39.010720 -21.018059 -24.797986 -40.734130 
-2.599332 13.256072 17.216881 10.024655 16.455105 10.832434 9.524917 6.350298 15.021444 15.947649 20.918792 16.091497 13.809665 13.194662 9.795674 17.283308 9.310381 -3.076360 -9.247567 -12.144592 -15.266478 -10.164339 -7.146211 1.988838 -4.595300 -13.312584 -12.426828 -8.882124 -3.289605 -11.317690 -28.126816 -24.837929 -21.908288 -27.639130 -31.414355 -32.238776 -32.151372 -22.506892 -24.419609 -33.167714 
-3.056362 13.421922 16.273812 9.567541 15.197473 7.658409 7.510461 6.267934 11.356731 17.781919 19.426971 18.710512 14.231046 9.520344 8.230196 14.147882 10.430899 2.269230 -7.188563 -12.224512 -12.196211 -11.203364 -7.112474 -0.467712 -6.924216 -16.905759 -13.855497 -10.999129 -6.434266 -13.362017 -35.775076 -27.778826 -23.742356 -31.667913 -39.138644 -43.537930 -41.992801 -21.348577 -22.216055 -39.777421 
-2.864654 13.591580 15.258607 10.072206 13.160464 4.642701 5.130163 6.520228 9.519192 17.470686 16.610810 16.661626 11.196944 2.487727 4.847539 7.611923 7.570893 2.414867 -5.484104 -13.549548 -16.396465 -14.780853 -6.990655 -1.643852 -13.240076 -20.749455 -20.493168 -13.831254 -10.573169 -17.654623 -37.969108 -30.380235 -27.801703 -34.967775 -41.492977 -51.772111 -53.341163 -27.589906 -28.125647 -43.421577 
-0.552595 13.845028 14.271916 10.634631 11.869627 4.152529 2.038464 6.834218 8.336750 15.382746 17.103256 13.414666 6.225728 2.400055 1.549234 2.554753 9.125583 4.698793 -1.233931 -10.500652 -12.407327 -17.307132 -7.770775 -1.855480 -14.173636 -19.842991 -21.894057 -15.390904 -12.371296 -20.496438 -36.903544 -31.033303 -27.895692 -35.829887 -41.066678 -46.838626 -45.822450 -30.578365 -29.830192 -41.610077 
-1.105069 13.875191 13.269257 10.180355 9.636402 1.394720 0.011336 7.666318 10.915840 11.975928 15.586832 3.756895 1.337254 -0.899834 0.376004 0.681238 4.947577 2.212877 -5.736535 -10.999713 -15.656566 -17.896898 -8.349441 -1.448519 -13.221577 -21.715759 -24.711793 -20.646454 -16.333251 -23.562978 -34.599199 -27.794396 -27.894102 -33.284469 -39.797509 -44.706405 -43.152810 -31.045784 -31.319695 -39.483093 
-0.417709 13.839945 12.527177 9.465203 8.470132 -1.478012 0.199152 6.414311 8.419120 8.213617 9.670035 -4.231029 -1.624735 -2.924048 -5.006485 -8.685605 -6.338403 -5.413771 -9.059605 -16.286135 -14.363373 -18.318998 -10.583384 -7.078022 -16.057781 -19.115629 -24.428818 -24.953742 -23.992097 -25.831356 -32.377824 -26.515842 -24.489042 -27.430099 -35.884491 -46.242039 -43.097571 -25.620236 -28.831018 -41.572159 
1.290297 13.947560 12.267662 9.591443 6.359372 -1.832386 0.161577 5.721130 8.927019 3.532772 4.075109 -2.859651 -7.857088 -9.608827 -10.077218 -9.458268 -8.363156 -3.367148 -4.112633 -12.372379 -16.818172 -20.379408 -8.066024 -6.781253 -20.312830 -26.761798 -29.839317 -30.702508 -25.067448 -26.139617 -31.414398 -28.333311 -29.360485 -30.149390 -34.337466 -44.878575 -41.711726 -27.156653 -32.646561 -42.740051 
3.493087 12.889963 9.867977 5.847448 2.465386 0.442258 -2.131993 -0.042917 5.734337 0.612314 0.746505 -2.748288 -10.584767 -10.302749 -12.734445 -11.827545 -9.506943 -1.505760 -3.028608 -11.948723 -20.941450 -27.641862 -18.392269 -18.040060 -27.668291 -30.546645 -29.738931 -29.315190 -19.962534 -22.012753 -29.682124 -25.886829 -30.740565 -33.954555 -30.928687 -40.619859 -39.079259 -30.392162 -32.864345 -43.435387 
0.324863 10.280680 6.165637 -1.262612 0.079818 2.368192 -5.255249 -0.867780 -1.368724 -2.969678 -2.484890 -10.159039 -13.056444 -16.724002 -25.117523 -24.152898 -19.759674 -14.992719 -10.352844 -17.677971 -26.502695 -26.046541 -22.083593 -20.020858 -29.685358 -31.747061 -34.310209 -34.479589 -27.396168 -27.187476 -34.073804 -31.854527 -33.606042 -32.922209 -31.894770 -32.863793 -37.163044 -34.163687 -37.576165 -40.197366 
-0.498605 8.627082 3.934347 -8.148184 -3.190356 -2.610074 -8.177318 -5.979784 -13.620504 -11.582750 -15.267475 -18.259113 -16.462338 -19.617797 -19.362909 -23.232166 -21.920065 -13.683058 -10.291324 -14.779431 -27.143343 -26.428431 -18.586680 -19.593944 -31.955383 -35.719000 -32.868669 -25.414530 -23.413080 -31.607629 -30.333486 -28.294787 -26.287575 -22.816271 -27.565186 -30.078596 -27.180970 -28.646999 -28.706844 -31.289545 
-2.643354 4.920009 0.123880 -4.577904 -7.818431 -12.678343 -7.926462 -12.470339 -24.805582 -16.171713 -15.373165 -16.318944 -19.187290 -26.290197 -22.444946 -24.824130 -28.282182 -23.549368 -14.948045 -15.744980 -30.269643 -31.594295 -22.848109 -22.170910 -23.591475 -28.092984 -26.130270 -24.077196 -21.360221 -28.104751 -21.609544 -18.680643 -12.993702 -12.736143 -13.926112 -16.448194 -18.883815 -16.154474 -20.966570 -24.104068 
-5.381654 -0.348953 -3.304849 -11.687287 -18.221730 -20.322049 -17.455079 -23.325549 -21.280528 -23.133938 -22.273906 -16.234305 -20.065629 -18.156210 -18.211805 -24.949802 -39.648567 -25.401395 -16.880147 -18.314517 -37.614940 -54.479463 -28.390044 -18.943414 -26.634563 -26.006232 -20.664898 -17.859449 -18.247451 -22.643686 -18.928389 -10.994081 -6.159627 -7.803929 -8.270284 -8.410033 -10.540458 -8.422742 -10.694280 -15.746964 
-11.200836 -10.233325 -17.588763 -24.467033 -34.092233 -31.538809 -24.758462 -21.059073 -29.287371 -29.755492 -29.779465 -21.467845 -24.632076 -28.113851 -24.871972 -28.653848 -44.902755 -25.174958 -21.463263 -25.107116 -41.681376 -54.991328 -32.378503 -19.855887 -26.900482 -26.682419 -20.465940 -18.040155 -12.142114 -14.650161 -15.052675 -10.363157 -5.482641 -4.573076 -4.168528 -8.381323 -9.082437 -7.754587 -8.876132 -11.915191 
-13.878720 -17.302551 -33.610788 -30.899203 -33.266644 -35.375021 -24.968043 -20.395498 -34.925508 -43.466623 -35.001606 -21.428250 -27.191565 -32.695273 -34.406010 -38.702900 -45.693112 -24.928874 -22.764281 -33.395772 -40.239711 -40.649305 -38.216586 -20.776114 -34.952190 -31.661754 -22.885362 -16.986980 -14.423298 -14.734678 -14.748420 -13.657442 -8.781353 -3.811109 -4.652140 -6.364301 -8.048318 -8.589948 -8.901538 -13.136339 
-22.706681 -14.445753 -22.282435 -38.569761 -34.362034 -30.777675 -24.742071 -21.885593 -32.143520 -45.098168 -35.821568 -22.591601 -28.971970 -37.206363 -38.925290 -36.143808 -34.628009 -26.625949 -24.634925 -30.109960 -35.437932 -30.683325 -33.409895 -22.580742 -31.052100 -31.017176 -22.681609 -18.868747 -13.523300 -15.003970 -18.801044 -15.561915 -3.767197 -0.153662 -4.625777 -3.938082 -4.006846 -2.212935 -4.813987 -6.756997 
-18.541277 -21.964675 -30.431382 -41.520688 -35.439074 -33.039858 -30.252307 -26.735084 -25.893139 -32.082903 -38.543410 -31.231709 -27.303193 -30.600904 -33.565132 -30.670399 -33.924703 -29.854055 -28.051227 -28.811986 -30.254854 -30.046923 -35.042666 -25.908467 -25.182936 -30.605864 -22.277724 -17.915163 -15.283819 -13.848347 -20.331909 -12.770718 -0.446486 -0.743665 -4.891547 -2.674363 -6.240240 -4.146159 -4.467904 -6.534363 
-23.863775 -28.603536 -31.912324 -44.254137 -42.058312 -32.672717 -29.646267 -34.158366 -34.876286 -37.004716 -35.024516 -33.243449 -31.609415 -33.934923 -36.672599 -32.514468 -35.031853 -30.829998 -29.655306 -27.843201 -30.295857 -37.508763 -33.720610 -28.148569 -29.844357 -30.231702 -23.633146 -20.438677 -14.938633 -12.277811 -19.221939 -6.049789 0.247166 0.970979 -2.959391 -7.009105 -4.572458 -2.329488 -7.262000 -9.466491 
-30.951657 -26.533466 -30.043554 -40.088410 -37.633392 -33.628258 -30.248013 -33.288890 -35.587331 -34.989557 -32.977052 -32.929092 -31.663594 -37.423028 -37.690087 -32.850232 -39.348056 -34.485874 -28.595289 -26.534443 -32.374413 -36.201875 -33.000054 -27.905746 -29.379969 -32.399536 -25.472632 -17.735033 -13.193030 -15.318409 -16.001980 -6.321932 0.543386 0.326186 -2.796981 -4.787568 -1.034189 -0.828784 -5.718777 -8.940645 
-30.851055 -29.332505 -45.008662 -38.310150 -38.805135 -35.703757 -33.742479 -31.797474 -39.116594 -36.332001 -31.728105 -36.130745 -37.774526 -36.982662 -32.871303 -33.775896 -34.871770 -32.352853 -35.250037 -31.265525 -31.659295 -36.064959 -35.444311 -27.549923 -30.461756 -32.761241 -29.316562 -20.541924 -14.511422 -18.937125 -16.602776 -6.193128 0.606900 1.391026 -1.428102 -2.061883 -2.615220 -2.683709 -4.350469 -7.927616 
-24.018656 -29.043403 -33.017119 -39.721010 -42.191912 -43.540126 -36.005585 -32.767812 -34.867929 -36.483104 -35.633946 -34.966736 -30.056337 -34.828421 -34.165273 -31.812838 -35.036532 -30.331372 -32.122189 -31.489367 -35.851818 -34.147000 -37.997234 -32.393892 -32.153329 -28.730174 -23.967644 -16.961200 -13.103622 -19.784709 -21.419059 -5.155759 0.606129 1.599155 -4.530154 -3.382747 -5.322399 -0.360420 -4.691929 -6.246305 
-23.734604 -24.660738 -33.580391 -50.253800 -39.333315 -41.925322 -36.329312 -27.761974 -34.057150 -41.908160 -35.752449 -39.197811 -31.038638 -30.988159 -29.212279 -31.811921 -28.606896 -30.375608 -30.464867 -29.152545 -35.299659 -30.863685 -31.671112 -33.071446 -32.181506 -27.664308 -21.103403 -15.246356 -15.124013 -21.200959 -27.147634 -1.964203 0.070642 -1.581516 -3.712376 -1.725088 -1.813963 -1.577739 -7.821533 -10.358606 
-33.985872 -33.769782 -33.228096 -42.260944 -38.142839 -37.162887 -32.674527 -29.391617 -36.574785 -42.225114 -32.410276 -31.458112 -30.470605 -29.743088 -34.407246 -39.926833 -36.101944 -35.713166 -31.514374 -30.847225 -35.456623 -30.922434 -35.657338 -29.445067 -29.967308 -28.348741 -27.201514 -22.154910 -16.196907 -14.712689 -21.181827 -2.845907 1.000315 1.528375 -1.786891 -2.535847 -0.089072 -2.982344 -7.002225 -9.112137 
-35.236945 -33.682536 -39.717323 -42.056549 -44.932699 -34.009440 -35.893225 -37.739368 -36.406376 -37.720471 -29.212658 -29.897530 -33.703540 -29.604203 -30.758965 -36.340996 -33.133839 -32.336892 -28.395368 -29.445848 -33.233136 -31.531238 -30.460677 -30.325509 -28.951203 -27.586102 -24.471218 -22.145546 -16.516065 -17.959171 -21.538918 -8.358940 0.898819 0.082831 -2.284105 -1.578449 0.665187 0.721060 -3.164294 -5.700738 
-26.399383 -25.648276 -34.116929 -46.543439 -38.157980 -33.435024 -38.225682 -41.063991 -37.717683 -32.749686 -35.456306 -34.678494 -36.069467 -33.773947 -33.543635 -33.131403 -30.337771 -35.032892 -35.332210 -36.213617 -31.803265 -34.165686 -31.109883 -28.533386 -33.498029 -27.268682 -20.694484 -18.089304 -14.932521 -15.904152 -20.683531 -18.991067 4.028788 -1.167420 -4.432772 -1.935368 -4.460898 -0.876023 -2.797698 -7.120575 
-27.799624 -24.817861 -30.773539 -41.522364 -39.112260 -31.751875 -34.395139 -36.241734 -39.343371 -45.634436 -39.909695 -35.962222 -30.516091 -27.609674 -31.554111 -34.101550 -31.261894 -30.665454 -36.325648 -34.876065 -40.909443 -36.374862 -33.497248 -29.846332 -34.099993 -27.584896 -20.044644 -17.438294 -14.487057 -18.500386 -25.852173 -16.720019 -0.960014 -3.802505 -3.793841 -7.373710 -2.147936 -2.282361 -7.297702 -10.921229 
-23.041240 -25.088061 -36.212281 -44.828650 -39.207558 -36.807617 -37.872393 -31.629084 -36.173165 -42.604023 -36.292412 -34.670146 -36.688099 -35.278159 -36.297857 -35.877740 -31.817414 -30.539441 -34.409280 -34.637744 -37.890735 -36.492888 -36.636877 -32.001501 -32.171540 -28.575150 -18.924196 -14.767085 -10.641808 -16.944719 -17.583897 -16.976829 -2.900787 0.525150 0.190819 -7.961869 -4.878589 -4.863497 -5.267396 -8.188451 
-22.779867 -26.240959 -39.696969 -53.492948 -40.367104 -39.830722 -32.892317 -31.460740 -33.856065 -34.817314 -32.599905 -32.659512 -32.385498 -31.476333 -32.712582 -33.487924 -37.919000 -31.580842 -31.659759 -33.525295 -37.543047 -34.161634 -37.173624 -31.288208 -31.383752 -26.620683 -21.841259 -19.980761 -18.166993 -19.533080 -15.872446 -17.809085 -2.070037 1.530217 -5.566172 -8.870323 -4.182533 -2.338803 -5.740321 -8.898010 
-23.780471 -23.505246 -33.815198 -46.715155 -40.141733 -39.138403 -38.523555 -37.432464 -33.227332 -32.625296 -36.301755 -32.179703 -27.983887 -32.211779 -32.973929 -32.867071 -34.271027 -30.885631 -27.576084 -32.383691 -37.921919 -35.756552 -33.483429 -28.022242 -35.834942 -32.052878 -27.207404 -18.674837 -15.432172 -17.980020 -19.741209 -12.671846 1.247748 -0.472871 -8.601010 -9.773666 -7.511898 -4.858274 -5.370641 -8.713809 
-28.498979 -33.283542 -35.570186 -46.948335 -41.528759 -43.772809 -42.520542 -40.129056 -33.784252 -37.364272 -42.197812 -46.683703 -40.939155 -35.699339 -35.059103 -33.013476 -35.427816 -29.823587 -28.645417 -29.431049 -37.342550 -38.923464 -35.037180 -35.937490 -36.038821 -28.366188 -25.539449 -20.061617 -14.076136 -16.859560 -26.094403 -9.284088 -2.565441 -5.583014 -5.938323 -9.277610 -8.290433 -9.786590 -8.010965 -10.340386 
-22.950934 -22.531129 -30.274647 -43.552523 -42.286547 -36.838832 -37.322005 -38.828266 -32.369471 -37.444590 -38.028809 -32.111497 -31.588000 -32.548258 -33.844904 -34.473196 -38.730025 -35.618556 -32.802401 -36.102436 -40.920235 -34.547748 -30.543165 -29.473992 -37.293294 -33.595995 -30.318580 -25.754283 -19.218624 -18.549297 -24.064302 -7.376567 -2.995622 -5.966080 -4.304656 -10.267147 -5.385740 -9.639444 -10.755212 -13.316663 
-28.200547 -23.523485 -28.546587 -41.529606 -37.557200 -40.288624 -42.224951 -34.584396 -28.138184 -38.070880 -40.148169 -40.896434 -33.878967 -28.169622 -30.435144 -36.613605 -37.776047 -33.239374 -30.778572 -35.168439 -37.927246 -37.124324 -35.901674 -31.651272 -36.668947 -34.377636 -27.465836 -19.118363 -16.951264 -19.680843 -21.948704 -13.800167 -8.665406 -4.836550 -4.066694 -10.789663 -5.166998 -9.137892 -15.297898 -17.682669 
-20.757009 -23.244392 -33.527065 -43.547448 -39.746972 -36.253255 -37.319775 -32.074218 -29.595758 -35.665884 -34.884359 -31.072767 -31.856219 -31.537109 -34.022984 -37.437733 -40.180413 -30.354564 -31.149063 -32.383325 -39.828623 -33.472528 -29.818353 -28.319732 -33.757168 -34.941189 -28.142560 -23.217851 -18.839091 -21.381360 -21.369152 -15.469676 -12.139598 -4.824458 -10.409153 -14.056616 -10.884370 -11.310909 -17.970199 -19.683214 
-23.710821 -35.570022 -38.111437 -39.672518 -34.413709 -33.452549 -35.504077 -32.017718 -28.400979 -34.047883 -33.508631 -31.064599 -29.095169 -30.410548 -32.167543 -32.908099 -37.882234 -32.280704 -34.372266 -37.299465 -37.767799 -33.125714 -28.094739 -23.249672 -36.017683 -35.870109 -31.415691 -26.415951 -19.013930 -20.637015 -24.285301 -12.611787 -6.758849 -8.925090 -15.656519 -17.689675 -15.618780 -12.482271 -19.328739 -23.187521 
-24.933280 -35.316478 -41.145684 -42.373594 -45.043741 -38.243052 -31.756996 -27.203530 -29.648560 -36.036818 -39.281007 -34.967455 -27.838412 -32.831112 -36.791207 -37.244912 -36.777012 -35.224071 -31.929082 -38.708408 -33.725010 -35.930348 -32.400237 -30.945705 -38.641625 -33.666482 -28.569544 -23.503300 -22.234671 -24.542221 -26.121883 -16.658752 -12.750820 -14.670250 -19.565387 -18.381117 -17.128926 -16.752823 -21.723307 -27.569631 
-24.398554 -33.566606 -35.984351 -38.315898 -36.903628 -35.923536 -33.566181 -29.006053 -36.442186 -32.675977 -40.133524 -35.141494 -33.639296 -35.218520 -32.456769 -33.673250 -35.365545 -32.232841 -36.459251 -36.146642 -33.074295 -36.610333 -29.395834 -31.518820 -39.491131 -39.433919 -31.554582 -27.174229 -24.187940 -26.385801 -25.449248 -22.309184 -16.671842 -17.422511 -20.765929 -24.684848 -19.834983 -20.804383 -25.005526 -30.417044 
-11.851382 -8.077486 -8.092965 -10.601094 -15.117859 -18.205695 -16.443500 -17.390134 -20.254998 -25.817273 -32.324099 -28.340531 -31.461422 -27.293196 -25.108530 -24.648377 -26.659968 -26.897670 -29.285911 -29.713366 -33.062063 -37.118678 -30.589443 -36.152742 -38.080007 -39.549470 -40.112860 -36.577517 -25.815608 -32.561931 -28.137008 -24.002460 -23.048729 -21.688152 -25.581128 -28.520053 -27.271581 -28.470687 -32.841733 -34.108292 
-9.497088 -8.408175 -10.301043 -11.533696 -19.467212 -26.037075 -24.087096 -21.045742 -27.545965 -34.022807 -36.450250 -34.532222 -41.672958 -35.098455 -33.475594 -33.514863 -33.281700 -34.008662 -37.132304 -38.738241 -44.695782 -43.460660 -38.293711 -38.531789 -43.608873 -41.255329 -43.647178 -41.078651 -32.319445 -37.714970 -37.524802 -36.038627 -33.886702 -32.848878 -35.129343 -38.376548 -35.836278 -37.874647 -40.592818 -45.023270 
-15.211265 -22.918280 -29.023441 -31.459673 -31.778303 -43.914595 -48.439021 -32.932810 -31.775673 -40.858583 -44.420960 -37.224109 -43.364085 -41.177015 -42.743188 -43.717197 -40.137079 -41.385605 -44.661091 -51.810482 -50.850684 -48.347568 -45.634137 -45.886477 -60.706401 -53.984573 -54.151958 -51.962355 -45.991740 -50.104829 -48.560306 -49.269708 -42.965087 -44.602878 -46.056039 -48.779662 -47.664824 -45.154789 -48.921258 -54.897584 
-20.176534 -25.809286 -33.948330 -38.317799 -38.523022 -38.219416 -40.481794 -39.889592 -45.152241 -47.665362 -39.328954 -40.189014 -40.380015 -47.787394 -45.789585 -39.152963 -39.003366 -42.375199 -51.059147 -49.687412 -49.643070 -49.552068 -50.449462 -46.194762 -56.726224 -55.850683 -53.967919 -54.611533 -50.038522 -57.064226 -53.196142 -53.038045 -52.620629 -51.823557 -55.616394 -57.545068 -55.514268 -56.640673 -57.017142 -59.948177 
-25.554978 -22.728457 -34.099912 -40.156295 -38.799440 -41.354030 -47.077128 -47.050993 -40.493973 -48.112479 -41.401760 -40.365534 -50.622735 -51.013115 -53.453898 -48.614257 -44.722951 -44.515341 -53.564389 -53.130591 -56.299114 -56.599116 -57.799384 -58.686014 -62.911997 -60.378790 -61.211684 -62.207507 -55.532696 -61.854078 -60.524732 -59.922575 -57.325482 -59.312500 -63.231367 -60.650062 -59.882997 -61.149791 -62.130617 -65.489499 
-23.611704 -25.550246 -35.419779 -39.736165 -39.181796 -41.899773 -46.883628 -43.819483 -45.237675 -50.277655 -46.011501 -40.911442 -43.693126 -52.985979 -56.778139 -58.298926 -53.600635 -50.421837 -53.872957 -58.554123 -59.241816 -58.128240 -63.658559 -63.689824 -60.300508 -64.664967 -63.386330 -61.271416 -62.445615 -65.407116 -63.844445 -62.317439 -62.568679 -61.970591 -63.508637 -65.046371 -64.959334 -69.571368 -66.888178 -68.073748 
-33.361851 -33.280666 -37.249098 -44.567316 -43.943658 -43.936803 -47.811868 -49.691183 -49.592635 -51.716707 -53.635124 -55.116688 -52.503615 -58.507788 -58.269289 -61.645048 -60.205556 -58.850150 -63.150276 -61.009588 -61.206037 -62.899742 -62.574310 -63.473377 -63.797234 -65.625000 -65.534891 -66.566789 -66.045252 -69.869761 -66.500650 -68.692194 -66.946685 -67.841300 -68.434573 -66.612367 -66.982336 -68.108851 -65.730897 -68.393746 
-57.507692 -69.024887 -79.929768 -71.087499 -65.439477 -72.975022 -78.701256 -69.806808 -76.519856 -73.925304 -71.607273 -74.556004 -70.775408 -71.111996 -74.685257 -77.582519 -68.656787 -70.180574 -73.336060 -74.511815 -78.049572 -73.433547 -74.189658 -72.178731 -73.484476 -74.994522 -73.455515 -72.412432 -69.909757 -72.509776 -72.649096 -75.572018 -73.190325 -73.541211 -75.530424 -73.602763 -74.851444 -75.154696 -71.711641 -72.306031 
-59.097787 -70.326000 -73.541337 -69.113197 -68.865721 -68.484527 -71.831310 -72.266798 -77.700542 -68.967153 -71.882718 -74.632029 -71.719231 -68.608478 -71.883532 -78.323255 -70.257862 -72.670126 -74.752980 -72.780679 -75.087495 -72.256783 -75.037557 -73.350765 -76.268947 -73.483346 -73.102231 -72.225587 -71.997813 -72.149755 -71.031797 -74.658309 -75.113914 -73.474103 -70.487450 -72.122242 -72.285516 -71.849486 -72.138059 -76.588328 
-57.027150 -69.491839 -69.001418 -68.154276 -72.599038 -74.451123 -78.084834 -78.776559 -77.686674 -70.143712 -69.368435 -77.345157 -73.266951 -69.241546 -73.173007 -76.895657 -76.957312 -74.069762 -71.930467 -73.470211 -72.036756 -77.299032 -75.777755 -77.623395 -79.838463 -71.976796 -74.007793 -73.488201 -72.304479 -73.307732 -71.283248 -73.447141 -74.852307 -74.769006 -73.497713 -75.295963 -72.764616 -75.984025 -73.984742 -76.112655 
-57.925576 -70.648859 -75.108305 -70.634451 -74.738933 -75.663777 -80.078452 -77.758955 -77.933888 -73.046264 -74.070847 -73.381908 -68.743179 -72.870308 -77.445389 -76.366303 -75.920675 -72.824980 -74.423907 -73.904916 -73.813776 -77.364479 -78.129094 -75.490075 -74.368035 -72.193363 -75.261313 -71.931475 -72.848944 -74.466089 -75.482245 -74.755268 -73.063640 -75.045865 -79.121496 -75.091625 -75.311069 -75.474176 -73.123359 -76.316768 
-57.346318 -70.863902 -74.220488 -75.460991 -75.152688 -77.576590 -84.133801 -73.378588 -76.477582 -70.256202 -79.399563 -72.660723 -72.181177 -77.188470 -74.924562 -75.121132 -70.749070 -71.632103 -72.932660 -74.914494 -74.986848 -72.870469 -76.150004 -75.788203 -74.723720 -77.166428 -77.944073 -77.598298 -75.349674 -74.835601 -75.177140 -76.003033 -72.808973 -73.841332 -72.749310 -73.206791 -75.921777 -75.748622 -76.685443 -77.510007 
-57.271749 -82.036531 -93.559720 -78.077971 -79.747452 -80.792970 -78.463647 -70.604134 -71.773922 -74.159310 -70.657490 -77.076809 -76.273342 -72.458797 -71.932098 -73.099970 -72.914183 -72.072481 -76.710292 -72.578187 -76.268856 -73.291464 -75.096154 -80.806803 -79.492134 -74.435603 -73.509646 -74.552204 -77.478370 -76.555434 -74.478164 -73.280550 -74.194079 -75.276901 -76.195590 -75.051939 -76.581485 -78.377175 -76.818714 -79.586017 
-56.945507 -75.077734 -78.527267 -77.108563 -73.715490 -71.795458 -73.382547 -72.104465 -71.704650 -70.497498 -76.268269 -78.911277 -81.765146 -78.429637 -76.342257 -73.971680 -72.631089 -77.030362 -75.684664 -76.913130 -74.264241 -76.909086 -77.093410 -72.747266 -79.979406 -79.087372 -77.306298 -76.779210 -76.049786 -75.928073 -74.793412 -74.778095 -76.290841 -75.354362 -71.967833 -72.391438 -75.330203 -75.711669 -73.665099 -78.893933 
-59.126010 -77.698861 -79.447803 -80.594400 -73.823073 -74.772714 -79.109450 -79.520921 -75.790955 -77.125111 -69.978506 -72.502645 -74.275002 -69.658408 -70.444110 -74.307362 -73.162133 -76.838762 -73.049314 -72.878918 -73.918335 -72.426497 -73.212520 -73.613790 -73.925374 -72.811653 -74.716878 -81.532415 -75.058004 -73.713286 -75.369116 -74.268977 -76.226490 -75.233745 -72.196738 -74.785118 -76.259732 -76.151639 -74.957946 -76.827983 
-55.195730 -61.837660 -67.145373 -72.080120 -78.923515 -77.194585 -73.789934 -73.396741 -76.334551 -86.081931 -70.980077 -71.196277 -71.953718 -72.396602 -70.264026 -73.012290 -75.030072 -74.683420 -78.761350 -78.185369 -74.633031 -72.203135 -76.087234 -74.529941 -78.998078 -78.688949 -73.088237 -78.012376 -72.753330 -75.925366 -76.251908 -71.680577 -74.289929 -74.018454 -75.921539 -73.325339 -75.207997 -77.544973 -74.295922 -77.520776 
-74.312338 -75.776627 -78.460175 -83.716978 -89.679420 -86.843863 -85.094659 -86.965392 -91.324518 -90.207533 -88.925261 -89.389581 -87.578920 -85.131632 -84.048272 -85.338860 -86.852065 -86.683125 -90.698060 -90.111078 -86.977253 -86.605382 -91.159472 -88.787613 -91.421273 -95.386867 -91.454217 -91.793393 -88.642327 -92.213519 -89.860151 -85.667048 -87.236019 -86.810171 -91.128909 -88.468893 -88.542364 -90.970477 -90.383298 -91.504719 
NaN NaN NaN NaN NaN NaN NaN NaN NaN NaN NaN NaN NaN NaN NaN NaN NaN NaN NaN NaN NaN NaN NaN NaN NaN NaN NaN NaN NaN NaN NaN NaN NaN NaN NaN NaN NaN NaN NaN NaN 
NaN NaN NaN NaN NaN NaN NaN NaN NaN NaN NaN NaN NaN NaN NaN NaN NaN NaN NaN NaN NaN NaN NaN NaN NaN NaN NaN NaN NaN NaN NaN NaN NaN NaN NaN NaN NaN NaN NaN NaN 
NaN NaN NaN NaN NaN NaN NaN NaN NaN NaN NaN NaN NaN NaN NaN NaN NaN NaN NaN NaN NaN NaN NaN NaN NaN NaN NaN NaN NaN NaN NaN NaN NaN NaN NaN NaN NaN NaN NaN NaN 
NaN NaN NaN NaN NaN NaN NaN NaN NaN NaN NaN NaN NaN NaN NaN NaN NaN NaN NaN NaN NaN NaN NaN NaN NaN NaN NaN NaN NaN NaN NaN NaN NaN NaN NaN NaN NaN NaN NaN NaN 
NaN NaN NaN NaN NaN NaN NaN NaN NaN NaN NaN NaN NaN NaN NaN NaN NaN NaN NaN NaN NaN NaN NaN NaN NaN NaN NaN NaN NaN NaN NaN NaN NaN NaN NaN NaN NaN NaN NaN NaN 
NaN NaN NaN NaN NaN NaN NaN NaN NaN NaN NaN NaN NaN NaN NaN NaN NaN NaN NaN NaN NaN NaN NaN NaN NaN NaN NaN NaN NaN NaN NaN NaN NaN NaN NaN NaN NaN NaN NaN NaN 
NaN NaN NaN NaN NaN NaN NaN NaN NaN NaN NaN NaN NaN NaN NaN NaN NaN NaN NaN NaN NaN NaN NaN NaN NaN NaN NaN NaN NaN NaN NaN NaN NaN NaN NaN NaN NaN NaN NaN NaN 
NaN NaN NaN NaN NaN NaN NaN NaN NaN NaN NaN NaN NaN NaN NaN NaN NaN NaN NaN NaN NaN NaN NaN NaN NaN NaN NaN NaN NaN NaN NaN NaN NaN NaN NaN NaN NaN NaN NaN NaN 
NaN NaN NaN NaN NaN NaN NaN NaN NaN NaN NaN NaN NaN NaN NaN NaN NaN NaN NaN NaN NaN NaN NaN NaN NaN NaN NaN NaN NaN NaN NaN NaN NaN NaN NaN NaN NaN NaN NaN NaN 
NaN NaN NaN NaN NaN NaN NaN NaN NaN NaN NaN NaN NaN NaN NaN NaN NaN NaN NaN NaN NaN NaN NaN NaN NaN NaN NaN NaN NaN NaN NaN NaN NaN NaN NaN NaN NaN NaN NaN NaN 
NaN NaN NaN NaN NaN NaN NaN NaN NaN NaN NaN NaN NaN NaN NaN NaN NaN NaN NaN NaN NaN NaN NaN NaN NaN NaN NaN NaN NaN NaN NaN NaN NaN NaN NaN NaN NaN NaN NaN NaN 
NaN NaN NaN NaN NaN NaN NaN NaN NaN NaN NaN NaN NaN NaN NaN NaN NaN NaN NaN NaN NaN NaN NaN NaN NaN NaN NaN NaN NaN NaN NaN NaN NaN NaN NaN NaN NaN NaN NaN NaN 
NaN NaN NaN NaN NaN NaN NaN NaN NaN NaN NaN NaN NaN NaN NaN NaN NaN NaN NaN NaN NaN NaN NaN NaN NaN NaN NaN NaN NaN NaN NaN NaN NaN NaN NaN NaN NaN NaN NaN NaN 
NaN NaN NaN NaN NaN NaN NaN NaN NaN NaN NaN NaN NaN NaN NaN NaN NaN NaN NaN NaN NaN NaN NaN NaN NaN NaN NaN NaN NaN NaN NaN NaN NaN NaN NaN NaN NaN NaN NaN NaN 
NaN NaN NaN NaN NaN NaN NaN NaN NaN NaN NaN NaN NaN NaN NaN NaN NaN NaN NaN NaN NaN NaN NaN NaN NaN NaN NaN NaN NaN NaN NaN NaN NaN NaN NaN NaN NaN NaN NaN NaN 
NaN NaN NaN NaN NaN NaN NaN NaN NaN NaN NaN NaN NaN NaN NaN NaN NaN NaN NaN NaN NaN NaN NaN NaN NaN NaN NaN NaN NaN NaN NaN NaN NaN NaN NaN NaN NaN NaN NaN NaN 
NaN NaN NaN NaN NaN NaN NaN NaN NaN NaN NaN NaN NaN NaN NaN NaN NaN NaN NaN NaN NaN NaN NaN NaN NaN NaN NaN NaN NaN NaN NaN NaN NaN NaN NaN NaN NaN NaN NaN NaN 
NaN NaN NaN NaN NaN NaN NaN NaN NaN NaN NaN NaN NaN NaN NaN NaN NaN NaN NaN NaN NaN NaN NaN NaN NaN NaN NaN NaN NaN NaN NaN NaN NaN NaN NaN NaN NaN NaN NaN NaN 
NaN NaN NaN NaN NaN NaN NaN NaN NaN NaN NaN NaN NaN NaN NaN NaN NaN NaN NaN NaN NaN NaN NaN NaN NaN NaN NaN NaN NaN NaN NaN NaN NaN NaN NaN NaN NaN NaN NaN NaN 
NaN NaN NaN NaN NaN NaN NaN NaN NaN NaN NaN NaN NaN NaN NaN NaN NaN NaN NaN NaN NaN NaN NaN NaN NaN NaN NaN NaN NaN NaN NaN NaN NaN NaN NaN NaN NaN NaN NaN NaN 
NaN NaN NaN NaN NaN NaN NaN NaN NaN NaN NaN NaN NaN NaN NaN NaN NaN NaN NaN NaN NaN NaN NaN NaN NaN NaN NaN NaN NaN NaN NaN NaN NaN NaN NaN NaN NaN NaN NaN NaN 
NaN NaN NaN NaN NaN NaN NaN NaN NaN NaN NaN NaN NaN NaN NaN NaN NaN NaN NaN NaN NaN NaN NaN NaN NaN NaN NaN NaN NaN NaN NaN NaN NaN NaN NaN NaN NaN NaN NaN NaN 
NaN NaN NaN NaN NaN NaN NaN NaN NaN NaN NaN NaN NaN NaN NaN NaN NaN NaN NaN NaN NaN NaN NaN NaN NaN NaN NaN NaN NaN NaN NaN NaN NaN NaN NaN NaN NaN NaN NaN NaN 
NaN NaN NaN NaN NaN NaN NaN NaN NaN NaN NaN NaN NaN NaN NaN NaN NaN NaN NaN NaN NaN NaN NaN NaN NaN NaN NaN NaN NaN NaN NaN NaN NaN NaN NaN NaN NaN NaN NaN NaN 
NaN NaN NaN NaN NaN NaN NaN NaN NaN NaN NaN NaN NaN NaN NaN NaN NaN NaN NaN NaN NaN NaN NaN NaN NaN NaN NaN NaN NaN NaN NaN NaN NaN NaN NaN NaN NaN NaN NaN NaN 
NaN NaN NaN NaN NaN NaN NaN NaN NaN NaN NaN NaN NaN NaN NaN NaN NaN NaN NaN NaN NaN NaN NaN NaN NaN NaN NaN NaN NaN NaN NaN NaN NaN NaN NaN NaN NaN NaN NaN NaN 
NaN NaN NaN NaN NaN NaN NaN NaN NaN NaN NaN NaN NaN NaN NaN NaN NaN NaN NaN NaN NaN NaN NaN NaN NaN NaN NaN NaN NaN NaN NaN NaN NaN NaN NaN NaN NaN NaN NaN NaN 
NaN NaN NaN NaN NaN NaN NaN NaN NaN NaN NaN NaN NaN NaN NaN NaN NaN NaN NaN NaN NaN NaN NaN NaN NaN NaN NaN NaN NaN NaN NaN NaN NaN NaN NaN NaN NaN NaN NaN NaN 
NaN NaN NaN NaN NaN NaN NaN NaN NaN NaN NaN NaN NaN NaN NaN NaN NaN NaN NaN NaN NaN NaN NaN NaN NaN NaN NaN NaN NaN NaN NaN NaN NaN NaN NaN NaN NaN NaN NaN NaN 
NaN NaN NaN NaN NaN NaN NaN NaN NaN NaN NaN NaN NaN NaN NaN NaN NaN NaN NaN NaN NaN NaN NaN NaN NaN NaN NaN NaN NaN NaN NaN NaN NaN NaN NaN NaN NaN NaN NaN NaN 
NaN NaN NaN NaN NaN NaN NaN NaN NaN NaN NaN NaN NaN NaN NaN NaN NaN NaN NaN NaN NaN NaN NaN NaN NaN NaN NaN NaN NaN NaN NaN NaN NaN NaN NaN NaN NaN NaN NaN NaN 
NaN NaN NaN NaN NaN NaN NaN NaN NaN NaN NaN NaN NaN NaN NaN NaN NaN NaN NaN NaN NaN NaN NaN NaN NaN NaN NaN NaN NaN NaN NaN NaN NaN NaN NaN NaN NaN NaN NaN NaN 
NaN NaN NaN NaN NaN NaN NaN NaN NaN NaN NaN NaN NaN NaN NaN NaN NaN NaN NaN NaN NaN NaN NaN NaN NaN NaN NaN NaN NaN NaN NaN NaN NaN NaN NaN NaN NaN NaN NaN NaN 
NaN NaN NaN NaN NaN NaN NaN NaN NaN NaN NaN NaN NaN NaN NaN NaN NaN NaN NaN NaN NaN NaN NaN NaN NaN NaN NaN NaN NaN NaN NaN NaN NaN NaN NaN NaN NaN NaN NaN NaN 
NaN NaN NaN NaN NaN NaN NaN NaN NaN NaN NaN NaN NaN NaN NaN NaN NaN NaN NaN NaN NaN NaN NaN NaN NaN NaN NaN NaN NaN NaN NaN NaN NaN NaN NaN NaN NaN NaN NaN NaN 
NaN NaN NaN NaN NaN NaN NaN NaN NaN NaN NaN NaN NaN NaN NaN NaN NaN NaN NaN NaN NaN NaN NaN NaN NaN NaN NaN NaN NaN NaN NaN NaN NaN NaN NaN NaN NaN NaN NaN NaN 
NaN NaN NaN NaN NaN NaN NaN NaN NaN NaN NaN NaN NaN NaN NaN NaN NaN NaN NaN NaN NaN NaN NaN NaN NaN NaN NaN NaN NaN NaN NaN NaN NaN NaN NaN NaN NaN NaN NaN NaN 
NaN NaN NaN NaN NaN NaN NaN NaN NaN NaN NaN NaN NaN NaN NaN NaN NaN NaN NaN NaN NaN NaN NaN NaN NaN NaN NaN NaN NaN NaN NaN NaN NaN NaN NaN NaN NaN NaN NaN NaN 
NaN NaN NaN NaN NaN NaN NaN NaN NaN NaN NaN NaN NaN NaN NaN NaN NaN NaN NaN NaN NaN NaN NaN NaN NaN NaN NaN NaN NaN NaN NaN NaN NaN NaN NaN NaN NaN NaN NaN NaN 
NaN NaN NaN NaN NaN NaN NaN NaN NaN NaN NaN NaN NaN NaN NaN NaN NaN NaN NaN NaN NaN NaN NaN NaN NaN NaN NaN NaN NaN NaN NaN NaN NaN NaN NaN NaN NaN NaN NaN NaN 
NaN NaN NaN NaN NaN NaN NaN NaN NaN NaN NaN NaN NaN NaN NaN NaN NaN NaN NaN NaN NaN NaN NaN NaN NaN NaN NaN NaN NaN NaN NaN NaN NaN NaN NaN NaN NaN NaN NaN NaN 
NaN NaN NaN NaN NaN NaN NaN NaN NaN NaN NaN NaN NaN NaN NaN NaN NaN NaN NaN NaN NaN NaN NaN NaN NaN NaN NaN NaN NaN NaN NaN NaN NaN NaN NaN NaN NaN NaN NaN NaN 
NaN NaN NaN NaN NaN NaN NaN NaN NaN NaN NaN NaN NaN NaN NaN NaN NaN NaN NaN NaN NaN NaN NaN NaN NaN NaN NaN NaN NaN NaN NaN NaN NaN NaN NaN NaN NaN NaN NaN NaN 
NaN NaN NaN NaN NaN NaN NaN NaN NaN NaN NaN NaN NaN NaN NaN NaN NaN NaN NaN NaN NaN NaN NaN NaN NaN NaN NaN NaN NaN NaN NaN NaN NaN NaN NaN NaN NaN NaN NaN NaN 
NaN NaN NaN NaN NaN NaN NaN NaN NaN NaN NaN NaN NaN NaN NaN NaN NaN NaN NaN NaN NaN NaN NaN NaN NaN NaN NaN NaN NaN NaN NaN NaN NaN NaN NaN NaN NaN NaN NaN NaN 
NaN NaN NaN NaN NaN NaN NaN NaN NaN NaN NaN NaN NaN NaN NaN NaN NaN NaN NaN NaN NaN NaN NaN NaN NaN NaN NaN NaN NaN NaN NaN NaN NaN NaN NaN NaN NaN NaN NaN NaN 
NaN NaN NaN NaN NaN NaN NaN NaN NaN NaN NaN NaN NaN NaN NaN NaN NaN NaN NaN NaN NaN NaN NaN NaN NaN NaN NaN NaN NaN NaN NaN NaN NaN NaN NaN NaN NaN NaN NaN NaN 
NaN NaN NaN NaN NaN NaN NaN NaN NaN NaN NaN NaN NaN NaN NaN NaN NaN NaN NaN NaN NaN NaN NaN NaN NaN NaN NaN NaN NaN NaN NaN NaN NaN NaN NaN NaN NaN NaN NaN NaN 
NaN NaN NaN NaN NaN NaN NaN NaN NaN NaN NaN NaN NaN NaN NaN NaN NaN NaN NaN NaN NaN NaN NaN NaN NaN NaN NaN NaN NaN NaN NaN NaN NaN NaN NaN NaN NaN NaN NaN NaN 
NaN NaN NaN NaN NaN NaN NaN NaN NaN NaN NaN NaN NaN NaN NaN NaN NaN NaN NaN NaN NaN NaN NaN NaN NaN NaN NaN NaN NaN NaN NaN NaN NaN NaN NaN NaN NaN NaN NaN NaN 
NaN NaN NaN NaN NaN NaN NaN NaN NaN NaN NaN NaN NaN NaN NaN NaN NaN NaN NaN NaN NaN NaN NaN NaN NaN NaN NaN NaN NaN NaN NaN NaN NaN NaN NaN NaN NaN NaN NaN NaN 
NaN NaN NaN NaN NaN NaN NaN NaN NaN NaN NaN NaN NaN NaN NaN NaN NaN NaN NaN NaN NaN NaN NaN NaN NaN NaN NaN NaN NaN NaN NaN NaN NaN NaN NaN NaN NaN NaN NaN NaN 
NaN NaN NaN NaN NaN NaN NaN NaN NaN NaN NaN NaN NaN NaN NaN NaN NaN NaN NaN NaN NaN NaN NaN NaN NaN NaN NaN NaN NaN NaN NaN NaN NaN NaN NaN NaN NaN NaN NaN NaN 
NaN NaN NaN NaN NaN NaN NaN NaN NaN NaN NaN NaN NaN NaN NaN NaN NaN NaN NaN NaN NaN NaN NaN NaN NaN NaN NaN NaN NaN NaN NaN NaN NaN NaN NaN NaN NaN NaN NaN NaN 
NaN NaN NaN NaN NaN NaN NaN NaN NaN NaN NaN NaN NaN NaN NaN NaN NaN NaN NaN NaN NaN NaN NaN NaN NaN NaN NaN NaN NaN NaN NaN NaN NaN NaN NaN NaN NaN NaN NaN NaN 
NaN NaN NaN NaN NaN NaN NaN NaN NaN NaN NaN NaN NaN NaN NaN NaN NaN NaN NaN NaN NaN NaN NaN NaN NaN NaN NaN NaN NaN NaN NaN NaN NaN NaN NaN NaN NaN NaN NaN NaN 
NaN NaN NaN NaN NaN NaN NaN NaN NaN NaN NaN NaN NaN NaN NaN NaN NaN NaN NaN NaN NaN NaN NaN NaN NaN NaN NaN NaN NaN NaN NaN NaN NaN NaN NaN NaN NaN NaN NaN NaN 
NaN NaN NaN NaN NaN NaN NaN NaN NaN NaN NaN NaN NaN NaN NaN NaN NaN NaN NaN NaN NaN NaN NaN NaN NaN NaN NaN NaN NaN NaN NaN NaN NaN NaN NaN NaN NaN NaN NaN NaN 
NaN NaN NaN NaN NaN NaN NaN NaN NaN NaN NaN NaN NaN NaN NaN NaN NaN NaN NaN NaN NaN NaN NaN NaN NaN NaN NaN NaN NaN NaN NaN NaN NaN NaN NaN NaN NaN NaN NaN NaN 
NaN NaN NaN NaN NaN NaN NaN NaN NaN NaN NaN NaN NaN NaN NaN NaN NaN NaN NaN NaN NaN NaN NaN NaN NaN NaN NaN NaN NaN NaN NaN NaN NaN NaN NaN NaN NaN NaN NaN NaN 
NaN NaN NaN NaN NaN NaN NaN NaN NaN NaN NaN NaN NaN NaN NaN NaN NaN NaN NaN NaN NaN NaN NaN NaN NaN NaN NaN NaN NaN NaN NaN NaN NaN NaN NaN NaN NaN NaN NaN NaN 
NaN NaN NaN NaN NaN NaN NaN NaN NaN NaN NaN NaN NaN NaN NaN NaN NaN NaN NaN NaN NaN NaN NaN NaN NaN NaN NaN NaN NaN NaN NaN NaN NaN NaN NaN NaN NaN NaN NaN NaN 
NaN NaN NaN NaN NaN NaN NaN NaN NaN NaN NaN NaN NaN NaN NaN NaN NaN NaN NaN NaN NaN NaN NaN NaN NaN NaN NaN NaN NaN NaN NaN NaN NaN NaN NaN NaN NaN NaN NaN NaN 
NaN NaN NaN NaN NaN NaN NaN NaN NaN NaN NaN NaN NaN NaN NaN NaN NaN NaN NaN NaN NaN NaN NaN NaN NaN NaN NaN NaN NaN NaN NaN NaN NaN NaN NaN NaN NaN NaN NaN NaN 
NaN NaN NaN NaN NaN NaN NaN NaN NaN NaN NaN NaN NaN NaN NaN NaN NaN NaN NaN NaN NaN NaN NaN NaN NaN NaN NaN NaN NaN NaN NaN NaN NaN NaN NaN NaN NaN NaN NaN NaN 
NaN NaN NaN NaN NaN NaN NaN NaN NaN NaN NaN NaN NaN NaN NaN NaN NaN NaN NaN NaN NaN NaN NaN NaN NaN NaN NaN NaN NaN NaN NaN NaN NaN NaN NaN NaN NaN NaN NaN NaN 
NaN NaN NaN NaN NaN NaN NaN NaN NaN NaN NaN NaN NaN NaN NaN NaN NaN NaN NaN NaN NaN NaN NaN NaN NaN NaN NaN NaN NaN NaN NaN NaN NaN NaN NaN NaN NaN NaN NaN NaN 
NaN NaN NaN NaN NaN NaN NaN NaN NaN NaN NaN NaN NaN NaN NaN NaN NaN NaN NaN NaN NaN NaN NaN NaN NaN NaN NaN NaN NaN NaN NaN NaN NaN NaN NaN NaN NaN NaN NaN NaN 
NaN NaN NaN NaN NaN NaN NaN NaN NaN NaN NaN NaN NaN NaN NaN NaN NaN NaN NaN NaN NaN NaN NaN NaN NaN NaN NaN NaN NaN NaN NaN NaN NaN NaN NaN NaN NaN NaN NaN NaN 
NaN NaN NaN NaN NaN NaN NaN NaN NaN NaN NaN NaN NaN NaN NaN NaN NaN NaN NaN NaN NaN NaN NaN NaN NaN NaN NaN NaN NaN NaN NaN NaN NaN NaN NaN NaN NaN NaN NaN NaN 
NaN NaN NaN NaN NaN NaN NaN NaN NaN NaN NaN NaN NaN NaN NaN NaN NaN NaN NaN NaN NaN NaN NaN NaN NaN NaN NaN NaN NaN NaN NaN NaN NaN NaN NaN NaN NaN NaN NaN NaN 
NaN NaN NaN NaN NaN NaN NaN NaN NaN NaN NaN NaN NaN NaN NaN NaN NaN NaN NaN NaN NaN NaN NaN NaN NaN NaN NaN NaN NaN NaN NaN NaN NaN NaN NaN NaN NaN NaN NaN NaN 
NaN NaN NaN NaN NaN NaN NaN NaN NaN NaN NaN NaN NaN NaN NaN NaN NaN NaN NaN NaN NaN NaN NaN NaN NaN NaN NaN NaN NaN NaN NaN NaN NaN NaN NaN NaN NaN NaN NaN NaN 
NaN NaN NaN NaN NaN NaN NaN NaN NaN NaN NaN NaN NaN NaN NaN NaN NaN NaN NaN NaN NaN NaN NaN NaN NaN NaN NaN NaN NaN NaN NaN NaN NaN NaN NaN NaN NaN NaN NaN NaN 
