NaN NaN NaN NaN NaN NaN NaN NaN NaN NaN NaN NaN NaN NaN NaN NaN NaN NaN NaN NaN NaN NaN NaN NaN NaN NaN NaN NaN NaN NaN NaN NaN NaN NaN NaN NaN NaN NaN NaN NaN 
NaN NaN NaN NaN NaN NaN NaN NaN NaN NaN NaN NaN NaN NaN NaN NaN NaN NaN NaN NaN NaN NaN NaN NaN NaN NaN NaN NaN NaN NaN NaN NaN NaN NaN NaN NaN NaN NaN NaN NaN 
NaN NaN NaN NaN NaN NaN NaN NaN NaN NaN NaN NaN NaN NaN NaN NaN NaN NaN NaN NaN NaN NaN NaN NaN NaN NaN NaN NaN NaN NaN NaN NaN NaN NaN NaN NaN NaN NaN NaN NaN 
NaN NaN NaN NaN NaN NaN NaN NaN NaN NaN NaN NaN NaN NaN NaN NaN NaN NaN NaN NaN NaN NaN NaN NaN NaN NaN NaN NaN NaN NaN NaN NaN NaN NaN NaN NaN NaN NaN NaN NaN 
NaN NaN NaN NaN NaN NaN NaN NaN NaN NaN NaN NaN NaN NaN NaN NaN NaN NaN NaN NaN NaN NaN NaN NaN NaN NaN NaN NaN NaN NaN NaN NaN NaN NaN NaN NaN NaN NaN NaN NaN 
NaN NaN NaN NaN NaN NaN NaN NaN NaN NaN NaN NaN NaN NaN NaN NaN NaN NaN NaN NaN NaN NaN NaN NaN NaN NaN NaN NaN NaN NaN NaN NaN NaN NaN NaN NaN NaN NaN NaN NaN 
NaN NaN NaN NaN NaN NaN NaN NaN NaN NaN NaN NaN NaN NaN NaN NaN NaN NaN NaN NaN NaN NaN NaN NaN NaN NaN NaN NaN NaN NaN NaN NaN NaN NaN NaN NaN NaN NaN NaN NaN 
NaN NaN NaN NaN NaN NaN NaN NaN NaN NaN NaN NaN NaN NaN NaN NaN NaN NaN NaN NaN NaN NaN NaN NaN NaN NaN NaN NaN NaN NaN NaN NaN NaN NaN NaN NaN NaN NaN NaN NaN 
NaN NaN NaN NaN NaN NaN NaN NaN NaN NaN NaN NaN NaN NaN NaN NaN NaN NaN NaN NaN NaN NaN NaN NaN NaN NaN NaN NaN NaN NaN NaN NaN NaN NaN NaN NaN NaN NaN NaN NaN 
NaN NaN NaN NaN NaN NaN NaN NaN NaN NaN NaN NaN NaN NaN NaN NaN NaN NaN NaN NaN NaN NaN NaN NaN NaN NaN NaN NaN NaN NaN NaN NaN NaN NaN NaN NaN NaN NaN NaN NaN 
NaN NaN NaN NaN NaN NaN NaN NaN NaN NaN NaN NaN NaN NaN NaN NaN NaN NaN NaN NaN NaN NaN NaN NaN NaN NaN NaN NaN NaN NaN NaN NaN NaN NaN NaN NaN NaN NaN NaN NaN 
NaN NaN NaN NaN NaN NaN NaN NaN NaN NaN NaN NaN NaN NaN NaN NaN NaN NaN NaN NaN NaN NaN NaN NaN NaN NaN NaN NaN NaN NaN NaN NaN NaN NaN NaN NaN NaN NaN NaN NaN 
NaN NaN NaN NaN NaN NaN NaN NaN NaN NaN NaN NaN NaN NaN NaN NaN NaN NaN NaN NaN NaN NaN NaN NaN NaN NaN NaN NaN NaN NaN NaN NaN NaN NaN NaN NaN NaN NaN NaN NaN 
NaN NaN NaN NaN NaN NaN NaN NaN NaN NaN NaN NaN NaN NaN NaN NaN NaN NaN NaN NaN NaN NaN NaN NaN NaN NaN NaN NaN NaN NaN NaN NaN NaN NaN NaN NaN NaN NaN NaN NaN 
NaN NaN NaN NaN NaN NaN NaN NaN NaN NaN NaN NaN NaN NaN NaN NaN NaN NaN NaN NaN NaN NaN NaN NaN NaN NaN NaN NaN NaN NaN NaN NaN NaN NaN NaN NaN NaN NaN NaN NaN 
NaN NaN NaN NaN NaN NaN NaN NaN NaN NaN NaN NaN NaN NaN NaN NaN NaN NaN NaN NaN NaN NaN NaN NaN NaN NaN NaN NaN NaN NaN NaN NaN NaN NaN NaN NaN NaN NaN NaN NaN 
NaN NaN NaN NaN NaN NaN NaN NaN NaN NaN NaN NaN NaN NaN NaN NaN NaN NaN NaN NaN NaN NaN NaN NaN NaN NaN NaN NaN NaN NaN NaN NaN NaN NaN NaN NaN NaN NaN NaN NaN 
NaN NaN NaN NaN NaN NaN NaN NaN NaN NaN NaN NaN NaN NaN NaN NaN NaN NaN NaN NaN NaN NaN NaN NaN NaN NaN NaN NaN NaN NaN NaN NaN NaN NaN NaN NaN NaN NaN NaN NaN 
NaN NaN NaN NaN NaN NaN NaN NaN NaN NaN NaN NaN NaN NaN NaN NaN NaN NaN NaN NaN NaN NaN NaN NaN NaN NaN NaN NaN NaN NaN NaN NaN NaN NaN NaN NaN NaN NaN NaN NaN 
NaN NaN NaN NaN NaN NaN NaN NaN NaN NaN NaN NaN NaN NaN NaN NaN NaN NaN NaN NaN NaN NaN NaN NaN NaN NaN NaN NaN NaN NaN NaN NaN NaN NaN NaN NaN NaN NaN NaN NaN 
NaN NaN NaN NaN NaN NaN NaN NaN NaN NaN NaN NaN NaN NaN NaN NaN NaN NaN NaN NaN NaN NaN NaN NaN NaN NaN NaN NaN NaN NaN NaN NaN NaN NaN NaN NaN NaN NaN NaN NaN 
NaN NaN NaN NaN NaN NaN NaN NaN NaN NaN NaN NaN NaN NaN NaN NaN NaN NaN NaN NaN NaN NaN NaN NaN NaN NaN NaN NaN NaN NaN NaN NaN NaN NaN NaN NaN NaN NaN NaN NaN 
NaN NaN NaN NaN NaN NaN NaN NaN NaN NaN NaN NaN NaN NaN NaN NaN NaN NaN NaN NaN NaN NaN NaN NaN NaN NaN NaN NaN NaN NaN NaN NaN NaN NaN NaN NaN NaN NaN NaN NaN 
NaN NaN NaN NaN NaN NaN NaN NaN NaN NaN NaN NaN NaN NaN NaN NaN NaN NaN NaN NaN NaN NaN NaN NaN NaN NaN NaN NaN NaN NaN NaN NaN NaN NaN NaN NaN NaN NaN NaN NaN 
NaN NaN NaN NaN NaN NaN NaN NaN NaN NaN NaN NaN NaN NaN NaN NaN NaN NaN NaN NaN NaN NaN NaN NaN NaN NaN NaN NaN NaN NaN NaN NaN NaN NaN NaN NaN NaN NaN NaN NaN 
NaN NaN NaN NaN NaN NaN NaN NaN NaN NaN NaN NaN NaN NaN NaN NaN NaN NaN NaN NaN NaN NaN NaN NaN NaN NaN NaN NaN NaN NaN NaN NaN NaN NaN NaN NaN NaN NaN NaN NaN 
NaN NaN NaN NaN NaN NaN NaN NaN NaN NaN NaN NaN NaN NaN NaN NaN NaN NaN NaN NaN NaN NaN NaN NaN NaN NaN NaN NaN NaN NaN NaN NaN NaN NaN NaN NaN NaN NaN NaN NaN 
NaN NaN NaN NaN NaN NaN NaN NaN NaN NaN NaN NaN NaN NaN NaN NaN NaN NaN NaN NaN NaN NaN NaN NaN NaN NaN NaN NaN NaN NaN NaN NaN NaN NaN NaN NaN NaN NaN NaN NaN 
NaN NaN NaN NaN NaN NaN NaN NaN NaN NaN NaN NaN NaN NaN NaN NaN NaN NaN NaN NaN NaN NaN NaN NaN NaN NaN NaN NaN NaN NaN NaN NaN NaN NaN NaN NaN NaN NaN NaN NaN 
NaN NaN NaN NaN NaN NaN NaN NaN NaN NaN NaN NaN NaN NaN NaN NaN NaN NaN NaN NaN NaN NaN NaN NaN NaN NaN NaN NaN NaN NaN NaN NaN NaN NaN NaN NaN NaN NaN NaN NaN 
NaN NaN NaN NaN NaN NaN NaN NaN NaN NaN NaN NaN NaN NaN NaN NaN NaN NaN NaN NaN NaN NaN NaN NaN NaN NaN NaN NaN NaN NaN NaN NaN NaN NaN NaN NaN NaN NaN NaN NaN 
NaN NaN NaN NaN NaN NaN NaN NaN NaN NaN NaN NaN NaN NaN NaN NaN NaN NaN NaN NaN NaN NaN NaN NaN NaN NaN NaN NaN NaN NaN NaN NaN NaN NaN NaN NaN NaN NaN NaN NaN 
NaN NaN NaN NaN NaN NaN NaN NaN NaN NaN NaN NaN NaN NaN NaN NaN NaN NaN NaN NaN NaN NaN NaN NaN NaN NaN NaN NaN NaN NaN NaN NaN NaN NaN NaN NaN NaN NaN NaN NaN 
NaN NaN NaN NaN NaN NaN NaN NaN NaN NaN NaN NaN NaN NaN NaN NaN NaN NaN NaN NaN NaN NaN NaN NaN NaN NaN NaN NaN NaN NaN NaN NaN NaN NaN NaN NaN NaN NaN NaN NaN 
NaN NaN NaN NaN NaN NaN NaN NaN NaN NaN NaN NaN NaN NaN NaN NaN NaN NaN NaN NaN NaN NaN NaN NaN NaN NaN NaN NaN NaN NaN NaN NaN NaN NaN NaN NaN NaN NaN NaN NaN 
NaN NaN NaN NaN NaN NaN NaN NaN NaN NaN NaN NaN NaN NaN NaN NaN NaN NaN NaN NaN NaN NaN NaN NaN NaN NaN NaN NaN NaN NaN NaN NaN NaN NaN NaN NaN NaN NaN NaN NaN 
NaN NaN NaN NaN NaN NaN NaN NaN NaN NaN NaN NaN NaN NaN NaN NaN NaN NaN NaN NaN NaN NaN NaN NaN NaN NaN NaN NaN NaN NaN NaN NaN NaN NaN NaN NaN NaN NaN NaN NaN 
NaN NaN NaN NaN NaN NaN NaN NaN NaN NaN NaN NaN NaN NaN NaN NaN NaN NaN NaN NaN NaN NaN NaN NaN NaN NaN NaN NaN NaN NaN NaN NaN NaN NaN NaN NaN NaN NaN NaN NaN 
NaN NaN NaN NaN NaN NaN NaN NaN NaN NaN NaN NaN NaN NaN NaN NaN NaN NaN NaN NaN NaN NaN NaN NaN NaN NaN NaN NaN NaN NaN NaN NaN NaN NaN NaN NaN NaN NaN NaN NaN 
NaN NaN NaN NaN NaN NaN NaN NaN NaN NaN NaN NaN NaN NaN NaN NaN NaN NaN NaN NaN NaN NaN NaN NaN NaN NaN NaN NaN NaN NaN NaN NaN NaN NaN NaN NaN NaN NaN NaN NaN 
NaN NaN NaN NaN NaN NaN NaN NaN NaN NaN NaN NaN NaN NaN NaN NaN NaN NaN NaN NaN NaN NaN NaN NaN NaN NaN NaN NaN NaN NaN NaN NaN NaN NaN NaN NaN NaN NaN NaN NaN 
NaN NaN NaN NaN NaN NaN NaN NaN NaN NaN NaN NaN NaN NaN NaN NaN NaN NaN NaN NaN NaN NaN NaN NaN NaN NaN NaN NaN NaN NaN NaN NaN NaN NaN NaN NaN NaN NaN NaN NaN 
NaN NaN NaN NaN NaN NaN NaN NaN NaN NaN NaN NaN NaN NaN NaN NaN NaN NaN NaN NaN NaN NaN NaN NaN NaN NaN NaN NaN NaN NaN NaN NaN NaN NaN NaN NaN NaN NaN NaN NaN 
NaN NaN NaN NaN NaN NaN NaN NaN NaN NaN NaN NaN NaN NaN NaN NaN NaN NaN NaN NaN NaN NaN NaN NaN NaN NaN NaN NaN NaN NaN NaN NaN NaN NaN NaN NaN NaN NaN NaN NaN 
NaN NaN NaN NaN NaN NaN NaN NaN NaN NaN NaN NaN NaN NaN NaN NaN NaN NaN NaN NaN NaN NaN NaN NaN NaN NaN NaN NaN NaN NaN NaN NaN NaN NaN NaN NaN NaN NaN NaN NaN 
NaN NaN NaN NaN NaN NaN NaN NaN NaN NaN NaN NaN NaN NaN NaN NaN NaN NaN NaN NaN NaN NaN NaN NaN NaN NaN NaN NaN NaN NaN NaN NaN NaN NaN NaN NaN NaN NaN NaN NaN 
NaN NaN NaN NaN NaN NaN NaN NaN NaN NaN NaN NaN NaN NaN NaN NaN NaN NaN NaN NaN NaN NaN NaN NaN NaN NaN NaN NaN NaN NaN NaN NaN NaN NaN NaN NaN NaN NaN NaN NaN 
NaN NaN NaN NaN NaN NaN NaN NaN NaN NaN NaN NaN NaN NaN NaN NaN NaN NaN NaN NaN NaN NaN NaN NaN NaN NaN NaN NaN NaN NaN NaN NaN NaN NaN NaN NaN NaN NaN NaN NaN 
NaN NaN NaN NaN NaN NaN NaN NaN NaN NaN NaN NaN NaN NaN NaN NaN NaN NaN NaN NaN NaN NaN NaN NaN NaN NaN NaN NaN NaN NaN NaN NaN NaN NaN NaN NaN NaN NaN NaN NaN 
NaN NaN NaN NaN NaN NaN NaN NaN NaN NaN NaN NaN NaN NaN NaN NaN NaN NaN NaN NaN NaN NaN NaN NaN NaN NaN NaN NaN NaN NaN NaN NaN NaN NaN NaN NaN NaN NaN NaN NaN 
NaN NaN NaN NaN NaN NaN NaN NaN NaN NaN NaN NaN NaN NaN NaN NaN NaN NaN NaN NaN NaN NaN NaN NaN NaN NaN NaN NaN NaN NaN NaN NaN NaN NaN NaN NaN NaN NaN NaN NaN 
NaN NaN NaN NaN NaN NaN NaN NaN NaN NaN NaN NaN NaN NaN NaN NaN NaN NaN NaN NaN NaN NaN NaN NaN NaN NaN NaN NaN NaN NaN NaN NaN NaN NaN NaN NaN NaN NaN NaN NaN 
NaN NaN NaN NaN NaN NaN NaN NaN NaN NaN NaN NaN NaN NaN NaN NaN NaN NaN NaN NaN NaN NaN NaN NaN NaN NaN NaN NaN NaN NaN NaN NaN NaN NaN NaN NaN NaN NaN NaN NaN 
NaN NaN NaN NaN NaN NaN NaN NaN NaN NaN NaN NaN NaN NaN NaN NaN NaN NaN NaN NaN NaN NaN NaN NaN NaN NaN NaN NaN NaN NaN NaN NaN NaN NaN NaN NaN NaN NaN NaN NaN 
NaN NaN NaN NaN NaN NaN NaN NaN NaN NaN NaN NaN NaN NaN NaN NaN NaN NaN NaN NaN NaN NaN NaN NaN NaN NaN NaN NaN NaN NaN NaN NaN NaN NaN NaN NaN NaN NaN NaN NaN 
NaN NaN NaN NaN NaN NaN NaN NaN NaN NaN NaN NaN NaN NaN NaN NaN NaN NaN NaN NaN NaN NaN NaN NaN NaN NaN NaN NaN NaN NaN NaN NaN NaN NaN NaN NaN NaN NaN NaN NaN 
NaN NaN NaN NaN NaN NaN NaN NaN NaN NaN NaN NaN NaN NaN NaN NaN NaN NaN NaN NaN NaN NaN NaN NaN NaN NaN NaN NaN NaN NaN NaN NaN NaN NaN NaN NaN NaN NaN NaN NaN 
NaN NaN NaN NaN NaN NaN NaN NaN NaN NaN NaN NaN NaN NaN NaN NaN NaN NaN NaN NaN NaN NaN NaN NaN NaN NaN NaN NaN NaN NaN NaN NaN NaN NaN NaN NaN NaN NaN NaN NaN 
NaN NaN NaN NaN NaN NaN NaN NaN NaN NaN NaN NaN NaN NaN NaN NaN NaN NaN NaN NaN NaN NaN NaN NaN NaN NaN NaN NaN NaN NaN NaN NaN NaN NaN NaN NaN NaN NaN NaN NaN 
NaN NaN NaN NaN NaN NaN NaN NaN NaN NaN NaN NaN NaN NaN NaN NaN NaN NaN NaN NaN NaN NaN NaN NaN NaN NaN NaN NaN NaN NaN NaN NaN NaN NaN NaN NaN NaN NaN NaN NaN 
NaN NaN NaN NaN NaN NaN NaN NaN NaN NaN NaN NaN NaN NaN NaN NaN NaN NaN NaN NaN NaN NaN NaN NaN NaN NaN NaN NaN NaN NaN NaN NaN NaN NaN NaN NaN NaN NaN NaN NaN 
NaN NaN NaN NaN NaN NaN NaN NaN NaN NaN NaN NaN NaN NaN NaN NaN NaN NaN NaN NaN NaN NaN NaN NaN NaN NaN NaN NaN NaN NaN NaN NaN NaN NaN NaN NaN NaN NaN NaN NaN 
NaN NaN NaN NaN NaN NaN NaN NaN NaN NaN NaN NaN NaN NaN NaN NaN NaN NaN NaN NaN NaN NaN NaN NaN NaN NaN NaN NaN NaN NaN NaN NaN NaN NaN NaN NaN NaN NaN NaN NaN 
NaN NaN NaN NaN NaN NaN NaN NaN NaN NaN NaN NaN NaN NaN NaN NaN NaN NaN NaN NaN NaN NaN NaN NaN NaN NaN NaN NaN NaN NaN NaN NaN NaN NaN NaN NaN NaN NaN NaN NaN 
NaN NaN NaN NaN NaN NaN NaN NaN NaN NaN NaN NaN NaN NaN NaN NaN NaN NaN NaN NaN NaN NaN NaN NaN NaN NaN NaN NaN NaN NaN NaN NaN NaN NaN NaN NaN NaN NaN NaN NaN 
NaN NaN NaN NaN NaN NaN NaN NaN NaN NaN NaN NaN NaN NaN NaN NaN NaN NaN NaN NaN NaN NaN NaN NaN NaN NaN NaN NaN NaN NaN NaN NaN NaN NaN NaN NaN NaN NaN NaN NaN 
NaN NaN NaN NaN NaN NaN NaN NaN NaN NaN NaN NaN NaN NaN NaN NaN NaN NaN NaN NaN NaN NaN NaN NaN NaN NaN NaN NaN NaN NaN NaN NaN NaN NaN NaN NaN NaN NaN NaN NaN 
NaN NaN NaN NaN NaN NaN NaN NaN NaN NaN NaN NaN NaN NaN NaN NaN NaN NaN NaN NaN NaN NaN NaN NaN NaN NaN NaN NaN NaN NaN NaN NaN NaN NaN NaN NaN NaN NaN NaN NaN 
NaN NaN NaN NaN NaN NaN NaN NaN NaN NaN NaN NaN NaN NaN NaN NaN NaN NaN NaN NaN NaN NaN NaN NaN NaN NaN NaN NaN NaN NaN NaN NaN NaN NaN NaN NaN NaN NaN NaN NaN 
NaN NaN NaN NaN NaN NaN NaN NaN NaN NaN NaN NaN NaN NaN NaN NaN NaN NaN NaN NaN NaN NaN NaN NaN NaN NaN NaN NaN NaN NaN NaN NaN NaN NaN NaN NaN NaN NaN NaN NaN 
NaN NaN NaN NaN NaN NaN NaN NaN NaN NaN NaN NaN NaN NaN NaN NaN NaN NaN NaN NaN NaN NaN NaN NaN NaN NaN NaN NaN NaN NaN NaN NaN NaN NaN NaN NaN NaN NaN NaN NaN 
NaN NaN NaN NaN NaN NaN NaN NaN NaN NaN NaN NaN NaN NaN NaN NaN NaN NaN NaN NaN NaN NaN NaN NaN NaN NaN NaN NaN NaN NaN NaN NaN NaN NaN NaN NaN NaN NaN NaN NaN 
NaN NaN NaN NaN NaN NaN NaN NaN NaN NaN NaN NaN NaN NaN NaN NaN NaN NaN NaN NaN NaN NaN NaN NaN NaN NaN NaN NaN NaN NaN NaN NaN NaN NaN NaN NaN NaN NaN NaN NaN 
NaN NaN NaN NaN NaN NaN NaN NaN NaN NaN NaN NaN NaN NaN NaN NaN NaN NaN NaN NaN NaN NaN NaN NaN NaN NaN NaN NaN NaN NaN NaN NaN NaN NaN NaN NaN NaN NaN NaN NaN 
NaN NaN NaN NaN NaN NaN NaN NaN NaN NaN NaN NaN NaN NaN NaN NaN NaN NaN NaN NaN NaN NaN NaN NaN NaN NaN NaN NaN NaN NaN NaN NaN NaN NaN NaN NaN NaN NaN NaN NaN 
NaN NaN NaN NaN NaN NaN NaN NaN NaN NaN NaN NaN NaN NaN NaN NaN NaN NaN NaN NaN NaN NaN NaN NaN NaN NaN NaN NaN NaN NaN NaN NaN NaN NaN NaN NaN NaN NaN NaN NaN 
NaN NaN NaN NaN NaN NaN NaN NaN NaN NaN NaN NaN NaN NaN NaN NaN NaN NaN NaN NaN NaN NaN NaN NaN NaN NaN NaN NaN NaN NaN NaN NaN NaN NaN NaN NaN NaN NaN NaN NaN 
NaN NaN NaN NaN NaN NaN NaN NaN NaN NaN NaN NaN NaN NaN NaN NaN NaN NaN NaN NaN NaN NaN NaN NaN NaN NaN NaN NaN NaN NaN NaN NaN NaN NaN NaN NaN NaN NaN NaN NaN 
NaN NaN NaN NaN NaN NaN NaN NaN NaN NaN NaN NaN NaN NaN NaN NaN NaN NaN NaN NaN NaN NaN NaN NaN NaN NaN NaN NaN NaN NaN NaN NaN NaN NaN NaN NaN NaN NaN NaN NaN 
NaN NaN NaN NaN NaN NaN NaN NaN NaN NaN NaN NaN NaN NaN NaN NaN NaN NaN NaN NaN NaN NaN NaN NaN NaN NaN NaN NaN NaN NaN NaN NaN NaN NaN NaN NaN NaN NaN NaN NaN 
NaN NaN NaN NaN NaN NaN NaN NaN NaN NaN NaN NaN NaN NaN NaN NaN NaN NaN NaN NaN NaN NaN NaN NaN NaN NaN NaN NaN NaN NaN NaN NaN NaN NaN NaN NaN NaN NaN NaN NaN 
NaN NaN NaN NaN NaN NaN NaN NaN NaN NaN NaN NaN NaN NaN NaN NaN NaN NaN NaN NaN NaN NaN NaN NaN NaN NaN NaN NaN NaN NaN NaN NaN NaN NaN NaN NaN NaN NaN NaN NaN 
NaN NaN NaN NaN NaN NaN NaN NaN NaN NaN NaN NaN NaN NaN NaN NaN NaN NaN NaN NaN NaN NaN NaN NaN NaN NaN NaN NaN NaN NaN NaN NaN NaN NaN NaN NaN NaN NaN NaN NaN 
NaN NaN NaN NaN NaN NaN NaN NaN NaN NaN NaN NaN NaN NaN NaN NaN NaN NaN NaN NaN NaN NaN NaN NaN NaN NaN NaN NaN NaN NaN NaN NaN NaN NaN NaN NaN NaN NaN NaN NaN 
NaN NaN NaN NaN NaN NaN NaN NaN NaN NaN NaN NaN NaN NaN NaN NaN NaN NaN NaN NaN NaN NaN NaN NaN NaN NaN NaN NaN NaN NaN NaN NaN NaN NaN NaN NaN NaN NaN NaN NaN 
NaN NaN NaN NaN NaN NaN NaN NaN NaN NaN NaN NaN NaN NaN NaN NaN NaN NaN NaN NaN NaN NaN NaN NaN NaN NaN NaN NaN NaN NaN NaN NaN NaN NaN NaN NaN NaN NaN NaN NaN 
NaN NaN NaN NaN NaN NaN NaN NaN NaN NaN NaN NaN NaN NaN NaN NaN NaN NaN NaN NaN NaN NaN NaN NaN NaN NaN NaN NaN NaN NaN NaN NaN NaN NaN NaN NaN NaN NaN NaN NaN 
NaN NaN NaN NaN NaN NaN NaN NaN NaN NaN NaN NaN NaN NaN NaN NaN NaN NaN NaN NaN NaN NaN NaN NaN NaN NaN NaN NaN NaN NaN NaN NaN NaN NaN NaN NaN NaN NaN NaN NaN 
NaN NaN NaN NaN NaN NaN NaN NaN NaN NaN NaN NaN NaN NaN NaN NaN NaN NaN NaN NaN NaN NaN NaN NaN NaN NaN NaN NaN NaN NaN NaN NaN NaN NaN NaN NaN NaN NaN NaN NaN 
-86.532962 -87.165144 -88.256666 -90.199016 -93.047540 -96.737169 -98.093165 -95.988072 -93.906795 -93.191822 -93.526426 -94.684193 -96.524727 -99.509263 -104.960673 -105.591148 -99.267027 -97.570694 -102.344708 -102.870712 -95.790653 -96.968774 -99.919436 -98.307931 -100.389621 -104.807960 -103.589184 -103.268028 -104.057134 -98.375728 -98.794337 -94.737253 -96.600576 -99.534864 -95.540873 -102.516148 -99.393885 -100.137977 -100.342406 -99.957396 
-64.269641 -73.018135 -80.561059 -78.920319 -77.625927 -79.217494 -80.663884 -84.392571 -77.620253 -73.932524 -73.781366 -75.669663 -82.715914 -82.664351 -77.100865 -81.161126 -76.470245 -73.962727 -76.633092 -80.382997 -78.262649 -76.138713 -78.472832 -81.298770 -82.899064 -80.508127 -76.039496 -78.078899 -77.063619 -77.161273 -80.304281 -77.490031 -78.289519 -80.320014 -77.307516 -85.760838 -81.345558 -80.630170 -78.753690 -80.596206 
-63.674643 -76.016152 -74.462084 -76.568063 -86.545515 -83.665639 -83.038353 -78.619017 -79.675843 -79.506295 -81.506359 -80.092842 -81.598362 -76.550001 -75.361616 -80.279625 -78.016730 -76.332263 -75.088675 -77.934159 -76.065050 -77.275722 -76.224854 -74.691261 -79.629666 -75.892922 -75.268942 -76.495522 -78.031623 -76.602704 -77.215933 -78.317148 -77.340488 -77.049558 -77.799530 -79.839370 -77.177726 -78.249243 -75.272479 -77.504625 
-62.118949 -78.929169 -77.533283 -76.173725 -79.020653 -78.568897 -81.851965 -71.726806 -69.730497 -68.294724 -74.516707 -75.031648 -77.208071 -74.606769 -74.728310 -76.381473 -75.926243 -75.787633 -76.085192 -75.052553 -73.603807 -75.391654 -76.486776 -76.303672 -78.726203 -76.168692 -79.699370 -78.859014 -78.502221 -75.628702 -75.202318 -73.858417 -75.678915 -76.077076 -75.841177 -75.033012 -75.072997 -75.742270 -72.315952 -76.479391 
-41.169485 -42.132805 -43.990397 -45.702850 -47.524855 -49.644533 -51.696674 -52.613872 -53.080358 -54.410684 -54.758967 -56.607050 -58.876862 -58.868801 -59.655598 -61.350906 -62.094111 -62.017914 -64.655369 -65.102394 -66.879101 -64.773073 -65.733134 -66.915512 -67.191753 -67.890478 -69.644226 -71.109622 -69.444737 -71.493806 -70.248180 -70.453469 -72.284203 -71.249652 -72.799493 -72.764894 -73.325255 -72.638966 -74.109944 -74.458772 
-29.671288 -34.838900 -36.209326 -37.977424 -41.343004 -43.390805 -45.017864 -46.683732 -48.201691 -47.845757 -49.230301 -50.071083 -52.699805 -52.602446 -54.153615 -55.071836 -55.441230 -56.576475 -58.289106 -58.705664 -60.864568 -59.546780 -59.966298 -61.204453 -61.229938 -62.131255 -62.729200 -66.150324 -64.064178 -67.395533 -66.060306 -67.273120 -68.139255 -67.006129 -68.706988 -70.067561 -69.520460 -70.125776 -71.909073 -71.601615 
-37.683150 -40.515622 -46.545756 -54.197494 -55.405472 -63.921686 -63.588689 -63.328020 -62.386558 -55.689557 -58.639386 -60.982439 -66.047657 -64.549774 -66.429662 -67.302678 -69.284133 -67.766655 -71.613683 -68.755782 -68.152235 -71.843578 -71.464552 -70.981969 -68.293608 -68.530402 -67.552248 -73.446771 -72.048199 -71.790190 -72.077453 -70.660174 -68.855358 -68.245771 -69.921210 -74.430927 -69.472082 -72.475612 -73.030140 -72.646675 
-33.365338 -35.951215 -43.736107 -48.821472 -53.689343 -65.942561 -68.078806 -65.206277 -64.857888 -60.988012 -65.454286 -63.110741 -66.318458 -69.084721 -66.457880 -68.737833 -66.321931 -72.338906 -71.046925 -67.113209 -67.433289 -69.193317 -71.512269 -67.025337 -72.700059 -71.572734 -72.933355 -70.626382 -74.782717 -74.213397 -68.488551 -68.303870 -67.891472 -69.669611 -70.668534 -71.797682 -70.913654 -68.743058 -70.256119 -73.249499 
-27.992904 -43.380319 -49.871025 -61.147571 -61.393199 -68.910028 -66.914354 -67.911935 -76.654430 -74.482515 -68.513288 -69.971381 -67.200668 -70.488116 -70.876089 -75.341000 -75.464769 -80.984326 -79.153655 -74.747248 -71.063072 -71.227982 -76.381196 -75.938248 -77.775482 -72.910967 -72.356253 -75.583452 -78.121006 -78.035212 -71.970265 -72.297655 -74.529093 -76.102998 -73.625417 -77.514339 -77.129472 -74.318550 -73.716774 -74.330858 
-29.702546 -40.857952 -44.982175 -57.294474 -59.280244 -60.222538 -60.434146 -62.136269 -66.066408 -58.590145 -60.977158 -63.970611 -65.000690 -58.501022 -55.806609 -57.395612 -60.816361 -56.667908 -58.645462 -57.007311 -59.548299 -53.883855 -52.277808 -49.989727 -50.252092 -49.035808 -48.006348 -47.136860 -46.875482 -46.798011 -46.651993 -46.028336 -46.213315 -51.667781 -59.413736 -58.176411 -61.213831 -60.547629 -63.382901 -65.159903 
-27.674962 -38.976959 -41.121188 -38.251345 -32.158678 -31.487966 -29.484141 -30.143683 -37.510104 -32.708738 -35.785391 -34.656172 -34.182855 -35.205750 -35.445013 -32.206294 -42.522308 -36.060540 -32.098577 -36.279715 -33.708336 -31.791167 -26.077162 -28.189541 -21.857766 -20.927349 -23.833380 -21.289428 -29.210881 -27.140531 -26.684071 -23.688407 -25.764042 -31.474828 -33.902939 -38.688113 -42.060068 -44.761565 -55.717502 -47.401907 
-26.029005 -35.001044 -34.688107 -34.443664 -27.942418 -22.322203 -22.350620 -22.624478 -27.710333 -30.990943 -27.575814 -26.215385 -28.887633 -29.058355 -32.076150 -27.912254 -32.948529 -32.800050 -27.817426 -30.387194 -30.456375 -31.814170 -26.980649 -26.350262 -22.219377 -19.646612 -19.132951 -19.704736 -25.458882 -26.303251 -23.951829 -28.084273 -26.212657 -27.468970 -31.738245 -40.973195 -45.254779 -46.327987 -48.298837 -37.883758 
-32.923734 -40.114276 -38.947775 -34.594610 -34.256274 -27.369958 -30.545429 -37.367795 -34.506463 -34.214085 -32.115669 -32.597439 -36.836845 -35.190802 -29.966050 -32.514380 -38.556319 -41.149336 -33.206321 -32.963266 -32.893841 -31.089622 -31.289981 -25.466236 -24.027424 -24.989275 -16.185162 -18.660008 -28.649391 -32.188026 -29.232865 -21.623961 -19.338324 -22.794075 -31.194937 -43.395674 -53.220078 -49.189772 -40.817741 -32.530824 
-28.931255 -24.562479 -23.714304 -25.978122 -21.338362 -18.002073 -20.592334 -21.581011 -23.740359 -28.555742 -29.093172 -31.150031 -27.983698 -25.652370 -24.061953 -26.109662 -33.093470 -34.569883 -27.821931 -30.202148 -28.935345 -29.907182 -28.418266 -25.798653 -18.697336 -16.812282 -9.868699 -12.734272 -22.990363 -24.983422 -27.761795 -19.404552 -17.035195 -18.085867 -27.514526 -29.898350 -45.141609 -43.596548 -30.760566 -28.695545 
-23.147600 -23.226486 -31.269396 -27.255193 -26.498714 -19.891035 -15.294708 -11.884536 -14.205351 -26.530963 -31.918633 -29.779376 -25.880648 -23.882518 -30.232996 -27.744960 -31.939626 -30.068913 -29.510048 -34.318523 -29.306884 -24.353460 -19.277513 -20.694322 -18.702248 -14.340875 -11.283188 -15.327748 -17.724699 -18.929134 -22.206134 -19.406291 -21.002657 -23.966523 -28.146869 -28.080699 -39.587887 -42.521922 -28.149485 -26.643481 
-16.494101 -22.849613 -18.523633 -17.019085 -17.386194 -14.718087 -11.629273 -15.729950 -17.147929 -22.675021 -32.792718 -27.817179 -21.223229 -25.898775 -24.006584 -26.779555 -27.422127 -29.860247 -26.993835 -31.153999 -26.883565 -21.766964 -19.674681 -18.536093 -15.792451 -11.942609 -5.862876 -10.782161 -19.611564 -19.162428 -19.437634 -21.049415 -15.971217 -23.136386 -27.957135 -27.230485 -36.729225 -40.974416 -34.716906 -31.860888 
-16.910726 -18.670744 -18.304019 -9.386683 -9.551782 -18.473936 -12.716889 -14.489035 -23.368612 -21.979746 -26.800779 -22.581160 -25.832694 -34.296297 -31.152897 -25.142982 -26.889836 -27.265859 -25.625526 -27.559911 -27.469535 -25.408892 -19.131450 -14.077842 -15.115768 -12.962921 -8.657966 -16.740773 -19.984089 -16.205268 -23.563999 -23.599297 -19.897111 -23.983009 -29.450857 -31.687448 -40.627588 -43.006107 -35.820962 -32.402496 
-6.577556 -13.163687 -15.898601 4.128555 12.048052 9.756248 1.816837 -1.518833 4.509039 1.221815 -4.758041 -9.849563 -18.279914 -20.752191 -14.437274 -19.639818 -20.116726 -18.101139 -20.972382 -17.973156 -15.430681 -14.035393 -6.634641 -10.831072 -11.465838 -12.451665 -13.460750 -9.367498 -7.310117 -14.139264 -20.358750 -20.052233 -24.507190 -32.428929 -34.729780 -37.384989 -40.122088 -41.574081 -35.917363 -34.013328 
-6.997564 -10.631913 -9.146091 6.097549 16.960842 10.996826 1.846330 5.562037 17.044332 7.498030 -3.257162 2.791927 -6.177409 -10.790061 -3.839634 -13.962808 -9.116947 -12.909674 -9.363643 -12.103384 -7.362307 -2.924499 4.894520 5.673040 1.281786 -0.238559 -2.785676 -3.328545 -2.142372 -6.665200 -15.593277 -15.456158 -21.376598 -39.822753 -40.244506 -39.307579 -36.033203 -43.689802 -39.626646 -38.986618 
-12.362984 -18.154483 -24.114142 3.889677 15.648491 8.090622 -11.121074 6.177224 21.671705 11.050573 -9.018772 3.733146 -4.504041 -9.423881 0.155963 -16.169484 -6.628811 -12.992363 -6.277347 -10.692971 -1.926965 2.404111 7.825123 10.294159 4.750290 2.710407 -2.360264 -4.157140 -5.586933 -8.417664 -17.708158 -16.560441 -23.000053 -35.573145 -36.766352 -35.497730 -34.237163 -37.272390 -37.749152 -37.860732 
-24.622898 -18.608547 -18.745218 -1.692140 13.281266 8.730629 -12.527920 0.374607 22.957409 17.341891 -9.854945 -2.742095 -5.115625 -12.800722 -0.061754 -9.793124 -7.577571 -9.066789 -9.552992 -8.359532 -3.035953 0.950400 10.850922 5.788737 3.932695 3.401505 -3.864943 -6.149645 -5.181439 -6.276120 -14.836759 -19.261964 -25.427050 -32.694549 -35.115310 -34.302819 -33.272750 -35.884581 -36.479328 -36.317702 
-13.853968 -17.627089 -17.128634 -6.030119 10.910957 7.057054 -10.600174 -6.884907 22.500850 18.700581 -11.162451 -7.225152 -4.071145 -19.654425 -1.723886 -8.675275 -10.473345 -8.764602 -12.543167 -9.897074 -4.233233 -2.258613 10.938536 1.487076 0.354803 0.360264 -8.624973 -6.719469 -5.453470 -7.086550 -12.765357 -19.736497 -26.640776 -34.282751 -43.335986 -40.380834 -38.821113 -43.197049 -43.465677 -42.506728 
-18.985351 -19.466124 -17.682903 -4.005877 10.465461 6.091997 -9.385441 -3.455703 22.385091 17.379772 -12.338019 -5.518665 -3.318476 -15.638611 -1.165323 -9.649951 -9.000600 -8.790066 -10.791367 -8.084629 -1.668941 -0.177402 12.593403 5.183592 2.797054 -0.838073 -6.245617 -5.998760 -7.141129 -5.719645 -8.799119 -23.397126 -30.222298 -32.486877 -34.926689 -35.439857 -36.284438 -35.548501 -34.790848 -33.472156 
-18.103715 -25.508905 -23.713047 -3.033731 10.418581 3.906293 -10.156580 5.528447 23.317792 14.472547 -8.080528 1.794409 -3.045740 -10.024257 1.281977 -10.830702 -5.337538 -10.715174 -5.986487 -8.936458 -0.863746 5.625607 12.155152 5.708386 3.213736 -1.326547 -5.856736 -8.001833 -5.623995 -5.837791 -11.116576 -22.321092 -33.667802 -33.008447 -38.057997 -37.404550 -35.720527 -33.885025 -34.169797 -34.347631 
-20.360030 -33.442740 -24.524755 -1.212607 9.867018 1.417728 -10.289900 11.510071 24.331907 10.803376 -9.324103 5.114233 -5.758185 -5.384876 0.224506 -13.689853 -4.405935 -15.062466 -5.801588 -8.142967 -3.248587 8.659427 9.084604 5.957208 5.629584 -0.630886 -4.871212 -6.003213 -5.471436 -6.262805 -9.405196 -21.878029 -27.445983 -29.354996 -39.529162 -36.944168 -34.025017 -35.145674 -34.078905 -34.605502 
-18.077266 -18.675248 -18.252427 1.612268 9.065388 -2.969990 -10.491860 17.104790 21.655105 5.112276 -0.735239 5.215414 -6.748139 0.027090 -4.153047 -5.822432 -5.220472 -9.869335 -9.605964 -6.888570 -4.261210 6.963442 10.988347 8.652666 5.177105 1.490094 -5.565906 -8.938257 -7.336600 -8.635764 -8.783690 -23.926139 -25.330176 -30.262334 -48.521873 -38.723378 -33.479196 -35.655613 -32.067335 -34.112004 
-17.641446 -21.895070 -13.233877 5.544430 6.476447 -6.337676 7.060022 19.956995 16.016640 2.925238 6.444676 0.492234 -1.455111 -1.502711 -8.089510 -4.343376 -8.214325 -7.991336 -10.680539 -10.663482 -5.151887 6.084207 10.608994 6.121408 4.481644 -0.982168 -7.650741 -7.820986 -10.106782 -9.594257 -11.110059 -22.401347 -25.895564 -28.284252 -34.003217 -34.092765 -33.815950 -32.710854 -31.029640 -31.890458 
-22.641313 -21.707021 -4.265912 6.642627 -0.255907 -2.712377 14.892978 17.183098 3.631226 7.260104 1.558518 -5.364145 1.239642 -5.218147 -6.155627 -10.467416 -10.510116 -13.865084 -15.999454 -11.264049 -10.750522 0.864399 7.878895 3.465158 1.228554 -1.054221 -5.687995 -8.557580 -10.527081 -12.066322 -18.375427 -30.716816 -27.225793 -34.560574 -44.305487 -43.067687 -39.428401 -37.224567 -34.531589 -35.361727 
-23.342584 -12.933355 2.882620 7.879562 -2.053854 7.089303 15.123155 7.826207 8.803491 9.064874 -0.908355 -0.081166 -7.122744 -4.775170 -10.580730 -10.783166 -11.814489 -14.238836 -13.336199 -11.392888 -9.471630 0.848693 8.505714 3.785988 3.426364 2.837491 -4.234386 -9.673766 -5.653972 -5.489696 -14.073046 -33.379523 -26.893066 -39.766273 -54.934601 -46.803552 -42.379743 -40.493896 -39.706044 -34.928323 
-21.309192 -9.468697 6.421724 6.233667 -2.052854 12.141953 8.841777 4.347529 11.191495 -1.601251 -7.172686 -7.921165 -9.429024 -10.693447 -13.032206 -14.469758 -14.828056 -15.154040 -14.599491 -12.806670 -9.313046 -2.634656 3.599739 5.471657 1.923449 2.295334 -2.206773 -3.586621 -2.462652 -3.531252 -11.196907 -30.581640 -30.592984 -34.232546 -36.762702 -37.102828 -36.859077 -36.480281 -33.415159 -30.118018 
-18.411317 -2.356455 7.097735 1.897757 4.850538 10.675985 6.584698 13.271048 6.973181 -0.144948 -11.459703 -9.251203 -14.862337 -14.111104 -15.083060 -16.019139 -19.000717 -19.813915 -18.379891 -12.593823 -14.486238 -7.550349 0.760008 2.015616 1.216650 2.664574 -3.192067 -4.992607 -3.182051 -5.274818 -10.706599 -28.833540 -38.559931 -37.970607 -50.333621 -50.032607 -42.274339 -41.913428 -33.193658 -29.796254 
-12.457406 0.482137 6.164961 -0.391619 7.066730 7.110225 11.181367 10.722185 -4.197597 -6.996852 -9.536963 -13.930859 -16.356001 -17.593077 -16.918446 -18.162925 -25.343481 -21.214658 -18.783181 -16.036308 -13.828560 -9.883431 1.528190 3.465070 3.584243 1.927925 -3.365880 -5.040567 -4.057355 -6.324843 -14.726300 -29.381011 -48.580456 -40.543231 -55.859282 -54.270373 -40.568834 -46.268206 -35.360190 -32.402075 
-11.425456 2.119936 4.079517 0.891339 3.752223 5.996879 10.543455 2.462312 -10.395218 -10.137050 -15.288644 -16.303228 -20.607687 -23.106962 -23.504075 -26.277351 -27.503083 -26.567131 -26.311588 -20.058443 -16.830868 -12.510010 -2.395118 2.455053 1.123964 -4.106488 -8.654530 -9.872122 -5.359396 -8.872347 -19.991360 -33.520279 -48.480488 -44.346451 -49.013654 -48.046071 -41.831934 -40.740761 -32.844492 -32.987400 
-12.156392 0.894246 -1.150584 0.304636 -0.277364 3.041716 2.223686 -4.387636 -14.087079 -15.823713 -20.915443 -21.689636 -26.699970 -28.200368 -28.207376 -28.133763 -29.535542 -29.337444 -29.859845 -25.755355 -24.687702 -20.212167 -9.673661 -0.247751 -1.001043 -8.503339 -13.649431 -14.179309 -9.339918 -11.737666 -21.783781 -37.754032 -42.021813 -42.808003 -44.348540 -45.007142 -44.928007 -40.822723 -34.709211 -34.844962 
-16.278242 -2.930647 -5.586628 -1.145420 -5.173042 -6.061825 -7.849769 -9.194555 -22.216641 -24.430627 -28.670697 -29.159230 -31.107122 -31.622338 -29.934070 -32.562068 -34.131843 -34.032097 -34.505046 -31.173190 -28.620932 -26.614772 -18.750223 -8.044000 -6.994966 -15.916785 -22.703917 -24.950686 -21.892916 -20.088494 -29.504170 -43.432376 -49.660753 -47.260342 -56.135919 -58.985435 -59.695898 -48.270888 -37.800647 -35.200024 
-12.533922 -4.581380 -5.492575 -2.496335 -10.436295 -12.809211 -7.856820 -12.005084 -22.798324 -25.184549 -26.918770 -31.431318 -33.537791 -34.478658 -33.728182 -36.418202 -37.249831 -38.181552 -39.221025 -40.387879 -34.275537 -30.933238 -25.497322 -18.764768 -20.153787 -23.900157 -31.353964 -33.425800 -32.687646 -31.902375 -38.040764 -44.111761 -49.711291 -47.601036 -58.231293 -60.274848 -60.937534 -52.331959 -42.212371 -39.201262 
-17.882973 -9.014448 -8.717520 -5.716239 -9.585824 -11.041612 -15.009232 -26.342824 -32.223978 -35.924511 -36.100773 -44.418036 -43.103182 -40.592016 -38.080388 -39.808082 -41.712370 -49.729484 -48.194294 -47.341572 -43.816517 -36.232465 -27.647492 -19.295322 -21.107634 -28.092116 -34.373215 -40.145612 -31.583573 -33.724550 -40.830815 -47.067852 -52.077932 -56.262833 -74.366942 -79.606670 -77.305934 -53.304852 -45.080943 -45.565992 
-16.787608 -15.614194 -21.763428 -19.345698 -23.980175 -30.579825 -25.325906 -29.941149 -42.194540 -45.518487 -42.284979 -45.095250 -46.357620 -56.315980 -55.066229 -49.269867 -46.648204 -53.563088 -58.073050 -49.473517 -47.680530 -42.559739 -41.140924 -31.931338 -33.941972 -36.798053 -41.707365 -44.576148 -40.687855 -39.262638 -47.596926 -48.527344 -53.133920 -57.485933 -71.756200 -75.234798 -75.558622 -55.763067 -46.285675 -48.403773 
-24.928219 -29.347418 -32.779314 -28.331001 -28.093904 -31.591811 -37.698100 -40.953050 -43.974853 -47.931186 -48.251789 -53.514055 -53.780207 -58.216269 -55.499121 -60.225320 -59.011338 -63.292429 -63.566650 -53.469886 -57.057711 -48.977238 -46.859659 -40.667381 -44.189065 -49.342184 -52.932682 -54.699342 -50.771411 -54.904771 -58.845054 -60.599869 -61.646760 -64.101618 -75.224738 -75.891311 -76.153863 -68.639613 -58.823851 -59.095709 
-25.525688 -33.756944 -42.650354 -37.808446 -42.487634 -40.665598 -47.155326 -42.114801 -50.031276 -55.881048 -61.784497 -59.923767 -59.263653 -60.849841 -58.000672 -61.608985 -64.463873 -63.013285 -65.533855 -60.128003 -57.887400 -49.207743 -45.770218 -45.284633 -47.177129 -57.805399 -57.387659 -55.495735 -55.521582 -62.376119 -70.280179 -68.723187 -67.785375 -70.287847 -71.995719 -70.379237 -73.260709 -69.533937 -64.093695 -64.353997 
-20.416150 -37.635824 -42.058485 -39.286627 -42.895521 -46.936662 -51.156057 -42.017400 -47.261363 -56.284016 -62.213332 -60.950305 -60.625230 -65.408131 -62.659440 -64.570217 -65.827264 -66.752751 -69.049272 -65.502771 -63.989360 -56.963832 -50.300752 -45.821805 -53.408451 -63.802893 -64.731201 -64.634846 -64.431332 -68.569048 -72.500677 -68.736410 -69.891525 -73.574013 -68.452323 -68.152756 -69.748758 -73.487630 -72.821325 -68.803750 
-21.261531 -37.725122 -46.351225 -55.132702 -50.394998 -51.975180 -47.275512 -49.322305 -53.712517 -50.957956 -52.344360 -59.707097 -63.028334 -59.166060 -59.125387 -57.745924 -60.796407 -57.114942 -62.685252 -60.492031 -58.786868 -53.939248 -46.353098 -51.918551 -55.215776 -62.969995 -67.142491 -64.926755 -64.098477 -66.231766 -66.012260 -65.345539 -67.000934 -64.696705 -64.903539 -66.641453 -69.097857 -69.050899 -64.385667 -63.618053 
-23.613589 -31.514009 -35.087092 -33.295688 -30.685504 -29.554003 -28.100714 -31.060926 -32.816670 -33.987305 -34.107187 -36.312392 -38.669317 -35.297762 -35.893335 -35.167519 -31.836295 -32.538812 -28.878444 -26.644186 -22.597721 -21.110033 -23.377345 -24.799542 -28.414575 -30.762067 -31.637061 -30.331780 -31.465105 -33.740918 -32.945855 -31.871233 -33.528171 -39.460508 -45.070627 -49.953200 -50.603453 -48.317771 -42.589653 -44.335200 
-23.063776 -37.066600 -30.879783 -36.021395 -25.603853 -25.537509 -21.327937 -20.367709 -23.382694 -24.519228 -23.696577 -25.717089 -24.046569 -25.817384 -26.117875 -26.010661 -25.696129 -31.660351 -26.800060 -24.900534 -19.518632 -18.412409 -22.495486 -23.498956 -26.423497 -28.622460 -29.019183 -29.407073 -29.658993 -32.236475 -31.349830 -29.171593 -31.896143 -36.804517 -41.411126 -48.850347 -47.763299 -46.890432 -41.248942 -42.772374 
-26.216012 -50.186888 -43.730405 -41.581378 -36.520661 -29.787947 -28.520958 -24.997202 -31.460846 -29.473844 -32.958342 -32.365510 -31.542840 -32.981278 -34.346570 -33.078904 -33.584839 -41.667395 -38.036755 -33.150747 -30.481803 -32.441639 -33.164509 -37.068980 -34.394361 -37.125619 -35.740192 -37.931045 -38.790997 -40.176246 -34.142432 -30.263249 -30.553511 -41.950527 -48.121335 -50.746010 -51.106661 -50.310499 -47.607606 -44.641406 
-23.019302 -34.501426 -34.364002 -41.372875 -43.695288 -47.065916 -38.040326 -29.290024 -37.359333 -49.348944 -42.473288 -42.490310 -48.540599 -49.645942 -48.647377 -46.840582 -43.314596 -48.019245 -50.844979 -45.666377 -40.488318 -35.157038 -39.246980 -37.998638 -45.499566 -37.837083 -36.648916 -35.304842 -35.578173 -41.281048 -31.902896 -30.206429 -34.988833 -44.338057 -44.844094 -52.314689 -49.739400 -50.799156 -48.402883 -48.870439 
-21.652882 -29.298221 -28.803755 -33.380564 -41.234492 -38.844903 -37.110425 -39.472529 -46.315898 -56.313870 -49.664548 -41.599857 -44.745521 -47.955832 -46.950171 -43.264531 -45.582502 -47.264665 -48.339739 -45.611713 -42.134485 -38.697834 -41.006253 -39.732507 -42.541999 -41.622918 -41.542685 -37.135052 -40.839738 -41.756580 -37.709483 -35.687535 -38.333464 -47.905491 -47.827667 -53.178311 -49.846808 -51.558350 -50.973538 -49.805911 
-28.900506 -30.289257 -37.828617 -41.010921 -41.217832 -38.635596 -40.110565 -35.015670 -45.889064 -60.196410 -60.717198 -53.829977 -50.117510 -52.423086 -51.423103 -49.755411 -52.651980 -50.003808 -45.393135 -43.453736 -38.939872 -38.935197 -39.995781 -40.391063 -40.835199 -45.468285 -47.477217 -44.672685 -45.131271 -45.117546 -40.662252 -39.023360 -40.119541 -50.166060 -47.174573 -52.560590 -50.314410 -53.405371 -55.795736 -52.102562 
-22.044498 -37.809157 -35.523446 -41.982647 -43.169635 -45.143843 -39.943859 -33.301383 -41.262851 -52.117205 -58.629811 -53.161771 -49.008040 -49.291000 -47.711534 -46.334171 -52.561062 -55.429428 -49.580317 -48.412730 -36.595866 -34.811162 -42.734201 -41.319550 -41.751731 -44.043493 -42.573970 -44.068498 -43.981201 -46.620482 -46.710265 -44.009320 -47.569809 -55.029217 -55.478499 -56.358824 -53.316707 -57.935661 -57.745165 -57.129020 
-21.826683 -40.879115 -41.022125 -42.500328 -45.625899 -45.035612 -40.629312 -36.441062 -47.292511 -54.888280 -55.144147 -45.808550 -49.323956 -54.402658 -54.095249 -59.099206 -56.658476 -54.748942 -57.248482 -53.649139 -39.381594 -34.663603 -49.595299 -47.589676 -49.803893 -46.255669 -48.561277 -44.480677 -45.021875 -51.477249 -46.878558 -45.971204 -50.335351 -56.967222 -56.137348 -62.885580 -59.843032 -62.330981 -62.821101 -64.064313 
-23.268417 -38.964544 -45.009683 -43.390295 -48.128129 -45.608279 -54.859158 -45.621144 -46.961968 -50.577088 -49.658042 -48.989779 -58.508193 -49.628604 -47.947862 -56.864704 -57.651051 -62.974468 -57.052847 -53.702196 -44.778295 -38.175114 -48.078092 -52.994838 -52.338258 -51.393068 -50.290871 -49.226044 -48.258063 -53.021375 -51.162121 -53.836244 -53.226977 -61.306897 -65.663392 -66.583235 -67.274462 -68.352551 -67.557912 -66.986293 
-23.282204 -32.632492 -40.698267 -43.953939 -44.383637 -47.139411 -45.072664 -43.957042 -50.327082 -52.912826 -50.669713 -48.338500 -55.188270 -52.619089 -55.917671 -63.353048 -57.263766 -59.546222 -59.525229 -54.203739 -48.440001 -47.025863 -49.821047 -56.200060 -51.939154 -54.806440 -54.464263 -52.765618 -49.856690 -57.580727 -60.953876 -55.534520 -59.172797 -66.362881 -67.698145 -69.995627 -70.097544 -72.559720 -71.544950 -72.363832 
-26.018579 -38.036425 -44.450250 -42.549815 -44.894090 -53.378745 -52.348002 -57.839693 -56.726392 -57.404998 -53.170951 -54.719415 -59.829287 -57.832534 -65.140603 -69.712231 -62.024408 -58.294858 -60.767490 -58.493930 -52.962275 -53.445092 -53.862624 -57.678480 -59.447403 -68.905791 -60.537067 -56.190202 -57.698311 -63.179524 -66.591400 -64.977117 -64.067015 -68.043132 -73.115504 -73.104493 -71.912888 -73.963959 -74.863255 -73.079975 
-33.903489 -44.642320 -54.158732 -59.038981 -58.827819 -65.910022 -60.169051 -55.840880 -58.067859 -65.352919 -65.364925 -62.005570 -64.564540 -64.255155 -69.520311 -70.575446 -69.792877 -69.025076 -68.185033 -70.634388 -64.901676 -64.833896 -66.963554 -68.000824 -68.235166 -71.343846 -71.124504 -68.016374 -69.157499 -71.938082 -71.452911 -74.770434 -70.578640 -73.282240 -73.742379 -71.657348 -74.485702 -75.165472 -72.781967 -76.455797 
-64.829262 -65.013994 -69.600896 -67.925247 -76.912138 -75.488632 -69.020254 -69.911856 -70.481242 -78.716460 -82.553375 -78.254911 -74.687108 -75.151475 -72.066296 -71.872893 -74.827705 -78.603108 -77.305047 -75.121735 -73.277474 -74.257205 -73.853356 -75.931807 -74.884050 -72.055114 -73.831726 -76.209821 -77.230138 -73.265812 -75.224992 -75.228532 -73.901957 -73.185101 -74.941121 -76.025480 -75.917631 -76.891706 -76.126407 -79.422226 
-67.938439 -68.849647 -74.782037 -74.610134 -79.958405 -69.748309 -68.592708 -77.972097 -82.764698 -79.611425 -86.089877 -79.436913 -74.255408 -76.251447 -76.736307 -74.812707 -77.286271 -74.436898 -73.377412 -73.602899 -71.739468 -73.074639 -77.967849 -76.267456 -79.552046 -79.216597 -75.831379 -72.883547 -77.126366 -74.243164 -75.949632 -72.678582 -74.106961 -76.403885 -76.488541 -78.084895 -75.904385 -77.916722 -77.073642 -77.323831 
-63.067901 -71.283479 -74.082293 -74.170539 -81.543798 -73.532875 -75.334193 -83.665595 -76.795676 -74.645521 -78.724889 -81.127731 -73.565509 -75.123058 -80.206410 -80.791661 -74.986831 -72.918124 -78.574062 -77.186934 -75.062998 -75.722590 -76.303141 -73.194915 -81.752791 -77.812940 -73.216763 -74.001243 -74.442238 -76.292384 -76.747715 -74.831752 -77.424756 -77.750115 -80.299355 -78.894731 -78.370427 -76.722855 -79.799165 -78.826998 
-64.188230 -77.756455 -79.339426 -84.170913 -81.613685 -70.631981 -71.920552 -81.329119 -77.684931 -78.768199 -77.876242 -72.705975 -72.279303 -73.698621 -73.836133 -78.304890 -73.930338 -73.943952 -75.054319 -73.478239 -75.067813 -78.490366 -77.046450 -75.299872 -78.356455 -76.676510 -79.051838 -76.696554 -76.597781 -80.289589 -78.825169 -80.954690 -80.163551 -77.592602 -76.955051 -77.859038 -75.168964 -77.922906 -77.383219 -77.447526 
-63.266104 -70.479735 -74.438932 -80.098333 -74.102588 -72.350712 -73.284616 -73.551060 -75.366172 -75.113027 -71.936235 -74.468971 -69.988256 -71.709924 -75.682210 -78.544121 -70.806215 -77.260088 -76.236515 -78.428919 -75.007725 -78.095841 -77.132253 -77.273597 -75.492494 -75.614051 -76.086643 -79.369823 -77.564357 -77.619299 -77.520496 -80.005028 -79.583023 -79.404883 -77.180837 -76.110197 -75.787148 -76.400915 -77.211092 -80.853871 
-64.852426 -75.427506 -76.356257 -78.815288 -70.809197 -69.004598 -73.442479 -81.115904 -77.509954 -75.755232 -74.303114 -75.615606 -76.327039 -79.991303 -80.643748 -77.803311 -78.056871 -79.778223 -80.636743 -76.823880 -70.762794 -73.148608 -76.630842 -75.598200 -75.679357 -78.666567 -79.137425 -80.693420 -75.599252 -75.033666 -75.906198 -77.025148 -78.410198 -76.892824 -77.004696 -77.993899 -74.729865 -75.505742 -74.628315 -78.336868 
-64.619798 -73.379239 -79.857302 -76.012915 -71.363262 -69.747334 -71.082071 -75.435917 -76.974672 -78.294866 -72.109509 -72.609216 -76.785169 -79.294798 -83.006096 -76.995843 -73.354294 -77.143503 -77.917487 -73.883511 -74.157708 -75.737222 -73.076814 -75.413636 -80.602304 -79.188747 -78.797847 -76.427768 -76.960554 -79.535685 -77.175109 -76.195250 -76.148146 -77.646854 -76.171948 -76.997818 -75.755657 -75.270912 -74.485351 -74.520278 
-62.426834 -79.179936 -78.459677 -76.063753 -71.064692 -70.023252 -75.873597 -82.261163 -79.101789 -82.576014 -79.248322 -74.992928 -75.572078 -76.581101 -73.154286 -72.870216 -74.078321 -72.039385 -78.162209 -74.500247 -73.568490 -76.256629 -74.050079 -75.186543 -77.873274 -79.209879 -80.137960 -81.477291 -78.727662 -79.424816 -74.865942 -76.639204 -77.146928 -76.561925 -75.425464 -74.784946 -75.072638 -77.092312 -74.505689 -77.424954 
-64.782190 -73.914402 -72.012613 -73.620958 -78.731371 -74.975882 -73.371601 -79.962564 -84.439905 -83.383455 -78.591070 -77.124621 -79.209374 -76.529772 -76.821500 -78.782440 -82.879072 -78.343594 -81.885744 -82.480448 -79.219886 -77.680148 -74.966660 -76.496395 -77.057606 -82.716506 -78.688068 -81.931439 -84.848107 -77.276978 -75.523676 -74.308746 -76.877907 -75.305721 -78.462564 -79.084693 -79.660791 -78.230803 -78.665224 -79.893932 
-82.511575 -83.687549 -85.792708 -89.729179 -94.957570 -94.996153 -92.469901 -92.359676 -94.340313 -93.823025 -91.332057 -90.820948 -91.446829 -90.271287 -89.488371 -91.556600 -93.832974 -94.010146 -99.768550 -99.033998 -93.172059 -92.500430 -91.354851 -96.784593 -92.512212 -94.236593 -92.262078 -97.596302 -104.949597 -92.780544 -93.972259 -87.935853 -88.491250 -87.394508 -90.432992 -90.820781 -92.477707 -90.419561 -91.794065 -93.047341 
NaN NaN NaN NaN NaN NaN NaN NaN NaN NaN NaN NaN NaN NaN NaN NaN NaN NaN NaN NaN NaN NaN NaN NaN NaN NaN NaN NaN NaN NaN NaN NaN NaN NaN NaN NaN NaN NaN NaN NaN 
NaN NaN NaN NaN NaN NaN NaN NaN NaN NaN NaN NaN NaN NaN NaN NaN NaN NaN NaN NaN NaN NaN NaN NaN NaN NaN NaN NaN NaN NaN NaN NaN NaN NaN NaN NaN NaN NaN NaN NaN 
NaN NaN NaN NaN NaN NaN NaN NaN NaN NaN NaN NaN NaN NaN NaN NaN NaN NaN NaN NaN NaN NaN NaN NaN NaN NaN NaN NaN NaN NaN NaN NaN NaN NaN NaN NaN NaN NaN NaN NaN 
NaN NaN NaN NaN NaN NaN NaN NaN NaN NaN NaN NaN NaN NaN NaN NaN NaN NaN NaN NaN NaN NaN NaN NaN NaN NaN NaN NaN NaN NaN NaN NaN NaN NaN NaN NaN NaN NaN NaN NaN 
NaN NaN NaN NaN NaN NaN NaN NaN NaN NaN NaN NaN NaN NaN NaN NaN NaN NaN NaN NaN NaN NaN NaN NaN NaN NaN NaN NaN NaN NaN NaN NaN NaN NaN NaN NaN NaN NaN NaN NaN 
NaN NaN NaN NaN NaN NaN NaN NaN NaN NaN NaN NaN NaN NaN NaN NaN NaN NaN NaN NaN NaN NaN NaN NaN NaN NaN NaN NaN NaN NaN NaN NaN NaN NaN NaN NaN NaN NaN NaN NaN 
NaN NaN NaN NaN NaN NaN NaN NaN NaN NaN NaN NaN NaN NaN NaN NaN NaN NaN NaN NaN NaN NaN NaN NaN NaN NaN NaN NaN NaN NaN NaN NaN NaN NaN NaN NaN NaN NaN NaN NaN 
NaN NaN NaN NaN NaN NaN NaN NaN NaN NaN NaN NaN NaN NaN NaN NaN NaN NaN NaN NaN NaN NaN NaN NaN NaN NaN NaN NaN NaN NaN NaN NaN NaN NaN NaN NaN NaN NaN NaN NaN 
NaN NaN NaN NaN NaN NaN NaN NaN NaN NaN NaN NaN NaN NaN NaN NaN NaN NaN NaN NaN NaN NaN NaN NaN NaN NaN NaN NaN NaN NaN NaN NaN NaN NaN NaN NaN NaN NaN NaN NaN 
NaN NaN NaN NaN NaN NaN NaN NaN NaN NaN NaN NaN NaN NaN NaN NaN NaN NaN NaN NaN NaN NaN NaN NaN NaN NaN NaN NaN NaN NaN NaN NaN NaN NaN NaN NaN NaN NaN NaN NaN 
NaN NaN NaN NaN NaN NaN NaN NaN NaN NaN NaN NaN NaN NaN NaN NaN NaN NaN NaN NaN NaN NaN NaN NaN NaN NaN NaN NaN NaN NaN NaN NaN NaN NaN NaN NaN NaN NaN NaN NaN 
NaN NaN NaN NaN NaN NaN NaN NaN NaN NaN NaN NaN NaN NaN NaN NaN NaN NaN NaN NaN NaN NaN NaN NaN NaN NaN NaN NaN NaN NaN NaN NaN NaN NaN NaN NaN NaN NaN NaN NaN 
NaN NaN NaN NaN NaN NaN NaN NaN NaN NaN NaN NaN NaN NaN NaN NaN NaN NaN NaN NaN NaN NaN NaN NaN NaN NaN NaN NaN NaN NaN NaN NaN NaN NaN NaN NaN NaN NaN NaN NaN 
NaN NaN NaN NaN NaN NaN NaN NaN NaN NaN NaN NaN NaN NaN NaN NaN NaN NaN NaN NaN NaN NaN NaN NaN NaN NaN NaN NaN NaN NaN NaN NaN NaN NaN NaN NaN NaN NaN NaN NaN 
NaN NaN NaN NaN NaN NaN NaN NaN NaN NaN NaN NaN NaN NaN NaN NaN NaN NaN NaN NaN NaN NaN NaN NaN NaN NaN NaN NaN NaN NaN NaN NaN NaN NaN NaN NaN NaN NaN NaN NaN 
NaN NaN NaN NaN NaN NaN NaN NaN NaN NaN NaN NaN NaN NaN NaN NaN NaN NaN NaN NaN NaN NaN NaN NaN NaN NaN NaN NaN NaN NaN NaN NaN NaN NaN NaN NaN NaN NaN NaN NaN 
NaN NaN NaN NaN NaN NaN NaN NaN NaN NaN NaN NaN NaN NaN NaN NaN NaN NaN NaN NaN NaN NaN NaN NaN NaN NaN NaN NaN NaN NaN NaN NaN NaN NaN NaN NaN NaN NaN NaN NaN 
NaN NaN NaN NaN NaN NaN NaN NaN NaN NaN NaN NaN NaN NaN NaN NaN NaN NaN NaN NaN NaN NaN NaN NaN NaN NaN NaN NaN NaN NaN NaN NaN NaN NaN NaN NaN NaN NaN NaN NaN 
NaN NaN NaN NaN NaN NaN NaN NaN NaN NaN NaN NaN NaN NaN NaN NaN NaN NaN NaN NaN NaN NaN NaN NaN NaN NaN NaN NaN NaN NaN NaN NaN NaN NaN NaN NaN NaN NaN NaN NaN 
NaN NaN NaN NaN NaN NaN NaN NaN NaN NaN NaN NaN NaN NaN NaN NaN NaN NaN NaN NaN NaN NaN NaN NaN NaN NaN NaN NaN NaN NaN NaN NaN NaN NaN NaN NaN NaN NaN NaN NaN 
NaN NaN NaN NaN NaN NaN NaN NaN NaN NaN NaN NaN NaN NaN NaN NaN NaN NaN NaN NaN NaN NaN NaN NaN NaN NaN NaN NaN NaN NaN NaN NaN NaN NaN NaN NaN NaN NaN NaN NaN 
NaN NaN NaN NaN NaN NaN NaN NaN NaN NaN NaN NaN NaN NaN NaN NaN NaN NaN NaN NaN NaN NaN NaN NaN NaN NaN NaN NaN NaN NaN NaN NaN NaN NaN NaN NaN NaN NaN NaN NaN 
NaN NaN NaN NaN NaN NaN NaN NaN NaN NaN NaN NaN NaN NaN NaN NaN NaN NaN NaN NaN NaN NaN NaN NaN NaN NaN NaN NaN NaN NaN NaN NaN NaN NaN NaN NaN NaN NaN NaN NaN 
NaN NaN NaN NaN NaN NaN NaN NaN NaN NaN NaN NaN NaN NaN NaN NaN NaN NaN NaN NaN NaN NaN NaN NaN NaN NaN NaN NaN NaN NaN NaN NaN NaN NaN NaN NaN NaN NaN NaN NaN 
NaN NaN NaN NaN NaN NaN NaN NaN NaN NaN NaN NaN NaN NaN NaN NaN NaN NaN NaN NaN NaN NaN NaN NaN NaN NaN NaN NaN NaN NaN NaN NaN NaN NaN NaN NaN NaN NaN NaN NaN 
NaN NaN NaN NaN NaN NaN NaN NaN NaN NaN NaN NaN NaN NaN NaN NaN NaN NaN NaN NaN NaN NaN NaN NaN NaN NaN NaN NaN NaN NaN NaN NaN NaN NaN NaN NaN NaN NaN NaN NaN 
NaN NaN NaN NaN NaN NaN NaN NaN NaN NaN NaN NaN NaN NaN NaN NaN NaN NaN NaN NaN NaN NaN NaN NaN NaN NaN NaN NaN NaN NaN NaN NaN NaN NaN NaN NaN NaN NaN NaN NaN 
NaN NaN NaN NaN NaN NaN NaN NaN NaN NaN NaN NaN NaN NaN NaN NaN NaN NaN NaN NaN NaN NaN NaN NaN NaN NaN NaN NaN NaN NaN NaN NaN NaN NaN NaN NaN NaN NaN NaN NaN 
NaN NaN NaN NaN NaN NaN NaN NaN NaN NaN NaN NaN NaN NaN NaN NaN NaN NaN NaN NaN NaN NaN NaN NaN NaN NaN NaN NaN NaN NaN NaN NaN NaN NaN NaN NaN NaN NaN NaN NaN 
NaN NaN NaN NaN NaN NaN NaN NaN NaN NaN NaN NaN NaN NaN NaN NaN NaN NaN NaN NaN NaN NaN NaN NaN NaN NaN NaN NaN NaN NaN NaN NaN NaN NaN NaN NaN NaN NaN NaN NaN 
NaN NaN NaN NaN NaN NaN NaN NaN NaN NaN NaN NaN NaN NaN NaN NaN NaN NaN NaN NaN NaN NaN NaN NaN NaN NaN NaN NaN NaN NaN NaN NaN NaN NaN NaN NaN NaN NaN NaN NaN 
NaN NaN NaN NaN NaN NaN NaN NaN NaN NaN NaN NaN NaN NaN NaN NaN NaN NaN NaN NaN NaN NaN NaN NaN NaN NaN NaN NaN NaN NaN NaN NaN NaN NaN NaN NaN NaN NaN NaN NaN 
NaN NaN NaN NaN NaN NaN NaN NaN NaN NaN NaN NaN NaN NaN NaN NaN NaN NaN NaN NaN NaN NaN NaN NaN NaN NaN NaN NaN NaN NaN NaN NaN NaN NaN NaN NaN NaN NaN NaN NaN 
NaN NaN NaN NaN NaN NaN NaN NaN NaN NaN NaN NaN NaN NaN NaN NaN NaN NaN NaN NaN NaN NaN NaN NaN NaN NaN NaN NaN NaN NaN NaN NaN NaN NaN NaN NaN NaN NaN NaN NaN 
NaN NaN NaN NaN NaN NaN NaN NaN NaN NaN NaN NaN NaN NaN NaN NaN NaN NaN NaN NaN NaN NaN NaN NaN NaN NaN NaN NaN NaN NaN NaN NaN NaN NaN NaN NaN NaN NaN NaN NaN 
NaN NaN NaN NaN NaN NaN NaN NaN NaN NaN NaN NaN NaN NaN NaN NaN NaN NaN NaN NaN NaN NaN NaN NaN NaN NaN NaN NaN NaN NaN NaN NaN NaN NaN NaN NaN NaN NaN NaN NaN 
NaN NaN NaN NaN NaN NaN NaN NaN NaN NaN NaN NaN NaN NaN NaN NaN NaN NaN NaN NaN NaN NaN NaN NaN NaN NaN NaN NaN NaN NaN NaN NaN NaN NaN NaN NaN NaN NaN NaN NaN 
NaN NaN NaN NaN NaN NaN NaN NaN NaN NaN NaN NaN NaN NaN NaN NaN NaN NaN NaN NaN NaN NaN NaN NaN NaN NaN NaN NaN NaN NaN NaN NaN NaN NaN NaN NaN NaN NaN NaN NaN 
NaN NaN NaN NaN NaN NaN NaN NaN NaN NaN NaN NaN NaN NaN NaN NaN NaN NaN NaN NaN NaN NaN NaN NaN NaN NaN NaN NaN NaN NaN NaN NaN NaN NaN NaN NaN NaN NaN NaN NaN 
NaN NaN NaN NaN NaN NaN NaN NaN NaN NaN NaN NaN NaN NaN NaN NaN NaN NaN NaN NaN NaN NaN NaN NaN NaN NaN NaN NaN NaN NaN NaN NaN NaN NaN NaN NaN NaN NaN NaN NaN 
NaN NaN NaN NaN NaN NaN NaN NaN NaN NaN NaN NaN NaN NaN NaN NaN NaN NaN NaN NaN NaN NaN NaN NaN NaN NaN NaN NaN NaN NaN NaN NaN NaN NaN NaN NaN NaN NaN NaN NaN 
NaN NaN NaN NaN NaN NaN NaN NaN NaN NaN NaN NaN NaN NaN NaN NaN NaN NaN NaN NaN NaN NaN NaN NaN NaN NaN NaN NaN NaN NaN NaN NaN NaN NaN NaN NaN NaN NaN NaN NaN 
NaN NaN NaN NaN NaN NaN NaN NaN NaN NaN NaN NaN NaN NaN NaN NaN NaN NaN NaN NaN NaN NaN NaN NaN NaN NaN NaN NaN NaN NaN NaN NaN NaN NaN NaN NaN NaN NaN NaN NaN 
NaN NaN NaN NaN NaN NaN NaN NaN NaN NaN NaN NaN NaN NaN NaN NaN NaN NaN NaN NaN NaN NaN NaN NaN NaN NaN NaN NaN NaN NaN NaN NaN NaN NaN NaN NaN NaN NaN NaN NaN 
NaN NaN NaN NaN NaN NaN NaN NaN NaN NaN NaN NaN NaN NaN NaN NaN NaN NaN NaN NaN NaN NaN NaN NaN NaN NaN NaN NaN NaN NaN NaN NaN NaN NaN NaN NaN NaN NaN NaN NaN 
NaN NaN NaN NaN NaN NaN NaN NaN NaN NaN NaN NaN NaN NaN NaN NaN NaN NaN NaN NaN NaN NaN NaN NaN NaN NaN NaN NaN NaN NaN NaN NaN NaN NaN NaN NaN NaN NaN NaN NaN 
NaN NaN NaN NaN NaN NaN NaN NaN NaN NaN NaN NaN NaN NaN NaN NaN NaN NaN NaN NaN NaN NaN NaN NaN NaN NaN NaN NaN NaN NaN NaN NaN NaN NaN NaN NaN NaN NaN NaN NaN 
NaN NaN NaN NaN NaN NaN NaN NaN NaN NaN NaN NaN NaN NaN NaN NaN NaN NaN NaN NaN NaN NaN NaN NaN NaN NaN NaN NaN NaN NaN NaN NaN NaN NaN NaN NaN NaN NaN NaN NaN 
NaN NaN NaN NaN NaN NaN NaN NaN NaN NaN NaN NaN NaN NaN NaN NaN NaN NaN NaN NaN NaN NaN NaN NaN NaN NaN NaN NaN NaN NaN NaN NaN NaN NaN NaN NaN NaN NaN NaN NaN 
NaN NaN NaN NaN NaN NaN NaN NaN NaN NaN NaN NaN NaN NaN NaN NaN NaN NaN NaN NaN NaN NaN NaN NaN NaN NaN NaN NaN NaN NaN NaN NaN NaN NaN NaN NaN NaN NaN NaN NaN 
NaN NaN NaN NaN NaN NaN NaN NaN NaN NaN NaN NaN NaN NaN NaN NaN NaN NaN NaN NaN NaN NaN NaN NaN NaN NaN NaN NaN NaN NaN NaN NaN NaN NaN NaN NaN NaN NaN NaN NaN 
NaN NaN NaN NaN NaN NaN NaN NaN NaN NaN NaN NaN NaN NaN NaN NaN NaN NaN NaN NaN NaN NaN NaN NaN NaN NaN NaN NaN NaN NaN NaN NaN NaN NaN NaN NaN NaN NaN NaN NaN 
NaN NaN NaN NaN NaN NaN NaN NaN NaN NaN NaN NaN NaN NaN NaN NaN NaN NaN NaN NaN NaN NaN NaN NaN NaN NaN NaN NaN NaN NaN NaN NaN NaN NaN NaN NaN NaN NaN NaN NaN 
NaN NaN NaN NaN NaN NaN NaN NaN NaN NaN NaN NaN NaN NaN NaN NaN NaN NaN NaN NaN NaN NaN NaN NaN NaN NaN NaN NaN NaN NaN NaN NaN NaN NaN NaN NaN NaN NaN NaN NaN 
NaN NaN NaN NaN NaN NaN NaN NaN NaN NaN NaN NaN NaN NaN NaN NaN NaN NaN NaN NaN NaN NaN NaN NaN NaN NaN NaN NaN NaN NaN NaN NaN NaN NaN NaN NaN NaN NaN NaN NaN 
NaN NaN NaN NaN NaN NaN NaN NaN NaN NaN NaN NaN NaN NaN NaN NaN NaN NaN NaN NaN NaN NaN NaN NaN NaN NaN NaN NaN NaN NaN NaN NaN NaN NaN NaN NaN NaN NaN NaN NaN 
NaN NaN NaN NaN NaN NaN NaN NaN NaN NaN NaN NaN NaN NaN NaN NaN NaN NaN NaN NaN NaN NaN NaN NaN NaN NaN NaN NaN NaN NaN NaN NaN NaN NaN NaN NaN NaN NaN NaN NaN 
NaN NaN NaN NaN NaN NaN NaN NaN NaN NaN NaN NaN NaN NaN NaN NaN NaN NaN NaN NaN NaN NaN NaN NaN NaN NaN NaN NaN NaN NaN NaN NaN NaN NaN NaN NaN NaN NaN NaN NaN 
NaN NaN NaN NaN NaN NaN NaN NaN NaN NaN NaN NaN NaN NaN NaN NaN NaN NaN NaN NaN NaN NaN NaN NaN NaN NaN NaN NaN NaN NaN NaN NaN NaN NaN NaN NaN NaN NaN NaN NaN 
NaN NaN NaN NaN NaN NaN NaN NaN NaN NaN NaN NaN NaN NaN NaN NaN NaN NaN NaN NaN NaN NaN NaN NaN NaN NaN NaN NaN NaN NaN NaN NaN NaN NaN NaN NaN NaN NaN NaN NaN 
NaN NaN NaN NaN NaN NaN NaN NaN NaN NaN NaN NaN NaN NaN NaN NaN NaN NaN NaN NaN NaN NaN NaN NaN NaN NaN NaN NaN NaN NaN NaN NaN NaN NaN NaN NaN NaN NaN NaN NaN 
NaN NaN NaN NaN NaN NaN NaN NaN NaN NaN NaN NaN NaN NaN NaN NaN NaN NaN NaN NaN NaN NaN NaN NaN NaN NaN NaN NaN NaN NaN NaN NaN NaN NaN NaN NaN NaN NaN NaN NaN 
NaN NaN NaN NaN NaN NaN NaN NaN NaN NaN NaN NaN NaN NaN NaN NaN NaN NaN NaN NaN NaN NaN NaN NaN NaN NaN NaN NaN NaN NaN NaN NaN NaN NaN NaN NaN NaN NaN NaN NaN 
NaN NaN NaN NaN NaN NaN NaN NaN NaN NaN NaN NaN NaN NaN NaN NaN NaN NaN NaN NaN NaN NaN NaN NaN NaN NaN NaN NaN NaN NaN NaN NaN NaN NaN NaN NaN NaN NaN NaN NaN 
NaN NaN NaN NaN NaN NaN NaN NaN NaN NaN NaN NaN NaN NaN NaN NaN NaN NaN NaN NaN NaN NaN NaN NaN NaN NaN NaN NaN NaN NaN NaN NaN NaN NaN NaN NaN NaN NaN NaN NaN 
NaN NaN NaN NaN NaN NaN NaN NaN NaN NaN NaN NaN NaN NaN NaN NaN NaN NaN NaN NaN NaN NaN NaN NaN NaN NaN NaN NaN NaN NaN NaN NaN NaN NaN NaN NaN NaN NaN NaN NaN 
NaN NaN NaN NaN NaN NaN NaN NaN NaN NaN NaN NaN NaN NaN NaN NaN NaN NaN NaN NaN NaN NaN NaN NaN NaN NaN NaN NaN NaN NaN NaN NaN NaN NaN NaN NaN NaN NaN NaN NaN 
NaN NaN NaN NaN NaN NaN NaN NaN NaN NaN NaN NaN NaN NaN NaN NaN NaN NaN NaN NaN NaN NaN NaN NaN NaN NaN NaN NaN NaN NaN NaN NaN NaN NaN NaN NaN NaN NaN NaN NaN 
NaN NaN NaN NaN NaN NaN NaN NaN NaN NaN NaN NaN NaN NaN NaN NaN NaN NaN NaN NaN NaN NaN NaN NaN NaN NaN NaN NaN NaN NaN NaN NaN NaN NaN NaN NaN NaN NaN NaN NaN 
NaN NaN NaN NaN NaN NaN NaN NaN NaN NaN NaN NaN NaN NaN NaN NaN NaN NaN NaN NaN NaN NaN NaN NaN NaN NaN NaN NaN NaN NaN NaN NaN NaN NaN NaN NaN NaN NaN NaN NaN 
NaN NaN NaN NaN NaN NaN NaN NaN NaN NaN NaN NaN NaN NaN NaN NaN NaN NaN NaN NaN NaN NaN NaN NaN NaN NaN NaN NaN NaN NaN NaN NaN NaN NaN NaN NaN NaN NaN NaN NaN 
NaN NaN NaN NaN NaN NaN NaN NaN NaN NaN NaN NaN NaN NaN NaN NaN NaN NaN NaN NaN NaN NaN NaN NaN NaN NaN NaN NaN NaN NaN NaN NaN NaN NaN NaN NaN NaN NaN NaN NaN 
NaN NaN NaN NaN NaN NaN NaN NaN NaN NaN NaN NaN NaN NaN NaN NaN NaN NaN NaN NaN NaN NaN NaN NaN NaN NaN NaN NaN NaN NaN NaN NaN NaN NaN NaN NaN NaN NaN NaN NaN 
NaN NaN NaN NaN NaN NaN NaN NaN NaN NaN NaN NaN NaN NaN NaN NaN NaN NaN NaN NaN NaN NaN NaN NaN NaN NaN NaN NaN NaN NaN NaN NaN NaN NaN NaN NaN NaN NaN NaN NaN 
NaN NaN NaN NaN NaN NaN NaN NaN NaN NaN NaN NaN NaN NaN NaN NaN NaN NaN NaN NaN NaN NaN NaN NaN NaN NaN NaN NaN NaN NaN NaN NaN NaN NaN NaN NaN NaN NaN NaN NaN 
NaN NaN NaN NaN NaN NaN NaN NaN NaN NaN NaN NaN NaN NaN NaN NaN NaN NaN NaN NaN NaN NaN NaN NaN NaN NaN NaN NaN NaN NaN NaN NaN NaN NaN NaN NaN NaN NaN NaN NaN 
NaN NaN NaN NaN NaN NaN NaN NaN NaN NaN NaN NaN NaN NaN NaN NaN NaN NaN NaN NaN NaN NaN NaN NaN NaN NaN NaN NaN NaN NaN NaN NaN NaN NaN NaN NaN NaN NaN NaN NaN 
NaN NaN NaN NaN NaN NaN NaN NaN NaN NaN NaN NaN NaN NaN NaN NaN NaN NaN NaN NaN NaN NaN NaN NaN NaN NaN NaN NaN NaN NaN NaN NaN NaN NaN NaN NaN NaN NaN NaN NaN 
NaN NaN NaN NaN NaN NaN NaN NaN NaN NaN NaN NaN NaN NaN NaN NaN NaN NaN NaN NaN NaN NaN NaN NaN NaN NaN NaN NaN NaN NaN NaN NaN NaN NaN NaN NaN NaN NaN NaN NaN 
NaN NaN NaN NaN NaN NaN NaN NaN NaN NaN NaN NaN NaN NaN NaN NaN NaN NaN NaN NaN NaN NaN NaN NaN NaN NaN NaN NaN NaN NaN NaN NaN NaN NaN NaN NaN NaN NaN NaN NaN 
NaN NaN NaN NaN NaN NaN NaN NaN NaN NaN NaN NaN NaN NaN NaN NaN NaN NaN NaN NaN NaN NaN NaN NaN NaN NaN NaN NaN NaN NaN NaN NaN NaN NaN NaN NaN NaN NaN NaN NaN 
NaN NaN NaN NaN NaN NaN NaN NaN NaN NaN NaN NaN NaN NaN NaN NaN NaN NaN NaN NaN NaN NaN NaN NaN NaN NaN NaN NaN NaN NaN NaN NaN NaN NaN NaN NaN NaN NaN NaN NaN 
NaN NaN NaN NaN NaN NaN NaN NaN NaN NaN NaN NaN NaN NaN NaN NaN NaN NaN NaN NaN NaN NaN NaN NaN NaN NaN NaN NaN NaN NaN NaN NaN NaN NaN NaN NaN NaN NaN NaN NaN 
NaN NaN NaN NaN NaN NaN NaN NaN NaN NaN NaN NaN NaN NaN NaN NaN NaN NaN NaN NaN NaN NaN NaN NaN NaN NaN NaN NaN NaN NaN NaN NaN NaN NaN NaN NaN NaN NaN NaN NaN 
NaN NaN NaN NaN NaN NaN NaN NaN NaN NaN NaN NaN NaN NaN NaN NaN NaN NaN NaN NaN NaN NaN NaN NaN NaN NaN NaN NaN NaN NaN NaN NaN NaN NaN NaN NaN NaN NaN NaN NaN 
