NaN NaN NaN NaN NaN NaN NaN NaN NaN NaN NaN NaN NaN NaN NaN NaN NaN NaN NaN NaN NaN NaN NaN NaN NaN NaN NaN NaN NaN NaN NaN NaN NaN NaN NaN NaN NaN NaN NaN NaN 
NaN NaN NaN NaN NaN NaN NaN NaN NaN NaN NaN NaN NaN NaN NaN NaN NaN NaN NaN NaN NaN NaN NaN NaN NaN NaN NaN NaN NaN NaN NaN NaN NaN NaN NaN NaN NaN NaN NaN NaN 
NaN NaN NaN NaN NaN NaN NaN NaN NaN NaN NaN NaN NaN NaN NaN NaN NaN NaN NaN NaN NaN NaN NaN NaN NaN NaN NaN NaN NaN NaN NaN NaN NaN NaN NaN NaN NaN NaN NaN NaN 
NaN NaN NaN NaN NaN NaN NaN NaN NaN NaN NaN NaN NaN NaN NaN NaN NaN NaN NaN NaN NaN NaN NaN NaN NaN NaN NaN NaN NaN NaN NaN NaN NaN NaN NaN NaN NaN NaN NaN NaN 
NaN NaN NaN NaN NaN NaN NaN NaN NaN NaN NaN NaN NaN NaN NaN NaN NaN NaN NaN NaN NaN NaN NaN NaN NaN NaN NaN NaN NaN NaN NaN NaN NaN NaN NaN NaN NaN NaN NaN NaN 
NaN NaN NaN NaN NaN NaN NaN NaN NaN NaN NaN NaN NaN NaN NaN NaN NaN NaN NaN NaN NaN NaN NaN NaN NaN NaN NaN NaN NaN NaN NaN NaN NaN NaN NaN NaN NaN NaN NaN NaN 
NaN NaN NaN NaN NaN NaN NaN NaN NaN NaN NaN NaN NaN NaN NaN NaN NaN NaN NaN NaN NaN NaN NaN NaN NaN NaN NaN NaN NaN NaN NaN NaN NaN NaN NaN NaN NaN NaN NaN NaN 
NaN NaN NaN NaN NaN NaN NaN NaN NaN NaN NaN NaN NaN NaN NaN NaN NaN NaN NaN NaN NaN NaN NaN NaN NaN NaN NaN NaN NaN NaN NaN NaN NaN NaN NaN NaN NaN NaN NaN NaN 
NaN NaN NaN NaN NaN NaN NaN NaN NaN NaN NaN NaN NaN NaN NaN NaN NaN NaN NaN NaN NaN NaN NaN NaN NaN NaN NaN NaN NaN NaN NaN NaN NaN NaN NaN NaN NaN NaN NaN NaN 
NaN NaN NaN NaN NaN NaN NaN NaN NaN NaN NaN NaN NaN NaN NaN NaN NaN NaN NaN NaN NaN NaN NaN NaN NaN NaN NaN NaN NaN NaN NaN NaN NaN NaN NaN NaN NaN NaN NaN NaN 
NaN NaN NaN NaN NaN NaN NaN NaN NaN NaN NaN NaN NaN NaN NaN NaN NaN NaN NaN NaN NaN NaN NaN NaN NaN NaN NaN NaN NaN NaN NaN NaN NaN NaN NaN NaN NaN NaN NaN NaN 
NaN NaN NaN NaN NaN NaN NaN NaN NaN NaN NaN NaN NaN NaN NaN NaN NaN NaN NaN NaN NaN NaN NaN NaN NaN NaN NaN NaN NaN NaN NaN NaN NaN NaN NaN NaN NaN NaN NaN NaN 
NaN NaN NaN NaN NaN NaN NaN NaN NaN NaN NaN NaN NaN NaN NaN NaN NaN NaN NaN NaN NaN NaN NaN NaN NaN NaN NaN NaN NaN NaN NaN NaN NaN NaN NaN NaN NaN NaN NaN NaN 
NaN NaN NaN NaN NaN NaN NaN NaN NaN NaN NaN NaN NaN NaN NaN NaN NaN NaN NaN NaN NaN NaN NaN NaN NaN NaN NaN NaN NaN NaN NaN NaN NaN NaN NaN NaN NaN NaN NaN NaN 
NaN NaN NaN NaN NaN NaN NaN NaN NaN NaN NaN NaN NaN NaN NaN NaN NaN NaN NaN NaN NaN NaN NaN NaN NaN NaN NaN NaN NaN NaN NaN NaN NaN NaN NaN NaN NaN NaN NaN NaN 
NaN NaN NaN NaN NaN NaN NaN NaN NaN NaN NaN NaN NaN NaN NaN NaN NaN NaN NaN NaN NaN NaN NaN NaN NaN NaN NaN NaN NaN NaN NaN NaN NaN NaN NaN NaN NaN NaN NaN NaN 
NaN NaN NaN NaN NaN NaN NaN NaN NaN NaN NaN NaN NaN NaN NaN NaN NaN NaN NaN NaN NaN NaN NaN NaN NaN NaN NaN NaN NaN NaN NaN NaN NaN NaN NaN NaN NaN NaN NaN NaN 
NaN NaN NaN NaN NaN NaN NaN NaN NaN NaN NaN NaN NaN NaN NaN NaN NaN NaN NaN NaN NaN NaN NaN NaN NaN NaN NaN NaN NaN NaN NaN NaN NaN NaN NaN NaN NaN NaN NaN NaN 
NaN NaN NaN NaN NaN NaN NaN NaN NaN NaN NaN NaN NaN NaN NaN NaN NaN NaN NaN NaN NaN NaN NaN NaN NaN NaN NaN NaN NaN NaN NaN NaN NaN NaN NaN NaN NaN NaN NaN NaN 
NaN NaN NaN NaN NaN NaN NaN NaN NaN NaN NaN NaN NaN NaN NaN NaN NaN NaN NaN NaN NaN NaN NaN NaN NaN NaN NaN NaN NaN NaN NaN NaN NaN NaN NaN NaN NaN NaN NaN NaN 
NaN NaN NaN NaN NaN NaN NaN NaN NaN NaN NaN NaN NaN NaN NaN NaN NaN NaN NaN NaN NaN NaN NaN NaN NaN NaN NaN NaN NaN NaN NaN NaN NaN NaN NaN NaN NaN NaN NaN NaN 
NaN NaN NaN NaN NaN NaN NaN NaN NaN NaN NaN NaN NaN NaN NaN NaN NaN NaN NaN NaN NaN NaN NaN NaN NaN NaN NaN NaN NaN NaN NaN NaN NaN NaN NaN NaN NaN NaN NaN NaN 
NaN NaN NaN NaN NaN NaN NaN NaN NaN NaN NaN NaN NaN NaN NaN NaN NaN NaN NaN NaN NaN NaN NaN NaN NaN NaN NaN NaN NaN NaN NaN NaN NaN NaN NaN NaN NaN NaN NaN NaN 
NaN NaN NaN NaN NaN NaN NaN NaN NaN NaN NaN NaN NaN NaN NaN NaN NaN NaN NaN NaN NaN NaN NaN NaN NaN NaN NaN NaN NaN NaN NaN NaN NaN NaN NaN NaN NaN NaN NaN NaN 
NaN NaN NaN NaN NaN NaN NaN NaN NaN NaN NaN NaN NaN NaN NaN NaN NaN NaN NaN NaN NaN NaN NaN NaN NaN NaN NaN NaN NaN NaN NaN NaN NaN NaN NaN NaN NaN NaN NaN NaN 
NaN NaN NaN NaN NaN NaN NaN NaN NaN NaN NaN NaN NaN NaN NaN NaN NaN NaN NaN NaN NaN NaN NaN NaN NaN NaN NaN NaN NaN NaN NaN NaN NaN NaN NaN NaN NaN NaN NaN NaN 
NaN NaN NaN NaN NaN NaN NaN NaN NaN NaN NaN NaN NaN NaN NaN NaN NaN NaN NaN NaN NaN NaN NaN NaN NaN NaN NaN NaN NaN NaN NaN NaN NaN NaN NaN NaN NaN NaN NaN NaN 
NaN NaN NaN NaN NaN NaN NaN NaN NaN NaN NaN NaN NaN NaN NaN NaN NaN NaN NaN NaN NaN NaN NaN NaN NaN NaN NaN NaN NaN NaN NaN NaN NaN NaN NaN NaN NaN NaN NaN NaN 
NaN NaN NaN NaN NaN NaN NaN NaN NaN NaN NaN NaN NaN NaN NaN NaN NaN NaN NaN NaN NaN NaN NaN NaN NaN NaN NaN NaN NaN NaN NaN NaN NaN NaN NaN NaN NaN NaN NaN NaN 
NaN NaN NaN NaN NaN NaN NaN NaN NaN NaN NaN NaN NaN NaN NaN NaN NaN NaN NaN NaN NaN NaN NaN NaN NaN NaN NaN NaN NaN NaN NaN NaN NaN NaN NaN NaN NaN NaN NaN NaN 
NaN NaN NaN NaN NaN NaN NaN NaN NaN NaN NaN NaN NaN NaN NaN NaN NaN NaN NaN NaN NaN NaN NaN NaN NaN NaN NaN NaN NaN NaN NaN NaN NaN NaN NaN NaN NaN NaN NaN NaN 
NaN NaN NaN NaN NaN NaN NaN NaN NaN NaN NaN NaN NaN NaN NaN NaN NaN NaN NaN NaN NaN NaN NaN NaN NaN NaN NaN NaN NaN NaN NaN NaN NaN NaN NaN NaN NaN NaN NaN NaN 
NaN NaN NaN NaN NaN NaN NaN NaN NaN NaN NaN NaN NaN NaN NaN NaN NaN NaN NaN NaN NaN NaN NaN NaN NaN NaN NaN NaN NaN NaN NaN NaN NaN NaN NaN NaN NaN NaN NaN NaN 
NaN NaN NaN NaN NaN NaN NaN NaN NaN NaN NaN NaN NaN NaN NaN NaN NaN NaN NaN NaN NaN NaN NaN NaN NaN NaN NaN NaN NaN NaN NaN NaN NaN NaN NaN NaN NaN NaN NaN NaN 
NaN NaN NaN NaN NaN NaN NaN NaN NaN NaN NaN NaN NaN NaN NaN NaN NaN NaN NaN NaN NaN NaN NaN NaN NaN NaN NaN NaN NaN NaN NaN NaN NaN NaN NaN NaN NaN NaN NaN NaN 
NaN NaN NaN NaN NaN NaN NaN NaN NaN NaN NaN NaN NaN NaN NaN NaN NaN NaN NaN NaN NaN NaN NaN NaN NaN NaN NaN NaN NaN NaN NaN NaN NaN NaN NaN NaN NaN NaN NaN NaN 
NaN NaN NaN NaN NaN NaN NaN NaN NaN NaN NaN NaN NaN NaN NaN NaN NaN NaN NaN NaN NaN NaN NaN NaN NaN NaN NaN NaN NaN NaN NaN NaN NaN NaN NaN NaN NaN NaN NaN NaN 
NaN NaN NaN NaN NaN NaN NaN NaN NaN NaN NaN NaN NaN NaN NaN NaN NaN NaN NaN NaN NaN NaN NaN NaN NaN NaN NaN NaN NaN NaN NaN NaN NaN NaN NaN NaN NaN NaN NaN NaN 
NaN NaN NaN NaN NaN NaN NaN NaN NaN NaN NaN NaN NaN NaN NaN NaN NaN NaN NaN NaN NaN NaN NaN NaN NaN NaN NaN NaN NaN NaN NaN NaN NaN NaN NaN NaN NaN NaN NaN NaN 
NaN NaN NaN NaN NaN NaN NaN NaN NaN NaN NaN NaN NaN NaN NaN NaN NaN NaN NaN NaN NaN NaN NaN NaN NaN NaN NaN NaN NaN NaN NaN NaN NaN NaN NaN NaN NaN NaN NaN NaN 
NaN NaN NaN NaN NaN NaN NaN NaN NaN NaN NaN NaN NaN NaN NaN NaN NaN NaN NaN NaN NaN NaN NaN NaN NaN NaN NaN NaN NaN NaN NaN NaN NaN NaN NaN NaN NaN NaN NaN NaN 
NaN NaN NaN NaN NaN NaN NaN NaN NaN NaN NaN NaN NaN NaN NaN NaN NaN NaN NaN NaN NaN NaN NaN NaN NaN NaN NaN NaN NaN NaN NaN NaN NaN NaN NaN NaN NaN NaN NaN NaN 
NaN NaN NaN NaN NaN NaN NaN NaN NaN NaN NaN NaN NaN NaN NaN NaN NaN NaN NaN NaN NaN NaN NaN NaN NaN NaN NaN NaN NaN NaN NaN NaN NaN NaN NaN NaN NaN NaN NaN NaN 
NaN NaN NaN NaN NaN NaN NaN NaN NaN NaN NaN NaN NaN NaN NaN NaN NaN NaN NaN NaN NaN NaN NaN NaN NaN NaN NaN NaN NaN NaN NaN NaN NaN NaN NaN NaN NaN NaN NaN NaN 
NaN NaN NaN NaN NaN NaN NaN NaN NaN NaN NaN NaN NaN NaN NaN NaN NaN NaN NaN NaN NaN NaN NaN NaN NaN NaN NaN NaN NaN NaN NaN NaN NaN NaN NaN NaN NaN NaN NaN NaN 
NaN NaN NaN NaN NaN NaN NaN NaN NaN NaN NaN NaN NaN NaN NaN NaN NaN NaN NaN NaN NaN NaN NaN NaN NaN NaN NaN NaN NaN NaN NaN NaN NaN NaN NaN NaN NaN NaN NaN NaN 
NaN NaN NaN NaN NaN NaN NaN NaN NaN NaN NaN NaN NaN NaN NaN NaN NaN NaN NaN NaN NaN NaN NaN NaN NaN NaN NaN NaN NaN NaN NaN NaN NaN NaN NaN NaN NaN NaN NaN NaN 
NaN NaN NaN NaN NaN NaN NaN NaN NaN NaN NaN NaN NaN NaN NaN NaN NaN NaN NaN NaN NaN NaN NaN NaN NaN NaN NaN NaN NaN NaN NaN NaN NaN NaN NaN NaN NaN NaN NaN NaN 
NaN NaN NaN NaN NaN NaN NaN NaN NaN NaN NaN NaN NaN NaN NaN NaN NaN NaN NaN NaN NaN NaN NaN NaN NaN NaN NaN NaN NaN NaN NaN NaN NaN NaN NaN NaN NaN NaN NaN NaN 
NaN NaN NaN NaN NaN NaN NaN NaN NaN NaN NaN NaN NaN NaN NaN NaN NaN NaN NaN NaN NaN NaN NaN NaN NaN NaN NaN NaN NaN NaN NaN NaN NaN NaN NaN NaN NaN NaN NaN NaN 
NaN NaN NaN NaN NaN NaN NaN NaN NaN NaN NaN NaN NaN NaN NaN NaN NaN NaN NaN NaN NaN NaN NaN NaN NaN NaN NaN NaN NaN NaN NaN NaN NaN NaN NaN NaN NaN NaN NaN NaN 
NaN NaN NaN NaN NaN NaN NaN NaN NaN NaN NaN NaN NaN NaN NaN NaN NaN NaN NaN NaN NaN NaN NaN NaN NaN NaN NaN NaN NaN NaN NaN NaN NaN NaN NaN NaN NaN NaN NaN NaN 
NaN NaN NaN NaN NaN NaN NaN NaN NaN NaN NaN NaN NaN NaN NaN NaN NaN NaN NaN NaN NaN NaN NaN NaN NaN NaN NaN NaN NaN NaN NaN NaN NaN NaN NaN NaN NaN NaN NaN NaN 
NaN NaN NaN NaN NaN NaN NaN NaN NaN NaN NaN NaN NaN NaN NaN NaN NaN NaN NaN NaN NaN NaN NaN NaN NaN NaN NaN NaN NaN NaN NaN NaN NaN NaN NaN NaN NaN NaN NaN NaN 
NaN NaN NaN NaN NaN NaN NaN NaN NaN NaN NaN NaN NaN NaN NaN NaN NaN NaN NaN NaN NaN NaN NaN NaN NaN NaN NaN NaN NaN NaN NaN NaN NaN NaN NaN NaN NaN NaN NaN NaN 
NaN NaN NaN NaN NaN NaN NaN NaN NaN NaN NaN NaN NaN NaN NaN NaN NaN NaN NaN NaN NaN NaN NaN NaN NaN NaN NaN NaN NaN NaN NaN NaN NaN NaN NaN NaN NaN NaN NaN NaN 
NaN NaN NaN NaN NaN NaN NaN NaN NaN NaN NaN NaN NaN NaN NaN NaN NaN NaN NaN NaN NaN NaN NaN NaN NaN NaN NaN NaN NaN NaN NaN NaN NaN NaN NaN NaN NaN NaN NaN NaN 
NaN NaN NaN NaN NaN NaN NaN NaN NaN NaN NaN NaN NaN NaN NaN NaN NaN NaN NaN NaN NaN NaN NaN NaN NaN NaN NaN NaN NaN NaN NaN NaN NaN NaN NaN NaN NaN NaN NaN NaN 
NaN NaN NaN NaN NaN NaN NaN NaN NaN NaN NaN NaN NaN NaN NaN NaN NaN NaN NaN NaN NaN NaN NaN NaN NaN NaN NaN NaN NaN NaN NaN NaN NaN NaN NaN NaN NaN NaN NaN NaN 
NaN NaN NaN NaN NaN NaN NaN NaN NaN NaN NaN NaN NaN NaN NaN NaN NaN NaN NaN NaN NaN NaN NaN NaN NaN NaN NaN NaN NaN NaN NaN NaN NaN NaN NaN NaN NaN NaN NaN NaN 
NaN NaN NaN NaN NaN NaN NaN NaN NaN NaN NaN NaN NaN NaN NaN NaN NaN NaN NaN NaN NaN NaN NaN NaN NaN NaN NaN NaN NaN NaN NaN NaN NaN NaN NaN NaN NaN NaN NaN NaN 
NaN NaN NaN NaN NaN NaN NaN NaN NaN NaN NaN NaN NaN NaN NaN NaN NaN NaN NaN NaN NaN NaN NaN NaN NaN NaN NaN NaN NaN NaN NaN NaN NaN NaN NaN NaN NaN NaN NaN NaN 
NaN NaN NaN NaN NaN NaN NaN NaN NaN NaN NaN NaN NaN NaN NaN NaN NaN NaN NaN NaN NaN NaN NaN NaN NaN NaN NaN NaN NaN NaN NaN NaN NaN NaN NaN NaN NaN NaN NaN NaN 
NaN NaN NaN NaN NaN NaN NaN NaN NaN NaN NaN NaN NaN NaN NaN NaN NaN NaN NaN NaN NaN NaN NaN NaN NaN NaN NaN NaN NaN NaN NaN NaN NaN NaN NaN NaN NaN NaN NaN NaN 
NaN NaN NaN NaN NaN NaN NaN NaN NaN NaN NaN NaN NaN NaN NaN NaN NaN NaN NaN NaN NaN NaN NaN NaN NaN NaN NaN NaN NaN NaN NaN NaN NaN NaN NaN NaN NaN NaN NaN NaN 
NaN NaN NaN NaN NaN NaN NaN NaN NaN NaN NaN NaN NaN NaN NaN NaN NaN NaN NaN NaN NaN NaN NaN NaN NaN NaN NaN NaN NaN NaN NaN NaN NaN NaN NaN NaN NaN NaN NaN NaN 
NaN NaN NaN NaN NaN NaN NaN NaN NaN NaN NaN NaN NaN NaN NaN NaN NaN NaN NaN NaN NaN NaN NaN NaN NaN NaN NaN NaN NaN NaN NaN NaN NaN NaN NaN NaN NaN NaN NaN NaN 
NaN NaN NaN NaN NaN NaN NaN NaN NaN NaN NaN NaN NaN NaN NaN NaN NaN NaN NaN NaN NaN NaN NaN NaN NaN NaN NaN NaN NaN NaN NaN NaN NaN NaN NaN NaN NaN NaN NaN NaN 
NaN NaN NaN NaN NaN NaN NaN NaN NaN NaN NaN NaN NaN NaN NaN NaN NaN NaN NaN NaN NaN NaN NaN NaN NaN NaN NaN NaN NaN NaN NaN NaN NaN NaN NaN NaN NaN NaN NaN NaN 
NaN NaN NaN NaN NaN NaN NaN NaN NaN NaN NaN NaN NaN NaN NaN NaN NaN NaN NaN NaN NaN NaN NaN NaN NaN NaN NaN NaN NaN NaN NaN NaN NaN NaN NaN NaN NaN NaN NaN NaN 
NaN NaN NaN NaN NaN NaN NaN NaN NaN NaN NaN NaN NaN NaN NaN NaN NaN NaN NaN NaN NaN NaN NaN NaN NaN NaN NaN NaN NaN NaN NaN NaN NaN NaN NaN NaN NaN NaN NaN NaN 
NaN NaN NaN NaN NaN NaN NaN NaN NaN NaN NaN NaN NaN NaN NaN NaN NaN NaN NaN NaN NaN NaN NaN NaN NaN NaN NaN NaN NaN NaN NaN NaN NaN NaN NaN NaN NaN NaN NaN NaN 
NaN NaN NaN NaN NaN NaN NaN NaN NaN NaN NaN NaN NaN NaN NaN NaN NaN NaN NaN NaN NaN NaN NaN NaN NaN NaN NaN NaN NaN NaN NaN NaN NaN NaN NaN NaN NaN NaN NaN NaN 
NaN NaN NaN NaN NaN NaN NaN NaN NaN NaN NaN NaN NaN NaN NaN NaN NaN NaN NaN NaN NaN NaN NaN NaN NaN NaN NaN NaN NaN NaN NaN NaN NaN NaN NaN NaN NaN NaN NaN NaN 
NaN NaN NaN NaN NaN NaN NaN NaN NaN NaN NaN NaN NaN NaN NaN NaN NaN NaN NaN NaN NaN NaN NaN NaN NaN NaN NaN NaN NaN NaN NaN NaN NaN NaN NaN NaN NaN NaN NaN NaN 
NaN NaN NaN NaN NaN NaN NaN NaN NaN NaN NaN NaN NaN NaN NaN NaN NaN NaN NaN NaN NaN NaN NaN NaN NaN NaN NaN NaN NaN NaN NaN NaN NaN NaN NaN NaN NaN NaN NaN NaN 
NaN NaN NaN NaN NaN NaN NaN NaN NaN NaN NaN NaN NaN NaN NaN NaN NaN NaN NaN NaN NaN NaN NaN NaN NaN NaN NaN NaN NaN NaN NaN NaN NaN NaN NaN NaN NaN NaN NaN NaN 
NaN NaN NaN NaN NaN NaN NaN NaN NaN NaN NaN NaN NaN NaN NaN NaN NaN NaN NaN NaN NaN NaN NaN NaN NaN NaN NaN NaN NaN NaN NaN NaN NaN NaN NaN NaN NaN NaN NaN NaN 
NaN NaN NaN NaN NaN NaN NaN NaN NaN NaN NaN NaN NaN NaN NaN NaN NaN NaN NaN NaN NaN NaN NaN NaN NaN NaN NaN NaN NaN NaN NaN NaN NaN NaN NaN NaN NaN NaN NaN NaN 
NaN NaN NaN NaN NaN NaN NaN NaN NaN NaN NaN NaN NaN NaN NaN NaN NaN NaN NaN NaN NaN NaN NaN NaN NaN NaN NaN NaN NaN NaN NaN NaN NaN NaN NaN NaN NaN NaN NaN NaN 
NaN NaN NaN NaN NaN NaN NaN NaN NaN NaN NaN NaN NaN NaN NaN NaN NaN NaN NaN NaN NaN NaN NaN NaN NaN NaN NaN NaN NaN NaN NaN NaN NaN NaN NaN NaN NaN NaN NaN NaN 
NaN NaN NaN NaN NaN NaN NaN NaN NaN NaN NaN NaN NaN NaN NaN NaN NaN NaN NaN NaN NaN NaN NaN NaN NaN NaN NaN NaN NaN NaN NaN NaN NaN NaN NaN NaN NaN NaN NaN NaN 
NaN NaN NaN NaN NaN NaN NaN NaN NaN NaN NaN NaN NaN NaN NaN NaN NaN NaN NaN NaN NaN NaN NaN NaN NaN NaN NaN NaN NaN NaN NaN NaN NaN NaN NaN NaN NaN NaN NaN NaN 
NaN NaN NaN NaN NaN NaN NaN NaN NaN NaN NaN NaN NaN NaN NaN NaN NaN NaN NaN NaN NaN NaN NaN NaN NaN NaN NaN NaN NaN NaN NaN NaN NaN NaN NaN NaN NaN NaN NaN NaN 
NaN NaN NaN NaN NaN NaN NaN NaN NaN NaN NaN NaN NaN NaN NaN NaN NaN NaN NaN NaN NaN NaN NaN NaN NaN NaN NaN NaN NaN NaN NaN NaN NaN NaN NaN NaN NaN NaN NaN NaN 
NaN NaN NaN NaN NaN NaN NaN NaN NaN NaN NaN NaN NaN NaN NaN NaN NaN NaN NaN NaN NaN NaN NaN NaN NaN NaN NaN NaN NaN NaN NaN NaN NaN NaN NaN NaN NaN NaN NaN NaN 
NaN NaN NaN NaN NaN NaN NaN NaN NaN NaN NaN NaN NaN NaN NaN NaN NaN NaN NaN NaN NaN NaN NaN NaN NaN NaN NaN NaN NaN NaN NaN NaN NaN NaN NaN NaN NaN NaN NaN NaN 
NaN NaN NaN NaN NaN NaN NaN NaN NaN NaN NaN NaN NaN NaN NaN NaN NaN NaN NaN NaN NaN NaN NaN NaN NaN NaN NaN NaN NaN NaN NaN NaN NaN NaN NaN NaN NaN NaN NaN NaN 
NaN NaN NaN NaN NaN NaN NaN NaN NaN NaN NaN NaN NaN NaN NaN NaN NaN NaN NaN NaN NaN NaN NaN NaN NaN NaN NaN NaN NaN NaN NaN NaN NaN NaN NaN NaN NaN NaN NaN NaN 
NaN NaN NaN NaN NaN NaN NaN NaN NaN NaN NaN NaN NaN NaN NaN NaN NaN NaN NaN NaN NaN NaN NaN NaN NaN NaN NaN NaN NaN NaN NaN NaN NaN NaN NaN NaN NaN NaN NaN NaN 
NaN NaN NaN NaN NaN NaN NaN NaN NaN NaN NaN NaN NaN NaN NaN NaN NaN NaN NaN NaN NaN NaN NaN NaN NaN NaN NaN NaN NaN NaN NaN NaN NaN NaN NaN NaN NaN NaN NaN NaN 
NaN NaN NaN NaN NaN NaN NaN NaN NaN NaN NaN NaN NaN NaN NaN NaN NaN NaN NaN NaN NaN NaN NaN NaN NaN NaN NaN NaN NaN NaN NaN NaN NaN NaN NaN NaN NaN NaN NaN NaN 
NaN NaN NaN NaN NaN NaN NaN NaN NaN NaN NaN NaN NaN NaN NaN NaN NaN NaN NaN NaN NaN NaN NaN NaN NaN NaN NaN NaN NaN NaN NaN NaN NaN NaN NaN NaN NaN NaN NaN NaN 
NaN NaN NaN NaN NaN NaN NaN NaN NaN NaN NaN NaN NaN NaN NaN NaN NaN NaN NaN NaN NaN NaN NaN NaN NaN NaN NaN NaN NaN NaN NaN NaN NaN NaN NaN NaN NaN NaN NaN NaN 
-62.374500 -66.794469 -70.174023 -72.279200 -77.283162 -78.512819 -81.173773 -88.588361 -84.990535 -80.002838 -79.809886 -78.597115 -80.846690 -85.006068 -82.651630 -84.037760 -85.581088 -91.774702 -86.084580 -82.088993 -80.308308 -87.486981 -95.272562 -85.191505 -82.674828 -84.709912 -85.742935 -82.011626 -82.429681 -87.647332 -83.110913 -81.972942 -82.790318 -82.138996 -78.656114 -79.124376 -82.822545 -85.605207 -82.910610 -85.744333 
-54.403540 -71.509911 -73.024904 -68.035030 -73.265425 -75.845716 -70.698353 -75.782454 -79.638495 -74.796241 -72.104940 -71.399103 -74.835973 -74.965889 -72.890159 -73.750523 -73.516673 -75.067045 -77.683258 -75.267591 -75.949886 -79.045555 -78.203242 -73.777751 -72.731268 -73.169338 -78.755874 -77.308820 -76.957660 -76.627216 -74.505924 -75.942425 -74.181667 -74.488112 -71.235473 -74.459758 -76.325186 -74.291932 -74.002554 -78.258564 
-56.641271 -73.652210 -70.996765 -75.328362 -75.357582 -74.357160 -77.801945 -74.822204 -74.674993 -66.603621 -68.377389 -63.400435 -69.709784 -71.515394 -74.618362 -73.111658 -69.950315 -70.352254 -75.523315 -71.790133 -73.516959 -73.592866 -71.992678 -69.940018 -74.399511 -71.259206 -73.927882 -73.919164 -72.809274 -74.773538 -74.161461 -73.556306 -75.524534 -77.404565 -73.830624 -75.740750 -75.184158 -73.673201 -74.638421 -74.621201 
-56.851868 -67.880789 -68.826109 -61.832042 -67.703954 -70.253596 -66.461513 -67.542549 -67.978701 -66.573182 -66.812557 -68.073353 -68.451816 -68.801885 -69.617750 -65.582902 -65.308584 -63.749134 -67.727266 -69.976949 -69.980331 -69.107228 -67.079840 -71.484748 -73.680973 -71.397880 -70.080517 -71.446761 -71.625593 -72.668233 -73.333409 -73.133788 -70.721786 -73.669954 -73.693156 -76.350511 -71.698065 -72.247233 -74.388977 -72.213138 
-23.730753 -24.131694 -28.380881 -33.246922 -36.749435 -37.708128 -37.859631 -39.247295 -40.297546 -41.695678 -44.160608 -44.660008 -46.303670 -49.233351 -51.900751 -51.002780 -51.959871 -53.837557 -53.768702 -54.859343 -55.757961 -59.037315 -57.607183 -57.254886 -57.375750 -58.921201 -58.253373 -63.634231 -62.158618 -66.026407 -63.209830 -61.320937 -63.758480 -66.151540 -62.668499 -62.476509 -62.088051 -65.781884 -66.218051 -64.252591 
-17.357040 -20.023551 -28.586279 -38.277989 -45.153129 -44.695665 -42.981875 -45.277852 -46.345052 -48.273967 -51.374843 -50.204687 -53.471093 -55.028961 -60.868723 -57.729815 -59.117188 -59.748496 -58.507281 -59.210083 -59.749781 -62.556785 -62.249399 -60.186756 -62.869668 -62.003688 -61.794377 -62.917761 -62.870006 -63.429064 -62.325588 -61.963986 -65.317092 -67.311231 -64.578417 -63.553332 -63.964800 -61.978422 -67.590984 -68.659114 
-20.633861 -25.175937 -31.784654 -48.151522 -43.560996 -48.516910 -47.221800 -49.790733 -53.339434 -53.545528 -56.018528 -55.564090 -59.819020 -56.496132 -61.233886 -66.350677 -60.868825 -61.645230 -60.696269 -60.644821 -59.602310 -61.283394 -60.495203 -61.944211 -63.769276 -62.477073 -62.414378 -62.480290 -62.401248 -61.464032 -62.040754 -63.918481 -65.869305 -65.487570 -61.586338 -62.428218 -62.810288 -63.040519 -67.596807 -68.406689 
-24.382214 -24.217293 -30.279455 -37.247084 -42.429919 -43.286548 -52.181864 -50.959226 -54.114983 -59.970232 -62.334559 -57.567117 -57.452304 -58.149172 -60.601017 -61.821920 -60.077164 -66.781321 -63.779061 -64.967907 -65.011341 -63.704059 -62.909627 -66.503063 -65.869713 -68.173828 -65.756585 -66.733558 -59.503263 -61.369098 -66.275481 -62.487252 -66.079445 -67.789284 -67.607946 -68.178286 -67.460815 -63.314911 -67.673437 -68.453702 
-23.726965 -27.109272 -35.007076 -42.154600 -40.966025 -48.123115 -49.044984 -48.269419 -49.206044 -48.065176 -56.124742 -65.607781 -69.412376 -70.018197 -65.638205 -66.383536 -63.487746 -59.780897 -65.518941 -62.087660 -62.435905 -64.531236 -63.101822 -57.262672 -64.139021 -66.636433 -59.457765 -55.313533 -56.980707 -59.124916 -60.541039 -60.696875 -63.099082 -67.142778 -66.856419 -65.672910 -63.682202 -64.963795 -71.040726 -67.029277 
-22.320345 -25.094190 -23.369264 -22.616176 -21.692699 -20.798927 -20.816094 -21.326302 -22.565840 -24.038440 -25.253289 -24.388586 -23.892605 -23.764370 -25.217970 -26.627004 -25.790881 -25.731751 -27.132726 -26.452721 -26.485375 -25.754867 -25.310983 -26.927610 -24.796395 -20.210257 -19.005709 -18.345539 -17.154281 -22.365553 -28.894645 -30.145807 -34.545884 -35.029456 -39.914862 -41.471208 -34.217409 -32.159773 -36.539370 -44.671259 
-20.376294 -18.486661 -17.401196 -17.097738 -16.912468 -15.497849 -16.020967 -17.025282 -17.827436 -20.396625 -21.602152 -21.562871 -19.270716 -19.454704 -21.891802 -22.723196 -22.314877 -22.795233 -22.383495 -22.047977 -23.005787 -22.162881 -22.875764 -22.018039 -20.834351 -16.220713 -14.551940 -11.907975 -11.151410 -15.624778 -22.199813 -25.019358 -26.227181 -23.987571 -30.132905 -29.219827 -23.176852 -24.661824 -25.376680 -30.304748 
-26.427612 -24.095011 -28.503359 -30.487528 -30.226146 -29.825598 -32.868195 -39.867000 -46.596514 -43.505362 -45.283450 -36.812276 -39.044141 -42.236371 -42.154042 -36.202498 -33.079999 -38.250608 -36.633513 -27.705038 -29.490758 -30.842601 -28.534061 -19.284253 -19.777148 -18.273418 -10.429212 -5.492894 -9.767684 -9.312974 -15.039466 -16.084635 -14.130048 -14.219269 -16.058253 -15.378109 -11.344671 -12.663905 -16.413205 -21.470302 
-28.149896 -33.022413 -32.116278 -35.273339 -37.400383 -37.607710 -33.437187 -39.793632 -42.088444 -40.405004 -40.038585 -31.940131 -36.094121 -33.178810 -33.871525 -32.928123 -29.644018 -33.259562 -36.730611 -24.399046 -23.938272 -25.359216 -23.691374 -16.249806 -13.706970 -12.505133 -0.168507 2.053438 -4.446078 -9.916620 -10.953402 -14.808568 -10.563883 -9.595689 -12.145699 -10.173001 -7.556303 -8.863013 -10.819241 -18.224821 
-22.907594 -26.573180 -30.157143 -33.492609 -39.605094 -36.134553 -36.634639 -38.636688 -35.880262 -35.711156 -36.934817 -38.835208 -31.360892 -26.740264 -33.989366 -33.324652 -33.637145 -31.771255 -30.701592 -23.860729 -21.494948 -21.699942 -15.309241 -10.678384 -12.547403 -8.647179 0.740297 2.264019 1.138192 -7.953614 -11.843169 -9.826105 -7.716556 -6.863848 -8.307333 -9.352071 -2.771655 -5.001204 -8.198821 -12.115541 
-19.700143 -19.516899 -26.046490 -32.740656 -35.757444 -29.893638 -31.391561 -33.413330 -33.528442 -30.178029 -34.999195 -33.028360 -30.563046 -29.271040 -25.436625 -30.839727 -31.270685 -33.729990 -29.917458 -24.142275 -18.449411 -18.297995 -15.286419 -6.362521 -7.927986 -7.070930 2.676038 3.076704 0.844988 -5.338309 -8.889232 -5.823046 -6.702391 -3.426945 -6.274256 -7.665008 -2.590123 -1.384690 -4.901194 -9.272699 
-25.547273 -30.619016 -33.609122 -39.013207 -32.555070 -29.207934 -27.849144 -26.207316 -33.739996 -28.866193 -26.441020 -29.618193 -32.087353 -30.155473 -29.656121 -29.906441 -30.888864 -28.942250 -23.351153 -18.034582 -15.873420 -16.367677 -6.368041 -3.162987 -6.390604 -2.956958 6.518211 6.034080 -0.592226 -4.995036 -6.470128 -5.688253 -2.937330 -1.528136 -4.554749 -1.709287 1.841070 0.724606 -3.787725 -5.172084 
-26.552010 -24.484216 -27.602531 -31.374722 -28.364733 -26.529441 -25.111666 -25.969372 -30.653698 -32.004110 -32.678501 -36.768542 -33.351997 -28.007421 -27.906331 -26.402641 -26.223568 -27.285260 -19.272133 -12.800295 -12.373162 -17.357690 -7.157381 1.215318 0.565958 -4.405114 6.255888 4.805377 -0.061246 2.090637 -5.679820 -1.095735 -1.228292 -1.634828 -3.141156 0.509446 1.162632 3.056234 -3.128728 -5.576842 
-33.917331 -27.103378 -23.897498 -29.141932 -31.982429 -26.241636 -25.292213 -29.796698 -29.403264 -26.828242 -27.594780 -25.484534 -26.777978 -27.059730 -25.345364 -22.816408 -21.367963 -23.787779 -21.119559 -15.213187 -8.407884 -17.215569 -3.898981 5.384531 3.514174 -1.637269 8.133306 8.698484 4.302674 2.701455 -1.863135 1.642207 0.260404 0.639466 -1.953423 -0.527972 5.507748 3.568386 -1.664707 -7.353277 
-30.429073 -26.658760 -25.574380 -30.817375 -28.259277 -22.783228 -24.722661 -29.925809 -26.041564 -24.795760 -28.677870 -25.793756 -27.516331 -29.128262 -25.049227 -24.124378 -23.468203 -22.136890 -19.994813 -11.169127 -10.074046 -23.178751 -7.889944 2.627110 4.226845 -3.129853 6.223726 14.255730 4.662670 0.076779 1.094460 -0.057609 -0.282853 1.518019 -1.993418 -2.833086 3.763939 2.813750 1.643765 -6.778935 
-19.953785 -22.481531 -26.723689 -22.683222 -20.738844 -26.537576 -21.957553 -19.569161 -22.031485 -26.040291 -28.576050 -24.674954 -26.379529 -29.330905 -26.265897 -28.592587 -31.690507 -23.379984 -23.262540 -11.726440 -9.984842 -18.010005 -5.271287 5.045424 6.277705 -7.392113 5.571464 11.839816 4.335360 2.350451 -1.681721 0.984945 2.847950 1.742686 -0.304168 -0.710208 4.175320 1.227208 -2.929115 -7.730751 
-18.890849 -17.893122 -23.477375 -19.495064 -18.453655 -13.004842 -15.446266 -11.844921 -14.878539 -16.527106 -18.590101 -21.508452 -22.121947 -23.302818 -23.413754 -26.077331 -27.143320 -21.009267 -18.302025 -9.188547 -8.907611 -13.202258 -3.877373 5.125637 4.542250 -10.360455 4.141714 6.904928 -0.246408 -1.583540 -4.944053 -0.745943 -1.423099 0.368206 -1.765645 -3.514971 0.875602 2.997650 0.369979 -6.324914 
-24.259220 -21.842562 -27.472038 -22.716319 -15.108805 -16.648133 -12.633229 -14.676517 -19.309943 -18.819893 -13.542388 -22.409434 -22.822499 -24.031478 -19.505506 -20.581333 -23.867317 -19.808103 -20.793033 -9.690447 -2.190588 -5.343796 -6.304647 6.000519 3.380282 -14.716024 -1.150766 6.571753 -1.216559 -5.358140 -5.481980 -4.971680 -5.681205 -4.336992 -3.898151 -5.198583 -3.557462 -0.419161 -4.036571 -11.853620 
-12.828460 3.072637 9.807095 10.313775 6.280278 1.094288 0.234531 -0.187007 -10.544380 -15.341841 -14.582376 -16.990468 -16.609318 -18.729735 -19.218458 -23.129228 -21.477814 -19.088536 -15.994712 -11.705862 -4.561385 -5.840766 -8.804524 -2.208626 -5.903621 -13.723057 -8.389801 -1.011380 -8.015107 -13.304543 -11.446808 -8.751313 -11.010385 -9.384819 -10.261846 -11.220058 -6.041825 -7.319411 -9.663898 -18.246037 
-4.191935 13.245399 24.030608 24.217227 20.374841 19.191539 20.883797 18.235781 5.695446 -3.354016 -2.308867 -5.606618 -5.712760 -10.041342 -9.484368 -10.639238 -12.672227 -8.931235 -4.017782 0.103107 3.395910 1.980141 -1.717549 -3.686300 -7.575182 -9.254345 -7.187157 -8.209127 -12.722352 -11.169505 -16.723425 -19.307653 -20.207205 -17.361992 -21.494394 -18.916864 -13.177979 -15.519797 -18.173796 -27.520348 
-2.999238 15.165902 25.902225 21.379380 18.524732 27.791497 22.284121 18.189128 14.513974 4.753521 1.775080 -2.259595 -3.941893 -4.146322 -6.092812 -6.317914 -5.040445 -2.557981 0.717632 7.005305 11.226453 9.422787 2.414876 -1.665179 -2.930880 -5.650142 -2.492076 -2.290263 -11.057711 -16.009216 -21.897372 -25.235137 -28.883184 -20.900185 -29.199875 -26.557713 -16.817337 -21.831759 -28.324226 -27.145938 
-8.266362 12.882695 24.357457 19.454288 16.047014 25.923286 15.858617 20.763666 17.380903 7.936534 2.179018 -3.150093 -4.984368 -3.560448 -5.977174 -5.796006 -4.194404 -2.976894 1.773080 8.934829 14.280072 8.583803 1.930009 -4.833124 -4.681141 -6.004515 -3.419957 -5.244837 -10.809616 -17.876996 -26.472301 -29.325247 -30.450782 -27.753060 -35.883998 -30.562667 -22.461421 -26.602289 -32.937746 -24.769616 
-9.075889 11.502949 23.106992 18.469056 15.201995 24.203472 15.026995 23.439575 19.597676 7.424687 1.706533 -3.226434 -5.235846 -2.795423 -6.886576 -7.309395 -5.666943 -2.724686 1.425149 8.056154 12.779897 9.003677 3.517523 -5.040368 -8.927853 -10.718926 -8.589001 -4.496861 -9.233664 -22.588181 -32.585065 -33.648267 -31.511815 -36.178797 -41.159516 -38.626315 -25.819844 -30.365162 -41.404635 -27.432642 
-16.330734 11.199665 22.369035 17.303643 14.206035 23.033732 13.651663 24.797205 20.902964 7.611353 -0.147479 -1.226649 -5.385066 -2.150157 -7.382233 -8.383023 -7.690347 -4.423969 1.927233 8.109361 9.830828 8.352639 3.276976 -4.052588 -12.998161 -13.402070 -9.577161 -7.071187 -13.918409 -23.811562 -29.041479 -27.861794 -30.707306 -35.787865 -37.484298 -36.425235 -28.816375 -26.654523 -36.666165 -28.344131 
-14.791067 10.295527 21.617167 16.403260 14.152340 21.473293 13.534872 26.001511 20.663212 9.328255 -0.259331 0.914595 -3.260778 -2.921541 -5.583846 -8.737319 -7.965592 -1.898771 2.692638 9.393991 10.924113 6.796913 4.158055 -6.238580 -14.985798 -14.356510 -12.302047 -9.469267 -15.838462 -23.288550 -25.568932 -28.525941 -28.988630 -32.172427 -32.639610 -32.373018 -26.834267 -25.428628 -32.616365 -27.575529 
-7.954474 11.017269 21.284254 15.924221 13.782089 20.156052 12.652173 25.520958 18.990360 11.483863 1.571279 1.317002 -0.359476 -2.395107 -5.168399 -7.508303 -6.224733 -3.529857 3.297061 11.033972 12.247621 6.054836 3.443012 -6.120812 -15.276504 -15.915688 -13.956427 -11.821374 -16.263156 -21.445457 -24.524766 -30.439333 -37.472135 -40.018858 -42.984233 -40.244600 -26.925659 -23.690748 -36.268285 -30.598270 
-7.784892 11.508339 21.139128 14.704201 14.688134 18.740036 11.322153 23.449293 15.414392 16.259902 3.939716 -0.791506 0.930648 -2.385663 -3.558158 -3.111124 -4.066465 -0.870491 3.042931 10.587465 10.527652 5.619316 3.371197 -5.673651 -9.495705 -14.379939 -10.669914 -10.432387 -13.687372 -17.176034 -22.390066 -29.110500 -33.425273 -34.574747 -35.060314 -32.613886 -26.338754 -28.870984 -33.804073 -31.562634 
-9.164437 12.137073 20.971594 13.907747 15.916945 18.280863 13.089807 20.572236 14.645635 20.441779 4.241089 -3.735510 2.754237 -3.000769 -1.805897 -3.434230 -2.517997 -0.219029 3.098678 10.794857 7.227348 4.379134 4.589391 -4.804363 -8.005576 -10.538188 -11.413900 -10.817067 -14.355037 -18.475561 -23.360183 -31.499211 -34.893247 -36.270570 -37.369122 -33.901285 -26.245102 -26.976386 -33.089679 -31.124581 
-10.616367 13.059818 20.803850 13.228338 17.055711 16.676665 11.693264 17.211934 17.170617 21.828507 2.973188 -0.456554 5.431470 0.020402 -0.535537 -0.573972 -1.222869 2.867553 5.253935 13.847249 8.517397 6.382311 8.088483 -0.573092 -7.699373 -11.897206 -9.281284 -8.954784 -14.415155 -19.246238 -25.351838 -30.209024 -33.265112 -35.292563 -45.349975 -38.701591 -24.531913 -20.313776 -31.150285 -33.438755 
-4.717581 14.612677 20.441681 12.160346 17.422301 14.840485 13.392769 14.064396 21.819437 21.503497 5.850908 5.165785 7.575233 1.815720 1.110254 -1.345884 0.232257 5.120854 8.866563 13.372699 4.331770 3.791095 6.744705 -2.445857 -9.587966 -9.178172 -8.290121 -9.249754 -14.954644 -19.305229 -24.747591 -30.409673 -33.593908 -38.441043 -46.331645 -37.496319 -24.585778 -23.281085 -31.587633 -34.970389 
-1.723991 15.304789 20.084828 10.861679 17.507041 12.941040 12.579982 12.091820 24.894823 20.553849 11.562818 10.475498 8.435018 2.877172 4.082220 -2.478873 -1.291365 1.780665 11.791033 9.745031 3.850800 4.922652 4.705399 -6.729606 -13.640606 -12.726227 -9.193877 -9.402784 -13.070068 -17.082922 -25.250879 -29.980323 -32.550521 -36.303689 -39.533484 -37.486017 -30.841195 -26.992965 -31.254234 -36.625682 
-2.351536 15.632078 19.556157 11.113760 17.785519 10.568551 10.439832 11.949409 24.090965 19.095497 13.669217 11.323824 3.110958 2.228732 1.498332 -1.217468 -0.097174 1.763443 9.483254 6.253558 1.717983 3.220065 1.680846 -9.683287 -13.960785 -12.612521 -9.792443 -8.584723 -12.371864 -18.539369 -25.764237 -29.651762 -34.170107 -40.777756 -45.671612 -40.425269 -30.996499 -30.615271 -38.284442 -40.640659 
-0.073071 16.357349 18.437666 12.235615 16.589926 6.302280 7.139783 11.118269 16.903588 14.725125 13.037250 9.553104 1.726784 -0.227371 -1.310798 -2.771827 -1.547879 3.027371 8.231610 4.718993 -0.649773 2.718017 1.301608 -7.285371 -14.718956 -12.695072 -9.150158 -7.797515 -15.201217 -23.106036 -32.537677 -31.815474 -35.051454 -36.715348 -38.351902 -38.532509 -33.728526 -31.505985 -35.210331 -37.709957 
-0.217491 15.713525 17.301332 12.564144 14.942380 5.279124 5.627064 12.002739 13.845118 16.570510 10.569988 4.571881 -2.023985 0.458468 -7.526381 -4.071889 -2.487780 3.881393 7.698450 3.694346 -2.479713 -1.830349 -1.911884 -9.804331 -13.913136 -13.999148 -10.254470 -8.473521 -16.256180 -23.835315 -34.602192 -34.674983 -38.349666 -38.463065 -42.560382 -45.585670 -40.847877 -33.865470 -39.251453 -38.459992 
0.997157 15.838707 15.834673 12.051436 13.002076 2.526271 2.301331 11.879809 14.741406 19.988915 10.039064 1.118164 -1.008302 -1.367337 -5.582333 -2.951658 -2.604029 0.497736 4.039941 1.744165 -0.656132 -0.612938 -5.314973 -13.726879 -15.883223 -15.598096 -12.354071 -9.217280 -15.239111 -23.693578 -35.756260 -36.633051 -41.379925 -39.822466 -44.953889 -53.245699 -42.564682 -37.065427 -40.480328 -41.019429 
-0.442773 14.654323 13.541217 11.422908 11.183275 1.497049 1.954120 11.836650 14.074766 18.999341 7.660258 -3.228429 -4.328225 -3.670613 -5.627137 -4.028971 -3.138240 3.590735 7.863586 2.046572 -2.447040 -0.513514 -8.026109 -15.598410 -19.021425 -17.621121 -15.552395 -11.309702 -15.200527 -28.902987 -35.909178 -36.360234 -39.478357 -38.522562 -39.772397 -40.685088 -38.215612 -37.299493 -39.890504 -38.813921 
-0.324185 14.394516 12.504257 10.501348 9.057666 -0.833004 1.825591 10.031291 15.060997 17.125003 8.148659 -3.337816 -2.309537 -4.302743 -5.336372 -5.276194 -4.950904 1.636967 5.344947 -0.504034 -4.611292 -4.177896 -13.537185 -15.978496 -22.999945 -21.245707 -16.466263 -15.054239 -24.821148 -40.239127 -37.281515 -41.362300 -47.899460 -42.195783 -46.904071 -50.452566 -42.696503 -37.571058 -42.367053 -41.220296 
1.145683 14.004669 11.060508 9.519802 6.894556 -2.379712 1.983933 7.464546 12.712416 9.068748 5.874317 -3.789535 -2.333344 -3.073345 -7.233945 -8.262520 -4.414514 1.996827 4.074787 -2.224196 -5.527587 -3.975533 -13.757719 -16.689177 -22.448636 -22.953475 -18.095892 -17.327716 -24.728639 -30.819618 -31.471435 -32.429725 -33.441374 -33.570040 -34.312339 -34.846246 -34.930243 -33.194533 -34.420446 -34.445294 
0.509502 12.862221 8.324520 8.484760 5.604055 -2.562218 1.584148 6.076322 12.749988 10.361177 4.609946 -1.091167 -2.839340 -5.758414 -9.362672 -8.582015 -7.098862 -2.615554 -3.572669 -5.177399 -6.061800 -5.385285 -16.470584 -21.087229 -25.353589 -26.675499 -20.097122 -21.633559 -32.912042 -35.893856 -36.156034 -41.099715 -48.202826 -43.137229 -46.739878 -51.354746 -50.753018 -41.182898 -43.560896 -39.233531 
1.865793 12.334192 7.637462 7.378229 3.572503 -3.497413 1.287610 5.390274 11.319321 8.162374 2.580428 -1.828725 -4.927782 -9.309498 -11.224265 -8.739038 -6.307834 -1.536533 -0.013746 -5.173913 -3.707235 -7.127852 -18.446655 -22.844367 -27.959590 -26.702659 -18.957251 -23.648170 -33.183131 -36.468025 -35.533153 -41.195765 -43.802089 -42.805638 -44.685193 -46.205966 -45.791138 -42.792862 -43.164111 -41.008537 
0.783470 11.343386 6.778535 6.236573 1.446311 -3.594569 0.599195 2.687664 7.979454 7.334642 1.993761 -4.819807 -7.860767 -10.842235 -11.390287 -12.048427 -7.936291 -4.606085 -4.199477 -7.177436 -5.684461 -12.815955 -25.248497 -27.109985 -29.894058 -30.321173 -25.349452 -26.092179 -40.743668 -37.310623 -36.234705 -40.790948 -42.819330 -41.975383 -43.292842 -44.270258 -44.043592 -42.701942 -42.124421 -40.715371 
1.182807 10.897206 5.862547 3.921300 -0.773091 -2.543143 0.018218 1.028095 5.458876 6.788863 1.220915 -7.006177 -11.534948 -13.575570 -14.230475 -14.361684 -12.983248 -7.247525 -7.880624 -14.491577 -11.290550 -16.080471 -27.197356 -32.609419 -34.181223 -35.148321 -26.784676 -31.877102 -39.181593 -38.467257 -38.821319 -47.090217 -49.139821 -44.209379 -49.517745 -52.279972 -49.563174 -45.305984 -45.565251 -42.943941 
-0.647529 10.153701 5.166690 1.010968 -1.716274 -1.632485 -3.625419 -2.847093 3.038028 3.430513 -1.101241 -5.843293 -10.670840 -16.372612 -16.710214 -19.714892 -18.699066 -7.228864 -5.657895 -10.659922 -10.841990 -16.127791 -27.380134 -32.549440 -40.858966 -35.781293 -27.641810 -35.081216 -43.868476 -45.176460 -43.734461 -51.719945 -52.829047 -48.618374 -53.458273 -58.158737 -55.725035 -48.926558 -49.550514 -41.665169 
-1.478059 9.305344 4.526491 -5.268392 -3.825947 -2.094026 -10.136778 -9.949050 -4.211310 -3.585914 -7.634412 -12.513255 -16.188183 -21.639227 -20.816111 -21.376831 -26.540886 -13.007333 -7.341121 -15.695868 -18.007641 -18.370384 -27.641589 -34.844598 -42.858004 -39.596338 -32.039495 -40.580913 -48.939027 -48.875763 -49.747642 -55.428870 -55.817863 -49.136322 -54.356196 -60.902486 -61.735656 -51.035831 -49.703055 -43.045717 
-3.873560 7.895629 3.951699 -10.911181 -11.312329 -5.094761 -10.776706 -10.640096 -9.239268 -5.302986 -7.284803 -14.174646 -18.421296 -25.191909 -25.667584 -22.837827 -22.862783 -12.214196 -7.296421 -9.379485 -12.353917 -22.752620 -30.155773 -34.288190 -42.911479 -40.058523 -33.252712 -41.249741 -52.102137 -55.455856 -53.951036 -57.885929 -60.373321 -53.703086 -57.885319 -65.326425 -72.735381 -49.856532 -46.987216 -43.250981 
-5.028233 6.609795 3.839474 -8.290704 -15.391963 -18.041555 -17.588589 -13.921791 -6.793492 -7.937953 -6.609583 -11.827087 -12.118415 -18.125268 -19.802847 -20.393232 -18.626870 -9.383916 -13.226232 -11.764256 -13.505816 -26.346891 -37.709024 -41.271301 -46.013477 -39.237030 -36.077852 -44.165491 -54.927857 -56.230058 -54.953237 -58.553719 -59.762935 -54.891189 -58.492214 -63.120962 -65.990217 -51.611630 -47.512057 -42.597408 
-6.791567 3.690515 0.808213 -11.543452 -23.078668 -24.649698 -20.927857 -21.781733 -15.396706 -9.699019 -13.358244 -10.657940 -14.984295 -23.400812 -23.279283 -24.586007 -20.883521 -8.702939 -7.112633 -12.316130 -16.550456 -31.065584 -38.111981 -44.402028 -45.496784 -38.631823 -37.571352 -47.963096 -56.742750 -56.757630 -58.640544 -61.128741 -62.542639 -58.479285 -62.677714 -65.019258 -67.537276 -55.240347 -49.716891 -44.483527 
-10.850917 -1.603748 -5.064963 -18.503512 -26.120487 -28.573526 -24.927470 -22.400819 -15.704658 -13.912556 -10.022251 -11.099639 -13.687515 -21.940420 -24.549743 -25.678726 -20.388969 -9.032724 -8.685423 -14.878280 -18.555808 -25.236592 -31.129630 -41.182407 -44.254420 -39.005300 -35.848077 -49.606473 -57.029883 -57.636477 -59.733497 -63.326821 -63.605068 -60.127573 -64.191855 -71.224698 -77.539707 -59.585256 -52.145703 -46.388188 
-15.998159 -10.835933 -17.180834 -22.039571 -18.746323 -21.054272 -30.538822 -28.839889 -20.762300 -23.980493 -16.464320 -10.164397 -18.003003 -27.266823 -27.773165 -25.507611 -21.363693 -13.478863 -11.363459 -18.878170 -18.936861 -25.143544 -32.413610 -41.044546 -41.345939 -37.194364 -40.693002 -53.512835 -58.622878 -56.676435 -59.279992 -62.548745 -61.263753 -61.250159 -63.019290 -64.642750 -66.158044 -58.104299 -50.389495 -50.465281 
-32.513537 -27.433359 -21.796200 -15.210085 -19.881563 -23.626407 -31.791211 -26.625059 -22.161156 -20.488619 -19.603875 -22.175910 -27.135680 -28.019995 -31.079615 -30.447030 -33.267152 -20.564576 -16.814867 -20.470380 -19.017621 -32.401021 -36.752062 -47.559833 -52.132524 -43.820758 -40.837859 -58.575488 -63.635955 -60.265282 -58.205770 -62.402919 -63.971628 -62.088035 -65.488201 -68.455956 -70.153423 -63.049830 -54.422006 -51.863908 
-37.090407 -27.944703 -22.783715 -23.393122 -25.217150 -26.284519 -34.332033 -34.001354 -24.993943 -31.048907 -26.665918 -21.104312 -26.154572 -30.604947 -30.598270 -35.684105 -30.945510 -24.458333 -18.647857 -28.288515 -27.662509 -37.477028 -41.169392 -47.659893 -49.347512 -43.158089 -44.850728 -58.337599 -62.264682 -61.872689 -61.142303 -60.515060 -64.024806 -64.089670 -71.643748 -68.899419 -71.671016 -68.272567 -59.032295 -55.380292 
-29.506845 -31.139798 -25.663840 -21.817674 -24.379132 -29.116140 -40.290655 -44.433607 -32.706276 -32.232456 -28.132674 -22.825647 -28.721696 -39.837272 -40.530190 -37.570858 -35.486672 -25.768021 -23.603042 -33.565767 -34.453221 -40.091945 -46.254274 -51.911062 -52.965561 -44.960908 -47.720019 -61.065590 -62.754113 -62.495615 -66.168444 -62.555914 -63.698209 -65.782374 -67.841061 -70.688976 -73.152735 -68.369690 -64.652386 -61.715142 
-26.837727 -26.525907 -29.917991 -23.721840 -28.311809 -33.268949 -43.226237 -38.627622 -32.355007 -38.212071 -38.404739 -29.295485 -36.319167 -43.886106 -44.586742 -47.473551 -41.929161 -31.155180 -28.839752 -36.240613 -35.621116 -42.829714 -49.926843 -54.437111 -56.440449 -48.592340 -56.417419 -66.850132 -68.399727 -64.684050 -62.169773 -66.018125 -66.685081 -67.914511 -62.806724 -75.322334 -75.130786 -69.455743 -68.031683 -65.983643 
-28.668114 -29.733210 -29.863507 -28.819037 -40.555615 -43.076684 -51.341958 -45.584858 -36.526741 -37.030196 -40.712459 -39.125325 -41.675145 -47.812004 -48.085308 -46.954393 -45.334340 -37.582932 -35.263798 -40.050018 -36.744653 -44.303465 -48.592034 -55.782185 -60.836633 -52.332661 -57.187146 -66.435015 -68.627846 -65.637164 -62.266225 -65.423869 -62.723188 -68.223907 -66.582062 -73.136439 -74.137678 -70.466236 -67.756127 -67.682713 
-21.560309 -23.487417 -31.111018 -35.034100 -41.605446 -40.421918 -45.050988 -46.963384 -43.961606 -48.048162 -48.198462 -42.438569 -46.994098 -43.287226 -46.680782 -50.392692 -51.968659 -41.931464 -35.428398 -41.690709 -44.675550 -48.398381 -52.631374 -58.075470 -63.622395 -53.855488 -56.238816 -62.775546 -64.827070 -66.647656 -64.030180 -65.767313 -65.716713 -71.098368 -67.878101 -68.065622 -68.962559 -69.393619 -69.289966 -68.658556 
-24.653770 -26.818075 -36.557011 -37.618384 -42.969713 -50.205424 -52.376855 -47.354657 -44.879185 -49.922060 -52.925809 -46.935445 -45.288457 -43.444760 -48.884441 -52.851370 -46.944012 -39.038991 -43.740446 -47.434558 -46.172608 -50.095232 -56.964848 -60.491153 -62.202913 -58.945361 -61.048989 -65.636880 -66.277297 -68.036150 -68.158891 -66.913772 -64.661569 -75.640732 -71.586970 -67.193033 -68.154718 -71.696431 -69.389526 -68.449228 
-35.421785 -37.423357 -43.933422 -52.543012 -48.735385 -48.568923 -52.206445 -54.142587 -60.352990 -59.026021 -56.801271 -55.668741 -54.125816 -55.817714 -54.385972 -64.204782 -56.327942 -51.549225 -52.256134 -53.249739 -55.461302 -61.995877 -63.283454 -64.237155 -68.318016 -66.514970 -69.775997 -67.774588 -65.689482 -67.336059 -69.228435 -68.502653 -66.445522 -71.659754 -68.165993 -68.782375 -68.617671 -70.511668 -70.392786 -72.074472 
-61.615538 -67.436704 -68.656634 -68.169822 -66.909120 -75.278980 -69.138515 -73.484837 -67.855578 -68.783163 -73.790871 -76.684015 -68.289558 -70.532781 -72.900982 -72.851014 -70.593815 -72.751860 -71.473300 -72.058398 -68.247200 -69.061284 -72.776120 -73.401265 -75.643891 -71.979223 -75.047057 -72.495268 -73.472888 -72.732176 -73.571227 -68.546227 -69.942112 -73.416567 -72.620741 -72.911524 -69.053777 -72.414638 -72.232085 -75.291984 
-59.808176 -81.276546 -76.351555 -75.387621 -73.977028 -71.875862 -74.324344 -76.207972 -73.685742 -74.464067 -72.686388 -74.147244 -80.395341 -83.730704 -80.102591 -75.672380 -73.557933 -71.446266 -72.338030 -73.996532 -75.179494 -74.749814 -75.635244 -77.331793 -71.966417 -76.453935 -80.263898 -77.085941 -71.694583 -75.637826 -72.929452 -73.624485 -75.269427 -73.667196 -72.053036 -72.525202 -74.157134 -74.392035 -72.911838 -73.807024 
-60.382619 -81.715947 -79.421212 -72.979537 -78.214123 -80.625967 -74.189585 -76.622785 -75.580206 -75.377170 -73.820573 -69.544123 -75.008885 -79.313985 -75.677418 -73.925994 -78.068946 -71.833693 -72.555895 -72.130829 -70.741594 -73.399298 -80.635428 -81.585940 -77.046617 -75.926388 -76.241902 -78.231504 -72.988130 -73.479867 -73.372832 -72.784939 -73.458039 -74.454866 -72.782904 -74.074140 -74.809347 -77.508929 -72.929118 -74.027622 
-58.617342 -76.197548 -73.858099 -71.941060 -79.380602 -72.766534 -72.646175 -71.053579 -70.116781 -71.296167 -70.599798 -74.583832 -76.328153 -79.033972 -74.823789 -72.691039 -74.063785 -78.491883 -79.541323 -78.665844 -73.148336 -74.046984 -76.976200 -78.122854 -78.206180 -75.154575 -74.257892 -73.905664 -77.539085 -78.478547 -74.638523 -73.945580 -72.499768 -71.602413 -73.435244 -74.683969 -74.350487 -77.507885 -72.690626 -78.208853 
-58.372624 -78.488730 -72.731741 -71.956992 -82.585025 -77.945242 -77.697245 -77.129181 -74.752072 -76.718229 -73.566617 -72.188280 -76.467959 -73.655526 -74.241160 -76.353133 -73.721433 -75.295257 -73.451948 -74.225114 -74.085106 -73.415512 -75.388919 -79.391635 -77.029369 -74.314111 -77.243401 -77.012981 -72.978958 -74.301573 -73.530457 -79.676918 -74.924850 -73.963245 -73.074988 -74.414273 -74.315353 -78.305275 -75.456131 -76.771549 
-57.633065 -75.310224 -77.901214 -74.499466 -69.262137 -70.829808 -73.817522 -75.336421 -73.942793 -71.621136 -69.523119 -68.550190 -76.799304 -73.528818 -71.891370 -76.079556 -78.350997 -77.395134 -74.534116 -73.093905 -78.048963 -75.372765 -75.230431 -76.437394 -76.008416 -76.434072 -79.714921 -76.055160 -71.776714 -74.103338 -73.036207 -74.874275 -74.040837 -76.254038 -73.888413 -75.544478 -74.684712 -75.019857 -73.802619 -76.153417 
-59.211533 -78.462868 -77.049209 -77.856423 -76.636790 -72.246918 -75.311984 -71.256001 -78.180562 -80.909691 -75.211602 -71.369673 -75.983122 -77.554679 -77.327238 -74.172304 -73.475430 -72.535878 -76.142417 -73.440902 -75.802820 -71.781674 -78.035000 -72.562580 -77.838493 -76.431962 -71.859707 -73.594829 -74.022418 -76.012430 -76.088259 -75.782069 -74.592196 -74.050785 -74.300059 -73.586783 -72.704656 -74.468334 -76.047093 -76.097968 
-59.381352 -70.618399 -74.374573 -75.981531 -75.808487 -80.145319 -75.079375 -73.252400 -76.981404 -73.772512 -75.050888 -73.237471 -74.422262 -75.775615 -76.927972 -71.132991 -75.359770 -79.077164 -76.128346 -73.553978 -72.627449 -71.103381 -74.787261 -73.106894 -73.019185 -73.008120 -74.000894 -77.929242 -76.676976 -77.983916 -77.437907 -74.309750 -74.166507 -71.805657 -75.772452 -76.105903 -75.530073 -74.147583 -73.287142 -72.975424 
-57.728783 -66.949593 -69.857729 -70.496706 -77.219856 -75.596995 -74.111679 -74.826450 -79.166383 -77.692927 -73.066393 -73.468197 -76.320374 -80.124905 -77.308625 -74.301434 -75.448477 -76.811630 -73.798115 -74.327667 -72.507722 -70.329451 -77.446365 -76.490218 -75.854753 -77.921817 -73.201229 -73.560960 -73.578199 -75.155160 -75.739315 -71.910090 -73.006521 -72.812573 -76.697266 -73.707069 -75.163538 -73.843255 -75.126155 -74.811974 
-76.609880 -78.821560 -80.192984 -85.710949 -95.654753 -89.139374 -85.926325 -91.186284 -88.106584 -87.874857 -87.212231 -87.874765 -93.868929 -88.873796 -93.525171 -91.918293 -91.965982 -88.573671 -87.541818 -86.951932 -85.243434 -85.078018 -89.894272 -89.211570 -90.987510 -92.324603 -91.579616 -91.689095 -90.658770 -89.936449 -88.632025 -86.201551 -87.785753 -87.664542 -88.881375 -87.489016 -88.210031 -86.075352 -87.995534 -88.943101 
NaN NaN NaN NaN NaN NaN NaN NaN NaN NaN NaN NaN NaN NaN NaN NaN NaN NaN NaN NaN NaN NaN NaN NaN NaN NaN NaN NaN NaN NaN NaN NaN NaN NaN NaN NaN NaN NaN NaN NaN 
NaN NaN NaN NaN NaN NaN NaN NaN NaN NaN NaN NaN NaN NaN NaN NaN NaN NaN NaN NaN NaN NaN NaN NaN NaN NaN NaN NaN NaN NaN NaN NaN NaN NaN NaN NaN NaN NaN NaN NaN 
NaN NaN NaN NaN NaN NaN NaN NaN NaN NaN NaN NaN NaN NaN NaN NaN NaN NaN NaN NaN NaN NaN NaN NaN NaN NaN NaN NaN NaN NaN NaN NaN NaN NaN NaN NaN NaN NaN NaN NaN 
NaN NaN NaN NaN NaN NaN NaN NaN NaN NaN NaN NaN NaN NaN NaN NaN NaN NaN NaN NaN NaN NaN NaN NaN NaN NaN NaN NaN NaN NaN NaN NaN NaN NaN NaN NaN NaN NaN NaN NaN 
NaN NaN NaN NaN NaN NaN NaN NaN NaN NaN NaN NaN NaN NaN NaN NaN NaN NaN NaN NaN NaN NaN NaN NaN NaN NaN NaN NaN NaN NaN NaN NaN NaN NaN NaN NaN NaN NaN NaN NaN 
NaN NaN NaN NaN NaN NaN NaN NaN NaN NaN NaN NaN NaN NaN NaN NaN NaN NaN NaN NaN NaN NaN NaN NaN NaN NaN NaN NaN NaN NaN NaN NaN NaN NaN NaN NaN NaN NaN NaN NaN 
NaN NaN NaN NaN NaN NaN NaN NaN NaN NaN NaN NaN NaN NaN NaN NaN NaN NaN NaN NaN NaN NaN NaN NaN NaN NaN NaN NaN NaN NaN NaN NaN NaN NaN NaN NaN NaN NaN NaN NaN 
NaN NaN NaN NaN NaN NaN NaN NaN NaN NaN NaN NaN NaN NaN NaN NaN NaN NaN NaN NaN NaN NaN NaN NaN NaN NaN NaN NaN NaN NaN NaN NaN NaN NaN NaN NaN NaN NaN NaN NaN 
NaN NaN NaN NaN NaN NaN NaN NaN NaN NaN NaN NaN NaN NaN NaN NaN NaN NaN NaN NaN NaN NaN NaN NaN NaN NaN NaN NaN NaN NaN NaN NaN NaN NaN NaN NaN NaN NaN NaN NaN 
NaN NaN NaN NaN NaN NaN NaN NaN NaN NaN NaN NaN NaN NaN NaN NaN NaN NaN NaN NaN NaN NaN NaN NaN NaN NaN NaN NaN NaN NaN NaN NaN NaN NaN NaN NaN NaN NaN NaN NaN 
NaN NaN NaN NaN NaN NaN NaN NaN NaN NaN NaN NaN NaN NaN NaN NaN NaN NaN NaN NaN NaN NaN NaN NaN NaN NaN NaN NaN NaN NaN NaN NaN NaN NaN NaN NaN NaN NaN NaN NaN 
NaN NaN NaN NaN NaN NaN NaN NaN NaN NaN NaN NaN NaN NaN NaN NaN NaN NaN NaN NaN NaN NaN NaN NaN NaN NaN NaN NaN NaN NaN NaN NaN NaN NaN NaN NaN NaN NaN NaN NaN 
NaN NaN NaN NaN NaN NaN NaN NaN NaN NaN NaN NaN NaN NaN NaN NaN NaN NaN NaN NaN NaN NaN NaN NaN NaN NaN NaN NaN NaN NaN NaN NaN NaN NaN NaN NaN NaN NaN NaN NaN 
NaN NaN NaN NaN NaN NaN NaN NaN NaN NaN NaN NaN NaN NaN NaN NaN NaN NaN NaN NaN NaN NaN NaN NaN NaN NaN NaN NaN NaN NaN NaN NaN NaN NaN NaN NaN NaN NaN NaN NaN 
NaN NaN NaN NaN NaN NaN NaN NaN NaN NaN NaN NaN NaN NaN NaN NaN NaN NaN NaN NaN NaN NaN NaN NaN NaN NaN NaN NaN NaN NaN NaN NaN NaN NaN NaN NaN NaN NaN NaN NaN 
NaN NaN NaN NaN NaN NaN NaN NaN NaN NaN NaN NaN NaN NaN NaN NaN NaN NaN NaN NaN NaN NaN NaN NaN NaN NaN NaN NaN NaN NaN NaN NaN NaN NaN NaN NaN NaN NaN NaN NaN 
NaN NaN NaN NaN NaN NaN NaN NaN NaN NaN NaN NaN NaN NaN NaN NaN NaN NaN NaN NaN NaN NaN NaN NaN NaN NaN NaN NaN NaN NaN NaN NaN NaN NaN NaN NaN NaN NaN NaN NaN 
NaN NaN NaN NaN NaN NaN NaN NaN NaN NaN NaN NaN NaN NaN NaN NaN NaN NaN NaN NaN NaN NaN NaN NaN NaN NaN NaN NaN NaN NaN NaN NaN NaN NaN NaN NaN NaN NaN NaN NaN 
NaN NaN NaN NaN NaN NaN NaN NaN NaN NaN NaN NaN NaN NaN NaN NaN NaN NaN NaN NaN NaN NaN NaN NaN NaN NaN NaN NaN NaN NaN NaN NaN NaN NaN NaN NaN NaN NaN NaN NaN 
NaN NaN NaN NaN NaN NaN NaN NaN NaN NaN NaN NaN NaN NaN NaN NaN NaN NaN NaN NaN NaN NaN NaN NaN NaN NaN NaN NaN NaN NaN NaN NaN NaN NaN NaN NaN NaN NaN NaN NaN 
NaN NaN NaN NaN NaN NaN NaN NaN NaN NaN NaN NaN NaN NaN NaN NaN NaN NaN NaN NaN NaN NaN NaN NaN NaN NaN NaN NaN NaN NaN NaN NaN NaN NaN NaN NaN NaN NaN NaN NaN 
NaN NaN NaN NaN NaN NaN NaN NaN NaN NaN NaN NaN NaN NaN NaN NaN NaN NaN NaN NaN NaN NaN NaN NaN NaN NaN NaN NaN NaN NaN NaN NaN NaN NaN NaN NaN NaN NaN NaN NaN 
NaN NaN NaN NaN NaN NaN NaN NaN NaN NaN NaN NaN NaN NaN NaN NaN NaN NaN NaN NaN NaN NaN NaN NaN NaN NaN NaN NaN NaN NaN NaN NaN NaN NaN NaN NaN NaN NaN NaN NaN 
NaN NaN NaN NaN NaN NaN NaN NaN NaN NaN NaN NaN NaN NaN NaN NaN NaN NaN NaN NaN NaN NaN NaN NaN NaN NaN NaN NaN NaN NaN NaN NaN NaN NaN NaN NaN NaN NaN NaN NaN 
NaN NaN NaN NaN NaN NaN NaN NaN NaN NaN NaN NaN NaN NaN NaN NaN NaN NaN NaN NaN NaN NaN NaN NaN NaN NaN NaN NaN NaN NaN NaN NaN NaN NaN NaN NaN NaN NaN NaN NaN 
NaN NaN NaN NaN NaN NaN NaN NaN NaN NaN NaN NaN NaN NaN NaN NaN NaN NaN NaN NaN NaN NaN NaN NaN NaN NaN NaN NaN NaN NaN NaN NaN NaN NaN NaN NaN NaN NaN NaN NaN 
NaN NaN NaN NaN NaN NaN NaN NaN NaN NaN NaN NaN NaN NaN NaN NaN NaN NaN NaN NaN NaN NaN NaN NaN NaN NaN NaN NaN NaN NaN NaN NaN NaN NaN NaN NaN NaN NaN NaN NaN 
NaN NaN NaN NaN NaN NaN NaN NaN NaN NaN NaN NaN NaN NaN NaN NaN NaN NaN NaN NaN NaN NaN NaN NaN NaN NaN NaN NaN NaN NaN NaN NaN NaN NaN NaN NaN NaN NaN NaN NaN 
NaN NaN NaN NaN NaN NaN NaN NaN NaN NaN NaN NaN NaN NaN NaN NaN NaN NaN NaN NaN NaN NaN NaN NaN NaN NaN NaN NaN NaN NaN NaN NaN NaN NaN NaN NaN NaN NaN NaN NaN 
NaN NaN NaN NaN NaN NaN NaN NaN NaN NaN NaN NaN NaN NaN NaN NaN NaN NaN NaN NaN NaN NaN NaN NaN NaN NaN NaN NaN NaN NaN NaN NaN NaN NaN NaN NaN NaN NaN NaN NaN 
NaN NaN NaN NaN NaN NaN NaN NaN NaN NaN NaN NaN NaN NaN NaN NaN NaN NaN NaN NaN NaN NaN NaN NaN NaN NaN NaN NaN NaN NaN NaN NaN NaN NaN NaN NaN NaN NaN NaN NaN 
NaN NaN NaN NaN NaN NaN NaN NaN NaN NaN NaN NaN NaN NaN NaN NaN NaN NaN NaN NaN NaN NaN NaN NaN NaN NaN NaN NaN NaN NaN NaN NaN NaN NaN NaN NaN NaN NaN NaN NaN 
NaN NaN NaN NaN NaN NaN NaN NaN NaN NaN NaN NaN NaN NaN NaN NaN NaN NaN NaN NaN NaN NaN NaN NaN NaN NaN NaN NaN NaN NaN NaN NaN NaN NaN NaN NaN NaN NaN NaN NaN 
NaN NaN NaN NaN NaN NaN NaN NaN NaN NaN NaN NaN NaN NaN NaN NaN NaN NaN NaN NaN NaN NaN NaN NaN NaN NaN NaN NaN NaN NaN NaN NaN NaN NaN NaN NaN NaN NaN NaN NaN 
NaN NaN NaN NaN NaN NaN NaN NaN NaN NaN NaN NaN NaN NaN NaN NaN NaN NaN NaN NaN NaN NaN NaN NaN NaN NaN NaN NaN NaN NaN NaN NaN NaN NaN NaN NaN NaN NaN NaN NaN 
NaN NaN NaN NaN NaN NaN NaN NaN NaN NaN NaN NaN NaN NaN NaN NaN NaN NaN NaN NaN NaN NaN NaN NaN NaN NaN NaN NaN NaN NaN NaN NaN NaN NaN NaN NaN NaN NaN NaN NaN 
NaN NaN NaN NaN NaN NaN NaN NaN NaN NaN NaN NaN NaN NaN NaN NaN NaN NaN NaN NaN NaN NaN NaN NaN NaN NaN NaN NaN NaN NaN NaN NaN NaN NaN NaN NaN NaN NaN NaN NaN 
NaN NaN NaN NaN NaN NaN NaN NaN NaN NaN NaN NaN NaN NaN NaN NaN NaN NaN NaN NaN NaN NaN NaN NaN NaN NaN NaN NaN NaN NaN NaN NaN NaN NaN NaN NaN NaN NaN NaN NaN 
NaN NaN NaN NaN NaN NaN NaN NaN NaN NaN NaN NaN NaN NaN NaN NaN NaN NaN NaN NaN NaN NaN NaN NaN NaN NaN NaN NaN NaN NaN NaN NaN NaN NaN NaN NaN NaN NaN NaN NaN 
NaN NaN NaN NaN NaN NaN NaN NaN NaN NaN NaN NaN NaN NaN NaN NaN NaN NaN NaN NaN NaN NaN NaN NaN NaN NaN NaN NaN NaN NaN NaN NaN NaN NaN NaN NaN NaN NaN NaN NaN 
NaN NaN NaN NaN NaN NaN NaN NaN NaN NaN NaN NaN NaN NaN NaN NaN NaN NaN NaN NaN NaN NaN NaN NaN NaN NaN NaN NaN NaN NaN NaN NaN NaN NaN NaN NaN NaN NaN NaN NaN 
NaN NaN NaN NaN NaN NaN NaN NaN NaN NaN NaN NaN NaN NaN NaN NaN NaN NaN NaN NaN NaN NaN NaN NaN NaN NaN NaN NaN NaN NaN NaN NaN NaN NaN NaN NaN NaN NaN NaN NaN 
NaN NaN NaN NaN NaN NaN NaN NaN NaN NaN NaN NaN NaN NaN NaN NaN NaN NaN NaN NaN NaN NaN NaN NaN NaN NaN NaN NaN NaN NaN NaN NaN NaN NaN NaN NaN NaN NaN NaN NaN 
NaN NaN NaN NaN NaN NaN NaN NaN NaN NaN NaN NaN NaN NaN NaN NaN NaN NaN NaN NaN NaN NaN NaN NaN NaN NaN NaN NaN NaN NaN NaN NaN NaN NaN NaN NaN NaN NaN NaN NaN 
NaN NaN NaN NaN NaN NaN NaN NaN NaN NaN NaN NaN NaN NaN NaN NaN NaN NaN NaN NaN NaN NaN NaN NaN NaN NaN NaN NaN NaN NaN NaN NaN NaN NaN NaN NaN NaN NaN NaN NaN 
NaN NaN NaN NaN NaN NaN NaN NaN NaN NaN NaN NaN NaN NaN NaN NaN NaN NaN NaN NaN NaN NaN NaN NaN NaN NaN NaN NaN NaN NaN NaN NaN NaN NaN NaN NaN NaN NaN NaN NaN 
NaN NaN NaN NaN NaN NaN NaN NaN NaN NaN NaN NaN NaN NaN NaN NaN NaN NaN NaN NaN NaN NaN NaN NaN NaN NaN NaN NaN NaN NaN NaN NaN NaN NaN NaN NaN NaN NaN NaN NaN 
NaN NaN NaN NaN NaN NaN NaN NaN NaN NaN NaN NaN NaN NaN NaN NaN NaN NaN NaN NaN NaN NaN NaN NaN NaN NaN NaN NaN NaN NaN NaN NaN NaN NaN NaN NaN NaN NaN NaN NaN 
NaN NaN NaN NaN NaN NaN NaN NaN NaN NaN NaN NaN NaN NaN NaN NaN NaN NaN NaN NaN NaN NaN NaN NaN NaN NaN NaN NaN NaN NaN NaN NaN NaN NaN NaN NaN NaN NaN NaN NaN 
NaN NaN NaN NaN NaN NaN NaN NaN NaN NaN NaN NaN NaN NaN NaN NaN NaN NaN NaN NaN NaN NaN NaN NaN NaN NaN NaN NaN NaN NaN NaN NaN NaN NaN NaN NaN NaN NaN NaN NaN 
NaN NaN NaN NaN NaN NaN NaN NaN NaN NaN NaN NaN NaN NaN NaN NaN NaN NaN NaN NaN NaN NaN NaN NaN NaN NaN NaN NaN NaN NaN NaN NaN NaN NaN NaN NaN NaN NaN NaN NaN 
NaN NaN NaN NaN NaN NaN NaN NaN NaN NaN NaN NaN NaN NaN NaN NaN NaN NaN NaN NaN NaN NaN NaN NaN NaN NaN NaN NaN NaN NaN NaN NaN NaN NaN NaN NaN NaN NaN NaN NaN 
NaN NaN NaN NaN NaN NaN NaN NaN NaN NaN NaN NaN NaN NaN NaN NaN NaN NaN NaN NaN NaN NaN NaN NaN NaN NaN NaN NaN NaN NaN NaN NaN NaN NaN NaN NaN NaN NaN NaN NaN 
NaN NaN NaN NaN NaN NaN NaN NaN NaN NaN NaN NaN NaN NaN NaN NaN NaN NaN NaN NaN NaN NaN NaN NaN NaN NaN NaN NaN NaN NaN NaN NaN NaN NaN NaN NaN NaN NaN NaN NaN 
NaN NaN NaN NaN NaN NaN NaN NaN NaN NaN NaN NaN NaN NaN NaN NaN NaN NaN NaN NaN NaN NaN NaN NaN NaN NaN NaN NaN NaN NaN NaN NaN NaN NaN NaN NaN NaN NaN NaN NaN 
NaN NaN NaN NaN NaN NaN NaN NaN NaN NaN NaN NaN NaN NaN NaN NaN NaN NaN NaN NaN NaN NaN NaN NaN NaN NaN NaN NaN NaN NaN NaN NaN NaN NaN NaN NaN NaN NaN NaN NaN 
NaN NaN NaN NaN NaN NaN NaN NaN NaN NaN NaN NaN NaN NaN NaN NaN NaN NaN NaN NaN NaN NaN NaN NaN NaN NaN NaN NaN NaN NaN NaN NaN NaN NaN NaN NaN NaN NaN NaN NaN 
NaN NaN NaN NaN NaN NaN NaN NaN NaN NaN NaN NaN NaN NaN NaN NaN NaN NaN NaN NaN NaN NaN NaN NaN NaN NaN NaN NaN NaN NaN NaN NaN NaN NaN NaN NaN NaN NaN NaN NaN 
NaN NaN NaN NaN NaN NaN NaN NaN NaN NaN NaN NaN NaN NaN NaN NaN NaN NaN NaN NaN NaN NaN NaN NaN NaN NaN NaN NaN NaN NaN NaN NaN NaN NaN NaN NaN NaN NaN NaN NaN 
NaN NaN NaN NaN NaN NaN NaN NaN NaN NaN NaN NaN NaN NaN NaN NaN NaN NaN NaN NaN NaN NaN NaN NaN NaN NaN NaN NaN NaN NaN NaN NaN NaN NaN NaN NaN NaN NaN NaN NaN 
NaN NaN NaN NaN NaN NaN NaN NaN NaN NaN NaN NaN NaN NaN NaN NaN NaN NaN NaN NaN NaN NaN NaN NaN NaN NaN NaN NaN NaN NaN NaN NaN NaN NaN NaN NaN NaN NaN NaN NaN 
NaN NaN NaN NaN NaN NaN NaN NaN NaN NaN NaN NaN NaN NaN NaN NaN NaN NaN NaN NaN NaN NaN NaN NaN NaN NaN NaN NaN NaN NaN NaN NaN NaN NaN NaN NaN NaN NaN NaN NaN 
NaN NaN NaN NaN NaN NaN NaN NaN NaN NaN NaN NaN NaN NaN NaN NaN NaN NaN NaN NaN NaN NaN NaN NaN NaN NaN NaN NaN NaN NaN NaN NaN NaN NaN NaN NaN NaN NaN NaN NaN 
NaN NaN NaN NaN NaN NaN NaN NaN NaN NaN NaN NaN NaN NaN NaN NaN NaN NaN NaN NaN NaN NaN NaN NaN NaN NaN NaN NaN NaN NaN NaN NaN NaN NaN NaN NaN NaN NaN NaN NaN 
NaN NaN NaN NaN NaN NaN NaN NaN NaN NaN NaN NaN NaN NaN NaN NaN NaN NaN NaN NaN NaN NaN NaN NaN NaN NaN NaN NaN NaN NaN NaN NaN NaN NaN NaN NaN NaN NaN NaN NaN 
NaN NaN NaN NaN NaN NaN NaN NaN NaN NaN NaN NaN NaN NaN NaN NaN NaN NaN NaN NaN NaN NaN NaN NaN NaN NaN NaN NaN NaN NaN NaN NaN NaN NaN NaN NaN NaN NaN NaN NaN 
NaN NaN NaN NaN NaN NaN NaN NaN NaN NaN NaN NaN NaN NaN NaN NaN NaN NaN NaN NaN NaN NaN NaN NaN NaN NaN NaN NaN NaN NaN NaN NaN NaN NaN NaN NaN NaN NaN NaN NaN 
NaN NaN NaN NaN NaN NaN NaN NaN NaN NaN NaN NaN NaN NaN NaN NaN NaN NaN NaN NaN NaN NaN NaN NaN NaN NaN NaN NaN NaN NaN NaN NaN NaN NaN NaN NaN NaN NaN NaN NaN 
NaN NaN NaN NaN NaN NaN NaN NaN NaN NaN NaN NaN NaN NaN NaN NaN NaN NaN NaN NaN NaN NaN NaN NaN NaN NaN NaN NaN NaN NaN NaN NaN NaN NaN NaN NaN NaN NaN NaN NaN 
NaN NaN NaN NaN NaN NaN NaN NaN NaN NaN NaN NaN NaN NaN NaN NaN NaN NaN NaN NaN NaN NaN NaN NaN NaN NaN NaN NaN NaN NaN NaN NaN NaN NaN NaN NaN NaN NaN NaN NaN 
NaN NaN NaN NaN NaN NaN NaN NaN NaN NaN NaN NaN NaN NaN NaN NaN NaN NaN NaN NaN NaN NaN NaN NaN NaN NaN NaN NaN NaN NaN NaN NaN NaN NaN NaN NaN NaN NaN NaN NaN 
NaN NaN NaN NaN NaN NaN NaN NaN NaN NaN NaN NaN NaN NaN NaN NaN NaN NaN NaN NaN NaN NaN NaN NaN NaN NaN NaN NaN NaN NaN NaN NaN NaN NaN NaN NaN NaN NaN NaN NaN 
NaN NaN NaN NaN NaN NaN NaN NaN NaN NaN NaN NaN NaN NaN NaN NaN NaN NaN NaN NaN NaN NaN NaN NaN NaN NaN NaN NaN NaN NaN NaN NaN NaN NaN NaN NaN NaN NaN NaN NaN 
NaN NaN NaN NaN NaN NaN NaN NaN NaN NaN NaN NaN NaN NaN NaN NaN NaN NaN NaN NaN NaN NaN NaN NaN NaN NaN NaN NaN NaN NaN NaN NaN NaN NaN NaN NaN NaN NaN NaN NaN 
NaN NaN NaN NaN NaN NaN NaN NaN NaN NaN NaN NaN NaN NaN NaN NaN NaN NaN NaN NaN NaN NaN NaN NaN NaN NaN NaN NaN NaN NaN NaN NaN NaN NaN NaN NaN NaN NaN NaN NaN 
