NaN NaN NaN NaN NaN NaN NaN NaN NaN NaN NaN NaN NaN NaN NaN NaN NaN NaN NaN NaN NaN NaN NaN NaN NaN NaN NaN NaN NaN NaN NaN NaN NaN NaN NaN NaN NaN NaN NaN NaN 
NaN NaN NaN NaN NaN NaN NaN NaN NaN NaN NaN NaN NaN NaN NaN NaN NaN NaN NaN NaN NaN NaN NaN NaN NaN NaN NaN NaN NaN NaN NaN NaN NaN NaN NaN NaN NaN NaN NaN NaN 
NaN NaN NaN NaN NaN NaN NaN NaN NaN NaN NaN NaN NaN NaN NaN NaN NaN NaN NaN NaN NaN NaN NaN NaN NaN NaN NaN NaN NaN NaN NaN NaN NaN NaN NaN NaN NaN NaN NaN NaN 
NaN NaN NaN NaN NaN NaN NaN NaN NaN NaN NaN NaN NaN NaN NaN NaN NaN NaN NaN NaN NaN NaN NaN NaN NaN NaN NaN NaN NaN NaN NaN NaN NaN NaN NaN NaN NaN NaN NaN NaN 
NaN NaN NaN NaN NaN NaN NaN NaN NaN NaN NaN NaN NaN NaN NaN NaN NaN NaN NaN NaN NaN NaN NaN NaN NaN NaN NaN NaN NaN NaN NaN NaN NaN NaN NaN NaN NaN NaN NaN NaN 
NaN NaN NaN NaN NaN NaN NaN NaN NaN NaN NaN NaN NaN NaN NaN NaN NaN NaN NaN NaN NaN NaN NaN NaN NaN NaN NaN NaN NaN NaN NaN NaN NaN NaN NaN NaN NaN NaN NaN NaN 
NaN NaN NaN NaN NaN NaN NaN NaN NaN NaN NaN NaN NaN NaN NaN NaN NaN NaN NaN NaN NaN NaN NaN NaN NaN NaN NaN NaN NaN NaN NaN NaN NaN NaN NaN NaN NaN NaN NaN NaN 
NaN NaN NaN NaN NaN NaN NaN NaN NaN NaN NaN NaN NaN NaN NaN NaN NaN NaN NaN NaN NaN NaN NaN NaN NaN NaN NaN NaN NaN NaN NaN NaN NaN NaN NaN NaN NaN NaN NaN NaN 
NaN NaN NaN NaN NaN NaN NaN NaN NaN NaN NaN NaN NaN NaN NaN NaN NaN NaN NaN NaN NaN NaN NaN NaN NaN NaN NaN NaN NaN NaN NaN NaN NaN NaN NaN NaN NaN NaN NaN NaN 
NaN NaN NaN NaN NaN NaN NaN NaN NaN NaN NaN NaN NaN NaN NaN NaN NaN NaN NaN NaN NaN NaN NaN NaN NaN NaN NaN NaN NaN NaN NaN NaN NaN NaN NaN NaN NaN NaN NaN NaN 
NaN NaN NaN NaN NaN NaN NaN NaN NaN NaN NaN NaN NaN NaN NaN NaN NaN NaN NaN NaN NaN NaN NaN NaN NaN NaN NaN NaN NaN NaN NaN NaN NaN NaN NaN NaN NaN NaN NaN NaN 
NaN NaN NaN NaN NaN NaN NaN NaN NaN NaN NaN NaN NaN NaN NaN NaN NaN NaN NaN NaN NaN NaN NaN NaN NaN NaN NaN NaN NaN NaN NaN NaN NaN NaN NaN NaN NaN NaN NaN NaN 
NaN NaN NaN NaN NaN NaN NaN NaN NaN NaN NaN NaN NaN NaN NaN NaN NaN NaN NaN NaN NaN NaN NaN NaN NaN NaN NaN NaN NaN NaN NaN NaN NaN NaN NaN NaN NaN NaN NaN NaN 
NaN NaN NaN NaN NaN NaN NaN NaN NaN NaN NaN NaN NaN NaN NaN NaN NaN NaN NaN NaN NaN NaN NaN NaN NaN NaN NaN NaN NaN NaN NaN NaN NaN NaN NaN NaN NaN NaN NaN NaN 
NaN NaN NaN NaN NaN NaN NaN NaN NaN NaN NaN NaN NaN NaN NaN NaN NaN NaN NaN NaN NaN NaN NaN NaN NaN NaN NaN NaN NaN NaN NaN NaN NaN NaN NaN NaN NaN NaN NaN NaN 
NaN NaN NaN NaN NaN NaN NaN NaN NaN NaN NaN NaN NaN NaN NaN NaN NaN NaN NaN NaN NaN NaN NaN NaN NaN NaN NaN NaN NaN NaN NaN NaN NaN NaN NaN NaN NaN NaN NaN NaN 
NaN NaN NaN NaN NaN NaN NaN NaN NaN NaN NaN NaN NaN NaN NaN NaN NaN NaN NaN NaN NaN NaN NaN NaN NaN NaN NaN NaN NaN NaN NaN NaN NaN NaN NaN NaN NaN NaN NaN NaN 
NaN NaN NaN NaN NaN NaN NaN NaN NaN NaN NaN NaN NaN NaN NaN NaN NaN NaN NaN NaN NaN NaN NaN NaN NaN NaN NaN NaN NaN NaN NaN NaN NaN NaN NaN NaN NaN NaN NaN NaN 
NaN NaN NaN NaN NaN NaN NaN NaN NaN NaN NaN NaN NaN NaN NaN NaN NaN NaN NaN NaN NaN NaN NaN NaN NaN NaN NaN NaN NaN NaN NaN NaN NaN NaN NaN NaN NaN NaN NaN NaN 
NaN NaN NaN NaN NaN NaN NaN NaN NaN NaN NaN NaN NaN NaN NaN NaN NaN NaN NaN NaN NaN NaN NaN NaN NaN NaN NaN NaN NaN NaN NaN NaN NaN NaN NaN NaN NaN NaN NaN NaN 
NaN NaN NaN NaN NaN NaN NaN NaN NaN NaN NaN NaN NaN NaN NaN NaN NaN NaN NaN NaN NaN NaN NaN NaN NaN NaN NaN NaN NaN NaN NaN NaN NaN NaN NaN NaN NaN NaN NaN NaN 
NaN NaN NaN NaN NaN NaN NaN NaN NaN NaN NaN NaN NaN NaN NaN NaN NaN NaN NaN NaN NaN NaN NaN NaN NaN NaN NaN NaN NaN NaN NaN NaN NaN NaN NaN NaN NaN NaN NaN NaN 
NaN NaN NaN NaN NaN NaN NaN NaN NaN NaN NaN NaN NaN NaN NaN NaN NaN NaN NaN NaN NaN NaN NaN NaN NaN NaN NaN NaN NaN NaN NaN NaN NaN NaN NaN NaN NaN NaN NaN NaN 
NaN NaN NaN NaN NaN NaN NaN NaN NaN NaN NaN NaN NaN NaN NaN NaN NaN NaN NaN NaN NaN NaN NaN NaN NaN NaN NaN NaN NaN NaN NaN NaN NaN NaN NaN NaN NaN NaN NaN NaN 
NaN NaN NaN NaN NaN NaN NaN NaN NaN NaN NaN NaN NaN NaN NaN NaN NaN NaN NaN NaN NaN NaN NaN NaN NaN NaN NaN NaN NaN NaN NaN NaN NaN NaN NaN NaN NaN NaN NaN NaN 
NaN NaN NaN NaN NaN NaN NaN NaN NaN NaN NaN NaN NaN NaN NaN NaN NaN NaN NaN NaN NaN NaN NaN NaN NaN NaN NaN NaN NaN NaN NaN NaN NaN NaN NaN NaN NaN NaN NaN NaN 
NaN NaN NaN NaN NaN NaN NaN NaN NaN NaN NaN NaN NaN NaN NaN NaN NaN NaN NaN NaN NaN NaN NaN NaN NaN NaN NaN NaN NaN NaN NaN NaN NaN NaN NaN NaN NaN NaN NaN NaN 
NaN NaN NaN NaN NaN NaN NaN NaN NaN NaN NaN NaN NaN NaN NaN NaN NaN NaN NaN NaN NaN NaN NaN NaN NaN NaN NaN NaN NaN NaN NaN NaN NaN NaN NaN NaN NaN NaN NaN NaN 
NaN NaN NaN NaN NaN NaN NaN NaN NaN NaN NaN NaN NaN NaN NaN NaN NaN NaN NaN NaN NaN NaN NaN NaN NaN NaN NaN NaN NaN NaN NaN NaN NaN NaN NaN NaN NaN NaN NaN NaN 
NaN NaN NaN NaN NaN NaN NaN NaN NaN NaN NaN NaN NaN NaN NaN NaN NaN NaN NaN NaN NaN NaN NaN NaN NaN NaN NaN NaN NaN NaN NaN NaN NaN NaN NaN NaN NaN NaN NaN NaN 
NaN NaN NaN NaN NaN NaN NaN NaN NaN NaN NaN NaN NaN NaN NaN NaN NaN NaN NaN NaN NaN NaN NaN NaN NaN NaN NaN NaN NaN NaN NaN NaN NaN NaN NaN NaN NaN NaN NaN NaN 
NaN NaN NaN NaN NaN NaN NaN NaN NaN NaN NaN NaN NaN NaN NaN NaN NaN NaN NaN NaN NaN NaN NaN NaN NaN NaN NaN NaN NaN NaN NaN NaN NaN NaN NaN NaN NaN NaN NaN NaN 
NaN NaN NaN NaN NaN NaN NaN NaN NaN NaN NaN NaN NaN NaN NaN NaN NaN NaN NaN NaN NaN NaN NaN NaN NaN NaN NaN NaN NaN NaN NaN NaN NaN NaN NaN NaN NaN NaN NaN NaN 
NaN NaN NaN NaN NaN NaN NaN NaN NaN NaN NaN NaN NaN NaN NaN NaN NaN NaN NaN NaN NaN NaN NaN NaN NaN NaN NaN NaN NaN NaN NaN NaN NaN NaN NaN NaN NaN NaN NaN NaN 
NaN NaN NaN NaN NaN NaN NaN NaN NaN NaN NaN NaN NaN NaN NaN NaN NaN NaN NaN NaN NaN NaN NaN NaN NaN NaN NaN NaN NaN NaN NaN NaN NaN NaN NaN NaN NaN NaN NaN NaN 
NaN NaN NaN NaN NaN NaN NaN NaN NaN NaN NaN NaN NaN NaN NaN NaN NaN NaN NaN NaN NaN NaN NaN NaN NaN NaN NaN NaN NaN NaN NaN NaN NaN NaN NaN NaN NaN NaN NaN NaN 
NaN NaN NaN NaN NaN NaN NaN NaN NaN NaN NaN NaN NaN NaN NaN NaN NaN NaN NaN NaN NaN NaN NaN NaN NaN NaN NaN NaN NaN NaN NaN NaN NaN NaN NaN NaN NaN NaN NaN NaN 
NaN NaN NaN NaN NaN NaN NaN NaN NaN NaN NaN NaN NaN NaN NaN NaN NaN NaN NaN NaN NaN NaN NaN NaN NaN NaN NaN NaN NaN NaN NaN NaN NaN NaN NaN NaN NaN NaN NaN NaN 
NaN NaN NaN NaN NaN NaN NaN NaN NaN NaN NaN NaN NaN NaN NaN NaN NaN NaN NaN NaN NaN NaN NaN NaN NaN NaN NaN NaN NaN NaN NaN NaN NaN NaN NaN NaN NaN NaN NaN NaN 
NaN NaN NaN NaN NaN NaN NaN NaN NaN NaN NaN NaN NaN NaN NaN NaN NaN NaN NaN NaN NaN NaN NaN NaN NaN NaN NaN NaN NaN NaN NaN NaN NaN NaN NaN NaN NaN NaN NaN NaN 
NaN NaN NaN NaN NaN NaN NaN NaN NaN NaN NaN NaN NaN NaN NaN NaN NaN NaN NaN NaN NaN NaN NaN NaN NaN NaN NaN NaN NaN NaN NaN NaN NaN NaN NaN NaN NaN NaN NaN NaN 
NaN NaN NaN NaN NaN NaN NaN NaN NaN NaN NaN NaN NaN NaN NaN NaN NaN NaN NaN NaN NaN NaN NaN NaN NaN NaN NaN NaN NaN NaN NaN NaN NaN NaN NaN NaN NaN NaN NaN NaN 
NaN NaN NaN NaN NaN NaN NaN NaN NaN NaN NaN NaN NaN NaN NaN NaN NaN NaN NaN NaN NaN NaN NaN NaN NaN NaN NaN NaN NaN NaN NaN NaN NaN NaN NaN NaN NaN NaN NaN NaN 
NaN NaN NaN NaN NaN NaN NaN NaN NaN NaN NaN NaN NaN NaN NaN NaN NaN NaN NaN NaN NaN NaN NaN NaN NaN NaN NaN NaN NaN NaN NaN NaN NaN NaN NaN NaN NaN NaN NaN NaN 
NaN NaN NaN NaN NaN NaN NaN NaN NaN NaN NaN NaN NaN NaN NaN NaN NaN NaN NaN NaN NaN NaN NaN NaN NaN NaN NaN NaN NaN NaN NaN NaN NaN NaN NaN NaN NaN NaN NaN NaN 
NaN NaN NaN NaN NaN NaN NaN NaN NaN NaN NaN NaN NaN NaN NaN NaN NaN NaN NaN NaN NaN NaN NaN NaN NaN NaN NaN NaN NaN NaN NaN NaN NaN NaN NaN NaN NaN NaN NaN NaN 
NaN NaN NaN NaN NaN NaN NaN NaN NaN NaN NaN NaN NaN NaN NaN NaN NaN NaN NaN NaN NaN NaN NaN NaN NaN NaN NaN NaN NaN NaN NaN NaN NaN NaN NaN NaN NaN NaN NaN NaN 
NaN NaN NaN NaN NaN NaN NaN NaN NaN NaN NaN NaN NaN NaN NaN NaN NaN NaN NaN NaN NaN NaN NaN NaN NaN NaN NaN NaN NaN NaN NaN NaN NaN NaN NaN NaN NaN NaN NaN NaN 
NaN NaN NaN NaN NaN NaN NaN NaN NaN NaN NaN NaN NaN NaN NaN NaN NaN NaN NaN NaN NaN NaN NaN NaN NaN NaN NaN NaN NaN NaN NaN NaN NaN NaN NaN NaN NaN NaN NaN NaN 
NaN NaN NaN NaN NaN NaN NaN NaN NaN NaN NaN NaN NaN NaN NaN NaN NaN NaN NaN NaN NaN NaN NaN NaN NaN NaN NaN NaN NaN NaN NaN NaN NaN NaN NaN NaN NaN NaN NaN NaN 
NaN NaN NaN NaN NaN NaN NaN NaN NaN NaN NaN NaN NaN NaN NaN NaN NaN NaN NaN NaN NaN NaN NaN NaN NaN NaN NaN NaN NaN NaN NaN NaN NaN NaN NaN NaN NaN NaN NaN NaN 
NaN NaN NaN NaN NaN NaN NaN NaN NaN NaN NaN NaN NaN NaN NaN NaN NaN NaN NaN NaN NaN NaN NaN NaN NaN NaN NaN NaN NaN NaN NaN NaN NaN NaN NaN NaN NaN NaN NaN NaN 
NaN NaN NaN NaN NaN NaN NaN NaN NaN NaN NaN NaN NaN NaN NaN NaN NaN NaN NaN NaN NaN NaN NaN NaN NaN NaN NaN NaN NaN NaN NaN NaN NaN NaN NaN NaN NaN NaN NaN NaN 
NaN NaN NaN NaN NaN NaN NaN NaN NaN NaN NaN NaN NaN NaN NaN NaN NaN NaN NaN NaN NaN NaN NaN NaN NaN NaN NaN NaN NaN NaN NaN NaN NaN NaN NaN NaN NaN NaN NaN NaN 
NaN NaN NaN NaN NaN NaN NaN NaN NaN NaN NaN NaN NaN NaN NaN NaN NaN NaN NaN NaN NaN NaN NaN NaN NaN NaN NaN NaN NaN NaN NaN NaN NaN NaN NaN NaN NaN NaN NaN NaN 
NaN NaN NaN NaN NaN NaN NaN NaN NaN NaN NaN NaN NaN NaN NaN NaN NaN NaN NaN NaN NaN NaN NaN NaN NaN NaN NaN NaN NaN NaN NaN NaN NaN NaN NaN NaN NaN NaN NaN NaN 
NaN NaN NaN NaN NaN NaN NaN NaN NaN NaN NaN NaN NaN NaN NaN NaN NaN NaN NaN NaN NaN NaN NaN NaN NaN NaN NaN NaN NaN NaN NaN NaN NaN NaN NaN NaN NaN NaN NaN NaN 
NaN NaN NaN NaN NaN NaN NaN NaN NaN NaN NaN NaN NaN NaN NaN NaN NaN NaN NaN NaN NaN NaN NaN NaN NaN NaN NaN NaN NaN NaN NaN NaN NaN NaN NaN NaN NaN NaN NaN NaN 
NaN NaN NaN NaN NaN NaN NaN NaN NaN NaN NaN NaN NaN NaN NaN NaN NaN NaN NaN NaN NaN NaN NaN NaN NaN NaN NaN NaN NaN NaN NaN NaN NaN NaN NaN NaN NaN NaN NaN NaN 
NaN NaN NaN NaN NaN NaN NaN NaN NaN NaN NaN NaN NaN NaN NaN NaN NaN NaN NaN NaN NaN NaN NaN NaN NaN NaN NaN NaN NaN NaN NaN NaN NaN NaN NaN NaN NaN NaN NaN NaN 
NaN NaN NaN NaN NaN NaN NaN NaN NaN NaN NaN NaN NaN NaN NaN NaN NaN NaN NaN NaN NaN NaN NaN NaN NaN NaN NaN NaN NaN NaN NaN NaN NaN NaN NaN NaN NaN NaN NaN NaN 
NaN NaN NaN NaN NaN NaN NaN NaN NaN NaN NaN NaN NaN NaN NaN NaN NaN NaN NaN NaN NaN NaN NaN NaN NaN NaN NaN NaN NaN NaN NaN NaN NaN NaN NaN NaN NaN NaN NaN NaN 
NaN NaN NaN NaN NaN NaN NaN NaN NaN NaN NaN NaN NaN NaN NaN NaN NaN NaN NaN NaN NaN NaN NaN NaN NaN NaN NaN NaN NaN NaN NaN NaN NaN NaN NaN NaN NaN NaN NaN NaN 
NaN NaN NaN NaN NaN NaN NaN NaN NaN NaN NaN NaN NaN NaN NaN NaN NaN NaN NaN NaN NaN NaN NaN NaN NaN NaN NaN NaN NaN NaN NaN NaN NaN NaN NaN NaN NaN NaN NaN NaN 
NaN NaN NaN NaN NaN NaN NaN NaN NaN NaN NaN NaN NaN NaN NaN NaN NaN NaN NaN NaN NaN NaN NaN NaN NaN NaN NaN NaN NaN NaN NaN NaN NaN NaN NaN NaN NaN NaN NaN NaN 
NaN NaN NaN NaN NaN NaN NaN NaN NaN NaN NaN NaN NaN NaN NaN NaN NaN NaN NaN NaN NaN NaN NaN NaN NaN NaN NaN NaN NaN NaN NaN NaN NaN NaN NaN NaN NaN NaN NaN NaN 
NaN NaN NaN NaN NaN NaN NaN NaN NaN NaN NaN NaN NaN NaN NaN NaN NaN NaN NaN NaN NaN NaN NaN NaN NaN NaN NaN NaN NaN NaN NaN NaN NaN NaN NaN NaN NaN NaN NaN NaN 
NaN NaN NaN NaN NaN NaN NaN NaN NaN NaN NaN NaN NaN NaN NaN NaN NaN NaN NaN NaN NaN NaN NaN NaN NaN NaN NaN NaN NaN NaN NaN NaN NaN NaN NaN NaN NaN NaN NaN NaN 
NaN NaN NaN NaN NaN NaN NaN NaN NaN NaN NaN NaN NaN NaN NaN NaN NaN NaN NaN NaN NaN NaN NaN NaN NaN NaN NaN NaN NaN NaN NaN NaN NaN NaN NaN NaN NaN NaN NaN NaN 
NaN NaN NaN NaN NaN NaN NaN NaN NaN NaN NaN NaN NaN NaN NaN NaN NaN NaN NaN NaN NaN NaN NaN NaN NaN NaN NaN NaN NaN NaN NaN NaN NaN NaN NaN NaN NaN NaN NaN NaN 
NaN NaN NaN NaN NaN NaN NaN NaN NaN NaN NaN NaN NaN NaN NaN NaN NaN NaN NaN NaN NaN NaN NaN NaN NaN NaN NaN NaN NaN NaN NaN NaN NaN NaN NaN NaN NaN NaN NaN NaN 
NaN NaN NaN NaN NaN NaN NaN NaN NaN NaN NaN NaN NaN NaN NaN NaN NaN NaN NaN NaN NaN NaN NaN NaN NaN NaN NaN NaN NaN NaN NaN NaN NaN NaN NaN NaN NaN NaN NaN NaN 
NaN NaN NaN NaN NaN NaN NaN NaN NaN NaN NaN NaN NaN NaN NaN NaN NaN NaN NaN NaN NaN NaN NaN NaN NaN NaN NaN NaN NaN NaN NaN NaN NaN NaN NaN NaN NaN NaN NaN NaN 
NaN NaN NaN NaN NaN NaN NaN NaN NaN NaN NaN NaN NaN NaN NaN NaN NaN NaN NaN NaN NaN NaN NaN NaN NaN NaN NaN NaN NaN NaN NaN NaN NaN NaN NaN NaN NaN NaN NaN NaN 
NaN NaN NaN NaN NaN NaN NaN NaN NaN NaN NaN NaN NaN NaN NaN NaN NaN NaN NaN NaN NaN NaN NaN NaN NaN NaN NaN NaN NaN NaN NaN NaN NaN NaN NaN NaN NaN NaN NaN NaN 
NaN NaN NaN NaN NaN NaN NaN NaN NaN NaN NaN NaN NaN NaN NaN NaN NaN NaN NaN NaN NaN NaN NaN NaN NaN NaN NaN NaN NaN NaN NaN NaN NaN NaN NaN NaN NaN NaN NaN NaN 
NaN NaN NaN NaN NaN NaN NaN NaN NaN NaN NaN NaN NaN NaN NaN NaN NaN NaN NaN NaN NaN NaN NaN NaN NaN NaN NaN NaN NaN NaN NaN NaN NaN NaN NaN NaN NaN NaN NaN NaN 
NaN NaN NaN NaN NaN NaN NaN NaN NaN NaN NaN NaN NaN NaN NaN NaN NaN NaN NaN NaN NaN NaN NaN NaN NaN NaN NaN NaN NaN NaN NaN NaN NaN NaN NaN NaN NaN NaN NaN NaN 
NaN NaN NaN NaN NaN NaN NaN NaN NaN NaN NaN NaN NaN NaN NaN NaN NaN NaN NaN NaN NaN NaN NaN NaN NaN NaN NaN NaN NaN NaN NaN NaN NaN NaN NaN NaN NaN NaN NaN NaN 
NaN NaN NaN NaN NaN NaN NaN NaN NaN NaN NaN NaN NaN NaN NaN NaN NaN NaN NaN NaN NaN NaN NaN NaN NaN NaN NaN NaN NaN NaN NaN NaN NaN NaN NaN NaN NaN NaN NaN NaN 
NaN NaN NaN NaN NaN NaN NaN NaN NaN NaN NaN NaN NaN NaN NaN NaN NaN NaN NaN NaN NaN NaN NaN NaN NaN NaN NaN NaN NaN NaN NaN NaN NaN NaN NaN NaN NaN NaN NaN NaN 
NaN NaN NaN NaN NaN NaN NaN NaN NaN NaN NaN NaN NaN NaN NaN NaN NaN NaN NaN NaN NaN NaN NaN NaN NaN NaN NaN NaN NaN NaN NaN NaN NaN NaN NaN NaN NaN NaN NaN NaN 
NaN NaN NaN NaN NaN NaN NaN NaN NaN NaN NaN NaN NaN NaN NaN NaN NaN NaN NaN NaN NaN NaN NaN NaN NaN NaN NaN NaN NaN NaN NaN NaN NaN NaN NaN NaN NaN NaN NaN NaN 
NaN NaN NaN NaN NaN NaN NaN NaN NaN NaN NaN NaN NaN NaN NaN NaN NaN NaN NaN NaN NaN NaN NaN NaN NaN NaN NaN NaN NaN NaN NaN NaN NaN NaN NaN NaN NaN NaN NaN NaN 
NaN NaN NaN NaN NaN NaN NaN NaN NaN NaN NaN NaN NaN NaN NaN NaN NaN NaN NaN NaN NaN NaN NaN NaN NaN NaN NaN NaN NaN NaN NaN NaN NaN NaN NaN NaN NaN NaN NaN NaN 
NaN NaN NaN NaN NaN NaN NaN NaN NaN NaN NaN NaN NaN NaN NaN NaN NaN NaN NaN NaN NaN NaN NaN NaN NaN NaN NaN NaN NaN NaN NaN NaN NaN NaN NaN NaN NaN NaN NaN NaN 
-97.616563 -97.707493 -97.859767 -98.119370 -98.477074 -98.989786 -99.635138 -100.494524 -101.689799 -103.181127 -105.022443 -107.016543 -108.081140 -107.177586 -105.184390 -103.349161 -102.048303 -101.433618 -101.596204 -102.732584 -105.324717 -110.367014 -113.662312 -108.423164 -105.271643 -105.066705 -108.270780 -117.350571 -110.990249 -105.808547 -105.730914 -109.086624 -109.969818 -106.256308 -103.258813 -101.858508 -103.940205 -110.648160 -111.253050 -110.486321 
-66.164680 -72.681593 -79.765329 -82.189012 -85.673660 -80.431085 -75.799215 -77.577537 -76.941255 -75.916532 -80.869365 -83.301708 -82.519527 -84.067642 -82.653526 -85.494255 -80.780516 -84.025864 -85.988870 -79.209577 -80.349689 -80.271068 -83.462503 -77.110649 -84.135351 -82.234583 -81.036196 -78.294214 -78.367916 -81.870654 -82.129731 -82.651752 -78.759583 -80.589042 -78.854085 -78.870209 -80.168208 -85.195073 -83.525938 -84.058623 
-63.216055 -80.245979 -82.411987 -80.765892 -88.145394 -80.754931 -77.647234 -75.196170 -77.217582 -76.533700 -77.257518 -80.493861 -79.241743 -83.030827 -80.289468 -79.403845 -78.085595 -77.563339 -77.730918 -79.681074 -77.470955 -76.836863 -76.668625 -73.634895 -77.363422 -78.181346 -77.714712 -76.316474 -72.320710 -75.994941 -77.454518 -78.292704 -78.948983 -78.274500 -76.386737 -77.345283 -78.138851 -79.111534 -75.154852 -76.687998 
-62.507726 -73.489332 -78.011018 -77.068627 -80.894979 -81.638617 -80.621867 -73.520291 -76.726862 -82.148402 -73.276580 -76.540188 -71.921343 -70.698839 -73.125200 -76.184775 -77.873702 -75.108311 -75.242894 -76.604606 -78.842756 -72.395671 -72.432051 -73.500243 -74.956582 -78.112817 -75.024195 -74.718720 -73.823865 -76.136861 -77.846223 -80.355967 -78.655002 -74.861514 -74.621887 -78.359341 -78.461019 -76.070072 -76.116376 -77.867421 
-49.248076 -51.330531 -51.123444 -50.990162 -52.277577 -55.471868 -60.806961 -68.407352 -64.770429 -60.528952 -61.177603 -68.500213 -68.364818 -63.984003 -66.873008 -69.228864 -66.685235 -68.255545 -72.056713 -69.800189 -70.058539 -70.355928 -71.808639 -71.529518 -73.087456 -71.792853 -72.612627 -72.955551 -72.035082 -74.257328 -73.730853 -74.428850 -74.103918 -73.453812 -75.982098 -76.605107 -74.140858 -74.698740 -76.151956 -75.763329 
-21.119625 -26.211104 -31.600963 -34.980254 -38.938819 -45.269672 -48.285847 -47.405017 -47.432273 -49.403616 -54.784661 -51.727171 -49.575951 -56.006316 -56.675548 -55.327040 -57.451975 -55.026478 -58.675332 -60.402117 -60.958724 -61.238436 -61.639423 -63.351948 -64.537436 -62.010689 -62.535310 -63.735659 -64.542092 -65.374810 -66.842622 -67.076346 -67.959737 -67.992163 -69.211347 -71.543278 -71.341394 -70.777326 -73.410098 -70.164888 
-22.010150 -33.322147 -42.056738 -46.881495 -48.927623 -59.391500 -61.435714 -56.687188 -60.743094 -60.670782 -64.187597 -60.094798 -58.989785 -62.316703 -61.819813 -63.079726 -65.288542 -64.664637 -68.995261 -74.513269 -70.710620 -63.680295 -64.507671 -69.654726 -67.691122 -68.822839 -67.666324 -69.554547 -71.529230 -68.393022 -71.185157 -70.379465 -70.220081 -72.193757 -73.385364 -74.014220 -74.827972 -73.085162 -72.974997 -72.441583 
-24.623425 -37.542587 -45.013204 -51.322461 -57.069006 -62.157167 -62.839389 -60.560454 -61.102908 -62.715448 -67.063782 -63.041328 -64.096266 -71.288064 -71.124960 -68.228998 -70.146588 -72.442784 -69.819497 -69.406449 -68.496009 -67.264045 -66.632088 -64.569127 -69.895823 -67.999387 -67.672138 -69.834972 -69.759307 -72.696512 -71.515707 -73.475990 -70.248477 -68.034344 -71.733585 -72.662102 -72.186388 -72.556087 -71.984497 -75.240834 
-36.601842 -31.121549 -40.146886 -50.390908 -57.098191 -56.238701 -60.362139 -65.315430 -65.265786 -72.359150 -68.652011 -60.239103 -66.229460 -66.448085 -66.918020 -71.038747 -71.640369 -71.007933 -67.381052 -66.761096 -69.495803 -69.345182 -65.969537 -68.688173 -69.134819 -72.434788 -70.507928 -68.154209 -69.975148 -71.418879 -73.086788 -72.687250 -70.546274 -70.325866 -71.679709 -69.689213 -70.586210 -70.100849 -70.016082 -72.180342 
-29.581894 -42.756125 -47.033964 -50.659049 -57.035355 -54.345372 -48.057958 -42.958526 -47.793781 -57.728842 -60.818541 -57.607756 -61.666278 -69.270314 -66.767848 -67.377131 -69.371015 -64.504910 -62.499009 -62.396829 -53.646721 -60.616778 -63.552121 -58.123968 -55.991585 -57.544040 -52.130898 -52.645487 -54.497067 -59.680347 -63.672939 -67.755443 -72.001801 -68.754486 -68.670243 -69.679927 -69.367847 -69.471350 -68.937852 -68.559879 
-21.613952 -30.622957 -37.675592 -44.411632 -46.246029 -45.969243 -41.926678 -36.085013 -34.664667 -39.087640 -40.700686 -42.109068 -45.033206 -48.697736 -46.841746 -47.104242 -46.748160 -48.299694 -46.986961 -48.751082 -42.928569 -39.481885 -36.837664 -28.232786 -24.730044 -25.928741 -25.958483 -33.276811 -31.615583 -39.268127 -47.478936 -48.468475 -54.140656 -44.493794 -47.038680 -46.973919 -51.300174 -52.162447 -50.183715 -51.932133 
-24.186890 -40.329930 -39.247442 -45.023589 -45.709844 -47.722141 -45.311927 -38.920004 -39.107083 -43.471972 -44.390788 -40.177788 -47.360127 -48.674586 -47.137779 -45.274865 -44.302779 -41.377922 -35.276609 -34.898059 -32.145433 -33.242067 -27.597535 -20.542594 -18.408886 -19.544913 -18.209840 -23.473207 -22.233833 -25.410321 -28.695425 -29.902739 -33.899556 -34.459109 -38.646704 -37.524656 -40.295281 -38.932266 -38.474353 -38.965502 
-33.445177 -38.920324 -49.210975 -54.370057 -58.061213 -63.992790 -67.363318 -61.176056 -60.413710 -61.197652 -51.766149 -51.751891 -54.735427 -58.348205 -53.085664 -47.441616 -50.350787 -34.451739 -36.264189 -34.546119 -25.682031 -25.783812 -22.508433 -14.992202 -10.611476 -9.837793 -8.777539 -11.335634 -13.570372 -17.209339 -21.473455 -25.210293 -29.552093 -27.918530 -26.190849 -28.551366 -30.987597 -33.517864 -31.538255 -30.810890 
-25.145458 -40.235641 -45.822835 -49.837831 -48.565148 -50.657437 -51.841424 -44.465100 -44.275586 -46.782535 -46.556194 -54.201097 -48.160615 -47.629637 -52.519315 -47.869251 -42.943768 -31.292097 -30.531668 -25.571878 -26.451644 -27.196290 -16.623069 -11.757138 -6.392705 -5.966931 -4.896160 -5.376483 -10.880337 -14.971018 -19.823513 -19.913562 -23.454072 -22.628551 -22.387050 -21.834249 -25.250025 -26.265202 -22.846466 -27.250616 
-26.117422 -35.633931 -39.403098 -41.622807 -41.273558 -52.280422 -47.291331 -36.363205 -39.360421 -39.700213 -38.243063 -45.718646 -40.567619 -40.918474 -46.729632 -42.391983 -38.347039 -37.911258 -28.472874 -25.688734 -24.792116 -19.373070 -18.735637 -12.832092 -6.147543 -1.560525 -3.463954 -1.303724 -3.329759 -10.595342 -13.605020 -16.141538 -16.619245 -17.438601 -18.654455 -19.435881 -19.581509 -21.372659 -18.558641 -20.594812 
-29.989465 -42.946400 -46.696425 -44.178850 -43.911462 -41.425262 -32.615680 -34.425348 -42.322928 -41.448432 -42.016559 -42.208878 -36.221793 -36.879276 -35.471560 -34.852638 -30.366926 -34.364349 -29.804129 -25.224515 -22.183255 -14.475996 -11.626556 -7.641385 -2.291566 -2.727387 -2.269094 -5.429677 -6.854784 -8.324323 -11.444244 -15.377695 -16.579179 -14.843027 -18.945978 -17.854262 -17.706912 -19.514375 -13.935648 -17.792675 
-31.153185 -27.026944 -29.212049 -39.936151 -48.051599 -36.519268 -32.000569 -38.550729 -41.846446 -39.947397 -34.783512 -36.137940 -34.241506 -35.663103 -38.331897 -35.647562 -33.544728 -32.512733 -29.146147 -23.414971 -18.068254 -14.186419 -9.170077 -8.865571 -1.616153 -2.602496 -0.107914 -3.866928 -2.485871 -7.897709 -11.631299 -16.024200 -15.010682 -15.852546 -16.044169 -15.534486 -16.439764 -21.478923 -15.265407 -15.429599 
-31.889166 -29.345948 -28.307160 -32.091842 -37.446031 -28.209856 -24.803203 -26.733467 -35.675232 -30.294184 -34.868825 -32.058342 -28.039779 -32.134651 -30.910025 -28.037821 -32.279724 -35.241959 -25.354574 -18.426754 -14.607988 -11.486413 -13.015041 -7.965737 2.494657 -0.511355 0.760075 0.887282 -4.987073 -9.139482 -12.014414 -12.512394 -12.377086 -15.816271 -15.184793 -17.889218 -18.997558 -21.603666 -16.269896 -15.767070 
-28.010585 -29.517662 -27.619374 -25.341533 -33.443459 -26.208595 -22.007149 -22.337643 -23.933153 -26.278192 -34.380941 -29.361073 -33.323609 -33.385116 -32.311684 -29.989710 -33.281921 -32.189040 -23.210251 -20.012666 -13.992628 -14.630740 -11.135485 -6.697386 2.667373 -4.664504 -7.340596 -4.318240 -9.259173 -11.398540 -12.505681 -13.790551 -16.766045 -19.483781 -18.767392 -18.692281 -19.497121 -22.531710 -17.043183 -16.883553 
-17.194952 -29.495439 -27.217322 -21.601125 -27.160737 -21.794610 -18.164207 -27.013180 -27.985188 -32.915409 -30.821010 -27.725952 -28.303265 -32.546854 -31.146191 -34.692495 -26.811100 -25.098412 -20.681863 -22.649009 -15.383528 -9.867540 -11.348683 -11.554041 -0.508298 -5.035340 -12.120255 -5.974194 -9.023556 -13.916379 -18.126726 -20.182235 -22.620863 -22.723762 -24.470466 -25.177103 -23.215590 -22.996087 -19.509941 -21.446114 
-24.207089 -26.951749 -24.617144 -21.164394 -24.012461 -21.623892 -16.569795 -19.484083 -29.092227 -32.056914 -27.135735 -27.570013 -30.304483 -33.903812 -32.624916 -30.789773 -28.720304 -27.401325 -27.024222 -21.854892 -24.625437 -13.200629 -12.004678 -8.757958 -2.177701 -8.300106 -15.236192 -12.481282 -11.754557 -18.812124 -22.862601 -23.037046 -25.543301 -23.726678 -31.151015 -30.891309 -28.559235 -26.833891 -26.199841 -26.400172 
-20.188899 -19.575298 -5.973584 5.079145 7.589202 1.888182 -5.836854 -6.340469 -7.788089 -17.762185 -22.774133 -20.919706 -27.097974 -29.104341 -25.872280 -25.703912 -25.546413 -27.490726 -26.757407 -23.670733 -17.584772 -12.070019 -9.893164 -8.928156 -8.899482 -12.955796 -19.622018 -17.658856 -15.947612 -23.759816 -26.584828 -27.418017 -28.828438 -29.417254 -34.592961 -36.428021 -35.935312 -31.368840 -29.712944 -32.124023 
-13.204830 -11.889803 -5.545560 12.808172 18.263423 12.371629 4.641185 9.619360 8.628992 -9.941734 -5.333380 -5.690688 -13.491074 -8.593428 -15.599704 -12.865481 -15.488287 -13.867162 -16.196596 -12.894815 -7.344467 -2.102365 2.157507 -1.050138 -6.382850 -10.090546 -12.057811 -10.750683 -11.928396 -16.056108 -16.701707 -22.992290 -34.892068 -35.965078 -43.604842 -44.164606 -43.522998 -33.018258 -35.373462 -37.352296 
-13.077388 -21.417707 -18.196379 10.444497 15.747829 2.312066 -3.711259 16.380089 17.502963 -4.928445 -1.349088 -4.750142 -13.035025 -3.050676 -16.220524 -8.428367 -15.321146 -7.802706 -12.791885 -3.929444 0.596392 5.731322 7.977970 3.230648 -3.984134 -5.091983 -4.945105 -4.209008 -3.894952 -9.069038 -12.671175 -20.404301 -38.737485 -37.171837 -40.497074 -41.276785 -42.059640 -32.683085 -36.994333 -36.843511 
-19.190683 -22.442232 -17.514756 7.728142 14.411530 1.258893 -12.731517 15.476725 22.195428 1.871290 -3.700424 0.750085 -16.716929 -1.791456 -7.961645 -8.330360 -7.448712 -6.854575 -9.116734 1.102612 4.948350 10.344380 7.809827 3.978894 -0.678431 -6.233240 -3.534823 -9.340752 -4.857038 -12.149695 -16.168758 -22.584992 -41.211567 -38.285190 -43.643405 -43.094900 -43.959521 -35.276176 -37.071701 -39.747399 
-19.280975 -22.541535 -23.579270 3.861988 13.226355 2.458650 -15.227091 13.573139 23.595806 6.273305 -5.723509 5.031922 -9.556188 -1.058724 -1.626327 -9.143667 -2.986865 -10.975258 -4.391837 2.567861 6.213027 14.608011 6.779977 5.646785 -2.067793 -10.167325 -7.373665 -9.346345 -5.880514 -10.436386 -17.973507 -23.162098 -32.779266 -32.875517 -35.206969 -35.493184 -35.593029 -34.807567 -36.135002 -36.304648 
-35.206095 -33.746116 -21.509395 0.839009 12.602187 4.800540 -10.976462 9.913416 23.490940 9.797737 -9.904494 5.052276 -4.281070 -6.009517 1.555458 -13.117513 -2.077334 -10.632188 -3.243643 -2.210072 7.486699 11.361020 7.955673 7.460102 -6.104557 -8.000614 -7.046796 -5.541449 -4.012261 -11.067655 -15.367335 -19.149436 -32.075712 -38.003785 -43.136052 -41.911009 -39.655861 -39.837895 -41.415130 -42.177613 
-21.336657 -22.703378 -18.981746 -1.981836 12.133934 6.132640 -12.879476 4.014123 22.876813 13.329008 -11.223705 2.157618 -2.321455 -13.910297 1.414379 -11.492232 -3.937720 -9.123031 -2.845875 -2.823835 9.986124 7.732957 7.934008 4.669233 -5.193520 -8.223217 -7.634468 -10.593519 -6.292637 -13.859792 -22.693883 -25.344189 -30.690873 -38.980632 -41.147943 -40.717954 -38.346045 -37.705921 -39.844321 -41.566410 
-23.357063 -23.453517 -21.334826 -3.636496 11.749045 7.408162 -11.295027 -1.986733 21.223893 15.468715 -10.469231 -0.451734 -0.507773 -15.284467 -0.345007 -9.527571 -6.663191 -6.313337 -4.874324 -2.024998 10.281110 6.058528 5.191888 0.148027 -3.455006 -10.695560 -10.628670 -12.755044 -10.867863 -15.847442 -21.335135 -24.805369 -33.217361 -42.806725 -44.863725 -44.780528 -38.782590 -42.103829 -43.034534 -45.534691 
-26.705802 -28.328848 -28.539801 -5.911935 11.497073 7.813320 -13.322589 -7.882567 19.870684 15.787326 -10.040652 -2.307073 -0.302422 -16.218273 -0.884880 -8.278029 -8.018490 -5.910535 -5.790014 -2.513675 8.970364 5.476657 4.237680 -1.430568 -3.978940 -11.816618 -11.457723 -13.210424 -8.065905 -13.492200 -20.232208 -24.235138 -28.644277 -30.172555 -30.733014 -31.079511 -30.455773 -31.695826 -32.078324 -32.206669 
-26.604048 -26.873836 -19.803481 -3.596281 11.746910 6.770409 -10.608648 -1.387387 20.474575 13.516352 -12.121646 1.429168 -0.395594 -14.735703 0.406336 -9.729933 -4.824837 -7.675850 -2.806642 -4.449188 10.856576 4.092242 3.582768 -0.150159 -4.832210 -8.505310 -10.154434 -14.738804 -8.033220 -12.540679 -22.975212 -23.569809 -28.694594 -36.648557 -37.199299 -37.081186 -35.555365 -37.679523 -38.040075 -38.384558 
-23.770810 -27.873718 -20.240030 1.180595 12.618759 5.260289 -16.589191 4.059219 21.298227 10.175817 -8.668611 6.806035 -1.418821 -7.891901 2.657960 -12.966698 -3.981490 -10.477846 -0.961361 0.780165 11.999718 6.138012 4.946255 3.085610 -6.468777 -11.908187 -13.462835 -13.392882 -12.887304 -15.129441 -23.110562 -28.496242 -33.948621 -40.343930 -40.954940 -41.207375 -40.775830 -41.702652 -42.417492 -42.586711 
-26.874540 -29.261042 -23.917787 2.816005 11.836285 1.604458 -11.691815 11.851890 21.345623 6.770630 0.748678 10.592244 -4.253018 -0.539197 2.079292 -7.811186 -2.974085 -6.081604 -0.670017 5.826456 9.561800 11.626040 4.840253 1.928080 -5.014127 -11.434435 -14.739952 -16.241399 -9.382556 -16.030191 -23.094839 -31.508287 -40.434635 -43.531475 -44.227316 -44.739155 -44.864042 -45.427107 -45.407959 -45.639632 
-23.402782 -26.559649 -17.759262 5.572705 10.537390 -2.945978 -2.990586 16.266439 16.671078 1.497803 11.499594 10.564539 -4.628889 3.146237 -4.291437 -2.757563 -5.894260 -0.811393 0.175972 6.780115 10.914094 12.081853 6.099318 -0.854891 -8.157484 -13.041251 -15.335946 -12.687493 -9.788358 -22.226586 -24.551967 -33.305292 -39.043228 -41.355615 -42.010296 -41.816928 -42.162003 -42.300942 -41.558348 -41.958607 
-19.529567 -20.826323 -4.552101 8.975474 6.648778 -6.658237 10.031754 17.718316 6.717231 11.516250 14.142415 3.151912 4.074609 -2.158331 -3.057204 -4.823919 -5.014948 -4.008388 0.667713 4.405661 9.164830 7.972417 2.772740 -3.878684 -10.186797 -15.149993 -15.231009 -10.964313 -11.142003 -20.237746 -29.679404 -32.427687 -38.468511 -47.441161 -49.066403 -45.528603 -46.291171 -45.349928 -42.667918 -40.930568 
-22.706904 -17.959986 1.981924 10.344581 0.410532 -0.335405 13.361029 10.307646 8.495279 17.467461 6.107468 4.033908 -2.340517 -3.490357 -5.836303 -4.340966 -6.059019 -5.691892 0.501065 6.774816 8.764624 7.014772 1.202426 -6.790788 -16.135804 -14.941418 -13.685850 -9.339714 -13.029163 -19.331387 -34.473076 -29.419157 -35.813290 -56.197500 -61.191759 -50.420774 -52.186959 -48.807339 -45.556789 -44.526289 
-21.825178 -9.076104 6.877998 10.266657 -2.051985 6.057300 10.632147 6.267328 17.905977 15.613654 4.040302 1.571329 1.581016 -1.687700 -3.797501 -5.664904 -4.192805 -7.611478 -1.593884 7.930337 9.569298 8.112138 -0.231877 -8.764372 -17.204624 -17.563327 -13.530534 -6.721969 -12.300399 -20.799606 -36.479150 -26.981103 -33.985892 -57.375552 -59.036993 -54.358468 -47.642988 -46.343038 -45.440753 -47.058787 
-20.089839 -2.925107 9.549487 7.258091 1.098076 9.440670 4.661155 13.377336 18.214715 10.201063 7.366366 4.769657 2.405906 -0.578556 -4.194674 -6.416446 -3.972462 -1.492753 3.981080 9.409948 10.826104 8.117789 -3.572218 -12.361219 -17.501533 -21.073185 -11.589214 -7.807530 -11.784330 -21.008129 -34.579490 -28.465908 -33.579617 -45.206734 -45.679389 -45.987099 -44.321384 -44.190042 -43.995695 -44.272352 
-21.476147 0.313563 8.881176 3.540392 5.601315 8.508244 4.558737 13.972354 13.529972 14.379790 4.672256 4.147216 1.238570 -1.635860 -4.239847 -7.797867 -4.349417 1.354733 7.857245 12.429412 8.447367 4.342700 -9.063127 -13.556810 -20.202644 -22.942168 -11.554917 -6.150731 -15.235760 -20.701658 -31.942295 -29.899999 -34.572030 -45.868975 -46.558246 -47.160827 -46.702366 -45.579563 -42.746430 -44.920875 
-11.840294 3.141136 7.872157 1.920446 8.654557 6.077543 7.078198 7.791641 14.584203 12.800252 2.366455 -1.534256 -2.128930 -1.370661 -2.330654 -5.966475 -2.105222 3.327737 8.853125 9.841260 6.800915 0.090844 -12.261252 -18.830332 -19.774191 -22.754894 -14.335804 -8.585542 -15.671659 -26.072031 -29.819708 -28.345697 -32.218873 -34.861961 -35.472939 -35.992102 -36.383502 -36.543795 -36.426811 -37.037996 
-12.042193 4.197128 5.986961 2.165686 6.214527 1.535750 3.055112 5.729661 12.796382 6.078501 2.827995 1.163725 -1.093288 -5.713879 -5.467028 -4.655562 -2.122555 3.533455 9.399785 9.354288 5.274337 -5.151917 -14.638832 -23.422154 -23.647729 -24.679463 -17.617821 -10.935776 -19.831937 -30.325927 -34.280430 -33.223782 -41.322797 -50.645469 -51.367104 -51.901748 -48.605858 -49.541119 -50.210224 -50.943121 
-8.378555 4.883815 4.274050 2.739254 3.060113 -0.816097 1.567041 8.439058 8.780622 9.258989 -1.531134 -1.424031 -2.430798 -6.042155 -5.714825 -4.041895 -1.425112 3.003244 8.151892 5.634144 2.565869 -7.795527 -17.480530 -26.988856 -26.704349 -30.162588 -21.451761 -14.988346 -23.060112 -33.705722 -38.099309 -32.142349 -38.005545 -62.319076 -63.623550 -63.307820 -52.138065 -49.203434 -55.064872 -59.820103 
-7.848813 5.122422 2.790234 3.411081 1.496602 -2.009855 -0.153012 5.085509 7.037673 6.721884 -5.277072 -3.563422 -4.392076 -5.674143 -7.439643 -6.743126 -5.885281 0.155352 4.745091 3.420032 -3.323802 -16.963309 -27.133365 -29.393063 -26.829480 -28.750053 -28.103302 -20.199254 -27.715564 -33.705867 -38.712281 -32.393261 -41.793357 -53.880370 -54.701144 -55.235226 -49.217686 -45.474248 -53.382291 -56.760048 
-7.102978 5.394309 2.310518 3.511271 1.167534 -2.192295 0.202461 4.938964 6.263382 1.895063 -3.943050 -3.922469 -7.654434 -8.686739 -7.932748 -7.035571 -5.503309 -0.498200 3.424131 0.383583 -8.649499 -18.748132 -28.120707 -32.175367 -32.724225 -32.220034 -26.805535 -20.559483 -29.902654 -40.330889 -40.986315 -36.017780 -44.106916 -56.168541 -56.665135 -56.154392 -46.340394 -44.731043 -51.856989 -55.200235 
-7.051547 4.936047 1.855851 2.665389 -0.716664 -3.117770 -1.418625 2.380928 3.704685 -0.784525 -3.921982 -4.921664 -10.039789 -10.166995 -9.719787 -7.135920 -6.488540 0.127515 1.230880 -2.591428 -12.760058 -22.144151 -31.187816 -34.503005 -34.955789 -33.865495 -29.621988 -23.070640 -32.611441 -41.760240 -44.050999 -37.412114 -42.682335 -47.671350 -48.045893 -48.239443 -41.573402 -42.433944 -47.921009 -48.769065 
-7.064848 4.377507 1.667996 2.935011 -0.511866 -4.359797 -1.865930 0.194318 3.114341 0.950322 -2.483368 -6.128732 -7.558818 -8.020197 -9.259928 -9.912376 -5.067170 -0.858317 -1.758959 -5.888179 -20.377769 -25.972478 -34.321241 -36.588967 -39.399636 -38.503120 -29.825892 -25.998228 -37.908249 -44.945912 -47.393991 -41.024550 -45.624532 -50.062668 -50.549849 -50.790612 -41.393892 -43.855144 -49.554934 -51.003056 
-5.443625 3.760473 1.252815 2.863697 -2.046289 -4.496541 -2.677500 -1.893712 1.497683 0.631451 -5.896081 -9.621638 -7.180227 -10.965704 -13.276478 -11.563983 -7.193409 -2.878897 -5.572442 -10.920210 -20.870748 -28.949119 -38.258133 -37.987110 -42.018620 -40.733069 -34.544037 -28.505879 -38.142849 -47.895262 -52.048725 -44.159282 -48.577070 -54.504890 -54.924068 -54.849886 -44.530271 -42.336812 -49.625346 -53.196370 
-7.119668 2.883091 0.983012 1.896481 -3.959221 -4.927500 -3.069889 -3.988468 -1.419910 -0.507534 -9.392386 -6.373616 -9.531767 -13.387295 -14.691478 -10.980834 -7.170946 -5.574846 -7.866734 -13.530107 -23.383246 -32.011812 -39.544655 -41.625144 -41.591530 -44.132305 -38.245071 -33.365428 -42.773099 -47.720707 -52.632237 -47.406145 -51.327944 -55.310689 -55.706900 -55.974094 -48.458912 -41.398231 -49.685270 -55.192311 
-5.999705 1.994785 0.006928 0.581384 -8.090680 -7.485635 -5.299589 -3.898850 -2.966742 -2.500630 -6.793699 -9.169950 -14.715303 -14.223249 -16.683108 -13.876007 -9.556651 -6.797792 -8.926579 -16.065891 -25.384624 -36.348486 -41.619375 -46.188804 -48.065044 -47.686899 -42.458580 -38.340226 -47.940681 -54.590993 -59.016485 -50.195662 -57.156876 -68.640050 -68.774441 -69.217645 -48.170189 -41.928131 -48.613262 -56.427889 
-5.235950 1.188198 -1.208356 -1.382247 -9.635698 -8.847166 -7.641547 -5.576025 -3.472718 -5.413227 -8.896078 -12.038041 -14.663427 -16.546263 -16.837373 -17.036009 -12.646985 -9.504221 -10.562890 -17.460050 -27.629565 -38.701194 -44.147760 -49.079319 -51.885969 -48.967005 -42.944339 -38.266326 -47.070834 -56.775860 -61.007932 -49.500829 -54.057724 -70.305645 -69.979249 -72.037451 -49.736848 -44.069227 -47.786576 -55.685011 
-5.489504 -0.199661 -2.620065 -2.758030 -9.071701 -9.049711 -8.525672 -7.576062 -4.046106 -7.893102 -11.531316 -16.453895 -14.838726 -18.335376 -18.934371 -19.021079 -17.364736 -16.257718 -14.150591 -21.198241 -27.550891 -40.157733 -47.050415 -47.444240 -51.945373 -48.409570 -41.545736 -37.929342 -48.270967 -56.443796 -59.235316 -50.374229 -56.776472 -60.948798 -60.763572 -63.111409 -51.455698 -46.115137 -49.085080 -57.014080 
-5.673130 -1.052233 -3.666791 -3.845116 -9.240043 -9.255791 -8.995958 -8.084246 -4.369773 -8.745545 -13.103854 -16.237276 -18.927800 -21.007576 -22.719386 -19.797619 -18.059496 -16.858717 -16.440321 -20.440880 -29.307305 -43.409201 -47.348056 -50.876265 -50.840965 -53.140224 -41.709683 -36.884076 -48.403664 -59.683872 -63.834535 -50.079682 -56.317467 -66.441383 -65.316448 -73.420587 -56.335486 -47.256514 -49.838825 -59.041680 
-5.943489 -1.444144 -3.769619 -4.957072 -10.592847 -8.848767 -9.292646 -9.453781 -4.995681 -7.196349 -12.445498 -16.084520 -16.156055 -18.345547 -21.919963 -21.087039 -18.144262 -15.161738 -13.831562 -17.032672 -26.108002 -39.869424 -46.018464 -51.768669 -50.852504 -51.678467 -46.820671 -43.313884 -53.200868 -57.572061 -58.674198 -53.956776 -59.062336 -61.694353 -62.127110 -62.766902 -55.533286 -47.764866 -52.072530 -58.443464 
-6.528389 -1.498988 -3.836185 -7.143662 -12.098965 -10.602836 -12.042505 -12.580158 -9.773362 -9.055285 -16.057020 -18.063356 -20.710454 -26.271455 -25.351333 -24.887090 -27.731649 -24.476391 -16.583893 -20.625979 -34.417253 -43.998999 -48.297989 -50.291504 -51.289310 -51.523864 -47.997436 -47.431240 -53.389466 -54.697593 -55.334549 -49.070527 -55.449665 -57.247724 -57.686174 -57.956101 -56.429227 -50.172918 -52.311767 -58.142578 
-6.670070 -1.938835 -4.769105 -10.297466 -13.313887 -12.643836 -15.798640 -16.718059 -15.398390 -13.418064 -22.020479 -17.957519 -25.153401 -26.702984 -26.318209 -29.223019 -23.702679 -18.155971 -17.695148 -23.991892 -35.190381 -45.642656 -50.918275 -55.584198 -59.456637 -61.763318 -54.626430 -52.927227 -56.474521 -63.817025 -66.998293 -54.822035 -60.133165 -69.084360 -71.170257 -71.361588 -59.632709 -52.928177 -55.216534 -65.592856 
-6.950471 -3.007513 -7.209960 -12.734140 -17.069744 -18.150993 -21.917287 -22.157080 -21.007027 -17.120869 -21.071342 -20.885379 -27.445926 -31.485940 -30.516598 -31.153740 -26.634525 -18.946240 -16.358003 -27.180563 -40.237192 -45.057186 -51.401992 -60.464220 -61.451939 -62.787588 -57.805385 -51.763426 -59.702677 -64.468175 -65.363046 -56.001406 -61.091859 -68.755110 -70.706880 -71.164320 -63.028840 -56.225404 -56.749621 -67.612889 
-6.942193 -3.980045 -11.066054 -13.446420 -19.425091 -21.829789 -22.751804 -26.829361 -22.402885 -16.241442 -20.826177 -21.544479 -27.345146 -32.163831 -39.822719 -35.811119 -28.220481 -20.406614 -18.598997 -25.863512 -39.583340 -46.822188 -49.415826 -59.802947 -61.964152 -61.607085 -53.504673 -50.850751 -63.030316 -66.817081 -66.310195 -54.499308 -60.723898 -73.766185 -76.628591 -77.116132 -65.354517 -56.581608 -56.803184 -76.021430 
-7.615295 -2.795723 -10.378277 -21.901121 -24.409412 -26.350128 -28.550816 -31.153368 -26.033118 -27.799906 -26.864287 -30.262541 -30.890896 -35.707107 -40.273534 -42.537613 -33.879686 -25.095492 -25.539847 -29.652294 -40.644801 -50.637931 -54.655416 -62.815451 -65.745827 -63.005165 -55.323254 -55.661281 -65.001317 -68.880499 -68.576673 -60.931855 -65.157679 -73.334569 -81.410387 -80.547560 -69.132085 -60.131340 -59.822536 -77.903408 
-9.512917 -5.823058 -13.217093 -17.735908 -26.398613 -35.850077 -36.466951 -31.206101 -33.246414 -30.961163 -27.593732 -25.835742 -34.315348 -46.957291 -45.219982 -45.075409 -42.135715 -33.694811 -26.313750 -31.887804 -38.261276 -53.920981 -59.208572 -62.132148 -66.191832 -62.250523 -50.710479 -50.571013 -65.518637 -68.712093 -69.284820 -58.199897 -66.117470 -69.078391 -75.731722 -75.909764 -71.808420 -62.569486 -66.340405 -73.384240 
-13.110345 -9.168419 -17.352700 -23.922738 -33.056806 -38.910788 -41.280590 -42.211597 -40.306869 -33.385041 -29.483586 -27.599028 -38.358275 -40.921624 -49.775987 -42.229715 -38.826907 -31.864055 -30.152555 -32.382357 -33.970548 -53.216930 -63.189945 -66.288290 -66.155757 -63.961910 -55.074882 -51.596925 -65.349996 -67.325972 -71.491825 -64.611711 -67.024445 -70.575116 -74.373440 -74.868398 -72.929093 -65.520956 -69.480512 -73.328394 
-15.487347 -15.300011 -25.689794 -38.345582 -37.643190 -39.339359 -41.503297 -52.030120 -40.673316 -32.184561 -28.174593 -27.232650 -35.053947 -42.475335 -45.665653 -43.551111 -38.678953 -37.073356 -36.478869 -32.918052 -34.355697 -49.176117 -64.476761 -64.560467 -62.770278 -61.226191 -56.981984 -56.559755 -67.102635 -69.931259 -69.151994 -63.859625 -65.136299 -68.436014 -68.997682 -69.378560 -69.374267 -66.823983 -69.665656 -71.975051 
-26.534367 -22.520957 -28.152374 -35.685391 -45.051297 -44.239941 -44.675829 -54.173863 -45.694905 -43.413378 -33.039311 -35.204689 -36.807321 -41.443849 -48.057202 -56.835401 -40.131828 -38.100608 -37.321799 -37.682374 -39.715640 -54.662794 -59.900699 -65.989016 -67.560220 -68.107163 -64.224673 -61.546404 -68.462057 -69.287651 -66.903785 -63.087785 -64.991313 -70.675426 -65.591660 -65.199586 -68.061336 -66.479177 -68.732669 -71.119805 
-24.789839 -30.938142 -36.989990 -40.921861 -43.387972 -43.873001 -49.405110 -45.268893 -41.766543 -44.755453 -40.081840 -34.664393 -40.821626 -47.620158 -55.423294 -48.664275 -47.113088 -46.965039 -46.900528 -49.950572 -50.464152 -60.166161 -65.188317 -68.597768 -66.792262 -72.847730 -68.591125 -65.220168 -72.427958 -71.373153 -65.095998 -66.619120 -69.252137 -70.611421 -70.146057 -69.307907 -72.773318 -71.602004 -71.948680 -73.030264 
-21.232757 -27.880425 -35.786081 -48.829088 -45.379355 -43.931808 -48.554243 -50.402137 -47.561096 -49.807583 -48.043786 -47.904805 -50.947559 -53.476728 -56.904449 -57.321712 -56.634195 -49.169776 -50.436333 -50.758514 -53.282253 -58.995872 -65.280207 -70.284356 -65.028654 -69.800907 -73.921335 -74.742181 -71.638023 -70.473355 -69.528368 -69.105838 -70.915066 -75.790388 -76.575834 -69.379317 -71.248205 -72.360107 -70.346652 -74.887220 
-35.357217 -42.811725 -51.647885 -59.835112 -59.925725 -59.704889 -57.384995 -57.310920 -64.663189 -60.533273 -56.900399 -57.346050 -62.632732 -66.081411 -71.459109 -67.163093 -61.939246 -63.990957 -63.431855 -62.382574 -62.172307 -64.590673 -65.354947 -70.414382 -67.003422 -68.958428 -71.669171 -74.520966 -72.930463 -72.352861 -68.933343 -70.414979 -73.365538 -73.146855 -75.162480 -75.638509 -75.515343 -74.116963 -72.726326 -77.753531 
-71.814708 -70.418044 -67.224516 -67.420391 -71.491010 -75.076468 -73.603476 -73.182394 -74.759577 -71.707961 -71.843477 -72.881025 -72.297373 -72.614960 -75.992904 -71.702444 -72.464820 -74.787875 -69.974848 -69.460716 -71.503683 -72.452124 -71.567778 -73.065108 -72.166618 -72.661230 -74.502989 -77.299322 -77.031637 -82.475973 -75.508948 -73.294571 -76.261331 -75.870578 -78.938617 -77.624585 -76.303316 -78.749443 -79.050843 -79.557545 
-65.424979 -79.263948 -86.676094 -77.841981 -79.133527 -79.869098 -77.708209 -79.780814 -79.212981 -71.528802 -76.724034 -77.256044 -78.061793 -81.466612 -79.843685 -76.547431 -76.642262 -75.428855 -74.490496 -73.807256 -78.327526 -75.039898 -78.073439 -78.386888 -79.179987 -78.449098 -78.473274 -78.835509 -79.183057 -76.137250 -76.697798 -77.713134 -80.836359 -75.988958 -76.956834 -76.782898 -76.724081 -77.100671 -77.228766 -75.505628 
-62.788179 -73.498515 -79.445574 -82.175523 -84.244806 -76.916935 -76.352162 -74.243359 -78.856520 -78.987440 -72.580477 -73.686705 -77.183425 -72.971449 -74.273769 -74.664955 -73.311686 -77.515032 -78.467286 -75.307001 -76.161144 -77.935400 -81.793475 -79.031235 -78.803465 -77.049755 -77.744250 -75.967107 -73.920144 -72.625775 -75.599038 -76.099619 -77.614601 -77.737077 -76.922494 -77.508936 -75.956741 -78.488628 -79.397428 -80.762657 
-62.380289 -76.738575 -74.539541 -73.311926 -72.923406 -72.828209 -70.086738 -76.897233 -81.893915 -75.575825 -75.997176 -77.417433 -72.520103 -75.871390 -73.355883 -72.062587 -73.885360 -80.097070 -84.946555 -71.922601 -70.978122 -76.186106 -78.308504 -77.484737 -75.091025 -77.386854 -76.735756 -78.549117 -73.900254 -72.648836 -73.269944 -75.966660 -76.726269 -76.642824 -79.047771 -77.070307 -76.312795 -76.273150 -74.504132 -75.779066 
-63.414812 -79.256635 -74.113297 -74.920380 -72.455680 -73.289781 -68.138845 -71.005608 -76.299064 -75.147839 -75.898746 -75.999124 -74.101719 -75.089988 -82.182847 -75.699182 -74.247138 -78.728337 -81.090382 -73.078308 -76.752290 -77.780962 -76.821753 -72.597776 -75.216167 -76.662616 -77.710991 -75.073615 -76.350561 -75.919438 -77.615210 -74.909624 -76.612980 -77.665100 -74.832583 -77.135031 -79.806538 -76.225767 -75.942834 -75.948553 
-63.963322 -82.676044 -80.475200 -76.499900 -75.238239 -69.514692 -71.102911 -72.640952 -75.689168 -80.061289 -73.266333 -75.704582 -76.105362 -74.391412 -76.745736 -75.691930 -75.223469 -71.004268 -70.644490 -77.880620 -81.595183 -78.310863 -74.664255 -76.543589 -81.731821 -77.282763 -73.579391 -75.443972 -77.349641 -79.671683 -74.952812 -77.107339 -76.254698 -76.252901 -72.763835 -75.269276 -75.850671 -73.928298 -75.353819 -78.821269 
-65.910044 -80.513105 -78.919947 -76.167188 -76.343417 -76.381064 -78.425531 -77.170664 -76.858387 -73.953705 -74.717595 -74.769158 -77.093670 -74.516889 -73.772542 -74.076109 -81.449754 -75.244995 -71.433774 -75.964569 -81.492016 -79.066467 -78.468576 -77.511731 -75.320695 -77.912392 -74.919679 -75.927210 -76.658601 -77.739192 -74.325520 -74.320732 -76.380142 -74.577636 -75.181082 -76.348974 -77.106785 -77.194971 -77.850811 -80.398381 
-64.471000 -82.568256 -78.243293 -78.196480 -75.227549 -78.377149 -75.397714 -77.027719 -76.504355 -70.592592 -77.279247 -81.089486 -78.724493 -82.679869 -78.548959 -75.677843 -76.110608 -76.972098 -80.299203 -75.927079 -80.684329 -75.996005 -74.661323 -71.872550 -75.455642 -76.819993 -75.191639 -74.386186 -78.594360 -79.243694 -76.379533 -78.123100 -78.594723 -77.848875 -79.559682 -78.596612 -79.415863 -77.459910 -76.422709 -80.139942 
-64.559746 -77.724658 -76.547201 -77.623401 -79.208292 -75.807604 -76.959721 -76.513370 -75.564984 -76.733946 -76.599572 -77.522510 -78.481596 -76.771272 -74.906602 -79.228173 -75.318469 -77.595897 -78.227941 -77.480037 -79.877624 -75.514916 -72.017291 -78.480070 -78.713076 -77.829044 -78.173384 -78.747852 -83.267276 -81.937508 -73.959351 -74.867755 -76.704465 -75.695357 -77.441941 -77.992564 -78.592813 -78.357450 -77.235189 -80.135949 
-68.423415 -71.895662 -74.288088 -77.534936 -82.414395 -81.634547 -78.288001 -79.879783 -87.896955 -81.219064 -79.166679 -80.662015 -84.678431 -81.286934 -78.766210 -78.869038 -80.363082 -83.647705 -90.084177 -82.643282 -81.210998 -81.034833 -78.207675 -82.785386 -82.783948 -85.665231 -81.026662 -84.672682 -94.325010 -89.426257 -83.642316 -79.610519 -79.493663 -78.312237 -81.016864 -82.829039 -81.300682 -79.285612 -81.767180 -81.347397 
NaN NaN NaN NaN NaN NaN NaN NaN NaN NaN NaN NaN NaN NaN NaN NaN NaN NaN NaN NaN NaN NaN NaN NaN NaN NaN NaN NaN NaN NaN NaN NaN NaN NaN NaN NaN NaN NaN NaN NaN 
NaN NaN NaN NaN NaN NaN NaN NaN NaN NaN NaN NaN NaN NaN NaN NaN NaN NaN NaN NaN NaN NaN NaN NaN NaN NaN NaN NaN NaN NaN NaN NaN NaN NaN NaN NaN NaN NaN NaN NaN 
NaN NaN NaN NaN NaN NaN NaN NaN NaN NaN NaN NaN NaN NaN NaN NaN NaN NaN NaN NaN NaN NaN NaN NaN NaN NaN NaN NaN NaN NaN NaN NaN NaN NaN NaN NaN NaN NaN NaN NaN 
NaN NaN NaN NaN NaN NaN NaN NaN NaN NaN NaN NaN NaN NaN NaN NaN NaN NaN NaN NaN NaN NaN NaN NaN NaN NaN NaN NaN NaN NaN NaN NaN NaN NaN NaN NaN NaN NaN NaN NaN 
NaN NaN NaN NaN NaN NaN NaN NaN NaN NaN NaN NaN NaN NaN NaN NaN NaN NaN NaN NaN NaN NaN NaN NaN NaN NaN NaN NaN NaN NaN NaN NaN NaN NaN NaN NaN NaN NaN NaN NaN 
NaN NaN NaN NaN NaN NaN NaN NaN NaN NaN NaN NaN NaN NaN NaN NaN NaN NaN NaN NaN NaN NaN NaN NaN NaN NaN NaN NaN NaN NaN NaN NaN NaN NaN NaN NaN NaN NaN NaN NaN 
NaN NaN NaN NaN NaN NaN NaN NaN NaN NaN NaN NaN NaN NaN NaN NaN NaN NaN NaN NaN NaN NaN NaN NaN NaN NaN NaN NaN NaN NaN NaN NaN NaN NaN NaN NaN NaN NaN NaN NaN 
NaN NaN NaN NaN NaN NaN NaN NaN NaN NaN NaN NaN NaN NaN NaN NaN NaN NaN NaN NaN NaN NaN NaN NaN NaN NaN NaN NaN NaN NaN NaN NaN NaN NaN NaN NaN NaN NaN NaN NaN 
NaN NaN NaN NaN NaN NaN NaN NaN NaN NaN NaN NaN NaN NaN NaN NaN NaN NaN NaN NaN NaN NaN NaN NaN NaN NaN NaN NaN NaN NaN NaN NaN NaN NaN NaN NaN NaN NaN NaN NaN 
NaN NaN NaN NaN NaN NaN NaN NaN NaN NaN NaN NaN NaN NaN NaN NaN NaN NaN NaN NaN NaN NaN NaN NaN NaN NaN NaN NaN NaN NaN NaN NaN NaN NaN NaN NaN NaN NaN NaN NaN 
NaN NaN NaN NaN NaN NaN NaN NaN NaN NaN NaN NaN NaN NaN NaN NaN NaN NaN NaN NaN NaN NaN NaN NaN NaN NaN NaN NaN NaN NaN NaN NaN NaN NaN NaN NaN NaN NaN NaN NaN 
NaN NaN NaN NaN NaN NaN NaN NaN NaN NaN NaN NaN NaN NaN NaN NaN NaN NaN NaN NaN NaN NaN NaN NaN NaN NaN NaN NaN NaN NaN NaN NaN NaN NaN NaN NaN NaN NaN NaN NaN 
NaN NaN NaN NaN NaN NaN NaN NaN NaN NaN NaN NaN NaN NaN NaN NaN NaN NaN NaN NaN NaN NaN NaN NaN NaN NaN NaN NaN NaN NaN NaN NaN NaN NaN NaN NaN NaN NaN NaN NaN 
NaN NaN NaN NaN NaN NaN NaN NaN NaN NaN NaN NaN NaN NaN NaN NaN NaN NaN NaN NaN NaN NaN NaN NaN NaN NaN NaN NaN NaN NaN NaN NaN NaN NaN NaN NaN NaN NaN NaN NaN 
NaN NaN NaN NaN NaN NaN NaN NaN NaN NaN NaN NaN NaN NaN NaN NaN NaN NaN NaN NaN NaN NaN NaN NaN NaN NaN NaN NaN NaN NaN NaN NaN NaN NaN NaN NaN NaN NaN NaN NaN 
NaN NaN NaN NaN NaN NaN NaN NaN NaN NaN NaN NaN NaN NaN NaN NaN NaN NaN NaN NaN NaN NaN NaN NaN NaN NaN NaN NaN NaN NaN NaN NaN NaN NaN NaN NaN NaN NaN NaN NaN 
NaN NaN NaN NaN NaN NaN NaN NaN NaN NaN NaN NaN NaN NaN NaN NaN NaN NaN NaN NaN NaN NaN NaN NaN NaN NaN NaN NaN NaN NaN NaN NaN NaN NaN NaN NaN NaN NaN NaN NaN 
NaN NaN NaN NaN NaN NaN NaN NaN NaN NaN NaN NaN NaN NaN NaN NaN NaN NaN NaN NaN NaN NaN NaN NaN NaN NaN NaN NaN NaN NaN NaN NaN NaN NaN NaN NaN NaN NaN NaN NaN 
NaN NaN NaN NaN NaN NaN NaN NaN NaN NaN NaN NaN NaN NaN NaN NaN NaN NaN NaN NaN NaN NaN NaN NaN NaN NaN NaN NaN NaN NaN NaN NaN NaN NaN NaN NaN NaN NaN NaN NaN 
NaN NaN NaN NaN NaN NaN NaN NaN NaN NaN NaN NaN NaN NaN NaN NaN NaN NaN NaN NaN NaN NaN NaN NaN NaN NaN NaN NaN NaN NaN NaN NaN NaN NaN NaN NaN NaN NaN NaN NaN 
NaN NaN NaN NaN NaN NaN NaN NaN NaN NaN NaN NaN NaN NaN NaN NaN NaN NaN NaN NaN NaN NaN NaN NaN NaN NaN NaN NaN NaN NaN NaN NaN NaN NaN NaN NaN NaN NaN NaN NaN 
NaN NaN NaN NaN NaN NaN NaN NaN NaN NaN NaN NaN NaN NaN NaN NaN NaN NaN NaN NaN NaN NaN NaN NaN NaN NaN NaN NaN NaN NaN NaN NaN NaN NaN NaN NaN NaN NaN NaN NaN 
NaN NaN NaN NaN NaN NaN NaN NaN NaN NaN NaN NaN NaN NaN NaN NaN NaN NaN NaN NaN NaN NaN NaN NaN NaN NaN NaN NaN NaN NaN NaN NaN NaN NaN NaN NaN NaN NaN NaN NaN 
NaN NaN NaN NaN NaN NaN NaN NaN NaN NaN NaN NaN NaN NaN NaN NaN NaN NaN NaN NaN NaN NaN NaN NaN NaN NaN NaN NaN NaN NaN NaN NaN NaN NaN NaN NaN NaN NaN NaN NaN 
NaN NaN NaN NaN NaN NaN NaN NaN NaN NaN NaN NaN NaN NaN NaN NaN NaN NaN NaN NaN NaN NaN NaN NaN NaN NaN NaN NaN NaN NaN NaN NaN NaN NaN NaN NaN NaN NaN NaN NaN 
NaN NaN NaN NaN NaN NaN NaN NaN NaN NaN NaN NaN NaN NaN NaN NaN NaN NaN NaN NaN NaN NaN NaN NaN NaN NaN NaN NaN NaN NaN NaN NaN NaN NaN NaN NaN NaN NaN NaN NaN 
NaN NaN NaN NaN NaN NaN NaN NaN NaN NaN NaN NaN NaN NaN NaN NaN NaN NaN NaN NaN NaN NaN NaN NaN NaN NaN NaN NaN NaN NaN NaN NaN NaN NaN NaN NaN NaN NaN NaN NaN 
NaN NaN NaN NaN NaN NaN NaN NaN NaN NaN NaN NaN NaN NaN NaN NaN NaN NaN NaN NaN NaN NaN NaN NaN NaN NaN NaN NaN NaN NaN NaN NaN NaN NaN NaN NaN NaN NaN NaN NaN 
NaN NaN NaN NaN NaN NaN NaN NaN NaN NaN NaN NaN NaN NaN NaN NaN NaN NaN NaN NaN NaN NaN NaN NaN NaN NaN NaN NaN NaN NaN NaN NaN NaN NaN NaN NaN NaN NaN NaN NaN 
NaN NaN NaN NaN NaN NaN NaN NaN NaN NaN NaN NaN NaN NaN NaN NaN NaN NaN NaN NaN NaN NaN NaN NaN NaN NaN NaN NaN NaN NaN NaN NaN NaN NaN NaN NaN NaN NaN NaN NaN 
NaN NaN NaN NaN NaN NaN NaN NaN NaN NaN NaN NaN NaN NaN NaN NaN NaN NaN NaN NaN NaN NaN NaN NaN NaN NaN NaN NaN NaN NaN NaN NaN NaN NaN NaN NaN NaN NaN NaN NaN 
NaN NaN NaN NaN NaN NaN NaN NaN NaN NaN NaN NaN NaN NaN NaN NaN NaN NaN NaN NaN NaN NaN NaN NaN NaN NaN NaN NaN NaN NaN NaN NaN NaN NaN NaN NaN NaN NaN NaN NaN 
NaN NaN NaN NaN NaN NaN NaN NaN NaN NaN NaN NaN NaN NaN NaN NaN NaN NaN NaN NaN NaN NaN NaN NaN NaN NaN NaN NaN NaN NaN NaN NaN NaN NaN NaN NaN NaN NaN NaN NaN 
NaN NaN NaN NaN NaN NaN NaN NaN NaN NaN NaN NaN NaN NaN NaN NaN NaN NaN NaN NaN NaN NaN NaN NaN NaN NaN NaN NaN NaN NaN NaN NaN NaN NaN NaN NaN NaN NaN NaN NaN 
NaN NaN NaN NaN NaN NaN NaN NaN NaN NaN NaN NaN NaN NaN NaN NaN NaN NaN NaN NaN NaN NaN NaN NaN NaN NaN NaN NaN NaN NaN NaN NaN NaN NaN NaN NaN NaN NaN NaN NaN 
NaN NaN NaN NaN NaN NaN NaN NaN NaN NaN NaN NaN NaN NaN NaN NaN NaN NaN NaN NaN NaN NaN NaN NaN NaN NaN NaN NaN NaN NaN NaN NaN NaN NaN NaN NaN NaN NaN NaN NaN 
NaN NaN NaN NaN NaN NaN NaN NaN NaN NaN NaN NaN NaN NaN NaN NaN NaN NaN NaN NaN NaN NaN NaN NaN NaN NaN NaN NaN NaN NaN NaN NaN NaN NaN NaN NaN NaN NaN NaN NaN 
NaN NaN NaN NaN NaN NaN NaN NaN NaN NaN NaN NaN NaN NaN NaN NaN NaN NaN NaN NaN NaN NaN NaN NaN NaN NaN NaN NaN NaN NaN NaN NaN NaN NaN NaN NaN NaN NaN NaN NaN 
NaN NaN NaN NaN NaN NaN NaN NaN NaN NaN NaN NaN NaN NaN NaN NaN NaN NaN NaN NaN NaN NaN NaN NaN NaN NaN NaN NaN NaN NaN NaN NaN NaN NaN NaN NaN NaN NaN NaN NaN 
NaN NaN NaN NaN NaN NaN NaN NaN NaN NaN NaN NaN NaN NaN NaN NaN NaN NaN NaN NaN NaN NaN NaN NaN NaN NaN NaN NaN NaN NaN NaN NaN NaN NaN NaN NaN NaN NaN NaN NaN 
NaN NaN NaN NaN NaN NaN NaN NaN NaN NaN NaN NaN NaN NaN NaN NaN NaN NaN NaN NaN NaN NaN NaN NaN NaN NaN NaN NaN NaN NaN NaN NaN NaN NaN NaN NaN NaN NaN NaN NaN 
NaN NaN NaN NaN NaN NaN NaN NaN NaN NaN NaN NaN NaN NaN NaN NaN NaN NaN NaN NaN NaN NaN NaN NaN NaN NaN NaN NaN NaN NaN NaN NaN NaN NaN NaN NaN NaN NaN NaN NaN 
NaN NaN NaN NaN NaN NaN NaN NaN NaN NaN NaN NaN NaN NaN NaN NaN NaN NaN NaN NaN NaN NaN NaN NaN NaN NaN NaN NaN NaN NaN NaN NaN NaN NaN NaN NaN NaN NaN NaN NaN 
NaN NaN NaN NaN NaN NaN NaN NaN NaN NaN NaN NaN NaN NaN NaN NaN NaN NaN NaN NaN NaN NaN NaN NaN NaN NaN NaN NaN NaN NaN NaN NaN NaN NaN NaN NaN NaN NaN NaN NaN 
NaN NaN NaN NaN NaN NaN NaN NaN NaN NaN NaN NaN NaN NaN NaN NaN NaN NaN NaN NaN NaN NaN NaN NaN NaN NaN NaN NaN NaN NaN NaN NaN NaN NaN NaN NaN NaN NaN NaN NaN 
NaN NaN NaN NaN NaN NaN NaN NaN NaN NaN NaN NaN NaN NaN NaN NaN NaN NaN NaN NaN NaN NaN NaN NaN NaN NaN NaN NaN NaN NaN NaN NaN NaN NaN NaN NaN NaN NaN NaN NaN 
NaN NaN NaN NaN NaN NaN NaN NaN NaN NaN NaN NaN NaN NaN NaN NaN NaN NaN NaN NaN NaN NaN NaN NaN NaN NaN NaN NaN NaN NaN NaN NaN NaN NaN NaN NaN NaN NaN NaN NaN 
NaN NaN NaN NaN NaN NaN NaN NaN NaN NaN NaN NaN NaN NaN NaN NaN NaN NaN NaN NaN NaN NaN NaN NaN NaN NaN NaN NaN NaN NaN NaN NaN NaN NaN NaN NaN NaN NaN NaN NaN 
NaN NaN NaN NaN NaN NaN NaN NaN NaN NaN NaN NaN NaN NaN NaN NaN NaN NaN NaN NaN NaN NaN NaN NaN NaN NaN NaN NaN NaN NaN NaN NaN NaN NaN NaN NaN NaN NaN NaN NaN 
NaN NaN NaN NaN NaN NaN NaN NaN NaN NaN NaN NaN NaN NaN NaN NaN NaN NaN NaN NaN NaN NaN NaN NaN NaN NaN NaN NaN NaN NaN NaN NaN NaN NaN NaN NaN NaN NaN NaN NaN 
NaN NaN NaN NaN NaN NaN NaN NaN NaN NaN NaN NaN NaN NaN NaN NaN NaN NaN NaN NaN NaN NaN NaN NaN NaN NaN NaN NaN NaN NaN NaN NaN NaN NaN NaN NaN NaN NaN NaN NaN 
NaN NaN NaN NaN NaN NaN NaN NaN NaN NaN NaN NaN NaN NaN NaN NaN NaN NaN NaN NaN NaN NaN NaN NaN NaN NaN NaN NaN NaN NaN NaN NaN NaN NaN NaN NaN NaN NaN NaN NaN 
NaN NaN NaN NaN NaN NaN NaN NaN NaN NaN NaN NaN NaN NaN NaN NaN NaN NaN NaN NaN NaN NaN NaN NaN NaN NaN NaN NaN NaN NaN NaN NaN NaN NaN NaN NaN NaN NaN NaN NaN 
NaN NaN NaN NaN NaN NaN NaN NaN NaN NaN NaN NaN NaN NaN NaN NaN NaN NaN NaN NaN NaN NaN NaN NaN NaN NaN NaN NaN NaN NaN NaN NaN NaN NaN NaN NaN NaN NaN NaN NaN 
NaN NaN NaN NaN NaN NaN NaN NaN NaN NaN NaN NaN NaN NaN NaN NaN NaN NaN NaN NaN NaN NaN NaN NaN NaN NaN NaN NaN NaN NaN NaN NaN NaN NaN NaN NaN NaN NaN NaN NaN 
NaN NaN NaN NaN NaN NaN NaN NaN NaN NaN NaN NaN NaN NaN NaN NaN NaN NaN NaN NaN NaN NaN NaN NaN NaN NaN NaN NaN NaN NaN NaN NaN NaN NaN NaN NaN NaN NaN NaN NaN 
NaN NaN NaN NaN NaN NaN NaN NaN NaN NaN NaN NaN NaN NaN NaN NaN NaN NaN NaN NaN NaN NaN NaN NaN NaN NaN NaN NaN NaN NaN NaN NaN NaN NaN NaN NaN NaN NaN NaN NaN 
NaN NaN NaN NaN NaN NaN NaN NaN NaN NaN NaN NaN NaN NaN NaN NaN NaN NaN NaN NaN NaN NaN NaN NaN NaN NaN NaN NaN NaN NaN NaN NaN NaN NaN NaN NaN NaN NaN NaN NaN 
NaN NaN NaN NaN NaN NaN NaN NaN NaN NaN NaN NaN NaN NaN NaN NaN NaN NaN NaN NaN NaN NaN NaN NaN NaN NaN NaN NaN NaN NaN NaN NaN NaN NaN NaN NaN NaN NaN NaN NaN 
NaN NaN NaN NaN NaN NaN NaN NaN NaN NaN NaN NaN NaN NaN NaN NaN NaN NaN NaN NaN NaN NaN NaN NaN NaN NaN NaN NaN NaN NaN NaN NaN NaN NaN NaN NaN NaN NaN NaN NaN 
NaN NaN NaN NaN NaN NaN NaN NaN NaN NaN NaN NaN NaN NaN NaN NaN NaN NaN NaN NaN NaN NaN NaN NaN NaN NaN NaN NaN NaN NaN NaN NaN NaN NaN NaN NaN NaN NaN NaN NaN 
NaN NaN NaN NaN NaN NaN NaN NaN NaN NaN NaN NaN NaN NaN NaN NaN NaN NaN NaN NaN NaN NaN NaN NaN NaN NaN NaN NaN NaN NaN NaN NaN NaN NaN NaN NaN NaN NaN NaN NaN 
NaN NaN NaN NaN NaN NaN NaN NaN NaN NaN NaN NaN NaN NaN NaN NaN NaN NaN NaN NaN NaN NaN NaN NaN NaN NaN NaN NaN NaN NaN NaN NaN NaN NaN NaN NaN NaN NaN NaN NaN 
NaN NaN NaN NaN NaN NaN NaN NaN NaN NaN NaN NaN NaN NaN NaN NaN NaN NaN NaN NaN NaN NaN NaN NaN NaN NaN NaN NaN NaN NaN NaN NaN NaN NaN NaN NaN NaN NaN NaN NaN 
NaN NaN NaN NaN NaN NaN NaN NaN NaN NaN NaN NaN NaN NaN NaN NaN NaN NaN NaN NaN NaN NaN NaN NaN NaN NaN NaN NaN NaN NaN NaN NaN NaN NaN NaN NaN NaN NaN NaN NaN 
NaN NaN NaN NaN NaN NaN NaN NaN NaN NaN NaN NaN NaN NaN NaN NaN NaN NaN NaN NaN NaN NaN NaN NaN NaN NaN NaN NaN NaN NaN NaN NaN NaN NaN NaN NaN NaN NaN NaN NaN 
NaN NaN NaN NaN NaN NaN NaN NaN NaN NaN NaN NaN NaN NaN NaN NaN NaN NaN NaN NaN NaN NaN NaN NaN NaN NaN NaN NaN NaN NaN NaN NaN NaN NaN NaN NaN NaN NaN NaN NaN 
NaN NaN NaN NaN NaN NaN NaN NaN NaN NaN NaN NaN NaN NaN NaN NaN NaN NaN NaN NaN NaN NaN NaN NaN NaN NaN NaN NaN NaN NaN NaN NaN NaN NaN NaN NaN NaN NaN NaN NaN 
NaN NaN NaN NaN NaN NaN NaN NaN NaN NaN NaN NaN NaN NaN NaN NaN NaN NaN NaN NaN NaN NaN NaN NaN NaN NaN NaN NaN NaN NaN NaN NaN NaN NaN NaN NaN NaN NaN NaN NaN 
NaN NaN NaN NaN NaN NaN NaN NaN NaN NaN NaN NaN NaN NaN NaN NaN NaN NaN NaN NaN NaN NaN NaN NaN NaN NaN NaN NaN NaN NaN NaN NaN NaN NaN NaN NaN NaN NaN NaN NaN 
NaN NaN NaN NaN NaN NaN NaN NaN NaN NaN NaN NaN NaN NaN NaN NaN NaN NaN NaN NaN NaN NaN NaN NaN NaN NaN NaN NaN NaN NaN NaN NaN NaN NaN NaN NaN NaN NaN NaN NaN 
NaN NaN NaN NaN NaN NaN NaN NaN NaN NaN NaN NaN NaN NaN NaN NaN NaN NaN NaN NaN NaN NaN NaN NaN NaN NaN NaN NaN NaN NaN NaN NaN NaN NaN NaN NaN NaN NaN NaN NaN 
NaN NaN NaN NaN NaN NaN NaN NaN NaN NaN NaN NaN NaN NaN NaN NaN NaN NaN NaN NaN NaN NaN NaN NaN NaN NaN NaN NaN NaN NaN NaN NaN NaN NaN NaN NaN NaN NaN NaN NaN 
NaN NaN NaN NaN NaN NaN NaN NaN NaN NaN NaN NaN NaN NaN NaN NaN NaN NaN NaN NaN NaN NaN NaN NaN NaN NaN NaN NaN NaN NaN NaN NaN NaN NaN NaN NaN NaN NaN NaN NaN 
NaN NaN NaN NaN NaN NaN NaN NaN NaN NaN NaN NaN NaN NaN NaN NaN NaN NaN NaN NaN NaN NaN NaN NaN NaN NaN NaN NaN NaN NaN NaN NaN NaN NaN NaN NaN NaN NaN NaN NaN 
