NaN NaN NaN NaN NaN NaN NaN NaN NaN NaN NaN NaN NaN NaN NaN NaN NaN NaN NaN NaN NaN NaN NaN NaN NaN NaN NaN NaN NaN NaN NaN NaN NaN NaN NaN NaN NaN NaN NaN NaN 
NaN NaN NaN NaN NaN NaN NaN NaN NaN NaN NaN NaN NaN NaN NaN NaN NaN NaN NaN NaN NaN NaN NaN NaN NaN NaN NaN NaN NaN NaN NaN NaN NaN NaN NaN NaN NaN NaN NaN NaN 
NaN NaN NaN NaN NaN NaN NaN NaN NaN NaN NaN NaN NaN NaN NaN NaN NaN NaN NaN NaN NaN NaN NaN NaN NaN NaN NaN NaN NaN NaN NaN NaN NaN NaN NaN NaN NaN NaN NaN NaN 
NaN NaN NaN NaN NaN NaN NaN NaN NaN NaN NaN NaN NaN NaN NaN NaN NaN NaN NaN NaN NaN NaN NaN NaN NaN NaN NaN NaN NaN NaN NaN NaN NaN NaN NaN NaN NaN NaN NaN NaN 
NaN NaN NaN NaN NaN NaN NaN NaN NaN NaN NaN NaN NaN NaN NaN NaN NaN NaN NaN NaN NaN NaN NaN NaN NaN NaN NaN NaN NaN NaN NaN NaN NaN NaN NaN NaN NaN NaN NaN NaN 
NaN NaN NaN NaN NaN NaN NaN NaN NaN NaN NaN NaN NaN NaN NaN NaN NaN NaN NaN NaN NaN NaN NaN NaN NaN NaN NaN NaN NaN NaN NaN NaN NaN NaN NaN NaN NaN NaN NaN NaN 
NaN NaN NaN NaN NaN NaN NaN NaN NaN NaN NaN NaN NaN NaN NaN NaN NaN NaN NaN NaN NaN NaN NaN NaN NaN NaN NaN NaN NaN NaN NaN NaN NaN NaN NaN NaN NaN NaN NaN NaN 
NaN NaN NaN NaN NaN NaN NaN NaN NaN NaN NaN NaN NaN NaN NaN NaN NaN NaN NaN NaN NaN NaN NaN NaN NaN NaN NaN NaN NaN NaN NaN NaN NaN NaN NaN NaN NaN NaN NaN NaN 
NaN NaN NaN NaN NaN NaN NaN NaN NaN NaN NaN NaN NaN NaN NaN NaN NaN NaN NaN NaN NaN NaN NaN NaN NaN NaN NaN NaN NaN NaN NaN NaN NaN NaN NaN NaN NaN NaN NaN NaN 
NaN NaN NaN NaN NaN NaN NaN NaN NaN NaN NaN NaN NaN NaN NaN NaN NaN NaN NaN NaN NaN NaN NaN NaN NaN NaN NaN NaN NaN NaN NaN NaN NaN NaN NaN NaN NaN NaN NaN NaN 
NaN NaN NaN NaN NaN NaN NaN NaN NaN NaN NaN NaN NaN NaN NaN NaN NaN NaN NaN NaN NaN NaN NaN NaN NaN NaN NaN NaN NaN NaN NaN NaN NaN NaN NaN NaN NaN NaN NaN NaN 
NaN NaN NaN NaN NaN NaN NaN NaN NaN NaN NaN NaN NaN NaN NaN NaN NaN NaN NaN NaN NaN NaN NaN NaN NaN NaN NaN NaN NaN NaN NaN NaN NaN NaN NaN NaN NaN NaN NaN NaN 
NaN NaN NaN NaN NaN NaN NaN NaN NaN NaN NaN NaN NaN NaN NaN NaN NaN NaN NaN NaN NaN NaN NaN NaN NaN NaN NaN NaN NaN NaN NaN NaN NaN NaN NaN NaN NaN NaN NaN NaN 
NaN NaN NaN NaN NaN NaN NaN NaN NaN NaN NaN NaN NaN NaN NaN NaN NaN NaN NaN NaN NaN NaN NaN NaN NaN NaN NaN NaN NaN NaN NaN NaN NaN NaN NaN NaN NaN NaN NaN NaN 
NaN NaN NaN NaN NaN NaN NaN NaN NaN NaN NaN NaN NaN NaN NaN NaN NaN NaN NaN NaN NaN NaN NaN NaN NaN NaN NaN NaN NaN NaN NaN NaN NaN NaN NaN NaN NaN NaN NaN NaN 
NaN NaN NaN NaN NaN NaN NaN NaN NaN NaN NaN NaN NaN NaN NaN NaN NaN NaN NaN NaN NaN NaN NaN NaN NaN NaN NaN NaN NaN NaN NaN NaN NaN NaN NaN NaN NaN NaN NaN NaN 
NaN NaN NaN NaN NaN NaN NaN NaN NaN NaN NaN NaN NaN NaN NaN NaN NaN NaN NaN NaN NaN NaN NaN NaN NaN NaN NaN NaN NaN NaN NaN NaN NaN NaN NaN NaN NaN NaN NaN NaN 
NaN NaN NaN NaN NaN NaN NaN NaN NaN NaN NaN NaN NaN NaN NaN NaN NaN NaN NaN NaN NaN NaN NaN NaN NaN NaN NaN NaN NaN NaN NaN NaN NaN NaN NaN NaN NaN NaN NaN NaN 
NaN NaN NaN NaN NaN NaN NaN NaN NaN NaN NaN NaN NaN NaN NaN NaN NaN NaN NaN NaN NaN NaN NaN NaN NaN NaN NaN NaN NaN NaN NaN NaN NaN NaN NaN NaN NaN NaN NaN NaN 
NaN NaN NaN NaN NaN NaN NaN NaN NaN NaN NaN NaN NaN NaN NaN NaN NaN NaN NaN NaN NaN NaN NaN NaN NaN NaN NaN NaN NaN NaN NaN NaN NaN NaN NaN NaN NaN NaN NaN NaN 
NaN NaN NaN NaN NaN NaN NaN NaN NaN NaN NaN NaN NaN NaN NaN NaN NaN NaN NaN NaN NaN NaN NaN NaN NaN NaN NaN NaN NaN NaN NaN NaN NaN NaN NaN NaN NaN NaN NaN NaN 
NaN NaN NaN NaN NaN NaN NaN NaN NaN NaN NaN NaN NaN NaN NaN NaN NaN NaN NaN NaN NaN NaN NaN NaN NaN NaN NaN NaN NaN NaN NaN NaN NaN NaN NaN NaN NaN NaN NaN NaN 
NaN NaN NaN NaN NaN NaN NaN NaN NaN NaN NaN NaN NaN NaN NaN NaN NaN NaN NaN NaN NaN NaN NaN NaN NaN NaN NaN NaN NaN NaN NaN NaN NaN NaN NaN NaN NaN NaN NaN NaN 
NaN NaN NaN NaN NaN NaN NaN NaN NaN NaN NaN NaN NaN NaN NaN NaN NaN NaN NaN NaN NaN NaN NaN NaN NaN NaN NaN NaN NaN NaN NaN NaN NaN NaN NaN NaN NaN NaN NaN NaN 
NaN NaN NaN NaN NaN NaN NaN NaN NaN NaN NaN NaN NaN NaN NaN NaN NaN NaN NaN NaN NaN NaN NaN NaN NaN NaN NaN NaN NaN NaN NaN NaN NaN NaN NaN NaN NaN NaN NaN NaN 
NaN NaN NaN NaN NaN NaN NaN NaN NaN NaN NaN NaN NaN NaN NaN NaN NaN NaN NaN NaN NaN NaN NaN NaN NaN NaN NaN NaN NaN NaN NaN NaN NaN NaN NaN NaN NaN NaN NaN NaN 
NaN NaN NaN NaN NaN NaN NaN NaN NaN NaN NaN NaN NaN NaN NaN NaN NaN NaN NaN NaN NaN NaN NaN NaN NaN NaN NaN NaN NaN NaN NaN NaN NaN NaN NaN NaN NaN NaN NaN NaN 
NaN NaN NaN NaN NaN NaN NaN NaN NaN NaN NaN NaN NaN NaN NaN NaN NaN NaN NaN NaN NaN NaN NaN NaN NaN NaN NaN NaN NaN NaN NaN NaN NaN NaN NaN NaN NaN NaN NaN NaN 
NaN NaN NaN NaN NaN NaN NaN NaN NaN NaN NaN NaN NaN NaN NaN NaN NaN NaN NaN NaN NaN NaN NaN NaN NaN NaN NaN NaN NaN NaN NaN NaN NaN NaN NaN NaN NaN NaN NaN NaN 
NaN NaN NaN NaN NaN NaN NaN NaN NaN NaN NaN NaN NaN NaN NaN NaN NaN NaN NaN NaN NaN NaN NaN NaN NaN NaN NaN NaN NaN NaN NaN NaN NaN NaN NaN NaN NaN NaN NaN NaN 
NaN NaN NaN NaN NaN NaN NaN NaN NaN NaN NaN NaN NaN NaN NaN NaN NaN NaN NaN NaN NaN NaN NaN NaN NaN NaN NaN NaN NaN NaN NaN NaN NaN NaN NaN NaN NaN NaN NaN NaN 
NaN NaN NaN NaN NaN NaN NaN NaN NaN NaN NaN NaN NaN NaN NaN NaN NaN NaN NaN NaN NaN NaN NaN NaN NaN NaN NaN NaN NaN NaN NaN NaN NaN NaN NaN NaN NaN NaN NaN NaN 
NaN NaN NaN NaN NaN NaN NaN NaN NaN NaN NaN NaN NaN NaN NaN NaN NaN NaN NaN NaN NaN NaN NaN NaN NaN NaN NaN NaN NaN NaN NaN NaN NaN NaN NaN NaN NaN NaN NaN NaN 
NaN NaN NaN NaN NaN NaN NaN NaN NaN NaN NaN NaN NaN NaN NaN NaN NaN NaN NaN NaN NaN NaN NaN NaN NaN NaN NaN NaN NaN NaN NaN NaN NaN NaN NaN NaN NaN NaN NaN NaN 
NaN NaN NaN NaN NaN NaN NaN NaN NaN NaN NaN NaN NaN NaN NaN NaN NaN NaN NaN NaN NaN NaN NaN NaN NaN NaN NaN NaN NaN NaN NaN NaN NaN NaN NaN NaN NaN NaN NaN NaN 
NaN NaN NaN NaN NaN NaN NaN NaN NaN NaN NaN NaN NaN NaN NaN NaN NaN NaN NaN NaN NaN NaN NaN NaN NaN NaN NaN NaN NaN NaN NaN NaN NaN NaN NaN NaN NaN NaN NaN NaN 
NaN NaN NaN NaN NaN NaN NaN NaN NaN NaN NaN NaN NaN NaN NaN NaN NaN NaN NaN NaN NaN NaN NaN NaN NaN NaN NaN NaN NaN NaN NaN NaN NaN NaN NaN NaN NaN NaN NaN NaN 
NaN NaN NaN NaN NaN NaN NaN NaN NaN NaN NaN NaN NaN NaN NaN NaN NaN NaN NaN NaN NaN NaN NaN NaN NaN NaN NaN NaN NaN NaN NaN NaN NaN NaN NaN NaN NaN NaN NaN NaN 
NaN NaN NaN NaN NaN NaN NaN NaN NaN NaN NaN NaN NaN NaN NaN NaN NaN NaN NaN NaN NaN NaN NaN NaN NaN NaN NaN NaN NaN NaN NaN NaN NaN NaN NaN NaN NaN NaN NaN NaN 
NaN NaN NaN NaN NaN NaN NaN NaN NaN NaN NaN NaN NaN NaN NaN NaN NaN NaN NaN NaN NaN NaN NaN NaN NaN NaN NaN NaN NaN NaN NaN NaN NaN NaN NaN NaN NaN NaN NaN NaN 
NaN NaN NaN NaN NaN NaN NaN NaN NaN NaN NaN NaN NaN NaN NaN NaN NaN NaN NaN NaN NaN NaN NaN NaN NaN NaN NaN NaN NaN NaN NaN NaN NaN NaN NaN NaN NaN NaN NaN NaN 
NaN NaN NaN NaN NaN NaN NaN NaN NaN NaN NaN NaN NaN NaN NaN NaN NaN NaN NaN NaN NaN NaN NaN NaN NaN NaN NaN NaN NaN NaN NaN NaN NaN NaN NaN NaN NaN NaN NaN NaN 
NaN NaN NaN NaN NaN NaN NaN NaN NaN NaN NaN NaN NaN NaN NaN NaN NaN NaN NaN NaN NaN NaN NaN NaN NaN NaN NaN NaN NaN NaN NaN NaN NaN NaN NaN NaN NaN NaN NaN NaN 
NaN NaN NaN NaN NaN NaN NaN NaN NaN NaN NaN NaN NaN NaN NaN NaN NaN NaN NaN NaN NaN NaN NaN NaN NaN NaN NaN NaN NaN NaN NaN NaN NaN NaN NaN NaN NaN NaN NaN NaN 
NaN NaN NaN NaN NaN NaN NaN NaN NaN NaN NaN NaN NaN NaN NaN NaN NaN NaN NaN NaN NaN NaN NaN NaN NaN NaN NaN NaN NaN NaN NaN NaN NaN NaN NaN NaN NaN NaN NaN NaN 
NaN NaN NaN NaN NaN NaN NaN NaN NaN NaN NaN NaN NaN NaN NaN NaN NaN NaN NaN NaN NaN NaN NaN NaN NaN NaN NaN NaN NaN NaN NaN NaN NaN NaN NaN NaN NaN NaN NaN NaN 
NaN NaN NaN NaN NaN NaN NaN NaN NaN NaN NaN NaN NaN NaN NaN NaN NaN NaN NaN NaN NaN NaN NaN NaN NaN NaN NaN NaN NaN NaN NaN NaN NaN NaN NaN NaN NaN NaN NaN NaN 
NaN NaN NaN NaN NaN NaN NaN NaN NaN NaN NaN NaN NaN NaN NaN NaN NaN NaN NaN NaN NaN NaN NaN NaN NaN NaN NaN NaN NaN NaN NaN NaN NaN NaN NaN NaN NaN NaN NaN NaN 
NaN NaN NaN NaN NaN NaN NaN NaN NaN NaN NaN NaN NaN NaN NaN NaN NaN NaN NaN NaN NaN NaN NaN NaN NaN NaN NaN NaN NaN NaN NaN NaN NaN NaN NaN NaN NaN NaN NaN NaN 
NaN NaN NaN NaN NaN NaN NaN NaN NaN NaN NaN NaN NaN NaN NaN NaN NaN NaN NaN NaN NaN NaN NaN NaN NaN NaN NaN NaN NaN NaN NaN NaN NaN NaN NaN NaN NaN NaN NaN NaN 
NaN NaN NaN NaN NaN NaN NaN NaN NaN NaN NaN NaN NaN NaN NaN NaN NaN NaN NaN NaN NaN NaN NaN NaN NaN NaN NaN NaN NaN NaN NaN NaN NaN NaN NaN NaN NaN NaN NaN NaN 
NaN NaN NaN NaN NaN NaN NaN NaN NaN NaN NaN NaN NaN NaN NaN NaN NaN NaN NaN NaN NaN NaN NaN NaN NaN NaN NaN NaN NaN NaN NaN NaN NaN NaN NaN NaN NaN NaN NaN NaN 
NaN NaN NaN NaN NaN NaN NaN NaN NaN NaN NaN NaN NaN NaN NaN NaN NaN NaN NaN NaN NaN NaN NaN NaN NaN NaN NaN NaN NaN NaN NaN NaN NaN NaN NaN NaN NaN NaN NaN NaN 
NaN NaN NaN NaN NaN NaN NaN NaN NaN NaN NaN NaN NaN NaN NaN NaN NaN NaN NaN NaN NaN NaN NaN NaN NaN NaN NaN NaN NaN NaN NaN NaN NaN NaN NaN NaN NaN NaN NaN NaN 
NaN NaN NaN NaN NaN NaN NaN NaN NaN NaN NaN NaN NaN NaN NaN NaN NaN NaN NaN NaN NaN NaN NaN NaN NaN NaN NaN NaN NaN NaN NaN NaN NaN NaN NaN NaN NaN NaN NaN NaN 
NaN NaN NaN NaN NaN NaN NaN NaN NaN NaN NaN NaN NaN NaN NaN NaN NaN NaN NaN NaN NaN NaN NaN NaN NaN NaN NaN NaN NaN NaN NaN NaN NaN NaN NaN NaN NaN NaN NaN NaN 
NaN NaN NaN NaN NaN NaN NaN NaN NaN NaN NaN NaN NaN NaN NaN NaN NaN NaN NaN NaN NaN NaN NaN NaN NaN NaN NaN NaN NaN NaN NaN NaN NaN NaN NaN NaN NaN NaN NaN NaN 
NaN NaN NaN NaN NaN NaN NaN NaN NaN NaN NaN NaN NaN NaN NaN NaN NaN NaN NaN NaN NaN NaN NaN NaN NaN NaN NaN NaN NaN NaN NaN NaN NaN NaN NaN NaN NaN NaN NaN NaN 
NaN NaN NaN NaN NaN NaN NaN NaN NaN NaN NaN NaN NaN NaN NaN NaN NaN NaN NaN NaN NaN NaN NaN NaN NaN NaN NaN NaN NaN NaN NaN NaN NaN NaN NaN NaN NaN NaN NaN NaN 
NaN NaN NaN NaN NaN NaN NaN NaN NaN NaN NaN NaN NaN NaN NaN NaN NaN NaN NaN NaN NaN NaN NaN NaN NaN NaN NaN NaN NaN NaN NaN NaN NaN NaN NaN NaN NaN NaN NaN NaN 
NaN NaN NaN NaN NaN NaN NaN NaN NaN NaN NaN NaN NaN NaN NaN NaN NaN NaN NaN NaN NaN NaN NaN NaN NaN NaN NaN NaN NaN NaN NaN NaN NaN NaN NaN NaN NaN NaN NaN NaN 
NaN NaN NaN NaN NaN NaN NaN NaN NaN NaN NaN NaN NaN NaN NaN NaN NaN NaN NaN NaN NaN NaN NaN NaN NaN NaN NaN NaN NaN NaN NaN NaN NaN NaN NaN NaN NaN NaN NaN NaN 
NaN NaN NaN NaN NaN NaN NaN NaN NaN NaN NaN NaN NaN NaN NaN NaN NaN NaN NaN NaN NaN NaN NaN NaN NaN NaN NaN NaN NaN NaN NaN NaN NaN NaN NaN NaN NaN NaN NaN NaN 
NaN NaN NaN NaN NaN NaN NaN NaN NaN NaN NaN NaN NaN NaN NaN NaN NaN NaN NaN NaN NaN NaN NaN NaN NaN NaN NaN NaN NaN NaN NaN NaN NaN NaN NaN NaN NaN NaN NaN NaN 
NaN NaN NaN NaN NaN NaN NaN NaN NaN NaN NaN NaN NaN NaN NaN NaN NaN NaN NaN NaN NaN NaN NaN NaN NaN NaN NaN NaN NaN NaN NaN NaN NaN NaN NaN NaN NaN NaN NaN NaN 
NaN NaN NaN NaN NaN NaN NaN NaN NaN NaN NaN NaN NaN NaN NaN NaN NaN NaN NaN NaN NaN NaN NaN NaN NaN NaN NaN NaN NaN NaN NaN NaN NaN NaN NaN NaN NaN NaN NaN NaN 
NaN NaN NaN NaN NaN NaN NaN NaN NaN NaN NaN NaN NaN NaN NaN NaN NaN NaN NaN NaN NaN NaN NaN NaN NaN NaN NaN NaN NaN NaN NaN NaN NaN NaN NaN NaN NaN NaN NaN NaN 
NaN NaN NaN NaN NaN NaN NaN NaN NaN NaN NaN NaN NaN NaN NaN NaN NaN NaN NaN NaN NaN NaN NaN NaN NaN NaN NaN NaN NaN NaN NaN NaN NaN NaN NaN NaN NaN NaN NaN NaN 
NaN NaN NaN NaN NaN NaN NaN NaN NaN NaN NaN NaN NaN NaN NaN NaN NaN NaN NaN NaN NaN NaN NaN NaN NaN NaN NaN NaN NaN NaN NaN NaN NaN NaN NaN NaN NaN NaN NaN NaN 
NaN NaN NaN NaN NaN NaN NaN NaN NaN NaN NaN NaN NaN NaN NaN NaN NaN NaN NaN NaN NaN NaN NaN NaN NaN NaN NaN NaN NaN NaN NaN NaN NaN NaN NaN NaN NaN NaN NaN NaN 
NaN NaN NaN NaN NaN NaN NaN NaN NaN NaN NaN NaN NaN NaN NaN NaN NaN NaN NaN NaN NaN NaN NaN NaN NaN NaN NaN NaN NaN NaN NaN NaN NaN NaN NaN NaN NaN NaN NaN NaN 
NaN NaN NaN NaN NaN NaN NaN NaN NaN NaN NaN NaN NaN NaN NaN NaN NaN NaN NaN NaN NaN NaN NaN NaN NaN NaN NaN NaN NaN NaN NaN NaN NaN NaN NaN NaN NaN NaN NaN NaN 
NaN NaN NaN NaN NaN NaN NaN NaN NaN NaN NaN NaN NaN NaN NaN NaN NaN NaN NaN NaN NaN NaN NaN NaN NaN NaN NaN NaN NaN NaN NaN NaN NaN NaN NaN NaN NaN NaN NaN NaN 
NaN NaN NaN NaN NaN NaN NaN NaN NaN NaN NaN NaN NaN NaN NaN NaN NaN NaN NaN NaN NaN NaN NaN NaN NaN NaN NaN NaN NaN NaN NaN NaN NaN NaN NaN NaN NaN NaN NaN NaN 
NaN NaN NaN NaN NaN NaN NaN NaN NaN NaN NaN NaN NaN NaN NaN NaN NaN NaN NaN NaN NaN NaN NaN NaN NaN NaN NaN NaN NaN NaN NaN NaN NaN NaN NaN NaN NaN NaN NaN NaN 
NaN NaN NaN NaN NaN NaN NaN NaN NaN NaN NaN NaN NaN NaN NaN NaN NaN NaN NaN NaN NaN NaN NaN NaN NaN NaN NaN NaN NaN NaN NaN NaN NaN NaN NaN NaN NaN NaN NaN NaN 
NaN NaN NaN NaN NaN NaN NaN NaN NaN NaN NaN NaN NaN NaN NaN NaN NaN NaN NaN NaN NaN NaN NaN NaN NaN NaN NaN NaN NaN NaN NaN NaN NaN NaN NaN NaN NaN NaN NaN NaN 
NaN NaN NaN NaN NaN NaN NaN NaN NaN NaN NaN NaN NaN NaN NaN NaN NaN NaN NaN NaN NaN NaN NaN NaN NaN NaN NaN NaN NaN NaN NaN NaN NaN NaN NaN NaN NaN NaN NaN NaN 
NaN NaN NaN NaN NaN NaN NaN NaN NaN NaN NaN NaN NaN NaN NaN NaN NaN NaN NaN NaN NaN NaN NaN NaN NaN NaN NaN NaN NaN NaN NaN NaN NaN NaN NaN NaN NaN NaN NaN NaN 
NaN NaN NaN NaN NaN NaN NaN NaN NaN NaN NaN NaN NaN NaN NaN NaN NaN NaN NaN NaN NaN NaN NaN NaN NaN NaN NaN NaN NaN NaN NaN NaN NaN NaN NaN NaN NaN NaN NaN NaN 
NaN NaN NaN NaN NaN NaN NaN NaN NaN NaN NaN NaN NaN NaN NaN NaN NaN NaN NaN NaN NaN NaN NaN NaN NaN NaN NaN NaN NaN NaN NaN NaN NaN NaN NaN NaN NaN NaN NaN NaN 
NaN NaN NaN NaN NaN NaN NaN NaN NaN NaN NaN NaN NaN NaN NaN NaN NaN NaN NaN NaN NaN NaN NaN NaN NaN NaN NaN NaN NaN NaN NaN NaN NaN NaN NaN NaN NaN NaN NaN NaN 
NaN NaN NaN NaN NaN NaN NaN NaN NaN NaN NaN NaN NaN NaN NaN NaN NaN NaN NaN NaN NaN NaN NaN NaN NaN NaN NaN NaN NaN NaN NaN NaN NaN NaN NaN NaN NaN NaN NaN NaN 
NaN NaN NaN NaN NaN NaN NaN NaN NaN NaN NaN NaN NaN NaN NaN NaN NaN NaN NaN NaN NaN NaN NaN NaN NaN NaN NaN NaN NaN NaN NaN NaN NaN NaN NaN NaN NaN NaN NaN NaN 
-62.880348 -67.070727 -70.691901 -73.156525 -78.342769 -79.951736 -81.882806 -84.814939 -85.609920 -80.650817 -80.183490 -80.282128 -84.754691 -94.313982 -86.916589 -83.945269 -86.361086 -90.930446 -86.223181 -84.891276 -84.049225 -86.127385 -88.820080 -84.439076 -83.859307 -83.377868 -81.929038 -80.666876 -80.533294 -85.071673 -82.792591 -79.965394 -81.438310 -82.491321 -80.109551 -80.297369 -81.315472 -82.713850 -81.360704 -83.991734 
-55.143565 -70.130275 -74.097305 -69.496951 -70.822355 -74.825625 -73.585530 -76.149682 -80.344699 -73.535240 -72.611790 -72.770263 -78.311832 -86.660947 -80.464433 -80.303486 -77.520996 -77.053574 -74.280649 -74.100451 -80.207302 -78.975572 -79.133373 -76.648618 -71.682256 -75.244018 -74.350660 -77.475036 -77.411917 -76.129097 -74.464268 -75.667771 -73.607925 -76.354573 -73.503153 -75.816664 -75.652933 -76.093024 -75.029047 -77.090133 
-57.933579 -75.408490 -74.745782 -74.604189 -74.492034 -72.939809 -78.271263 -76.018468 -78.136817 -79.628209 -76.021966 -74.055814 -74.452161 -75.794781 -73.508284 -73.850015 -72.496102 -70.429131 -73.085251 -75.541362 -74.386150 -77.227212 -75.247376 -76.114823 -79.091532 -74.593835 -74.245937 -77.358826 -74.074571 -75.910554 -75.159013 -77.711414 -73.230124 -76.843248 -77.620457 -76.592023 -76.184935 -75.319432 -75.539102 -75.104099 
-54.554338 -64.321394 -68.366479 -75.031400 -78.885182 -67.189142 -75.265268 -68.785667 -68.596585 -69.783273 -64.736304 -69.828766 -69.911223 -72.032769 -70.961926 -70.648490 -70.724960 -68.101505 -71.161504 -73.397869 -73.536426 -75.614625 -70.756469 -74.025734 -79.192904 -73.887716 -73.446130 -72.294490 -72.735549 -72.626811 -74.604364 -76.143136 -71.653183 -72.607058 -72.318952 -74.780602 -74.813938 -75.742670 -75.536840 -74.875023 
-28.144407 -26.950902 -30.107056 -36.761318 -42.808161 -43.774034 -42.740196 -43.604244 -44.233612 -44.638531 -46.304568 -47.785672 -49.340013 -52.648467 -53.155631 -52.153575 -52.544866 -55.093719 -57.170483 -57.353026 -58.615773 -59.101445 -60.042553 -57.930181 -62.474719 -63.228889 -67.090560 -66.749562 -64.018883 -67.130137 -66.473276 -65.925388 -65.719434 -66.071258 -66.080991 -64.014311 -62.605828 -66.593610 -69.168914 -68.307761 
-18.759112 -20.336432 -27.414821 -42.415889 -46.663450 -46.987208 -47.116540 -49.336933 -50.549086 -49.705242 -53.060029 -54.369894 -56.702209 -60.455344 -60.482799 -57.915185 -59.371621 -61.716824 -64.849649 -63.938335 -64.624873 -60.157750 -59.903598 -58.520130 -63.685101 -63.343681 -62.705107 -63.823941 -61.936116 -66.254065 -63.813227 -64.627991 -64.589619 -63.341010 -64.906507 -63.898405 -62.525452 -62.951847 -64.936444 -66.459575 
-23.868904 -34.970763 -37.046161 -47.257209 -47.496144 -50.717609 -51.193838 -59.702650 -57.863614 -57.965610 -58.918159 -60.644054 -57.179049 -58.436926 -62.844982 -59.341344 -63.626297 -66.063866 -70.900043 -68.790260 -63.708007 -62.987969 -63.750701 -60.774144 -68.777387 -63.355214 -65.504580 -61.834760 -65.665011 -65.875269 -65.945069 -65.526117 -68.383821 -66.888058 -65.878134 -65.635984 -64.223600 -65.838862 -65.617540 -69.310813 
-21.612383 -22.008787 -30.640630 -45.428441 -54.356759 -48.435156 -51.598643 -54.207236 -57.810330 -64.065575 -63.411477 -59.503581 -59.948292 -61.060768 -60.497047 -64.092111 -59.106805 -63.118549 -63.903306 -66.600354 -63.734440 -61.950091 -63.078875 -62.017556 -65.280026 -67.842227 -63.108864 -66.535494 -62.373557 -64.434916 -64.634553 -65.228847 -66.833603 -68.913227 -69.112696 -67.439326 -66.283444 -65.087492 -64.798116 -69.004349 
-25.009319 -29.044719 -40.176557 -50.127792 -54.912572 -55.765865 -50.536063 -49.545955 -56.494237 -55.678492 -58.047920 -60.781402 -58.110448 -58.971973 -58.251694 -62.555205 -62.615972 -60.686229 -60.471160 -65.566098 -63.693863 -63.437465 -65.693363 -66.864204 -60.464015 -60.585452 -61.509667 -65.551064 -65.155708 -67.272822 -62.883241 -65.605745 -66.979364 -64.833291 -63.236512 -66.428523 -66.246153 -65.613274 -64.975648 -66.747093 
-24.956117 -32.456873 -34.952807 -38.198365 -34.960343 -33.819569 -31.546110 -33.123351 -33.590469 -30.254791 -29.992061 -26.150372 -27.617926 -25.887343 -26.202078 -27.715038 -29.081685 -31.999230 -36.493986 -44.055070 -42.239834 -41.121889 -50.043943 -46.941476 -47.709479 -49.626604 -50.610607 -48.353407 -44.666079 -44.907766 -44.277404 -43.478994 -43.322805 -46.418527 -41.853008 -39.393198 -39.841728 -40.553037 -44.095182 -45.392829 
-21.450787 -16.069399 -17.393059 -17.792756 -16.803042 -15.854112 -12.509135 -11.378670 -13.798081 -14.721431 -11.779300 -7.464817 -6.495106 -4.676556 -3.539497 -4.949731 -10.582479 -16.839092 -18.938345 -23.687887 -28.870411 -27.361714 -30.577617 -34.444252 -38.978772 -44.259888 -40.295277 -35.132425 -28.243284 -28.652530 -32.580139 -26.608215 -25.551764 -30.068430 -25.527514 -21.990829 -21.992499 -25.347349 -28.513531 -32.113083 
-13.200918 -10.523065 -16.085020 -25.543353 -24.501417 -18.085761 -15.210130 -16.291348 -14.930641 -17.004702 -17.325438 -13.521273 -9.786689 -6.693511 -9.073360 -7.502610 -13.609920 -16.357282 -23.026418 -26.295570 -33.186451 -32.699509 -34.738924 -33.153711 -35.660218 -36.496379 -37.338701 -34.335180 -31.807435 -31.017251 -37.115848 -31.533137 -33.369024 -34.676004 -35.160125 -28.965717 -29.011426 -23.200122 -27.036655 -25.689826 
-11.219390 -7.823407 -13.339011 -12.779209 -13.574771 -12.568966 -14.250150 -11.601540 -7.527934 -13.394264 -6.361913 -6.909614 -0.882296 -4.734465 0.837826 -2.405267 -6.024670 -14.008246 -18.919917 -23.787644 -31.439332 -30.903663 -29.093569 -28.781449 -32.740242 -29.524083 -32.487323 -30.599980 -28.152371 -26.462212 -31.082764 -27.137904 -27.465115 -31.003596 -39.247599 -30.279704 -25.830207 -26.783257 -31.277471 -27.134627 
-5.918282 -5.406553 -9.863787 -9.462581 -13.486581 -10.150033 -8.261883 -6.283354 -10.657584 -14.085661 -6.952916 -10.527386 -4.799960 -9.444448 -2.550612 -0.930526 -8.724201 -13.745429 -18.067473 -18.921142 -18.229381 -23.219325 -24.089013 -24.677066 -24.367937 -23.738601 -22.433064 -20.378778 -22.468015 -22.322740 -24.368109 -26.018780 -23.276273 -25.200230 -27.267308 -23.600302 -19.952818 -21.211042 -26.953188 -24.643457 
-4.196039 -4.875499 -10.894884 -10.536073 -18.143126 -18.551262 -12.415092 -5.456345 -2.614858 -8.694820 -13.708352 -1.660759 -4.176466 -3.224384 1.154975 1.490941 -6.353744 -11.730652 -12.913486 -16.700630 -19.853107 -20.043819 -21.250457 -18.195741 -18.661507 -20.823552 -19.154127 -15.397412 -18.662570 -17.816737 -22.216664 -23.416674 -17.826553 -22.217953 -24.677459 -19.670998 -19.057640 -17.920203 -22.073630 -20.661452 
-19.804326 -13.233265 -11.593207 -11.988474 -19.581094 -12.836079 -11.786836 -4.661661 -4.442366 -11.845365 -12.774766 -7.237152 -9.282330 -12.409896 -5.128479 -2.103126 -4.970809 -8.737239 -18.317191 -16.490347 -17.192041 -16.510963 -19.034513 -16.426343 -20.586762 -19.823306 -12.433745 -7.736237 -16.435283 -15.397027 -18.895903 -19.954909 -17.778573 -21.227408 -20.863340 -15.003543 -15.019029 -16.783957 -21.365905 -21.123958 
-12.665155 -18.446918 -21.959202 -16.784752 -14.604094 -12.678892 -7.275696 -4.876545 -5.529675 -13.089346 -21.703717 -12.827842 -14.905828 -18.446508 -10.271920 -5.883343 -7.963434 -10.280843 -14.367388 -17.255049 -21.896935 -21.754237 -15.020234 -15.546244 -20.141322 -20.205986 -14.810029 -12.380855 -15.875392 -17.486944 -22.004116 -18.517287 -18.563505 -25.985750 -18.075126 -17.510627 -15.756393 -15.951263 -18.007250 -19.273095 
-12.768617 -12.610924 -12.689277 -16.127403 -13.537138 -12.359762 -4.236176 -2.607104 -13.638953 -22.419495 -15.745641 -10.211739 -13.386671 -19.131755 -11.444715 -6.257528 -11.761825 -17.467507 -19.471822 -19.895763 -23.996536 -26.481999 -27.148713 -26.710986 -27.162147 -22.753074 -21.340943 -16.038944 -18.880629 -20.115920 -25.368296 -20.372329 -20.089300 -27.533137 -20.274620 -16.973037 -16.130148 -22.478039 -20.167350 -22.050472 
-12.689831 -1.118423 1.463631 -2.124383 -3.464812 -7.852053 -5.078240 -5.810949 -10.604599 -11.950165 -14.219188 -11.796913 -15.519635 -10.201375 -11.843239 -8.953962 -20.992439 -19.919632 -23.283239 -23.596974 -25.667298 -26.225754 -25.543859 -25.061331 -30.571694 -29.463728 -29.091909 -22.775101 -23.701265 -20.892689 -23.858440 -21.931611 -22.796339 -31.740002 -25.371545 -21.789237 -20.715340 -25.263211 -23.368964 -23.320428 
-4.155389 11.461563 20.082434 19.977591 15.204242 8.204345 15.420857 14.095338 3.890654 1.787084 -3.345793 -0.975080 -4.991500 -1.423186 -3.007113 -6.089379 -18.129843 -23.047155 -23.692573 -26.009969 -28.579622 -28.353712 -26.947110 -24.981441 -29.205176 -27.605890 -26.339404 -22.594571 -18.654417 -26.657324 -29.017512 -26.858598 -29.788560 -34.326423 -30.151115 -23.909025 -21.967054 -27.842418 -29.397692 -28.369329 
-8.710128 12.534067 24.041585 19.998716 13.934383 22.453769 17.178861 18.826877 15.195281 5.595874 1.213870 5.380455 6.259190 9.724520 5.038800 -1.285114 -9.555109 -14.863549 -21.524021 -25.651002 -26.928698 -28.474599 -23.873375 -20.571259 -25.885138 -28.176908 -25.207753 -19.973699 -16.896736 -20.019219 -27.166424 -28.527006 -28.063220 -42.208481 -43.630140 -26.389369 -18.668444 -24.217503 -31.328701 -32.987153 
-17.204159 11.339322 23.033020 18.961609 14.272109 23.376011 14.744809 19.673309 19.486652 11.176748 5.620897 1.829184 7.006486 12.610079 3.687327 -1.131336 -8.529733 -14.876455 -18.947628 -21.953785 -23.929309 -25.478143 -22.417134 -13.258750 -16.206214 -22.063344 -23.433364 -16.418859 -11.274849 -12.733263 -24.821980 -29.120706 -29.106699 -40.008156 -43.633359 -28.425677 -18.374514 -21.639191 -32.035653 -34.339020 
-7.980339 8.546339 20.692094 16.737614 10.331411 21.171658 12.926734 17.402385 22.151925 16.143317 13.414799 9.167326 9.110038 14.989075 7.261246 1.466713 -6.063083 -9.435020 -14.267286 -16.966000 -18.790972 -21.212381 -20.519214 -11.945174 -17.224856 -19.236035 -19.573580 -14.239287 -8.013300 -10.922770 -22.644461 -27.204164 -24.897152 -35.553886 -43.111472 -29.559546 -18.092975 -23.051484 -29.668653 -34.936176 
-15.088763 6.018326 18.451201 14.032726 9.561071 18.613686 9.169801 17.072017 17.348110 20.159612 19.996609 12.517434 10.364004 14.759610 10.708322 7.538535 -5.308166 -11.267315 -14.784973 -14.469898 -14.167938 -18.449255 -16.005342 -8.439592 -9.243674 -19.015083 -24.747857 -17.508175 -8.226296 -9.245510 -23.051680 -26.493524 -21.560533 -28.286775 -32.798570 -29.046927 -19.890305 -18.453817 -28.152117 -32.660581 
-14.069081 5.249447 16.543300 11.799474 7.423679 16.762547 7.480583 14.937049 12.049208 22.758510 22.554411 9.729905 7.568388 13.913312 14.312143 10.432227 -6.614154 -8.616409 -12.252680 -13.710161 -13.761912 -16.704820 -16.723839 -13.051081 -11.306115 -16.786856 -26.661321 -18.476152 -11.228853 -10.028488 -22.557277 -27.301941 -21.882632 -27.817505 -32.047183 -31.435670 -20.467886 -19.454438 -28.623399 -33.285429 
-15.807399 2.985586 14.510178 9.738894 5.499614 13.947114 4.422999 11.074999 7.875028 23.341018 21.042757 15.183465 12.359105 14.821786 16.231670 7.434750 -6.260745 -10.475344 -14.779450 -14.113965 -14.434112 -13.957265 -18.107070 -10.342446 -8.394208 -18.022113 -38.480564 -21.474761 -8.258195 -10.005156 -30.529388 -29.917773 -23.007936 -29.113091 -36.599495 -34.512003 -29.608228 -24.495746 -32.744039 -40.493504 
-10.470855 1.528967 12.419047 6.350252 4.979833 11.289660 -0.003268 7.929097 4.574137 21.388761 17.024835 21.358133 13.702947 14.355636 18.077558 7.485501 -5.196034 -9.126503 -15.135743 -20.193602 -18.329569 -16.021499 -15.335808 -11.319265 -11.364870 -23.441924 -34.824848 -23.445747 -9.187461 -9.891519 -27.455109 -31.109184 -25.944472 -28.842477 -32.987706 -36.201209 -29.671620 -24.435381 -31.292727 -39.884191 
-14.017378 2.540567 12.013977 6.105396 7.031416 11.447579 1.546893 7.062319 5.382805 18.769419 16.212231 23.172127 11.302287 11.472184 17.771912 8.028785 0.147848 -4.929657 -10.931344 -16.988345 -17.038985 -14.952317 -13.597330 -12.658774 -8.648247 -18.771716 -25.432778 -20.707790 -8.330682 -9.846176 -29.236979 -27.854667 -22.527734 -29.207442 -34.456435 -37.659949 -30.064068 -24.900576 -33.205541 -40.178306 
-9.964240 3.163988 11.763505 5.025878 8.265994 10.002903 2.578210 7.694736 7.029206 14.650355 19.168209 22.501364 12.081840 15.326592 16.751207 12.136735 2.629357 -7.814663 -13.345717 -15.774866 -17.122172 -17.629053 -12.761127 -9.223597 -5.218571 -14.189322 -18.315512 -16.606283 -9.065405 -10.993964 -26.778287 -25.861500 -22.590015 -28.087797 -33.106391 -38.177098 -30.572638 -21.830963 -31.896980 -39.873308 
-12.379006 3.799360 11.080741 3.555936 9.150527 8.141467 2.408168 6.840920 6.612782 10.128065 20.046649 19.064436 17.359748 17.858204 15.528973 13.445053 1.572871 -4.315589 -10.616176 -15.023540 -16.481205 -17.098715 -13.874912 -10.376092 -6.630091 -11.105309 -18.071521 -13.730036 -7.488975 -10.822203 -28.444641 -26.127544 -22.074701 -25.324893 -34.798553 -46.614248 -36.848925 -25.616600 -31.104100 -42.442020 
-13.487561 3.997316 10.141505 1.255989 7.925029 5.476536 1.928648 2.875563 5.712834 6.665846 19.501411 16.865734 19.634070 18.798529 17.257237 14.400229 0.303356 -6.369326 -11.949404 -13.825319 -15.256511 -17.939196 -13.100882 -9.273977 -7.531378 -11.751816 -15.166282 -12.729729 -6.636709 -8.272053 -25.904327 -28.787035 -19.334688 -23.333461 -34.037407 -38.814824 -35.078641 -28.398932 -32.690733 -39.063225 
-9.242089 4.866235 9.948407 0.156057 8.633532 3.799575 2.941696 0.255828 3.595516 7.570274 16.810995 17.034227 18.662582 17.083716 15.065065 11.716813 4.102010 -4.353261 -9.038534 -15.831269 -19.990147 -16.560598 -12.229813 -10.629042 -8.733268 -14.917325 -14.558985 -13.681051 -8.339612 -9.137464 -23.755558 -24.738287 -18.532630 -24.008634 -32.038248 -34.373197 -32.147994 -29.522488 -32.430190 -34.911191 
-10.563598 6.366219 9.883380 2.298474 8.938513 2.404888 3.281173 -0.876156 3.733828 8.613391 13.636010 18.402974 15.920598 13.967668 13.262263 14.580844 3.547860 -2.944480 -7.992984 -16.305774 -18.356855 -16.103240 -14.132282 -8.632174 -8.315094 -13.603947 -15.516801 -13.462991 -7.547156 -9.369660 -26.972745 -27.428106 -19.684710 -26.817502 -33.005610 -34.350728 -32.737537 -27.431698 -28.912030 -33.213477 
-8.873475 7.082149 9.111256 3.279524 8.303470 0.661426 2.187848 -1.286304 1.852140 10.164613 10.687031 17.358060 11.748769 9.447290 12.233716 12.303317 -2.022320 -2.851700 -10.279163 -18.151942 -20.173616 -19.771380 -13.544563 -6.528912 -7.788823 -15.773666 -20.509907 -15.871724 -12.613920 -16.207013 -34.909721 -28.807491 -19.044024 -29.201130 -38.375625 -49.258427 -41.462898 -32.509127 -29.834131 -40.456116 
-7.422690 7.196835 8.565437 4.274935 7.148901 0.640522 0.707119 -0.071431 1.122026 10.353956 12.587567 15.478381 13.801517 8.983645 13.153213 10.935343 1.060600 -6.104962 -16.090719 -17.426351 -19.867627 -19.948662 -13.456143 -5.997656 -10.187344 -19.388548 -21.497148 -20.373149 -16.529811 -20.618678 -37.640744 -31.144825 -25.346427 -30.849651 -37.907135 -48.319815 -47.235972 -33.159847 -30.984227 -42.123918 
-5.555974 8.026602 7.643000 5.540411 5.041038 -3.512571 -3.417179 1.891472 -0.860647 7.005405 9.150579 12.256247 12.426213 6.064245 8.805641 9.216378 3.856262 -5.910241 -11.798004 -17.315253 -22.629114 -19.603126 -14.234952 -7.562869 -12.485798 -23.040302 -25.177708 -22.977422 -18.413868 -18.963189 -33.349796 -32.395737 -24.803899 -31.296664 -39.492730 -72.334385 -70.277780 -36.313620 -29.833761 -41.564171 
-3.517145 8.787007 7.084832 4.631037 2.568205 -7.406888 -6.980439 1.121373 -2.622006 3.217286 8.397258 10.837068 7.998187 4.167044 5.714887 5.030509 1.856483 -5.865423 -10.530808 -15.034471 -23.068270 -22.228139 -20.867944 -11.068912 -18.895125 -25.169394 -28.769559 -24.252536 -21.151385 -24.873854 -35.468482 -35.184401 -27.707458 -28.671726 -37.797382 -50.202334 -50.023860 -36.799085 -34.779682 -40.313129 
-2.765680 9.151369 5.175936 1.835812 0.179382 -7.463048 -7.923026 -3.169598 -1.051766 1.981275 4.400202 4.112671 2.504611 0.018191 1.008828 -0.518389 -3.828149 -7.979453 -12.719728 -18.873427 -25.987336 -24.077126 -22.861377 -16.877321 -25.743035 -28.637876 -30.204878 -26.472647 -23.351516 -26.330899 -35.176619 -35.956308 -30.622970 -27.836527 -36.286596 -56.355037 -62.846753 -35.568324 -32.434561 -38.951358 
-1.352736 7.549054 2.395164 -2.774203 -4.971785 -5.534112 -8.255971 -7.666744 -10.406768 -9.153146 -9.444433 -4.305440 -3.050040 -1.854003 -6.888682 -8.042041 -7.485712 -13.092421 -20.706462 -22.552107 -25.310272 -23.271034 -26.029239 -20.102212 -31.783440 -32.299399 -35.380585 -28.058268 -24.023395 -30.751947 -40.397089 -39.291538 -33.114241 -35.816889 -39.366756 -48.507072 -50.012205 -41.140143 -35.721884 -38.815402 
-4.125204 5.301206 0.279783 -12.268032 -4.379708 -4.859108 -15.986824 -13.681741 -10.933632 -8.892584 -5.120526 -7.813787 -7.985678 -10.184233 -12.441805 -7.912754 -7.812964 -11.823876 -22.275581 -25.832334 -27.912527 -25.219831 -29.813372 -27.187779 -30.989488 -38.175353 -44.973917 -31.274949 -28.733326 -35.740614 -51.860013 -44.665597 -35.001634 -38.040402 -35.842869 -53.494804 -57.392464 -41.285085 -35.717113 -41.979172 
-4.852960 3.782567 -0.375017 -7.730216 -14.820381 -13.597381 -20.173068 -22.787335 -14.610094 -8.127812 -9.201515 -7.377367 -2.811528 -8.941936 -7.642094 -9.965128 -13.191568 -16.199669 -19.882738 -23.421735 -26.561242 -22.864459 -24.728672 -29.739256 -33.620050 -39.089807 -44.536653 -30.399152 -31.376257 -39.536404 -48.262768 -42.145297 -40.213107 -41.518433 -44.536396 -51.067052 -50.385381 -41.135081 -39.819122 -44.681353 
-9.891287 0.092792 -3.967327 -12.703735 -17.243169 -17.471153 -21.818908 -26.522884 -17.877647 -14.819722 -9.269929 -8.840871 -12.209251 -18.414954 -15.135068 -15.976808 -14.840745 -12.924474 -23.106800 -21.804398 -25.503806 -32.407310 -31.885407 -35.198125 -37.951415 -43.699129 -46.637512 -35.558119 -32.719505 -44.948565 -50.617004 -45.489180 -40.519900 -40.579215 -42.314019 -51.647619 -52.392701 -43.026523 -40.121005 -44.936674 
-9.337123 -3.496613 -9.147891 -19.798096 -22.790109 -27.993449 -32.969934 -31.590700 -22.918949 -17.681610 -14.465227 -14.273464 -15.992389 -18.924207 -21.025712 -20.304027 -16.747786 -20.218599 -29.396373 -37.664085 -35.890996 -32.332697 -38.149375 -39.106341 -44.255970 -45.792626 -48.947325 -42.630250 -40.759928 -48.865403 -50.533226 -45.321740 -45.800378 -47.100805 -53.487628 -55.829123 -50.742327 -45.340545 -45.624627 -52.023064 
-7.794750 -12.225914 -24.411164 -28.438697 -28.459910 -32.320767 -36.810849 -36.911210 -33.572775 -32.043557 -23.594158 -25.383914 -26.819335 -30.606325 -30.766384 -28.854902 -27.037907 -29.104232 -33.420765 -45.201605 -43.051301 -40.148658 -47.254680 -48.393885 -54.628520 -55.156000 -51.687591 -52.946939 -54.997511 -57.649182 -57.222641 -53.586102 -55.839808 -61.194758 -64.461267 -62.120711 -56.120186 -57.440413 -59.370381 -61.978512 
-15.900500 -23.791582 -36.028061 -34.097546 -41.583488 -43.958723 -44.429966 -38.914528 -38.457086 -35.604812 -28.615663 -33.489501 -33.294867 -35.132656 -37.766683 -33.085391 -27.537400 -35.743441 -40.368833 -49.105667 -49.270459 -55.283808 -54.328665 -53.005436 -58.554350 -61.210862 -56.832890 -54.610999 -58.864480 -62.334150 -66.408482 -64.890622 -63.632501 -63.478901 -66.926412 -66.300981 -61.997931 -62.437734 -60.980931 -64.438584 
-18.060597 -32.047602 -33.421691 -40.410468 -40.675423 -46.619325 -44.786852 -44.792238 -47.142049 -48.600430 -34.438081 -34.616788 -37.716682 -41.586173 -39.576113 -38.297028 -32.569851 -36.652177 -46.958625 -55.977710 -56.305721 -61.517774 -56.679511 -56.052249 -63.948810 -67.062092 -63.122069 -57.317893 -62.523672 -71.921841 -72.703780 -67.387377 -66.731675 -65.731948 -68.389512 -69.154238 -66.822051 -65.705569 -64.619122 -66.701801 
-21.355699 -34.348637 -36.288690 -44.760828 -46.161774 -51.406423 -59.643621 -61.563588 -50.881875 -44.155531 -42.994297 -44.439218 -43.367879 -46.016437 -47.390290 -41.982640 -34.898950 -42.665092 -49.982156 -59.637420 -58.914790 -60.891931 -61.746031 -62.430250 -66.694107 -68.708622 -67.056158 -66.870073 -65.309650 -71.984816 -73.256818 -63.521100 -69.037487 -68.542223 -66.349007 -71.179924 -73.177214 -71.534201 -68.492710 -69.536154 
-26.447569 -33.114497 -36.967576 -47.135894 -47.164552 -55.064365 -57.734712 -54.346466 -45.290397 -42.029283 -46.984261 -46.034806 -42.829286 -51.552040 -51.125738 -46.993519 -41.775098 -45.556966 -57.874756 -61.136868 -62.793360 -59.045549 -57.468248 -67.087398 -71.148242 -68.417519 -65.338717 -66.907766 -65.106579 -67.766540 -68.894686 -63.055044 -70.607086 -73.064091 -70.713783 -70.775120 -71.979120 -74.495451 -70.168820 -69.243507 
-24.956650 -33.208678 -38.214452 -46.287205 -49.625552 -53.445684 -63.273296 -57.065152 -44.861226 -40.975788 -48.328810 -50.976710 -48.489407 -53.490528 -54.771566 -48.296346 -44.480696 -46.058182 -54.000967 -61.054729 -58.678397 -62.898817 -62.740125 -68.704912 -72.765379 -76.017467 -71.399730 -69.962748 -66.287232 -62.637848 -67.754394 -65.342360 -70.492814 -76.752966 -78.434828 -67.183756 -67.436816 -79.635568 -71.684233 -70.448220 
-23.205564 -33.981234 -41.489419 -46.991428 -45.544406 -47.929191 -57.581647 -56.740183 -53.480166 -46.958158 -52.372366 -51.963943 -52.193775 -53.674529 -53.226609 -54.436092 -52.164385 -50.935863 -52.363613 -60.471238 -57.900752 -59.859566 -64.019312 -65.516095 -66.864772 -71.205839 -67.196875 -68.018848 -63.939070 -66.812744 -66.799829 -65.116975 -69.416004 -74.991782 -78.410624 -65.389429 -68.848895 -63.877678 -63.761299 -69.481421 
-23.734076 -25.851658 -25.140726 -25.122318 -21.912802 -20.956264 -20.739762 -21.256901 -21.361557 -20.789447 -20.304788 -20.112895 -18.713770 -18.081670 -17.493849 -17.679921 -17.892547 -13.955862 -10.859412 -15.148692 -23.751278 -27.954161 -28.233474 -29.247038 -29.025746 -28.827342 -31.081710 -36.412556 -35.252429 -32.712493 -33.825126 -45.355005 -42.368569 -43.988273 -47.810245 -51.088099 -44.661236 -32.820275 -32.679226 -46.536452 
-13.568670 -13.776325 -16.688765 -18.235114 -15.122580 -10.800653 -12.688977 -12.429063 -14.799469 -11.706454 -13.729811 -13.140163 -10.537596 -10.876372 -9.802021 -9.704691 -12.417183 -3.775699 1.297808 -4.788606 -17.586549 -22.062890 -21.190188 -22.416424 -21.904563 -21.037246 -23.474658 -28.939988 -24.553025 -21.066976 -23.476572 -33.144850 -32.261738 -33.376716 -37.617077 -39.089876 -34.457634 -22.913137 -22.431658 -35.020130 
-10.337949 -6.687301 -8.394484 -10.929275 -9.972908 -11.143423 -8.497897 -10.742159 -14.454355 -19.618885 -19.270017 -21.050011 -19.780524 -18.136616 -22.010784 -23.140416 -18.049462 -9.664678 -5.143406 -9.377496 -17.325835 -25.861215 -28.768546 -28.955473 -36.950817 -36.465039 -34.424518 -32.921410 -26.917378 -28.057584 -34.503957 -29.066790 -29.682039 -36.391105 -38.931854 -38.052792 -31.341397 -23.601267 -29.940614 -35.963116 
-12.988630 -11.683489 -13.237096 -19.249937 -21.123663 -18.270424 -16.201794 -14.266270 -17.053841 -18.626487 -23.395090 -24.052028 -22.422809 -22.443617 -29.683367 -26.775237 -23.580453 -17.204172 -12.355040 -15.376924 -23.009674 -28.326919 -28.598374 -28.920035 -31.811493 -34.737357 -36.719156 -33.953898 -28.990654 -33.418689 -34.649885 -29.094959 -30.737032 -36.378116 -36.649812 -39.231879 -32.572554 -26.662492 -32.054331 -36.077605 
-24.211590 -28.642625 -24.033246 -22.180681 -28.267763 -21.970199 -15.621385 -12.329253 -17.060678 -26.559018 -28.159821 -25.508281 -25.083035 -26.135594 -26.725155 -28.411305 -23.741135 -18.707527 -11.327569 -15.694276 -25.269018 -24.265643 -24.195596 -25.804664 -28.497641 -27.479671 -35.446723 -30.660375 -24.168561 -28.305211 -32.963068 -32.470972 -30.251821 -35.619487 -39.124483 -40.873004 -37.776229 -33.103921 -34.513116 -42.371158 
-28.447104 -23.057943 -23.808726 -30.049483 -33.727805 -32.467863 -22.693639 -13.994648 -19.736894 -28.566217 -31.060510 -25.493678 -25.292239 -28.284566 -39.897615 -28.688381 -23.756149 -17.796892 -11.378273 -22.554426 -30.021525 -29.316969 -33.564063 -32.424097 -36.990425 -33.339352 -38.848139 -37.871041 -30.097814 -34.044182 -39.855908 -37.095949 -37.395642 -41.356301 -43.460246 -47.288119 -39.723111 -36.575900 -40.355920 -46.936080 
-20.941406 -26.659646 -31.161154 -25.732301 -29.287103 -21.774854 -20.471155 -20.279523 -23.887934 -32.956420 -34.397736 -28.092116 -28.724462 -31.097259 -33.625481 -29.998189 -33.493910 -24.093348 -20.863193 -26.584538 -31.448364 -29.743758 -31.259177 -36.707839 -36.398985 -38.013361 -40.837990 -37.608116 -32.053357 -38.998584 -42.988880 -41.655330 -39.990596 -45.216627 -45.638303 -50.306106 -40.115007 -39.179799 -44.470257 -51.011790 
-24.236119 -24.198169 -22.960343 -28.050660 -26.183838 -23.014453 -16.637044 -15.009544 -22.836540 -31.692365 -33.323687 -29.413374 -29.227663 -31.274663 -34.489549 -31.908859 -27.771768 -19.876917 -20.969075 -30.212030 -30.221259 -33.622662 -39.196668 -39.555873 -40.282613 -41.793483 -45.506620 -38.047187 -39.080040 -45.183970 -46.632478 -39.817079 -40.944394 -48.512089 -47.953386 -46.683870 -39.715870 -37.248239 -44.655834 -53.386111 
-30.971040 -26.972824 -24.594492 -24.113417 -24.327532 -28.530421 -24.842492 -19.278418 -30.844826 -35.002625 -32.798849 -29.638406 -29.643451 -31.490054 -37.800661 -40.149379 -28.670732 -20.153862 -26.065666 -31.115382 -30.720128 -34.968153 -33.905044 -37.436249 -40.413022 -44.794926 -44.634849 -42.484967 -40.668341 -44.929931 -53.463892 -47.071672 -46.912239 -48.131738 -50.378776 -49.216988 -43.936483 -43.851887 -52.474823 -55.564912 
-21.709139 -28.655360 -33.422463 -25.445018 -26.471440 -32.093356 -26.832517 -22.585681 -32.604753 -40.868326 -32.307011 -33.618560 -32.963039 -38.652725 -34.733158 -34.621940 -29.085143 -23.463857 -26.623054 -30.317579 -31.758806 -33.777819 -39.781206 -40.563835 -44.228759 -44.044143 -47.320052 -39.810669 -42.477385 -51.919872 -51.299845 -43.627251 -46.221559 -52.551216 -53.590174 -51.220460 -49.532024 -49.904290 -53.208507 -56.902143 
-23.380290 -25.204249 -24.080495 -26.039032 -29.512638 -32.873400 -27.097208 -23.249097 -29.914477 -34.635647 -34.140281 -35.723639 -34.213976 -42.676988 -42.953713 -35.933529 -33.005789 -31.231664 -30.309965 -33.514698 -32.555071 -35.843267 -42.542283 -44.497773 -47.754533 -47.688532 -50.863963 -45.761532 -46.239723 -50.171293 -54.857097 -47.278907 -50.983346 -58.554296 -57.456015 -54.664755 -51.590047 -54.868524 -60.571870 -62.596763 
-27.679088 -30.995711 -24.313263 -27.440672 -34.777876 -39.260468 -35.912476 -37.456550 -31.282975 -36.075432 -44.664629 -39.700036 -34.163165 -42.781336 -41.842705 -41.315362 -33.116825 -28.880578 -37.531898 -37.397238 -38.483308 -38.143855 -45.619642 -50.700364 -52.635103 -53.857841 -54.005216 -49.509583 -48.940644 -51.812152 -57.018739 -52.370804 -54.398888 -61.493586 -59.874519 -59.903878 -56.916751 -58.834901 -62.796938 -65.219874 
-20.012872 -23.606685 -27.351333 -29.884387 -40.577270 -41.391550 -42.726112 -40.841769 -33.236948 -41.787916 -42.999108 -35.957681 -33.485096 -39.187819 -44.965212 -40.961451 -37.878558 -31.986554 -35.165246 -39.373251 -40.290968 -47.295008 -48.534992 -49.044930 -52.755968 -56.503815 -59.698057 -54.341472 -55.115907 -57.521542 -63.677694 -59.575967 -57.936181 -62.416636 -64.391221 -65.109337 -60.477931 -61.339241 -65.111870 -70.298091 
-27.706482 -28.332529 -35.671140 -38.609591 -36.708515 -34.769583 -34.928858 -39.360291 -35.621643 -39.759034 -43.387799 -47.056292 -43.314720 -44.071651 -47.055145 -43.988026 -40.926838 -36.473681 -40.157362 -44.857736 -44.806233 -45.609004 -53.226381 -52.558890 -55.844297 -59.692018 -67.773847 -60.306163 -60.003246 -58.815414 -65.430354 -64.556110 -63.918889 -64.018286 -63.592785 -64.814444 -66.304535 -69.699755 -66.681434 -69.936362 
-21.922088 -31.538719 -31.506390 -35.103109 -39.369447 -40.194419 -40.147328 -42.968386 -37.689330 -41.755319 -46.561230 -46.126164 -49.313808 -45.633975 -47.622482 -48.070943 -44.635631 -38.048863 -40.310932 -41.691278 -47.689078 -55.392358 -58.889649 -61.093550 -62.020898 -60.436972 -63.465118 -63.000677 -62.400015 -60.719566 -64.307370 -66.009319 -66.294451 -65.654435 -64.505235 -64.810118 -63.265295 -72.342853 -69.803363 -69.715221 
-30.322213 -35.363591 -42.192480 -47.187647 -47.979740 -48.988191 -52.673243 -57.199233 -57.027732 -58.267706 -58.163210 -59.258394 -57.128901 -61.096055 -66.321193 -64.726630 -62.783391 -56.244308 -52.984085 -57.740715 -61.819761 -66.124727 -67.200287 -69.077250 -69.540451 -67.677516 -69.582042 -69.550207 -67.418653 -65.987842 -69.611096 -70.782697 -69.447618 -69.739420 -68.619212 -70.416644 -69.520483 -76.742817 -76.020753 -71.211381 
-51.981288 -62.082449 -59.696605 -60.513385 -67.171419 -63.834469 -68.708615 -60.151188 -58.081354 -63.591780 -62.357451 -71.456358 -72.755038 -72.265967 -67.838265 -67.564016 -70.747585 -68.663577 -66.449476 -67.638471 -64.801385 -64.595045 -71.421195 -68.179471 -72.947511 -71.683832 -70.739949 -70.813255 -67.657699 -69.043146 -70.281903 -72.081883 -73.667657 -75.393884 -72.765523 -73.055745 -73.084961 -74.197720 -77.012231 -72.045337 
-55.044080 -68.216802 -70.927570 -67.130975 -75.472868 -72.243297 -71.067089 -68.433810 -68.191000 -72.178160 -73.288373 -67.388928 -68.865182 -74.189016 -72.523417 -71.178264 -75.537238 -69.914800 -69.331244 -70.957979 -73.657878 -75.103276 -74.173417 -71.741718 -72.131383 -74.294524 -73.584588 -74.879429 -72.314727 -71.852864 -71.148550 -71.696754 -73.767399 -72.972648 -72.341855 -73.492487 -74.007428 -74.250774 -74.550018 -75.387980 
-56.333524 -66.841379 -72.190213 -71.153370 -71.197563 -69.195400 -68.367590 -72.378456 -76.400394 -68.679422 -71.514718 -77.405447 -70.636960 -69.556658 -69.728363 -73.929778 -67.884905 -73.590735 -73.747392 -75.108974 -78.123236 -72.481084 -76.566816 -72.936272 -70.776133 -72.018824 -75.537833 -74.213440 -74.373879 -73.587024 -72.547945 -76.416915 -77.809637 -73.120632 -74.787650 -73.838277 -71.518277 -72.914997 -72.450471 -74.041299 
-55.330893 -68.246469 -69.461359 -68.855882 -72.891222 -73.018712 -73.152465 -67.647405 -69.811800 -70.309120 -71.598419 -74.291720 -76.888367 -73.045281 -71.556650 -72.002798 -71.175819 -73.679404 -75.500030 -77.482736 -75.797731 -74.300649 -71.345761 -75.231266 -74.765997 -76.642451 -72.532485 -72.510284 -74.838699 -73.784472 -72.929147 -76.480388 -74.849146 -73.145864 -74.725815 -75.792545 -75.793268 -73.204804 -72.343191 -75.531586 
-55.475598 -75.841784 -73.024216 -73.356595 -72.373035 -69.803161 -71.723657 -74.204741 -69.128396 -73.126031 -72.297904 -70.524069 -69.779792 -76.289491 -72.982926 -71.766967 -73.421807 -74.441424 -70.919428 -75.825185 -73.013380 -74.034009 -73.047334 -71.755776 -72.416962 -75.214025 -72.521825 -73.207781 -74.430591 -72.955281 -73.042536 -76.314536 -74.430456 -72.091492 -71.897494 -75.172265 -74.397862 -75.571243 -73.014718 -75.340791 
-55.201765 -72.775888 -70.508415 -70.389167 -75.689094 -69.098017 -66.167224 -70.157437 -70.848155 -72.839092 -69.135517 -68.821631 -69.594060 -74.998501 -76.821319 -75.215934 -74.563640 -75.329332 -78.682091 -77.015993 -69.417049 -69.428343 -73.816977 -71.584661 -72.425558 -74.864198 -72.403115 -68.906383 -72.714962 -72.483266 -73.165874 -76.914006 -74.146814 -73.948233 -72.099175 -72.851847 -74.204161 -75.614068 -71.648043 -73.080406 
-56.293509 -79.717545 -75.009339 -72.426362 -77.789947 -72.886977 -71.365276 -73.212484 -71.256833 -74.069845 -70.510647 -67.647342 -77.011264 -73.497898 -74.990214 -76.766659 -76.150085 -75.851848 -67.813886 -72.495476 -75.409969 -71.267570 -74.526106 -75.750931 -71.520032 -67.470458 -73.271180 -71.268212 -70.438339 -69.574911 -73.311386 -72.707787 -71.778043 -71.301110 -70.079535 -72.411383 -72.437586 -72.631286 -71.002024 -72.940796 
-56.429888 -79.667470 -76.809048 -71.010604 -78.947806 -74.326791 -69.512580 -75.471670 -78.894978 -78.015358 -77.565340 -67.851471 -68.003847 -71.384551 -71.679177 -72.600745 -74.993276 -74.641862 -66.211367 -70.619094 -78.246602 -73.436317 -75.064324 -73.944012 -73.126909 -76.400380 -72.967452 -71.939942 -71.047803 -71.753831 -72.034703 -70.346637 -71.854036 -72.887673 -73.021138 -72.961175 -74.549594 -72.257416 -73.389875 -72.927326 
-55.468373 -63.150568 -65.683918 -67.356325 -74.070381 -74.599340 -72.579780 -75.254703 -82.615452 -78.269851 -80.264528 -76.010446 -75.949105 -75.375800 -71.076089 -74.974844 -79.384527 -74.370182 -81.619354 -78.405665 -74.191948 -69.522213 -78.352199 -74.624935 -77.386464 -79.708568 -71.979198 -78.926917 -72.279114 -75.018988 -77.250348 -72.119923 -74.802374 -74.190406 -79.316397 -77.508198 -76.868314 -75.384688 -73.791627 -73.997707 
-74.364871 -75.773280 -78.319949 -83.173019 -89.256259 -88.217599 -86.705468 -88.614329 -91.403448 -90.026689 -90.828463 -93.862461 -91.951486 -89.565295 -87.029603 -87.443401 -89.912533 -89.610419 -93.420399 -90.690262 -87.262841 -85.334716 -92.166943 -91.892474 -93.568418 -97.042905 -89.385054 -92.351949 -88.595004 -91.013730 -90.859785 -88.100461 -91.164072 -88.715021 -93.195322 -94.139881 -90.951603 -89.412955 -88.268259 -88.607436 
NaN NaN NaN NaN NaN NaN NaN NaN NaN NaN NaN NaN NaN NaN NaN NaN NaN NaN NaN NaN NaN NaN NaN NaN NaN NaN NaN NaN NaN NaN NaN NaN NaN NaN NaN NaN NaN NaN NaN NaN 
NaN NaN NaN NaN NaN NaN NaN NaN NaN NaN NaN NaN NaN NaN NaN NaN NaN NaN NaN NaN NaN NaN NaN NaN NaN NaN NaN NaN NaN NaN NaN NaN NaN NaN NaN NaN NaN NaN NaN NaN 
NaN NaN NaN NaN NaN NaN NaN NaN NaN NaN NaN NaN NaN NaN NaN NaN NaN NaN NaN NaN NaN NaN NaN NaN NaN NaN NaN NaN NaN NaN NaN NaN NaN NaN NaN NaN NaN NaN NaN NaN 
NaN NaN NaN NaN NaN NaN NaN NaN NaN NaN NaN NaN NaN NaN NaN NaN NaN NaN NaN NaN NaN NaN NaN NaN NaN NaN NaN NaN NaN NaN NaN NaN NaN NaN NaN NaN NaN NaN NaN NaN 
NaN NaN NaN NaN NaN NaN NaN NaN NaN NaN NaN NaN NaN NaN NaN NaN NaN NaN NaN NaN NaN NaN NaN NaN NaN NaN NaN NaN NaN NaN NaN NaN NaN NaN NaN NaN NaN NaN NaN NaN 
NaN NaN NaN NaN NaN NaN NaN NaN NaN NaN NaN NaN NaN NaN NaN NaN NaN NaN NaN NaN NaN NaN NaN NaN NaN NaN NaN NaN NaN NaN NaN NaN NaN NaN NaN NaN NaN NaN NaN NaN 
NaN NaN NaN NaN NaN NaN NaN NaN NaN NaN NaN NaN NaN NaN NaN NaN NaN NaN NaN NaN NaN NaN NaN NaN NaN NaN NaN NaN NaN NaN NaN NaN NaN NaN NaN NaN NaN NaN NaN NaN 
NaN NaN NaN NaN NaN NaN NaN NaN NaN NaN NaN NaN NaN NaN NaN NaN NaN NaN NaN NaN NaN NaN NaN NaN NaN NaN NaN NaN NaN NaN NaN NaN NaN NaN NaN NaN NaN NaN NaN NaN 
NaN NaN NaN NaN NaN NaN NaN NaN NaN NaN NaN NaN NaN NaN NaN NaN NaN NaN NaN NaN NaN NaN NaN NaN NaN NaN NaN NaN NaN NaN NaN NaN NaN NaN NaN NaN NaN NaN NaN NaN 
NaN NaN NaN NaN NaN NaN NaN NaN NaN NaN NaN NaN NaN NaN NaN NaN NaN NaN NaN NaN NaN NaN NaN NaN NaN NaN NaN NaN NaN NaN NaN NaN NaN NaN NaN NaN NaN NaN NaN NaN 
NaN NaN NaN NaN NaN NaN NaN NaN NaN NaN NaN NaN NaN NaN NaN NaN NaN NaN NaN NaN NaN NaN NaN NaN NaN NaN NaN NaN NaN NaN NaN NaN NaN NaN NaN NaN NaN NaN NaN NaN 
NaN NaN NaN NaN NaN NaN NaN NaN NaN NaN NaN NaN NaN NaN NaN NaN NaN NaN NaN NaN NaN NaN NaN NaN NaN NaN NaN NaN NaN NaN NaN NaN NaN NaN NaN NaN NaN NaN NaN NaN 
NaN NaN NaN NaN NaN NaN NaN NaN NaN NaN NaN NaN NaN NaN NaN NaN NaN NaN NaN NaN NaN NaN NaN NaN NaN NaN NaN NaN NaN NaN NaN NaN NaN NaN NaN NaN NaN NaN NaN NaN 
NaN NaN NaN NaN NaN NaN NaN NaN NaN NaN NaN NaN NaN NaN NaN NaN NaN NaN NaN NaN NaN NaN NaN NaN NaN NaN NaN NaN NaN NaN NaN NaN NaN NaN NaN NaN NaN NaN NaN NaN 
NaN NaN NaN NaN NaN NaN NaN NaN NaN NaN NaN NaN NaN NaN NaN NaN NaN NaN NaN NaN NaN NaN NaN NaN NaN NaN NaN NaN NaN NaN NaN NaN NaN NaN NaN NaN NaN NaN NaN NaN 
NaN NaN NaN NaN NaN NaN NaN NaN NaN NaN NaN NaN NaN NaN NaN NaN NaN NaN NaN NaN NaN NaN NaN NaN NaN NaN NaN NaN NaN NaN NaN NaN NaN NaN NaN NaN NaN NaN NaN NaN 
NaN NaN NaN NaN NaN NaN NaN NaN NaN NaN NaN NaN NaN NaN NaN NaN NaN NaN NaN NaN NaN NaN NaN NaN NaN NaN NaN NaN NaN NaN NaN NaN NaN NaN NaN NaN NaN NaN NaN NaN 
NaN NaN NaN NaN NaN NaN NaN NaN NaN NaN NaN NaN NaN NaN NaN NaN NaN NaN NaN NaN NaN NaN NaN NaN NaN NaN NaN NaN NaN NaN NaN NaN NaN NaN NaN NaN NaN NaN NaN NaN 
NaN NaN NaN NaN NaN NaN NaN NaN NaN NaN NaN NaN NaN NaN NaN NaN NaN NaN NaN NaN NaN NaN NaN NaN NaN NaN NaN NaN NaN NaN NaN NaN NaN NaN NaN NaN NaN NaN NaN NaN 
NaN NaN NaN NaN NaN NaN NaN NaN NaN NaN NaN NaN NaN NaN NaN NaN NaN NaN NaN NaN NaN NaN NaN NaN NaN NaN NaN NaN NaN NaN NaN NaN NaN NaN NaN NaN NaN NaN NaN NaN 
NaN NaN NaN NaN NaN NaN NaN NaN NaN NaN NaN NaN NaN NaN NaN NaN NaN NaN NaN NaN NaN NaN NaN NaN NaN NaN NaN NaN NaN NaN NaN NaN NaN NaN NaN NaN NaN NaN NaN NaN 
NaN NaN NaN NaN NaN NaN NaN NaN NaN NaN NaN NaN NaN NaN NaN NaN NaN NaN NaN NaN NaN NaN NaN NaN NaN NaN NaN NaN NaN NaN NaN NaN NaN NaN NaN NaN NaN NaN NaN NaN 
NaN NaN NaN NaN NaN NaN NaN NaN NaN NaN NaN NaN NaN NaN NaN NaN NaN NaN NaN NaN NaN NaN NaN NaN NaN NaN NaN NaN NaN NaN NaN NaN NaN NaN NaN NaN NaN NaN NaN NaN 
NaN NaN NaN NaN NaN NaN NaN NaN NaN NaN NaN NaN NaN NaN NaN NaN NaN NaN NaN NaN NaN NaN NaN NaN NaN NaN NaN NaN NaN NaN NaN NaN NaN NaN NaN NaN NaN NaN NaN NaN 
NaN NaN NaN NaN NaN NaN NaN NaN NaN NaN NaN NaN NaN NaN NaN NaN NaN NaN NaN NaN NaN NaN NaN NaN NaN NaN NaN NaN NaN NaN NaN NaN NaN NaN NaN NaN NaN NaN NaN NaN 
NaN NaN NaN NaN NaN NaN NaN NaN NaN NaN NaN NaN NaN NaN NaN NaN NaN NaN NaN NaN NaN NaN NaN NaN NaN NaN NaN NaN NaN NaN NaN NaN NaN NaN NaN NaN NaN NaN NaN NaN 
NaN NaN NaN NaN NaN NaN NaN NaN NaN NaN NaN NaN NaN NaN NaN NaN NaN NaN NaN NaN NaN NaN NaN NaN NaN NaN NaN NaN NaN NaN NaN NaN NaN NaN NaN NaN NaN NaN NaN NaN 
NaN NaN NaN NaN NaN NaN NaN NaN NaN NaN NaN NaN NaN NaN NaN NaN NaN NaN NaN NaN NaN NaN NaN NaN NaN NaN NaN NaN NaN NaN NaN NaN NaN NaN NaN NaN NaN NaN NaN NaN 
NaN NaN NaN NaN NaN NaN NaN NaN NaN NaN NaN NaN NaN NaN NaN NaN NaN NaN NaN NaN NaN NaN NaN NaN NaN NaN NaN NaN NaN NaN NaN NaN NaN NaN NaN NaN NaN NaN NaN NaN 
NaN NaN NaN NaN NaN NaN NaN NaN NaN NaN NaN NaN NaN NaN NaN NaN NaN NaN NaN NaN NaN NaN NaN NaN NaN NaN NaN NaN NaN NaN NaN NaN NaN NaN NaN NaN NaN NaN NaN NaN 
NaN NaN NaN NaN NaN NaN NaN NaN NaN NaN NaN NaN NaN NaN NaN NaN NaN NaN NaN NaN NaN NaN NaN NaN NaN NaN NaN NaN NaN NaN NaN NaN NaN NaN NaN NaN NaN NaN NaN NaN 
NaN NaN NaN NaN NaN NaN NaN NaN NaN NaN NaN NaN NaN NaN NaN NaN NaN NaN NaN NaN NaN NaN NaN NaN NaN NaN NaN NaN NaN NaN NaN NaN NaN NaN NaN NaN NaN NaN NaN NaN 
NaN NaN NaN NaN NaN NaN NaN NaN NaN NaN NaN NaN NaN NaN NaN NaN NaN NaN NaN NaN NaN NaN NaN NaN NaN NaN NaN NaN NaN NaN NaN NaN NaN NaN NaN NaN NaN NaN NaN NaN 
NaN NaN NaN NaN NaN NaN NaN NaN NaN NaN NaN NaN NaN NaN NaN NaN NaN NaN NaN NaN NaN NaN NaN NaN NaN NaN NaN NaN NaN NaN NaN NaN NaN NaN NaN NaN NaN NaN NaN NaN 
NaN NaN NaN NaN NaN NaN NaN NaN NaN NaN NaN NaN NaN NaN NaN NaN NaN NaN NaN NaN NaN NaN NaN NaN NaN NaN NaN NaN NaN NaN NaN NaN NaN NaN NaN NaN NaN NaN NaN NaN 
NaN NaN NaN NaN NaN NaN NaN NaN NaN NaN NaN NaN NaN NaN NaN NaN NaN NaN NaN NaN NaN NaN NaN NaN NaN NaN NaN NaN NaN NaN NaN NaN NaN NaN NaN NaN NaN NaN NaN NaN 
NaN NaN NaN NaN NaN NaN NaN NaN NaN NaN NaN NaN NaN NaN NaN NaN NaN NaN NaN NaN NaN NaN NaN NaN NaN NaN NaN NaN NaN NaN NaN NaN NaN NaN NaN NaN NaN NaN NaN NaN 
NaN NaN NaN NaN NaN NaN NaN NaN NaN NaN NaN NaN NaN NaN NaN NaN NaN NaN NaN NaN NaN NaN NaN NaN NaN NaN NaN NaN NaN NaN NaN NaN NaN NaN NaN NaN NaN NaN NaN NaN 
NaN NaN NaN NaN NaN NaN NaN NaN NaN NaN NaN NaN NaN NaN NaN NaN NaN NaN NaN NaN NaN NaN NaN NaN NaN NaN NaN NaN NaN NaN NaN NaN NaN NaN NaN NaN NaN NaN NaN NaN 
NaN NaN NaN NaN NaN NaN NaN NaN NaN NaN NaN NaN NaN NaN NaN NaN NaN NaN NaN NaN NaN NaN NaN NaN NaN NaN NaN NaN NaN NaN NaN NaN NaN NaN NaN NaN NaN NaN NaN NaN 
NaN NaN NaN NaN NaN NaN NaN NaN NaN NaN NaN NaN NaN NaN NaN NaN NaN NaN NaN NaN NaN NaN NaN NaN NaN NaN NaN NaN NaN NaN NaN NaN NaN NaN NaN NaN NaN NaN NaN NaN 
NaN NaN NaN NaN NaN NaN NaN NaN NaN NaN NaN NaN NaN NaN NaN NaN NaN NaN NaN NaN NaN NaN NaN NaN NaN NaN NaN NaN NaN NaN NaN NaN NaN NaN NaN NaN NaN NaN NaN NaN 
NaN NaN NaN NaN NaN NaN NaN NaN NaN NaN NaN NaN NaN NaN NaN NaN NaN NaN NaN NaN NaN NaN NaN NaN NaN NaN NaN NaN NaN NaN NaN NaN NaN NaN NaN NaN NaN NaN NaN NaN 
NaN NaN NaN NaN NaN NaN NaN NaN NaN NaN NaN NaN NaN NaN NaN NaN NaN NaN NaN NaN NaN NaN NaN NaN NaN NaN NaN NaN NaN NaN NaN NaN NaN NaN NaN NaN NaN NaN NaN NaN 
NaN NaN NaN NaN NaN NaN NaN NaN NaN NaN NaN NaN NaN NaN NaN NaN NaN NaN NaN NaN NaN NaN NaN NaN NaN NaN NaN NaN NaN NaN NaN NaN NaN NaN NaN NaN NaN NaN NaN NaN 
NaN NaN NaN NaN NaN NaN NaN NaN NaN NaN NaN NaN NaN NaN NaN NaN NaN NaN NaN NaN NaN NaN NaN NaN NaN NaN NaN NaN NaN NaN NaN NaN NaN NaN NaN NaN NaN NaN NaN NaN 
NaN NaN NaN NaN NaN NaN NaN NaN NaN NaN NaN NaN NaN NaN NaN NaN NaN NaN NaN NaN NaN NaN NaN NaN NaN NaN NaN NaN NaN NaN NaN NaN NaN NaN NaN NaN NaN NaN NaN NaN 
NaN NaN NaN NaN NaN NaN NaN NaN NaN NaN NaN NaN NaN NaN NaN NaN NaN NaN NaN NaN NaN NaN NaN NaN NaN NaN NaN NaN NaN NaN NaN NaN NaN NaN NaN NaN NaN NaN NaN NaN 
NaN NaN NaN NaN NaN NaN NaN NaN NaN NaN NaN NaN NaN NaN NaN NaN NaN NaN NaN NaN NaN NaN NaN NaN NaN NaN NaN NaN NaN NaN NaN NaN NaN NaN NaN NaN NaN NaN NaN NaN 
NaN NaN NaN NaN NaN NaN NaN NaN NaN NaN NaN NaN NaN NaN NaN NaN NaN NaN NaN NaN NaN NaN NaN NaN NaN NaN NaN NaN NaN NaN NaN NaN NaN NaN NaN NaN NaN NaN NaN NaN 
NaN NaN NaN NaN NaN NaN NaN NaN NaN NaN NaN NaN NaN NaN NaN NaN NaN NaN NaN NaN NaN NaN NaN NaN NaN NaN NaN NaN NaN NaN NaN NaN NaN NaN NaN NaN NaN NaN NaN NaN 
NaN NaN NaN NaN NaN NaN NaN NaN NaN NaN NaN NaN NaN NaN NaN NaN NaN NaN NaN NaN NaN NaN NaN NaN NaN NaN NaN NaN NaN NaN NaN NaN NaN NaN NaN NaN NaN NaN NaN NaN 
NaN NaN NaN NaN NaN NaN NaN NaN NaN NaN NaN NaN NaN NaN NaN NaN NaN NaN NaN NaN NaN NaN NaN NaN NaN NaN NaN NaN NaN NaN NaN NaN NaN NaN NaN NaN NaN NaN NaN NaN 
NaN NaN NaN NaN NaN NaN NaN NaN NaN NaN NaN NaN NaN NaN NaN NaN NaN NaN NaN NaN NaN NaN NaN NaN NaN NaN NaN NaN NaN NaN NaN NaN NaN NaN NaN NaN NaN NaN NaN NaN 
NaN NaN NaN NaN NaN NaN NaN NaN NaN NaN NaN NaN NaN NaN NaN NaN NaN NaN NaN NaN NaN NaN NaN NaN NaN NaN NaN NaN NaN NaN NaN NaN NaN NaN NaN NaN NaN NaN NaN NaN 
NaN NaN NaN NaN NaN NaN NaN NaN NaN NaN NaN NaN NaN NaN NaN NaN NaN NaN NaN NaN NaN NaN NaN NaN NaN NaN NaN NaN NaN NaN NaN NaN NaN NaN NaN NaN NaN NaN NaN NaN 
NaN NaN NaN NaN NaN NaN NaN NaN NaN NaN NaN NaN NaN NaN NaN NaN NaN NaN NaN NaN NaN NaN NaN NaN NaN NaN NaN NaN NaN NaN NaN NaN NaN NaN NaN NaN NaN NaN NaN NaN 
NaN NaN NaN NaN NaN NaN NaN NaN NaN NaN NaN NaN NaN NaN NaN NaN NaN NaN NaN NaN NaN NaN NaN NaN NaN NaN NaN NaN NaN NaN NaN NaN NaN NaN NaN NaN NaN NaN NaN NaN 
NaN NaN NaN NaN NaN NaN NaN NaN NaN NaN NaN NaN NaN NaN NaN NaN NaN NaN NaN NaN NaN NaN NaN NaN NaN NaN NaN NaN NaN NaN NaN NaN NaN NaN NaN NaN NaN NaN NaN NaN 
NaN NaN NaN NaN NaN NaN NaN NaN NaN NaN NaN NaN NaN NaN NaN NaN NaN NaN NaN NaN NaN NaN NaN NaN NaN NaN NaN NaN NaN NaN NaN NaN NaN NaN NaN NaN NaN NaN NaN NaN 
NaN NaN NaN NaN NaN NaN NaN NaN NaN NaN NaN NaN NaN NaN NaN NaN NaN NaN NaN NaN NaN NaN NaN NaN NaN NaN NaN NaN NaN NaN NaN NaN NaN NaN NaN NaN NaN NaN NaN NaN 
NaN NaN NaN NaN NaN NaN NaN NaN NaN NaN NaN NaN NaN NaN NaN NaN NaN NaN NaN NaN NaN NaN NaN NaN NaN NaN NaN NaN NaN NaN NaN NaN NaN NaN NaN NaN NaN NaN NaN NaN 
NaN NaN NaN NaN NaN NaN NaN NaN NaN NaN NaN NaN NaN NaN NaN NaN NaN NaN NaN NaN NaN NaN NaN NaN NaN NaN NaN NaN NaN NaN NaN NaN NaN NaN NaN NaN NaN NaN NaN NaN 
NaN NaN NaN NaN NaN NaN NaN NaN NaN NaN NaN NaN NaN NaN NaN NaN NaN NaN NaN NaN NaN NaN NaN NaN NaN NaN NaN NaN NaN NaN NaN NaN NaN NaN NaN NaN NaN NaN NaN NaN 
NaN NaN NaN NaN NaN NaN NaN NaN NaN NaN NaN NaN NaN NaN NaN NaN NaN NaN NaN NaN NaN NaN NaN NaN NaN NaN NaN NaN NaN NaN NaN NaN NaN NaN NaN NaN NaN NaN NaN NaN 
NaN NaN NaN NaN NaN NaN NaN NaN NaN NaN NaN NaN NaN NaN NaN NaN NaN NaN NaN NaN NaN NaN NaN NaN NaN NaN NaN NaN NaN NaN NaN NaN NaN NaN NaN NaN NaN NaN NaN NaN 
NaN NaN NaN NaN NaN NaN NaN NaN NaN NaN NaN NaN NaN NaN NaN NaN NaN NaN NaN NaN NaN NaN NaN NaN NaN NaN NaN NaN NaN NaN NaN NaN NaN NaN NaN NaN NaN NaN NaN NaN 
NaN NaN NaN NaN NaN NaN NaN NaN NaN NaN NaN NaN NaN NaN NaN NaN NaN NaN NaN NaN NaN NaN NaN NaN NaN NaN NaN NaN NaN NaN NaN NaN NaN NaN NaN NaN NaN NaN NaN NaN 
NaN NaN NaN NaN NaN NaN NaN NaN NaN NaN NaN NaN NaN NaN NaN NaN NaN NaN NaN NaN NaN NaN NaN NaN NaN NaN NaN NaN NaN NaN NaN NaN NaN NaN NaN NaN NaN NaN NaN NaN 
NaN NaN NaN NaN NaN NaN NaN NaN NaN NaN NaN NaN NaN NaN NaN NaN NaN NaN NaN NaN NaN NaN NaN NaN NaN NaN NaN NaN NaN NaN NaN NaN NaN NaN NaN NaN NaN NaN NaN NaN 
NaN NaN NaN NaN NaN NaN NaN NaN NaN NaN NaN NaN NaN NaN NaN NaN NaN NaN NaN NaN NaN NaN NaN NaN NaN NaN NaN NaN NaN NaN NaN NaN NaN NaN NaN NaN NaN NaN NaN NaN 
NaN NaN NaN NaN NaN NaN NaN NaN NaN NaN NaN NaN NaN NaN NaN NaN NaN NaN NaN NaN NaN NaN NaN NaN NaN NaN NaN NaN NaN NaN NaN NaN NaN NaN NaN NaN NaN NaN NaN NaN 
NaN NaN NaN NaN NaN NaN NaN NaN NaN NaN NaN NaN NaN NaN NaN NaN NaN NaN NaN NaN NaN NaN NaN NaN NaN NaN NaN NaN NaN NaN NaN NaN NaN NaN NaN NaN NaN NaN NaN NaN 
NaN NaN NaN NaN NaN NaN NaN NaN NaN NaN NaN NaN NaN NaN NaN NaN NaN NaN NaN NaN NaN NaN NaN NaN NaN NaN NaN NaN NaN NaN NaN NaN NaN NaN NaN NaN NaN NaN NaN NaN 
NaN NaN NaN NaN NaN NaN NaN NaN NaN NaN NaN NaN NaN NaN NaN NaN NaN NaN NaN NaN NaN NaN NaN NaN NaN NaN NaN NaN NaN NaN NaN NaN NaN NaN NaN NaN NaN NaN NaN NaN 
NaN NaN NaN NaN NaN NaN NaN NaN NaN NaN NaN NaN NaN NaN NaN NaN NaN NaN NaN NaN NaN NaN NaN NaN NaN NaN NaN NaN NaN NaN NaN NaN NaN NaN NaN NaN NaN NaN NaN NaN 
