NaN NaN NaN NaN NaN NaN NaN NaN NaN NaN NaN NaN NaN NaN NaN NaN NaN NaN NaN NaN NaN NaN NaN NaN NaN NaN NaN NaN NaN NaN NaN NaN NaN NaN NaN NaN NaN NaN NaN NaN 
NaN NaN NaN NaN NaN NaN NaN NaN NaN NaN NaN NaN NaN NaN NaN NaN NaN NaN NaN NaN NaN NaN NaN NaN NaN NaN NaN NaN NaN NaN NaN NaN NaN NaN NaN NaN NaN NaN NaN NaN 
NaN NaN NaN NaN NaN NaN NaN NaN NaN NaN NaN NaN NaN NaN NaN NaN NaN NaN NaN NaN NaN NaN NaN NaN NaN NaN NaN NaN NaN NaN NaN NaN NaN NaN NaN NaN NaN NaN NaN NaN 
NaN NaN NaN NaN NaN NaN NaN NaN NaN NaN NaN NaN NaN NaN NaN NaN NaN NaN NaN NaN NaN NaN NaN NaN NaN NaN NaN NaN NaN NaN NaN NaN NaN NaN NaN NaN NaN NaN NaN NaN 
NaN NaN NaN NaN NaN NaN NaN NaN NaN NaN NaN NaN NaN NaN NaN NaN NaN NaN NaN NaN NaN NaN NaN NaN NaN NaN NaN NaN NaN NaN NaN NaN NaN NaN NaN NaN NaN NaN NaN NaN 
NaN NaN NaN NaN NaN NaN NaN NaN NaN NaN NaN NaN NaN NaN NaN NaN NaN NaN NaN NaN NaN NaN NaN NaN NaN NaN NaN NaN NaN NaN NaN NaN NaN NaN NaN NaN NaN NaN NaN NaN 
NaN NaN NaN NaN NaN NaN NaN NaN NaN NaN NaN NaN NaN NaN NaN NaN NaN NaN NaN NaN NaN NaN NaN NaN NaN NaN NaN NaN NaN NaN NaN NaN NaN NaN NaN NaN NaN NaN NaN NaN 
NaN NaN NaN NaN NaN NaN NaN NaN NaN NaN NaN NaN NaN NaN NaN NaN NaN NaN NaN NaN NaN NaN NaN NaN NaN NaN NaN NaN NaN NaN NaN NaN NaN NaN NaN NaN NaN NaN NaN NaN 
NaN NaN NaN NaN NaN NaN NaN NaN NaN NaN NaN NaN NaN NaN NaN NaN NaN NaN NaN NaN NaN NaN NaN NaN NaN NaN NaN NaN NaN NaN NaN NaN NaN NaN NaN NaN NaN NaN NaN NaN 
NaN NaN NaN NaN NaN NaN NaN NaN NaN NaN NaN NaN NaN NaN NaN NaN NaN NaN NaN NaN NaN NaN NaN NaN NaN NaN NaN NaN NaN NaN NaN NaN NaN NaN NaN NaN NaN NaN NaN NaN 
NaN NaN NaN NaN NaN NaN NaN NaN NaN NaN NaN NaN NaN NaN NaN NaN NaN NaN NaN NaN NaN NaN NaN NaN NaN NaN NaN NaN NaN NaN NaN NaN NaN NaN NaN NaN NaN NaN NaN NaN 
NaN NaN NaN NaN NaN NaN NaN NaN NaN NaN NaN NaN NaN NaN NaN NaN NaN NaN NaN NaN NaN NaN NaN NaN NaN NaN NaN NaN NaN NaN NaN NaN NaN NaN NaN NaN NaN NaN NaN NaN 
NaN NaN NaN NaN NaN NaN NaN NaN NaN NaN NaN NaN NaN NaN NaN NaN NaN NaN NaN NaN NaN NaN NaN NaN NaN NaN NaN NaN NaN NaN NaN NaN NaN NaN NaN NaN NaN NaN NaN NaN 
NaN NaN NaN NaN NaN NaN NaN NaN NaN NaN NaN NaN NaN NaN NaN NaN NaN NaN NaN NaN NaN NaN NaN NaN NaN NaN NaN NaN NaN NaN NaN NaN NaN NaN NaN NaN NaN NaN NaN NaN 
NaN NaN NaN NaN NaN NaN NaN NaN NaN NaN NaN NaN NaN NaN NaN NaN NaN NaN NaN NaN NaN NaN NaN NaN NaN NaN NaN NaN NaN NaN NaN NaN NaN NaN NaN NaN NaN NaN NaN NaN 
NaN NaN NaN NaN NaN NaN NaN NaN NaN NaN NaN NaN NaN NaN NaN NaN NaN NaN NaN NaN NaN NaN NaN NaN NaN NaN NaN NaN NaN NaN NaN NaN NaN NaN NaN NaN NaN NaN NaN NaN 
NaN NaN NaN NaN NaN NaN NaN NaN NaN NaN NaN NaN NaN NaN NaN NaN NaN NaN NaN NaN NaN NaN NaN NaN NaN NaN NaN NaN NaN NaN NaN NaN NaN NaN NaN NaN NaN NaN NaN NaN 
NaN NaN NaN NaN NaN NaN NaN NaN NaN NaN NaN NaN NaN NaN NaN NaN NaN NaN NaN NaN NaN NaN NaN NaN NaN NaN NaN NaN NaN NaN NaN NaN NaN NaN NaN NaN NaN NaN NaN NaN 
NaN NaN NaN NaN NaN NaN NaN NaN NaN NaN NaN NaN NaN NaN NaN NaN NaN NaN NaN NaN NaN NaN NaN NaN NaN NaN NaN NaN NaN NaN NaN NaN NaN NaN NaN NaN NaN NaN NaN NaN 
NaN NaN NaN NaN NaN NaN NaN NaN NaN NaN NaN NaN NaN NaN NaN NaN NaN NaN NaN NaN NaN NaN NaN NaN NaN NaN NaN NaN NaN NaN NaN NaN NaN NaN NaN NaN NaN NaN NaN NaN 
NaN NaN NaN NaN NaN NaN NaN NaN NaN NaN NaN NaN NaN NaN NaN NaN NaN NaN NaN NaN NaN NaN NaN NaN NaN NaN NaN NaN NaN NaN NaN NaN NaN NaN NaN NaN NaN NaN NaN NaN 
NaN NaN NaN NaN NaN NaN NaN NaN NaN NaN NaN NaN NaN NaN NaN NaN NaN NaN NaN NaN NaN NaN NaN NaN NaN NaN NaN NaN NaN NaN NaN NaN NaN NaN NaN NaN NaN NaN NaN NaN 
NaN NaN NaN NaN NaN NaN NaN NaN NaN NaN NaN NaN NaN NaN NaN NaN NaN NaN NaN NaN NaN NaN NaN NaN NaN NaN NaN NaN NaN NaN NaN NaN NaN NaN NaN NaN NaN NaN NaN NaN 
NaN NaN NaN NaN NaN NaN NaN NaN NaN NaN NaN NaN NaN NaN NaN NaN NaN NaN NaN NaN NaN NaN NaN NaN NaN NaN NaN NaN NaN NaN NaN NaN NaN NaN NaN NaN NaN NaN NaN NaN 
NaN NaN NaN NaN NaN NaN NaN NaN NaN NaN NaN NaN NaN NaN NaN NaN NaN NaN NaN NaN NaN NaN NaN NaN NaN NaN NaN NaN NaN NaN NaN NaN NaN NaN NaN NaN NaN NaN NaN NaN 
NaN NaN NaN NaN NaN NaN NaN NaN NaN NaN NaN NaN NaN NaN NaN NaN NaN NaN NaN NaN NaN NaN NaN NaN NaN NaN NaN NaN NaN NaN NaN NaN NaN NaN NaN NaN NaN NaN NaN NaN 
NaN NaN NaN NaN NaN NaN NaN NaN NaN NaN NaN NaN NaN NaN NaN NaN NaN NaN NaN NaN NaN NaN NaN NaN NaN NaN NaN NaN NaN NaN NaN NaN NaN NaN NaN NaN NaN NaN NaN NaN 
NaN NaN NaN NaN NaN NaN NaN NaN NaN NaN NaN NaN NaN NaN NaN NaN NaN NaN NaN NaN NaN NaN NaN NaN NaN NaN NaN NaN NaN NaN NaN NaN NaN NaN NaN NaN NaN NaN NaN NaN 
NaN NaN NaN NaN NaN NaN NaN NaN NaN NaN NaN NaN NaN NaN NaN NaN NaN NaN NaN NaN NaN NaN NaN NaN NaN NaN NaN NaN NaN NaN NaN NaN NaN NaN NaN NaN NaN NaN NaN NaN 
NaN NaN NaN NaN NaN NaN NaN NaN NaN NaN NaN NaN NaN NaN NaN NaN NaN NaN NaN NaN NaN NaN NaN NaN NaN NaN NaN NaN NaN NaN NaN NaN NaN NaN NaN NaN NaN NaN NaN NaN 
NaN NaN NaN NaN NaN NaN NaN NaN NaN NaN NaN NaN NaN NaN NaN NaN NaN NaN NaN NaN NaN NaN NaN NaN NaN NaN NaN NaN NaN NaN NaN NaN NaN NaN NaN NaN NaN NaN NaN NaN 
NaN NaN NaN NaN NaN NaN NaN NaN NaN NaN NaN NaN NaN NaN NaN NaN NaN NaN NaN NaN NaN NaN NaN NaN NaN NaN NaN NaN NaN NaN NaN NaN NaN NaN NaN NaN NaN NaN NaN NaN 
NaN NaN NaN NaN NaN NaN NaN NaN NaN NaN NaN NaN NaN NaN NaN NaN NaN NaN NaN NaN NaN NaN NaN NaN NaN NaN NaN NaN NaN NaN NaN NaN NaN NaN NaN NaN NaN NaN NaN NaN 
NaN NaN NaN NaN NaN NaN NaN NaN NaN NaN NaN NaN NaN NaN NaN NaN NaN NaN NaN NaN NaN NaN NaN NaN NaN NaN NaN NaN NaN NaN NaN NaN NaN NaN NaN NaN NaN NaN NaN NaN 
NaN NaN NaN NaN NaN NaN NaN NaN NaN NaN NaN NaN NaN NaN NaN NaN NaN NaN NaN NaN NaN NaN NaN NaN NaN NaN NaN NaN NaN NaN NaN NaN NaN NaN NaN NaN NaN NaN NaN NaN 
NaN NaN NaN NaN NaN NaN NaN NaN NaN NaN NaN NaN NaN NaN NaN NaN NaN NaN NaN NaN NaN NaN NaN NaN NaN NaN NaN NaN NaN NaN NaN NaN NaN NaN NaN NaN NaN NaN NaN NaN 
NaN NaN NaN NaN NaN NaN NaN NaN NaN NaN NaN NaN NaN NaN NaN NaN NaN NaN NaN NaN NaN NaN NaN NaN NaN NaN NaN NaN NaN NaN NaN NaN NaN NaN NaN NaN NaN NaN NaN NaN 
NaN NaN NaN NaN NaN NaN NaN NaN NaN NaN NaN NaN NaN NaN NaN NaN NaN NaN NaN NaN NaN NaN NaN NaN NaN NaN NaN NaN NaN NaN NaN NaN NaN NaN NaN NaN NaN NaN NaN NaN 
NaN NaN NaN NaN NaN NaN NaN NaN NaN NaN NaN NaN NaN NaN NaN NaN NaN NaN NaN NaN NaN NaN NaN NaN NaN NaN NaN NaN NaN NaN NaN NaN NaN NaN NaN NaN NaN NaN NaN NaN 
NaN NaN NaN NaN NaN NaN NaN NaN NaN NaN NaN NaN NaN NaN NaN NaN NaN NaN NaN NaN NaN NaN NaN NaN NaN NaN NaN NaN NaN NaN NaN NaN NaN NaN NaN NaN NaN NaN NaN NaN 
NaN NaN NaN NaN NaN NaN NaN NaN NaN NaN NaN NaN NaN NaN NaN NaN NaN NaN NaN NaN NaN NaN NaN NaN NaN NaN NaN NaN NaN NaN NaN NaN NaN NaN NaN NaN NaN NaN NaN NaN 
NaN NaN NaN NaN NaN NaN NaN NaN NaN NaN NaN NaN NaN NaN NaN NaN NaN NaN NaN NaN NaN NaN NaN NaN NaN NaN NaN NaN NaN NaN NaN NaN NaN NaN NaN NaN NaN NaN NaN NaN 
NaN NaN NaN NaN NaN NaN NaN NaN NaN NaN NaN NaN NaN NaN NaN NaN NaN NaN NaN NaN NaN NaN NaN NaN NaN NaN NaN NaN NaN NaN NaN NaN NaN NaN NaN NaN NaN NaN NaN NaN 
NaN NaN NaN NaN NaN NaN NaN NaN NaN NaN NaN NaN NaN NaN NaN NaN NaN NaN NaN NaN NaN NaN NaN NaN NaN NaN NaN NaN NaN NaN NaN NaN NaN NaN NaN NaN NaN NaN NaN NaN 
NaN NaN NaN NaN NaN NaN NaN NaN NaN NaN NaN NaN NaN NaN NaN NaN NaN NaN NaN NaN NaN NaN NaN NaN NaN NaN NaN NaN NaN NaN NaN NaN NaN NaN NaN NaN NaN NaN NaN NaN 
NaN NaN NaN NaN NaN NaN NaN NaN NaN NaN NaN NaN NaN NaN NaN NaN NaN NaN NaN NaN NaN NaN NaN NaN NaN NaN NaN NaN NaN NaN NaN NaN NaN NaN NaN NaN NaN NaN NaN NaN 
NaN NaN NaN NaN NaN NaN NaN NaN NaN NaN NaN NaN NaN NaN NaN NaN NaN NaN NaN NaN NaN NaN NaN NaN NaN NaN NaN NaN NaN NaN NaN NaN NaN NaN NaN NaN NaN NaN NaN NaN 
NaN NaN NaN NaN NaN NaN NaN NaN NaN NaN NaN NaN NaN NaN NaN NaN NaN NaN NaN NaN NaN NaN NaN NaN NaN NaN NaN NaN NaN NaN NaN NaN NaN NaN NaN NaN NaN NaN NaN NaN 
NaN NaN NaN NaN NaN NaN NaN NaN NaN NaN NaN NaN NaN NaN NaN NaN NaN NaN NaN NaN NaN NaN NaN NaN NaN NaN NaN NaN NaN NaN NaN NaN NaN NaN NaN NaN NaN NaN NaN NaN 
NaN NaN NaN NaN NaN NaN NaN NaN NaN NaN NaN NaN NaN NaN NaN NaN NaN NaN NaN NaN NaN NaN NaN NaN NaN NaN NaN NaN NaN NaN NaN NaN NaN NaN NaN NaN NaN NaN NaN NaN 
NaN NaN NaN NaN NaN NaN NaN NaN NaN NaN NaN NaN NaN NaN NaN NaN NaN NaN NaN NaN NaN NaN NaN NaN NaN NaN NaN NaN NaN NaN NaN NaN NaN NaN NaN NaN NaN NaN NaN NaN 
NaN NaN NaN NaN NaN NaN NaN NaN NaN NaN NaN NaN NaN NaN NaN NaN NaN NaN NaN NaN NaN NaN NaN NaN NaN NaN NaN NaN NaN NaN NaN NaN NaN NaN NaN NaN NaN NaN NaN NaN 
NaN NaN NaN NaN NaN NaN NaN NaN NaN NaN NaN NaN NaN NaN NaN NaN NaN NaN NaN NaN NaN NaN NaN NaN NaN NaN NaN NaN NaN NaN NaN NaN NaN NaN NaN NaN NaN NaN NaN NaN 
NaN NaN NaN NaN NaN NaN NaN NaN NaN NaN NaN NaN NaN NaN NaN NaN NaN NaN NaN NaN NaN NaN NaN NaN NaN NaN NaN NaN NaN NaN NaN NaN NaN NaN NaN NaN NaN NaN NaN NaN 
NaN NaN NaN NaN NaN NaN NaN NaN NaN NaN NaN NaN NaN NaN NaN NaN NaN NaN NaN NaN NaN NaN NaN NaN NaN NaN NaN NaN NaN NaN NaN NaN NaN NaN NaN NaN NaN NaN NaN NaN 
NaN NaN NaN NaN NaN NaN NaN NaN NaN NaN NaN NaN NaN NaN NaN NaN NaN NaN NaN NaN NaN NaN NaN NaN NaN NaN NaN NaN NaN NaN NaN NaN NaN NaN NaN NaN NaN NaN NaN NaN 
NaN NaN NaN NaN NaN NaN NaN NaN NaN NaN NaN NaN NaN NaN NaN NaN NaN NaN NaN NaN NaN NaN NaN NaN NaN NaN NaN NaN NaN NaN NaN NaN NaN NaN NaN NaN NaN NaN NaN NaN 
NaN NaN NaN NaN NaN NaN NaN NaN NaN NaN NaN NaN NaN NaN NaN NaN NaN NaN NaN NaN NaN NaN NaN NaN NaN NaN NaN NaN NaN NaN NaN NaN NaN NaN NaN NaN NaN NaN NaN NaN 
NaN NaN NaN NaN NaN NaN NaN NaN NaN NaN NaN NaN NaN NaN NaN NaN NaN NaN NaN NaN NaN NaN NaN NaN NaN NaN NaN NaN NaN NaN NaN NaN NaN NaN NaN NaN NaN NaN NaN NaN 
NaN NaN NaN NaN NaN NaN NaN NaN NaN NaN NaN NaN NaN NaN NaN NaN NaN NaN NaN NaN NaN NaN NaN NaN NaN NaN NaN NaN NaN NaN NaN NaN NaN NaN NaN NaN NaN NaN NaN NaN 
NaN NaN NaN NaN NaN NaN NaN NaN NaN NaN NaN NaN NaN NaN NaN NaN NaN NaN NaN NaN NaN NaN NaN NaN NaN NaN NaN NaN NaN NaN NaN NaN NaN NaN NaN NaN NaN NaN NaN NaN 
NaN NaN NaN NaN NaN NaN NaN NaN NaN NaN NaN NaN NaN NaN NaN NaN NaN NaN NaN NaN NaN NaN NaN NaN NaN NaN NaN NaN NaN NaN NaN NaN NaN NaN NaN NaN NaN NaN NaN NaN 
NaN NaN NaN NaN NaN NaN NaN NaN NaN NaN NaN NaN NaN NaN NaN NaN NaN NaN NaN NaN NaN NaN NaN NaN NaN NaN NaN NaN NaN NaN NaN NaN NaN NaN NaN NaN NaN NaN NaN NaN 
NaN NaN NaN NaN NaN NaN NaN NaN NaN NaN NaN NaN NaN NaN NaN NaN NaN NaN NaN NaN NaN NaN NaN NaN NaN NaN NaN NaN NaN NaN NaN NaN NaN NaN NaN NaN NaN NaN NaN NaN 
NaN NaN NaN NaN NaN NaN NaN NaN NaN NaN NaN NaN NaN NaN NaN NaN NaN NaN NaN NaN NaN NaN NaN NaN NaN NaN NaN NaN NaN NaN NaN NaN NaN NaN NaN NaN NaN NaN NaN NaN 
NaN NaN NaN NaN NaN NaN NaN NaN NaN NaN NaN NaN NaN NaN NaN NaN NaN NaN NaN NaN NaN NaN NaN NaN NaN NaN NaN NaN NaN NaN NaN NaN NaN NaN NaN NaN NaN NaN NaN NaN 
NaN NaN NaN NaN NaN NaN NaN NaN NaN NaN NaN NaN NaN NaN NaN NaN NaN NaN NaN NaN NaN NaN NaN NaN NaN NaN NaN NaN NaN NaN NaN NaN NaN NaN NaN NaN NaN NaN NaN NaN 
NaN NaN NaN NaN NaN NaN NaN NaN NaN NaN NaN NaN NaN NaN NaN NaN NaN NaN NaN NaN NaN NaN NaN NaN NaN NaN NaN NaN NaN NaN NaN NaN NaN NaN NaN NaN NaN NaN NaN NaN 
NaN NaN NaN NaN NaN NaN NaN NaN NaN NaN NaN NaN NaN NaN NaN NaN NaN NaN NaN NaN NaN NaN NaN NaN NaN NaN NaN NaN NaN NaN NaN NaN NaN NaN NaN NaN NaN NaN NaN NaN 
NaN NaN NaN NaN NaN NaN NaN NaN NaN NaN NaN NaN NaN NaN NaN NaN NaN NaN NaN NaN NaN NaN NaN NaN NaN NaN NaN NaN NaN NaN NaN NaN NaN NaN NaN NaN NaN NaN NaN NaN 
NaN NaN NaN NaN NaN NaN NaN NaN NaN NaN NaN NaN NaN NaN NaN NaN NaN NaN NaN NaN NaN NaN NaN NaN NaN NaN NaN NaN NaN NaN NaN NaN NaN NaN NaN NaN NaN NaN NaN NaN 
NaN NaN NaN NaN NaN NaN NaN NaN NaN NaN NaN NaN NaN NaN NaN NaN NaN NaN NaN NaN NaN NaN NaN NaN NaN NaN NaN NaN NaN NaN NaN NaN NaN NaN NaN NaN NaN NaN NaN NaN 
NaN NaN NaN NaN NaN NaN NaN NaN NaN NaN NaN NaN NaN NaN NaN NaN NaN NaN NaN NaN NaN NaN NaN NaN NaN NaN NaN NaN NaN NaN NaN NaN NaN NaN NaN NaN NaN NaN NaN NaN 
NaN NaN NaN NaN NaN NaN NaN NaN NaN NaN NaN NaN NaN NaN NaN NaN NaN NaN NaN NaN NaN NaN NaN NaN NaN NaN NaN NaN NaN NaN NaN NaN NaN NaN NaN NaN NaN NaN NaN NaN 
NaN NaN NaN NaN NaN NaN NaN NaN NaN NaN NaN NaN NaN NaN NaN NaN NaN NaN NaN NaN NaN NaN NaN NaN NaN NaN NaN NaN NaN NaN NaN NaN NaN NaN NaN NaN NaN NaN NaN NaN 
NaN NaN NaN NaN NaN NaN NaN NaN NaN NaN NaN NaN NaN NaN NaN NaN NaN NaN NaN NaN NaN NaN NaN NaN NaN NaN NaN NaN NaN NaN NaN NaN NaN NaN NaN NaN NaN NaN NaN NaN 
NaN NaN NaN NaN NaN NaN NaN NaN NaN NaN NaN NaN NaN NaN NaN NaN NaN NaN NaN NaN NaN NaN NaN NaN NaN NaN NaN NaN NaN NaN NaN NaN NaN NaN NaN NaN NaN NaN NaN NaN 
NaN NaN NaN NaN NaN NaN NaN NaN NaN NaN NaN NaN NaN NaN NaN NaN NaN NaN NaN NaN NaN NaN NaN NaN NaN NaN NaN NaN NaN NaN NaN NaN NaN NaN NaN NaN NaN NaN NaN NaN 
NaN NaN NaN NaN NaN NaN NaN NaN NaN NaN NaN NaN NaN NaN NaN NaN NaN NaN NaN NaN NaN NaN NaN NaN NaN NaN NaN NaN NaN NaN NaN NaN NaN NaN NaN NaN NaN NaN NaN NaN 
NaN NaN NaN NaN NaN NaN NaN NaN NaN NaN NaN NaN NaN NaN NaN NaN NaN NaN NaN NaN NaN NaN NaN NaN NaN NaN NaN NaN NaN NaN NaN NaN NaN NaN NaN NaN NaN NaN NaN NaN 
NaN NaN NaN NaN NaN NaN NaN NaN NaN NaN NaN NaN NaN NaN NaN NaN NaN NaN NaN NaN NaN NaN NaN NaN NaN NaN NaN NaN NaN NaN NaN NaN NaN NaN NaN NaN NaN NaN NaN NaN 
NaN NaN NaN NaN NaN NaN NaN NaN NaN NaN NaN NaN NaN NaN NaN NaN NaN NaN NaN NaN NaN NaN NaN NaN NaN NaN NaN NaN NaN NaN NaN NaN NaN NaN NaN NaN NaN NaN NaN NaN 
-75.303077 -77.973864 -81.918280 -84.617852 -85.110569 -85.412435 -84.806350 -84.813639 -84.880713 -85.536325 -88.879365 -90.810857 -92.343373 -94.056565 -97.618002 -89.804496 -85.462986 -88.251852 -91.265545 -85.748239 -86.953846 -87.872111 -94.876697 -94.545630 -91.411380 -88.973460 -88.158034 -86.561113 -91.867562 -93.578122 -93.987434 -94.301210 -94.198158 -91.755083 -91.051045 -89.087522 -91.240218 -86.946559 -92.467634 -97.173100 
-62.941580 -73.734015 -75.984593 -81.630574 -79.133400 -77.131233 -79.697245 -77.801391 -76.391469 -76.695105 -81.516444 -81.056626 -83.913196 -82.147137 -85.541176 -77.154730 -76.066090 -77.714647 -78.317855 -76.364188 -79.378429 -76.126996 -77.788411 -77.036079 -76.177573 -78.359693 -75.520118 -75.021911 -80.077339 -79.234365 -80.130429 -80.584004 -78.019145 -77.815710 -75.972296 -77.080595 -81.523951 -77.514392 -77.216800 -79.755492 
-62.272892 -79.131069 -80.963600 -77.615605 -78.834696 -77.016202 -81.182695 -73.189488 -74.539155 -75.074823 -73.071517 -72.196798 -74.080369 -76.609931 -74.038797 -76.867200 -75.771694 -72.190099 -74.067678 -75.083147 -77.180499 -73.083554 -73.415205 -77.124415 -75.989189 -78.451046 -76.771744 -77.645050 -74.682691 -74.411397 -76.936096 -78.837786 -79.581968 -77.749757 -75.531520 -76.934249 -79.452865 -76.838661 -75.099280 -76.933336 
-63.129955 -70.698319 -75.448678 -75.214955 -76.230617 -73.097549 -72.667315 -77.199659 -79.157906 -80.422451 -73.572106 -74.272483 -73.237680 -75.542629 -74.570037 -75.322648 -78.333846 -77.926009 -76.784243 -80.093234 -77.800553 -75.015844 -76.235213 -74.896732 -74.287320 -80.764404 -75.561359 -77.312724 -74.969451 -76.335260 -74.537297 -77.492674 -76.395598 -73.072275 -76.046603 -77.719240 -74.942405 -76.835947 -75.372467 -79.401412 
-35.555697 -36.817853 -39.498042 -43.316649 -46.487992 -49.601660 -50.032068 -50.945965 -50.465882 -52.331401 -53.821021 -54.193062 -54.454944 -55.683530 -57.635350 -58.564871 -59.028351 -59.874779 -60.185038 -61.166016 -63.082982 -63.178681 -62.216486 -62.396539 -64.471192 -65.442337 -66.788474 -65.978813 -64.862200 -67.153684 -64.929352 -69.922569 -68.912614 -67.029225 -70.013517 -71.710827 -71.574525 -71.317495 -71.899536 -72.300457 
-21.378665 -25.929977 -35.109170 -43.676230 -47.723164 -49.710264 -51.876956 -51.727879 -52.144624 -51.701853 -54.587881 -56.362241 -53.204280 -55.811249 -58.816618 -58.423345 -59.453251 -60.484899 -61.205578 -62.070142 -63.325092 -64.454712 -63.923340 -63.894903 -63.597003 -65.662170 -67.402604 -67.013742 -65.696393 -66.324850 -66.133167 -69.584295 -69.576240 -68.449166 -68.999305 -68.888048 -72.449106 -71.157945 -72.854599 -71.343476 
-28.591736 -34.072732 -50.157672 -53.268766 -58.919746 -60.556981 -63.384472 -60.539617 -62.456741 -64.621722 -61.921249 -62.345194 -61.440280 -62.611183 -65.794727 -64.732272 -66.007368 -66.275564 -69.150380 -70.896625 -70.507669 -70.287256 -67.096694 -67.371890 -68.955688 -70.020989 -73.833593 -70.539031 -70.739037 -66.757559 -69.856649 -71.654022 -69.651293 -70.683738 -70.606772 -71.375041 -72.392089 -73.346145 -74.609319 -73.640241 
-29.819607 -33.195193 -43.499324 -57.298345 -59.529525 -59.177689 -66.402214 -64.974745 -61.355836 -65.399355 -65.339113 -64.504515 -67.109875 -69.558694 -68.453230 -69.178123 -69.152165 -69.526202 -69.908701 -68.298032 -70.208320 -70.985784 -71.015666 -68.418954 -68.727227 -71.490599 -70.568373 -67.771829 -71.759213 -72.935658 -71.615444 -69.514895 -72.230577 -74.526424 -71.429135 -70.834146 -70.498345 -74.202781 -73.858792 -71.739772 
-25.761351 -33.703489 -46.320947 -55.751321 -57.956817 -54.444629 -59.241602 -66.684252 -65.878230 -66.639620 -70.665467 -66.127869 -67.035553 -68.072274 -68.005007 -67.307176 -68.580721 -71.457046 -71.132420 -66.192577 -67.476511 -75.699405 -73.314308 -72.199912 -69.647959 -70.482675 -70.378001 -71.970014 -69.906536 -71.684122 -71.031256 -69.731996 -70.947996 -70.221229 -71.725035 -70.100438 -67.854154 -70.304365 -73.181617 -73.387517 
-24.426325 -32.441764 -42.283887 -46.203778 -52.643189 -58.681308 -60.969469 -52.359980 -48.401531 -46.924285 -46.793048 -50.123557 -47.388143 -49.858124 -51.943877 -54.698170 -54.147076 -50.407866 -55.324422 -53.440288 -60.011024 -56.480429 -56.238643 -63.951262 -57.119267 -61.006204 -57.036492 -65.390498 -59.114259 -55.200968 -62.653227 -63.561276 -59.844084 -60.422357 -67.442211 -68.623233 -69.394924 -70.481871 -64.423069 -61.021160 
-27.560699 -33.076983 -32.092028 -40.090933 -40.802067 -34.945049 -32.324592 -32.581831 -33.306454 -30.886730 -24.053138 -21.780731 -24.371203 -21.051225 -10.523595 -9.102834 -16.590325 -26.111232 -28.313960 -36.345289 -42.692862 -39.152900 -38.112326 -38.998705 -39.957616 -37.380650 -36.158196 -54.537582 -43.748507 -33.191205 -34.269469 -33.934167 -42.567022 -44.304762 -45.784770 -52.802264 -47.459390 -44.630963 -42.536407 -42.074095 
-32.621652 -35.075575 -35.650824 -33.625457 -35.845653 -25.655931 -23.887027 -28.725532 -27.631183 -32.018622 -23.342990 -19.832536 -19.092971 -14.016101 -5.224572 -3.253352 -13.546117 -23.627545 -28.768875 -35.408334 -42.590019 -41.191201 -42.037685 -43.409044 -43.561215 -37.942625 -36.474187 -47.911757 -39.236105 -29.945796 -31.212979 -31.814484 -38.865591 -42.576088 -44.310434 -46.797526 -45.000558 -43.489166 -39.857519 -40.546207 
-15.629486 -14.647745 -14.604180 -19.297769 -26.774619 -25.831346 -22.214837 -15.614750 -22.659809 -16.317255 -20.534088 -24.925424 -16.634441 -11.923043 -12.657670 -12.759594 -26.090638 -34.683349 -41.793361 -39.829343 -42.591111 -44.854977 -45.055025 -44.511931 -42.269869 -36.725274 -39.607172 -43.504055 -35.195057 -34.564700 -37.414979 -34.704757 -38.323016 -44.195235 -38.911735 -41.395528 -42.102423 -45.701774 -43.713868 -45.479889 
-24.140114 -15.318874 -15.610075 -19.307067 -31.459812 -23.303656 -22.327847 -17.342887 -23.444631 -19.306867 -21.753901 -24.330586 -18.816274 -11.348685 -12.540108 -12.586706 -21.662969 -35.343789 -35.510497 -36.862731 -37.670239 -40.053435 -39.384169 -44.107981 -34.540205 -33.830660 -36.547876 -37.577070 -26.232232 -27.273284 -31.199584 -27.089506 -33.323931 -38.738615 -35.992434 -35.748003 -41.760579 -45.856298 -41.162337 -43.509990 
-6.378287 -8.038693 -18.711302 -21.970703 -26.079650 -20.304880 -20.307866 -29.145430 -25.063154 -33.191938 -27.528390 -21.630228 -22.393565 -10.092380 -8.342450 -16.569965 -30.882669 -32.579991 -35.158928 -39.889454 -38.488774 -42.569671 -42.494278 -42.182735 -27.569197 -25.837083 -37.473140 -35.100667 -28.021627 -28.438807 -23.639050 -24.995344 -34.755038 -35.241947 -30.089086 -32.991276 -40.206912 -43.395069 -40.206651 -41.023972 
-8.328809 -14.648822 -24.461774 -26.653862 -26.574636 -28.432662 -24.233921 -23.395817 -25.566494 -27.363265 -24.025016 -24.434886 -26.570311 -18.739467 -11.729178 -15.115804 -25.324771 -33.834707 -33.188787 -37.908087 -37.525268 -41.520503 -42.124603 -37.885474 -28.475244 -23.968267 -34.033524 -28.782222 -22.075128 -32.650568 -31.687662 -31.192069 -32.891533 -37.577195 -31.531045 -35.681558 -40.324362 -45.627053 -39.386916 -39.145541 
-15.154281 -19.599490 -32.692567 -30.041378 -27.593974 -28.119769 -26.293784 -27.172411 -33.523926 -32.366543 -28.272608 -17.761227 -20.192355 -14.429856 -13.843760 -17.391603 -34.908860 -38.199655 -36.739052 -35.851601 -34.869283 -40.505302 -41.862066 -38.958058 -36.295382 -29.265087 -29.759158 -29.280701 -22.510283 -30.927251 -32.760666 -31.548807 -31.098148 -33.945871 -34.083129 -35.384049 -37.416837 -45.032407 -41.340321 -38.671697 
-13.985698 -18.487248 -27.840296 -31.852303 -26.003016 -27.490650 -28.411315 -20.876430 -25.477168 -34.751555 -28.466087 -20.911804 -28.232843 -22.290296 -23.667177 -26.162222 -36.161711 -36.261580 -35.451144 -40.572465 -39.846201 -42.508720 -41.260455 -44.432572 -39.915798 -29.783207 -32.993109 -31.686181 -30.660561 -37.174412 -36.569451 -31.671798 -33.807474 -34.722169 -35.699808 -36.028228 -40.934773 -45.095695 -43.051129 -39.313936 
-19.508770 -18.113920 -15.872906 -24.677118 -24.927570 -23.282606 -21.953569 -23.017000 -27.677123 -28.872841 -28.944355 -30.256532 -23.594594 -23.451630 -24.937139 -29.489997 -29.352908 -35.719116 -37.721360 -41.559850 -41.463551 -41.416036 -39.503600 -45.700109 -41.636021 -33.402258 -32.792594 -35.177383 -37.121695 -39.335140 -38.291862 -36.476832 -36.164957 -32.968598 -36.125117 -37.846148 -40.364354 -44.825046 -42.934804 -42.818837 
-17.634813 -2.242675 4.667082 3.230271 -1.192054 -3.042123 -2.746198 -6.279146 -13.214619 -15.263747 -15.565511 -13.101654 -13.743418 -15.784039 -19.441283 -27.627503 -35.067240 -35.131268 -35.394485 -36.689760 -36.795373 -38.007305 -37.800748 -39.229017 -34.475639 -29.796181 -31.386407 -32.495557 -29.979481 -36.428377 -39.572172 -40.810489 -39.507200 -36.875098 -38.071340 -41.771871 -44.476978 -44.992712 -43.753433 -46.368579 
-12.009016 2.912644 10.705686 4.343755 5.039790 9.074202 2.284233 7.638012 -2.155472 -5.117947 -10.527627 -2.719759 -2.515246 -3.769219 -15.631885 -25.676608 -32.537064 -34.555535 -37.781512 -36.348622 -38.951977 -39.620682 -39.971752 -38.365161 -31.901372 -22.243045 -26.533059 -26.902137 -19.857606 -29.060140 -32.987165 -39.755870 -40.053833 -40.062025 -42.085498 -47.895251 -56.145841 -53.042862 -51.305556 -56.663085 
-19.637265 1.242794 10.635749 4.384796 5.846148 11.739496 3.040711 11.639914 3.129189 -0.134003 -5.625058 1.306202 2.067735 0.158048 -11.071185 -20.804510 -24.296647 -26.203521 -26.660986 -28.821647 -28.674618 -29.057333 -31.213031 -31.078291 -25.307512 -17.052887 -20.380942 -22.980753 -16.514402 -21.541836 -26.799932 -31.984527 -36.445848 -37.265727 -38.940353 -39.866088 -40.443276 -40.710622 -40.815481 -40.953639 
-20.476928 -1.133441 9.884445 5.219268 3.665645 12.666765 4.418672 12.713388 8.718274 1.600268 -2.603161 4.622277 2.471444 3.923676 -9.426737 -17.917343 -27.509558 -30.460643 -30.571701 -32.679259 -32.290351 -30.905657 -30.926324 -29.231634 -24.329237 -13.102234 -18.052350 -18.675867 -14.858202 -17.131353 -24.950014 -35.967255 -39.071058 -39.633958 -42.017796 -48.152728 -52.523961 -52.943931 -53.148056 -53.341651 
-27.435899 -5.084413 8.371507 5.936675 -0.796406 11.959928 6.669827 12.193108 13.865649 1.335363 1.198592 5.410565 5.998961 4.642687 -7.078444 -12.577147 -21.510103 -28.052631 -29.685247 -32.033026 -29.345313 -26.697760 -29.194363 -22.401639 -17.511403 -10.203958 -13.079499 -14.979322 -11.728432 -13.556640 -21.845870 -32.131544 -35.445107 -39.252143 -40.988073 -43.038874 -47.293177 -47.596353 -48.338434 -47.904629 
-23.834532 -9.117016 6.910040 6.545216 -5.787471 10.031934 7.737858 7.511806 17.851159 6.630419 6.182948 5.573051 11.566029 3.112029 -0.753190 -10.379464 -18.487721 -21.853551 -26.038477 -26.200587 -25.701959 -26.723885 -27.466683 -23.559658 -16.862329 -7.159814 -9.851299 -10.719067 -7.291693 -9.169649 -17.480386 -29.115992 -30.407730 -34.598546 -36.293868 -36.502193 -37.725270 -37.676735 -38.171496 -38.325542 
-19.801899 -12.247845 6.065580 8.594712 -3.275204 6.643213 7.852680 0.513848 18.953674 14.320449 9.473681 9.344565 16.005434 10.247897 2.813416 -8.225763 -15.612618 -23.366996 -25.148455 -25.973971 -24.315727 -26.758566 -28.636848 -24.979496 -13.914250 -3.421202 -7.092270 -8.704023 -3.735645 -7.093588 -14.549838 -28.367103 -34.328545 -37.766265 -39.768873 -40.556346 -44.274154 -40.695414 -43.324828 -43.335803 
-19.275126 -16.808585 4.059609 8.616821 -5.276621 -0.537370 7.846889 -2.552365 16.186250 18.323751 8.229184 15.010990 13.989489 18.022719 3.379132 -4.148883 -12.976495 -18.661073 -20.793183 -21.114595 -21.758361 -24.618717 -26.037728 -23.165650 -15.459859 -4.983847 -5.206528 -6.456703 -2.569859 -4.701717 -14.480587 -26.029862 -35.994076 -36.213355 -37.219241 -40.866989 -41.724041 -38.221085 -40.814937 -42.776301 
-28.151573 -21.103365 1.355619 8.625433 -1.532184 -6.730921 7.302348 1.304394 11.372005 19.626486 6.892421 18.722257 12.965508 19.796023 10.501928 -5.214453 -12.714653 -14.114865 -18.111876 -21.284143 -20.266539 -21.165497 -24.946395 -19.849939 -16.747463 -5.302309 -4.629565 -6.001509 -1.208840 -3.799336 -13.300193 -23.179473 -44.079306 -39.885764 -40.613416 -44.700189 -44.859941 -40.266151 -41.533010 -45.374855 
-26.247733 -31.245383 -3.030478 7.767887 -0.328368 -12.619791 7.100248 6.090274 5.059263 20.052889 9.687926 15.934636 15.772965 16.559853 16.756499 -2.481948 -10.017038 -11.893249 -17.168515 -18.204727 -18.389402 -17.408025 -20.055505 -19.790111 -14.371202 -3.768457 -3.338486 -5.337594 -0.658989 -2.907831 -13.078839 -20.852267 -41.679656 -40.588323 -40.418734 -45.475244 -44.727924 -41.062347 -40.977126 -46.333670 
-30.754866 -25.696762 -5.496336 7.296319 0.815664 -14.158351 6.266407 6.379365 -2.716330 18.609551 11.713783 14.196083 18.809621 13.032619 18.949780 -2.139097 -7.121676 -11.237090 -15.510030 -15.839221 -18.201411 -18.130813 -18.805235 -17.842891 -11.134777 -2.774576 -2.231086 -4.983234 -1.500287 -3.028726 -14.971086 -20.837433 -42.352514 -41.265388 -42.737262 -45.737395 -43.729677 -42.253244 -43.977873 -46.323598 
-32.940204 -28.269658 -5.022939 7.316611 0.709059 -14.100166 5.552419 4.200348 -5.012966 16.610513 10.599225 16.105315 20.483124 13.753056 19.690860 3.380927 -1.952553 -7.460283 -13.849685 -14.578964 -16.995245 -17.027750 -17.177473 -15.273170 -7.476418 -1.357611 -2.170832 -4.191084 -1.332338 -2.486711 -14.517018 -21.158888 -47.263347 -40.945132 -44.477598 -49.437322 -43.579964 -41.283810 -44.312412 -49.024247 
-25.699967 -25.477097 -1.081539 8.184334 -0.057077 -10.304074 5.420942 1.978506 0.538893 16.276582 7.156207 21.113415 20.198745 17.411079 17.258324 9.144028 1.718305 -3.491920 -10.177079 -13.622902 -15.972146 -14.592915 -17.922285 -17.318826 -10.175198 -0.481652 -1.847997 -4.558888 -1.632254 -4.682435 -15.788495 -23.389347 -38.368198 -38.981615 -39.251336 -39.535185 -38.106299 -38.371304 -39.207369 -40.422840 
-33.142074 -22.808795 0.861551 8.379486 -1.315426 -4.957044 5.510055 -1.943137 8.551595 14.513729 11.333146 23.896005 16.631860 18.497342 13.478501 14.887742 1.555273 -6.291894 -9.731416 -15.664305 -16.979145 -13.485902 -12.736726 -14.875683 -7.419355 2.095222 -1.078361 -4.028575 -0.411022 -5.594137 -14.242751 -22.959853 -36.452349 -37.435050 -37.920240 -38.554160 -37.955269 -38.573214 -39.170519 -39.507819 
-26.503581 -14.158044 4.018537 7.092954 -6.678237 1.420432 5.507498 -4.879827 10.780850 9.259918 18.293998 21.609578 17.528857 14.949446 17.877288 13.188352 2.824513 -4.662712 -11.544957 -12.827814 -15.638672 -14.831523 -14.735872 -16.888570 -9.122934 -1.268573 -2.441933 -5.672661 -0.794140 -5.355631 -17.718443 -25.074748 -40.458576 -40.057195 -40.275286 -40.869907 -38.938056 -39.269434 -40.207468 -39.966889 
-15.795425 -6.217134 6.048866 4.296748 -2.884897 5.193030 1.373036 1.843741 3.890142 8.313714 15.413207 17.538918 21.474051 16.864711 18.749733 15.183318 7.575170 -1.380024 -12.091763 -11.875589 -15.835498 -16.433576 -15.970414 -13.172174 -6.069509 0.061384 -2.744522 -4.719159 -1.747367 -5.447792 -18.841835 -30.835720 -48.358542 -45.462197 -50.225036 -48.771267 -44.236149 -46.423963 -43.693660 -41.926004 
-16.502857 -1.979715 6.729045 0.770568 1.166264 5.401918 -3.484479 1.471716 1.836222 10.017535 14.185653 21.517467 15.839159 14.111221 18.773486 17.105884 8.783880 -1.652509 -6.641028 -9.412251 -15.840951 -16.965643 -16.238820 -13.347259 -4.445995 1.128840 -2.271471 -2.163986 -0.659262 -4.838463 -19.179859 -26.901998 -37.835101 -37.711435 -39.493766 -39.661135 -39.458345 -39.551886 -37.668114 -38.113929 
-14.814005 0.957458 5.610095 -0.394687 5.081226 1.190808 -0.717572 -2.508319 4.256764 6.692965 13.756733 17.739768 18.503086 14.714191 15.874015 16.462971 10.047185 -2.864818 -7.453847 -9.422396 -14.850390 -15.841893 -16.315427 -12.015821 -2.819905 2.801951 -4.223868 -4.449115 0.535196 -3.387227 -16.474021 -26.696899 -30.825135 -31.549897 -32.294741 -32.835945 -33.110773 -33.305492 -33.017406 -33.684135 
-14.684033 2.356156 4.902520 0.021512 4.505188 0.553412 1.173404 -2.745987 0.078505 6.711150 10.876064 18.136570 14.449196 10.867761 12.239152 16.971552 8.181587 -4.468215 -8.078588 -9.200414 -14.943638 -16.681091 -16.482244 -13.109736 -3.029272 1.300305 -4.442525 -7.079174 -0.402078 -2.726684 -18.672321 -29.891333 -41.223291 -43.808369 -45.278957 -44.769376 -43.757658 -43.881069 -40.636378 -45.319848 
-8.546539 3.709077 2.718072 0.162730 -0.311609 -5.211872 -3.483082 -4.574098 -1.408879 4.727390 8.310473 14.313401 13.319840 8.045356 8.349829 12.626276 8.379404 -4.756656 -11.250427 -13.176331 -14.020184 -17.953529 -17.398704 -13.161187 -5.158777 -2.749250 -9.504634 -9.570840 -3.575363 -8.799706 -25.550845 -33.344856 -39.296229 -43.258094 -45.902012 -44.727106 -43.222101 -42.254155 -43.785225 -46.920635 
-6.366491 3.350629 -0.785583 -0.621574 -3.127189 -6.860138 -7.067077 -8.423815 -5.471695 -3.048500 2.663952 10.912516 6.207734 0.306081 -1.407652 -0.410729 3.436387 -8.129778 -14.912289 -14.258608 -20.395655 -22.421691 -24.018138 -15.292706 -10.148223 -8.291011 -16.358615 -17.829563 -10.785843 -14.283120 -28.582199 -35.391361 -36.715646 -40.670039 -43.150802 -42.497826 -41.311670 -36.895871 -40.386456 -42.579189 
-7.129669 1.413121 -2.188807 -1.066662 -7.744267 -10.346046 -7.203906 -12.722829 -9.186476 -2.172636 1.373807 6.372633 1.688569 -2.204899 -3.600404 -3.084783 -5.073920 -11.558324 -22.222321 -21.848455 -27.549883 -29.146527 -27.300078 -19.136125 -15.803584 -17.374436 -18.727427 -20.314803 -19.909459 -22.255914 -34.246678 -36.667966 -35.677958 -42.956825 -50.071112 -48.151444 -47.528562 -40.498747 -42.461200 -40.202188 
-6.368054 0.076010 -3.546690 -4.801913 -14.549104 -17.992027 -13.682186 -19.756330 -12.907984 -7.922620 -8.331357 -0.447564 -8.603276 -12.261097 -15.242502 -16.618330 -10.330434 -20.413416 -28.979759 -33.668070 -33.133814 -37.280802 -32.239805 -25.507960 -19.035354 -21.153612 -28.611700 -28.503758 -21.864107 -31.225523 -42.591437 -41.219991 -37.032707 -44.696506 -58.375959 -57.512272 -53.650258 -46.725215 -46.000202 -42.996187 
-6.973535 -2.766094 -6.237038 -7.632191 -20.035188 -19.019685 -19.388688 -28.279208 -21.184050 -13.167551 -12.645274 -6.857068 -14.193907 -17.326116 -25.607733 -23.141481 -10.946379 -12.409701 -28.217368 -30.685904 -37.589963 -36.079482 -37.544358 -22.306792 -18.489449 -29.081767 -29.628010 -29.395792 -24.717376 -37.079626 -49.604269 -45.331060 -37.271272 -44.545715 -56.138820 -58.486003 -55.544929 -49.945530 -47.731380 -41.572936 
-8.628247 -4.125357 -9.217149 -13.360222 -17.694738 -21.145158 -28.743602 -28.466145 -24.150064 -23.147544 -12.172412 -12.378044 -14.636802 -21.252407 -25.402490 -24.416369 -19.350129 -18.145007 -23.887792 -29.881980 -36.064087 -39.579983 -32.171308 -24.213143 -27.754196 -39.835411 -34.514157 -29.627516 -29.783232 -41.790379 -49.090047 -42.954427 -43.381757 -49.726022 -62.240498 -61.911066 -59.466810 -54.808431 -49.020424 -44.575957 
-11.069041 -6.212848 -13.682887 -16.653390 -19.535382 -32.528809 -33.314121 -26.196729 -27.468871 -25.141937 -21.324945 -21.094829 -26.973792 -25.965839 -30.411005 -33.087389 -27.513128 -20.736166 -26.448354 -36.395119 -43.610813 -41.849828 -37.217974 -31.999420 -36.467231 -36.732158 -42.687648 -34.453415 -31.422387 -41.878760 -52.656745 -50.855083 -49.786848 -55.332481 -61.457676 -64.882263 -61.823163 -58.888990 -54.243842 -50.166289 
-12.899980 -10.652681 -15.191661 -21.941395 -32.506597 -29.176786 -32.103269 -33.809598 -34.201903 -35.884494 -28.134173 -20.948208 -22.596285 -30.100890 -39.955324 -34.480439 -31.797870 -28.371567 -32.365495 -44.934158 -46.014193 -38.260450 -38.810393 -34.087684 -37.902646 -45.194425 -46.451034 -38.771174 -38.334987 -45.333930 -48.932935 -50.641015 -56.524355 -57.549120 -57.574938 -64.739095 -63.532812 -60.142511 -54.742935 -52.010207 
-23.386032 -22.063907 -26.538872 -33.111531 -40.012228 -34.587527 -35.725507 -34.224550 -36.597991 -41.434758 -34.945081 -26.037454 -30.737910 -30.671138 -34.398908 -33.536256 -29.707340 -29.175477 -30.942982 -36.953955 -39.094413 -38.486639 -38.921249 -37.517336 -37.721803 -38.965498 -39.402324 -38.330240 -36.817843 -40.210314 -40.671282 -42.720171 -46.723754 -48.963754 -51.377037 -58.117107 -56.893432 -56.485484 -52.571323 -50.763010 
-41.074527 -34.932765 -42.591827 -50.039438 -56.019126 -53.625043 -49.475700 -45.867177 -50.777524 -44.121251 -35.930156 -33.411221 -37.083942 -38.557386 -40.213129 -36.243096 -33.101913 -38.117186 -42.635578 -46.196480 -50.002781 -49.411467 -49.549467 -46.493268 -48.378399 -49.126430 -50.305553 -48.371070 -46.430366 -50.808729 -51.043548 -52.789030 -57.025669 -58.989817 -60.850309 -66.037758 -64.393782 -62.755967 -61.851843 -60.715146 
-26.152586 -39.526912 -40.408223 -46.759150 -60.420516 -57.767621 -56.428036 -55.210180 -53.741260 -47.491512 -38.690025 -36.772103 -44.456315 -46.628749 -47.515802 -44.683330 -36.810417 -37.970620 -54.906923 -61.336129 -65.586843 -61.298139 -59.537189 -60.480221 -60.817694 -63.472080 -66.038163 -65.355238 -62.777832 -62.295123 -66.053191 -65.267388 -67.657876 -69.942070 -69.966826 -70.037556 -70.706352 -67.765270 -68.670458 -68.705404 
-21.630303 -35.307227 -40.021607 -53.168741 -65.139025 -62.093603 -57.494990 -53.843149 -56.534495 -53.623344 -47.501781 -42.064971 -48.125179 -52.480485 -48.906588 -45.851374 -43.353381 -47.354780 -52.403487 -59.951096 -68.314396 -66.151436 -66.279185 -64.720339 -65.774202 -66.226049 -67.754412 -67.470506 -67.220804 -70.738590 -69.369462 -66.549571 -68.610665 -70.550335 -69.333661 -69.380071 -73.299570 -70.929858 -73.524489 -72.827819 
-20.544249 -28.872214 -37.236874 -45.933688 -53.678021 -56.789439 -64.365884 -55.703976 -58.865594 -52.053875 -52.663513 -51.610760 -50.093566 -52.015824 -53.288507 -53.396906 -53.074032 -48.193865 -55.651560 -62.632842 -64.346528 -59.285862 -63.445529 -65.877666 -63.409696 -66.615120 -66.068398 -63.278504 -66.871475 -69.501695 -71.301163 -68.167297 -67.602958 -70.579731 -68.321212 -71.600431 -75.427943 -74.099013 -74.032009 -72.416266 
-22.514806 -27.693908 -32.415273 -42.892269 -47.242288 -43.679455 -38.307458 -38.582048 -42.965831 -44.314677 -46.802735 -49.084371 -42.844293 -40.696316 -39.844859 -40.821461 -41.558470 -37.611027 -33.235367 -34.388007 -31.046276 -27.693824 -34.574071 -37.109000 -34.420591 -42.176066 -42.405502 -38.330401 -38.965204 -34.455247 -39.794749 -38.209141 -48.549046 -55.798227 -54.570690 -57.963980 -58.215269 -49.640382 -47.025477 -48.927080 
-22.535468 -26.265807 -29.349826 -33.979691 -37.175337 -29.781706 -26.554578 -28.162005 -36.791225 -35.661588 -38.004674 -39.376134 -34.136980 -30.910245 -32.001245 -31.730134 -30.747476 -28.782385 -24.783720 -23.920633 -18.893139 -17.189595 -24.880290 -26.696805 -26.069837 -31.467591 -35.073782 -29.861422 -28.299976 -26.414196 -32.880811 -29.650779 -39.328103 -47.156376 -47.538454 -52.754872 -50.677616 -43.030610 -39.344565 -39.707586 
-18.474879 -33.702709 -34.361979 -45.599034 -41.486187 -39.365330 -40.223217 -38.506979 -39.863900 -49.447407 -48.731500 -50.037866 -44.791679 -49.951563 -54.554284 -49.183723 -48.881991 -43.230229 -41.891814 -40.452294 -32.967341 -33.348990 -37.707679 -38.981845 -39.269796 -42.132594 -45.129283 -40.618221 -40.988891 -41.712249 -34.860855 -34.534114 -43.757986 -50.801707 -52.686745 -59.594143 -53.211820 -48.118469 -46.925093 -48.988307 
-22.854503 -32.305340 -32.742089 -41.867409 -37.542100 -40.559699 -40.656714 -36.864240 -45.158471 -54.052883 -55.485591 -48.428722 -48.519447 -57.479901 -53.330409 -42.709655 -42.848743 -45.167910 -46.553559 -40.265375 -35.318972 -33.912317 -43.604671 -41.902670 -43.837375 -45.282190 -41.855927 -38.044253 -38.529676 -42.788019 -36.903944 -39.764753 -40.923003 -51.807619 -53.982602 -60.606384 -50.568479 -50.936433 -50.911403 -49.520880 
-26.330018 -36.687091 -35.220715 -38.406593 -40.594934 -41.833828 -47.100447 -37.277162 -43.215886 -46.334425 -52.313425 -45.227607 -48.241233 -52.242182 -46.313175 -44.852747 -49.543444 -48.889075 -46.085215 -40.937040 -34.978556 -31.350193 -41.177537 -38.490209 -40.939228 -39.507256 -41.276958 -45.321485 -42.400975 -43.024869 -37.446270 -42.081141 -41.863549 -50.680944 -54.910645 -60.840810 -50.807348 -52.125866 -53.190394 -49.299794 
-26.091338 -32.454970 -39.027962 -43.080243 -46.738003 -47.916263 -45.741612 -36.775874 -44.422054 -46.802393 -49.744989 -52.913519 -53.005686 -48.362014 -45.400548 -45.205897 -45.865708 -47.844584 -53.858210 -42.903896 -34.213736 -39.632844 -43.173929 -43.083113 -44.420220 -45.614117 -49.199529 -47.504579 -43.661856 -44.920414 -40.559239 -39.724244 -44.151012 -52.456668 -55.777884 -62.900060 -54.572139 -56.281769 -56.269881 -52.928977 
-25.633871 -35.598886 -44.867846 -52.057270 -47.949493 -53.915600 -42.897017 -38.377723 -47.771346 -54.104863 -47.936148 -44.824566 -50.914327 -50.594797 -52.924107 -46.516541 -49.836646 -52.689186 -50.007999 -50.871034 -45.339686 -43.897121 -46.340321 -46.022139 -49.439866 -48.144895 -49.421838 -45.274116 -46.860882 -49.577093 -52.048085 -48.098892 -49.862797 -56.650452 -59.942509 -64.883867 -61.361057 -60.689198 -64.134879 -59.241613 
-23.786513 -34.583642 -44.705800 -48.501976 -53.568900 -46.574611 -48.096589 -44.741312 -47.057751 -55.068349 -49.332864 -46.431901 -54.027548 -50.413555 -56.243782 -57.419028 -59.694175 -51.871188 -51.789112 -47.683861 -42.951052 -47.727020 -47.347771 -49.173523 -50.752798 -57.724366 -54.153168 -51.765982 -53.553465 -54.737594 -53.876744 -51.889520 -56.652858 -62.671756 -67.393559 -67.778795 -63.670662 -62.160758 -66.143915 -65.947000 
-23.232416 -36.423845 -42.337377 -48.046194 -50.140403 -51.354580 -48.349400 -50.885787 -53.616183 -56.873911 -55.024713 -48.428329 -52.297264 -52.136524 -55.974259 -59.486522 -57.650196 -61.027138 -56.073263 -52.633433 -43.677050 -48.866849 -51.200331 -57.310930 -60.337361 -57.853403 -58.664781 -59.099860 -57.367117 -58.193162 -62.013737 -54.792293 -59.471638 -67.088276 -65.679696 -70.131544 -68.167860 -68.011057 -70.039533 -70.248854 
-22.427715 -42.800542 -49.417877 -44.839103 -45.210224 -51.594130 -49.744448 -49.056546 -49.813295 -60.569606 -60.185484 -50.204125 -51.077550 -53.131977 -61.005788 -59.582109 -59.855190 -61.853137 -61.708841 -53.405110 -51.061495 -52.627659 -51.741314 -63.298392 -62.469766 -62.581969 -60.978794 -57.552328 -58.728083 -65.203109 -62.539530 -63.681906 -61.774251 -66.668522 -68.087634 -73.347547 -69.430614 -70.854933 -74.765413 -72.432598 
-26.948445 -37.893863 -46.254783 -48.878497 -52.730080 -57.435743 -56.179831 -60.242720 -58.093522 -59.558635 -60.321229 -58.217445 -53.459483 -55.269553 -63.807050 -66.890765 -61.592555 -68.557864 -66.641859 -56.262207 -57.446663 -61.704283 -66.094978 -69.643732 -69.711069 -69.343884 -67.386264 -61.769321 -65.876302 -68.495977 -66.580139 -72.430701 -69.035573 -68.695126 -71.521394 -75.293552 -71.591171 -72.145333 -78.194298 -76.642938 
-52.240860 -54.709084 -67.224928 -67.298736 -64.988802 -69.665541 -68.338193 -66.794608 -67.133380 -70.576238 -69.103349 -69.693541 -70.328885 -77.155072 -71.947318 -75.415779 -71.898141 -73.326675 -73.795844 -69.778102 -73.758852 -71.752892 -73.795941 -76.362323 -74.604465 -71.638248 -73.720628 -74.796007 -72.193896 -72.852723 -71.040613 -74.132032 -76.177260 -73.148584 -71.147630 -73.495567 -73.917802 -76.540202 -78.339609 -77.688471 
-61.209532 -72.582611 -69.793149 -74.541855 -76.948563 -78.151976 -77.154416 -73.781864 -72.198872 -71.866881 -76.772481 -74.159390 -75.587526 -72.203382 -77.211096 -78.373319 -79.045147 -80.130114 -74.118006 -70.400524 -77.937478 -75.379284 -75.892015 -80.064875 -72.747884 -73.815042 -75.243206 -74.611019 -74.358575 -76.203878 -75.604095 -78.238036 -76.888540 -72.557103 -73.694678 -74.693639 -75.744618 -75.908658 -75.809672 -78.136781 
-64.981490 -76.515686 -79.995527 -85.522380 -81.429632 -76.003527 -73.799726 -78.493042 -77.288708 -75.720454 -71.644796 -69.401482 -78.061403 -76.218413 -78.560447 -77.350223 -76.456515 -76.873599 -78.359997 -78.000007 -74.321423 -77.858970 -73.380808 -76.783170 -76.592118 -78.537814 -74.768164 -72.950538 -77.501467 -76.121767 -76.346639 -77.742344 -77.263861 -78.763564 -75.246029 -76.864900 -75.255314 -74.426230 -77.258803 -78.227606 
-63.704514 -84.392803 -80.719254 -80.060120 -73.098142 -70.506846 -71.067391 -75.297621 -79.916622 -73.435754 -76.074518 -75.116486 -81.789553 -83.620828 -78.186121 -80.650083 -78.821732 -78.489469 -81.672822 -76.945327 -72.293755 -79.499392 -75.126696 -75.920700 -75.963071 -81.115101 -77.648400 -74.818785 -75.473782 -76.281498 -77.743282 -77.146703 -79.275465 -78.804253 -76.552039 -76.613099 -75.121586 -74.723777 -74.244844 -74.380533 
-64.424178 -76.151015 -69.832175 -73.154961 -71.933950 -71.159583 -71.554782 -75.680056 -77.565091 -73.033507 -73.452525 -70.742355 -73.659314 -74.845786 -75.557249 -72.824770 -73.399945 -78.732801 -82.899095 -76.377674 -74.322554 -75.852356 -77.220036 -73.294813 -77.984141 -74.919563 -77.364330 -73.973169 -74.399950 -78.007003 -78.323410 -73.274802 -74.787122 -75.303786 -74.992990 -74.571554 -73.382191 -76.772283 -75.392470 -75.247735 
-64.493642 -84.210657 -73.055518 -72.801554 -72.396864 -72.261120 -78.237964 -72.385642 -71.641966 -74.846836 -73.434568 -76.000578 -73.704661 -73.559987 -76.310001 -77.138892 -73.410230 -73.382679 -73.608280 -75.214647 -80.010104 -76.113237 -75.445706 -74.220088 -75.668045 -74.656099 -77.758694 -75.548410 -73.179045 -75.028363 -75.276504 -77.692866 -75.585487 -73.504260 -71.520244 -73.003004 -74.001262 -75.677738 -73.854163 -77.563714 
-66.521923 -77.590680 -79.399847 -72.103559 -76.887741 -72.710628 -70.414549 -75.473338 -73.404192 -71.420729 -75.676424 -78.693706 -75.866914 -73.074662 -73.540473 -72.987453 -80.898892 -78.021740 -72.660782 -71.388964 -80.053351 -74.517990 -75.092487 -78.190409 -73.827501 -75.483080 -76.245754 -76.340525 -75.563447 -76.567764 -73.841285 -73.157915 -75.024630 -73.860288 -71.527852 -74.794926 -75.524218 -76.736159 -76.195783 -77.222228 
-61.819846 -71.201538 -71.531383 -71.459447 -75.254441 -73.441473 -73.702913 -79.300227 -73.277863 -68.915789 -74.056336 -74.708203 -71.713945 -79.311402 -78.130275 -77.767763 -75.431483 -79.537011 -79.704054 -76.994168 -79.417555 -77.229862 -75.712548 -74.166634 -74.265815 -78.545165 -75.611573 -76.276188 -79.877883 -80.488523 -74.970487 -77.388179 -76.113238 -76.381032 -75.685877 -78.380024 -78.249012 -78.651023 -76.511763 -80.179667 
-64.306821 -79.737058 -76.409011 -77.895957 -73.324726 -73.734498 -75.088561 -78.221406 -77.798857 -76.001092 -76.032032 -79.409504 -77.530876 -77.697551 -76.553859 -81.365248 -75.260987 -78.412619 -83.159540 -78.837857 -79.854086 -76.157155 -72.323910 -76.532464 -78.003578 -76.942964 -75.682773 -77.051296 -78.867340 -77.190668 -73.424270 -76.295120 -78.494327 -77.153205 -76.365244 -76.554705 -77.712783 -79.387938 -78.767030 -80.596620 
-69.010441 -72.777871 -74.616178 -76.349002 -78.484343 -87.304297 -82.183722 -80.569934 -86.368370 -83.619932 -81.885128 -82.885197 -86.360741 -81.922570 -79.455409 -81.056698 -83.459922 -84.624575 -90.269344 -88.792335 -84.181694 -80.086781 -78.504693 -85.300786 -83.631416 -88.529167 -83.236060 -86.249077 -86.500854 -82.494706 -82.463259 -77.429806 -78.985894 -76.982302 -80.048264 -82.624025 -80.961294 -80.160084 -83.050599 -83.229425 
NaN NaN NaN NaN NaN NaN NaN NaN NaN NaN NaN NaN NaN NaN NaN NaN NaN NaN NaN NaN NaN NaN NaN NaN NaN NaN NaN NaN NaN NaN NaN NaN NaN NaN NaN NaN NaN NaN NaN NaN 
NaN NaN NaN NaN NaN NaN NaN NaN NaN NaN NaN NaN NaN NaN NaN NaN NaN NaN NaN NaN NaN NaN NaN NaN NaN NaN NaN NaN NaN NaN NaN NaN NaN NaN NaN NaN NaN NaN NaN NaN 
NaN NaN NaN NaN NaN NaN NaN NaN NaN NaN NaN NaN NaN NaN NaN NaN NaN NaN NaN NaN NaN NaN NaN NaN NaN NaN NaN NaN NaN NaN NaN NaN NaN NaN NaN NaN NaN NaN NaN NaN 
NaN NaN NaN NaN NaN NaN NaN NaN NaN NaN NaN NaN NaN NaN NaN NaN NaN NaN NaN NaN NaN NaN NaN NaN NaN NaN NaN NaN NaN NaN NaN NaN NaN NaN NaN NaN NaN NaN NaN NaN 
NaN NaN NaN NaN NaN NaN NaN NaN NaN NaN NaN NaN NaN NaN NaN NaN NaN NaN NaN NaN NaN NaN NaN NaN NaN NaN NaN NaN NaN NaN NaN NaN NaN NaN NaN NaN NaN NaN NaN NaN 
NaN NaN NaN NaN NaN NaN NaN NaN NaN NaN NaN NaN NaN NaN NaN NaN NaN NaN NaN NaN NaN NaN NaN NaN NaN NaN NaN NaN NaN NaN NaN NaN NaN NaN NaN NaN NaN NaN NaN NaN 
NaN NaN NaN NaN NaN NaN NaN NaN NaN NaN NaN NaN NaN NaN NaN NaN NaN NaN NaN NaN NaN NaN NaN NaN NaN NaN NaN NaN NaN NaN NaN NaN NaN NaN NaN NaN NaN NaN NaN NaN 
NaN NaN NaN NaN NaN NaN NaN NaN NaN NaN NaN NaN NaN NaN NaN NaN NaN NaN NaN NaN NaN NaN NaN NaN NaN NaN NaN NaN NaN NaN NaN NaN NaN NaN NaN NaN NaN NaN NaN NaN 
NaN NaN NaN NaN NaN NaN NaN NaN NaN NaN NaN NaN NaN NaN NaN NaN NaN NaN NaN NaN NaN NaN NaN NaN NaN NaN NaN NaN NaN NaN NaN NaN NaN NaN NaN NaN NaN NaN NaN NaN 
NaN NaN NaN NaN NaN NaN NaN NaN NaN NaN NaN NaN NaN NaN NaN NaN NaN NaN NaN NaN NaN NaN NaN NaN NaN NaN NaN NaN NaN NaN NaN NaN NaN NaN NaN NaN NaN NaN NaN NaN 
NaN NaN NaN NaN NaN NaN NaN NaN NaN NaN NaN NaN NaN NaN NaN NaN NaN NaN NaN NaN NaN NaN NaN NaN NaN NaN NaN NaN NaN NaN NaN NaN NaN NaN NaN NaN NaN NaN NaN NaN 
NaN NaN NaN NaN NaN NaN NaN NaN NaN NaN NaN NaN NaN NaN NaN NaN NaN NaN NaN NaN NaN NaN NaN NaN NaN NaN NaN NaN NaN NaN NaN NaN NaN NaN NaN NaN NaN NaN NaN NaN 
NaN NaN NaN NaN NaN NaN NaN NaN NaN NaN NaN NaN NaN NaN NaN NaN NaN NaN NaN NaN NaN NaN NaN NaN NaN NaN NaN NaN NaN NaN NaN NaN NaN NaN NaN NaN NaN NaN NaN NaN 
NaN NaN NaN NaN NaN NaN NaN NaN NaN NaN NaN NaN NaN NaN NaN NaN NaN NaN NaN NaN NaN NaN NaN NaN NaN NaN NaN NaN NaN NaN NaN NaN NaN NaN NaN NaN NaN NaN NaN NaN 
NaN NaN NaN NaN NaN NaN NaN NaN NaN NaN NaN NaN NaN NaN NaN NaN NaN NaN NaN NaN NaN NaN NaN NaN NaN NaN NaN NaN NaN NaN NaN NaN NaN NaN NaN NaN NaN NaN NaN NaN 
NaN NaN NaN NaN NaN NaN NaN NaN NaN NaN NaN NaN NaN NaN NaN NaN NaN NaN NaN NaN NaN NaN NaN NaN NaN NaN NaN NaN NaN NaN NaN NaN NaN NaN NaN NaN NaN NaN NaN NaN 
NaN NaN NaN NaN NaN NaN NaN NaN NaN NaN NaN NaN NaN NaN NaN NaN NaN NaN NaN NaN NaN NaN NaN NaN NaN NaN NaN NaN NaN NaN NaN NaN NaN NaN NaN NaN NaN NaN NaN NaN 
NaN NaN NaN NaN NaN NaN NaN NaN NaN NaN NaN NaN NaN NaN NaN NaN NaN NaN NaN NaN NaN NaN NaN NaN NaN NaN NaN NaN NaN NaN NaN NaN NaN NaN NaN NaN NaN NaN NaN NaN 
NaN NaN NaN NaN NaN NaN NaN NaN NaN NaN NaN NaN NaN NaN NaN NaN NaN NaN NaN NaN NaN NaN NaN NaN NaN NaN NaN NaN NaN NaN NaN NaN NaN NaN NaN NaN NaN NaN NaN NaN 
NaN NaN NaN NaN NaN NaN NaN NaN NaN NaN NaN NaN NaN NaN NaN NaN NaN NaN NaN NaN NaN NaN NaN NaN NaN NaN NaN NaN NaN NaN NaN NaN NaN NaN NaN NaN NaN NaN NaN NaN 
NaN NaN NaN NaN NaN NaN NaN NaN NaN NaN NaN NaN NaN NaN NaN NaN NaN NaN NaN NaN NaN NaN NaN NaN NaN NaN NaN NaN NaN NaN NaN NaN NaN NaN NaN NaN NaN NaN NaN NaN 
NaN NaN NaN NaN NaN NaN NaN NaN NaN NaN NaN NaN NaN NaN NaN NaN NaN NaN NaN NaN NaN NaN NaN NaN NaN NaN NaN NaN NaN NaN NaN NaN NaN NaN NaN NaN NaN NaN NaN NaN 
NaN NaN NaN NaN NaN NaN NaN NaN NaN NaN NaN NaN NaN NaN NaN NaN NaN NaN NaN NaN NaN NaN NaN NaN NaN NaN NaN NaN NaN NaN NaN NaN NaN NaN NaN NaN NaN NaN NaN NaN 
NaN NaN NaN NaN NaN NaN NaN NaN NaN NaN NaN NaN NaN NaN NaN NaN NaN NaN NaN NaN NaN NaN NaN NaN NaN NaN NaN NaN NaN NaN NaN NaN NaN NaN NaN NaN NaN NaN NaN NaN 
NaN NaN NaN NaN NaN NaN NaN NaN NaN NaN NaN NaN NaN NaN NaN NaN NaN NaN NaN NaN NaN NaN NaN NaN NaN NaN NaN NaN NaN NaN NaN NaN NaN NaN NaN NaN NaN NaN NaN NaN 
NaN NaN NaN NaN NaN NaN NaN NaN NaN NaN NaN NaN NaN NaN NaN NaN NaN NaN NaN NaN NaN NaN NaN NaN NaN NaN NaN NaN NaN NaN NaN NaN NaN NaN NaN NaN NaN NaN NaN NaN 
NaN NaN NaN NaN NaN NaN NaN NaN NaN NaN NaN NaN NaN NaN NaN NaN NaN NaN NaN NaN NaN NaN NaN NaN NaN NaN NaN NaN NaN NaN NaN NaN NaN NaN NaN NaN NaN NaN NaN NaN 
NaN NaN NaN NaN NaN NaN NaN NaN NaN NaN NaN NaN NaN NaN NaN NaN NaN NaN NaN NaN NaN NaN NaN NaN NaN NaN NaN NaN NaN NaN NaN NaN NaN NaN NaN NaN NaN NaN NaN NaN 
NaN NaN NaN NaN NaN NaN NaN NaN NaN NaN NaN NaN NaN NaN NaN NaN NaN NaN NaN NaN NaN NaN NaN NaN NaN NaN NaN NaN NaN NaN NaN NaN NaN NaN NaN NaN NaN NaN NaN NaN 
NaN NaN NaN NaN NaN NaN NaN NaN NaN NaN NaN NaN NaN NaN NaN NaN NaN NaN NaN NaN NaN NaN NaN NaN NaN NaN NaN NaN NaN NaN NaN NaN NaN NaN NaN NaN NaN NaN NaN NaN 
NaN NaN NaN NaN NaN NaN NaN NaN NaN NaN NaN NaN NaN NaN NaN NaN NaN NaN NaN NaN NaN NaN NaN NaN NaN NaN NaN NaN NaN NaN NaN NaN NaN NaN NaN NaN NaN NaN NaN NaN 
NaN NaN NaN NaN NaN NaN NaN NaN NaN NaN NaN NaN NaN NaN NaN NaN NaN NaN NaN NaN NaN NaN NaN NaN NaN NaN NaN NaN NaN NaN NaN NaN NaN NaN NaN NaN NaN NaN NaN NaN 
NaN NaN NaN NaN NaN NaN NaN NaN NaN NaN NaN NaN NaN NaN NaN NaN NaN NaN NaN NaN NaN NaN NaN NaN NaN NaN NaN NaN NaN NaN NaN NaN NaN NaN NaN NaN NaN NaN NaN NaN 
NaN NaN NaN NaN NaN NaN NaN NaN NaN NaN NaN NaN NaN NaN NaN NaN NaN NaN NaN NaN NaN NaN NaN NaN NaN NaN NaN NaN NaN NaN NaN NaN NaN NaN NaN NaN NaN NaN NaN NaN 
NaN NaN NaN NaN NaN NaN NaN NaN NaN NaN NaN NaN NaN NaN NaN NaN NaN NaN NaN NaN NaN NaN NaN NaN NaN NaN NaN NaN NaN NaN NaN NaN NaN NaN NaN NaN NaN NaN NaN NaN 
NaN NaN NaN NaN NaN NaN NaN NaN NaN NaN NaN NaN NaN NaN NaN NaN NaN NaN NaN NaN NaN NaN NaN NaN NaN NaN NaN NaN NaN NaN NaN NaN NaN NaN NaN NaN NaN NaN NaN NaN 
NaN NaN NaN NaN NaN NaN NaN NaN NaN NaN NaN NaN NaN NaN NaN NaN NaN NaN NaN NaN NaN NaN NaN NaN NaN NaN NaN NaN NaN NaN NaN NaN NaN NaN NaN NaN NaN NaN NaN NaN 
NaN NaN NaN NaN NaN NaN NaN NaN NaN NaN NaN NaN NaN NaN NaN NaN NaN NaN NaN NaN NaN NaN NaN NaN NaN NaN NaN NaN NaN NaN NaN NaN NaN NaN NaN NaN NaN NaN NaN NaN 
NaN NaN NaN NaN NaN NaN NaN NaN NaN NaN NaN NaN NaN NaN NaN NaN NaN NaN NaN NaN NaN NaN NaN NaN NaN NaN NaN NaN NaN NaN NaN NaN NaN NaN NaN NaN NaN NaN NaN NaN 
NaN NaN NaN NaN NaN NaN NaN NaN NaN NaN NaN NaN NaN NaN NaN NaN NaN NaN NaN NaN NaN NaN NaN NaN NaN NaN NaN NaN NaN NaN NaN NaN NaN NaN NaN NaN NaN NaN NaN NaN 
NaN NaN NaN NaN NaN NaN NaN NaN NaN NaN NaN NaN NaN NaN NaN NaN NaN NaN NaN NaN NaN NaN NaN NaN NaN NaN NaN NaN NaN NaN NaN NaN NaN NaN NaN NaN NaN NaN NaN NaN 
NaN NaN NaN NaN NaN NaN NaN NaN NaN NaN NaN NaN NaN NaN NaN NaN NaN NaN NaN NaN NaN NaN NaN NaN NaN NaN NaN NaN NaN NaN NaN NaN NaN NaN NaN NaN NaN NaN NaN NaN 
NaN NaN NaN NaN NaN NaN NaN NaN NaN NaN NaN NaN NaN NaN NaN NaN NaN NaN NaN NaN NaN NaN NaN NaN NaN NaN NaN NaN NaN NaN NaN NaN NaN NaN NaN NaN NaN NaN NaN NaN 
NaN NaN NaN NaN NaN NaN NaN NaN NaN NaN NaN NaN NaN NaN NaN NaN NaN NaN NaN NaN NaN NaN NaN NaN NaN NaN NaN NaN NaN NaN NaN NaN NaN NaN NaN NaN NaN NaN NaN NaN 
NaN NaN NaN NaN NaN NaN NaN NaN NaN NaN NaN NaN NaN NaN NaN NaN NaN NaN NaN NaN NaN NaN NaN NaN NaN NaN NaN NaN NaN NaN NaN NaN NaN NaN NaN NaN NaN NaN NaN NaN 
NaN NaN NaN NaN NaN NaN NaN NaN NaN NaN NaN NaN NaN NaN NaN NaN NaN NaN NaN NaN NaN NaN NaN NaN NaN NaN NaN NaN NaN NaN NaN NaN NaN NaN NaN NaN NaN NaN NaN NaN 
NaN NaN NaN NaN NaN NaN NaN NaN NaN NaN NaN NaN NaN NaN NaN NaN NaN NaN NaN NaN NaN NaN NaN NaN NaN NaN NaN NaN NaN NaN NaN NaN NaN NaN NaN NaN NaN NaN NaN NaN 
NaN NaN NaN NaN NaN NaN NaN NaN NaN NaN NaN NaN NaN NaN NaN NaN NaN NaN NaN NaN NaN NaN NaN NaN NaN NaN NaN NaN NaN NaN NaN NaN NaN NaN NaN NaN NaN NaN NaN NaN 
NaN NaN NaN NaN NaN NaN NaN NaN NaN NaN NaN NaN NaN NaN NaN NaN NaN NaN NaN NaN NaN NaN NaN NaN NaN NaN NaN NaN NaN NaN NaN NaN NaN NaN NaN NaN NaN NaN NaN NaN 
NaN NaN NaN NaN NaN NaN NaN NaN NaN NaN NaN NaN NaN NaN NaN NaN NaN NaN NaN NaN NaN NaN NaN NaN NaN NaN NaN NaN NaN NaN NaN NaN NaN NaN NaN NaN NaN NaN NaN NaN 
NaN NaN NaN NaN NaN NaN NaN NaN NaN NaN NaN NaN NaN NaN NaN NaN NaN NaN NaN NaN NaN NaN NaN NaN NaN NaN NaN NaN NaN NaN NaN NaN NaN NaN NaN NaN NaN NaN NaN NaN 
NaN NaN NaN NaN NaN NaN NaN NaN NaN NaN NaN NaN NaN NaN NaN NaN NaN NaN NaN NaN NaN NaN NaN NaN NaN NaN NaN NaN NaN NaN NaN NaN NaN NaN NaN NaN NaN NaN NaN NaN 
NaN NaN NaN NaN NaN NaN NaN NaN NaN NaN NaN NaN NaN NaN NaN NaN NaN NaN NaN NaN NaN NaN NaN NaN NaN NaN NaN NaN NaN NaN NaN NaN NaN NaN NaN NaN NaN NaN NaN NaN 
NaN NaN NaN NaN NaN NaN NaN NaN NaN NaN NaN NaN NaN NaN NaN NaN NaN NaN NaN NaN NaN NaN NaN NaN NaN NaN NaN NaN NaN NaN NaN NaN NaN NaN NaN NaN NaN NaN NaN NaN 
NaN NaN NaN NaN NaN NaN NaN NaN NaN NaN NaN NaN NaN NaN NaN NaN NaN NaN NaN NaN NaN NaN NaN NaN NaN NaN NaN NaN NaN NaN NaN NaN NaN NaN NaN NaN NaN NaN NaN NaN 
NaN NaN NaN NaN NaN NaN NaN NaN NaN NaN NaN NaN NaN NaN NaN NaN NaN NaN NaN NaN NaN NaN NaN NaN NaN NaN NaN NaN NaN NaN NaN NaN NaN NaN NaN NaN NaN NaN NaN NaN 
NaN NaN NaN NaN NaN NaN NaN NaN NaN NaN NaN NaN NaN NaN NaN NaN NaN NaN NaN NaN NaN NaN NaN NaN NaN NaN NaN NaN NaN NaN NaN NaN NaN NaN NaN NaN NaN NaN NaN NaN 
NaN NaN NaN NaN NaN NaN NaN NaN NaN NaN NaN NaN NaN NaN NaN NaN NaN NaN NaN NaN NaN NaN NaN NaN NaN NaN NaN NaN NaN NaN NaN NaN NaN NaN NaN NaN NaN NaN NaN NaN 
NaN NaN NaN NaN NaN NaN NaN NaN NaN NaN NaN NaN NaN NaN NaN NaN NaN NaN NaN NaN NaN NaN NaN NaN NaN NaN NaN NaN NaN NaN NaN NaN NaN NaN NaN NaN NaN NaN NaN NaN 
NaN NaN NaN NaN NaN NaN NaN NaN NaN NaN NaN NaN NaN NaN NaN NaN NaN NaN NaN NaN NaN NaN NaN NaN NaN NaN NaN NaN NaN NaN NaN NaN NaN NaN NaN NaN NaN NaN NaN NaN 
NaN NaN NaN NaN NaN NaN NaN NaN NaN NaN NaN NaN NaN NaN NaN NaN NaN NaN NaN NaN NaN NaN NaN NaN NaN NaN NaN NaN NaN NaN NaN NaN NaN NaN NaN NaN NaN NaN NaN NaN 
NaN NaN NaN NaN NaN NaN NaN NaN NaN NaN NaN NaN NaN NaN NaN NaN NaN NaN NaN NaN NaN NaN NaN NaN NaN NaN NaN NaN NaN NaN NaN NaN NaN NaN NaN NaN NaN NaN NaN NaN 
NaN NaN NaN NaN NaN NaN NaN NaN NaN NaN NaN NaN NaN NaN NaN NaN NaN NaN NaN NaN NaN NaN NaN NaN NaN NaN NaN NaN NaN NaN NaN NaN NaN NaN NaN NaN NaN NaN NaN NaN 
NaN NaN NaN NaN NaN NaN NaN NaN NaN NaN NaN NaN NaN NaN NaN NaN NaN NaN NaN NaN NaN NaN NaN NaN NaN NaN NaN NaN NaN NaN NaN NaN NaN NaN NaN NaN NaN NaN NaN NaN 
NaN NaN NaN NaN NaN NaN NaN NaN NaN NaN NaN NaN NaN NaN NaN NaN NaN NaN NaN NaN NaN NaN NaN NaN NaN NaN NaN NaN NaN NaN NaN NaN NaN NaN NaN NaN NaN NaN NaN NaN 
NaN NaN NaN NaN NaN NaN NaN NaN NaN NaN NaN NaN NaN NaN NaN NaN NaN NaN NaN NaN NaN NaN NaN NaN NaN NaN NaN NaN NaN NaN NaN NaN NaN NaN NaN NaN NaN NaN NaN NaN 
NaN NaN NaN NaN NaN NaN NaN NaN NaN NaN NaN NaN NaN NaN NaN NaN NaN NaN NaN NaN NaN NaN NaN NaN NaN NaN NaN NaN NaN NaN NaN NaN NaN NaN NaN NaN NaN NaN NaN NaN 
NaN NaN NaN NaN NaN NaN NaN NaN NaN NaN NaN NaN NaN NaN NaN NaN NaN NaN NaN NaN NaN NaN NaN NaN NaN NaN NaN NaN NaN NaN NaN NaN NaN NaN NaN NaN NaN NaN NaN NaN 
NaN NaN NaN NaN NaN NaN NaN NaN NaN NaN NaN NaN NaN NaN NaN NaN NaN NaN NaN NaN NaN NaN NaN NaN NaN NaN NaN NaN NaN NaN NaN NaN NaN NaN NaN NaN NaN NaN NaN NaN 
NaN NaN NaN NaN NaN NaN NaN NaN NaN NaN NaN NaN NaN NaN NaN NaN NaN NaN NaN NaN NaN NaN NaN NaN NaN NaN NaN NaN NaN NaN NaN NaN NaN NaN NaN NaN NaN NaN NaN NaN 
NaN NaN NaN NaN NaN NaN NaN NaN NaN NaN NaN NaN NaN NaN NaN NaN NaN NaN NaN NaN NaN NaN NaN NaN NaN NaN NaN NaN NaN NaN NaN NaN NaN NaN NaN NaN NaN NaN NaN NaN 
NaN NaN NaN NaN NaN NaN NaN NaN NaN NaN NaN NaN NaN NaN NaN NaN NaN NaN NaN NaN NaN NaN NaN NaN NaN NaN NaN NaN NaN NaN NaN NaN NaN NaN NaN NaN NaN NaN NaN NaN 
NaN NaN NaN NaN NaN NaN NaN NaN NaN NaN NaN NaN NaN NaN NaN NaN NaN NaN NaN NaN NaN NaN NaN NaN NaN NaN NaN NaN NaN NaN NaN NaN NaN NaN NaN NaN NaN NaN NaN NaN 
NaN NaN NaN NaN NaN NaN NaN NaN NaN NaN NaN NaN NaN NaN NaN NaN NaN NaN NaN NaN NaN NaN NaN NaN NaN NaN NaN NaN NaN NaN NaN NaN NaN NaN NaN NaN NaN NaN NaN NaN 
NaN NaN NaN NaN NaN NaN NaN NaN NaN NaN NaN NaN NaN NaN NaN NaN NaN NaN NaN NaN NaN NaN NaN NaN NaN NaN NaN NaN NaN NaN NaN NaN NaN NaN NaN NaN NaN NaN NaN NaN 
NaN NaN NaN NaN NaN NaN NaN NaN NaN NaN NaN NaN NaN NaN NaN NaN NaN NaN NaN NaN NaN NaN NaN NaN NaN NaN NaN NaN NaN NaN NaN NaN NaN NaN NaN NaN NaN NaN NaN NaN 
NaN NaN NaN NaN NaN NaN NaN NaN NaN NaN NaN NaN NaN NaN NaN NaN NaN NaN NaN NaN NaN NaN NaN NaN NaN NaN NaN NaN NaN NaN NaN NaN NaN NaN NaN NaN NaN NaN NaN NaN 
NaN NaN NaN NaN NaN NaN NaN NaN NaN NaN NaN NaN NaN NaN NaN NaN NaN NaN NaN NaN NaN NaN NaN NaN NaN NaN NaN NaN NaN NaN NaN NaN NaN NaN NaN NaN NaN NaN NaN NaN 
NaN NaN NaN NaN NaN NaN NaN NaN NaN NaN NaN NaN NaN NaN NaN NaN NaN NaN NaN NaN NaN NaN NaN NaN NaN NaN NaN NaN NaN NaN NaN NaN NaN NaN NaN NaN NaN NaN NaN NaN 
NaN NaN NaN NaN NaN NaN NaN NaN NaN NaN NaN NaN NaN NaN NaN NaN NaN NaN NaN NaN NaN NaN NaN NaN NaN NaN NaN NaN NaN NaN NaN NaN NaN NaN NaN NaN NaN NaN NaN NaN 
NaN NaN NaN NaN NaN NaN NaN NaN NaN NaN NaN NaN NaN NaN NaN NaN NaN NaN NaN NaN NaN NaN NaN NaN NaN NaN NaN NaN NaN NaN NaN NaN NaN NaN NaN NaN NaN NaN NaN NaN 
NaN NaN NaN NaN NaN NaN NaN NaN NaN NaN NaN NaN NaN NaN NaN NaN NaN NaN NaN NaN NaN NaN NaN NaN NaN NaN NaN NaN NaN NaN NaN NaN NaN NaN NaN NaN NaN NaN NaN NaN 
NaN NaN NaN NaN NaN NaN NaN NaN NaN NaN NaN NaN NaN NaN NaN NaN NaN NaN NaN NaN NaN NaN NaN NaN NaN NaN NaN NaN NaN NaN NaN NaN NaN NaN NaN NaN NaN NaN NaN NaN 
NaN NaN NaN NaN NaN NaN NaN NaN NaN NaN NaN NaN NaN NaN NaN NaN NaN NaN NaN NaN NaN NaN NaN NaN NaN NaN NaN NaN NaN NaN NaN NaN NaN NaN NaN NaN NaN NaN NaN NaN 
NaN NaN NaN NaN NaN NaN NaN NaN NaN NaN NaN NaN NaN NaN NaN NaN NaN NaN NaN NaN NaN NaN NaN NaN NaN NaN NaN NaN NaN NaN NaN NaN NaN NaN NaN NaN NaN NaN NaN NaN 
NaN NaN NaN NaN NaN NaN NaN NaN NaN NaN NaN NaN NaN NaN NaN NaN NaN NaN NaN NaN NaN NaN NaN NaN NaN NaN NaN NaN NaN NaN NaN NaN NaN NaN NaN NaN NaN NaN NaN NaN 
NaN NaN NaN NaN NaN NaN NaN NaN NaN NaN NaN NaN NaN NaN NaN NaN NaN NaN NaN NaN NaN NaN NaN NaN NaN NaN NaN NaN NaN NaN NaN NaN NaN NaN NaN NaN NaN NaN NaN NaN 
NaN NaN NaN NaN NaN NaN NaN NaN NaN NaN NaN NaN NaN NaN NaN NaN NaN NaN NaN NaN NaN NaN NaN NaN NaN NaN NaN NaN NaN NaN NaN NaN NaN NaN NaN NaN NaN NaN NaN NaN 
