NaN NaN NaN NaN NaN NaN NaN NaN NaN NaN NaN NaN NaN NaN NaN NaN NaN NaN NaN NaN NaN NaN NaN NaN NaN NaN NaN NaN NaN NaN NaN NaN NaN NaN NaN NaN NaN NaN NaN NaN 
NaN NaN NaN NaN NaN NaN NaN NaN NaN NaN NaN NaN NaN NaN NaN NaN NaN NaN NaN NaN NaN NaN NaN NaN NaN NaN NaN NaN NaN NaN NaN NaN NaN NaN NaN NaN NaN NaN NaN NaN 
NaN NaN NaN NaN NaN NaN NaN NaN NaN NaN NaN NaN NaN NaN NaN NaN NaN NaN NaN NaN NaN NaN NaN NaN NaN NaN NaN NaN NaN NaN NaN NaN NaN NaN NaN NaN NaN NaN NaN NaN 
NaN NaN NaN NaN NaN NaN NaN NaN NaN NaN NaN NaN NaN NaN NaN NaN NaN NaN NaN NaN NaN NaN NaN NaN NaN NaN NaN NaN NaN NaN NaN NaN NaN NaN NaN NaN NaN NaN NaN NaN 
NaN NaN NaN NaN NaN NaN NaN NaN NaN NaN NaN NaN NaN NaN NaN NaN NaN NaN NaN NaN NaN NaN NaN NaN NaN NaN NaN NaN NaN NaN NaN NaN NaN NaN NaN NaN NaN NaN NaN NaN 
NaN NaN NaN NaN NaN NaN NaN NaN NaN NaN NaN NaN NaN NaN NaN NaN NaN NaN NaN NaN NaN NaN NaN NaN NaN NaN NaN NaN NaN NaN NaN NaN NaN NaN NaN NaN NaN NaN NaN NaN 
NaN NaN NaN NaN NaN NaN NaN NaN NaN NaN NaN NaN NaN NaN NaN NaN NaN NaN NaN NaN NaN NaN NaN NaN NaN NaN NaN NaN NaN NaN NaN NaN NaN NaN NaN NaN NaN NaN NaN NaN 
NaN NaN NaN NaN NaN NaN NaN NaN NaN NaN NaN NaN NaN NaN NaN NaN NaN NaN NaN NaN NaN NaN NaN NaN NaN NaN NaN NaN NaN NaN NaN NaN NaN NaN NaN NaN NaN NaN NaN NaN 
NaN NaN NaN NaN NaN NaN NaN NaN NaN NaN NaN NaN NaN NaN NaN NaN NaN NaN NaN NaN NaN NaN NaN NaN NaN NaN NaN NaN NaN NaN NaN NaN NaN NaN NaN NaN NaN NaN NaN NaN 
NaN NaN NaN NaN NaN NaN NaN NaN NaN NaN NaN NaN NaN NaN NaN NaN NaN NaN NaN NaN NaN NaN NaN NaN NaN NaN NaN NaN NaN NaN NaN NaN NaN NaN NaN NaN NaN NaN NaN NaN 
NaN NaN NaN NaN NaN NaN NaN NaN NaN NaN NaN NaN NaN NaN NaN NaN NaN NaN NaN NaN NaN NaN NaN NaN NaN NaN NaN NaN NaN NaN NaN NaN NaN NaN NaN NaN NaN NaN NaN NaN 
NaN NaN NaN NaN NaN NaN NaN NaN NaN NaN NaN NaN NaN NaN NaN NaN NaN NaN NaN NaN NaN NaN NaN NaN NaN NaN NaN NaN NaN NaN NaN NaN NaN NaN NaN NaN NaN NaN NaN NaN 
NaN NaN NaN NaN NaN NaN NaN NaN NaN NaN NaN NaN NaN NaN NaN NaN NaN NaN NaN NaN NaN NaN NaN NaN NaN NaN NaN NaN NaN NaN NaN NaN NaN NaN NaN NaN NaN NaN NaN NaN 
NaN NaN NaN NaN NaN NaN NaN NaN NaN NaN NaN NaN NaN NaN NaN NaN NaN NaN NaN NaN NaN NaN NaN NaN NaN NaN NaN NaN NaN NaN NaN NaN NaN NaN NaN NaN NaN NaN NaN NaN 
NaN NaN NaN NaN NaN NaN NaN NaN NaN NaN NaN NaN NaN NaN NaN NaN NaN NaN NaN NaN NaN NaN NaN NaN NaN NaN NaN NaN NaN NaN NaN NaN NaN NaN NaN NaN NaN NaN NaN NaN 
NaN NaN NaN NaN NaN NaN NaN NaN NaN NaN NaN NaN NaN NaN NaN NaN NaN NaN NaN NaN NaN NaN NaN NaN NaN NaN NaN NaN NaN NaN NaN NaN NaN NaN NaN NaN NaN NaN NaN NaN 
NaN NaN NaN NaN NaN NaN NaN NaN NaN NaN NaN NaN NaN NaN NaN NaN NaN NaN NaN NaN NaN NaN NaN NaN NaN NaN NaN NaN NaN NaN NaN NaN NaN NaN NaN NaN NaN NaN NaN NaN 
NaN NaN NaN NaN NaN NaN NaN NaN NaN NaN NaN NaN NaN NaN NaN NaN NaN NaN NaN NaN NaN NaN NaN NaN NaN NaN NaN NaN NaN NaN NaN NaN NaN NaN NaN NaN NaN NaN NaN NaN 
NaN NaN NaN NaN NaN NaN NaN NaN NaN NaN NaN NaN NaN NaN NaN NaN NaN NaN NaN NaN NaN NaN NaN NaN NaN NaN NaN NaN NaN NaN NaN NaN NaN NaN NaN NaN NaN NaN NaN NaN 
NaN NaN NaN NaN NaN NaN NaN NaN NaN NaN NaN NaN NaN NaN NaN NaN NaN NaN NaN NaN NaN NaN NaN NaN NaN NaN NaN NaN NaN NaN NaN NaN NaN NaN NaN NaN NaN NaN NaN NaN 
NaN NaN NaN NaN NaN NaN NaN NaN NaN NaN NaN NaN NaN NaN NaN NaN NaN NaN NaN NaN NaN NaN NaN NaN NaN NaN NaN NaN NaN NaN NaN NaN NaN NaN NaN NaN NaN NaN NaN NaN 
NaN NaN NaN NaN NaN NaN NaN NaN NaN NaN NaN NaN NaN NaN NaN NaN NaN NaN NaN NaN NaN NaN NaN NaN NaN NaN NaN NaN NaN NaN NaN NaN NaN NaN NaN NaN NaN NaN NaN NaN 
NaN NaN NaN NaN NaN NaN NaN NaN NaN NaN NaN NaN NaN NaN NaN NaN NaN NaN NaN NaN NaN NaN NaN NaN NaN NaN NaN NaN NaN NaN NaN NaN NaN NaN NaN NaN NaN NaN NaN NaN 
NaN NaN NaN NaN NaN NaN NaN NaN NaN NaN NaN NaN NaN NaN NaN NaN NaN NaN NaN NaN NaN NaN NaN NaN NaN NaN NaN NaN NaN NaN NaN NaN NaN NaN NaN NaN NaN NaN NaN NaN 
NaN NaN NaN NaN NaN NaN NaN NaN NaN NaN NaN NaN NaN NaN NaN NaN NaN NaN NaN NaN NaN NaN NaN NaN NaN NaN NaN NaN NaN NaN NaN NaN NaN NaN NaN NaN NaN NaN NaN NaN 
NaN NaN NaN NaN NaN NaN NaN NaN NaN NaN NaN NaN NaN NaN NaN NaN NaN NaN NaN NaN NaN NaN NaN NaN NaN NaN NaN NaN NaN NaN NaN NaN NaN NaN NaN NaN NaN NaN NaN NaN 
NaN NaN NaN NaN NaN NaN NaN NaN NaN NaN NaN NaN NaN NaN NaN NaN NaN NaN NaN NaN NaN NaN NaN NaN NaN NaN NaN NaN NaN NaN NaN NaN NaN NaN NaN NaN NaN NaN NaN NaN 
NaN NaN NaN NaN NaN NaN NaN NaN NaN NaN NaN NaN NaN NaN NaN NaN NaN NaN NaN NaN NaN NaN NaN NaN NaN NaN NaN NaN NaN NaN NaN NaN NaN NaN NaN NaN NaN NaN NaN NaN 
NaN NaN NaN NaN NaN NaN NaN NaN NaN NaN NaN NaN NaN NaN NaN NaN NaN NaN NaN NaN NaN NaN NaN NaN NaN NaN NaN NaN NaN NaN NaN NaN NaN NaN NaN NaN NaN NaN NaN NaN 
NaN NaN NaN NaN NaN NaN NaN NaN NaN NaN NaN NaN NaN NaN NaN NaN NaN NaN NaN NaN NaN NaN NaN NaN NaN NaN NaN NaN NaN NaN NaN NaN NaN NaN NaN NaN NaN NaN NaN NaN 
NaN NaN NaN NaN NaN NaN NaN NaN NaN NaN NaN NaN NaN NaN NaN NaN NaN NaN NaN NaN NaN NaN NaN NaN NaN NaN NaN NaN NaN NaN NaN NaN NaN NaN NaN NaN NaN NaN NaN NaN 
NaN NaN NaN NaN NaN NaN NaN NaN NaN NaN NaN NaN NaN NaN NaN NaN NaN NaN NaN NaN NaN NaN NaN NaN NaN NaN NaN NaN NaN NaN NaN NaN NaN NaN NaN NaN NaN NaN NaN NaN 
NaN NaN NaN NaN NaN NaN NaN NaN NaN NaN NaN NaN NaN NaN NaN NaN NaN NaN NaN NaN NaN NaN NaN NaN NaN NaN NaN NaN NaN NaN NaN NaN NaN NaN NaN NaN NaN NaN NaN NaN 
NaN NaN NaN NaN NaN NaN NaN NaN NaN NaN NaN NaN NaN NaN NaN NaN NaN NaN NaN NaN NaN NaN NaN NaN NaN NaN NaN NaN NaN NaN NaN NaN NaN NaN NaN NaN NaN NaN NaN NaN 
NaN NaN NaN NaN NaN NaN NaN NaN NaN NaN NaN NaN NaN NaN NaN NaN NaN NaN NaN NaN NaN NaN NaN NaN NaN NaN NaN NaN NaN NaN NaN NaN NaN NaN NaN NaN NaN NaN NaN NaN 
NaN NaN NaN NaN NaN NaN NaN NaN NaN NaN NaN NaN NaN NaN NaN NaN NaN NaN NaN NaN NaN NaN NaN NaN NaN NaN NaN NaN NaN NaN NaN NaN NaN NaN NaN NaN NaN NaN NaN NaN 
NaN NaN NaN NaN NaN NaN NaN NaN NaN NaN NaN NaN NaN NaN NaN NaN NaN NaN NaN NaN NaN NaN NaN NaN NaN NaN NaN NaN NaN NaN NaN NaN NaN NaN NaN NaN NaN NaN NaN NaN 
NaN NaN NaN NaN NaN NaN NaN NaN NaN NaN NaN NaN NaN NaN NaN NaN NaN NaN NaN NaN NaN NaN NaN NaN NaN NaN NaN NaN NaN NaN NaN NaN NaN NaN NaN NaN NaN NaN NaN NaN 
NaN NaN NaN NaN NaN NaN NaN NaN NaN NaN NaN NaN NaN NaN NaN NaN NaN NaN NaN NaN NaN NaN NaN NaN NaN NaN NaN NaN NaN NaN NaN NaN NaN NaN NaN NaN NaN NaN NaN NaN 
NaN NaN NaN NaN NaN NaN NaN NaN NaN NaN NaN NaN NaN NaN NaN NaN NaN NaN NaN NaN NaN NaN NaN NaN NaN NaN NaN NaN NaN NaN NaN NaN NaN NaN NaN NaN NaN NaN NaN NaN 
NaN NaN NaN NaN NaN NaN NaN NaN NaN NaN NaN NaN NaN NaN NaN NaN NaN NaN NaN NaN NaN NaN NaN NaN NaN NaN NaN NaN NaN NaN NaN NaN NaN NaN NaN NaN NaN NaN NaN NaN 
NaN NaN NaN NaN NaN NaN NaN NaN NaN NaN NaN NaN NaN NaN NaN NaN NaN NaN NaN NaN NaN NaN NaN NaN NaN NaN NaN NaN NaN NaN NaN NaN NaN NaN NaN NaN NaN NaN NaN NaN 
NaN NaN NaN NaN NaN NaN NaN NaN NaN NaN NaN NaN NaN NaN NaN NaN NaN NaN NaN NaN NaN NaN NaN NaN NaN NaN NaN NaN NaN NaN NaN NaN NaN NaN NaN NaN NaN NaN NaN NaN 
NaN NaN NaN NaN NaN NaN NaN NaN NaN NaN NaN NaN NaN NaN NaN NaN NaN NaN NaN NaN NaN NaN NaN NaN NaN NaN NaN NaN NaN NaN NaN NaN NaN NaN NaN NaN NaN NaN NaN NaN 
NaN NaN NaN NaN NaN NaN NaN NaN NaN NaN NaN NaN NaN NaN NaN NaN NaN NaN NaN NaN NaN NaN NaN NaN NaN NaN NaN NaN NaN NaN NaN NaN NaN NaN NaN NaN NaN NaN NaN NaN 
NaN NaN NaN NaN NaN NaN NaN NaN NaN NaN NaN NaN NaN NaN NaN NaN NaN NaN NaN NaN NaN NaN NaN NaN NaN NaN NaN NaN NaN NaN NaN NaN NaN NaN NaN NaN NaN NaN NaN NaN 
NaN NaN NaN NaN NaN NaN NaN NaN NaN NaN NaN NaN NaN NaN NaN NaN NaN NaN NaN NaN NaN NaN NaN NaN NaN NaN NaN NaN NaN NaN NaN NaN NaN NaN NaN NaN NaN NaN NaN NaN 
NaN NaN NaN NaN NaN NaN NaN NaN NaN NaN NaN NaN NaN NaN NaN NaN NaN NaN NaN NaN NaN NaN NaN NaN NaN NaN NaN NaN NaN NaN NaN NaN NaN NaN NaN NaN NaN NaN NaN NaN 
NaN NaN NaN NaN NaN NaN NaN NaN NaN NaN NaN NaN NaN NaN NaN NaN NaN NaN NaN NaN NaN NaN NaN NaN NaN NaN NaN NaN NaN NaN NaN NaN NaN NaN NaN NaN NaN NaN NaN NaN 
NaN NaN NaN NaN NaN NaN NaN NaN NaN NaN NaN NaN NaN NaN NaN NaN NaN NaN NaN NaN NaN NaN NaN NaN NaN NaN NaN NaN NaN NaN NaN NaN NaN NaN NaN NaN NaN NaN NaN NaN 
NaN NaN NaN NaN NaN NaN NaN NaN NaN NaN NaN NaN NaN NaN NaN NaN NaN NaN NaN NaN NaN NaN NaN NaN NaN NaN NaN NaN NaN NaN NaN NaN NaN NaN NaN NaN NaN NaN NaN NaN 
NaN NaN NaN NaN NaN NaN NaN NaN NaN NaN NaN NaN NaN NaN NaN NaN NaN NaN NaN NaN NaN NaN NaN NaN NaN NaN NaN NaN NaN NaN NaN NaN NaN NaN NaN NaN NaN NaN NaN NaN 
NaN NaN NaN NaN NaN NaN NaN NaN NaN NaN NaN NaN NaN NaN NaN NaN NaN NaN NaN NaN NaN NaN NaN NaN NaN NaN NaN NaN NaN NaN NaN NaN NaN NaN NaN NaN NaN NaN NaN NaN 
NaN NaN NaN NaN NaN NaN NaN NaN NaN NaN NaN NaN NaN NaN NaN NaN NaN NaN NaN NaN NaN NaN NaN NaN NaN NaN NaN NaN NaN NaN NaN NaN NaN NaN NaN NaN NaN NaN NaN NaN 
NaN NaN NaN NaN NaN NaN NaN NaN NaN NaN NaN NaN NaN NaN NaN NaN NaN NaN NaN NaN NaN NaN NaN NaN NaN NaN NaN NaN NaN NaN NaN NaN NaN NaN NaN NaN NaN NaN NaN NaN 
NaN NaN NaN NaN NaN NaN NaN NaN NaN NaN NaN NaN NaN NaN NaN NaN NaN NaN NaN NaN NaN NaN NaN NaN NaN NaN NaN NaN NaN NaN NaN NaN NaN NaN NaN NaN NaN NaN NaN NaN 
NaN NaN NaN NaN NaN NaN NaN NaN NaN NaN NaN NaN NaN NaN NaN NaN NaN NaN NaN NaN NaN NaN NaN NaN NaN NaN NaN NaN NaN NaN NaN NaN NaN NaN NaN NaN NaN NaN NaN NaN 
NaN NaN NaN NaN NaN NaN NaN NaN NaN NaN NaN NaN NaN NaN NaN NaN NaN NaN NaN NaN NaN NaN NaN NaN NaN NaN NaN NaN NaN NaN NaN NaN NaN NaN NaN NaN NaN NaN NaN NaN 
NaN NaN NaN NaN NaN NaN NaN NaN NaN NaN NaN NaN NaN NaN NaN NaN NaN NaN NaN NaN NaN NaN NaN NaN NaN NaN NaN NaN NaN NaN NaN NaN NaN NaN NaN NaN NaN NaN NaN NaN 
NaN NaN NaN NaN NaN NaN NaN NaN NaN NaN NaN NaN NaN NaN NaN NaN NaN NaN NaN NaN NaN NaN NaN NaN NaN NaN NaN NaN NaN NaN NaN NaN NaN NaN NaN NaN NaN NaN NaN NaN 
NaN NaN NaN NaN NaN NaN NaN NaN NaN NaN NaN NaN NaN NaN NaN NaN NaN NaN NaN NaN NaN NaN NaN NaN NaN NaN NaN NaN NaN NaN NaN NaN NaN NaN NaN NaN NaN NaN NaN NaN 
NaN NaN NaN NaN NaN NaN NaN NaN NaN NaN NaN NaN NaN NaN NaN NaN NaN NaN NaN NaN NaN NaN NaN NaN NaN NaN NaN NaN NaN NaN NaN NaN NaN NaN NaN NaN NaN NaN NaN NaN 
NaN NaN NaN NaN NaN NaN NaN NaN NaN NaN NaN NaN NaN NaN NaN NaN NaN NaN NaN NaN NaN NaN NaN NaN NaN NaN NaN NaN NaN NaN NaN NaN NaN NaN NaN NaN NaN NaN NaN NaN 
NaN NaN NaN NaN NaN NaN NaN NaN NaN NaN NaN NaN NaN NaN NaN NaN NaN NaN NaN NaN NaN NaN NaN NaN NaN NaN NaN NaN NaN NaN NaN NaN NaN NaN NaN NaN NaN NaN NaN NaN 
NaN NaN NaN NaN NaN NaN NaN NaN NaN NaN NaN NaN NaN NaN NaN NaN NaN NaN NaN NaN NaN NaN NaN NaN NaN NaN NaN NaN NaN NaN NaN NaN NaN NaN NaN NaN NaN NaN NaN NaN 
NaN NaN NaN NaN NaN NaN NaN NaN NaN NaN NaN NaN NaN NaN NaN NaN NaN NaN NaN NaN NaN NaN NaN NaN NaN NaN NaN NaN NaN NaN NaN NaN NaN NaN NaN NaN NaN NaN NaN NaN 
NaN NaN NaN NaN NaN NaN NaN NaN NaN NaN NaN NaN NaN NaN NaN NaN NaN NaN NaN NaN NaN NaN NaN NaN NaN NaN NaN NaN NaN NaN NaN NaN NaN NaN NaN NaN NaN NaN NaN NaN 
NaN NaN NaN NaN NaN NaN NaN NaN NaN NaN NaN NaN NaN NaN NaN NaN NaN NaN NaN NaN NaN NaN NaN NaN NaN NaN NaN NaN NaN NaN NaN NaN NaN NaN NaN NaN NaN NaN NaN NaN 
NaN NaN NaN NaN NaN NaN NaN NaN NaN NaN NaN NaN NaN NaN NaN NaN NaN NaN NaN NaN NaN NaN NaN NaN NaN NaN NaN NaN NaN NaN NaN NaN NaN NaN NaN NaN NaN NaN NaN NaN 
NaN NaN NaN NaN NaN NaN NaN NaN NaN NaN NaN NaN NaN NaN NaN NaN NaN NaN NaN NaN NaN NaN NaN NaN NaN NaN NaN NaN NaN NaN NaN NaN NaN NaN NaN NaN NaN NaN NaN NaN 
NaN NaN NaN NaN NaN NaN NaN NaN NaN NaN NaN NaN NaN NaN NaN NaN NaN NaN NaN NaN NaN NaN NaN NaN NaN NaN NaN NaN NaN NaN NaN NaN NaN NaN NaN NaN NaN NaN NaN NaN 
NaN NaN NaN NaN NaN NaN NaN NaN NaN NaN NaN NaN NaN NaN NaN NaN NaN NaN NaN NaN NaN NaN NaN NaN NaN NaN NaN NaN NaN NaN NaN NaN NaN NaN NaN NaN NaN NaN NaN NaN 
NaN NaN NaN NaN NaN NaN NaN NaN NaN NaN NaN NaN NaN NaN NaN NaN NaN NaN NaN NaN NaN NaN NaN NaN NaN NaN NaN NaN NaN NaN NaN NaN NaN NaN NaN NaN NaN NaN NaN NaN 
NaN NaN NaN NaN NaN NaN NaN NaN NaN NaN NaN NaN NaN NaN NaN NaN NaN NaN NaN NaN NaN NaN NaN NaN NaN NaN NaN NaN NaN NaN NaN NaN NaN NaN NaN NaN NaN NaN NaN NaN 
NaN NaN NaN NaN NaN NaN NaN NaN NaN NaN NaN NaN NaN NaN NaN NaN NaN NaN NaN NaN NaN NaN NaN NaN NaN NaN NaN NaN NaN NaN NaN NaN NaN NaN NaN NaN NaN NaN NaN NaN 
NaN NaN NaN NaN NaN NaN NaN NaN NaN NaN NaN NaN NaN NaN NaN NaN NaN NaN NaN NaN NaN NaN NaN NaN NaN NaN NaN NaN NaN NaN NaN NaN NaN NaN NaN NaN NaN NaN NaN NaN 
NaN NaN NaN NaN NaN NaN NaN NaN NaN NaN NaN NaN NaN NaN NaN NaN NaN NaN NaN NaN NaN NaN NaN NaN NaN NaN NaN NaN NaN NaN NaN NaN NaN NaN NaN NaN NaN NaN NaN NaN 
NaN NaN NaN NaN NaN NaN NaN NaN NaN NaN NaN NaN NaN NaN NaN NaN NaN NaN NaN NaN NaN NaN NaN NaN NaN NaN NaN NaN NaN NaN NaN NaN NaN NaN NaN NaN NaN NaN NaN NaN 
NaN NaN NaN NaN NaN NaN NaN NaN NaN NaN NaN NaN NaN NaN NaN NaN NaN NaN NaN NaN NaN NaN NaN NaN NaN NaN NaN NaN NaN NaN NaN NaN NaN NaN NaN NaN NaN NaN NaN NaN 
NaN NaN NaN NaN NaN NaN NaN NaN NaN NaN NaN NaN NaN NaN NaN NaN NaN NaN NaN NaN NaN NaN NaN NaN NaN NaN NaN NaN NaN NaN NaN NaN NaN NaN NaN NaN NaN NaN NaN NaN 
NaN NaN NaN NaN NaN NaN NaN NaN NaN NaN NaN NaN NaN NaN NaN NaN NaN NaN NaN NaN NaN NaN NaN NaN NaN NaN NaN NaN NaN NaN NaN NaN NaN NaN NaN NaN NaN NaN NaN NaN 
NaN NaN NaN NaN NaN NaN NaN NaN NaN NaN NaN NaN NaN NaN NaN NaN NaN NaN NaN NaN NaN NaN NaN NaN NaN NaN NaN NaN NaN NaN NaN NaN NaN NaN NaN NaN NaN NaN NaN NaN 
NaN NaN NaN NaN NaN NaN NaN NaN NaN NaN NaN NaN NaN NaN NaN NaN NaN NaN NaN NaN NaN NaN NaN NaN NaN NaN NaN NaN NaN NaN NaN NaN NaN NaN NaN NaN NaN NaN NaN NaN 
NaN NaN NaN NaN NaN NaN NaN NaN NaN NaN NaN NaN NaN NaN NaN NaN NaN NaN NaN NaN NaN NaN NaN NaN NaN NaN NaN NaN NaN NaN NaN NaN NaN NaN NaN NaN NaN NaN NaN NaN 
NaN NaN NaN NaN NaN NaN NaN NaN NaN NaN NaN NaN NaN NaN NaN NaN NaN NaN NaN NaN NaN NaN NaN NaN NaN NaN NaN NaN NaN NaN NaN NaN NaN NaN NaN NaN NaN NaN NaN NaN 
NaN NaN NaN NaN NaN NaN NaN NaN NaN NaN NaN NaN NaN NaN NaN NaN NaN NaN NaN NaN NaN NaN NaN NaN NaN NaN NaN NaN NaN NaN NaN NaN NaN NaN NaN NaN NaN NaN NaN NaN 
NaN NaN NaN NaN NaN NaN NaN NaN NaN NaN NaN NaN NaN NaN NaN NaN NaN NaN NaN NaN NaN NaN NaN NaN NaN NaN NaN NaN NaN NaN NaN NaN NaN NaN NaN NaN NaN NaN NaN NaN 
-82.871029 -83.549349 -84.709783 -86.717085 -89.434128 -92.045278 -92.118249 -90.537325 -89.508366 -89.788463 -91.151184 -92.922314 -93.987622 -94.859126 -97.627430 -102.707606 -98.210258 -94.663592 -98.226746 -98.154546 -90.728876 -91.860425 -99.806376 -96.000579 -100.275080 -104.714932 -100.235146 -98.995142 -100.496289 -99.698349 -98.295835 -97.337770 -103.564372 -102.928552 -97.056180 -102.081204 -95.202966 -96.771803 -98.808251 -103.893233 
-62.521319 -69.791098 -73.641900 -73.328683 -74.785896 -78.569238 -76.745910 -79.706869 -75.840975 -72.971883 -73.554097 -74.645917 -81.328257 -77.885180 -74.149215 -79.448389 -74.324827 -73.214306 -77.289289 -79.393138 -74.061968 -71.636666 -75.449641 -77.602517 -84.112438 -81.610450 -77.217137 -76.139276 -76.752052 -78.609746 -79.502851 -79.799893 -81.628360 -81.820098 -79.423226 -84.411602 -77.266079 -78.946845 -76.850019 -80.800594 
-63.990678 -78.403948 -77.065841 -75.808752 -82.003136 -78.828470 -78.197277 -85.406317 -77.647774 -78.204053 -79.161883 -75.569999 -75.743683 -76.082221 -79.254509 -85.069727 -76.444713 -76.869895 -75.623294 -77.373214 -75.595983 -74.474807 -77.336920 -76.451034 -78.330245 -75.636571 -74.082015 -75.001382 -79.879023 -78.300346 -79.288012 -78.424700 -76.917019 -77.535396 -78.482177 -79.128306 -76.501332 -79.039143 -74.667185 -76.066588 
-64.006756 -76.209899 -74.381221 -78.042430 -79.577461 -76.157208 -75.772794 -71.813792 -73.423580 -72.837910 -77.595917 -78.081830 -75.824591 -76.372362 -76.104622 -76.003744 -78.736749 -78.660313 -74.912835 -74.779665 -75.225672 -74.401359 -79.131586 -80.523275 -80.882886 -78.706731 -76.050573 -78.569870 -75.013004 -75.970563 -76.988711 -78.964091 -78.642530 -76.256528 -78.995091 -74.804845 -74.989122 -76.109256 -74.242666 -77.407141 
-39.326444 -41.332242 -44.990517 -47.913099 -48.623528 -50.289100 -52.340697 -51.934326 -54.322934 -55.488597 -55.770237 -57.111079 -58.407713 -59.816153 -60.821305 -63.334965 -65.276649 -65.087193 -65.891686 -65.358110 -66.592348 -66.265353 -67.376915 -68.198219 -68.597181 -68.026998 -70.847328 -71.951302 -69.519738 -71.421862 -69.961125 -72.955352 -73.162782 -72.790278 -74.064136 -74.518568 -74.535062 -72.954485 -73.648342 -74.179206 
-23.944865 -31.645840 -41.283848 -40.884671 -42.477276 -44.294215 -44.948238 -47.594983 -48.550155 -48.640969 -50.522103 -50.631287 -52.468647 -52.973493 -55.402215 -58.005315 -58.745591 -59.432505 -60.136269 -60.067264 -60.354970 -61.048721 -62.104265 -60.771248 -62.714367 -61.951821 -63.803334 -65.418075 -64.514046 -66.849679 -66.015916 -69.232267 -68.494388 -68.704560 -69.779805 -70.184923 -70.469380 -69.951560 -70.986479 -70.434590 
-35.478755 -37.001375 -46.031572 -51.741217 -57.960313 -56.919505 -60.313674 -63.637876 -63.102216 -56.418605 -61.599166 -64.900138 -64.896529 -68.617433 -71.387208 -69.755168 -75.896204 -68.384895 -69.413505 -67.415618 -70.823721 -76.367754 -73.200288 -69.491572 -69.716037 -68.570483 -68.557301 -73.878875 -72.863872 -70.577296 -70.199604 -71.012561 -71.978972 -72.526418 -69.312906 -72.054863 -71.939036 -73.230970 -74.806112 -72.698718 
-28.124277 -34.930262 -44.785985 -51.862498 -56.113518 -57.994814 -64.122269 -61.461391 -68.068537 -66.258839 -69.692383 -69.722769 -71.564381 -70.696880 -74.767813 -71.155614 -68.931358 -69.454315 -70.876031 -71.503608 -67.113276 -71.708322 -70.823943 -69.512260 -69.873053 -72.827734 -70.653762 -68.825743 -68.037443 -68.807127 -73.696988 -69.924597 -71.451764 -70.985980 -74.697545 -73.209296 -72.962191 -73.620056 -71.579671 -72.653089 
-27.110439 -34.001198 -45.452345 -56.161316 -58.056079 -60.184342 -63.498241 -64.565495 -62.639020 -69.291136 -69.942914 -65.122794 -64.352533 -69.557841 -71.502592 -72.954459 -69.525776 -70.473864 -71.737601 -69.525786 -71.379464 -69.483496 -69.244251 -69.054789 -68.213709 -73.489779 -71.665667 -68.681676 -68.216814 -68.542031 -72.751050 -72.661230 -71.208387 -72.123068 -75.517970 -75.011349 -74.459048 -69.883364 -72.556498 -72.710604 
-33.504732 -32.414008 -40.122923 -46.654218 -54.138299 -52.612240 -53.251424 -53.544037 -54.531123 -63.369381 -54.971089 -55.033178 -52.724836 -53.742138 -54.404108 -59.212732 -58.914676 -53.419028 -52.497707 -53.177892 -51.386744 -52.362585 -52.173439 -52.658370 -46.166709 -45.754742 -44.552278 -51.381821 -52.191013 -49.525269 -53.729746 -53.188229 -51.919526 -50.950777 -55.786826 -62.260273 -69.607441 -70.210442 -59.968043 -60.832388 
-28.541898 -38.042780 -34.950857 -32.123123 -27.521052 -23.369568 -23.186503 -28.566719 -31.599513 -27.687599 -27.462667 -34.661265 -35.347654 -35.084845 -39.845936 -31.029917 -32.155794 -32.922041 -30.422866 -33.182785 -27.254442 -28.236126 -24.078794 -22.765955 -19.562262 -18.849756 -19.351485 -20.136098 -23.017647 -27.470079 -30.428511 -30.092446 -31.784266 -32.991601 -33.465251 -42.104331 -47.605128 -49.240654 -41.741658 -41.048154 
-29.754444 -40.323120 -45.303337 -33.358164 -24.981350 -18.418274 -18.567076 -22.271104 -26.334363 -27.702080 -24.062823 -25.312357 -27.243911 -32.384190 -38.047967 -26.556374 -27.763354 -32.234936 -27.310544 -28.267366 -25.909968 -25.942774 -23.646474 -22.653589 -18.472101 -18.372986 -16.064446 -18.046295 -22.521932 -25.526608 -27.344512 -25.042989 -27.031568 -28.431769 -31.476141 -37.362519 -39.265977 -41.918020 -38.492047 -35.950984 
-32.827057 -33.617558 -34.677698 -31.999599 -28.938217 -27.416875 -25.810287 -27.961493 -23.448751 -30.088041 -35.603424 -33.246922 -39.184525 -34.277714 -32.942349 -33.559711 -32.817070 -38.240509 -34.670929 -36.639888 -32.107761 -33.720536 -36.606063 -27.968037 -25.327593 -21.739511 -16.970624 -19.459426 -26.345447 -30.471531 -32.341018 -26.669344 -23.153981 -25.970679 -29.482117 -32.690177 -36.287749 -36.261867 -34.931905 -31.886369 
-25.035072 -21.109210 -19.691960 -21.789743 -21.535570 -17.994568 -18.724007 -13.850731 -17.007767 -19.183372 -32.119953 -31.725392 -34.347625 -28.884168 -25.956798 -29.161621 -28.796387 -32.611749 -28.064181 -30.808005 -28.954989 -31.273689 -28.853657 -21.945909 -18.436026 -16.141076 -12.854922 -16.526705 -25.252251 -25.634929 -27.485880 -20.295202 -19.711511 -21.077895 -26.501982 -33.981082 -36.446576 -35.884302 -34.528417 -30.338215 
-26.392168 -24.507199 -29.037522 -25.753613 -21.395637 -19.944219 -19.804340 -11.924923 -11.125458 -18.932216 -23.428248 -25.118172 -26.934964 -29.482505 -31.960587 -32.300307 -32.207669 -30.015557 -31.494906 -34.154652 -31.621894 -28.693831 -21.281291 -20.956296 -18.128827 -17.812959 -15.114664 -17.753528 -19.165463 -17.939612 -20.690523 -19.771920 -22.232197 -28.669131 -26.715128 -30.479209 -36.043019 -35.449075 -37.245414 -34.214674 
-14.774482 -16.186718 -14.786573 -18.545046 -19.914763 -18.078177 -12.564901 -11.859638 -12.071135 -19.006828 -21.872918 -24.152842 -22.415457 -26.555164 -25.248481 -28.138062 -30.955923 -30.938707 -26.807045 -29.417817 -25.286475 -24.799039 -19.703399 -19.978534 -16.007378 -14.420211 -10.237860 -14.909175 -21.854783 -20.828434 -20.739964 -23.340652 -18.334154 -25.225628 -31.668793 -32.664597 -37.312282 -38.720457 -40.776756 -36.333358 
-16.143614 -22.080507 -19.988826 -13.638906 -17.408244 -26.212438 -16.148783 -17.904202 -18.899021 -19.962769 -20.154974 -19.545865 -22.607056 -28.543366 -31.135086 -26.853032 -32.796490 -29.636436 -28.404738 -29.190268 -25.779269 -25.879936 -16.521413 -13.252220 -16.899146 -14.033960 -14.569973 -20.124273 -20.451162 -21.933885 -26.650102 -24.309996 -22.906989 -25.589950 -32.941896 -38.287131 -40.316505 -40.441283 -39.919573 -34.173392 
-12.510445 -17.366546 -12.784478 1.965047 7.070080 2.400077 -4.306678 -2.895143 -3.241855 -6.571830 -7.380036 -10.001531 -8.687197 -11.380620 -16.470117 -19.352457 -19.352948 -24.019128 -23.560018 -25.019312 -22.729965 -23.008410 -16.102368 -13.202043 -14.960432 -15.816135 -19.094521 -20.003265 -15.542207 -19.361570 -26.245322 -26.776262 -27.622933 -34.212783 -35.489039 -41.018241 -37.967408 -36.120150 -36.469060 -34.693417 
-10.215318 -14.097542 -10.389504 5.159953 15.079185 9.538360 -1.755590 -0.807833 11.771931 8.860356 1.675564 9.843399 7.023956 -4.196720 -6.295253 -9.880728 -9.151158 -13.130989 -10.471434 -12.980589 -7.459984 -8.783238 -6.975244 -6.078568 -6.978721 -10.580062 -11.612764 -10.553813 -8.439975 -11.932581 -18.727440 -20.068779 -27.487301 -37.659612 -39.210622 -37.443856 -34.118056 -35.331298 -39.087376 -38.445003 
-11.498950 -18.975263 -22.831397 3.191180 14.491338 6.128813 -12.693922 -0.476641 15.528228 5.315847 -1.463277 15.963644 9.653196 -8.252488 -0.572604 -10.327706 -3.873317 -10.180953 -4.799078 -6.502213 1.798110 -0.876399 -1.856385 0.066398 -1.534440 -3.803908 -7.054806 -10.875380 -12.446098 -12.176615 -20.490546 -19.541424 -25.139386 -35.915901 -36.050612 -31.820671 -26.618118 -28.376801 -37.248911 -38.787305 
-21.640427 -20.005544 -19.947041 -1.789956 12.752118 7.631067 -10.959676 -4.707029 15.839740 9.560438 -9.870665 15.865338 16.442882 -5.341378 3.082761 -4.693008 -5.057485 -5.264627 -3.172625 -2.556959 4.229766 -0.904113 -1.265890 -1.286235 -1.027169 -2.288901 -7.030840 -9.994485 -11.754313 -11.928478 -16.903121 -20.779396 -33.574177 -47.047372 -43.566072 -32.551224 -25.355411 -29.019925 -41.365155 -49.210208 
-21.419246 -34.306769 -31.723270 -7.480115 10.671647 8.223554 -12.131721 -14.188925 13.163559 12.368110 -9.435453 13.878087 21.228499 0.030072 2.317101 0.794455 -7.419394 0.207287 -3.722954 4.480931 2.549536 1.362305 -0.290486 -2.678843 -1.866928 -5.174719 -9.607814 -11.672980 -11.689336 -12.160681 -16.122295 -22.181275 -37.463391 -43.165264 -42.364509 -36.226474 -29.388044 -34.114337 -40.516640 -44.080279 
-20.757408 -21.006649 -20.558761 -10.059429 8.771528 8.193830 -11.857196 -15.293060 10.813005 13.626119 -7.404044 11.185198 23.759732 9.037562 0.452947 3.575526 -9.202669 6.295846 -1.124962 10.088493 -2.729547 1.265059 -2.530888 -2.471972 0.115484 -6.224706 -10.188583 -12.724265 -13.108168 -11.898666 -21.365636 -23.944150 -43.532353 -48.782582 -44.900373 -37.141139 -30.103744 -33.768402 -42.813320 -47.515096 
-21.135647 -20.407823 -18.985505 -9.968872 6.966228 7.930133 -9.028738 -15.774436 7.051685 13.037462 -4.893889 5.686210 23.732540 11.584897 -2.315078 4.545829 -8.031580 8.621833 -1.371397 10.799090 -1.044971 -0.532854 -6.406447 -2.816482 -2.544656 -7.693017 -8.323834 -10.304586 -11.564474 -10.889667 -21.535178 -25.958353 -40.872179 -43.873410 -37.991896 -33.101211 -28.898695 -34.131820 -40.521539 -42.985967 
-23.290595 -25.213263 -26.367260 -11.835836 6.481861 7.000180 -10.573939 -15.025886 5.505929 11.852125 -6.889687 4.078187 23.006328 11.385647 -0.399778 6.404803 -8.274178 11.384204 1.413083 10.288580 -0.160228 -0.173790 -5.194291 -2.414991 -2.044570 -8.266961 -9.986792 -9.946697 -11.341978 -10.871031 -15.703484 -24.097508 -28.306526 -28.824778 -28.910487 -28.338772 -26.904630 -29.310276 -30.262626 -30.551105 
-29.117198 -32.450498 -28.773476 -12.761082 6.474517 6.028524 -13.735452 -20.768270 6.899265 10.050747 -10.926737 9.139469 21.852539 7.388259 7.286588 9.558987 1.468432 14.001522 1.282385 11.127501 -1.867570 -0.966984 -3.771863 -2.988022 0.761821 -3.280660 -8.858005 -10.335779 -8.727002 -9.287023 -15.614281 -27.186017 -53.234000 -56.188679 -44.491753 -34.794510 -31.330309 -34.012908 -41.379674 -48.634905 
-21.020581 -30.616721 -37.536916 -10.392197 6.556129 3.871497 -15.395349 -16.309708 8.132438 5.510567 -14.996308 12.138663 18.105567 0.201197 14.686826 10.656240 9.914255 14.550214 4.227929 8.860368 -3.871272 -5.871802 -2.771473 -3.626248 -2.144233 -2.401455 -7.991418 -8.075270 -7.028565 -8.116997 -14.950423 -26.466178 -40.532578 -41.164054 -40.735090 -34.697739 -30.535077 -36.403813 -39.275717 -41.603480 
-25.904038 -29.498487 -33.274046 -7.706356 6.458929 0.139677 -19.828680 -10.439857 8.332856 1.187352 -8.579275 12.914552 11.306651 3.246585 18.217030 7.445429 15.569754 11.247134 8.023664 1.704034 -3.110486 -8.537856 -5.364619 -8.613948 -4.705418 -3.324802 -7.212408 -8.395242 -7.195032 -10.882581 -17.358162 -33.042832 -59.970498 -56.419981 -63.210275 -39.581631 -33.638738 -37.641896 -40.517454 -44.550589 
-32.993243 -40.357549 -29.426782 -4.339567 6.290704 -2.574989 -18.959377 -3.293331 6.947831 -6.009464 -0.998428 12.566395 2.190691 13.324319 17.525035 7.894414 16.392639 5.278614 8.690653 -2.466646 -3.445301 -9.370923 -12.584450 -13.455844 -5.580733 -2.037298 -6.381514 -8.115410 -7.953897 -12.311523 -18.752306 -33.679521 -42.949805 -42.944035 -44.384218 -41.449627 -37.978566 -39.200477 -40.390115 -38.742332 
-21.874673 -23.835911 -18.149109 1.819061 4.994643 -7.988258 -11.233434 3.338032 1.804594 -6.069867 7.455104 7.835219 8.193589 18.385364 12.378362 14.385467 13.544379 11.975037 3.622560 -3.513797 -8.673521 -14.116235 -16.106886 -12.427962 -13.674766 -5.607921 -6.560836 -8.712805 -8.278083 -12.828785 -26.803665 -34.875161 -40.944643 -41.451411 -43.959431 -42.038051 -39.277030 -37.382047 -40.047705 -37.521819 
-24.024355 -24.858884 -9.424710 4.753519 2.446238 -12.876416 -1.793758 3.799347 -7.584471 2.476173 5.883995 5.980086 14.964915 12.874387 12.082276 10.974617 15.879208 10.478522 -4.488716 -8.966365 -10.950485 -14.897483 -17.820068 -17.810011 -13.652766 -8.271120 -6.641187 -11.765052 -9.504468 -13.173380 -27.637729 -38.834807 -33.735323 -40.103891 -64.709556 -47.657108 -39.434072 -38.208289 -42.542970 -39.583255 
-34.900332 -21.880084 -0.989989 6.234416 -4.258013 -7.837930 1.121846 -5.255909 -4.009926 3.090918 3.309302 12.461027 9.600355 12.989498 10.862233 14.508318 11.803058 5.940393 -6.561712 -13.401007 -19.155411 -16.214801 -18.020446 -18.500612 -17.011856 -11.932186 -9.671064 -11.429831 -8.260051 -12.614089 -27.928530 -38.318414 -33.498261 -41.804915 -47.104126 -45.897319 -43.173819 -40.064122 -43.978198 -41.865855 
-34.125778 -13.623563 3.243453 5.827913 -5.933172 -0.819723 0.810789 -9.317071 1.009057 -4.146935 9.591048 9.109681 12.476273 9.741290 10.749418 11.971665 11.698084 -0.378115 -9.960639 -12.856892 -19.097733 -19.497152 -21.078211 -25.042105 -17.644183 -13.212032 -7.406063 -9.661337 -6.869791 -12.405950 -23.933199 -34.363174 -32.884082 -39.486586 -40.478501 -40.347004 -36.863936 -39.096842 -40.101586 -39.164026 
-27.997497 -7.256032 4.636099 1.486961 -3.571704 3.102157 -2.682103 -1.841691 -3.369224 5.154396 5.859696 12.863157 10.497219 9.463402 13.486216 13.927063 9.240875 -1.520277 -9.765978 -15.320775 -18.605158 -21.023676 -23.301614 -27.738806 -17.756548 -13.078087 -8.694959 -11.012006 -8.636941 -12.936494 -23.560310 -32.905927 -39.228217 -42.057496 -56.021277 -53.583132 -41.319422 -45.651000 -43.823892 -43.814612 
-20.998343 -2.774233 4.573736 -2.430952 0.816376 1.521846 -5.908738 -2.764509 -0.175009 5.637455 10.924929 13.079272 6.858667 7.900358 12.623655 13.044060 7.055583 -4.799949 -17.380441 -20.366469 -20.032018 -22.441895 -21.960906 -25.079535 -18.346868 -10.007925 -7.374062 -9.064888 -6.356650 -11.270758 -20.450880 -30.488357 -40.572993 -44.010054 -56.088602 -55.140813 -44.878647 -47.587560 -40.601145 -44.360762 
-14.862381 0.427913 3.811512 -2.523661 1.383524 -3.061118 -2.330847 -5.793013 -1.564496 7.131987 9.067179 11.395500 6.251498 6.670986 8.618218 6.656802 -6.450485 -13.520787 -17.385666 -20.701535 -21.569817 -24.854653 -26.508832 -25.445378 -17.681593 -9.358876 -6.608563 -10.282348 -7.518844 -13.210906 -21.752066 -31.314136 -38.050750 -37.957700 -39.784790 -40.256256 -39.586371 -40.176596 -38.867989 -40.331546 
-13.351853 1.625757 1.504237 -2.125716 -2.813159 -4.716917 -3.985669 -4.169105 0.252824 7.691912 8.112815 6.709358 1.123850 3.470648 5.522453 0.753600 -6.768732 -17.545923 -24.368357 -23.853135 -25.789840 -25.631342 -25.929763 -26.949860 -20.739276 -11.089616 -6.792375 -8.452974 -7.787957 -17.600626 -22.088205 -32.866416 -43.188825 -43.122463 -44.969672 -45.219845 -43.777565 -41.325381 -38.884392 -43.727029 
-12.918255 0.849166 -0.482658 -1.068043 -3.992889 -3.322200 -5.200804 -4.619563 0.082616 4.608080 6.205641 3.353286 1.347203 1.154685 4.777227 -0.196623 -14.894233 -17.005198 -23.793781 -24.113933 -26.858436 -27.096250 -26.238991 -26.993013 -24.849617 -12.502874 -10.002795 -8.650303 -10.598120 -22.055295 -32.988451 -37.104890 -39.077862 -45.803835 -63.534796 -66.220446 -56.333258 -41.925892 -43.525782 -50.013120 
-7.974302 0.770727 -2.625643 -0.436138 -3.882567 -4.763190 -5.521266 -6.384525 -4.759884 3.367488 3.682297 0.198885 -3.839389 -2.977544 2.811221 2.212397 -12.203595 -18.994214 -22.670631 -25.204434 -28.614334 -28.957473 -31.570720 -34.921600 -26.429099 -16.776723 -15.730079 -15.423339 -14.587536 -24.424744 -38.890161 -38.421584 -37.361219 -47.242516 -61.083183 -65.382584 -61.223958 -48.237624 -49.717236 -51.484595 
-8.193049 -0.287593 -1.053889 1.737852 -5.284120 -5.840769 -7.405418 -7.869499 -2.768727 1.641697 3.135283 -4.573391 -8.257043 -3.568196 -1.192120 -1.834091 -12.103012 -21.731707 -24.053905 -27.602839 -30.311591 -31.916737 -34.088175 -29.967568 -24.158177 -15.669009 -24.824459 -24.273072 -22.136893 -32.041396 -48.664870 -39.058159 -37.025930 -43.955900 -63.107116 -70.160996 -64.914101 -46.151644 -50.336824 -48.601062 
-11.365178 -1.286889 -0.349663 2.028031 -4.300033 -7.227372 -6.628660 -8.191320 -6.037450 -1.592523 0.150398 -13.625786 -10.883505 -11.606498 -7.288563 -6.223648 -8.897099 -19.481033 -28.544284 -34.264273 -34.398707 -37.180208 -37.703150 -31.479256 -27.863189 -21.866365 -28.083611 -29.583366 -27.714164 -34.654079 -45.897011 -39.702644 -42.615469 -48.424294 -57.046125 -57.529040 -57.050064 -51.948639 -54.570459 -46.971870 
-7.708234 -0.489218 -0.431150 0.394365 -8.041214 -12.388516 -7.471356 -8.930515 -6.303324 -7.018356 -6.536882 -19.913236 -16.079199 -22.595355 -23.356182 -17.497870 -15.490948 -22.732377 -33.665953 -34.716627 -37.200822 -38.876509 -38.371792 -37.757737 -27.217567 -27.109682 -31.743833 -27.869925 -26.418596 -39.553792 -46.391017 -41.241971 -47.010192 -50.609521 -63.012546 -60.906221 -61.509130 -53.112876 -59.643969 -50.136200 
-7.523605 -1.507948 -1.446186 -2.491857 -13.051121 -10.598666 -9.099271 -12.981645 -14.258258 -16.383905 -17.179892 -20.311636 -23.864287 -28.662679 -26.440853 -23.684200 -22.096157 -22.644573 -34.355327 -37.700446 -44.219162 -41.828016 -43.376380 -35.333599 -31.659052 -35.371997 -39.732257 -35.013123 -32.114268 -42.511764 -51.891355 -51.641273 -52.651635 -57.028034 -60.503638 -58.914388 -60.696071 -55.422069 -58.132534 -56.605303 
-10.013801 -5.705922 -6.452971 -10.432085 -17.730609 -14.839747 -19.997665 -14.451876 -20.970386 -20.255784 -26.752333 -29.156858 -29.902439 -34.821009 -42.455511 -36.075323 -29.098971 -31.076500 -43.751901 -43.996427 -46.714402 -46.885180 -50.847346 -45.387470 -39.953262 -45.996327 -45.568964 -43.479658 -45.953510 -51.028389 -55.643464 -59.001959 -60.742541 -60.424829 -61.788278 -62.605284 -63.532593 -60.520633 -60.181726 -61.313989 
-12.975978 -8.343444 -13.259443 -12.100691 -17.282731 -24.187586 -23.878009 -25.413124 -26.343421 -30.894246 -35.658083 -36.858929 -40.842473 -45.603644 -41.642663 -38.117202 -36.559377 -42.073411 -50.902582 -54.104188 -53.585544 -54.104709 -53.052059 -54.862533 -48.790730 -52.139620 -55.577853 -49.043902 -53.759435 -59.892012 -60.218442 -64.765689 -64.609725 -68.111918 -70.633532 -72.535922 -73.115924 -62.000269 -62.791210 -67.909852 
-15.494664 -10.758000 -18.244587 -22.908441 -39.043483 -32.659526 -33.865482 -36.894913 -33.400452 -33.303443 -41.521615 -46.780917 -46.496077 -46.870131 -51.009365 -44.708622 -43.416748 -46.045390 -54.907472 -57.898444 -57.678138 -57.981733 -58.714371 -55.228286 -50.922353 -48.380918 -48.943711 -52.274049 -55.558863 -57.433475 -61.147920 -65.529306 -68.379669 -64.583696 -65.358224 -66.551385 -62.958663 -63.698836 -65.402413 -69.270628 
-18.206847 -16.912922 -24.109669 -28.920035 -32.372970 -36.988712 -42.731329 -40.857973 -42.750764 -37.264036 -39.065918 -42.458173 -43.134524 -34.965266 -38.582354 -35.121104 -35.008534 -35.992432 -39.075819 -38.506980 -40.643679 -41.334641 -36.508607 -37.327859 -30.257379 -27.966991 -28.664518 -33.791569 -36.375345 -40.970705 -45.124035 -48.647873 -54.319704 -58.001786 -54.111049 -51.328378 -54.580796 -57.047577 -56.137434 -51.319402 
-28.885361 -33.510059 -33.144175 -30.849524 -32.904855 -32.131773 -38.969561 -36.471239 -36.988088 -43.003723 -39.743164 -40.305287 -36.520740 -31.813442 -32.978630 -29.606236 -30.840614 -30.012700 -31.397001 -32.376815 -31.760521 -34.080278 -28.351997 -26.535877 -24.231835 -20.719930 -21.180176 -24.576155 -28.661253 -35.705939 -38.565946 -41.430740 -44.265180 -46.727548 -46.115893 -44.257909 -47.783884 -48.187487 -47.234669 -43.221244 
-22.097354 -43.381492 -47.448471 -40.129518 -38.588782 -35.026127 -34.813219 -40.341914 -41.596873 -41.523790 -44.396925 -39.455610 -42.355420 -39.438417 -42.477270 -39.613902 -39.864850 -37.887152 -36.740285 -36.691184 -38.277007 -31.182434 -29.188754 -21.766244 -18.865509 -17.780623 -17.294848 -20.758911 -25.556794 -30.473095 -33.331405 -35.033964 -39.873391 -42.741658 -44.739482 -43.024088 -41.439601 -40.788923 -43.409176 -43.900513 
-23.330267 -30.879204 -38.285221 -46.594432 -45.460224 -39.130972 -42.806459 -43.652515 -47.311155 -45.702894 -47.294844 -46.035090 -45.809455 -43.174269 -43.909548 -46.443084 -41.782702 -43.167420 -41.990791 -39.828531 -32.996375 -27.868175 -24.366108 -14.967081 -14.642092 -17.583721 -17.237934 -19.047411 -25.480824 -29.723603 -29.961730 -36.171157 -39.637695 -40.567441 -44.674078 -38.450750 -38.454843 -38.534383 -38.073636 -38.194860 
-33.552128 -36.548424 -44.670163 -49.665390 -48.649090 -51.835834 -45.989124 -49.231140 -55.022651 -51.235054 -48.831383 -51.778095 -50.815882 -45.163683 -47.236609 -41.348066 -40.831024 -39.775771 -38.545863 -28.319410 -24.058182 -25.036917 -20.398145 -11.596048 -13.400549 -14.043056 -15.510269 -16.948992 -17.294185 -19.464289 -24.434049 -29.846108 -32.885088 -38.853159 -36.362815 -32.374168 -32.865374 -32.681367 -35.446344 -35.460968 
-27.715859 -44.498437 -42.145013 -51.832984 -45.490265 -38.447233 -35.642017 -40.869900 -50.289989 -48.472602 -50.787852 -48.467898 -41.636028 -39.023591 -37.157044 -39.469471 -38.330880 -36.929201 -31.151145 -26.185332 -22.091161 -24.437370 -18.519390 -10.042552 -5.997403 -10.878879 -15.049361 -18.925082 -19.420429 -20.490437 -23.999516 -24.568511 -29.043475 -33.186960 -33.894070 -29.727057 -28.210227 -31.164407 -31.167373 -34.214726 
-29.034899 -35.609418 -39.651967 -41.301037 -44.393397 -45.260647 -39.120461 -40.246364 -45.986583 -45.133083 -46.064551 -46.678186 -41.684626 -39.041865 -36.635340 -43.341029 -41.971246 -36.795026 -31.908684 -24.435706 -17.996399 -24.588164 -12.511640 -8.088697 -4.824043 -6.513784 -9.741999 -14.326901 -18.809469 -20.310554 -24.335095 -23.125906 -27.501656 -32.147548 -31.427571 -28.836058 -29.309111 -27.532403 -29.015613 -32.539520 
-25.351752 -36.048032 -40.867221 -43.261507 -40.568342 -38.993565 -36.031101 -35.632298 -48.916767 -43.034681 -41.452150 -43.329354 -37.246731 -39.294962 -35.630588 -35.440350 -38.870406 -33.370419 -29.751055 -29.034985 -20.756772 -22.796560 -13.927314 -6.648461 -5.530313 -8.556237 -6.677349 -13.033219 -16.557928 -19.089145 -22.594455 -24.548414 -29.636548 -31.145871 -32.034995 -29.586690 -30.860990 -28.921916 -30.514618 -32.808416 
-26.287333 -38.926343 -39.362615 -38.039713 -42.691387 -35.968466 -33.806778 -37.361563 -42.755361 -48.187756 -49.515997 -41.612639 -41.874559 -42.490264 -36.432890 -36.520581 -38.791435 -31.072180 -24.770427 -19.307623 -19.992537 -20.351089 -13.435088 -5.714325 -7.589883 -10.901726 -11.242887 -12.093253 -17.045385 -19.195995 -22.948699 -26.795129 -32.793996 -33.463937 -32.141467 -30.109841 -30.459655 -30.280673 -30.702855 -33.204487 
-26.138150 -39.909160 -42.964159 -45.258910 -49.129152 -42.396161 -37.336577 -44.214828 -44.893255 -48.696843 -44.607831 -40.067860 -43.693981 -46.353347 -36.462019 -35.417695 -42.464296 -36.667707 -29.179695 -23.280133 -19.492530 -22.826170 -12.858248 -7.344106 -8.526043 -11.685914 -14.933420 -16.086348 -16.877295 -21.618189 -26.126907 -27.774119 -31.466130 -36.877477 -35.847803 -32.132107 -34.633866 -34.125878 -33.495615 -34.837319 
-24.846937 -38.446711 -45.477762 -54.041417 -41.601128 -35.675446 -38.349674 -39.561132 -37.845950 -39.107850 -39.271833 -37.948578 -42.624896 -43.451605 -39.793194 -36.614808 -39.249489 -34.008833 -33.225323 -25.302522 -19.228176 -26.116132 -14.198856 -6.422654 -8.652254 -14.689961 -15.932091 -18.775809 -20.439508 -22.533528 -26.373449 -28.843991 -34.531577 -36.537694 -35.888664 -35.272950 -34.031449 -30.899320 -32.078791 -36.747097 
-32.589909 -40.093100 -41.839984 -39.246473 -41.305520 -40.000679 -38.218154 -36.295866 -40.936264 -41.051854 -43.707456 -37.556036 -42.024296 -37.675962 -35.658483 -34.149234 -34.254772 -31.790402 -34.487254 -21.393482 -20.925939 -27.775448 -15.713278 -8.330070 -14.976650 -19.773716 -17.885537 -22.661049 -23.222902 -28.071948 -29.172320 -32.115352 -40.763465 -37.929957 -37.243093 -36.829649 -36.626013 -32.985244 -35.069426 -35.898729 
-30.367802 -38.797860 -38.717413 -42.298069 -41.252423 -41.331226 -35.868826 -39.722650 -44.668221 -44.710821 -45.726812 -41.608204 -37.550830 -43.066304 -45.601101 -40.182874 -38.045086 -37.620931 -33.345931 -29.237603 -26.707300 -34.238218 -21.539573 -8.310454 -14.707815 -18.802132 -24.191979 -25.231320 -24.794472 -26.644596 -32.337690 -33.694442 -46.375692 -44.616526 -39.243891 -37.737724 -38.744713 -37.652294 -38.951349 -39.111940 
-27.098604 -35.908393 -37.890957 -40.653067 -37.387688 -35.378882 -35.534362 -42.847280 -42.770368 -48.365352 -54.338371 -46.694758 -43.362687 -44.133615 -49.809645 -41.913364 -39.782890 -38.310377 -34.165590 -29.766907 -25.292680 -33.066993 -23.528538 -13.693114 -19.188537 -24.686088 -27.653140 -30.049757 -28.594494 -31.887472 -33.636621 -38.245961 -47.183576 -46.361556 -43.037407 -40.996683 -41.051979 -40.052295 -41.467586 -41.512653 
-25.331339 -35.316083 -39.559985 -35.966400 -39.445695 -39.227913 -41.687728 -39.809483 -46.981099 -49.411253 -53.054709 -49.482792 -50.030466 -53.050767 -49.065099 -49.332756 -43.571052 -39.948412 -36.785177 -29.274573 -29.065114 -40.506580 -29.689686 -21.048199 -22.589151 -30.996385 -33.324984 -31.521087 -35.706622 -37.172236 -41.403589 -44.394249 -49.768350 -50.377959 -48.984273 -46.721241 -47.262098 -45.366590 -47.046480 -44.962695 
-24.704129 -47.743766 -38.139497 -36.641329 -42.353766 -46.528737 -49.534726 -43.339305 -55.225730 -50.819245 -49.222019 -45.233903 -46.835971 -52.965699 -50.788550 -56.282183 -50.051133 -47.400291 -44.488803 -42.043027 -31.735651 -37.445628 -40.208972 -31.140860 -33.435980 -39.583240 -38.692969 -39.900937 -40.392965 -43.967593 -44.842748 -47.224509 -49.444104 -54.760478 -54.758221 -56.271808 -55.442273 -53.184123 -53.613665 -50.425695 
-27.296714 -46.140586 -45.153600 -52.842658 -56.697660 -55.524127 -49.509447 -46.637631 -54.841113 -49.549557 -52.217365 -48.687311 -54.893698 -63.923242 -62.222034 -61.381506 -56.498922 -56.993677 -48.365252 -41.583891 -39.626051 -44.888845 -47.187353 -39.557157 -41.365694 -49.426936 -45.947807 -49.260632 -52.863434 -51.322893 -51.932006 -55.727687 -55.864719 -61.965718 -61.014123 -60.217111 -62.125643 -59.450581 -57.522740 -57.592344 
-25.708430 -40.964517 -55.777187 -50.415851 -50.605140 -52.460818 -50.897572 -54.705297 -60.314609 -57.086488 -57.885881 -63.192193 -58.997902 -59.854342 -60.307040 -60.413040 -59.099109 -57.727700 -56.293641 -47.980632 -48.823224 -58.231578 -54.689828 -49.186933 -52.346144 -62.451579 -56.772157 -55.911571 -59.372193 -60.202766 -66.014614 -67.205075 -67.835098 -70.836805 -70.733768 -67.460771 -71.633856 -67.428791 -66.601349 -68.786646 
-27.716098 -47.013434 -50.913472 -51.371181 -54.004082 -61.860639 -59.930573 -54.771614 -56.049975 -58.704281 -59.855641 -61.490589 -63.078888 -63.877040 -62.597488 -63.216131 -65.235807 -63.282313 -59.815283 -53.551722 -55.640837 -61.730011 -56.011772 -54.344598 -55.433775 -59.045754 -61.831723 -60.890016 -66.642911 -64.389821 -67.894468 -69.352800 -72.378590 -69.845581 -70.647502 -69.125488 -72.368902 -71.265634 -68.955242 -73.626028 
-28.883541 -40.601158 -45.896093 -50.770872 -56.765135 -57.068742 -53.147272 -49.995481 -57.796485 -67.224178 -66.908430 -67.250971 -65.136563 -64.994241 -68.830535 -64.557143 -69.074457 -64.610794 -61.152803 -57.446168 -59.697875 -62.336908 -59.784552 -58.558791 -63.687331 -67.217459 -66.392665 -67.475138 -71.270064 -69.661623 -66.940668 -69.750200 -72.801205 -69.281991 -72.072113 -70.423866 -69.590381 -69.948856 -72.558206 -73.360518 
-34.075548 -45.607169 -58.670668 -61.160109 -55.501430 -53.647586 -56.320492 -54.408137 -56.293612 -61.687084 -62.888191 -62.430416 -61.920986 -63.917102 -70.697931 -63.919396 -63.015372 -67.768141 -64.824673 -59.733232 -65.877766 -62.482208 -58.662715 -65.252230 -69.118391 -73.373266 -67.187987 -66.476570 -66.585405 -67.115609 -67.417308 -68.569130 -70.335699 -73.740158 -71.477240 -69.579652 -70.204371 -74.743719 -73.983965 -73.175890 
-49.839649 -56.643562 -60.105462 -66.719541 -69.435320 -70.695522 -69.989054 -69.450789 -66.430603 -72.109776 -74.111762 -68.855592 -68.054471 -67.604789 -70.688808 -75.890348 -73.225484 -74.671431 -70.911441 -70.892946 -72.928186 -68.995211 -70.119826 -69.167306 -73.056355 -71.517424 -70.027757 -69.741508 -69.532112 -68.822209 -73.256365 -71.677018 -76.428567 -75.057229 -77.389519 -75.714532 -71.617248 -73.841975 -75.087121 -75.238971 
-71.368905 -72.693517 -69.244717 -66.831768 -67.672507 -71.668674 -74.197887 -73.064876 -69.028390 -70.776975 -74.577249 -78.934265 -75.134085 -76.303439 -78.006728 -79.978680 -77.359398 -70.906007 -72.702298 -72.974183 -70.990710 -74.549624 -73.477024 -74.996558 -71.335397 -71.658600 -71.760786 -74.540097 -75.274458 -75.063126 -72.836546 -73.068759 -71.917980 -73.663473 -72.899043 -74.263428 -75.795360 -77.489642 -75.132732 -75.801450 
-64.867191 -76.541214 -79.862629 -76.807609 -77.756337 -76.079192 -74.964798 -73.804116 -74.638303 -72.421359 -74.047431 -72.666500 -74.410993 -75.058138 -79.029043 -80.324248 -78.387798 -73.483267 -72.623051 -74.385481 -75.138066 -72.903697 -76.434007 -76.577466 -75.573348 -76.237758 -74.926367 -73.812842 -73.237346 -75.286504 -76.334280 -77.683165 -78.537579 -76.156229 -76.244911 -78.315477 -77.552559 -74.160264 -75.890945 -78.783091 
-61.569398 -71.648106 -78.205780 -77.320952 -73.305455 -69.834332 -72.377699 -77.083871 -74.745086 -75.529693 -75.992972 -71.231118 -68.908153 -73.911331 -72.334640 -75.936479 -74.143511 -72.122547 -74.773826 -74.916843 -78.782394 -76.729408 -74.685574 -77.152322 -77.585449 -73.323100 -76.218845 -78.509334 -77.899496 -79.888741 -75.193903 -72.776343 -74.119956 -76.124052 -74.951995 -77.566145 -75.673610 -73.647991 -76.140861 -76.411757 
-66.171871 -75.707947 -73.133364 -79.077990 -75.241426 -69.224665 -75.000434 -71.979317 -75.307590 -82.958028 -73.673183 -72.133031 -73.580704 -68.455995 -77.127706 -73.892108 -74.123647 -77.193636 -78.213013 -76.875343 -74.465156 -72.695926 -77.833024 -78.429023 -74.887983 -77.696818 -74.807264 -75.937316 -74.299537 -72.773434 -76.000641 -76.144757 -77.569532 -77.112860 -76.446254 -77.009544 -76.139141 -75.154786 -77.061538 -77.794077 
-61.866705 -75.178916 -78.755948 -76.443456 -72.729554 -74.132879 -71.192089 -77.062941 -76.918081 -75.077598 -68.307642 -69.409529 -70.449513 -75.599785 -81.069743 -72.586584 -69.799090 -75.059256 -79.608085 -73.759382 -76.463258 -76.634520 -73.503456 -73.031570 -77.291543 -79.465073 -75.541084 -73.461323 -76.906702 -77.137728 -78.538451 -74.342279 -75.160714 -75.526433 -76.142542 -76.191117 -75.810821 -75.694047 -74.211566 -76.422569 
-61.590032 -73.336501 -75.632620 -76.824656 -73.815337 -74.705356 -78.834854 -79.403930 -77.982595 -81.572612 -73.261574 -73.888872 -78.955546 -74.197723 -72.906587 -72.028327 -73.420931 -77.161569 -78.293193 -72.663728 -72.968053 -76.827073 -77.259937 -78.330672 -79.072487 -77.286258 -79.586411 -77.251261 -75.458679 -80.409362 -75.631400 -74.491471 -76.331664 -76.878976 -74.723850 -75.415062 -75.780704 -78.285833 -74.864565 -76.322459 
-62.557881 -76.144631 -72.674437 -71.331818 -76.762105 -68.852710 -70.531467 -75.906070 -76.061241 -81.344501 -76.925476 -75.860577 -74.419330 -77.903954 -74.933546 -78.570752 -77.820922 -75.608366 -80.989041 -77.418919 -74.955304 -75.408145 -73.539351 -76.478850 -76.808296 -80.738212 -78.511215 -82.335427 -79.353088 -75.031324 -72.690893 -74.342124 -74.935780 -76.287762 -78.249585 -78.128827 -78.768230 -78.265053 -76.408836 -76.338090 
-70.380380 -75.664485 -78.495828 -79.544804 -81.520100 -80.305376 -80.812979 -84.412221 -81.991323 -85.748178 -85.737677 -81.706562 -86.990996 -83.499512 -80.035919 -83.014660 -82.243300 -80.788048 -85.686429 -81.603024 -80.780798 -81.447590 -78.809901 -83.022154 -78.618640 -81.547611 -79.456984 -82.996021 -87.967961 -78.152800 -81.256290 -78.179020 -78.609581 -77.939460 -80.452870 -79.470944 -83.756617 -81.186967 -80.866044 -82.013745 
NaN NaN NaN NaN NaN NaN NaN NaN NaN NaN NaN NaN NaN NaN NaN NaN NaN NaN NaN NaN NaN NaN NaN NaN NaN NaN NaN NaN NaN NaN NaN NaN NaN NaN NaN NaN NaN NaN NaN NaN 
NaN NaN NaN NaN NaN NaN NaN NaN NaN NaN NaN NaN NaN NaN NaN NaN NaN NaN NaN NaN NaN NaN NaN NaN NaN NaN NaN NaN NaN NaN NaN NaN NaN NaN NaN NaN NaN NaN NaN NaN 
NaN NaN NaN NaN NaN NaN NaN NaN NaN NaN NaN NaN NaN NaN NaN NaN NaN NaN NaN NaN NaN NaN NaN NaN NaN NaN NaN NaN NaN NaN NaN NaN NaN NaN NaN NaN NaN NaN NaN NaN 
NaN NaN NaN NaN NaN NaN NaN NaN NaN NaN NaN NaN NaN NaN NaN NaN NaN NaN NaN NaN NaN NaN NaN NaN NaN NaN NaN NaN NaN NaN NaN NaN NaN NaN NaN NaN NaN NaN NaN NaN 
NaN NaN NaN NaN NaN NaN NaN NaN NaN NaN NaN NaN NaN NaN NaN NaN NaN NaN NaN NaN NaN NaN NaN NaN NaN NaN NaN NaN NaN NaN NaN NaN NaN NaN NaN NaN NaN NaN NaN NaN 
NaN NaN NaN NaN NaN NaN NaN NaN NaN NaN NaN NaN NaN NaN NaN NaN NaN NaN NaN NaN NaN NaN NaN NaN NaN NaN NaN NaN NaN NaN NaN NaN NaN NaN NaN NaN NaN NaN NaN NaN 
NaN NaN NaN NaN NaN NaN NaN NaN NaN NaN NaN NaN NaN NaN NaN NaN NaN NaN NaN NaN NaN NaN NaN NaN NaN NaN NaN NaN NaN NaN NaN NaN NaN NaN NaN NaN NaN NaN NaN NaN 
NaN NaN NaN NaN NaN NaN NaN NaN NaN NaN NaN NaN NaN NaN NaN NaN NaN NaN NaN NaN NaN NaN NaN NaN NaN NaN NaN NaN NaN NaN NaN NaN NaN NaN NaN NaN NaN NaN NaN NaN 
NaN NaN NaN NaN NaN NaN NaN NaN NaN NaN NaN NaN NaN NaN NaN NaN NaN NaN NaN NaN NaN NaN NaN NaN NaN NaN NaN NaN NaN NaN NaN NaN NaN NaN NaN NaN NaN NaN NaN NaN 
NaN NaN NaN NaN NaN NaN NaN NaN NaN NaN NaN NaN NaN NaN NaN NaN NaN NaN NaN NaN NaN NaN NaN NaN NaN NaN NaN NaN NaN NaN NaN NaN NaN NaN NaN NaN NaN NaN NaN NaN 
NaN NaN NaN NaN NaN NaN NaN NaN NaN NaN NaN NaN NaN NaN NaN NaN NaN NaN NaN NaN NaN NaN NaN NaN NaN NaN NaN NaN NaN NaN NaN NaN NaN NaN NaN NaN NaN NaN NaN NaN 
NaN NaN NaN NaN NaN NaN NaN NaN NaN NaN NaN NaN NaN NaN NaN NaN NaN NaN NaN NaN NaN NaN NaN NaN NaN NaN NaN NaN NaN NaN NaN NaN NaN NaN NaN NaN NaN NaN NaN NaN 
NaN NaN NaN NaN NaN NaN NaN NaN NaN NaN NaN NaN NaN NaN NaN NaN NaN NaN NaN NaN NaN NaN NaN NaN NaN NaN NaN NaN NaN NaN NaN NaN NaN NaN NaN NaN NaN NaN NaN NaN 
NaN NaN NaN NaN NaN NaN NaN NaN NaN NaN NaN NaN NaN NaN NaN NaN NaN NaN NaN NaN NaN NaN NaN NaN NaN NaN NaN NaN NaN NaN NaN NaN NaN NaN NaN NaN NaN NaN NaN NaN 
NaN NaN NaN NaN NaN NaN NaN NaN NaN NaN NaN NaN NaN NaN NaN NaN NaN NaN NaN NaN NaN NaN NaN NaN NaN NaN NaN NaN NaN NaN NaN NaN NaN NaN NaN NaN NaN NaN NaN NaN 
NaN NaN NaN NaN NaN NaN NaN NaN NaN NaN NaN NaN NaN NaN NaN NaN NaN NaN NaN NaN NaN NaN NaN NaN NaN NaN NaN NaN NaN NaN NaN NaN NaN NaN NaN NaN NaN NaN NaN NaN 
NaN NaN NaN NaN NaN NaN NaN NaN NaN NaN NaN NaN NaN NaN NaN NaN NaN NaN NaN NaN NaN NaN NaN NaN NaN NaN NaN NaN NaN NaN NaN NaN NaN NaN NaN NaN NaN NaN NaN NaN 
NaN NaN NaN NaN NaN NaN NaN NaN NaN NaN NaN NaN NaN NaN NaN NaN NaN NaN NaN NaN NaN NaN NaN NaN NaN NaN NaN NaN NaN NaN NaN NaN NaN NaN NaN NaN NaN NaN NaN NaN 
NaN NaN NaN NaN NaN NaN NaN NaN NaN NaN NaN NaN NaN NaN NaN NaN NaN NaN NaN NaN NaN NaN NaN NaN NaN NaN NaN NaN NaN NaN NaN NaN NaN NaN NaN NaN NaN NaN NaN NaN 
NaN NaN NaN NaN NaN NaN NaN NaN NaN NaN NaN NaN NaN NaN NaN NaN NaN NaN NaN NaN NaN NaN NaN NaN NaN NaN NaN NaN NaN NaN NaN NaN NaN NaN NaN NaN NaN NaN NaN NaN 
NaN NaN NaN NaN NaN NaN NaN NaN NaN NaN NaN NaN NaN NaN NaN NaN NaN NaN NaN NaN NaN NaN NaN NaN NaN NaN NaN NaN NaN NaN NaN NaN NaN NaN NaN NaN NaN NaN NaN NaN 
NaN NaN NaN NaN NaN NaN NaN NaN NaN NaN NaN NaN NaN NaN NaN NaN NaN NaN NaN NaN NaN NaN NaN NaN NaN NaN NaN NaN NaN NaN NaN NaN NaN NaN NaN NaN NaN NaN NaN NaN 
NaN NaN NaN NaN NaN NaN NaN NaN NaN NaN NaN NaN NaN NaN NaN NaN NaN NaN NaN NaN NaN NaN NaN NaN NaN NaN NaN NaN NaN NaN NaN NaN NaN NaN NaN NaN NaN NaN NaN NaN 
NaN NaN NaN NaN NaN NaN NaN NaN NaN NaN NaN NaN NaN NaN NaN NaN NaN NaN NaN NaN NaN NaN NaN NaN NaN NaN NaN NaN NaN NaN NaN NaN NaN NaN NaN NaN NaN NaN NaN NaN 
NaN NaN NaN NaN NaN NaN NaN NaN NaN NaN NaN NaN NaN NaN NaN NaN NaN NaN NaN NaN NaN NaN NaN NaN NaN NaN NaN NaN NaN NaN NaN NaN NaN NaN NaN NaN NaN NaN NaN NaN 
NaN NaN NaN NaN NaN NaN NaN NaN NaN NaN NaN NaN NaN NaN NaN NaN NaN NaN NaN NaN NaN NaN NaN NaN NaN NaN NaN NaN NaN NaN NaN NaN NaN NaN NaN NaN NaN NaN NaN NaN 
NaN NaN NaN NaN NaN NaN NaN NaN NaN NaN NaN NaN NaN NaN NaN NaN NaN NaN NaN NaN NaN NaN NaN NaN NaN NaN NaN NaN NaN NaN NaN NaN NaN NaN NaN NaN NaN NaN NaN NaN 
NaN NaN NaN NaN NaN NaN NaN NaN NaN NaN NaN NaN NaN NaN NaN NaN NaN NaN NaN NaN NaN NaN NaN NaN NaN NaN NaN NaN NaN NaN NaN NaN NaN NaN NaN NaN NaN NaN NaN NaN 
NaN NaN NaN NaN NaN NaN NaN NaN NaN NaN NaN NaN NaN NaN NaN NaN NaN NaN NaN NaN NaN NaN NaN NaN NaN NaN NaN NaN NaN NaN NaN NaN NaN NaN NaN NaN NaN NaN NaN NaN 
NaN NaN NaN NaN NaN NaN NaN NaN NaN NaN NaN NaN NaN NaN NaN NaN NaN NaN NaN NaN NaN NaN NaN NaN NaN NaN NaN NaN NaN NaN NaN NaN NaN NaN NaN NaN NaN NaN NaN NaN 
NaN NaN NaN NaN NaN NaN NaN NaN NaN NaN NaN NaN NaN NaN NaN NaN NaN NaN NaN NaN NaN NaN NaN NaN NaN NaN NaN NaN NaN NaN NaN NaN NaN NaN NaN NaN NaN NaN NaN NaN 
NaN NaN NaN NaN NaN NaN NaN NaN NaN NaN NaN NaN NaN NaN NaN NaN NaN NaN NaN NaN NaN NaN NaN NaN NaN NaN NaN NaN NaN NaN NaN NaN NaN NaN NaN NaN NaN NaN NaN NaN 
NaN NaN NaN NaN NaN NaN NaN NaN NaN NaN NaN NaN NaN NaN NaN NaN NaN NaN NaN NaN NaN NaN NaN NaN NaN NaN NaN NaN NaN NaN NaN NaN NaN NaN NaN NaN NaN NaN NaN NaN 
NaN NaN NaN NaN NaN NaN NaN NaN NaN NaN NaN NaN NaN NaN NaN NaN NaN NaN NaN NaN NaN NaN NaN NaN NaN NaN NaN NaN NaN NaN NaN NaN NaN NaN NaN NaN NaN NaN NaN NaN 
NaN NaN NaN NaN NaN NaN NaN NaN NaN NaN NaN NaN NaN NaN NaN NaN NaN NaN NaN NaN NaN NaN NaN NaN NaN NaN NaN NaN NaN NaN NaN NaN NaN NaN NaN NaN NaN NaN NaN NaN 
NaN NaN NaN NaN NaN NaN NaN NaN NaN NaN NaN NaN NaN NaN NaN NaN NaN NaN NaN NaN NaN NaN NaN NaN NaN NaN NaN NaN NaN NaN NaN NaN NaN NaN NaN NaN NaN NaN NaN NaN 
NaN NaN NaN NaN NaN NaN NaN NaN NaN NaN NaN NaN NaN NaN NaN NaN NaN NaN NaN NaN NaN NaN NaN NaN NaN NaN NaN NaN NaN NaN NaN NaN NaN NaN NaN NaN NaN NaN NaN NaN 
NaN NaN NaN NaN NaN NaN NaN NaN NaN NaN NaN NaN NaN NaN NaN NaN NaN NaN NaN NaN NaN NaN NaN NaN NaN NaN NaN NaN NaN NaN NaN NaN NaN NaN NaN NaN NaN NaN NaN NaN 
NaN NaN NaN NaN NaN NaN NaN NaN NaN NaN NaN NaN NaN NaN NaN NaN NaN NaN NaN NaN NaN NaN NaN NaN NaN NaN NaN NaN NaN NaN NaN NaN NaN NaN NaN NaN NaN NaN NaN NaN 
NaN NaN NaN NaN NaN NaN NaN NaN NaN NaN NaN NaN NaN NaN NaN NaN NaN NaN NaN NaN NaN NaN NaN NaN NaN NaN NaN NaN NaN NaN NaN NaN NaN NaN NaN NaN NaN NaN NaN NaN 
NaN NaN NaN NaN NaN NaN NaN NaN NaN NaN NaN NaN NaN NaN NaN NaN NaN NaN NaN NaN NaN NaN NaN NaN NaN NaN NaN NaN NaN NaN NaN NaN NaN NaN NaN NaN NaN NaN NaN NaN 
NaN NaN NaN NaN NaN NaN NaN NaN NaN NaN NaN NaN NaN NaN NaN NaN NaN NaN NaN NaN NaN NaN NaN NaN NaN NaN NaN NaN NaN NaN NaN NaN NaN NaN NaN NaN NaN NaN NaN NaN 
NaN NaN NaN NaN NaN NaN NaN NaN NaN NaN NaN NaN NaN NaN NaN NaN NaN NaN NaN NaN NaN NaN NaN NaN NaN NaN NaN NaN NaN NaN NaN NaN NaN NaN NaN NaN NaN NaN NaN NaN 
NaN NaN NaN NaN NaN NaN NaN NaN NaN NaN NaN NaN NaN NaN NaN NaN NaN NaN NaN NaN NaN NaN NaN NaN NaN NaN NaN NaN NaN NaN NaN NaN NaN NaN NaN NaN NaN NaN NaN NaN 
NaN NaN NaN NaN NaN NaN NaN NaN NaN NaN NaN NaN NaN NaN NaN NaN NaN NaN NaN NaN NaN NaN NaN NaN NaN NaN NaN NaN NaN NaN NaN NaN NaN NaN NaN NaN NaN NaN NaN NaN 
NaN NaN NaN NaN NaN NaN NaN NaN NaN NaN NaN NaN NaN NaN NaN NaN NaN NaN NaN NaN NaN NaN NaN NaN NaN NaN NaN NaN NaN NaN NaN NaN NaN NaN NaN NaN NaN NaN NaN NaN 
NaN NaN NaN NaN NaN NaN NaN NaN NaN NaN NaN NaN NaN NaN NaN NaN NaN NaN NaN NaN NaN NaN NaN NaN NaN NaN NaN NaN NaN NaN NaN NaN NaN NaN NaN NaN NaN NaN NaN NaN 
NaN NaN NaN NaN NaN NaN NaN NaN NaN NaN NaN NaN NaN NaN NaN NaN NaN NaN NaN NaN NaN NaN NaN NaN NaN NaN NaN NaN NaN NaN NaN NaN NaN NaN NaN NaN NaN NaN NaN NaN 
NaN NaN NaN NaN NaN NaN NaN NaN NaN NaN NaN NaN NaN NaN NaN NaN NaN NaN NaN NaN NaN NaN NaN NaN NaN NaN NaN NaN NaN NaN NaN NaN NaN NaN NaN NaN NaN NaN NaN NaN 
NaN NaN NaN NaN NaN NaN NaN NaN NaN NaN NaN NaN NaN NaN NaN NaN NaN NaN NaN NaN NaN NaN NaN NaN NaN NaN NaN NaN NaN NaN NaN NaN NaN NaN NaN NaN NaN NaN NaN NaN 
NaN NaN NaN NaN NaN NaN NaN NaN NaN NaN NaN NaN NaN NaN NaN NaN NaN NaN NaN NaN NaN NaN NaN NaN NaN NaN NaN NaN NaN NaN NaN NaN NaN NaN NaN NaN NaN NaN NaN NaN 
NaN NaN NaN NaN NaN NaN NaN NaN NaN NaN NaN NaN NaN NaN NaN NaN NaN NaN NaN NaN NaN NaN NaN NaN NaN NaN NaN NaN NaN NaN NaN NaN NaN NaN NaN NaN NaN NaN NaN NaN 
NaN NaN NaN NaN NaN NaN NaN NaN NaN NaN NaN NaN NaN NaN NaN NaN NaN NaN NaN NaN NaN NaN NaN NaN NaN NaN NaN NaN NaN NaN NaN NaN NaN NaN NaN NaN NaN NaN NaN NaN 
NaN NaN NaN NaN NaN NaN NaN NaN NaN NaN NaN NaN NaN NaN NaN NaN NaN NaN NaN NaN NaN NaN NaN NaN NaN NaN NaN NaN NaN NaN NaN NaN NaN NaN NaN NaN NaN NaN NaN NaN 
NaN NaN NaN NaN NaN NaN NaN NaN NaN NaN NaN NaN NaN NaN NaN NaN NaN NaN NaN NaN NaN NaN NaN NaN NaN NaN NaN NaN NaN NaN NaN NaN NaN NaN NaN NaN NaN NaN NaN NaN 
NaN NaN NaN NaN NaN NaN NaN NaN NaN NaN NaN NaN NaN NaN NaN NaN NaN NaN NaN NaN NaN NaN NaN NaN NaN NaN NaN NaN NaN NaN NaN NaN NaN NaN NaN NaN NaN NaN NaN NaN 
NaN NaN NaN NaN NaN NaN NaN NaN NaN NaN NaN NaN NaN NaN NaN NaN NaN NaN NaN NaN NaN NaN NaN NaN NaN NaN NaN NaN NaN NaN NaN NaN NaN NaN NaN NaN NaN NaN NaN NaN 
NaN NaN NaN NaN NaN NaN NaN NaN NaN NaN NaN NaN NaN NaN NaN NaN NaN NaN NaN NaN NaN NaN NaN NaN NaN NaN NaN NaN NaN NaN NaN NaN NaN NaN NaN NaN NaN NaN NaN NaN 
NaN NaN NaN NaN NaN NaN NaN NaN NaN NaN NaN NaN NaN NaN NaN NaN NaN NaN NaN NaN NaN NaN NaN NaN NaN NaN NaN NaN NaN NaN NaN NaN NaN NaN NaN NaN NaN NaN NaN NaN 
NaN NaN NaN NaN NaN NaN NaN NaN NaN NaN NaN NaN NaN NaN NaN NaN NaN NaN NaN NaN NaN NaN NaN NaN NaN NaN NaN NaN NaN NaN NaN NaN NaN NaN NaN NaN NaN NaN NaN NaN 
NaN NaN NaN NaN NaN NaN NaN NaN NaN NaN NaN NaN NaN NaN NaN NaN NaN NaN NaN NaN NaN NaN NaN NaN NaN NaN NaN NaN NaN NaN NaN NaN NaN NaN NaN NaN NaN NaN NaN NaN 
NaN NaN NaN NaN NaN NaN NaN NaN NaN NaN NaN NaN NaN NaN NaN NaN NaN NaN NaN NaN NaN NaN NaN NaN NaN NaN NaN NaN NaN NaN NaN NaN NaN NaN NaN NaN NaN NaN NaN NaN 
NaN NaN NaN NaN NaN NaN NaN NaN NaN NaN NaN NaN NaN NaN NaN NaN NaN NaN NaN NaN NaN NaN NaN NaN NaN NaN NaN NaN NaN NaN NaN NaN NaN NaN NaN NaN NaN NaN NaN NaN 
NaN NaN NaN NaN NaN NaN NaN NaN NaN NaN NaN NaN NaN NaN NaN NaN NaN NaN NaN NaN NaN NaN NaN NaN NaN NaN NaN NaN NaN NaN NaN NaN NaN NaN NaN NaN NaN NaN NaN NaN 
NaN NaN NaN NaN NaN NaN NaN NaN NaN NaN NaN NaN NaN NaN NaN NaN NaN NaN NaN NaN NaN NaN NaN NaN NaN NaN NaN NaN NaN NaN NaN NaN NaN NaN NaN NaN NaN NaN NaN NaN 
NaN NaN NaN NaN NaN NaN NaN NaN NaN NaN NaN NaN NaN NaN NaN NaN NaN NaN NaN NaN NaN NaN NaN NaN NaN NaN NaN NaN NaN NaN NaN NaN NaN NaN NaN NaN NaN NaN NaN NaN 
NaN NaN NaN NaN NaN NaN NaN NaN NaN NaN NaN NaN NaN NaN NaN NaN NaN NaN NaN NaN NaN NaN NaN NaN NaN NaN NaN NaN NaN NaN NaN NaN NaN NaN NaN NaN NaN NaN NaN NaN 
NaN NaN NaN NaN NaN NaN NaN NaN NaN NaN NaN NaN NaN NaN NaN NaN NaN NaN NaN NaN NaN NaN NaN NaN NaN NaN NaN NaN NaN NaN NaN NaN NaN NaN NaN NaN NaN NaN NaN NaN 
NaN NaN NaN NaN NaN NaN NaN NaN NaN NaN NaN NaN NaN NaN NaN NaN NaN NaN NaN NaN NaN NaN NaN NaN NaN NaN NaN NaN NaN NaN NaN NaN NaN NaN NaN NaN NaN NaN NaN NaN 
NaN NaN NaN NaN NaN NaN NaN NaN NaN NaN NaN NaN NaN NaN NaN NaN NaN NaN NaN NaN NaN NaN NaN NaN NaN NaN NaN NaN NaN NaN NaN NaN NaN NaN NaN NaN NaN NaN NaN NaN 
NaN NaN NaN NaN NaN NaN NaN NaN NaN NaN NaN NaN NaN NaN NaN NaN NaN NaN NaN NaN NaN NaN NaN NaN NaN NaN NaN NaN NaN NaN NaN NaN NaN NaN NaN NaN NaN NaN NaN NaN 
NaN NaN NaN NaN NaN NaN NaN NaN NaN NaN NaN NaN NaN NaN NaN NaN NaN NaN NaN NaN NaN NaN NaN NaN NaN NaN NaN NaN NaN NaN NaN NaN NaN NaN NaN NaN NaN NaN NaN NaN 
NaN NaN NaN NaN NaN NaN NaN NaN NaN NaN NaN NaN NaN NaN NaN NaN NaN NaN NaN NaN NaN NaN NaN NaN NaN NaN NaN NaN NaN NaN NaN NaN NaN NaN NaN NaN NaN NaN NaN NaN 
NaN NaN NaN NaN NaN NaN NaN NaN NaN NaN NaN NaN NaN NaN NaN NaN NaN NaN NaN NaN NaN NaN NaN NaN NaN NaN NaN NaN NaN NaN NaN NaN NaN NaN NaN NaN NaN NaN NaN NaN 
NaN NaN NaN NaN NaN NaN NaN NaN NaN NaN NaN NaN NaN NaN NaN NaN NaN NaN NaN NaN NaN NaN NaN NaN NaN NaN NaN NaN NaN NaN NaN NaN NaN NaN NaN NaN NaN NaN NaN NaN 
NaN NaN NaN NaN NaN NaN NaN NaN NaN NaN NaN NaN NaN NaN NaN NaN NaN NaN NaN NaN NaN NaN NaN NaN NaN NaN NaN NaN NaN NaN NaN NaN NaN NaN NaN NaN NaN NaN NaN NaN 
NaN NaN NaN NaN NaN NaN NaN NaN NaN NaN NaN NaN NaN NaN NaN NaN NaN NaN NaN NaN NaN NaN NaN NaN NaN NaN NaN NaN NaN NaN NaN NaN NaN NaN NaN NaN NaN NaN NaN NaN 
NaN NaN NaN NaN NaN NaN NaN NaN NaN NaN NaN NaN NaN NaN NaN NaN NaN NaN NaN NaN NaN NaN NaN NaN NaN NaN NaN NaN NaN NaN NaN NaN NaN NaN NaN NaN NaN NaN NaN NaN 
NaN NaN NaN NaN NaN NaN NaN NaN NaN NaN NaN NaN NaN NaN NaN NaN NaN NaN NaN NaN NaN NaN NaN NaN NaN NaN NaN NaN NaN NaN NaN NaN NaN NaN NaN NaN NaN NaN NaN NaN 
