NaN NaN NaN NaN NaN NaN NaN NaN NaN NaN NaN NaN NaN NaN NaN NaN NaN NaN NaN NaN NaN NaN NaN NaN NaN NaN NaN NaN NaN NaN NaN NaN NaN NaN NaN NaN NaN NaN NaN NaN 
NaN NaN NaN NaN NaN NaN NaN NaN NaN NaN NaN NaN NaN NaN NaN NaN NaN NaN NaN NaN NaN NaN NaN NaN NaN NaN NaN NaN NaN NaN NaN NaN NaN NaN NaN NaN NaN NaN NaN NaN 
NaN NaN NaN NaN NaN NaN NaN NaN NaN NaN NaN NaN NaN NaN NaN NaN NaN NaN NaN NaN NaN NaN NaN NaN NaN NaN NaN NaN NaN NaN NaN NaN NaN NaN NaN NaN NaN NaN NaN NaN 
NaN NaN NaN NaN NaN NaN NaN NaN NaN NaN NaN NaN NaN NaN NaN NaN NaN NaN NaN NaN NaN NaN NaN NaN NaN NaN NaN NaN NaN NaN NaN NaN NaN NaN NaN NaN NaN NaN NaN NaN 
NaN NaN NaN NaN NaN NaN NaN NaN NaN NaN NaN NaN NaN NaN NaN NaN NaN NaN NaN NaN NaN NaN NaN NaN NaN NaN NaN NaN NaN NaN NaN NaN NaN NaN NaN NaN NaN NaN NaN NaN 
NaN NaN NaN NaN NaN NaN NaN NaN NaN NaN NaN NaN NaN NaN NaN NaN NaN NaN NaN NaN NaN NaN NaN NaN NaN NaN NaN NaN NaN NaN NaN NaN NaN NaN NaN NaN NaN NaN NaN NaN 
NaN NaN NaN NaN NaN NaN NaN NaN NaN NaN NaN NaN NaN NaN NaN NaN NaN NaN NaN NaN NaN NaN NaN NaN NaN NaN NaN NaN NaN NaN NaN NaN NaN NaN NaN NaN NaN NaN NaN NaN 
NaN NaN NaN NaN NaN NaN NaN NaN NaN NaN NaN NaN NaN NaN NaN NaN NaN NaN NaN NaN NaN NaN NaN NaN NaN NaN NaN NaN NaN NaN NaN NaN NaN NaN NaN NaN NaN NaN NaN NaN 
NaN NaN NaN NaN NaN NaN NaN NaN NaN NaN NaN NaN NaN NaN NaN NaN NaN NaN NaN NaN NaN NaN NaN NaN NaN NaN NaN NaN NaN NaN NaN NaN NaN NaN NaN NaN NaN NaN NaN NaN 
NaN NaN NaN NaN NaN NaN NaN NaN NaN NaN NaN NaN NaN NaN NaN NaN NaN NaN NaN NaN NaN NaN NaN NaN NaN NaN NaN NaN NaN NaN NaN NaN NaN NaN NaN NaN NaN NaN NaN NaN 
NaN NaN NaN NaN NaN NaN NaN NaN NaN NaN NaN NaN NaN NaN NaN NaN NaN NaN NaN NaN NaN NaN NaN NaN NaN NaN NaN NaN NaN NaN NaN NaN NaN NaN NaN NaN NaN NaN NaN NaN 
NaN NaN NaN NaN NaN NaN NaN NaN NaN NaN NaN NaN NaN NaN NaN NaN NaN NaN NaN NaN NaN NaN NaN NaN NaN NaN NaN NaN NaN NaN NaN NaN NaN NaN NaN NaN NaN NaN NaN NaN 
NaN NaN NaN NaN NaN NaN NaN NaN NaN NaN NaN NaN NaN NaN NaN NaN NaN NaN NaN NaN NaN NaN NaN NaN NaN NaN NaN NaN NaN NaN NaN NaN NaN NaN NaN NaN NaN NaN NaN NaN 
NaN NaN NaN NaN NaN NaN NaN NaN NaN NaN NaN NaN NaN NaN NaN NaN NaN NaN NaN NaN NaN NaN NaN NaN NaN NaN NaN NaN NaN NaN NaN NaN NaN NaN NaN NaN NaN NaN NaN NaN 
NaN NaN NaN NaN NaN NaN NaN NaN NaN NaN NaN NaN NaN NaN NaN NaN NaN NaN NaN NaN NaN NaN NaN NaN NaN NaN NaN NaN NaN NaN NaN NaN NaN NaN NaN NaN NaN NaN NaN NaN 
NaN NaN NaN NaN NaN NaN NaN NaN NaN NaN NaN NaN NaN NaN NaN NaN NaN NaN NaN NaN NaN NaN NaN NaN NaN NaN NaN NaN NaN NaN NaN NaN NaN NaN NaN NaN NaN NaN NaN NaN 
NaN NaN NaN NaN NaN NaN NaN NaN NaN NaN NaN NaN NaN NaN NaN NaN NaN NaN NaN NaN NaN NaN NaN NaN NaN NaN NaN NaN NaN NaN NaN NaN NaN NaN NaN NaN NaN NaN NaN NaN 
NaN NaN NaN NaN NaN NaN NaN NaN NaN NaN NaN NaN NaN NaN NaN NaN NaN NaN NaN NaN NaN NaN NaN NaN NaN NaN NaN NaN NaN NaN NaN NaN NaN NaN NaN NaN NaN NaN NaN NaN 
NaN NaN NaN NaN NaN NaN NaN NaN NaN NaN NaN NaN NaN NaN NaN NaN NaN NaN NaN NaN NaN NaN NaN NaN NaN NaN NaN NaN NaN NaN NaN NaN NaN NaN NaN NaN NaN NaN NaN NaN 
NaN NaN NaN NaN NaN NaN NaN NaN NaN NaN NaN NaN NaN NaN NaN NaN NaN NaN NaN NaN NaN NaN NaN NaN NaN NaN NaN NaN NaN NaN NaN NaN NaN NaN NaN NaN NaN NaN NaN NaN 
NaN NaN NaN NaN NaN NaN NaN NaN NaN NaN NaN NaN NaN NaN NaN NaN NaN NaN NaN NaN NaN NaN NaN NaN NaN NaN NaN NaN NaN NaN NaN NaN NaN NaN NaN NaN NaN NaN NaN NaN 
NaN NaN NaN NaN NaN NaN NaN NaN NaN NaN NaN NaN NaN NaN NaN NaN NaN NaN NaN NaN NaN NaN NaN NaN NaN NaN NaN NaN NaN NaN NaN NaN NaN NaN NaN NaN NaN NaN NaN NaN 
NaN NaN NaN NaN NaN NaN NaN NaN NaN NaN NaN NaN NaN NaN NaN NaN NaN NaN NaN NaN NaN NaN NaN NaN NaN NaN NaN NaN NaN NaN NaN NaN NaN NaN NaN NaN NaN NaN NaN NaN 
NaN NaN NaN NaN NaN NaN NaN NaN NaN NaN NaN NaN NaN NaN NaN NaN NaN NaN NaN NaN NaN NaN NaN NaN NaN NaN NaN NaN NaN NaN NaN NaN NaN NaN NaN NaN NaN NaN NaN NaN 
NaN NaN NaN NaN NaN NaN NaN NaN NaN NaN NaN NaN NaN NaN NaN NaN NaN NaN NaN NaN NaN NaN NaN NaN NaN NaN NaN NaN NaN NaN NaN NaN NaN NaN NaN NaN NaN NaN NaN NaN 
NaN NaN NaN NaN NaN NaN NaN NaN NaN NaN NaN NaN NaN NaN NaN NaN NaN NaN NaN NaN NaN NaN NaN NaN NaN NaN NaN NaN NaN NaN NaN NaN NaN NaN NaN NaN NaN NaN NaN NaN 
NaN NaN NaN NaN NaN NaN NaN NaN NaN NaN NaN NaN NaN NaN NaN NaN NaN NaN NaN NaN NaN NaN NaN NaN NaN NaN NaN NaN NaN NaN NaN NaN NaN NaN NaN NaN NaN NaN NaN NaN 
NaN NaN NaN NaN NaN NaN NaN NaN NaN NaN NaN NaN NaN NaN NaN NaN NaN NaN NaN NaN NaN NaN NaN NaN NaN NaN NaN NaN NaN NaN NaN NaN NaN NaN NaN NaN NaN NaN NaN NaN 
NaN NaN NaN NaN NaN NaN NaN NaN NaN NaN NaN NaN NaN NaN NaN NaN NaN NaN NaN NaN NaN NaN NaN NaN NaN NaN NaN NaN NaN NaN NaN NaN NaN NaN NaN NaN NaN NaN NaN NaN 
NaN NaN NaN NaN NaN NaN NaN NaN NaN NaN NaN NaN NaN NaN NaN NaN NaN NaN NaN NaN NaN NaN NaN NaN NaN NaN NaN NaN NaN NaN NaN NaN NaN NaN NaN NaN NaN NaN NaN NaN 
NaN NaN NaN NaN NaN NaN NaN NaN NaN NaN NaN NaN NaN NaN NaN NaN NaN NaN NaN NaN NaN NaN NaN NaN NaN NaN NaN NaN NaN NaN NaN NaN NaN NaN NaN NaN NaN NaN NaN NaN 
NaN NaN NaN NaN NaN NaN NaN NaN NaN NaN NaN NaN NaN NaN NaN NaN NaN NaN NaN NaN NaN NaN NaN NaN NaN NaN NaN NaN NaN NaN NaN NaN NaN NaN NaN NaN NaN NaN NaN NaN 
NaN NaN NaN NaN NaN NaN NaN NaN NaN NaN NaN NaN NaN NaN NaN NaN NaN NaN NaN NaN NaN NaN NaN NaN NaN NaN NaN NaN NaN NaN NaN NaN NaN NaN NaN NaN NaN NaN NaN NaN 
NaN NaN NaN NaN NaN NaN NaN NaN NaN NaN NaN NaN NaN NaN NaN NaN NaN NaN NaN NaN NaN NaN NaN NaN NaN NaN NaN NaN NaN NaN NaN NaN NaN NaN NaN NaN NaN NaN NaN NaN 
NaN NaN NaN NaN NaN NaN NaN NaN NaN NaN NaN NaN NaN NaN NaN NaN NaN NaN NaN NaN NaN NaN NaN NaN NaN NaN NaN NaN NaN NaN NaN NaN NaN NaN NaN NaN NaN NaN NaN NaN 
NaN NaN NaN NaN NaN NaN NaN NaN NaN NaN NaN NaN NaN NaN NaN NaN NaN NaN NaN NaN NaN NaN NaN NaN NaN NaN NaN NaN NaN NaN NaN NaN NaN NaN NaN NaN NaN NaN NaN NaN 
NaN NaN NaN NaN NaN NaN NaN NaN NaN NaN NaN NaN NaN NaN NaN NaN NaN NaN NaN NaN NaN NaN NaN NaN NaN NaN NaN NaN NaN NaN NaN NaN NaN NaN NaN NaN NaN NaN NaN NaN 
NaN NaN NaN NaN NaN NaN NaN NaN NaN NaN NaN NaN NaN NaN NaN NaN NaN NaN NaN NaN NaN NaN NaN NaN NaN NaN NaN NaN NaN NaN NaN NaN NaN NaN NaN NaN NaN NaN NaN NaN 
NaN NaN NaN NaN NaN NaN NaN NaN NaN NaN NaN NaN NaN NaN NaN NaN NaN NaN NaN NaN NaN NaN NaN NaN NaN NaN NaN NaN NaN NaN NaN NaN NaN NaN NaN NaN NaN NaN NaN NaN 
NaN NaN NaN NaN NaN NaN NaN NaN NaN NaN NaN NaN NaN NaN NaN NaN NaN NaN NaN NaN NaN NaN NaN NaN NaN NaN NaN NaN NaN NaN NaN NaN NaN NaN NaN NaN NaN NaN NaN NaN 
NaN NaN NaN NaN NaN NaN NaN NaN NaN NaN NaN NaN NaN NaN NaN NaN NaN NaN NaN NaN NaN NaN NaN NaN NaN NaN NaN NaN NaN NaN NaN NaN NaN NaN NaN NaN NaN NaN NaN NaN 
NaN NaN NaN NaN NaN NaN NaN NaN NaN NaN NaN NaN NaN NaN NaN NaN NaN NaN NaN NaN NaN NaN NaN NaN NaN NaN NaN NaN NaN NaN NaN NaN NaN NaN NaN NaN NaN NaN NaN NaN 
NaN NaN NaN NaN NaN NaN NaN NaN NaN NaN NaN NaN NaN NaN NaN NaN NaN NaN NaN NaN NaN NaN NaN NaN NaN NaN NaN NaN NaN NaN NaN NaN NaN NaN NaN NaN NaN NaN NaN NaN 
NaN NaN NaN NaN NaN NaN NaN NaN NaN NaN NaN NaN NaN NaN NaN NaN NaN NaN NaN NaN NaN NaN NaN NaN NaN NaN NaN NaN NaN NaN NaN NaN NaN NaN NaN NaN NaN NaN NaN NaN 
NaN NaN NaN NaN NaN NaN NaN NaN NaN NaN NaN NaN NaN NaN NaN NaN NaN NaN NaN NaN NaN NaN NaN NaN NaN NaN NaN NaN NaN NaN NaN NaN NaN NaN NaN NaN NaN NaN NaN NaN 
NaN NaN NaN NaN NaN NaN NaN NaN NaN NaN NaN NaN NaN NaN NaN NaN NaN NaN NaN NaN NaN NaN NaN NaN NaN NaN NaN NaN NaN NaN NaN NaN NaN NaN NaN NaN NaN NaN NaN NaN 
NaN NaN NaN NaN NaN NaN NaN NaN NaN NaN NaN NaN NaN NaN NaN NaN NaN NaN NaN NaN NaN NaN NaN NaN NaN NaN NaN NaN NaN NaN NaN NaN NaN NaN NaN NaN NaN NaN NaN NaN 
NaN NaN NaN NaN NaN NaN NaN NaN NaN NaN NaN NaN NaN NaN NaN NaN NaN NaN NaN NaN NaN NaN NaN NaN NaN NaN NaN NaN NaN NaN NaN NaN NaN NaN NaN NaN NaN NaN NaN NaN 
NaN NaN NaN NaN NaN NaN NaN NaN NaN NaN NaN NaN NaN NaN NaN NaN NaN NaN NaN NaN NaN NaN NaN NaN NaN NaN NaN NaN NaN NaN NaN NaN NaN NaN NaN NaN NaN NaN NaN NaN 
NaN NaN NaN NaN NaN NaN NaN NaN NaN NaN NaN NaN NaN NaN NaN NaN NaN NaN NaN NaN NaN NaN NaN NaN NaN NaN NaN NaN NaN NaN NaN NaN NaN NaN NaN NaN NaN NaN NaN NaN 
NaN NaN NaN NaN NaN NaN NaN NaN NaN NaN NaN NaN NaN NaN NaN NaN NaN NaN NaN NaN NaN NaN NaN NaN NaN NaN NaN NaN NaN NaN NaN NaN NaN NaN NaN NaN NaN NaN NaN NaN 
NaN NaN NaN NaN NaN NaN NaN NaN NaN NaN NaN NaN NaN NaN NaN NaN NaN NaN NaN NaN NaN NaN NaN NaN NaN NaN NaN NaN NaN NaN NaN NaN NaN NaN NaN NaN NaN NaN NaN NaN 
NaN NaN NaN NaN NaN NaN NaN NaN NaN NaN NaN NaN NaN NaN NaN NaN NaN NaN NaN NaN NaN NaN NaN NaN NaN NaN NaN NaN NaN NaN NaN NaN NaN NaN NaN NaN NaN NaN NaN NaN 
NaN NaN NaN NaN NaN NaN NaN NaN NaN NaN NaN NaN NaN NaN NaN NaN NaN NaN NaN NaN NaN NaN NaN NaN NaN NaN NaN NaN NaN NaN NaN NaN NaN NaN NaN NaN NaN NaN NaN NaN 
NaN NaN NaN NaN NaN NaN NaN NaN NaN NaN NaN NaN NaN NaN NaN NaN NaN NaN NaN NaN NaN NaN NaN NaN NaN NaN NaN NaN NaN NaN NaN NaN NaN NaN NaN NaN NaN NaN NaN NaN 
NaN NaN NaN NaN NaN NaN NaN NaN NaN NaN NaN NaN NaN NaN NaN NaN NaN NaN NaN NaN NaN NaN NaN NaN NaN NaN NaN NaN NaN NaN NaN NaN NaN NaN NaN NaN NaN NaN NaN NaN 
NaN NaN NaN NaN NaN NaN NaN NaN NaN NaN NaN NaN NaN NaN NaN NaN NaN NaN NaN NaN NaN NaN NaN NaN NaN NaN NaN NaN NaN NaN NaN NaN NaN NaN NaN NaN NaN NaN NaN NaN 
NaN NaN NaN NaN NaN NaN NaN NaN NaN NaN NaN NaN NaN NaN NaN NaN NaN NaN NaN NaN NaN NaN NaN NaN NaN NaN NaN NaN NaN NaN NaN NaN NaN NaN NaN NaN NaN NaN NaN NaN 
NaN NaN NaN NaN NaN NaN NaN NaN NaN NaN NaN NaN NaN NaN NaN NaN NaN NaN NaN NaN NaN NaN NaN NaN NaN NaN NaN NaN NaN NaN NaN NaN NaN NaN NaN NaN NaN NaN NaN NaN 
NaN NaN NaN NaN NaN NaN NaN NaN NaN NaN NaN NaN NaN NaN NaN NaN NaN NaN NaN NaN NaN NaN NaN NaN NaN NaN NaN NaN NaN NaN NaN NaN NaN NaN NaN NaN NaN NaN NaN NaN 
NaN NaN NaN NaN NaN NaN NaN NaN NaN NaN NaN NaN NaN NaN NaN NaN NaN NaN NaN NaN NaN NaN NaN NaN NaN NaN NaN NaN NaN NaN NaN NaN NaN NaN NaN NaN NaN NaN NaN NaN 
NaN NaN NaN NaN NaN NaN NaN NaN NaN NaN NaN NaN NaN NaN NaN NaN NaN NaN NaN NaN NaN NaN NaN NaN NaN NaN NaN NaN NaN NaN NaN NaN NaN NaN NaN NaN NaN NaN NaN NaN 
NaN NaN NaN NaN NaN NaN NaN NaN NaN NaN NaN NaN NaN NaN NaN NaN NaN NaN NaN NaN NaN NaN NaN NaN NaN NaN NaN NaN NaN NaN NaN NaN NaN NaN NaN NaN NaN NaN NaN NaN 
NaN NaN NaN NaN NaN NaN NaN NaN NaN NaN NaN NaN NaN NaN NaN NaN NaN NaN NaN NaN NaN NaN NaN NaN NaN NaN NaN NaN NaN NaN NaN NaN NaN NaN NaN NaN NaN NaN NaN NaN 
NaN NaN NaN NaN NaN NaN NaN NaN NaN NaN NaN NaN NaN NaN NaN NaN NaN NaN NaN NaN NaN NaN NaN NaN NaN NaN NaN NaN NaN NaN NaN NaN NaN NaN NaN NaN NaN NaN NaN NaN 
NaN NaN NaN NaN NaN NaN NaN NaN NaN NaN NaN NaN NaN NaN NaN NaN NaN NaN NaN NaN NaN NaN NaN NaN NaN NaN NaN NaN NaN NaN NaN NaN NaN NaN NaN NaN NaN NaN NaN NaN 
NaN NaN NaN NaN NaN NaN NaN NaN NaN NaN NaN NaN NaN NaN NaN NaN NaN NaN NaN NaN NaN NaN NaN NaN NaN NaN NaN NaN NaN NaN NaN NaN NaN NaN NaN NaN NaN NaN NaN NaN 
NaN NaN NaN NaN NaN NaN NaN NaN NaN NaN NaN NaN NaN NaN NaN NaN NaN NaN NaN NaN NaN NaN NaN NaN NaN NaN NaN NaN NaN NaN NaN NaN NaN NaN NaN NaN NaN NaN NaN NaN 
NaN NaN NaN NaN NaN NaN NaN NaN NaN NaN NaN NaN NaN NaN NaN NaN NaN NaN NaN NaN NaN NaN NaN NaN NaN NaN NaN NaN NaN NaN NaN NaN NaN NaN NaN NaN NaN NaN NaN NaN 
NaN NaN NaN NaN NaN NaN NaN NaN NaN NaN NaN NaN NaN NaN NaN NaN NaN NaN NaN NaN NaN NaN NaN NaN NaN NaN NaN NaN NaN NaN NaN NaN NaN NaN NaN NaN NaN NaN NaN NaN 
NaN NaN NaN NaN NaN NaN NaN NaN NaN NaN NaN NaN NaN NaN NaN NaN NaN NaN NaN NaN NaN NaN NaN NaN NaN NaN NaN NaN NaN NaN NaN NaN NaN NaN NaN NaN NaN NaN NaN NaN 
NaN NaN NaN NaN NaN NaN NaN NaN NaN NaN NaN NaN NaN NaN NaN NaN NaN NaN NaN NaN NaN NaN NaN NaN NaN NaN NaN NaN NaN NaN NaN NaN NaN NaN NaN NaN NaN NaN NaN NaN 
NaN NaN NaN NaN NaN NaN NaN NaN NaN NaN NaN NaN NaN NaN NaN NaN NaN NaN NaN NaN NaN NaN NaN NaN NaN NaN NaN NaN NaN NaN NaN NaN NaN NaN NaN NaN NaN NaN NaN NaN 
NaN NaN NaN NaN NaN NaN NaN NaN NaN NaN NaN NaN NaN NaN NaN NaN NaN NaN NaN NaN NaN NaN NaN NaN NaN NaN NaN NaN NaN NaN NaN NaN NaN NaN NaN NaN NaN NaN NaN NaN 
NaN NaN NaN NaN NaN NaN NaN NaN NaN NaN NaN NaN NaN NaN NaN NaN NaN NaN NaN NaN NaN NaN NaN NaN NaN NaN NaN NaN NaN NaN NaN NaN NaN NaN NaN NaN NaN NaN NaN NaN 
NaN NaN NaN NaN NaN NaN NaN NaN NaN NaN NaN NaN NaN NaN NaN NaN NaN NaN NaN NaN NaN NaN NaN NaN NaN NaN NaN NaN NaN NaN NaN NaN NaN NaN NaN NaN NaN NaN NaN NaN 
NaN NaN NaN NaN NaN NaN NaN NaN NaN NaN NaN NaN NaN NaN NaN NaN NaN NaN NaN NaN NaN NaN NaN NaN NaN NaN NaN NaN NaN NaN NaN NaN NaN NaN NaN NaN NaN NaN NaN NaN 
NaN NaN NaN NaN NaN NaN NaN NaN NaN NaN NaN NaN NaN NaN NaN NaN NaN NaN NaN NaN NaN NaN NaN NaN NaN NaN NaN NaN NaN NaN NaN NaN NaN NaN NaN NaN NaN NaN NaN NaN 
NaN NaN NaN NaN NaN NaN NaN NaN NaN NaN NaN NaN NaN NaN NaN NaN NaN NaN NaN NaN NaN NaN NaN NaN NaN NaN NaN NaN NaN NaN NaN NaN NaN NaN NaN NaN NaN NaN NaN NaN 
NaN NaN NaN NaN NaN NaN NaN NaN NaN NaN NaN NaN NaN NaN NaN NaN NaN NaN NaN NaN NaN NaN NaN NaN NaN NaN NaN NaN NaN NaN NaN NaN NaN NaN NaN NaN NaN NaN NaN NaN 
NaN NaN NaN NaN NaN NaN NaN NaN NaN NaN NaN NaN NaN NaN NaN NaN NaN NaN NaN NaN NaN NaN NaN NaN NaN NaN NaN NaN NaN NaN NaN NaN NaN NaN NaN NaN NaN NaN NaN NaN 
NaN NaN NaN NaN NaN NaN NaN NaN NaN NaN NaN NaN NaN NaN NaN NaN NaN NaN NaN NaN NaN NaN NaN NaN NaN NaN NaN NaN NaN NaN NaN NaN NaN NaN NaN NaN NaN NaN NaN NaN 
-93.800325 -93.894736 -94.052715 -94.321697 -94.691836 -95.221722 -95.888807 -96.780290 -98.036252 -99.662491 -101.890015 -105.213907 -110.512835 -117.330704 -112.328723 -107.348701 -104.795850 -103.693816 -103.703248 -104.804274 -107.162977 -110.651232 -112.664874 -111.646399 -111.665810 -114.678676 -113.995903 -108.196230 -105.543567 -106.700469 -113.445523 -110.088140 -104.593080 -105.688574 -112.140015 -107.178765 -105.786855 -110.911348 -116.475154 -109.240193 
-58.906125 -64.670169 -68.994915 -71.302827 -77.748059 -76.180416 -76.179750 -81.135059 -82.794949 -76.879428 -77.120112 -75.748583 -79.383923 -88.840204 -84.204907 -81.657034 -84.008153 -81.183066 -81.784017 -80.772253 -81.409169 -83.709165 -87.656822 -83.204216 -79.556097 -83.684726 -80.319973 -76.956644 -77.553839 -81.284580 -80.605049 -77.464881 -76.337419 -77.143865 -76.825684 -78.747262 -78.786561 -80.499876 -78.293109 -79.109476 
-56.485112 -74.770265 -77.156708 -69.727393 -69.076790 -73.047862 -72.024516 -76.280854 -79.740534 -73.571472 -73.808768 -72.545393 -76.202898 -82.612926 -77.445337 -75.069079 -78.657813 -78.509815 -79.020456 -72.793158 -75.815250 -77.842892 -76.269252 -76.977501 -72.784872 -76.863563 -76.660541 -78.995580 -76.325954 -76.226941 -76.549463 -76.183417 -73.345643 -76.705294 -76.858536 -76.218138 -75.345096 -77.154809 -76.523349 -76.110044 
-59.769749 -74.957052 -75.275258 -73.475758 -71.236917 -70.718605 -76.382212 -71.388945 -68.558022 -73.664502 -74.998284 -75.820163 -80.462512 -81.022176 -73.527111 -73.176882 -72.386918 -73.184603 -77.043737 -76.061291 -71.622892 -72.385618 -72.710475 -75.713818 -76.675597 -75.119870 -74.754579 -76.501106 -73.172908 -77.839465 -79.000491 -75.882634 -75.320949 -75.937159 -79.302293 -76.215608 -74.816358 -74.668271 -74.764995 -75.895907 
-52.926865 -61.063810 -61.494041 -60.136880 -59.944796 -58.978153 -61.569769 -60.780717 -62.672615 -62.110703 -62.509948 -63.628613 -65.998541 -65.448495 -65.825661 -67.997420 -66.333182 -67.978924 -69.618277 -71.169731 -69.591563 -70.373326 -70.586339 -72.477018 -72.186550 -69.945191 -71.933427 -72.174761 -72.906246 -73.695459 -76.443968 -76.937634 -74.998990 -74.735749 -70.978086 -74.741888 -74.848473 -72.835109 -73.130031 -74.767889 
-30.021320 -33.635445 -36.572516 -39.324307 -41.805741 -46.381053 -47.068602 -46.191524 -46.509728 -49.116668 -49.715759 -48.662311 -50.881831 -52.283866 -52.001060 -52.416816 -53.727487 -54.754687 -57.015269 -56.684190 -57.755480 -58.397453 -60.356876 -60.369156 -62.099434 -62.862064 -62.451113 -64.253855 -64.571823 -69.522038 -69.530459 -66.195446 -67.740076 -65.434752 -64.034974 -64.334150 -64.577941 -66.100284 -67.238096 -68.169218 
-23.824993 -29.034796 -37.222808 -45.448585 -50.779096 -51.398829 -56.998242 -53.862337 -54.996047 -61.336267 -63.892372 -59.723091 -62.771077 -64.727030 -62.926411 -64.055210 -67.505843 -62.939833 -66.175022 -70.214036 -65.216526 -67.279005 -67.250620 -61.387155 -63.626474 -68.491865 -69.961219 -67.840325 -65.797427 -67.736817 -66.869442 -65.981948 -69.662000 -68.900258 -67.354422 -69.084041 -69.667019 -70.123776 -68.953058 -71.562345 
-22.240433 -25.963388 -33.567193 -51.441636 -51.263573 -55.333364 -61.610029 -60.965737 -64.437488 -65.373428 -62.596457 -64.749205 -64.428699 -64.939416 -66.405737 -62.647494 -63.215103 -61.741337 -66.803919 -70.438400 -66.376289 -66.609570 -64.629177 -62.404701 -67.701823 -69.424359 -68.533720 -66.056387 -64.735799 -67.161266 -69.562137 -68.776981 -68.941698 -68.419271 -66.535846 -67.381886 -67.252610 -68.914594 -69.322559 -67.864665 
-26.751296 -29.108046 -34.098219 -43.074746 -45.764945 -52.385707 -61.847085 -58.042811 -59.555326 -63.320393 -61.626613 -60.332402 -65.890544 -65.736074 -65.138998 -60.696776 -63.087703 -62.995777 -62.136737 -68.951989 -68.103948 -63.190581 -63.109673 -64.067018 -66.886251 -65.060627 -64.608632 -66.125567 -62.224009 -65.551770 -68.497421 -67.346055 -65.174574 -67.592673 -63.759799 -65.862780 -62.895087 -67.003724 -67.336460 -67.427110 
-36.828417 -31.775205 -36.796107 -47.685401 -47.958882 -50.219226 -52.993076 -48.034816 -44.124334 -49.461247 -48.945987 -48.014302 -55.906040 -49.800106 -46.253721 -41.757345 -41.481124 -38.422834 -35.625806 -42.685064 -42.691564 -36.463584 -38.117456 -39.146860 -35.245241 -40.194563 -52.897453 -49.175430 -50.193150 -47.615698 -42.684720 -43.832212 -45.978987 -57.429163 -61.123708 -62.919225 -57.641386 -48.635549 -63.957072 -62.291001 
-17.591211 -14.050640 -14.497699 -21.231148 -23.604446 -19.887886 -16.813199 -14.667089 -18.170744 -23.101375 -24.194201 -17.594441 -16.657550 -21.752419 -24.395926 -15.860598 -15.226715 -12.740244 -11.324537 -11.465145 -8.128271 -7.007634 -10.608624 -12.667009 -16.041013 -24.498847 -33.629333 -21.099458 -22.098447 -25.881249 -24.005216 -25.977230 -25.982951 -30.700017 -33.105112 -29.686040 -28.496884 -27.533100 -35.651857 -36.006946 
-0.268793 1.896844 -1.957184 -11.078243 -12.209157 -5.945705 -6.430783 -3.983045 -9.992600 -10.429878 -11.242052 -7.937505 -7.289701 -9.311258 -9.126662 -7.448367 -9.635062 -9.240526 -3.339184 -6.616091 -1.247377 1.083955 -5.917168 -6.482669 -10.150336 -21.760463 -24.770187 -12.953489 -13.311079 -20.351180 -17.487262 -14.924760 -16.701241 -22.789520 -24.844207 -18.290977 -19.543271 -14.271030 -22.278772 -23.478166 
-1.936246 -2.524002 -8.172183 -12.988773 -14.192343 -9.808582 -5.308291 -5.314244 -8.478891 -12.196109 -12.845678 -6.659529 -9.010147 -12.787531 -19.783346 -16.587916 -15.826978 -19.741779 -10.865978 -8.551766 -5.334031 -5.648457 -7.920064 -11.885520 -14.960890 -15.349517 -18.159897 -14.766204 -20.002274 -19.330649 -16.848079 -18.630942 -12.694531 -15.597548 -18.516021 -16.239609 -16.698691 -14.942067 -17.759845 -22.032706 
-5.185685 -3.638120 -7.068105 -14.772873 -9.736563 -7.725801 -7.660468 -3.840754 -7.082484 -6.366063 -12.331948 -2.768799 -4.552531 -15.659968 -16.970910 -16.712253 -14.563535 -13.041406 -5.220012 -0.557704 -0.747387 -3.677151 -4.205261 -8.578397 -9.868815 -8.651390 -14.658807 -11.932479 -15.357135 -14.984047 -16.190426 -19.768926 -10.676268 -15.960975 -19.679180 -16.939848 -15.740226 -12.061064 -18.581840 -23.060225 
-12.214254 -5.902916 -7.360698 -5.960286 -7.425795 -10.916483 -5.300034 -2.598346 -0.005653 -5.078203 -4.297830 -0.556338 -3.528867 -6.974154 -11.665769 -18.363343 -13.668390 -7.404142 -8.135169 -1.316244 -2.024785 -0.449049 -0.949566 -8.758468 -10.528741 -11.961590 -15.699696 -10.403402 -14.199377 -22.216877 -22.646869 -17.043568 -18.824530 -21.781569 -19.443624 -17.382235 -12.679147 -12.016097 -16.147449 -22.126416 
-13.275656 -9.859094 -10.764626 -5.288042 -10.165271 -11.608933 -6.224978 -13.288466 -7.600584 -5.128544 -7.033298 -2.564297 -3.658194 -11.159601 -12.167328 -8.942811 -2.248476 -5.728727 -5.818819 4.194752 0.714773 -5.472352 -4.822912 -6.032491 -11.626612 -16.812083 -14.904340 -11.718501 -15.646702 -20.719647 -24.790405 -19.210566 -18.940853 -20.889805 -18.819500 -20.277719 -13.491094 -10.136442 -16.404342 -25.327287 
-6.172802 0.056526 -4.161837 -8.989438 -7.117618 -13.925287 -16.506575 -6.136697 -4.465175 -3.775595 -4.698253 -3.515323 4.829623 -2.528047 -5.747786 -4.690809 -5.557338 -7.662920 -3.170667 3.257849 -0.238833 -6.217921 -3.291208 -7.981629 -18.726649 -20.220890 -16.578652 -12.899901 -15.306973 -23.451353 -30.241465 -20.503394 -22.294150 -17.827247 -13.971371 -18.479297 -15.002356 -8.540533 -16.755861 -25.652251 
-6.253374 9.549590 13.876462 6.720449 -4.605911 -1.684617 -3.987414 -5.992081 -1.611686 -0.273907 -0.028458 1.329923 -1.878842 2.293196 -1.381483 -3.773065 -5.023114 0.493007 0.882407 -0.008986 -4.695355 -6.242032 -4.885543 -12.369646 -19.395138 -20.550411 -20.906519 -16.139777 -16.054883 -22.043478 -29.493157 -26.553745 -25.368719 -23.096963 -22.171780 -22.080483 -16.394460 -9.819824 -17.702943 -26.421487 
2.138011 15.296678 21.756008 15.827849 4.762463 9.502655 7.235094 9.347772 5.219944 10.244507 11.880016 11.623037 5.895479 6.945187 5.335378 3.693161 3.797473 7.694978 7.534904 4.619234 -2.632046 -4.442239 -6.476508 -11.482297 -16.728793 -18.232831 -17.251631 -15.559194 -21.185715 -22.112151 -31.921593 -29.261009 -31.878186 -30.188341 -31.014564 -30.524039 -24.058205 -15.314781 -21.157381 -27.253575 
-1.763176 12.863569 20.945220 14.499881 10.981686 13.958444 5.692420 11.473916 8.693836 18.569038 17.064741 20.349841 11.010219 8.256592 6.894045 6.150611 9.225339 12.292392 11.613822 6.993968 2.993540 5.131923 2.934074 -4.040785 -7.630958 -6.997053 -7.384765 -11.058217 -15.671205 -21.528317 -27.709078 -25.988351 -27.416884 -31.135034 -32.711311 -33.471254 -27.852907 -18.851650 -24.745882 -32.100278 
-10.433792 7.887282 16.138697 8.980215 9.288006 12.305409 1.437071 8.203161 7.784837 19.784455 15.183055 22.798100 13.065588 6.642788 6.018035 8.533243 10.130482 13.445405 9.848000 2.830536 1.519617 5.750880 5.675755 -2.210376 -6.266881 -5.176250 -2.546645 -5.878552 -9.826146 -18.088211 -30.023568 -25.576579 -25.859454 -31.264968 -35.030117 -36.823461 -30.415032 -25.139468 -29.862090 -33.859234 
-11.187781 0.049942 10.658545 3.730351 3.505178 9.014888 -1.584423 6.027619 4.705589 16.535209 14.826912 22.413499 8.384212 3.331051 5.442131 8.018632 10.584004 9.285183 3.322468 -0.800169 -5.652996 -1.933434 1.273435 -3.109337 -13.457509 -12.899153 -11.823365 -10.817918 -13.118780 -22.372322 -34.646859 -28.826351 -25.455068 -33.457428 -36.127137 -35.113534 -33.290642 -26.848136 -27.542738 -36.253068 
-8.634789 0.028778 9.641084 3.221112 3.895563 8.447366 -2.030957 4.940014 3.429452 15.605112 12.967450 20.672131 8.161972 4.551769 6.113989 9.281291 12.259163 6.760653 -4.111316 -5.093568 -9.010353 -7.762548 -2.615991 -8.610806 -16.243200 -20.199712 -17.000670 -14.358465 -14.462249 -24.716102 -38.248346 -34.593283 -32.757571 -35.744963 -37.275752 -35.796529 -31.774707 -26.933505 -34.885937 -42.385170 
-18.901732 1.278591 10.647734 4.310467 4.425087 9.130859 0.075562 6.501602 4.573913 15.584419 14.037838 20.825524 9.317547 6.279261 7.868717 11.346806 11.381778 6.788269 -4.083958 -6.481298 -10.356756 -11.651333 -4.999149 -7.193328 -16.049515 -20.883717 -19.015133 -11.652585 -11.269135 -20.762313 -37.438812 -32.217425 -29.231767 -32.292534 -37.320901 -38.143206 -31.617364 -27.238517 -34.834498 -41.902027 
-15.245298 1.995112 11.121060 4.658150 5.977816 9.162326 0.590551 7.038626 5.032884 14.990332 16.951503 20.359680 11.579724 8.299135 10.773935 13.480616 11.609097 3.471200 -5.723876 -10.317972 -16.162519 -8.440700 -6.869013 -9.390183 -19.601654 -20.173103 -27.053604 -17.281279 -13.098336 -21.844263 -37.812471 -32.242443 -30.859940 -33.122661 -39.379262 -39.440383 -32.071543 -25.332255 -36.425138 -49.870986 
-13.367376 3.309760 11.264630 3.668363 7.516528 9.012221 1.740606 6.689530 9.306455 14.487368 18.556068 18.369839 12.719334 9.257331 10.732830 13.536538 9.831725 0.223254 -6.782485 -11.201167 -15.292564 -10.925590 -7.771048 -13.667861 -22.031870 -25.736462 -32.164394 -19.083939 -13.475181 -21.049024 -31.765812 -33.461793 -31.176956 -33.339157 -38.347162 -40.273534 -37.634721 -28.896364 -33.870878 -40.780847 
-13.352138 4.222348 11.237445 2.976185 9.104337 8.015298 1.637628 4.908890 9.883454 12.795277 17.991675 16.178604 13.740326 11.290631 11.451719 12.995828 9.467001 -2.891505 -12.268064 -14.566452 -16.776144 -14.214774 -9.166000 -11.236804 -25.341313 -24.640701 -29.717311 -19.768171 -14.800538 -21.608431 -31.213792 -29.758782 -27.571988 -31.894995 -36.672933 -36.003856 -35.425795 -27.012816 -30.497956 -38.375260 
-11.940856 5.722397 11.309301 4.142069 10.190561 6.654054 3.416931 3.646143 10.238834 9.771801 17.871421 13.483353 13.602332 14.328006 13.606348 13.741215 7.256355 -6.590726 -11.252508 -14.694788 -17.361913 -12.085801 -11.517944 -13.307978 -22.210605 -27.703964 -27.458420 -18.238012 -15.824662 -23.963273 -34.426603 -29.036086 -25.209007 -30.630854 -44.904793 -47.801086 -43.944224 -27.909875 -31.225473 -48.797186 
-10.377018 8.106070 11.463055 4.098333 10.383486 4.397092 4.244063 2.606223 8.577290 11.684945 14.769514 15.622950 12.237101 9.928638 10.031897 13.185697 1.842045 -5.929283 -13.825166 -18.827026 -18.618736 -15.114433 -10.641319 -11.475142 -26.726873 -37.254466 -25.965745 -18.732506 -14.693616 -27.829162 -38.397764 -28.959941 -27.576765 -32.808677 -46.632522 -56.125443 -49.171432 -30.725628 -30.412387 -48.547366 
-7.204042 8.873990 11.060061 5.888299 9.155701 2.366453 2.975655 1.592152 4.544353 12.800401 9.595283 11.789552 8.737714 6.622844 7.850408 6.773309 -6.665038 -9.056656 -13.993163 -20.069379 -21.258188 -15.431002 -9.013792 -11.526444 -25.311323 -30.422287 -25.666643 -16.994164 -17.176346 -25.651130 -37.529299 -31.531997 -32.160633 -33.692492 -41.124193 -45.341802 -42.555912 -33.148986 -35.090867 -44.453381 
-3.666681 9.880940 10.051643 6.700128 7.062016 1.310015 -0.010919 2.240512 7.182877 11.838350 12.092388 6.600300 3.558736 3.904126 8.653145 3.350427 -7.807064 -12.555267 -18.349151 -19.550381 -21.625792 -17.393368 -11.086268 -16.757611 -27.599057 -31.193418 -27.718926 -17.105887 -23.564942 -30.492824 -39.680560 -32.453454 -34.197176 -38.555934 -44.484498 -63.424256 -48.343298 -35.991154 -37.011300 -52.432189 
-2.845330 10.178020 8.108824 6.479160 3.871783 -2.559842 -1.325023 1.769217 1.439936 5.916938 5.703460 0.607286 -0.849174 -1.695366 3.434629 0.717309 -13.496591 -17.554632 -19.977791 -22.755868 -23.588757 -19.642785 -16.512961 -22.403192 -30.722618 -31.137552 -28.931951 -19.048497 -22.973146 -30.316275 -38.054969 -33.462840 -38.512134 -36.306802 -42.067204 -43.623470 -42.260021 -33.875450 -36.130940 -43.906447 
-1.361538 9.808616 7.063715 6.402279 3.062471 -5.032021 -3.659540 0.117085 -2.912410 2.357457 0.243748 -10.806148 -9.270309 -11.435930 -3.004481 -5.520231 -12.733095 -15.452968 -21.331068 -23.946209 -25.778138 -20.758844 -20.687397 -26.113855 -35.120300 -34.517115 -27.503058 -22.190453 -26.386833 -34.790300 -44.048278 -32.934871 -37.067039 -37.434752 -45.543736 -60.058209 -53.398417 -33.333646 -36.196104 -45.823257 
-0.665160 9.190661 5.690523 3.968766 -0.840920 -7.402749 -6.012702 -4.611802 -3.022936 -1.199125 -4.277826 -13.295473 -11.290290 -12.236704 -9.138525 -8.503405 -11.111063 -15.098389 -25.284856 -26.999948 -25.984888 -19.101198 -23.435547 -30.401101 -35.398463 -34.527520 -27.880702 -22.979485 -29.375137 -33.999280 -43.609663 -33.705496 -37.254504 -39.900192 -46.104274 -51.856796 -48.879387 -35.527389 -36.506541 -44.426173 
-1.743358 7.623975 3.372905 0.478191 -4.786874 -5.983734 -5.483973 -8.039176 -7.928763 -13.331475 -8.911688 -13.120410 -18.574086 -16.316670 -12.237848 -10.467881 -13.330808 -17.700988 -26.654222 -30.245134 -30.794620 -21.489036 -23.810297 -33.620491 -39.520732 -37.487834 -31.163299 -26.875454 -30.977769 -39.113157 -46.302847 -38.489748 -41.254722 -45.447991 -51.696278 -57.367611 -48.065034 -37.352499 -40.551202 -50.815767 
-2.674034 6.847465 2.859032 -3.194643 -6.262307 -4.189675 -5.788530 -8.628630 -10.657804 -11.910258 -14.956769 -20.791616 -23.024692 -19.336294 -18.392244 -18.793105 -16.525162 -16.238102 -23.899425 -33.543367 -34.646199 -24.094873 -28.044461 -34.030693 -43.448488 -39.864905 -35.149912 -29.134069 -33.242043 -41.693235 -50.343755 -47.574753 -47.079700 -46.660000 -49.155383 -54.115187 -48.641857 -38.586754 -42.442351 -52.546793 
-2.082306 5.750464 1.200533 -6.677426 -7.145144 -6.114762 -11.775750 -14.159685 -17.906709 -18.911370 -20.057460 -25.318486 -26.416127 -27.451251 -27.884612 -28.329928 -24.950993 -20.481787 -29.895728 -33.457915 -33.155785 -24.058315 -26.345684 -32.554500 -37.805944 -36.371642 -28.505160 -25.659240 -31.388245 -41.602727 -52.750879 -48.203746 -47.774221 -45.647982 -47.881532 -49.099814 -46.495675 -38.926604 -44.630716 -49.755293 
-4.447844 0.233143 -7.178979 -14.440073 -14.543362 -15.098961 -21.381035 -26.786005 -23.635570 -22.406391 -29.815343 -34.345338 -38.746623 -40.767426 -40.584557 -32.218012 -22.702970 -23.116731 -31.024547 -39.053752 -40.494174 -28.904093 -31.777368 -39.440192 -41.107104 -40.710127 -30.330729 -28.255001 -37.560531 -47.610550 -60.972879 -53.772135 -52.351168 -46.374870 -49.505739 -44.301766 -43.260951 -44.468073 -48.419826 -53.496112 
-25.209707 -13.488680 -14.621475 -22.989023 -26.585765 -29.848118 -30.233206 -26.807790 -25.181490 -25.082467 -30.754862 -40.524052 -38.587135 -38.675333 -38.961855 -35.599112 -34.699560 -35.611407 -37.108728 -41.097680 -44.979833 -38.820150 -42.438493 -46.642530 -49.016798 -49.523244 -45.039489 -49.046072 -50.663745 -58.852755 -70.509401 -63.332062 -58.771381 -54.389683 -56.215028 -56.508106 -52.491738 -53.104870 -54.618073 -59.920625 
-22.965728 -26.276742 -25.649159 -30.749504 -35.934509 -33.704586 -35.309623 -29.759908 -33.036529 -33.775077 -37.845266 -38.447803 -47.122559 -46.447259 -40.571854 -35.994647 -38.091587 -40.776184 -46.585514 -53.598847 -50.525666 -46.735681 -49.611663 -53.764326 -60.570982 -56.975300 -55.892882 -54.920429 -57.145363 -60.267051 -67.293427 -64.576841 -64.772807 -59.310295 -62.615597 -62.956747 -58.927643 -58.731595 -60.789340 -64.222432 
-28.936296 -31.619257 -35.066791 -38.184214 -39.332420 -36.238310 -38.332565 -40.574997 -42.859115 -34.144293 -39.387122 -39.251702 -45.413342 -49.847453 -49.068110 -39.910906 -39.175699 -42.357537 -45.655081 -52.242044 -52.304391 -55.751178 -58.651621 -60.241668 -51.587426 -55.129842 -57.997079 -55.782127 -53.518520 -53.126979 -58.716302 -59.734184 -61.980758 -62.327485 -62.010037 -61.675206 -61.196506 -63.581130 -66.216580 -68.247724 
-24.492256 -25.064368 -28.132194 -25.673485 -27.083643 -24.105492 -23.370649 -24.260187 -25.550159 -24.030187 -26.166985 -23.786035 -24.330516 -24.558758 -24.918904 -24.897734 -25.032952 -25.846191 -24.515784 -24.594601 -23.527317 -22.610845 -23.176158 -21.883308 -20.193828 -20.512915 -17.800193 -16.335778 -20.255616 -23.151656 -28.085670 -31.522132 -34.689464 -38.604275 -39.161608 -37.057946 -38.304440 -40.683494 -45.084951 -52.561665 
-18.145058 -20.178805 -17.563870 -14.150350 -17.791337 -18.012231 -13.122027 -17.348210 -20.805442 -15.689157 -22.288968 -16.500388 -20.719104 -17.135012 -20.636304 -18.563033 -20.484702 -21.192530 -19.906730 -19.365349 -19.275039 -17.968657 -19.353946 -17.503555 -14.933857 -16.242661 -12.830617 -9.343567 -12.434917 -16.379726 -19.760400 -23.310516 -26.301768 -18.883582 -18.419150 -25.492232 -24.097912 -22.666591 -26.185246 -29.416483 
-17.922265 -19.421273 -21.235231 -25.819003 -26.775542 -24.026359 -25.660559 -29.449149 -30.758414 -30.777315 -29.722884 -29.716763 -27.682013 -29.375029 -27.401091 -23.858531 -27.455006 -25.740204 -26.720705 -26.082319 -22.955579 -22.794532 -17.144140 -15.024638 -11.656571 -6.587354 -4.072999 -1.953995 -2.028357 -10.195329 -12.537430 -12.857080 -14.490505 -10.340457 -10.059664 -10.275971 -7.520622 -9.783768 -15.499150 -19.901180 
-18.999822 -22.811929 -30.066252 -30.121826 -33.633205 -31.772132 -39.712411 -36.698023 -38.260885 -39.585636 -34.608460 -29.468425 -29.062904 -26.969075 -28.514137 -28.775145 -26.215424 -24.823434 -22.164560 -17.774683 -23.871624 -29.222969 -14.859677 -14.677160 -12.533119 -7.648711 -3.151055 4.881567 -2.487003 -9.234711 -13.949170 -11.116570 -9.716929 -7.281675 -9.516274 -7.525845 -3.415516 -5.614977 -12.309699 -17.950517 
-27.539761 -25.802833 -31.213164 -35.067809 -29.416234 -30.003307 -35.865360 -38.227190 -40.089914 -36.888159 -34.043739 -39.616969 -32.462744 -26.539378 -31.987464 -33.531731 -31.681286 -26.059305 -22.162105 -18.169242 -19.667524 -24.074844 -15.062508 -10.416158 -11.384486 -6.249501 1.933335 5.536825 1.231310 -8.018948 -13.793000 -9.071534 -6.604132 -2.459691 -6.534801 -6.060771 -0.404691 -4.856867 -8.439408 -15.556193 
-19.871121 -27.990753 -38.506519 -30.975200 -31.811614 -37.660349 -37.163692 -30.328198 -35.593924 -35.110817 -28.546415 -25.416391 -24.925460 -24.259403 -26.640255 -31.871170 -29.624474 -27.639065 -24.550507 -16.256552 -19.544703 -18.779078 -13.657786 -8.075841 -11.476192 -4.202194 0.007091 4.861750 0.830927 -5.955118 -8.006727 -4.089622 -5.502313 -5.487556 -3.688224 -5.057310 -3.058512 -2.483500 -7.291299 -12.223850 
-20.664939 -22.216546 -30.439898 -38.574449 -35.026146 -33.189341 -30.112685 -29.260114 -32.940999 -36.061223 -36.286618 -31.028915 -30.059100 -29.152577 -28.224031 -29.348990 -28.006010 -27.352147 -24.775396 -16.227518 -13.891278 -19.845846 -12.881291 -3.387895 -8.198795 -0.999518 5.835666 6.953306 -0.819987 -7.461797 -8.379718 -3.862794 -6.735887 -5.023854 -5.108634 -2.058868 -0.499185 -3.759558 -10.877789 -13.108749 
-28.799831 -30.322428 -32.224738 -37.605720 -35.076979 -35.872383 -31.528540 -30.116024 -26.870144 -27.166474 -29.024474 -29.658673 -25.267771 -26.931755 -30.563867 -33.382731 -26.749937 -24.486317 -24.062165 -16.134877 -17.061698 -17.472521 -9.713591 -2.631226 -8.437685 -3.408039 4.911198 7.627625 -0.842403 -4.719315 -6.251878 -6.053818 -8.015512 -5.611999 -8.412880 -1.425024 0.157855 -2.939289 -8.565389 -13.158950 
-26.275186 -33.040159 -37.234536 -39.346418 -34.583990 -33.213026 -32.148495 -31.476956 -33.776105 -29.926845 -25.263632 -29.098671 -25.520058 -22.171551 -27.980073 -32.282968 -27.850929 -27.193107 -30.690391 -16.286278 -14.122205 -15.381734 -9.488335 0.929965 -4.005382 -4.400610 2.139646 4.436606 2.005721 -4.381410 -7.766441 -3.226357 -3.503328 -2.758087 -5.883741 -3.301191 -2.437894 -5.204509 -10.499665 -14.895766 
-21.873873 -29.041425 -34.798239 -37.930819 -28.725052 -29.233353 -31.975194 -34.285116 -33.030580 -33.687563 -34.820961 -27.951527 -26.973452 -23.148223 -25.105178 -27.783494 -29.424293 -24.456091 -25.705591 -19.433563 -12.618822 -13.665059 -8.953228 -4.060294 -6.836198 -5.840355 6.536769 7.706821 0.508832 -7.113959 -12.146616 -4.870013 -7.577926 -5.689935 -5.798034 -4.882090 -3.317939 -7.017920 -10.687024 -12.720568 
-22.085583 -23.934997 -32.779312 -35.865228 -31.873994 -31.288608 -33.729250 -34.579002 -34.611712 -31.113404 -27.876981 -28.856384 -22.441800 -25.223877 -29.072695 -29.190684 -26.281366 -28.182903 -22.364069 -17.004750 -10.750890 -12.192905 -4.074835 -0.937856 -10.971597 -4.017671 6.286355 3.509720 0.023905 -4.603914 -13.452342 -9.760185 -6.201431 -4.910989 -6.218138 -4.928626 -0.862538 -3.579147 -9.869572 -13.443117 
-24.322943 -28.754717 -29.738744 -36.012950 -32.862305 -26.553769 -29.723121 -36.985323 -32.795818 -25.525569 -25.292438 -29.944815 -22.905000 -28.353858 -28.545982 -29.629701 -27.686676 -26.234735 -20.667722 -16.093494 -10.200673 -15.144225 -5.417281 -2.503905 -11.754057 -5.993846 4.941453 1.981165 -2.158640 -7.478201 -15.501110 -8.821850 -8.686745 -5.986136 -5.119153 -6.398798 -4.171433 -6.112675 -9.729566 -13.565330 
-22.539164 -21.376160 -29.384674 -38.158235 -31.896494 -32.722883 -31.200877 -30.890073 -27.843195 -32.074260 -30.610545 -30.595476 -27.569704 -30.157942 -34.175565 -28.352340 -26.231554 -21.000114 -19.236637 -18.452472 -10.812772 -13.878661 -3.917127 -1.433597 -7.912756 -2.393020 4.075936 1.494001 -2.578924 -10.458958 -17.253154 -10.307092 -8.080041 -7.214698 -7.876045 -5.876027 -5.807549 -8.125410 -13.161330 -18.295829 
-17.754299 -20.906232 -33.077835 -44.798573 -34.659271 -29.427100 -30.966201 -28.576776 -23.441011 -30.498100 -32.884936 -29.770725 -25.126674 -25.763378 -29.569540 -29.390215 -31.087856 -28.862043 -21.948800 -17.335929 -11.970096 -15.645869 -11.108495 -6.984567 -14.708563 -4.544980 4.598485 1.616713 -6.976347 -10.839629 -15.227851 -9.938234 -10.726382 -8.690139 -9.959991 -9.873231 -9.951328 -10.572992 -13.768877 -22.019976 
-29.394242 -24.657001 -30.484250 -38.974925 -39.516312 -28.628861 -28.566189 -28.371003 -23.580239 -26.947938 -25.625371 -37.884901 -31.126864 -32.008688 -35.292752 -29.615684 -29.944918 -24.174732 -19.697300 -19.022746 -18.794786 -14.488325 -9.831922 -7.699342 -15.972445 -3.574690 -3.196410 -1.686877 -9.829979 -13.304150 -19.879881 -15.460840 -14.277163 -12.449951 -12.048582 -11.490763 -14.185442 -12.442504 -17.644600 -23.872458 
-23.804662 -28.550193 -37.019991 -44.053358 -34.724146 -35.366147 -31.759648 -26.868630 -24.163954 -27.787230 -28.452604 -32.960463 -28.843896 -27.475566 -36.229493 -31.961928 -36.400693 -27.778187 -23.154783 -16.466160 -14.413053 -9.234532 -5.735905 -3.709279 -11.394221 -5.752055 -4.832947 -9.219273 -13.331934 -13.703004 -16.954355 -16.611993 -12.330222 -14.585393 -16.155633 -11.941769 -12.628546 -14.791143 -21.168608 -23.695614 
-24.343541 -27.262295 -35.458965 -36.650995 -35.207842 -38.149618 -30.745434 -33.433020 -29.783590 -34.343647 -32.677124 -31.524838 -29.742051 -31.644373 -33.094426 -33.687450 -37.769436 -30.388515 -25.389076 -17.005681 -19.228735 -9.572975 -9.971819 -6.985785 -14.960639 -6.003729 -3.366709 -8.660674 -12.614510 -16.709726 -14.695072 -16.663071 -15.238207 -17.252080 -18.461341 -14.219447 -16.458610 -17.892897 -23.114333 -28.761307 
-30.615792 -32.280518 -38.560533 -41.434625 -42.534683 -40.386526 -32.725167 -28.506402 -29.078036 -32.126405 -30.684100 -35.146622 -37.214748 -34.365892 -32.884978 -38.573970 -40.034468 -30.872502 -25.839727 -25.408087 -28.015508 -13.544415 -9.508498 -10.841470 -17.498604 -12.242864 -4.759117 -10.398385 -16.515464 -17.815658 -24.300510 -21.798136 -20.316967 -20.514151 -18.789368 -19.292288 -18.879686 -20.872468 -26.147972 -33.101340 
-24.987906 -35.528204 -33.739892 -37.957664 -41.421182 -39.218951 -34.999769 -31.936922 -32.293056 -32.330667 -36.383116 -39.659585 -39.797412 -41.698431 -39.228055 -40.523699 -33.285632 -25.300244 -25.470583 -25.990572 -34.512388 -16.416860 -12.520186 -15.745492 -22.892594 -14.776767 -13.448222 -17.869046 -20.649794 -20.976141 -25.054329 -26.820871 -25.064077 -23.583749 -25.412234 -25.074742 -22.958331 -24.467964 -30.175782 -33.139865 
-27.959530 -34.152327 -34.672796 -33.871754 -35.821911 -42.787414 -33.847575 -30.968773 -32.501238 -37.858036 -40.322546 -40.757621 -36.780545 -38.962813 -41.352895 -37.018564 -36.175923 -32.457223 -29.795488 -28.666016 -33.323091 -24.346893 -25.706120 -24.018859 -33.058536 -25.097581 -20.710243 -24.988700 -27.079772 -29.685231 -34.255245 -30.303142 -27.003900 -28.513996 -30.951565 -30.006871 -26.789610 -28.135330 -32.537123 -38.383557 
-31.586761 -24.537463 -25.158560 -34.860819 -43.945864 -41.518504 -40.014179 -32.252987 -37.267179 -41.061809 -48.428240 -47.465298 -51.067993 -52.477507 -54.422193 -50.686963 -52.044655 -37.575034 -33.278837 -35.479127 -39.940440 -30.883835 -32.534258 -32.854978 -38.993354 -30.724796 -25.902018 -28.708244 -29.751562 -37.788467 -40.142496 -40.311396 -37.437657 -38.694690 -42.998182 -39.212094 -35.540736 -38.344610 -42.233884 -46.463730 
-22.191766 -23.461767 -32.479727 -42.163638 -42.896812 -44.108313 -37.353380 -35.913165 -48.636559 -45.397500 -45.969887 -45.679227 -46.513288 -54.558455 -58.481973 -53.041251 -47.967823 -45.396443 -40.289274 -43.853569 -51.261143 -39.882956 -40.634140 -47.016825 -47.623605 -44.188378 -42.269403 -43.363725 -42.608032 -44.332004 -47.629738 -47.615004 -52.668192 -51.890252 -49.515114 -49.228751 -49.017866 -47.480777 -51.956833 -55.623066 
-42.167555 -31.381468 -35.577514 -39.742244 -53.985251 -47.232554 -46.010026 -42.535756 -49.020706 -46.678704 -54.175411 -51.063372 -47.982368 -51.073457 -54.801129 -53.787987 -53.472266 -53.399656 -45.240338 -51.292618 -52.441041 -49.012807 -49.834857 -54.375332 -53.765266 -50.689233 -52.588988 -53.693648 -52.611408 -51.932088 -56.347815 -57.008754 -60.573719 -56.033190 -55.387160 -54.050663 -55.260981 -54.743515 -57.964968 -61.511716 
-31.868664 -32.214803 -35.176673 -43.772222 -45.544896 -47.545946 -47.076855 -46.389023 -51.488486 -52.956925 -61.545989 -65.624338 -56.159100 -54.711523 -58.871935 -56.246270 -59.073858 -55.245920 -54.532697 -58.270550 -57.494610 -54.409825 -56.705984 -60.756691 -65.537500 -66.706991 -59.316430 -59.247519 -59.011914 -58.343277 -61.918341 -65.788558 -68.518479 -68.899705 -65.216463 -69.761496 -67.920451 -64.045985 -67.127951 -71.988164 
-23.023396 -25.186000 -33.597870 -44.769059 -50.485656 -55.836354 -55.101730 -52.523099 -51.055425 -61.389523 -67.198876 -61.727287 -58.698701 -59.202178 -60.634383 -60.062811 -58.825152 -59.773353 -61.597423 -60.442152 -60.846652 -60.414887 -64.728684 -62.349600 -65.387864 -68.043749 -63.609093 -60.597841 -67.005039 -66.687940 -62.900611 -64.196857 -69.596539 -69.091914 -63.906537 -69.673634 -70.118917 -67.960164 -68.488054 -71.127788 
-29.962432 -33.176838 -39.123694 -47.406025 -53.130171 -54.495411 -55.942928 -56.326373 -59.791982 -67.453620 -63.304132 -69.762814 -67.315972 -66.039472 -65.112433 -64.098172 -64.448812 -66.654370 -75.423951 -69.598996 -69.479150 -68.156037 -72.399416 -69.788723 -70.997541 -67.974092 -67.450876 -67.687582 -73.099684 -73.871409 -69.347042 -70.441150 -73.048486 -70.174379 -71.261570 -72.057570 -70.935206 -71.524033 -69.624268 -73.447491 
-57.214753 -58.148370 -65.101894 -68.353430 -72.088591 -76.588034 -71.206025 -68.040195 -69.960074 -70.720262 -66.217506 -72.110835 -71.768404 -73.500735 -71.977765 -69.590850 -65.935543 -73.791971 -68.494787 -70.944619 -74.474892 -75.906908 -76.017259 -74.664391 -73.470598 -71.527988 -70.417867 -71.439360 -69.472729 -70.142587 -74.321158 -72.351911 -71.720163 -71.127419 -74.863221 -73.566080 -72.997854 -74.700624 -73.214187 -75.307861 
-54.684813 -64.787702 -67.138279 -67.574416 -69.049535 -74.693071 -71.145770 -73.148317 -65.099229 -70.811550 -69.357907 -70.862403 -72.008155 -71.998680 -75.561516 -75.821556 -74.206595 -76.624348 -75.151166 -77.254504 -72.680532 -75.853858 -75.631799 -76.481371 -76.437348 -74.096232 -76.356990 -72.077113 -73.773797 -73.331952 -76.035419 -73.601739 -74.125471 -76.735433 -74.854949 -74.420149 -73.114044 -77.158745 -75.946594 -75.752201 
-57.883769 -80.443437 -73.069375 -70.519191 -73.312289 -74.848505 -71.348768 -71.391951 -73.156955 -76.305364 -73.040379 -75.073821 -67.182555 -69.652000 -78.321406 -71.406135 -68.045383 -67.988945 -81.725060 -76.630477 -73.071372 -73.207755 -75.022403 -79.035462 -78.649800 -76.962234 -75.846296 -72.538638 -76.015125 -72.342339 -74.562426 -78.017475 -75.851796 -77.161828 -71.169366 -74.917727 -74.405795 -77.676435 -73.516713 -73.570770 
-58.270935 -75.473330 -78.449385 -77.274270 -73.817573 -76.023042 -71.016310 -66.822307 -66.039123 -70.053791 -65.775505 -66.069565 -66.905602 -70.531717 -76.508989 -70.325454 -68.134954 -72.584150 -76.941054 -74.612671 -76.472952 -75.691860 -75.060999 -72.948876 -72.284578 -74.476066 -77.688655 -72.850461 -74.510459 -77.094549 -72.465424 -76.060593 -72.770009 -75.686119 -71.636525 -73.221469 -73.761533 -74.620826 -71.459432 -75.052838 
-56.462684 -76.877716 -70.230406 -69.740515 -73.870215 -69.984917 -71.206095 -79.442178 -72.426052 -72.252863 -75.877100 -69.248820 -69.854298 -74.201827 -76.138620 -72.714126 -72.706287 -74.654981 -69.255028 -74.106409 -76.305634 -72.934325 -76.349135 -72.068438 -74.965957 -75.430038 -74.880836 -74.944570 -73.861563 -72.959025 -73.900552 -71.887387 -73.595145 -74.235591 -72.127844 -73.361377 -73.647665 -72.144547 -74.464824 -73.315963 
-57.540353 -76.938647 -70.202463 -70.999148 -71.203745 -74.133735 -73.077250 -74.159772 -77.943573 -74.328162 -70.538368 -70.296621 -81.205964 -78.428174 -80.780068 -74.005311 -74.176536 -72.552075 -76.936846 -75.553148 -76.309474 -76.391007 -78.054160 -76.100407 -79.073343 -71.771988 -69.972254 -72.941375 -73.738125 -73.667732 -74.093307 -73.500170 -75.109356 -73.864932 -73.752956 -74.119067 -76.923650 -75.625790 -77.630549 -76.041419 
-56.859517 -69.558337 -71.022275 -76.521727 -80.950916 -81.934144 -77.049597 -78.506831 -80.787747 -76.054872 -70.094982 -72.146635 -71.458255 -76.466057 -74.592038 -68.825124 -70.626851 -72.163310 -74.003514 -74.945903 -73.337609 -78.535916 -78.394198 -73.335692 -72.435369 -75.384234 -74.407091 -73.586277 -74.145257 -74.567992 -74.032925 -74.111565 -76.940450 -73.945445 -74.688523 -75.327968 -73.981241 -74.123726 -73.850279 -74.756286 
-55.406439 -71.366665 -72.118920 -70.319092 -74.581108 -72.446611 -70.527304 -76.556482 -77.157502 -74.399516 -74.328967 -73.507666 -72.383596 -76.163711 -76.944498 -73.552897 -75.776678 -78.060931 -76.744612 -75.043005 -77.179375 -75.720685 -78.126372 -73.230037 -76.801088 -76.533980 -71.663447 -72.348595 -74.369478 -75.859815 -72.917065 -74.287637 -73.572786 -73.700005 -71.696556 -74.135823 -73.957028 -73.494315 -73.211505 -75.643377 
-57.697239 -64.537372 -67.952278 -70.178201 -76.087944 -76.225674 -73.105551 -71.462018 -75.508130 -79.451854 -74.437759 -75.978213 -77.179634 -74.492022 -72.568402 -74.471405 -75.121179 -76.875678 -78.562080 -76.240813 -76.204666 -71.066858 -78.270126 -75.889258 -79.899076 -78.455607 -73.547588 -77.131769 -71.149256 -76.379408 -77.105939 -74.123896 -75.180630 -75.174499 -77.271589 -76.825760 -77.090898 -77.748437 -76.743746 -78.046364 
-87.148115 -87.343791 -87.674421 -88.246639 -89.055907 -90.262152 -91.877541 -94.253275 -98.205998 -104.661846 -106.013855 -99.676787 -96.113329 -94.347856 -93.846094 -94.483798 -96.211028 -98.185820 -98.072182 -96.300004 -95.282616 -95.728406 -97.179583 -98.367881 -99.530065 -103.273366 -104.762655 -99.871312 -98.642587 -98.616325 -97.491910 -97.961100 -97.337638 -96.895197 -98.943054 -98.485170 -98.450377 -97.595721 -98.441277 -100.429594 
NaN NaN NaN NaN NaN NaN NaN NaN NaN NaN NaN NaN NaN NaN NaN NaN NaN NaN NaN NaN NaN NaN NaN NaN NaN NaN NaN NaN NaN NaN NaN NaN NaN NaN NaN NaN NaN NaN NaN NaN 
NaN NaN NaN NaN NaN NaN NaN NaN NaN NaN NaN NaN NaN NaN NaN NaN NaN NaN NaN NaN NaN NaN NaN NaN NaN NaN NaN NaN NaN NaN NaN NaN NaN NaN NaN NaN NaN NaN NaN NaN 
NaN NaN NaN NaN NaN NaN NaN NaN NaN NaN NaN NaN NaN NaN NaN NaN NaN NaN NaN NaN NaN NaN NaN NaN NaN NaN NaN NaN NaN NaN NaN NaN NaN NaN NaN NaN NaN NaN NaN NaN 
NaN NaN NaN NaN NaN NaN NaN NaN NaN NaN NaN NaN NaN NaN NaN NaN NaN NaN NaN NaN NaN NaN NaN NaN NaN NaN NaN NaN NaN NaN NaN NaN NaN NaN NaN NaN NaN NaN NaN NaN 
NaN NaN NaN NaN NaN NaN NaN NaN NaN NaN NaN NaN NaN NaN NaN NaN NaN NaN NaN NaN NaN NaN NaN NaN NaN NaN NaN NaN NaN NaN NaN NaN NaN NaN NaN NaN NaN NaN NaN NaN 
NaN NaN NaN NaN NaN NaN NaN NaN NaN NaN NaN NaN NaN NaN NaN NaN NaN NaN NaN NaN NaN NaN NaN NaN NaN NaN NaN NaN NaN NaN NaN NaN NaN NaN NaN NaN NaN NaN NaN NaN 
NaN NaN NaN NaN NaN NaN NaN NaN NaN NaN NaN NaN NaN NaN NaN NaN NaN NaN NaN NaN NaN NaN NaN NaN NaN NaN NaN NaN NaN NaN NaN NaN NaN NaN NaN NaN NaN NaN NaN NaN 
NaN NaN NaN NaN NaN NaN NaN NaN NaN NaN NaN NaN NaN NaN NaN NaN NaN NaN NaN NaN NaN NaN NaN NaN NaN NaN NaN NaN NaN NaN NaN NaN NaN NaN NaN NaN NaN NaN NaN NaN 
NaN NaN NaN NaN NaN NaN NaN NaN NaN NaN NaN NaN NaN NaN NaN NaN NaN NaN NaN NaN NaN NaN NaN NaN NaN NaN NaN NaN NaN NaN NaN NaN NaN NaN NaN NaN NaN NaN NaN NaN 
NaN NaN NaN NaN NaN NaN NaN NaN NaN NaN NaN NaN NaN NaN NaN NaN NaN NaN NaN NaN NaN NaN NaN NaN NaN NaN NaN NaN NaN NaN NaN NaN NaN NaN NaN NaN NaN NaN NaN NaN 
NaN NaN NaN NaN NaN NaN NaN NaN NaN NaN NaN NaN NaN NaN NaN NaN NaN NaN NaN NaN NaN NaN NaN NaN NaN NaN NaN NaN NaN NaN NaN NaN NaN NaN NaN NaN NaN NaN NaN NaN 
NaN NaN NaN NaN NaN NaN NaN NaN NaN NaN NaN NaN NaN NaN NaN NaN NaN NaN NaN NaN NaN NaN NaN NaN NaN NaN NaN NaN NaN NaN NaN NaN NaN NaN NaN NaN NaN NaN NaN NaN 
NaN NaN NaN NaN NaN NaN NaN NaN NaN NaN NaN NaN NaN NaN NaN NaN NaN NaN NaN NaN NaN NaN NaN NaN NaN NaN NaN NaN NaN NaN NaN NaN NaN NaN NaN NaN NaN NaN NaN NaN 
NaN NaN NaN NaN NaN NaN NaN NaN NaN NaN NaN NaN NaN NaN NaN NaN NaN NaN NaN NaN NaN NaN NaN NaN NaN NaN NaN NaN NaN NaN NaN NaN NaN NaN NaN NaN NaN NaN NaN NaN 
NaN NaN NaN NaN NaN NaN NaN NaN NaN NaN NaN NaN NaN NaN NaN NaN NaN NaN NaN NaN NaN NaN NaN NaN NaN NaN NaN NaN NaN NaN NaN NaN NaN NaN NaN NaN NaN NaN NaN NaN 
NaN NaN NaN NaN NaN NaN NaN NaN NaN NaN NaN NaN NaN NaN NaN NaN NaN NaN NaN NaN NaN NaN NaN NaN NaN NaN NaN NaN NaN NaN NaN NaN NaN NaN NaN NaN NaN NaN NaN NaN 
NaN NaN NaN NaN NaN NaN NaN NaN NaN NaN NaN NaN NaN NaN NaN NaN NaN NaN NaN NaN NaN NaN NaN NaN NaN NaN NaN NaN NaN NaN NaN NaN NaN NaN NaN NaN NaN NaN NaN NaN 
NaN NaN NaN NaN NaN NaN NaN NaN NaN NaN NaN NaN NaN NaN NaN NaN NaN NaN NaN NaN NaN NaN NaN NaN NaN NaN NaN NaN NaN NaN NaN NaN NaN NaN NaN NaN NaN NaN NaN NaN 
NaN NaN NaN NaN NaN NaN NaN NaN NaN NaN NaN NaN NaN NaN NaN NaN NaN NaN NaN NaN NaN NaN NaN NaN NaN NaN NaN NaN NaN NaN NaN NaN NaN NaN NaN NaN NaN NaN NaN NaN 
NaN NaN NaN NaN NaN NaN NaN NaN NaN NaN NaN NaN NaN NaN NaN NaN NaN NaN NaN NaN NaN NaN NaN NaN NaN NaN NaN NaN NaN NaN NaN NaN NaN NaN NaN NaN NaN NaN NaN NaN 
NaN NaN NaN NaN NaN NaN NaN NaN NaN NaN NaN NaN NaN NaN NaN NaN NaN NaN NaN NaN NaN NaN NaN NaN NaN NaN NaN NaN NaN NaN NaN NaN NaN NaN NaN NaN NaN NaN NaN NaN 
NaN NaN NaN NaN NaN NaN NaN NaN NaN NaN NaN NaN NaN NaN NaN NaN NaN NaN NaN NaN NaN NaN NaN NaN NaN NaN NaN NaN NaN NaN NaN NaN NaN NaN NaN NaN NaN NaN NaN NaN 
NaN NaN NaN NaN NaN NaN NaN NaN NaN NaN NaN NaN NaN NaN NaN NaN NaN NaN NaN NaN NaN NaN NaN NaN NaN NaN NaN NaN NaN NaN NaN NaN NaN NaN NaN NaN NaN NaN NaN NaN 
NaN NaN NaN NaN NaN NaN NaN NaN NaN NaN NaN NaN NaN NaN NaN NaN NaN NaN NaN NaN NaN NaN NaN NaN NaN NaN NaN NaN NaN NaN NaN NaN NaN NaN NaN NaN NaN NaN NaN NaN 
NaN NaN NaN NaN NaN NaN NaN NaN NaN NaN NaN NaN NaN NaN NaN NaN NaN NaN NaN NaN NaN NaN NaN NaN NaN NaN NaN NaN NaN NaN NaN NaN NaN NaN NaN NaN NaN NaN NaN NaN 
NaN NaN NaN NaN NaN NaN NaN NaN NaN NaN NaN NaN NaN NaN NaN NaN NaN NaN NaN NaN NaN NaN NaN NaN NaN NaN NaN NaN NaN NaN NaN NaN NaN NaN NaN NaN NaN NaN NaN NaN 
NaN NaN NaN NaN NaN NaN NaN NaN NaN NaN NaN NaN NaN NaN NaN NaN NaN NaN NaN NaN NaN NaN NaN NaN NaN NaN NaN NaN NaN NaN NaN NaN NaN NaN NaN NaN NaN NaN NaN NaN 
NaN NaN NaN NaN NaN NaN NaN NaN NaN NaN NaN NaN NaN NaN NaN NaN NaN NaN NaN NaN NaN NaN NaN NaN NaN NaN NaN NaN NaN NaN NaN NaN NaN NaN NaN NaN NaN NaN NaN NaN 
NaN NaN NaN NaN NaN NaN NaN NaN NaN NaN NaN NaN NaN NaN NaN NaN NaN NaN NaN NaN NaN NaN NaN NaN NaN NaN NaN NaN NaN NaN NaN NaN NaN NaN NaN NaN NaN NaN NaN NaN 
NaN NaN NaN NaN NaN NaN NaN NaN NaN NaN NaN NaN NaN NaN NaN NaN NaN NaN NaN NaN NaN NaN NaN NaN NaN NaN NaN NaN NaN NaN NaN NaN NaN NaN NaN NaN NaN NaN NaN NaN 
NaN NaN NaN NaN NaN NaN NaN NaN NaN NaN NaN NaN NaN NaN NaN NaN NaN NaN NaN NaN NaN NaN NaN NaN NaN NaN NaN NaN NaN NaN NaN NaN NaN NaN NaN NaN NaN NaN NaN NaN 
NaN NaN NaN NaN NaN NaN NaN NaN NaN NaN NaN NaN NaN NaN NaN NaN NaN NaN NaN NaN NaN NaN NaN NaN NaN NaN NaN NaN NaN NaN NaN NaN NaN NaN NaN NaN NaN NaN NaN NaN 
NaN NaN NaN NaN NaN NaN NaN NaN NaN NaN NaN NaN NaN NaN NaN NaN NaN NaN NaN NaN NaN NaN NaN NaN NaN NaN NaN NaN NaN NaN NaN NaN NaN NaN NaN NaN NaN NaN NaN NaN 
NaN NaN NaN NaN NaN NaN NaN NaN NaN NaN NaN NaN NaN NaN NaN NaN NaN NaN NaN NaN NaN NaN NaN NaN NaN NaN NaN NaN NaN NaN NaN NaN NaN NaN NaN NaN NaN NaN NaN NaN 
NaN NaN NaN NaN NaN NaN NaN NaN NaN NaN NaN NaN NaN NaN NaN NaN NaN NaN NaN NaN NaN NaN NaN NaN NaN NaN NaN NaN NaN NaN NaN NaN NaN NaN NaN NaN NaN NaN NaN NaN 
NaN NaN NaN NaN NaN NaN NaN NaN NaN NaN NaN NaN NaN NaN NaN NaN NaN NaN NaN NaN NaN NaN NaN NaN NaN NaN NaN NaN NaN NaN NaN NaN NaN NaN NaN NaN NaN NaN NaN NaN 
NaN NaN NaN NaN NaN NaN NaN NaN NaN NaN NaN NaN NaN NaN NaN NaN NaN NaN NaN NaN NaN NaN NaN NaN NaN NaN NaN NaN NaN NaN NaN NaN NaN NaN NaN NaN NaN NaN NaN NaN 
NaN NaN NaN NaN NaN NaN NaN NaN NaN NaN NaN NaN NaN NaN NaN NaN NaN NaN NaN NaN NaN NaN NaN NaN NaN NaN NaN NaN NaN NaN NaN NaN NaN NaN NaN NaN NaN NaN NaN NaN 
NaN NaN NaN NaN NaN NaN NaN NaN NaN NaN NaN NaN NaN NaN NaN NaN NaN NaN NaN NaN NaN NaN NaN NaN NaN NaN NaN NaN NaN NaN NaN NaN NaN NaN NaN NaN NaN NaN NaN NaN 
NaN NaN NaN NaN NaN NaN NaN NaN NaN NaN NaN NaN NaN NaN NaN NaN NaN NaN NaN NaN NaN NaN NaN NaN NaN NaN NaN NaN NaN NaN NaN NaN NaN NaN NaN NaN NaN NaN NaN NaN 
NaN NaN NaN NaN NaN NaN NaN NaN NaN NaN NaN NaN NaN NaN NaN NaN NaN NaN NaN NaN NaN NaN NaN NaN NaN NaN NaN NaN NaN NaN NaN NaN NaN NaN NaN NaN NaN NaN NaN NaN 
NaN NaN NaN NaN NaN NaN NaN NaN NaN NaN NaN NaN NaN NaN NaN NaN NaN NaN NaN NaN NaN NaN NaN NaN NaN NaN NaN NaN NaN NaN NaN NaN NaN NaN NaN NaN NaN NaN NaN NaN 
NaN NaN NaN NaN NaN NaN NaN NaN NaN NaN NaN NaN NaN NaN NaN NaN NaN NaN NaN NaN NaN NaN NaN NaN NaN NaN NaN NaN NaN NaN NaN NaN NaN NaN NaN NaN NaN NaN NaN NaN 
NaN NaN NaN NaN NaN NaN NaN NaN NaN NaN NaN NaN NaN NaN NaN NaN NaN NaN NaN NaN NaN NaN NaN NaN NaN NaN NaN NaN NaN NaN NaN NaN NaN NaN NaN NaN NaN NaN NaN NaN 
NaN NaN NaN NaN NaN NaN NaN NaN NaN NaN NaN NaN NaN NaN NaN NaN NaN NaN NaN NaN NaN NaN NaN NaN NaN NaN NaN NaN NaN NaN NaN NaN NaN NaN NaN NaN NaN NaN NaN NaN 
NaN NaN NaN NaN NaN NaN NaN NaN NaN NaN NaN NaN NaN NaN NaN NaN NaN NaN NaN NaN NaN NaN NaN NaN NaN NaN NaN NaN NaN NaN NaN NaN NaN NaN NaN NaN NaN NaN NaN NaN 
NaN NaN NaN NaN NaN NaN NaN NaN NaN NaN NaN NaN NaN NaN NaN NaN NaN NaN NaN NaN NaN NaN NaN NaN NaN NaN NaN NaN NaN NaN NaN NaN NaN NaN NaN NaN NaN NaN NaN NaN 
NaN NaN NaN NaN NaN NaN NaN NaN NaN NaN NaN NaN NaN NaN NaN NaN NaN NaN NaN NaN NaN NaN NaN NaN NaN NaN NaN NaN NaN NaN NaN NaN NaN NaN NaN NaN NaN NaN NaN NaN 
NaN NaN NaN NaN NaN NaN NaN NaN NaN NaN NaN NaN NaN NaN NaN NaN NaN NaN NaN NaN NaN NaN NaN NaN NaN NaN NaN NaN NaN NaN NaN NaN NaN NaN NaN NaN NaN NaN NaN NaN 
NaN NaN NaN NaN NaN NaN NaN NaN NaN NaN NaN NaN NaN NaN NaN NaN NaN NaN NaN NaN NaN NaN NaN NaN NaN NaN NaN NaN NaN NaN NaN NaN NaN NaN NaN NaN NaN NaN NaN NaN 
NaN NaN NaN NaN NaN NaN NaN NaN NaN NaN NaN NaN NaN NaN NaN NaN NaN NaN NaN NaN NaN NaN NaN NaN NaN NaN NaN NaN NaN NaN NaN NaN NaN NaN NaN NaN NaN NaN NaN NaN 
NaN NaN NaN NaN NaN NaN NaN NaN NaN NaN NaN NaN NaN NaN NaN NaN NaN NaN NaN NaN NaN NaN NaN NaN NaN NaN NaN NaN NaN NaN NaN NaN NaN NaN NaN NaN NaN NaN NaN NaN 
NaN NaN NaN NaN NaN NaN NaN NaN NaN NaN NaN NaN NaN NaN NaN NaN NaN NaN NaN NaN NaN NaN NaN NaN NaN NaN NaN NaN NaN NaN NaN NaN NaN NaN NaN NaN NaN NaN NaN NaN 
NaN NaN NaN NaN NaN NaN NaN NaN NaN NaN NaN NaN NaN NaN NaN NaN NaN NaN NaN NaN NaN NaN NaN NaN NaN NaN NaN NaN NaN NaN NaN NaN NaN NaN NaN NaN NaN NaN NaN NaN 
NaN NaN NaN NaN NaN NaN NaN NaN NaN NaN NaN NaN NaN NaN NaN NaN NaN NaN NaN NaN NaN NaN NaN NaN NaN NaN NaN NaN NaN NaN NaN NaN NaN NaN NaN NaN NaN NaN NaN NaN 
NaN NaN NaN NaN NaN NaN NaN NaN NaN NaN NaN NaN NaN NaN NaN NaN NaN NaN NaN NaN NaN NaN NaN NaN NaN NaN NaN NaN NaN NaN NaN NaN NaN NaN NaN NaN NaN NaN NaN NaN 
NaN NaN NaN NaN NaN NaN NaN NaN NaN NaN NaN NaN NaN NaN NaN NaN NaN NaN NaN NaN NaN NaN NaN NaN NaN NaN NaN NaN NaN NaN NaN NaN NaN NaN NaN NaN NaN NaN NaN NaN 
NaN NaN NaN NaN NaN NaN NaN NaN NaN NaN NaN NaN NaN NaN NaN NaN NaN NaN NaN NaN NaN NaN NaN NaN NaN NaN NaN NaN NaN NaN NaN NaN NaN NaN NaN NaN NaN NaN NaN NaN 
NaN NaN NaN NaN NaN NaN NaN NaN NaN NaN NaN NaN NaN NaN NaN NaN NaN NaN NaN NaN NaN NaN NaN NaN NaN NaN NaN NaN NaN NaN NaN NaN NaN NaN NaN NaN NaN NaN NaN NaN 
NaN NaN NaN NaN NaN NaN NaN NaN NaN NaN NaN NaN NaN NaN NaN NaN NaN NaN NaN NaN NaN NaN NaN NaN NaN NaN NaN NaN NaN NaN NaN NaN NaN NaN NaN NaN NaN NaN NaN NaN 
NaN NaN NaN NaN NaN NaN NaN NaN NaN NaN NaN NaN NaN NaN NaN NaN NaN NaN NaN NaN NaN NaN NaN NaN NaN NaN NaN NaN NaN NaN NaN NaN NaN NaN NaN NaN NaN NaN NaN NaN 
NaN NaN NaN NaN NaN NaN NaN NaN NaN NaN NaN NaN NaN NaN NaN NaN NaN NaN NaN NaN NaN NaN NaN NaN NaN NaN NaN NaN NaN NaN NaN NaN NaN NaN NaN NaN NaN NaN NaN NaN 
NaN NaN NaN NaN NaN NaN NaN NaN NaN NaN NaN NaN NaN NaN NaN NaN NaN NaN NaN NaN NaN NaN NaN NaN NaN NaN NaN NaN NaN NaN NaN NaN NaN NaN NaN NaN NaN NaN NaN NaN 
NaN NaN NaN NaN NaN NaN NaN NaN NaN NaN NaN NaN NaN NaN NaN NaN NaN NaN NaN NaN NaN NaN NaN NaN NaN NaN NaN NaN NaN NaN NaN NaN NaN NaN NaN NaN NaN NaN NaN NaN 
NaN NaN NaN NaN NaN NaN NaN NaN NaN NaN NaN NaN NaN NaN NaN NaN NaN NaN NaN NaN NaN NaN NaN NaN NaN NaN NaN NaN NaN NaN NaN NaN NaN NaN NaN NaN NaN NaN NaN NaN 
NaN NaN NaN NaN NaN NaN NaN NaN NaN NaN NaN NaN NaN NaN NaN NaN NaN NaN NaN NaN NaN NaN NaN NaN NaN NaN NaN NaN NaN NaN NaN NaN NaN NaN NaN NaN NaN NaN NaN NaN 
NaN NaN NaN NaN NaN NaN NaN NaN NaN NaN NaN NaN NaN NaN NaN NaN NaN NaN NaN NaN NaN NaN NaN NaN NaN NaN NaN NaN NaN NaN NaN NaN NaN NaN NaN NaN NaN NaN NaN NaN 
NaN NaN NaN NaN NaN NaN NaN NaN NaN NaN NaN NaN NaN NaN NaN NaN NaN NaN NaN NaN NaN NaN NaN NaN NaN NaN NaN NaN NaN NaN NaN NaN NaN NaN NaN NaN NaN NaN NaN NaN 
NaN NaN NaN NaN NaN NaN NaN NaN NaN NaN NaN NaN NaN NaN NaN NaN NaN NaN NaN NaN NaN NaN NaN NaN NaN NaN NaN NaN NaN NaN NaN NaN NaN NaN NaN NaN NaN NaN NaN NaN 
NaN NaN NaN NaN NaN NaN NaN NaN NaN NaN NaN NaN NaN NaN NaN NaN NaN NaN NaN NaN NaN NaN NaN NaN NaN NaN NaN NaN NaN NaN NaN NaN NaN NaN NaN NaN NaN NaN NaN NaN 
NaN NaN NaN NaN NaN NaN NaN NaN NaN NaN NaN NaN NaN NaN NaN NaN NaN NaN NaN NaN NaN NaN NaN NaN NaN NaN NaN NaN NaN NaN NaN NaN NaN NaN NaN NaN NaN NaN NaN NaN 
NaN NaN NaN NaN NaN NaN NaN NaN NaN NaN NaN NaN NaN NaN NaN NaN NaN NaN NaN NaN NaN NaN NaN NaN NaN NaN NaN NaN NaN NaN NaN NaN NaN NaN NaN NaN NaN NaN NaN NaN 
NaN NaN NaN NaN NaN NaN NaN NaN NaN NaN NaN NaN NaN NaN NaN NaN NaN NaN NaN NaN NaN NaN NaN NaN NaN NaN NaN NaN NaN NaN NaN NaN NaN NaN NaN NaN NaN NaN NaN NaN 
NaN NaN NaN NaN NaN NaN NaN NaN NaN NaN NaN NaN NaN NaN NaN NaN NaN NaN NaN NaN NaN NaN NaN NaN NaN NaN NaN NaN NaN NaN NaN NaN NaN NaN NaN NaN NaN NaN NaN NaN 
NaN NaN NaN NaN NaN NaN NaN NaN NaN NaN NaN NaN NaN NaN NaN NaN NaN NaN NaN NaN NaN NaN NaN NaN NaN NaN NaN NaN NaN NaN NaN NaN NaN NaN NaN NaN NaN NaN NaN NaN 
NaN NaN NaN NaN NaN NaN NaN NaN NaN NaN NaN NaN NaN NaN NaN NaN NaN NaN NaN NaN NaN NaN NaN NaN NaN NaN NaN NaN NaN NaN NaN NaN NaN NaN NaN NaN NaN NaN NaN NaN 
