NaN NaN NaN NaN NaN NaN NaN NaN NaN NaN NaN NaN NaN NaN NaN NaN NaN NaN NaN NaN NaN NaN NaN NaN NaN NaN NaN NaN NaN NaN NaN NaN NaN NaN NaN NaN NaN NaN NaN NaN 
NaN NaN NaN NaN NaN NaN NaN NaN NaN NaN NaN NaN NaN NaN NaN NaN NaN NaN NaN NaN NaN NaN NaN NaN NaN NaN NaN NaN NaN NaN NaN NaN NaN NaN NaN NaN NaN NaN NaN NaN 
NaN NaN NaN NaN NaN NaN NaN NaN NaN NaN NaN NaN NaN NaN NaN NaN NaN NaN NaN NaN NaN NaN NaN NaN NaN NaN NaN NaN NaN NaN NaN NaN NaN NaN NaN NaN NaN NaN NaN NaN 
NaN NaN NaN NaN NaN NaN NaN NaN NaN NaN NaN NaN NaN NaN NaN NaN NaN NaN NaN NaN NaN NaN NaN NaN NaN NaN NaN NaN NaN NaN NaN NaN NaN NaN NaN NaN NaN NaN NaN NaN 
NaN NaN NaN NaN NaN NaN NaN NaN NaN NaN NaN NaN NaN NaN NaN NaN NaN NaN NaN NaN NaN NaN NaN NaN NaN NaN NaN NaN NaN NaN NaN NaN NaN NaN NaN NaN NaN NaN NaN NaN 
NaN NaN NaN NaN NaN NaN NaN NaN NaN NaN NaN NaN NaN NaN NaN NaN NaN NaN NaN NaN NaN NaN NaN NaN NaN NaN NaN NaN NaN NaN NaN NaN NaN NaN NaN NaN NaN NaN NaN NaN 
NaN NaN NaN NaN NaN NaN NaN NaN NaN NaN NaN NaN NaN NaN NaN NaN NaN NaN NaN NaN NaN NaN NaN NaN NaN NaN NaN NaN NaN NaN NaN NaN NaN NaN NaN NaN NaN NaN NaN NaN 
NaN NaN NaN NaN NaN NaN NaN NaN NaN NaN NaN NaN NaN NaN NaN NaN NaN NaN NaN NaN NaN NaN NaN NaN NaN NaN NaN NaN NaN NaN NaN NaN NaN NaN NaN NaN NaN NaN NaN NaN 
NaN NaN NaN NaN NaN NaN NaN NaN NaN NaN NaN NaN NaN NaN NaN NaN NaN NaN NaN NaN NaN NaN NaN NaN NaN NaN NaN NaN NaN NaN NaN NaN NaN NaN NaN NaN NaN NaN NaN NaN 
NaN NaN NaN NaN NaN NaN NaN NaN NaN NaN NaN NaN NaN NaN NaN NaN NaN NaN NaN NaN NaN NaN NaN NaN NaN NaN NaN NaN NaN NaN NaN NaN NaN NaN NaN NaN NaN NaN NaN NaN 
NaN NaN NaN NaN NaN NaN NaN NaN NaN NaN NaN NaN NaN NaN NaN NaN NaN NaN NaN NaN NaN NaN NaN NaN NaN NaN NaN NaN NaN NaN NaN NaN NaN NaN NaN NaN NaN NaN NaN NaN 
NaN NaN NaN NaN NaN NaN NaN NaN NaN NaN NaN NaN NaN NaN NaN NaN NaN NaN NaN NaN NaN NaN NaN NaN NaN NaN NaN NaN NaN NaN NaN NaN NaN NaN NaN NaN NaN NaN NaN NaN 
NaN NaN NaN NaN NaN NaN NaN NaN NaN NaN NaN NaN NaN NaN NaN NaN NaN NaN NaN NaN NaN NaN NaN NaN NaN NaN NaN NaN NaN NaN NaN NaN NaN NaN NaN NaN NaN NaN NaN NaN 
NaN NaN NaN NaN NaN NaN NaN NaN NaN NaN NaN NaN NaN NaN NaN NaN NaN NaN NaN NaN NaN NaN NaN NaN NaN NaN NaN NaN NaN NaN NaN NaN NaN NaN NaN NaN NaN NaN NaN NaN 
NaN NaN NaN NaN NaN NaN NaN NaN NaN NaN NaN NaN NaN NaN NaN NaN NaN NaN NaN NaN NaN NaN NaN NaN NaN NaN NaN NaN NaN NaN NaN NaN NaN NaN NaN NaN NaN NaN NaN NaN 
NaN NaN NaN NaN NaN NaN NaN NaN NaN NaN NaN NaN NaN NaN NaN NaN NaN NaN NaN NaN NaN NaN NaN NaN NaN NaN NaN NaN NaN NaN NaN NaN NaN NaN NaN NaN NaN NaN NaN NaN 
NaN NaN NaN NaN NaN NaN NaN NaN NaN NaN NaN NaN NaN NaN NaN NaN NaN NaN NaN NaN NaN NaN NaN NaN NaN NaN NaN NaN NaN NaN NaN NaN NaN NaN NaN NaN NaN NaN NaN NaN 
NaN NaN NaN NaN NaN NaN NaN NaN NaN NaN NaN NaN NaN NaN NaN NaN NaN NaN NaN NaN NaN NaN NaN NaN NaN NaN NaN NaN NaN NaN NaN NaN NaN NaN NaN NaN NaN NaN NaN NaN 
NaN NaN NaN NaN NaN NaN NaN NaN NaN NaN NaN NaN NaN NaN NaN NaN NaN NaN NaN NaN NaN NaN NaN NaN NaN NaN NaN NaN NaN NaN NaN NaN NaN NaN NaN NaN NaN NaN NaN NaN 
NaN NaN NaN NaN NaN NaN NaN NaN NaN NaN NaN NaN NaN NaN NaN NaN NaN NaN NaN NaN NaN NaN NaN NaN NaN NaN NaN NaN NaN NaN NaN NaN NaN NaN NaN NaN NaN NaN NaN NaN 
NaN NaN NaN NaN NaN NaN NaN NaN NaN NaN NaN NaN NaN NaN NaN NaN NaN NaN NaN NaN NaN NaN NaN NaN NaN NaN NaN NaN NaN NaN NaN NaN NaN NaN NaN NaN NaN NaN NaN NaN 
NaN NaN NaN NaN NaN NaN NaN NaN NaN NaN NaN NaN NaN NaN NaN NaN NaN NaN NaN NaN NaN NaN NaN NaN NaN NaN NaN NaN NaN NaN NaN NaN NaN NaN NaN NaN NaN NaN NaN NaN 
NaN NaN NaN NaN NaN NaN NaN NaN NaN NaN NaN NaN NaN NaN NaN NaN NaN NaN NaN NaN NaN NaN NaN NaN NaN NaN NaN NaN NaN NaN NaN NaN NaN NaN NaN NaN NaN NaN NaN NaN 
NaN NaN NaN NaN NaN NaN NaN NaN NaN NaN NaN NaN NaN NaN NaN NaN NaN NaN NaN NaN NaN NaN NaN NaN NaN NaN NaN NaN NaN NaN NaN NaN NaN NaN NaN NaN NaN NaN NaN NaN 
NaN NaN NaN NaN NaN NaN NaN NaN NaN NaN NaN NaN NaN NaN NaN NaN NaN NaN NaN NaN NaN NaN NaN NaN NaN NaN NaN NaN NaN NaN NaN NaN NaN NaN NaN NaN NaN NaN NaN NaN 
NaN NaN NaN NaN NaN NaN NaN NaN NaN NaN NaN NaN NaN NaN NaN NaN NaN NaN NaN NaN NaN NaN NaN NaN NaN NaN NaN NaN NaN NaN NaN NaN NaN NaN NaN NaN NaN NaN NaN NaN 
NaN NaN NaN NaN NaN NaN NaN NaN NaN NaN NaN NaN NaN NaN NaN NaN NaN NaN NaN NaN NaN NaN NaN NaN NaN NaN NaN NaN NaN NaN NaN NaN NaN NaN NaN NaN NaN NaN NaN NaN 
NaN NaN NaN NaN NaN NaN NaN NaN NaN NaN NaN NaN NaN NaN NaN NaN NaN NaN NaN NaN NaN NaN NaN NaN NaN NaN NaN NaN NaN NaN NaN NaN NaN NaN NaN NaN NaN NaN NaN NaN 
NaN NaN NaN NaN NaN NaN NaN NaN NaN NaN NaN NaN NaN NaN NaN NaN NaN NaN NaN NaN NaN NaN NaN NaN NaN NaN NaN NaN NaN NaN NaN NaN NaN NaN NaN NaN NaN NaN NaN NaN 
NaN NaN NaN NaN NaN NaN NaN NaN NaN NaN NaN NaN NaN NaN NaN NaN NaN NaN NaN NaN NaN NaN NaN NaN NaN NaN NaN NaN NaN NaN NaN NaN NaN NaN NaN NaN NaN NaN NaN NaN 
NaN NaN NaN NaN NaN NaN NaN NaN NaN NaN NaN NaN NaN NaN NaN NaN NaN NaN NaN NaN NaN NaN NaN NaN NaN NaN NaN NaN NaN NaN NaN NaN NaN NaN NaN NaN NaN NaN NaN NaN 
NaN NaN NaN NaN NaN NaN NaN NaN NaN NaN NaN NaN NaN NaN NaN NaN NaN NaN NaN NaN NaN NaN NaN NaN NaN NaN NaN NaN NaN NaN NaN NaN NaN NaN NaN NaN NaN NaN NaN NaN 
NaN NaN NaN NaN NaN NaN NaN NaN NaN NaN NaN NaN NaN NaN NaN NaN NaN NaN NaN NaN NaN NaN NaN NaN NaN NaN NaN NaN NaN NaN NaN NaN NaN NaN NaN NaN NaN NaN NaN NaN 
NaN NaN NaN NaN NaN NaN NaN NaN NaN NaN NaN NaN NaN NaN NaN NaN NaN NaN NaN NaN NaN NaN NaN NaN NaN NaN NaN NaN NaN NaN NaN NaN NaN NaN NaN NaN NaN NaN NaN NaN 
NaN NaN NaN NaN NaN NaN NaN NaN NaN NaN NaN NaN NaN NaN NaN NaN NaN NaN NaN NaN NaN NaN NaN NaN NaN NaN NaN NaN NaN NaN NaN NaN NaN NaN NaN NaN NaN NaN NaN NaN 
NaN NaN NaN NaN NaN NaN NaN NaN NaN NaN NaN NaN NaN NaN NaN NaN NaN NaN NaN NaN NaN NaN NaN NaN NaN NaN NaN NaN NaN NaN NaN NaN NaN NaN NaN NaN NaN NaN NaN NaN 
NaN NaN NaN NaN NaN NaN NaN NaN NaN NaN NaN NaN NaN NaN NaN NaN NaN NaN NaN NaN NaN NaN NaN NaN NaN NaN NaN NaN NaN NaN NaN NaN NaN NaN NaN NaN NaN NaN NaN NaN 
NaN NaN NaN NaN NaN NaN NaN NaN NaN NaN NaN NaN NaN NaN NaN NaN NaN NaN NaN NaN NaN NaN NaN NaN NaN NaN NaN NaN NaN NaN NaN NaN NaN NaN NaN NaN NaN NaN NaN NaN 
NaN NaN NaN NaN NaN NaN NaN NaN NaN NaN NaN NaN NaN NaN NaN NaN NaN NaN NaN NaN NaN NaN NaN NaN NaN NaN NaN NaN NaN NaN NaN NaN NaN NaN NaN NaN NaN NaN NaN NaN 
NaN NaN NaN NaN NaN NaN NaN NaN NaN NaN NaN NaN NaN NaN NaN NaN NaN NaN NaN NaN NaN NaN NaN NaN NaN NaN NaN NaN NaN NaN NaN NaN NaN NaN NaN NaN NaN NaN NaN NaN 
NaN NaN NaN NaN NaN NaN NaN NaN NaN NaN NaN NaN NaN NaN NaN NaN NaN NaN NaN NaN NaN NaN NaN NaN NaN NaN NaN NaN NaN NaN NaN NaN NaN NaN NaN NaN NaN NaN NaN NaN 
NaN NaN NaN NaN NaN NaN NaN NaN NaN NaN NaN NaN NaN NaN NaN NaN NaN NaN NaN NaN NaN NaN NaN NaN NaN NaN NaN NaN NaN NaN NaN NaN NaN NaN NaN NaN NaN NaN NaN NaN 
NaN NaN NaN NaN NaN NaN NaN NaN NaN NaN NaN NaN NaN NaN NaN NaN NaN NaN NaN NaN NaN NaN NaN NaN NaN NaN NaN NaN NaN NaN NaN NaN NaN NaN NaN NaN NaN NaN NaN NaN 
NaN NaN NaN NaN NaN NaN NaN NaN NaN NaN NaN NaN NaN NaN NaN NaN NaN NaN NaN NaN NaN NaN NaN NaN NaN NaN NaN NaN NaN NaN NaN NaN NaN NaN NaN NaN NaN NaN NaN NaN 
NaN NaN NaN NaN NaN NaN NaN NaN NaN NaN NaN NaN NaN NaN NaN NaN NaN NaN NaN NaN NaN NaN NaN NaN NaN NaN NaN NaN NaN NaN NaN NaN NaN NaN NaN NaN NaN NaN NaN NaN 
NaN NaN NaN NaN NaN NaN NaN NaN NaN NaN NaN NaN NaN NaN NaN NaN NaN NaN NaN NaN NaN NaN NaN NaN NaN NaN NaN NaN NaN NaN NaN NaN NaN NaN NaN NaN NaN NaN NaN NaN 
NaN NaN NaN NaN NaN NaN NaN NaN NaN NaN NaN NaN NaN NaN NaN NaN NaN NaN NaN NaN NaN NaN NaN NaN NaN NaN NaN NaN NaN NaN NaN NaN NaN NaN NaN NaN NaN NaN NaN NaN 
NaN NaN NaN NaN NaN NaN NaN NaN NaN NaN NaN NaN NaN NaN NaN NaN NaN NaN NaN NaN NaN NaN NaN NaN NaN NaN NaN NaN NaN NaN NaN NaN NaN NaN NaN NaN NaN NaN NaN NaN 
NaN NaN NaN NaN NaN NaN NaN NaN NaN NaN NaN NaN NaN NaN NaN NaN NaN NaN NaN NaN NaN NaN NaN NaN NaN NaN NaN NaN NaN NaN NaN NaN NaN NaN NaN NaN NaN NaN NaN NaN 
NaN NaN NaN NaN NaN NaN NaN NaN NaN NaN NaN NaN NaN NaN NaN NaN NaN NaN NaN NaN NaN NaN NaN NaN NaN NaN NaN NaN NaN NaN NaN NaN NaN NaN NaN NaN NaN NaN NaN NaN 
NaN NaN NaN NaN NaN NaN NaN NaN NaN NaN NaN NaN NaN NaN NaN NaN NaN NaN NaN NaN NaN NaN NaN NaN NaN NaN NaN NaN NaN NaN NaN NaN NaN NaN NaN NaN NaN NaN NaN NaN 
NaN NaN NaN NaN NaN NaN NaN NaN NaN NaN NaN NaN NaN NaN NaN NaN NaN NaN NaN NaN NaN NaN NaN NaN NaN NaN NaN NaN NaN NaN NaN NaN NaN NaN NaN NaN NaN NaN NaN NaN 
NaN NaN NaN NaN NaN NaN NaN NaN NaN NaN NaN NaN NaN NaN NaN NaN NaN NaN NaN NaN NaN NaN NaN NaN NaN NaN NaN NaN NaN NaN NaN NaN NaN NaN NaN NaN NaN NaN NaN NaN 
NaN NaN NaN NaN NaN NaN NaN NaN NaN NaN NaN NaN NaN NaN NaN NaN NaN NaN NaN NaN NaN NaN NaN NaN NaN NaN NaN NaN NaN NaN NaN NaN NaN NaN NaN NaN NaN NaN NaN NaN 
NaN NaN NaN NaN NaN NaN NaN NaN NaN NaN NaN NaN NaN NaN NaN NaN NaN NaN NaN NaN NaN NaN NaN NaN NaN NaN NaN NaN NaN NaN NaN NaN NaN NaN NaN NaN NaN NaN NaN NaN 
NaN NaN NaN NaN NaN NaN NaN NaN NaN NaN NaN NaN NaN NaN NaN NaN NaN NaN NaN NaN NaN NaN NaN NaN NaN NaN NaN NaN NaN NaN NaN NaN NaN NaN NaN NaN NaN NaN NaN NaN 
NaN NaN NaN NaN NaN NaN NaN NaN NaN NaN NaN NaN NaN NaN NaN NaN NaN NaN NaN NaN NaN NaN NaN NaN NaN NaN NaN NaN NaN NaN NaN NaN NaN NaN NaN NaN NaN NaN NaN NaN 
NaN NaN NaN NaN NaN NaN NaN NaN NaN NaN NaN NaN NaN NaN NaN NaN NaN NaN NaN NaN NaN NaN NaN NaN NaN NaN NaN NaN NaN NaN NaN NaN NaN NaN NaN NaN NaN NaN NaN NaN 
NaN NaN NaN NaN NaN NaN NaN NaN NaN NaN NaN NaN NaN NaN NaN NaN NaN NaN NaN NaN NaN NaN NaN NaN NaN NaN NaN NaN NaN NaN NaN NaN NaN NaN NaN NaN NaN NaN NaN NaN 
NaN NaN NaN NaN NaN NaN NaN NaN NaN NaN NaN NaN NaN NaN NaN NaN NaN NaN NaN NaN NaN NaN NaN NaN NaN NaN NaN NaN NaN NaN NaN NaN NaN NaN NaN NaN NaN NaN NaN NaN 
NaN NaN NaN NaN NaN NaN NaN NaN NaN NaN NaN NaN NaN NaN NaN NaN NaN NaN NaN NaN NaN NaN NaN NaN NaN NaN NaN NaN NaN NaN NaN NaN NaN NaN NaN NaN NaN NaN NaN NaN 
NaN NaN NaN NaN NaN NaN NaN NaN NaN NaN NaN NaN NaN NaN NaN NaN NaN NaN NaN NaN NaN NaN NaN NaN NaN NaN NaN NaN NaN NaN NaN NaN NaN NaN NaN NaN NaN NaN NaN NaN 
NaN NaN NaN NaN NaN NaN NaN NaN NaN NaN NaN NaN NaN NaN NaN NaN NaN NaN NaN NaN NaN NaN NaN NaN NaN NaN NaN NaN NaN NaN NaN NaN NaN NaN NaN NaN NaN NaN NaN NaN 
NaN NaN NaN NaN NaN NaN NaN NaN NaN NaN NaN NaN NaN NaN NaN NaN NaN NaN NaN NaN NaN NaN NaN NaN NaN NaN NaN NaN NaN NaN NaN NaN NaN NaN NaN NaN NaN NaN NaN NaN 
NaN NaN NaN NaN NaN NaN NaN NaN NaN NaN NaN NaN NaN NaN NaN NaN NaN NaN NaN NaN NaN NaN NaN NaN NaN NaN NaN NaN NaN NaN NaN NaN NaN NaN NaN NaN NaN NaN NaN NaN 
NaN NaN NaN NaN NaN NaN NaN NaN NaN NaN NaN NaN NaN NaN NaN NaN NaN NaN NaN NaN NaN NaN NaN NaN NaN NaN NaN NaN NaN NaN NaN NaN NaN NaN NaN NaN NaN NaN NaN NaN 
NaN NaN NaN NaN NaN NaN NaN NaN NaN NaN NaN NaN NaN NaN NaN NaN NaN NaN NaN NaN NaN NaN NaN NaN NaN NaN NaN NaN NaN NaN NaN NaN NaN NaN NaN NaN NaN NaN NaN NaN 
NaN NaN NaN NaN NaN NaN NaN NaN NaN NaN NaN NaN NaN NaN NaN NaN NaN NaN NaN NaN NaN NaN NaN NaN NaN NaN NaN NaN NaN NaN NaN NaN NaN NaN NaN NaN NaN NaN NaN NaN 
NaN NaN NaN NaN NaN NaN NaN NaN NaN NaN NaN NaN NaN NaN NaN NaN NaN NaN NaN NaN NaN NaN NaN NaN NaN NaN NaN NaN NaN NaN NaN NaN NaN NaN NaN NaN NaN NaN NaN NaN 
NaN NaN NaN NaN NaN NaN NaN NaN NaN NaN NaN NaN NaN NaN NaN NaN NaN NaN NaN NaN NaN NaN NaN NaN NaN NaN NaN NaN NaN NaN NaN NaN NaN NaN NaN NaN NaN NaN NaN NaN 
NaN NaN NaN NaN NaN NaN NaN NaN NaN NaN NaN NaN NaN NaN NaN NaN NaN NaN NaN NaN NaN NaN NaN NaN NaN NaN NaN NaN NaN NaN NaN NaN NaN NaN NaN NaN NaN NaN NaN NaN 
NaN NaN NaN NaN NaN NaN NaN NaN NaN NaN NaN NaN NaN NaN NaN NaN NaN NaN NaN NaN NaN NaN NaN NaN NaN NaN NaN NaN NaN NaN NaN NaN NaN NaN NaN NaN NaN NaN NaN NaN 
NaN NaN NaN NaN NaN NaN NaN NaN NaN NaN NaN NaN NaN NaN NaN NaN NaN NaN NaN NaN NaN NaN NaN NaN NaN NaN NaN NaN NaN NaN NaN NaN NaN NaN NaN NaN NaN NaN NaN NaN 
NaN NaN NaN NaN NaN NaN NaN NaN NaN NaN NaN NaN NaN NaN NaN NaN NaN NaN NaN NaN NaN NaN NaN NaN NaN NaN NaN NaN NaN NaN NaN NaN NaN NaN NaN NaN NaN NaN NaN NaN 
NaN NaN NaN NaN NaN NaN NaN NaN NaN NaN NaN NaN NaN NaN NaN NaN NaN NaN NaN NaN NaN NaN NaN NaN NaN NaN NaN NaN NaN NaN NaN NaN NaN NaN NaN NaN NaN NaN NaN NaN 
NaN NaN NaN NaN NaN NaN NaN NaN NaN NaN NaN NaN NaN NaN NaN NaN NaN NaN NaN NaN NaN NaN NaN NaN NaN NaN NaN NaN NaN NaN NaN NaN NaN NaN NaN NaN NaN NaN NaN NaN 
NaN NaN NaN NaN NaN NaN NaN NaN NaN NaN NaN NaN NaN NaN NaN NaN NaN NaN NaN NaN NaN NaN NaN NaN NaN NaN NaN NaN NaN NaN NaN NaN NaN NaN NaN NaN NaN NaN NaN NaN 
NaN NaN NaN NaN NaN NaN NaN NaN NaN NaN NaN NaN NaN NaN NaN NaN NaN NaN NaN NaN NaN NaN NaN NaN NaN NaN NaN NaN NaN NaN NaN NaN NaN NaN NaN NaN NaN NaN NaN NaN 
NaN NaN NaN NaN NaN NaN NaN NaN NaN NaN NaN NaN NaN NaN NaN NaN NaN NaN NaN NaN NaN NaN NaN NaN NaN NaN NaN NaN NaN NaN NaN NaN NaN NaN NaN NaN NaN NaN NaN NaN 
NaN NaN NaN NaN NaN NaN NaN NaN NaN NaN NaN NaN NaN NaN NaN NaN NaN NaN NaN NaN NaN NaN NaN NaN NaN NaN NaN NaN NaN NaN NaN NaN NaN NaN NaN NaN NaN NaN NaN NaN 
NaN NaN NaN NaN NaN NaN NaN NaN NaN NaN NaN NaN NaN NaN NaN NaN NaN NaN NaN NaN NaN NaN NaN NaN NaN NaN NaN NaN NaN NaN NaN NaN NaN NaN NaN NaN NaN NaN NaN NaN 
NaN NaN NaN NaN NaN NaN NaN NaN NaN NaN NaN NaN NaN NaN NaN NaN NaN NaN NaN NaN NaN NaN NaN NaN NaN NaN NaN NaN NaN NaN NaN NaN NaN NaN NaN NaN NaN NaN NaN NaN 
NaN NaN NaN NaN NaN NaN NaN NaN NaN NaN NaN NaN NaN NaN NaN NaN NaN NaN NaN NaN NaN NaN NaN NaN NaN NaN NaN NaN NaN NaN NaN NaN NaN NaN NaN NaN NaN NaN NaN NaN 
NaN NaN NaN NaN NaN NaN NaN NaN NaN NaN NaN NaN NaN NaN NaN NaN NaN NaN NaN NaN NaN NaN NaN NaN NaN NaN NaN NaN NaN NaN NaN NaN NaN NaN NaN NaN NaN NaN NaN NaN 
NaN NaN NaN NaN NaN NaN NaN NaN NaN NaN NaN NaN NaN NaN NaN NaN NaN NaN NaN NaN NaN NaN NaN NaN NaN NaN NaN NaN NaN NaN NaN NaN NaN NaN NaN NaN NaN NaN NaN NaN 
NaN NaN NaN NaN NaN NaN NaN NaN NaN NaN NaN NaN NaN NaN NaN NaN NaN NaN NaN NaN NaN NaN NaN NaN NaN NaN NaN NaN NaN NaN NaN NaN NaN NaN NaN NaN NaN NaN NaN NaN 
NaN NaN NaN NaN NaN NaN NaN NaN NaN NaN NaN NaN NaN NaN NaN NaN NaN NaN NaN NaN NaN NaN NaN NaN NaN NaN NaN NaN NaN NaN NaN NaN NaN NaN NaN NaN NaN NaN NaN NaN 
NaN NaN NaN NaN NaN NaN NaN NaN NaN NaN NaN NaN NaN NaN NaN NaN NaN NaN NaN NaN NaN NaN NaN NaN NaN NaN NaN NaN NaN NaN NaN NaN NaN NaN NaN NaN NaN NaN NaN NaN 
NaN NaN NaN NaN NaN NaN NaN NaN NaN NaN NaN NaN NaN NaN NaN NaN NaN NaN NaN NaN NaN NaN NaN NaN NaN NaN NaN NaN NaN NaN NaN NaN NaN NaN NaN NaN NaN NaN NaN NaN 
NaN NaN NaN NaN NaN NaN NaN NaN NaN NaN NaN NaN NaN NaN NaN NaN NaN NaN NaN NaN NaN NaN NaN NaN NaN NaN NaN NaN NaN NaN NaN NaN NaN NaN NaN NaN NaN NaN NaN NaN 
-69.210438 -72.016877 -76.267518 -78.836004 -79.197598 -81.498106 -84.200965 -89.296986 -94.511548 -90.467246 -87.317376 -85.501024 -87.200791 -89.292706 -95.698780 -93.830292 -97.137384 -98.075348 -90.162363 -86.262875 -84.480069 -90.707672 -97.159246 -87.873422 -89.583059 -89.901799 -90.414566 -87.132618 -86.333785 -93.323114 -89.294622 -89.090829 -90.998001 -87.570003 -84.293218 -86.002133 -88.314753 -88.346575 -90.086985 -89.800213 
-54.602720 -68.322353 -71.911433 -71.176729 -79.383879 -71.234577 -69.796859 -77.629773 -84.991151 -76.553951 -79.124886 -73.331839 -74.076232 -72.086335 -76.091378 -79.552552 -75.952124 -79.754525 -79.866318 -78.103917 -75.554233 -78.116613 -79.159732 -73.784351 -73.299926 -75.030566 -77.193233 -78.427572 -75.992130 -81.466101 -77.991945 -76.359758 -75.136399 -74.188969 -72.004856 -77.091036 -78.105916 -76.057209 -75.395220 -77.173372 
-55.671900 -69.322519 -69.227085 -68.347712 -76.833627 -81.782856 -76.688048 -75.094600 -81.665351 -73.796729 -73.620644 -75.471260 -74.958237 -73.305503 -76.212314 -73.429082 -73.974091 -72.085071 -76.085248 -75.871255 -72.938620 -76.737855 -75.412687 -72.753936 -75.787100 -75.415686 -74.877664 -76.881726 -80.366717 -76.777821 -77.148864 -74.348412 -72.612022 -79.355773 -77.365522 -74.866612 -74.675725 -74.595630 -74.622866 -74.768660 
-54.664590 -70.140621 -70.223984 -68.297057 -74.889108 -83.427037 -78.736538 -76.095462 -77.197834 -76.171420 -77.282019 -71.649249 -72.014354 -73.241177 -74.809422 -70.747859 -71.257463 -70.809148 -70.976939 -74.011217 -76.431530 -76.916963 -73.484691 -76.111951 -75.311577 -72.881920 -74.356504 -73.720005 -76.254969 -77.180355 -75.417334 -74.898558 -75.039955 -76.457163 -74.035060 -74.483553 -75.454851 -75.122869 -74.036944 -74.876475 
-34.293317 -34.571455 -37.341895 -42.152178 -43.498811 -43.842469 -46.598119 -48.374466 -48.263336 -51.387319 -53.705826 -52.485989 -52.985100 -55.636219 -56.744369 -56.497439 -56.510194 -57.937652 -60.336207 -59.045649 -60.409069 -61.234224 -61.159064 -64.240675 -62.443302 -61.724538 -63.248694 -62.367395 -62.135418 -68.164391 -71.784557 -70.801115 -71.326987 -69.651203 -69.166156 -67.487594 -67.031758 -68.011675 -68.950939 -70.949403 
-22.246123 -25.591193 -30.700433 -42.302837 -41.020873 -40.968626 -43.760253 -47.242241 -44.638068 -50.517381 -53.508500 -49.648601 -52.230743 -56.448350 -58.545710 -53.349322 -54.814048 -56.572664 -58.344018 -57.873729 -60.968268 -57.674770 -60.752836 -60.755951 -60.860939 -58.966252 -62.152485 -60.201213 -58.746102 -61.092073 -64.192512 -66.188817 -66.104572 -67.862220 -68.637148 -63.678577 -62.598739 -65.449166 -67.387637 -66.384643 
-19.715973 -22.911582 -27.551002 -33.824422 -45.798069 -47.341284 -47.919135 -50.241532 -50.328731 -54.855868 -56.817234 -56.674084 -58.939594 -57.829131 -56.072847 -57.972656 -57.474106 -58.211154 -60.844021 -56.839151 -60.702946 -58.377392 -62.042008 -58.268366 -60.942136 -66.138080 -65.487286 -60.898837 -59.419361 -61.541895 -60.241952 -62.812423 -67.042890 -70.328130 -65.627979 -64.605392 -61.334980 -62.450451 -65.269133 -65.737486 
-22.669571 -21.483444 -24.751278 -28.305400 -41.757618 -41.417510 -48.966070 -49.307345 -48.699802 -53.052109 -52.673814 -53.533609 -53.896402 -57.647275 -61.925056 -59.623257 -57.589923 -56.805619 -59.862896 -58.261874 -62.258283 -59.718361 -60.973921 -60.683187 -62.507082 -67.655550 -64.525381 -65.642563 -63.538415 -64.583088 -65.214392 -65.593379 -66.164064 -66.411642 -68.468132 -67.390178 -65.632312 -64.821931 -63.589001 -66.318216 
-33.622462 -25.145295 -28.559589 -31.254766 -41.258398 -39.608148 -51.010993 -47.699342 -48.544436 -56.857463 -55.966172 -54.492343 -55.710103 -60.637346 -61.704286 -58.389182 -65.882645 -59.927615 -60.167548 -59.466494 -62.927875 -62.175571 -62.734450 -62.199971 -62.272908 -61.364640 -60.680245 -62.505366 -62.093708 -65.617092 -65.979076 -65.578747 -66.241473 -63.341669 -65.405050 -63.631216 -63.272682 -63.019739 -63.848607 -65.216495 
-28.200056 -32.162676 -32.860040 -36.762614 -45.001637 -47.277109 -51.494950 -56.012196 -52.908065 -51.191959 -57.317749 -61.262315 -68.204141 -69.614101 -63.122800 -62.611051 -59.434508 -55.178789 -54.622299 -56.857543 -57.582677 -58.836988 -61.040054 -62.896716 -61.863479 -62.377562 -62.460449 -64.366303 -65.133437 -61.333472 -63.214897 -62.566717 -62.351894 -67.804169 -69.374549 -70.435364 -70.834426 -72.371481 -71.406035 -69.594795 
-20.039694 -23.512867 -26.768233 -37.157931 -40.475775 -44.572452 -49.707652 -49.486014 -48.433854 -51.435719 -48.386576 -42.811573 -46.181679 -59.491172 -54.336920 -47.125517 -48.601829 -48.409181 -52.030025 -45.322257 -41.459410 -42.245341 -44.187387 -48.029445 -55.945459 -51.833919 -43.864546 -40.648064 -42.960349 -42.630081 -45.617035 -49.938863 -49.236924 -48.507613 -47.605501 -46.887027 -49.579531 -50.386410 -53.494248 -49.475573 
-8.120497 -5.618816 -10.261052 -14.533386 -6.943476 -3.965261 -3.835962 -6.474290 -11.815592 -13.265738 -11.073196 -8.693215 -10.139917 -16.828859 -11.822638 -9.163059 -13.833412 -19.668678 -8.265417 -4.438283 -12.638636 -10.323514 -14.300280 -14.785372 -13.771459 -10.026589 -8.201547 -9.446999 -6.258950 -10.004523 -11.839254 -14.976180 -19.840684 -22.868584 -14.997061 -14.939536 -14.517107 -22.331476 -22.647827 -23.882384 
5.763788 9.062572 10.069152 11.181948 3.326958 1.235941 4.733867 -0.686010 -6.605378 -4.547463 -8.740096 -7.061738 -7.356427 -11.642076 -9.374974 -6.070334 -11.795677 -14.689142 -1.875046 3.389524 -5.086992 -9.184896 -11.381600 -13.201120 -15.852275 -11.754837 -8.881629 -5.649998 -1.560764 -10.875370 -5.962252 -7.771627 -16.517522 -18.155545 -10.236263 -10.468515 -7.604763 -19.107123 -18.120311 -18.963717 
4.129560 16.151566 24.018416 19.487397 17.911967 20.111734 20.128923 19.243148 9.984717 0.452731 -2.311429 -2.532054 -5.209978 -4.478560 -10.821672 -10.815800 -6.604549 -0.490007 5.310196 3.314884 -1.627747 -11.855581 -6.787161 -16.618031 -23.686732 -26.545081 -14.497372 -0.101676 0.088943 -11.077187 -16.363884 -19.878528 -33.005735 -34.928123 -26.930326 -23.690442 -19.885597 -32.391218 -34.830405 -33.317961 
4.682484 17.742832 25.637872 18.860774 21.735391 23.907135 17.938646 26.911045 17.657354 10.141232 0.724810 2.175264 4.281171 -0.225722 -2.919672 -1.108499 0.733984 10.367344 10.485448 4.350403 -2.657037 -7.318781 -8.285006 -16.558029 -15.616346 -18.167975 -11.197893 -2.548227 -4.605277 -11.028210 -27.964938 -26.857131 -30.242254 -34.479323 -35.062636 -32.767930 -22.498753 -27.128117 -36.367666 -32.038975 
-3.742601 15.033652 23.295593 15.703034 19.045182 21.073345 16.919832 29.226797 21.041125 14.951241 3.651148 5.030692 3.964126 0.961309 -1.518173 1.906117 10.567948 13.778375 7.413324 0.759413 -3.292314 -3.673444 -4.338254 -9.863956 -12.087837 -14.447798 -11.853174 -6.579709 -7.343983 -16.124427 -27.505167 -26.805595 -27.870977 -29.865644 -29.943074 -29.297757 -17.663990 -20.496571 -30.607170 -29.627125 
-8.339803 12.620208 21.825012 14.809646 16.508392 19.110828 14.325482 25.412021 17.677055 19.962677 7.302781 6.279678 3.495458 1.067538 3.886165 9.559981 13.947847 6.032128 -1.140912 -4.997461 -9.785182 -7.354242 -8.343842 -9.513549 -14.710765 -11.588501 -7.233360 -11.309066 -11.288033 -23.038258 -40.032595 -33.968622 -32.283831 -37.565071 -33.139995 -34.897956 -17.109280 -21.303559 -30.936772 -26.664794 
-4.971004 12.555654 21.775710 15.235905 15.481337 19.339713 11.580028 21.100112 13.194616 21.539820 9.967240 7.137966 3.435893 3.662390 11.497991 14.758082 7.104682 -1.397100 -6.183760 -6.915345 -10.589370 -10.242444 -10.683647 -14.463694 -17.063597 -13.545864 -6.314954 -11.949707 -13.385636 -23.255523 -27.137381 -26.733253 -26.855692 -27.036403 -28.313182 -28.849206 -21.400570 -22.462497 -24.763342 -26.615869 
-12.804500 10.957652 21.406449 15.715288 12.529038 18.982290 10.000283 18.662931 11.183512 20.243047 13.559916 9.339422 4.717617 10.887382 17.544992 11.992018 2.252988 -2.441505 -6.033990 -11.273779 -17.698994 -16.682786 -12.165511 -15.869151 -19.978665 -18.553431 -9.202867 -16.439264 -21.051141 -30.414088 -38.441124 -31.036214 -36.076079 -34.841305 -37.330371 -37.811813 -22.959800 -22.960873 -25.924150 -29.181147 
-11.884231 9.127408 21.440961 17.169874 9.597084 18.577091 9.466087 15.311774 12.807737 16.939148 15.235312 9.378254 8.801484 13.053352 13.691727 0.355873 -8.640144 -9.411035 -13.398320 -15.266459 -19.539942 -26.020177 -26.106213 -16.580947 -21.715962 -22.618975 -11.766210 -12.897686 -20.455460 -30.444773 -40.793446 -35.183926 -36.355778 -38.019529 -42.918152 -41.750852 -25.541188 -23.161996 -22.351753 -24.866480 
-14.328395 9.060563 22.039504 18.891520 7.295607 17.966957 9.980201 12.377667 12.477451 14.354062 15.800424 12.668575 12.420677 16.233193 4.793030 -4.191637 -9.763466 -11.736294 -15.313345 -17.421445 -19.254370 -23.495867 -28.925415 -23.448680 -18.743877 -23.832767 -16.752542 -14.220152 -23.365226 -30.548413 -36.443840 -33.546590 -34.978041 -37.774806 -40.918179 -40.766127 -32.214852 -26.534800 -24.345925 -28.126547 
-17.499759 7.366413 21.881551 19.966706 4.499984 16.931854 11.869922 9.210000 13.590022 9.383732 15.908819 11.807333 14.634519 14.429821 5.245015 -6.434229 -10.356360 -12.699203 -16.110920 -16.825474 -19.326153 -21.544433 -22.514187 -22.378117 -18.318725 -18.308604 -17.385162 -16.575484 -22.956815 -25.277389 -28.337261 -29.214637 -29.468382 -30.746227 -31.341920 -31.638062 -27.135711 -22.046719 -21.650565 -27.286619 
-16.625722 6.617924 21.684625 20.939223 4.796983 16.597469 13.712907 5.824375 13.394502 4.309384 14.661154 9.686793 14.884072 5.504993 1.465569 -11.064474 -12.459813 -14.297238 -17.553423 -15.801129 -19.070781 -24.104305 -28.144464 -26.192205 -19.684771 -16.566376 -17.356204 -16.298682 -25.949044 -26.661654 -28.804093 -30.795154 -29.369281 -36.061951 -39.242062 -39.691785 -28.734918 -21.487560 -24.117005 -25.452659 
-19.043263 4.368104 21.337598 21.690786 4.732480 15.467110 14.940061 4.808178 14.394337 3.698946 13.228040 6.871552 13.696417 2.795117 -1.171144 -14.241202 -13.734706 -11.398701 -16.308451 -16.520579 -20.500801 -24.295797 -31.279823 -27.424463 -18.610504 -16.344562 -15.800271 -16.752921 -25.142424 -27.513238 -31.592156 -31.893862 -32.196639 -40.034045 -48.504430 -41.923570 -30.534206 -24.567615 -20.580213 -24.429673 
-16.724835 3.673177 20.984566 22.279996 4.163547 13.966370 15.335916 3.955652 14.669960 2.172906 9.619146 3.945041 9.327799 1.579039 -0.903666 -10.058649 -13.914754 -9.634287 -14.413083 -15.695266 -18.714341 -21.663179 -25.431516 -24.102421 -15.558947 -15.602184 -18.249470 -21.162668 -23.716009 -22.747927 -22.916785 -29.299988 -26.115517 -31.779052 -32.779184 -32.150573 -29.339094 -25.816708 -24.757974 -26.008824 
-9.636280 1.545353 20.856704 22.707590 6.215808 14.012414 15.978246 2.142974 13.976945 3.252874 6.339527 1.547317 7.146529 2.004999 6.899754 -3.012277 -10.239029 -8.937191 -14.155553 -18.093508 -18.125133 -21.116148 -27.895881 -23.289488 -14.944028 -15.014334 -19.219476 -22.494755 -28.008372 -23.866214 -22.511514 -26.021589 -25.569743 -42.814003 -44.347766 -32.292868 -28.976533 -28.263969 -23.615629 -26.611274 
-14.310090 1.496555 20.540622 23.300854 7.542313 12.957463 16.633532 1.507062 13.150558 5.073026 5.183847 2.774541 4.779948 2.270339 11.783125 5.268761 -6.708003 -7.597741 -12.036147 -14.705118 -16.331522 -16.514068 -21.211740 -19.756814 -13.207036 -15.044591 -20.424770 -24.835617 -26.139406 -26.140293 -25.505689 -28.497053 -29.802188 -36.148811 -35.658457 -31.785520 -27.631633 -28.173878 -27.146649 -29.594113 
-16.885505 1.567530 20.575975 22.472664 8.041980 13.292179 15.306504 7.455092 11.045983 3.169777 1.315603 1.092898 -0.238115 1.577307 7.257851 2.841740 -4.733252 -9.333972 -11.477832 -11.156158 -13.391692 -11.839647 -18.572557 -13.913387 -11.102496 -17.948567 -24.641884 -32.899377 -23.691404 -26.346247 -20.735657 -27.076477 -35.669703 -42.915766 -41.299575 -35.243792 -31.788144 -32.181813 -29.405939 -34.496899 
-12.659855 3.135785 21.288329 24.042735 11.738990 12.320426 13.641543 1.546407 -1.626040 -6.729765 -5.817849 -7.479543 -12.114827 -10.152917 -9.788929 -7.476078 -2.905789 -12.702133 -16.140731 -17.114109 -16.446925 -15.281772 -21.960846 -19.785676 -17.587098 -22.552347 -25.831721 -27.366475 -27.624254 -26.967751 -20.629819 -23.896131 -30.115319 -30.790991 -31.211506 -31.290367 -31.088918 -30.701910 -31.123869 -32.035636 
-18.066420 0.454579 21.419543 25.034456 10.578272 10.010074 15.179177 -1.351303 -7.002209 -11.135069 -10.750011 -9.723885 -14.093528 -12.962870 -22.291901 -12.108003 -2.517229 -14.401108 -21.648415 -21.370215 -18.657957 -14.423682 -24.382278 -22.337356 -18.567176 -32.331861 -36.912642 -35.596306 -39.097089 -32.529832 -21.099820 -29.170150 -45.926374 -50.469314 -50.332089 -47.633190 -39.053363 -32.800093 -39.581750 -42.324305 
-18.284438 0.887848 21.217672 24.758980 9.281156 10.672180 15.600672 -0.083661 -5.585946 -10.494945 -9.541965 -9.516362 -12.444853 -14.621250 -18.784193 -11.421730 -4.179849 -13.228816 -17.526897 -19.667832 -18.150409 -15.808355 -22.146022 -20.746826 -18.718849 -25.886097 -29.684226 -30.263192 -28.936705 -26.975089 -20.254038 -28.604587 -33.274672 -33.630230 -33.998192 -34.265322 -33.306844 -31.042753 -34.629876 -34.607105 
-13.192879 2.341980 21.497751 24.135567 7.846591 11.623412 14.979101 -2.463253 -5.116574 -11.037181 -7.871625 -10.915123 -12.599779 -17.353770 -24.356878 -13.159561 -6.946309 -10.194091 -17.718774 -16.400521 -17.459977 -18.228651 -20.925170 -21.292135 -20.056796 -30.242367 -34.222276 -33.289261 -24.427269 -27.012181 -22.313206 -31.435461 -40.439248 -40.079112 -40.628254 -40.303073 -35.760473 -32.501898 -38.698327 -39.932365 
-15.326680 1.538661 20.850712 23.416491 7.861691 10.683484 16.169968 3.451622 2.460266 -3.077367 -2.938732 -8.047508 -3.388783 -9.760620 -12.052510 -7.277304 -3.966929 1.321990 -10.026616 -10.840513 -16.163235 -16.595471 -17.662855 -12.302223 -12.560764 -21.017534 -26.651632 -25.948031 -19.293001 -22.638122 -19.583035 -25.155850 -44.530362 -45.479614 -45.410358 -42.140435 -34.305000 -33.400012 -38.185021 -39.213117 
-22.746009 -0.153176 19.405257 22.061120 7.074862 14.212617 16.927150 5.657704 16.927571 12.417946 10.226380 3.161167 6.266480 -0.555185 0.169548 0.735121 5.231008 9.579295 -9.932021 -6.487775 -10.192281 -10.902294 -13.065982 -12.228756 -9.926595 -15.504964 -21.551268 -17.409658 -13.986158 -15.732841 -16.555187 -20.468026 -32.944387 -33.937754 -34.423941 -34.411201 -32.527728 -30.118112 -33.119822 -33.960902 
-19.622859 3.301864 19.573183 20.196606 3.011280 15.375038 14.988017 5.895103 19.632662 11.047034 15.962261 7.848227 10.517466 2.266598 2.862476 5.037641 7.776616 10.793472 -0.311635 -1.068764 -8.770769 -10.174079 -10.890745 -12.416408 -9.253785 -13.244006 -21.167331 -18.037844 -12.639974 -13.099419 -17.585261 -19.362367 -29.983471 -30.786277 -31.311391 -31.728137 -31.680415 -27.181369 -28.346667 -29.086634 
-14.751016 4.575246 19.043884 18.276930 4.007173 15.873430 12.150607 8.827595 16.752217 11.115047 20.922785 13.325241 13.692962 4.132919 4.563727 6.837045 10.664674 11.323434 6.852481 0.536434 -6.804173 -6.353900 -12.681113 -10.956306 -5.881433 -12.877999 -15.977963 -16.578915 -9.690429 -8.493510 -15.142136 -21.156861 -38.040468 -34.916262 -35.519289 -41.224074 -41.007757 -27.596502 -25.006991 -27.880176 
-17.613956 5.024173 18.434901 15.886236 6.900826 16.681352 8.893929 9.653318 10.756302 17.233857 20.677896 17.494194 12.677531 4.936102 5.699752 6.928386 10.330221 14.902801 8.881686 -0.654141 -8.189589 -8.103387 -11.524189 -7.034168 -7.719556 -12.399858 -14.786507 -16.227673 -9.560984 -9.529836 -16.555373 -24.766334 -37.228477 -29.162627 -33.421333 -40.487973 -40.532137 -26.077571 -23.254555 -27.980870 
-15.198799 7.224493 17.703150 12.324485 9.486944 15.880912 5.073067 10.111974 5.173820 17.785286 15.680461 20.198209 9.562962 7.326439 7.584827 6.616198 7.202355 11.349458 0.567226 -6.187560 -9.079699 -12.930586 -11.094269 -7.588467 -6.120828 -15.315493 -19.449491 -20.106499 -13.189808 -12.703030 -17.231292 -28.070687 -34.870786 -27.401134 -35.341431 -42.649487 -42.736063 -27.807133 -24.457520 -27.689308 
-11.114425 8.255707 16.755082 9.550790 11.584202 13.959596 4.287348 8.044622 5.641822 12.051898 15.950580 20.204415 7.304369 4.248763 5.711157 7.284709 7.797035 6.712584 -2.377351 -7.687277 -10.252095 -14.919654 -10.607820 -6.192831 -9.705859 -19.067328 -20.180158 -17.709174 -12.813008 -18.299694 -24.358042 -30.370657 -30.083082 -27.886765 -36.419671 -52.109276 -50.999684 -24.408628 -23.649564 -30.404984 
-12.073557 9.335337 15.977770 8.552769 12.843634 10.861886 2.933836 4.883249 3.695861 7.680280 16.660490 13.246534 8.523292 9.352107 4.254014 5.502833 6.878379 8.245520 -0.397848 -3.358716 -14.672261 -14.923019 -12.918923 -5.641965 -14.987372 -17.325865 -20.369513 -17.180558 -15.466955 -19.508486 -30.810751 -32.525307 -26.080080 -26.475890 -35.093119 -46.921677 -46.768839 -31.528143 -25.692010 -30.433765 
-8.072579 10.534889 14.308867 7.447248 12.471534 7.084981 3.679637 -0.957698 1.565618 7.376520 13.270524 10.928166 10.472472 7.694756 4.962279 2.706954 6.899113 2.547274 -3.004251 -6.386228 -13.982003 -15.531403 -12.546335 -4.973414 -14.814215 -18.552331 -23.851183 -20.360458 -18.166277 -21.818709 -30.083503 -32.935691 -30.436027 -29.152827 -36.374994 -43.806374 -42.751968 -26.206585 -22.678314 -32.401086 
-6.701284 10.662402 13.011434 6.070219 8.974953 1.883972 1.478374 -1.645606 -2.842017 7.699302 10.391578 11.162064 7.829616 5.150653 -0.602937 0.432591 0.035273 3.613228 0.078511 -11.452156 -13.125431 -18.781932 -10.167317 -9.718096 -18.003820 -21.299220 -30.457961 -24.678807 -23.134757 -27.984150 -30.042029 -29.453942 -28.976243 -34.473008 -35.297652 -53.391729 -51.558572 -29.639453 -26.091606 -33.333900 
-2.990845 10.534051 9.056757 6.037110 2.801273 -2.640353 -4.325787 -3.810811 1.294130 4.762693 10.224310 10.673871 2.845359 -1.606022 -5.211932 -5.045321 -3.236179 3.260824 2.111253 -10.080273 -16.400989 -13.921714 -15.450566 -12.156558 -20.165650 -25.639424 -30.872851 -24.696322 -25.747494 -27.647134 -28.677485 -27.792544 -29.719489 -37.441306 -34.450305 -44.419245 -44.638357 -34.362483 -31.596205 -35.157890 
-2.649812 8.951868 5.345210 6.067559 -0.753851 -12.160535 -2.749215 -4.300928 -2.571707 -1.026147 3.574333 5.006877 -0.952345 -6.744112 -8.876109 -14.484197 -12.913477 -2.404307 0.461306 -8.017046 -16.479040 -20.049816 -16.968933 -13.535984 -21.730434 -25.694759 -25.911525 -24.683619 -29.473534 -30.658223 -35.665380 -33.595530 -36.471934 -45.026781 -42.870355 -52.284707 -59.924606 -38.168182 -32.515735 -34.651118 
-1.540011 7.954817 3.997089 5.001293 -1.264185 -10.511412 -3.723129 -8.224718 -2.447623 3.087900 2.128719 -3.960971 -7.931868 -10.297353 -13.090890 -16.895584 -17.645354 -7.025434 -4.605423 -13.351767 -20.920896 -21.277307 -16.325919 -17.920846 -24.995926 -27.631430 -25.691247 -26.738926 -30.926296 -33.635427 -36.632132 -35.837693 -36.517724 -44.261924 -43.159663 -46.516415 -48.867446 -40.152495 -35.019694 -35.082272 
-2.142694 6.596892 2.510354 1.193645 -3.523493 -9.939066 -6.261310 -10.313318 -15.340703 -7.964076 -12.423362 -12.451499 -12.630492 -14.235316 -16.248135 -16.830050 -20.873134 -14.257116 -9.685620 -17.247213 -28.842547 -31.209947 -19.747745 -19.165060 -29.583089 -32.468796 -30.203829 -31.025992 -31.731142 -38.332278 -42.308005 -37.607013 -37.805092 -44.621662 -43.257708 -47.207989 -48.731429 -44.266466 -40.690357 -39.447449 
-0.999668 5.112543 0.696155 -6.410031 -15.603199 -15.545300 -17.464121 -22.969749 -21.229801 -16.718542 -20.366801 -19.502217 -23.131199 -27.720971 -28.774995 -22.789497 -24.587856 -17.303386 -14.828478 -20.669747 -30.317459 -33.192782 -29.304431 -26.195888 -31.835373 -39.081580 -34.524797 -34.038962 -34.958572 -44.883189 -48.695622 -44.428766 -43.238329 -47.765479 -48.118904 -52.900981 -55.047822 -50.488862 -48.141950 -44.620073 
-1.428508 -1.698609 -6.233071 -10.127410 -17.864291 -24.461200 -35.205251 -34.627901 -21.504101 -19.412620 -19.842952 -26.385877 -29.737595 -31.931573 -38.610546 -36.116539 -30.536236 -23.870084 -27.127991 -37.070976 -44.529434 -46.460158 -40.011493 -40.439513 -45.267688 -50.696504 -39.853266 -39.535452 -44.767817 -51.235237 -57.562043 -52.519052 -50.584205 -54.661749 -55.526167 -58.646956 -61.898835 -55.298719 -55.563109 -53.783376 
-12.391989 -18.920063 -23.770257 -30.881060 -30.568291 -33.524112 -33.179117 -36.771582 -29.147638 -25.801764 -23.515842 -24.871719 -38.814375 -38.918129 -37.362822 -42.172276 -37.209804 -31.357925 -30.716212 -43.900659 -52.785750 -54.096646 -45.245584 -47.995346 -51.439847 -54.694857 -46.949738 -50.172156 -52.625037 -57.968182 -60.905483 -57.018616 -59.557546 -62.542478 -61.817830 -62.429187 -63.884278 -61.531681 -60.556528 -61.310720 
-17.559265 -27.958916 -27.991860 -31.873752 -38.356266 -46.163717 -38.484511 -41.491600 -33.269655 -33.130091 -26.497817 -28.221663 -39.229889 -44.712695 -42.818491 -43.029931 -36.611021 -35.763993 -34.316014 -50.703866 -56.759707 -54.507203 -53.863258 -50.696943 -56.369587 -63.962694 -64.341550 -60.162023 -61.768739 -63.894370 -66.693917 -65.500588 -62.004071 -64.033346 -64.555176 -65.593796 -66.680968 -68.429063 -68.002507 -71.247078 
-24.533275 -30.601106 -39.608543 -41.808445 -46.020031 -44.592638 -43.278852 -40.977245 -34.844629 -35.721927 -31.531191 -35.247061 -38.656420 -43.709342 -44.996991 -45.012286 -37.446183 -38.711258 -38.701835 -54.862947 -60.973079 -60.046343 -55.505069 -52.559826 -59.320252 -66.702832 -68.200696 -65.002971 -62.793512 -68.647294 -68.710328 -66.343822 -65.481119 -70.068579 -68.065288 -64.951575 -69.053862 -70.781122 -66.828419 -72.867498 
-20.438289 -26.793740 -39.771056 -46.887826 -47.194875 -47.324747 -50.960128 -45.801845 -39.198666 -38.168760 -35.832308 -39.718305 -42.691613 -45.883214 -52.882403 -46.571932 -39.690397 -39.402668 -39.349765 -57.203344 -60.386734 -60.656267 -56.068509 -54.974987 -61.019554 -65.743257 -66.207833 -63.656775 -63.443448 -67.145011 -66.929641 -65.403114 -66.218774 -68.303159 -70.676177 -67.620367 -71.799908 -73.613493 -66.334382 -73.147383 
-21.947419 -32.680470 -43.611210 -41.205457 -42.577947 -45.531517 -43.912921 -38.875699 -36.769391 -41.825009 -43.572707 -38.890654 -40.399285 -41.087444 -40.508749 -39.691713 -38.840217 -40.327000 -38.661203 -39.580940 -39.410646 -39.496847 -39.990015 -40.403579 -40.009231 -40.869671 -41.074431 -41.593747 -42.785123 -43.390556 -45.616489 -46.845962 -48.982730 -49.405334 -50.528011 -51.969415 -52.990183 -54.449219 -55.596157 -56.401205 
-20.857299 -16.126251 -19.361626 -19.652561 -14.681509 -11.296703 -10.606479 -13.026409 -17.825547 -15.372037 -12.185933 -11.216170 -13.980607 -12.322475 -10.224913 -16.409399 -17.898062 -15.462726 -15.156607 -16.723759 -13.959810 -20.263565 -15.618366 -17.546576 -13.974261 -17.515620 -15.917629 -19.620532 -18.074183 -17.796030 -19.312354 -21.480050 -23.382039 -23.222248 -28.973278 -33.124932 -32.329955 -33.726325 -35.585453 -34.364800 
-8.514342 -10.341973 -17.900046 -18.963932 -15.441193 -9.990191 -10.820692 -11.007925 -17.562565 -14.107707 -14.041233 -12.011086 -11.221960 -11.340926 -10.322232 -15.081402 -18.067381 -18.818517 -12.793494 -14.499239 -17.305828 -20.029387 -17.027484 -15.310615 -16.093419 -16.621701 -15.785957 -12.614591 -9.325174 -9.576635 -11.264118 -13.277155 -11.535285 -14.778575 -22.622425 -25.640162 -23.295297 -25.218619 -27.831203 -28.954097 
-10.104052 -14.780468 -27.105003 -31.462140 -30.324110 -27.871374 -29.300743 -25.805272 -22.199640 -21.440392 -26.726277 -30.674205 -26.442078 -28.245667 -25.052064 -31.005952 -30.298848 -23.465026 -17.050935 -18.675903 -24.327561 -27.893311 -19.502732 -18.262067 -27.981090 -23.716870 -21.522565 -15.979061 -12.065876 -11.308716 -7.659828 -11.814681 -14.448670 -15.377222 -20.813793 -26.474645 -25.085025 -25.117395 -28.754194 -27.007213 
-15.127995 -23.822630 -27.920941 -31.009205 -35.185200 -32.495086 -30.940920 -30.302044 -23.171801 -24.165786 -34.994311 -33.982715 -29.031125 -25.998165 -29.571918 -32.031073 -32.318784 -21.955710 -17.584741 -23.594613 -25.420097 -21.997088 -15.234819 -14.214189 -25.497788 -21.857455 -21.793699 -15.502414 -13.600910 -16.247014 -14.403097 -13.690141 -15.747833 -17.421705 -21.842599 -25.321673 -23.328260 -25.276769 -29.864710 -30.567753 
-30.063193 -31.259292 -31.251564 -31.530299 -34.664889 -36.526961 -25.558313 -18.376800 -18.563177 -26.067484 -30.911885 -25.871608 -25.798996 -28.086130 -28.325342 -34.519104 -30.843856 -24.464302 -13.092686 -19.321461 -31.229905 -31.818173 -18.187716 -19.917178 -33.108339 -30.660725 -25.870985 -16.103530 -15.501323 -19.363149 -16.655960 -17.350638 -20.903864 -24.202537 -26.565099 -28.184926 -27.643470 -30.030396 -35.167644 -35.361254 
-34.327257 -37.034466 -29.052819 -26.085418 -32.736871 -28.370805 -23.540470 -18.711302 -22.230304 -27.282892 -31.686922 -31.870392 -24.669643 -28.501482 -33.179893 -35.009419 -36.324159 -28.164722 -15.439126 -21.379654 -31.595233 -33.763893 -21.515478 -20.258069 -35.739444 -36.519856 -28.625262 -18.218637 -19.762183 -23.362343 -20.290303 -22.134692 -23.895411 -27.265616 -28.561628 -34.054000 -32.605581 -32.521947 -38.392677 -38.947998 
-25.369919 -22.045830 -20.490332 -24.225687 -31.213594 -39.086731 -30.043035 -18.419677 -19.033240 -28.576875 -26.909113 -25.766957 -26.802276 -33.235612 -32.400647 -32.521018 -35.286678 -30.367909 -19.182009 -27.887907 -38.020904 -35.415593 -23.334729 -25.478833 -38.035832 -38.050564 -31.588298 -22.834167 -23.826141 -29.690166 -27.791244 -27.427208 -29.286304 -30.584261 -32.764892 -35.304941 -38.884303 -36.962749 -40.843642 -43.079334 
-33.095231 -26.614196 -20.795984 -26.870865 -30.485572 -36.127386 -29.544514 -21.660765 -20.681499 -29.457085 -32.757176 -28.002063 -24.689123 -34.530191 -39.189303 -35.290796 -34.995833 -28.827313 -22.967541 -32.244992 -37.899202 -32.787763 -29.067834 -37.317619 -41.251181 -40.708330 -36.635331 -26.631132 -26.929431 -35.361616 -34.031471 -36.170384 -36.582255 -36.846605 -39.796061 -43.063643 -43.684979 -43.331299 -46.189503 -51.301243 
-34.335074 -26.468342 -21.834415 -23.821675 -26.083765 -26.507791 -29.616712 -27.377931 -24.971633 -32.186779 -35.467725 -25.408752 -30.988818 -39.190878 -35.921047 -40.102349 -38.748349 -29.224881 -26.367178 -36.101490 -42.343933 -39.991492 -32.049746 -41.609135 -47.592357 -48.182176 -40.686148 -34.730129 -36.135571 -43.397694 -42.661493 -43.192753 -41.536681 -46.540111 -50.802842 -53.389956 -50.188633 -51.916129 -53.706746 -58.910958 
-27.125597 -28.550085 -31.441612 -34.416003 -31.453544 -32.363485 -29.185455 -31.688547 -35.047683 -36.515044 -39.684292 -33.661422 -35.253259 -43.096672 -46.134714 -43.664361 -40.519974 -34.104987 -26.941645 -46.814351 -46.833605 -48.963433 -41.503500 -47.679105 -52.338743 -53.124325 -48.667474 -47.544486 -46.236863 -51.277849 -47.557328 -45.814323 -53.710234 -53.454371 -55.790219 -61.777374 -57.449146 -56.453202 -60.406319 -64.218432 
-30.182356 -24.890484 -26.245504 -30.863861 -32.851310 -38.797325 -35.588564 -40.235234 -32.557794 -39.641189 -41.263639 -37.220650 -36.224402 -45.171460 -50.254227 -46.884163 -46.455876 -40.417896 -37.738536 -46.858511 -48.753825 -50.508078 -49.084783 -52.785684 -58.826361 -60.498726 -54.282096 -52.919110 -51.979520 -60.385719 -57.469635 -59.477577 -60.261684 -61.266596 -63.805191 -68.745585 -64.189005 -66.207397 -69.464965 -77.678180 
-30.536350 -26.118673 -33.161645 -44.365774 -49.580379 -47.150717 -44.599420 -40.142466 -37.774120 -43.792465 -48.684741 -41.913253 -42.371421 -44.052963 -53.417420 -53.354710 -55.331210 -50.880880 -46.808799 -51.398310 -56.101067 -59.880738 -57.678635 -56.008705 -62.719765 -63.382153 -59.311234 -58.642698 -62.595048 -62.142107 -62.618780 -63.229500 -63.212640 -61.789988 -64.770606 -72.706864 -65.868398 -66.408694 -67.244377 -76.784246 
-31.320471 -31.807072 -37.483208 -44.162766 -51.562857 -50.136808 -50.665162 -47.586790 -47.648539 -50.139200 -54.869759 -56.044739 -52.599874 -58.929420 -56.625462 -61.782859 -66.084748 -60.498838 -52.731283 -56.799364 -57.886685 -62.835859 -58.628122 -59.510847 -69.582330 -74.468964 -64.854241 -62.065633 -64.846562 -64.193814 -65.470375 -65.637970 -69.129877 -64.142832 -67.506270 -72.057152 -65.903355 -69.887831 -67.683780 -75.035757 
-55.709306 -50.694346 -57.687521 -62.014211 -61.213043 -68.019898 -64.448909 -59.945581 -63.870306 -67.464048 -62.431078 -64.384323 -64.134514 -65.460509 -67.925656 -74.530715 -68.873869 -66.662727 -71.576819 -69.522597 -67.147876 -65.163411 -64.079031 -67.170609 -77.797389 -76.669886 -71.950844 -71.060504 -70.045810 -70.404305 -73.881097 -70.721612 -70.984495 -69.479778 -69.611991 -74.770663 -69.086847 -71.590084 -70.232287 -74.402882 
-61.232114 -66.917600 -70.354783 -70.809168 -77.271598 -72.651760 -70.734333 -66.466691 -65.277319 -69.087615 -68.971501 -70.723880 -70.008028 -72.021692 -72.034780 -78.107994 -69.681989 -69.403084 -76.194867 -73.467662 -74.721552 -71.499476 -72.238289 -71.862212 -74.202265 -76.913362 -73.946144 -72.561282 -69.714541 -71.949541 -74.070188 -72.816402 -72.901527 -72.264698 -72.868758 -73.299978 -72.522508 -71.418934 -73.327947 -75.604053 
-55.856345 -69.363897 -68.556428 -67.973552 -74.740231 -77.605771 -76.821198 -80.788167 -80.126285 -71.795975 -71.311900 -74.357743 -70.982797 -69.787981 -71.169938 -76.100158 -75.981777 -72.357512 -72.814958 -75.385682 -73.780943 -73.518417 -73.620404 -77.453668 -79.646817 -73.450802 -73.415530 -73.812574 -72.306166 -74.919773 -72.379003 -74.318517 -74.509706 -76.747570 -73.161548 -73.706323 -72.305931 -72.016516 -72.851575 -78.183610 
-57.203414 -71.020380 -75.887911 -76.258657 -74.714708 -79.183872 -80.994631 -72.094435 -76.093415 -80.013847 -74.856710 -77.493943 -72.021439 -74.660797 -73.591807 -72.974522 -74.867884 -73.869950 -71.714301 -74.246014 -76.022836 -76.447567 -76.279928 -78.674622 -77.756374 -73.812960 -74.917714 -74.574104 -72.362700 -73.274968 -73.217982 -75.399321 -75.150684 -75.638729 -77.114998 -72.854481 -74.713310 -74.950414 -73.517908 -79.339287 
-58.290068 -70.220893 -72.502481 -74.561921 -77.490678 -75.870943 -75.409579 -70.163597 -73.313336 -70.447857 -74.938820 -77.027412 -70.924236 -72.914571 -76.277862 -76.368059 -69.272127 -72.690007 -75.689835 -79.256633 -76.617508 -71.772780 -76.296095 -75.750040 -72.415301 -75.375089 -77.705411 -77.270069 -74.927382 -76.233231 -74.430993 -77.845020 -75.681278 -72.375628 -72.515680 -72.900454 -73.621234 -74.092972 -74.474931 -76.879007 
-58.616271 -85.268690 -80.472253 -72.230321 -72.818233 -78.417104 -74.538127 -71.335951 -75.562426 -77.152276 -76.029056 -77.360855 -74.636108 -74.381500 -76.134871 -78.899140 -72.547377 -72.999893 -75.694945 -75.185510 -74.637711 -71.326121 -79.277463 -78.463744 -75.947746 -74.192073 -76.746785 -74.795480 -75.001216 -75.493702 -73.727240 -73.056292 -75.242861 -75.636183 -77.292304 -74.770599 -78.585974 -77.270532 -73.721334 -77.110755 
-56.516424 -76.127969 -81.577418 -78.329073 -75.026871 -70.834075 -70.448428 -71.120793 -70.205457 -70.154542 -75.142755 -77.175054 -76.804757 -73.186526 -81.992458 -76.249305 -74.142169 -73.785906 -78.177648 -81.187250 -76.020932 -75.493751 -78.553338 -73.055453 -77.145872 -75.244129 -77.572765 -75.303901 -75.147194 -73.615439 -73.095259 -75.842544 -76.783816 -75.626343 -74.835927 -73.326350 -75.110166 -77.704423 -73.405900 -76.874175 
-58.786281 -75.052791 -75.237205 -75.184784 -71.977320 -71.463029 -72.641973 -77.200374 -76.643553 -72.724704 -69.592806 -73.743046 -76.074854 -69.158334 -72.140811 -75.622489 -75.454542 -79.309273 -73.302360 -72.417339 -71.815560 -74.120487 -75.310937 -73.583039 -73.387522 -77.377381 -75.189403 -78.499688 -75.382256 -75.024225 -74.148412 -75.510982 -79.530627 -76.281001 -71.381517 -72.960859 -76.283985 -74.672244 -73.612720 -77.514621 
-54.935287 -62.816086 -67.608406 -71.874689 -73.591254 -76.796878 -75.458059 -72.331833 -73.233164 -80.176231 -69.225350 -69.855819 -72.248597 -72.786484 -72.197946 -73.053182 -73.593070 -75.592383 -77.327611 -73.169056 -75.200384 -71.003780 -76.266759 -72.789232 -77.625845 -75.772620 -71.236233 -75.680408 -73.648592 -79.429968 -76.853591 -72.325541 -76.062946 -74.443147 -73.576926 -73.014598 -74.962746 -77.027202 -74.825704 -77.915370 
-65.776936 -68.612465 -73.229478 -76.351670 -81.360554 -85.477375 -79.407715 -80.560301 -82.843379 -86.274611 -81.446376 -81.165633 -81.885767 -79.175047 -78.107606 -79.691322 -79.275312 -80.245349 -82.558086 -81.081321 -79.659759 -78.540673 -82.908380 -79.697795 -83.178531 -87.189321 -83.774379 -85.269016 -81.637564 -88.030757 -87.438590 -81.500746 -84.395503 -81.874342 -85.767893 -82.960073 -84.774451 -86.028364 -83.877439 -85.128835 
-110.051292 -110.050834 -110.050091 -110.048893 -110.047367 -110.045419 -110.043312 -110.041009 -110.038579 -110.036502 -110.034971 -110.034267 -110.034672 -110.036359 -110.039271 -110.043009 -110.047017 -110.050228 -110.051589 -110.050301 -110.046270 -110.040557 -110.035551 -110.033900 -110.037306 -110.044607 -110.051175 -110.051337 -110.043582 -110.034364 -110.034489 -110.046039 -110.053916 -110.043164 -110.030522 -110.045592 -110.053051 -110.039112 -110.446583 -112.263413 
NaN NaN NaN NaN NaN NaN NaN NaN NaN NaN NaN NaN NaN NaN NaN NaN NaN NaN NaN NaN NaN NaN NaN NaN NaN NaN NaN NaN NaN NaN NaN NaN NaN NaN NaN NaN NaN NaN NaN NaN 
NaN NaN NaN NaN NaN NaN NaN NaN NaN NaN NaN NaN NaN NaN NaN NaN NaN NaN NaN NaN NaN NaN NaN NaN NaN NaN NaN NaN NaN NaN NaN NaN NaN NaN NaN NaN NaN NaN NaN NaN 
NaN NaN NaN NaN NaN NaN NaN NaN NaN NaN NaN NaN NaN NaN NaN NaN NaN NaN NaN NaN NaN NaN NaN NaN NaN NaN NaN NaN NaN NaN NaN NaN NaN NaN NaN NaN NaN NaN NaN NaN 
NaN NaN NaN NaN NaN NaN NaN NaN NaN NaN NaN NaN NaN NaN NaN NaN NaN NaN NaN NaN NaN NaN NaN NaN NaN NaN NaN NaN NaN NaN NaN NaN NaN NaN NaN NaN NaN NaN NaN NaN 
NaN NaN NaN NaN NaN NaN NaN NaN NaN NaN NaN NaN NaN NaN NaN NaN NaN NaN NaN NaN NaN NaN NaN NaN NaN NaN NaN NaN NaN NaN NaN NaN NaN NaN NaN NaN NaN NaN NaN NaN 
NaN NaN NaN NaN NaN NaN NaN NaN NaN NaN NaN NaN NaN NaN NaN NaN NaN NaN NaN NaN NaN NaN NaN NaN NaN NaN NaN NaN NaN NaN NaN NaN NaN NaN NaN NaN NaN NaN NaN NaN 
NaN NaN NaN NaN NaN NaN NaN NaN NaN NaN NaN NaN NaN NaN NaN NaN NaN NaN NaN NaN NaN NaN NaN NaN NaN NaN NaN NaN NaN NaN NaN NaN NaN NaN NaN NaN NaN NaN NaN NaN 
NaN NaN NaN NaN NaN NaN NaN NaN NaN NaN NaN NaN NaN NaN NaN NaN NaN NaN NaN NaN NaN NaN NaN NaN NaN NaN NaN NaN NaN NaN NaN NaN NaN NaN NaN NaN NaN NaN NaN NaN 
NaN NaN NaN NaN NaN NaN NaN NaN NaN NaN NaN NaN NaN NaN NaN NaN NaN NaN NaN NaN NaN NaN NaN NaN NaN NaN NaN NaN NaN NaN NaN NaN NaN NaN NaN NaN NaN NaN NaN NaN 
NaN NaN NaN NaN NaN NaN NaN NaN NaN NaN NaN NaN NaN NaN NaN NaN NaN NaN NaN NaN NaN NaN NaN NaN NaN NaN NaN NaN NaN NaN NaN NaN NaN NaN NaN NaN NaN NaN NaN NaN 
NaN NaN NaN NaN NaN NaN NaN NaN NaN NaN NaN NaN NaN NaN NaN NaN NaN NaN NaN NaN NaN NaN NaN NaN NaN NaN NaN NaN NaN NaN NaN NaN NaN NaN NaN NaN NaN NaN NaN NaN 
NaN NaN NaN NaN NaN NaN NaN NaN NaN NaN NaN NaN NaN NaN NaN NaN NaN NaN NaN NaN NaN NaN NaN NaN NaN NaN NaN NaN NaN NaN NaN NaN NaN NaN NaN NaN NaN NaN NaN NaN 
NaN NaN NaN NaN NaN NaN NaN NaN NaN NaN NaN NaN NaN NaN NaN NaN NaN NaN NaN NaN NaN NaN NaN NaN NaN NaN NaN NaN NaN NaN NaN NaN NaN NaN NaN NaN NaN NaN NaN NaN 
NaN NaN NaN NaN NaN NaN NaN NaN NaN NaN NaN NaN NaN NaN NaN NaN NaN NaN NaN NaN NaN NaN NaN NaN NaN NaN NaN NaN NaN NaN NaN NaN NaN NaN NaN NaN NaN NaN NaN NaN 
NaN NaN NaN NaN NaN NaN NaN NaN NaN NaN NaN NaN NaN NaN NaN NaN NaN NaN NaN NaN NaN NaN NaN NaN NaN NaN NaN NaN NaN NaN NaN NaN NaN NaN NaN NaN NaN NaN NaN NaN 
NaN NaN NaN NaN NaN NaN NaN NaN NaN NaN NaN NaN NaN NaN NaN NaN NaN NaN NaN NaN NaN NaN NaN NaN NaN NaN NaN NaN NaN NaN NaN NaN NaN NaN NaN NaN NaN NaN NaN NaN 
NaN NaN NaN NaN NaN NaN NaN NaN NaN NaN NaN NaN NaN NaN NaN NaN NaN NaN NaN NaN NaN NaN NaN NaN NaN NaN NaN NaN NaN NaN NaN NaN NaN NaN NaN NaN NaN NaN NaN NaN 
NaN NaN NaN NaN NaN NaN NaN NaN NaN NaN NaN NaN NaN NaN NaN NaN NaN NaN NaN NaN NaN NaN NaN NaN NaN NaN NaN NaN NaN NaN NaN NaN NaN NaN NaN NaN NaN NaN NaN NaN 
NaN NaN NaN NaN NaN NaN NaN NaN NaN NaN NaN NaN NaN NaN NaN NaN NaN NaN NaN NaN NaN NaN NaN NaN NaN NaN NaN NaN NaN NaN NaN NaN NaN NaN NaN NaN NaN NaN NaN NaN 
NaN NaN NaN NaN NaN NaN NaN NaN NaN NaN NaN NaN NaN NaN NaN NaN NaN NaN NaN NaN NaN NaN NaN NaN NaN NaN NaN NaN NaN NaN NaN NaN NaN NaN NaN NaN NaN NaN NaN NaN 
NaN NaN NaN NaN NaN NaN NaN NaN NaN NaN NaN NaN NaN NaN NaN NaN NaN NaN NaN NaN NaN NaN NaN NaN NaN NaN NaN NaN NaN NaN NaN NaN NaN NaN NaN NaN NaN NaN NaN NaN 
NaN NaN NaN NaN NaN NaN NaN NaN NaN NaN NaN NaN NaN NaN NaN NaN NaN NaN NaN NaN NaN NaN NaN NaN NaN NaN NaN NaN NaN NaN NaN NaN NaN NaN NaN NaN NaN NaN NaN NaN 
NaN NaN NaN NaN NaN NaN NaN NaN NaN NaN NaN NaN NaN NaN NaN NaN NaN NaN NaN NaN NaN NaN NaN NaN NaN NaN NaN NaN NaN NaN NaN NaN NaN NaN NaN NaN NaN NaN NaN NaN 
NaN NaN NaN NaN NaN NaN NaN NaN NaN NaN NaN NaN NaN NaN NaN NaN NaN NaN NaN NaN NaN NaN NaN NaN NaN NaN NaN NaN NaN NaN NaN NaN NaN NaN NaN NaN NaN NaN NaN NaN 
NaN NaN NaN NaN NaN NaN NaN NaN NaN NaN NaN NaN NaN NaN NaN NaN NaN NaN NaN NaN NaN NaN NaN NaN NaN NaN NaN NaN NaN NaN NaN NaN NaN NaN NaN NaN NaN NaN NaN NaN 
NaN NaN NaN NaN NaN NaN NaN NaN NaN NaN NaN NaN NaN NaN NaN NaN NaN NaN NaN NaN NaN NaN NaN NaN NaN NaN NaN NaN NaN NaN NaN NaN NaN NaN NaN NaN NaN NaN NaN NaN 
NaN NaN NaN NaN NaN NaN NaN NaN NaN NaN NaN NaN NaN NaN NaN NaN NaN NaN NaN NaN NaN NaN NaN NaN NaN NaN NaN NaN NaN NaN NaN NaN NaN NaN NaN NaN NaN NaN NaN NaN 
NaN NaN NaN NaN NaN NaN NaN NaN NaN NaN NaN NaN NaN NaN NaN NaN NaN NaN NaN NaN NaN NaN NaN NaN NaN NaN NaN NaN NaN NaN NaN NaN NaN NaN NaN NaN NaN NaN NaN NaN 
NaN NaN NaN NaN NaN NaN NaN NaN NaN NaN NaN NaN NaN NaN NaN NaN NaN NaN NaN NaN NaN NaN NaN NaN NaN NaN NaN NaN NaN NaN NaN NaN NaN NaN NaN NaN NaN NaN NaN NaN 
NaN NaN NaN NaN NaN NaN NaN NaN NaN NaN NaN NaN NaN NaN NaN NaN NaN NaN NaN NaN NaN NaN NaN NaN NaN NaN NaN NaN NaN NaN NaN NaN NaN NaN NaN NaN NaN NaN NaN NaN 
NaN NaN NaN NaN NaN NaN NaN NaN NaN NaN NaN NaN NaN NaN NaN NaN NaN NaN NaN NaN NaN NaN NaN NaN NaN NaN NaN NaN NaN NaN NaN NaN NaN NaN NaN NaN NaN NaN NaN NaN 
NaN NaN NaN NaN NaN NaN NaN NaN NaN NaN NaN NaN NaN NaN NaN NaN NaN NaN NaN NaN NaN NaN NaN NaN NaN NaN NaN NaN NaN NaN NaN NaN NaN NaN NaN NaN NaN NaN NaN NaN 
NaN NaN NaN NaN NaN NaN NaN NaN NaN NaN NaN NaN NaN NaN NaN NaN NaN NaN NaN NaN NaN NaN NaN NaN NaN NaN NaN NaN NaN NaN NaN NaN NaN NaN NaN NaN NaN NaN NaN NaN 
NaN NaN NaN NaN NaN NaN NaN NaN NaN NaN NaN NaN NaN NaN NaN NaN NaN NaN NaN NaN NaN NaN NaN NaN NaN NaN NaN NaN NaN NaN NaN NaN NaN NaN NaN NaN NaN NaN NaN NaN 
NaN NaN NaN NaN NaN NaN NaN NaN NaN NaN NaN NaN NaN NaN NaN NaN NaN NaN NaN NaN NaN NaN NaN NaN NaN NaN NaN NaN NaN NaN NaN NaN NaN NaN NaN NaN NaN NaN NaN NaN 
NaN NaN NaN NaN NaN NaN NaN NaN NaN NaN NaN NaN NaN NaN NaN NaN NaN NaN NaN NaN NaN NaN NaN NaN NaN NaN NaN NaN NaN NaN NaN NaN NaN NaN NaN NaN NaN NaN NaN NaN 
NaN NaN NaN NaN NaN NaN NaN NaN NaN NaN NaN NaN NaN NaN NaN NaN NaN NaN NaN NaN NaN NaN NaN NaN NaN NaN NaN NaN NaN NaN NaN NaN NaN NaN NaN NaN NaN NaN NaN NaN 
NaN NaN NaN NaN NaN NaN NaN NaN NaN NaN NaN NaN NaN NaN NaN NaN NaN NaN NaN NaN NaN NaN NaN NaN NaN NaN NaN NaN NaN NaN NaN NaN NaN NaN NaN NaN NaN NaN NaN NaN 
NaN NaN NaN NaN NaN NaN NaN NaN NaN NaN NaN NaN NaN NaN NaN NaN NaN NaN NaN NaN NaN NaN NaN NaN NaN NaN NaN NaN NaN NaN NaN NaN NaN NaN NaN NaN NaN NaN NaN NaN 
NaN NaN NaN NaN NaN NaN NaN NaN NaN NaN NaN NaN NaN NaN NaN NaN NaN NaN NaN NaN NaN NaN NaN NaN NaN NaN NaN NaN NaN NaN NaN NaN NaN NaN NaN NaN NaN NaN NaN NaN 
NaN NaN NaN NaN NaN NaN NaN NaN NaN NaN NaN NaN NaN NaN NaN NaN NaN NaN NaN NaN NaN NaN NaN NaN NaN NaN NaN NaN NaN NaN NaN NaN NaN NaN NaN NaN NaN NaN NaN NaN 
NaN NaN NaN NaN NaN NaN NaN NaN NaN NaN NaN NaN NaN NaN NaN NaN NaN NaN NaN NaN NaN NaN NaN NaN NaN NaN NaN NaN NaN NaN NaN NaN NaN NaN NaN NaN NaN NaN NaN NaN 
NaN NaN NaN NaN NaN NaN NaN NaN NaN NaN NaN NaN NaN NaN NaN NaN NaN NaN NaN NaN NaN NaN NaN NaN NaN NaN NaN NaN NaN NaN NaN NaN NaN NaN NaN NaN NaN NaN NaN NaN 
NaN NaN NaN NaN NaN NaN NaN NaN NaN NaN NaN NaN NaN NaN NaN NaN NaN NaN NaN NaN NaN NaN NaN NaN NaN NaN NaN NaN NaN NaN NaN NaN NaN NaN NaN NaN NaN NaN NaN NaN 
NaN NaN NaN NaN NaN NaN NaN NaN NaN NaN NaN NaN NaN NaN NaN NaN NaN NaN NaN NaN NaN NaN NaN NaN NaN NaN NaN NaN NaN NaN NaN NaN NaN NaN NaN NaN NaN NaN NaN NaN 
NaN NaN NaN NaN NaN NaN NaN NaN NaN NaN NaN NaN NaN NaN NaN NaN NaN NaN NaN NaN NaN NaN NaN NaN NaN NaN NaN NaN NaN NaN NaN NaN NaN NaN NaN NaN NaN NaN NaN NaN 
NaN NaN NaN NaN NaN NaN NaN NaN NaN NaN NaN NaN NaN NaN NaN NaN NaN NaN NaN NaN NaN NaN NaN NaN NaN NaN NaN NaN NaN NaN NaN NaN NaN NaN NaN NaN NaN NaN NaN NaN 
NaN NaN NaN NaN NaN NaN NaN NaN NaN NaN NaN NaN NaN NaN NaN NaN NaN NaN NaN NaN NaN NaN NaN NaN NaN NaN NaN NaN NaN NaN NaN NaN NaN NaN NaN NaN NaN NaN NaN NaN 
NaN NaN NaN NaN NaN NaN NaN NaN NaN NaN NaN NaN NaN NaN NaN NaN NaN NaN NaN NaN NaN NaN NaN NaN NaN NaN NaN NaN NaN NaN NaN NaN NaN NaN NaN NaN NaN NaN NaN NaN 
NaN NaN NaN NaN NaN NaN NaN NaN NaN NaN NaN NaN NaN NaN NaN NaN NaN NaN NaN NaN NaN NaN NaN NaN NaN NaN NaN NaN NaN NaN NaN NaN NaN NaN NaN NaN NaN NaN NaN NaN 
NaN NaN NaN NaN NaN NaN NaN NaN NaN NaN NaN NaN NaN NaN NaN NaN NaN NaN NaN NaN NaN NaN NaN NaN NaN NaN NaN NaN NaN NaN NaN NaN NaN NaN NaN NaN NaN NaN NaN NaN 
NaN NaN NaN NaN NaN NaN NaN NaN NaN NaN NaN NaN NaN NaN NaN NaN NaN NaN NaN NaN NaN NaN NaN NaN NaN NaN NaN NaN NaN NaN NaN NaN NaN NaN NaN NaN NaN NaN NaN NaN 
NaN NaN NaN NaN NaN NaN NaN NaN NaN NaN NaN NaN NaN NaN NaN NaN NaN NaN NaN NaN NaN NaN NaN NaN NaN NaN NaN NaN NaN NaN NaN NaN NaN NaN NaN NaN NaN NaN NaN NaN 
NaN NaN NaN NaN NaN NaN NaN NaN NaN NaN NaN NaN NaN NaN NaN NaN NaN NaN NaN NaN NaN NaN NaN NaN NaN NaN NaN NaN NaN NaN NaN NaN NaN NaN NaN NaN NaN NaN NaN NaN 
NaN NaN NaN NaN NaN NaN NaN NaN NaN NaN NaN NaN NaN NaN NaN NaN NaN NaN NaN NaN NaN NaN NaN NaN NaN NaN NaN NaN NaN NaN NaN NaN NaN NaN NaN NaN NaN NaN NaN NaN 
NaN NaN NaN NaN NaN NaN NaN NaN NaN NaN NaN NaN NaN NaN NaN NaN NaN NaN NaN NaN NaN NaN NaN NaN NaN NaN NaN NaN NaN NaN NaN NaN NaN NaN NaN NaN NaN NaN NaN NaN 
NaN NaN NaN NaN NaN NaN NaN NaN NaN NaN NaN NaN NaN NaN NaN NaN NaN NaN NaN NaN NaN NaN NaN NaN NaN NaN NaN NaN NaN NaN NaN NaN NaN NaN NaN NaN NaN NaN NaN NaN 
NaN NaN NaN NaN NaN NaN NaN NaN NaN NaN NaN NaN NaN NaN NaN NaN NaN NaN NaN NaN NaN NaN NaN NaN NaN NaN NaN NaN NaN NaN NaN NaN NaN NaN NaN NaN NaN NaN NaN NaN 
NaN NaN NaN NaN NaN NaN NaN NaN NaN NaN NaN NaN NaN NaN NaN NaN NaN NaN NaN NaN NaN NaN NaN NaN NaN NaN NaN NaN NaN NaN NaN NaN NaN NaN NaN NaN NaN NaN NaN NaN 
NaN NaN NaN NaN NaN NaN NaN NaN NaN NaN NaN NaN NaN NaN NaN NaN NaN NaN NaN NaN NaN NaN NaN NaN NaN NaN NaN NaN NaN NaN NaN NaN NaN NaN NaN NaN NaN NaN NaN NaN 
NaN NaN NaN NaN NaN NaN NaN NaN NaN NaN NaN NaN NaN NaN NaN NaN NaN NaN NaN NaN NaN NaN NaN NaN NaN NaN NaN NaN NaN NaN NaN NaN NaN NaN NaN NaN NaN NaN NaN NaN 
NaN NaN NaN NaN NaN NaN NaN NaN NaN NaN NaN NaN NaN NaN NaN NaN NaN NaN NaN NaN NaN NaN NaN NaN NaN NaN NaN NaN NaN NaN NaN NaN NaN NaN NaN NaN NaN NaN NaN NaN 
NaN NaN NaN NaN NaN NaN NaN NaN NaN NaN NaN NaN NaN NaN NaN NaN NaN NaN NaN NaN NaN NaN NaN NaN NaN NaN NaN NaN NaN NaN NaN NaN NaN NaN NaN NaN NaN NaN NaN NaN 
NaN NaN NaN NaN NaN NaN NaN NaN NaN NaN NaN NaN NaN NaN NaN NaN NaN NaN NaN NaN NaN NaN NaN NaN NaN NaN NaN NaN NaN NaN NaN NaN NaN NaN NaN NaN NaN NaN NaN NaN 
NaN NaN NaN NaN NaN NaN NaN NaN NaN NaN NaN NaN NaN NaN NaN NaN NaN NaN NaN NaN NaN NaN NaN NaN NaN NaN NaN NaN NaN NaN NaN NaN NaN NaN NaN NaN NaN NaN NaN NaN 
NaN NaN NaN NaN NaN NaN NaN NaN NaN NaN NaN NaN NaN NaN NaN NaN NaN NaN NaN NaN NaN NaN NaN NaN NaN NaN NaN NaN NaN NaN NaN NaN NaN NaN NaN NaN NaN NaN NaN NaN 
NaN NaN NaN NaN NaN NaN NaN NaN NaN NaN NaN NaN NaN NaN NaN NaN NaN NaN NaN NaN NaN NaN NaN NaN NaN NaN NaN NaN NaN NaN NaN NaN NaN NaN NaN NaN NaN NaN NaN NaN 
NaN NaN NaN NaN NaN NaN NaN NaN NaN NaN NaN NaN NaN NaN NaN NaN NaN NaN NaN NaN NaN NaN NaN NaN NaN NaN NaN NaN NaN NaN NaN NaN NaN NaN NaN NaN NaN NaN NaN NaN 
NaN NaN NaN NaN NaN NaN NaN NaN NaN NaN NaN NaN NaN NaN NaN NaN NaN NaN NaN NaN NaN NaN NaN NaN NaN NaN NaN NaN NaN NaN NaN NaN NaN NaN NaN NaN NaN NaN NaN NaN 
NaN NaN NaN NaN NaN NaN NaN NaN NaN NaN NaN NaN NaN NaN NaN NaN NaN NaN NaN NaN NaN NaN NaN NaN NaN NaN NaN NaN NaN NaN NaN NaN NaN NaN NaN NaN NaN NaN NaN NaN 
NaN NaN NaN NaN NaN NaN NaN NaN NaN NaN NaN NaN NaN NaN NaN NaN NaN NaN NaN NaN NaN NaN NaN NaN NaN NaN NaN NaN NaN NaN NaN NaN NaN NaN NaN NaN NaN NaN NaN NaN 
NaN NaN NaN NaN NaN NaN NaN NaN NaN NaN NaN NaN NaN NaN NaN NaN NaN NaN NaN NaN NaN NaN NaN NaN NaN NaN NaN NaN NaN NaN NaN NaN NaN NaN NaN NaN NaN NaN NaN NaN 
