NaN NaN NaN NaN NaN NaN NaN NaN NaN NaN NaN NaN NaN NaN NaN NaN NaN NaN NaN NaN NaN NaN NaN NaN NaN NaN NaN NaN NaN NaN NaN NaN NaN NaN NaN NaN NaN NaN NaN NaN 
NaN NaN NaN NaN NaN NaN NaN NaN NaN NaN NaN NaN NaN NaN NaN NaN NaN NaN NaN NaN NaN NaN NaN NaN NaN NaN NaN NaN NaN NaN NaN NaN NaN NaN NaN NaN NaN NaN NaN NaN 
NaN NaN NaN NaN NaN NaN NaN NaN NaN NaN NaN NaN NaN NaN NaN NaN NaN NaN NaN NaN NaN NaN NaN NaN NaN NaN NaN NaN NaN NaN NaN NaN NaN NaN NaN NaN NaN NaN NaN NaN 
NaN NaN NaN NaN NaN NaN NaN NaN NaN NaN NaN NaN NaN NaN NaN NaN NaN NaN NaN NaN NaN NaN NaN NaN NaN NaN NaN NaN NaN NaN NaN NaN NaN NaN NaN NaN NaN NaN NaN NaN 
NaN NaN NaN NaN NaN NaN NaN NaN NaN NaN NaN NaN NaN NaN NaN NaN NaN NaN NaN NaN NaN NaN NaN NaN NaN NaN NaN NaN NaN NaN NaN NaN NaN NaN NaN NaN NaN NaN NaN NaN 
NaN NaN NaN NaN NaN NaN NaN NaN NaN NaN NaN NaN NaN NaN NaN NaN NaN NaN NaN NaN NaN NaN NaN NaN NaN NaN NaN NaN NaN NaN NaN NaN NaN NaN NaN NaN NaN NaN NaN NaN 
NaN NaN NaN NaN NaN NaN NaN NaN NaN NaN NaN NaN NaN NaN NaN NaN NaN NaN NaN NaN NaN NaN NaN NaN NaN NaN NaN NaN NaN NaN NaN NaN NaN NaN NaN NaN NaN NaN NaN NaN 
NaN NaN NaN NaN NaN NaN NaN NaN NaN NaN NaN NaN NaN NaN NaN NaN NaN NaN NaN NaN NaN NaN NaN NaN NaN NaN NaN NaN NaN NaN NaN NaN NaN NaN NaN NaN NaN NaN NaN NaN 
NaN NaN NaN NaN NaN NaN NaN NaN NaN NaN NaN NaN NaN NaN NaN NaN NaN NaN NaN NaN NaN NaN NaN NaN NaN NaN NaN NaN NaN NaN NaN NaN NaN NaN NaN NaN NaN NaN NaN NaN 
NaN NaN NaN NaN NaN NaN NaN NaN NaN NaN NaN NaN NaN NaN NaN NaN NaN NaN NaN NaN NaN NaN NaN NaN NaN NaN NaN NaN NaN NaN NaN NaN NaN NaN NaN NaN NaN NaN NaN NaN 
NaN NaN NaN NaN NaN NaN NaN NaN NaN NaN NaN NaN NaN NaN NaN NaN NaN NaN NaN NaN NaN NaN NaN NaN NaN NaN NaN NaN NaN NaN NaN NaN NaN NaN NaN NaN NaN NaN NaN NaN 
NaN NaN NaN NaN NaN NaN NaN NaN NaN NaN NaN NaN NaN NaN NaN NaN NaN NaN NaN NaN NaN NaN NaN NaN NaN NaN NaN NaN NaN NaN NaN NaN NaN NaN NaN NaN NaN NaN NaN NaN 
NaN NaN NaN NaN NaN NaN NaN NaN NaN NaN NaN NaN NaN NaN NaN NaN NaN NaN NaN NaN NaN NaN NaN NaN NaN NaN NaN NaN NaN NaN NaN NaN NaN NaN NaN NaN NaN NaN NaN NaN 
NaN NaN NaN NaN NaN NaN NaN NaN NaN NaN NaN NaN NaN NaN NaN NaN NaN NaN NaN NaN NaN NaN NaN NaN NaN NaN NaN NaN NaN NaN NaN NaN NaN NaN NaN NaN NaN NaN NaN NaN 
NaN NaN NaN NaN NaN NaN NaN NaN NaN NaN NaN NaN NaN NaN NaN NaN NaN NaN NaN NaN NaN NaN NaN NaN NaN NaN NaN NaN NaN NaN NaN NaN NaN NaN NaN NaN NaN NaN NaN NaN 
NaN NaN NaN NaN NaN NaN NaN NaN NaN NaN NaN NaN NaN NaN NaN NaN NaN NaN NaN NaN NaN NaN NaN NaN NaN NaN NaN NaN NaN NaN NaN NaN NaN NaN NaN NaN NaN NaN NaN NaN 
NaN NaN NaN NaN NaN NaN NaN NaN NaN NaN NaN NaN NaN NaN NaN NaN NaN NaN NaN NaN NaN NaN NaN NaN NaN NaN NaN NaN NaN NaN NaN NaN NaN NaN NaN NaN NaN NaN NaN NaN 
NaN NaN NaN NaN NaN NaN NaN NaN NaN NaN NaN NaN NaN NaN NaN NaN NaN NaN NaN NaN NaN NaN NaN NaN NaN NaN NaN NaN NaN NaN NaN NaN NaN NaN NaN NaN NaN NaN NaN NaN 
NaN NaN NaN NaN NaN NaN NaN NaN NaN NaN NaN NaN NaN NaN NaN NaN NaN NaN NaN NaN NaN NaN NaN NaN NaN NaN NaN NaN NaN NaN NaN NaN NaN NaN NaN NaN NaN NaN NaN NaN 
NaN NaN NaN NaN NaN NaN NaN NaN NaN NaN NaN NaN NaN NaN NaN NaN NaN NaN NaN NaN NaN NaN NaN NaN NaN NaN NaN NaN NaN NaN NaN NaN NaN NaN NaN NaN NaN NaN NaN NaN 
NaN NaN NaN NaN NaN NaN NaN NaN NaN NaN NaN NaN NaN NaN NaN NaN NaN NaN NaN NaN NaN NaN NaN NaN NaN NaN NaN NaN NaN NaN NaN NaN NaN NaN NaN NaN NaN NaN NaN NaN 
NaN NaN NaN NaN NaN NaN NaN NaN NaN NaN NaN NaN NaN NaN NaN NaN NaN NaN NaN NaN NaN NaN NaN NaN NaN NaN NaN NaN NaN NaN NaN NaN NaN NaN NaN NaN NaN NaN NaN NaN 
NaN NaN NaN NaN NaN NaN NaN NaN NaN NaN NaN NaN NaN NaN NaN NaN NaN NaN NaN NaN NaN NaN NaN NaN NaN NaN NaN NaN NaN NaN NaN NaN NaN NaN NaN NaN NaN NaN NaN NaN 
NaN NaN NaN NaN NaN NaN NaN NaN NaN NaN NaN NaN NaN NaN NaN NaN NaN NaN NaN NaN NaN NaN NaN NaN NaN NaN NaN NaN NaN NaN NaN NaN NaN NaN NaN NaN NaN NaN NaN NaN 
NaN NaN NaN NaN NaN NaN NaN NaN NaN NaN NaN NaN NaN NaN NaN NaN NaN NaN NaN NaN NaN NaN NaN NaN NaN NaN NaN NaN NaN NaN NaN NaN NaN NaN NaN NaN NaN NaN NaN NaN 
NaN NaN NaN NaN NaN NaN NaN NaN NaN NaN NaN NaN NaN NaN NaN NaN NaN NaN NaN NaN NaN NaN NaN NaN NaN NaN NaN NaN NaN NaN NaN NaN NaN NaN NaN NaN NaN NaN NaN NaN 
NaN NaN NaN NaN NaN NaN NaN NaN NaN NaN NaN NaN NaN NaN NaN NaN NaN NaN NaN NaN NaN NaN NaN NaN NaN NaN NaN NaN NaN NaN NaN NaN NaN NaN NaN NaN NaN NaN NaN NaN 
NaN NaN NaN NaN NaN NaN NaN NaN NaN NaN NaN NaN NaN NaN NaN NaN NaN NaN NaN NaN NaN NaN NaN NaN NaN NaN NaN NaN NaN NaN NaN NaN NaN NaN NaN NaN NaN NaN NaN NaN 
NaN NaN NaN NaN NaN NaN NaN NaN NaN NaN NaN NaN NaN NaN NaN NaN NaN NaN NaN NaN NaN NaN NaN NaN NaN NaN NaN NaN NaN NaN NaN NaN NaN NaN NaN NaN NaN NaN NaN NaN 
NaN NaN NaN NaN NaN NaN NaN NaN NaN NaN NaN NaN NaN NaN NaN NaN NaN NaN NaN NaN NaN NaN NaN NaN NaN NaN NaN NaN NaN NaN NaN NaN NaN NaN NaN NaN NaN NaN NaN NaN 
NaN NaN NaN NaN NaN NaN NaN NaN NaN NaN NaN NaN NaN NaN NaN NaN NaN NaN NaN NaN NaN NaN NaN NaN NaN NaN NaN NaN NaN NaN NaN NaN NaN NaN NaN NaN NaN NaN NaN NaN 
NaN NaN NaN NaN NaN NaN NaN NaN NaN NaN NaN NaN NaN NaN NaN NaN NaN NaN NaN NaN NaN NaN NaN NaN NaN NaN NaN NaN NaN NaN NaN NaN NaN NaN NaN NaN NaN NaN NaN NaN 
NaN NaN NaN NaN NaN NaN NaN NaN NaN NaN NaN NaN NaN NaN NaN NaN NaN NaN NaN NaN NaN NaN NaN NaN NaN NaN NaN NaN NaN NaN NaN NaN NaN NaN NaN NaN NaN NaN NaN NaN 
NaN NaN NaN NaN NaN NaN NaN NaN NaN NaN NaN NaN NaN NaN NaN NaN NaN NaN NaN NaN NaN NaN NaN NaN NaN NaN NaN NaN NaN NaN NaN NaN NaN NaN NaN NaN NaN NaN NaN NaN 
NaN NaN NaN NaN NaN NaN NaN NaN NaN NaN NaN NaN NaN NaN NaN NaN NaN NaN NaN NaN NaN NaN NaN NaN NaN NaN NaN NaN NaN NaN NaN NaN NaN NaN NaN NaN NaN NaN NaN NaN 
NaN NaN NaN NaN NaN NaN NaN NaN NaN NaN NaN NaN NaN NaN NaN NaN NaN NaN NaN NaN NaN NaN NaN NaN NaN NaN NaN NaN NaN NaN NaN NaN NaN NaN NaN NaN NaN NaN NaN NaN 
NaN NaN NaN NaN NaN NaN NaN NaN NaN NaN NaN NaN NaN NaN NaN NaN NaN NaN NaN NaN NaN NaN NaN NaN NaN NaN NaN NaN NaN NaN NaN NaN NaN NaN NaN NaN NaN NaN NaN NaN 
NaN NaN NaN NaN NaN NaN NaN NaN NaN NaN NaN NaN NaN NaN NaN NaN NaN NaN NaN NaN NaN NaN NaN NaN NaN NaN NaN NaN NaN NaN NaN NaN NaN NaN NaN NaN NaN NaN NaN NaN 
NaN NaN NaN NaN NaN NaN NaN NaN NaN NaN NaN NaN NaN NaN NaN NaN NaN NaN NaN NaN NaN NaN NaN NaN NaN NaN NaN NaN NaN NaN NaN NaN NaN NaN NaN NaN NaN NaN NaN NaN 
NaN NaN NaN NaN NaN NaN NaN NaN NaN NaN NaN NaN NaN NaN NaN NaN NaN NaN NaN NaN NaN NaN NaN NaN NaN NaN NaN NaN NaN NaN NaN NaN NaN NaN NaN NaN NaN NaN NaN NaN 
NaN NaN NaN NaN NaN NaN NaN NaN NaN NaN NaN NaN NaN NaN NaN NaN NaN NaN NaN NaN NaN NaN NaN NaN NaN NaN NaN NaN NaN NaN NaN NaN NaN NaN NaN NaN NaN NaN NaN NaN 
NaN NaN NaN NaN NaN NaN NaN NaN NaN NaN NaN NaN NaN NaN NaN NaN NaN NaN NaN NaN NaN NaN NaN NaN NaN NaN NaN NaN NaN NaN NaN NaN NaN NaN NaN NaN NaN NaN NaN NaN 
NaN NaN NaN NaN NaN NaN NaN NaN NaN NaN NaN NaN NaN NaN NaN NaN NaN NaN NaN NaN NaN NaN NaN NaN NaN NaN NaN NaN NaN NaN NaN NaN NaN NaN NaN NaN NaN NaN NaN NaN 
NaN NaN NaN NaN NaN NaN NaN NaN NaN NaN NaN NaN NaN NaN NaN NaN NaN NaN NaN NaN NaN NaN NaN NaN NaN NaN NaN NaN NaN NaN NaN NaN NaN NaN NaN NaN NaN NaN NaN NaN 
NaN NaN NaN NaN NaN NaN NaN NaN NaN NaN NaN NaN NaN NaN NaN NaN NaN NaN NaN NaN NaN NaN NaN NaN NaN NaN NaN NaN NaN NaN NaN NaN NaN NaN NaN NaN NaN NaN NaN NaN 
NaN NaN NaN NaN NaN NaN NaN NaN NaN NaN NaN NaN NaN NaN NaN NaN NaN NaN NaN NaN NaN NaN NaN NaN NaN NaN NaN NaN NaN NaN NaN NaN NaN NaN NaN NaN NaN NaN NaN NaN 
NaN NaN NaN NaN NaN NaN NaN NaN NaN NaN NaN NaN NaN NaN NaN NaN NaN NaN NaN NaN NaN NaN NaN NaN NaN NaN NaN NaN NaN NaN NaN NaN NaN NaN NaN NaN NaN NaN NaN NaN 
NaN NaN NaN NaN NaN NaN NaN NaN NaN NaN NaN NaN NaN NaN NaN NaN NaN NaN NaN NaN NaN NaN NaN NaN NaN NaN NaN NaN NaN NaN NaN NaN NaN NaN NaN NaN NaN NaN NaN NaN 
NaN NaN NaN NaN NaN NaN NaN NaN NaN NaN NaN NaN NaN NaN NaN NaN NaN NaN NaN NaN NaN NaN NaN NaN NaN NaN NaN NaN NaN NaN NaN NaN NaN NaN NaN NaN NaN NaN NaN NaN 
NaN NaN NaN NaN NaN NaN NaN NaN NaN NaN NaN NaN NaN NaN NaN NaN NaN NaN NaN NaN NaN NaN NaN NaN NaN NaN NaN NaN NaN NaN NaN NaN NaN NaN NaN NaN NaN NaN NaN NaN 
NaN NaN NaN NaN NaN NaN NaN NaN NaN NaN NaN NaN NaN NaN NaN NaN NaN NaN NaN NaN NaN NaN NaN NaN NaN NaN NaN NaN NaN NaN NaN NaN NaN NaN NaN NaN NaN NaN NaN NaN 
NaN NaN NaN NaN NaN NaN NaN NaN NaN NaN NaN NaN NaN NaN NaN NaN NaN NaN NaN NaN NaN NaN NaN NaN NaN NaN NaN NaN NaN NaN NaN NaN NaN NaN NaN NaN NaN NaN NaN NaN 
NaN NaN NaN NaN NaN NaN NaN NaN NaN NaN NaN NaN NaN NaN NaN NaN NaN NaN NaN NaN NaN NaN NaN NaN NaN NaN NaN NaN NaN NaN NaN NaN NaN NaN NaN NaN NaN NaN NaN NaN 
NaN NaN NaN NaN NaN NaN NaN NaN NaN NaN NaN NaN NaN NaN NaN NaN NaN NaN NaN NaN NaN NaN NaN NaN NaN NaN NaN NaN NaN NaN NaN NaN NaN NaN NaN NaN NaN NaN NaN NaN 
NaN NaN NaN NaN NaN NaN NaN NaN NaN NaN NaN NaN NaN NaN NaN NaN NaN NaN NaN NaN NaN NaN NaN NaN NaN NaN NaN NaN NaN NaN NaN NaN NaN NaN NaN NaN NaN NaN NaN NaN 
NaN NaN NaN NaN NaN NaN NaN NaN NaN NaN NaN NaN NaN NaN NaN NaN NaN NaN NaN NaN NaN NaN NaN NaN NaN NaN NaN NaN NaN NaN NaN NaN NaN NaN NaN NaN NaN NaN NaN NaN 
NaN NaN NaN NaN NaN NaN NaN NaN NaN NaN NaN NaN NaN NaN NaN NaN NaN NaN NaN NaN NaN NaN NaN NaN NaN NaN NaN NaN NaN NaN NaN NaN NaN NaN NaN NaN NaN NaN NaN NaN 
NaN NaN NaN NaN NaN NaN NaN NaN NaN NaN NaN NaN NaN NaN NaN NaN NaN NaN NaN NaN NaN NaN NaN NaN NaN NaN NaN NaN NaN NaN NaN NaN NaN NaN NaN NaN NaN NaN NaN NaN 
NaN NaN NaN NaN NaN NaN NaN NaN NaN NaN NaN NaN NaN NaN NaN NaN NaN NaN NaN NaN NaN NaN NaN NaN NaN NaN NaN NaN NaN NaN NaN NaN NaN NaN NaN NaN NaN NaN NaN NaN 
NaN NaN NaN NaN NaN NaN NaN NaN NaN NaN NaN NaN NaN NaN NaN NaN NaN NaN NaN NaN NaN NaN NaN NaN NaN NaN NaN NaN NaN NaN NaN NaN NaN NaN NaN NaN NaN NaN NaN NaN 
NaN NaN NaN NaN NaN NaN NaN NaN NaN NaN NaN NaN NaN NaN NaN NaN NaN NaN NaN NaN NaN NaN NaN NaN NaN NaN NaN NaN NaN NaN NaN NaN NaN NaN NaN NaN NaN NaN NaN NaN 
NaN NaN NaN NaN NaN NaN NaN NaN NaN NaN NaN NaN NaN NaN NaN NaN NaN NaN NaN NaN NaN NaN NaN NaN NaN NaN NaN NaN NaN NaN NaN NaN NaN NaN NaN NaN NaN NaN NaN NaN 
NaN NaN NaN NaN NaN NaN NaN NaN NaN NaN NaN NaN NaN NaN NaN NaN NaN NaN NaN NaN NaN NaN NaN NaN NaN NaN NaN NaN NaN NaN NaN NaN NaN NaN NaN NaN NaN NaN NaN NaN 
NaN NaN NaN NaN NaN NaN NaN NaN NaN NaN NaN NaN NaN NaN NaN NaN NaN NaN NaN NaN NaN NaN NaN NaN NaN NaN NaN NaN NaN NaN NaN NaN NaN NaN NaN NaN NaN NaN NaN NaN 
NaN NaN NaN NaN NaN NaN NaN NaN NaN NaN NaN NaN NaN NaN NaN NaN NaN NaN NaN NaN NaN NaN NaN NaN NaN NaN NaN NaN NaN NaN NaN NaN NaN NaN NaN NaN NaN NaN NaN NaN 
NaN NaN NaN NaN NaN NaN NaN NaN NaN NaN NaN NaN NaN NaN NaN NaN NaN NaN NaN NaN NaN NaN NaN NaN NaN NaN NaN NaN NaN NaN NaN NaN NaN NaN NaN NaN NaN NaN NaN NaN 
NaN NaN NaN NaN NaN NaN NaN NaN NaN NaN NaN NaN NaN NaN NaN NaN NaN NaN NaN NaN NaN NaN NaN NaN NaN NaN NaN NaN NaN NaN NaN NaN NaN NaN NaN NaN NaN NaN NaN NaN 
NaN NaN NaN NaN NaN NaN NaN NaN NaN NaN NaN NaN NaN NaN NaN NaN NaN NaN NaN NaN NaN NaN NaN NaN NaN NaN NaN NaN NaN NaN NaN NaN NaN NaN NaN NaN NaN NaN NaN NaN 
NaN NaN NaN NaN NaN NaN NaN NaN NaN NaN NaN NaN NaN NaN NaN NaN NaN NaN NaN NaN NaN NaN NaN NaN NaN NaN NaN NaN NaN NaN NaN NaN NaN NaN NaN NaN NaN NaN NaN NaN 
NaN NaN NaN NaN NaN NaN NaN NaN NaN NaN NaN NaN NaN NaN NaN NaN NaN NaN NaN NaN NaN NaN NaN NaN NaN NaN NaN NaN NaN NaN NaN NaN NaN NaN NaN NaN NaN NaN NaN NaN 
NaN NaN NaN NaN NaN NaN NaN NaN NaN NaN NaN NaN NaN NaN NaN NaN NaN NaN NaN NaN NaN NaN NaN NaN NaN NaN NaN NaN NaN NaN NaN NaN NaN NaN NaN NaN NaN NaN NaN NaN 
NaN NaN NaN NaN NaN NaN NaN NaN NaN NaN NaN NaN NaN NaN NaN NaN NaN NaN NaN NaN NaN NaN NaN NaN NaN NaN NaN NaN NaN NaN NaN NaN NaN NaN NaN NaN NaN NaN NaN NaN 
NaN NaN NaN NaN NaN NaN NaN NaN NaN NaN NaN NaN NaN NaN NaN NaN NaN NaN NaN NaN NaN NaN NaN NaN NaN NaN NaN NaN NaN NaN NaN NaN NaN NaN NaN NaN NaN NaN NaN NaN 
NaN NaN NaN NaN NaN NaN NaN NaN NaN NaN NaN NaN NaN NaN NaN NaN NaN NaN NaN NaN NaN NaN NaN NaN NaN NaN NaN NaN NaN NaN NaN NaN NaN NaN NaN NaN NaN NaN NaN NaN 
NaN NaN NaN NaN NaN NaN NaN NaN NaN NaN NaN NaN NaN NaN NaN NaN NaN NaN NaN NaN NaN NaN NaN NaN NaN NaN NaN NaN NaN NaN NaN NaN NaN NaN NaN NaN NaN NaN NaN NaN 
NaN NaN NaN NaN NaN NaN NaN NaN NaN NaN NaN NaN NaN NaN NaN NaN NaN NaN NaN NaN NaN NaN NaN NaN NaN NaN NaN NaN NaN NaN NaN NaN NaN NaN NaN NaN NaN NaN NaN NaN 
NaN NaN NaN NaN NaN NaN NaN NaN NaN NaN NaN NaN NaN NaN NaN NaN NaN NaN NaN NaN NaN NaN NaN NaN NaN NaN NaN NaN NaN NaN NaN NaN NaN NaN NaN NaN NaN NaN NaN NaN 
NaN NaN NaN NaN NaN NaN NaN NaN NaN NaN NaN NaN NaN NaN NaN NaN NaN NaN NaN NaN NaN NaN NaN NaN NaN NaN NaN NaN NaN NaN NaN NaN NaN NaN NaN NaN NaN NaN NaN NaN 
NaN NaN NaN NaN NaN NaN NaN NaN NaN NaN NaN NaN NaN NaN NaN NaN NaN NaN NaN NaN NaN NaN NaN NaN NaN NaN NaN NaN NaN NaN NaN NaN NaN NaN NaN NaN NaN NaN NaN NaN 
NaN NaN NaN NaN NaN NaN NaN NaN NaN NaN NaN NaN NaN NaN NaN NaN NaN NaN NaN NaN NaN NaN NaN NaN NaN NaN NaN NaN NaN NaN NaN NaN NaN NaN NaN NaN NaN NaN NaN NaN 
NaN NaN NaN NaN NaN NaN NaN NaN NaN NaN NaN NaN NaN NaN NaN NaN NaN NaN NaN NaN NaN NaN NaN NaN NaN NaN NaN NaN NaN NaN NaN NaN NaN NaN NaN NaN NaN NaN NaN NaN 
NaN NaN NaN NaN NaN NaN NaN NaN NaN NaN NaN NaN NaN NaN NaN NaN NaN NaN NaN NaN NaN NaN NaN NaN NaN NaN NaN NaN NaN NaN NaN NaN NaN NaN NaN NaN NaN NaN NaN NaN 
NaN NaN NaN NaN NaN NaN NaN NaN NaN NaN NaN NaN NaN NaN NaN NaN NaN NaN NaN NaN NaN NaN NaN NaN NaN NaN NaN NaN NaN NaN NaN NaN NaN NaN NaN NaN NaN NaN NaN NaN 
NaN NaN NaN NaN NaN NaN NaN NaN NaN NaN NaN NaN NaN NaN NaN NaN NaN NaN NaN NaN NaN NaN NaN NaN NaN NaN NaN NaN NaN NaN NaN NaN NaN NaN NaN NaN NaN NaN NaN NaN 
NaN NaN NaN NaN NaN NaN NaN NaN NaN NaN NaN NaN NaN NaN NaN NaN NaN NaN NaN NaN NaN NaN NaN NaN NaN NaN NaN NaN NaN NaN NaN NaN NaN NaN NaN NaN NaN NaN NaN NaN 
NaN NaN NaN NaN NaN NaN NaN NaN NaN NaN NaN NaN NaN NaN NaN NaN NaN NaN NaN NaN NaN NaN NaN NaN NaN NaN NaN NaN NaN NaN NaN NaN NaN NaN NaN NaN NaN NaN NaN NaN 
NaN NaN NaN NaN NaN NaN NaN NaN NaN NaN NaN NaN NaN NaN NaN NaN NaN NaN NaN NaN NaN NaN NaN NaN NaN NaN NaN NaN NaN NaN NaN NaN NaN NaN NaN NaN NaN NaN NaN NaN 
-69.416689 -71.906751 -75.850835 -79.844757 -82.083857 -86.773295 -94.029299 -97.689292 -87.628671 -84.876887 -84.291551 -83.875370 -87.566934 -94.878549 -93.717250 -90.730290 -94.095890 -90.801993 -92.885739 -93.725286 -93.897044 -97.421504 -94.414439 -90.404090 -91.768185 -90.539380 -90.213747 -87.074738 -86.931453 -92.602589 -88.708002 -87.436715 -88.626612 -88.793386 -86.586131 -86.621911 -87.693136 -89.940825 -88.914756 -89.435030 
-55.424800 -66.490519 -70.958987 -70.262296 -75.847257 -79.314616 -72.684684 -73.876783 -76.399518 -70.228674 -75.007196 -73.341319 -74.299055 -83.585444 -78.659108 -81.386514 -80.912371 -78.558039 -80.907227 -78.957527 -83.569704 -81.114509 -78.770894 -77.275460 -76.012118 -77.199066 -76.192752 -77.062201 -77.281296 -78.287370 -76.032727 -75.642659 -74.988138 -75.455891 -72.589509 -75.094871 -75.041310 -76.923056 -75.475306 -77.249233 
-57.670245 -79.871012 -83.276269 -75.042950 -77.673346 -77.209639 -76.856344 -79.799133 -72.739859 -71.588988 -79.018164 -76.363089 -78.211974 -83.488629 -73.087064 -75.781585 -78.754888 -73.676378 -75.461602 -74.677555 -71.511652 -73.296290 -75.037505 -73.843890 -78.607935 -74.180441 -77.049657 -80.657699 -73.842403 -76.409858 -76.717094 -75.045230 -73.942962 -76.347827 -76.466935 -75.253808 -75.188273 -75.073361 -75.353454 -75.380714 
-57.248338 -72.168961 -75.751414 -76.356494 -79.563388 -74.072304 -81.430231 -88.423358 -81.447104 -77.583158 -70.256896 -74.125995 -76.001079 -71.112188 -72.613058 -68.953346 -72.521128 -70.657377 -77.689310 -76.284321 -76.035738 -71.299079 -74.548449 -75.555411 -78.393266 -74.151757 -73.018566 -73.535413 -76.062042 -73.844726 -75.104311 -75.280724 -73.997190 -75.462648 -73.389774 -76.004649 -77.523848 -74.956917 -72.578727 -73.886578 
-44.245828 -40.876538 -39.625262 -41.422615 -43.803564 -45.819535 -46.527120 -46.112994 -47.070106 -49.076101 -49.699788 -50.167239 -51.759714 -54.071942 -54.767813 -54.341042 -54.612913 -54.881016 -56.821944 -57.781138 -58.966826 -59.271612 -61.391579 -62.506684 -62.861125 -63.132625 -62.696901 -64.179048 -65.786997 -71.155629 -69.913641 -67.490894 -68.424561 -69.997080 -67.825876 -66.369808 -65.849670 -67.291393 -69.912329 -69.794230 
-30.102840 -28.745770 -30.698704 -37.269386 -41.641961 -45.921082 -45.168005 -46.275103 -46.747584 -49.471186 -50.850564 -49.634834 -52.961703 -56.002901 -55.308541 -53.468512 -56.099093 -55.741187 -57.497178 -57.870624 -58.571223 -59.030460 -60.423668 -59.690940 -60.054891 -62.517319 -61.812440 -63.644835 -62.048986 -66.774901 -63.676082 -63.774304 -66.450481 -68.621538 -65.918800 -65.341472 -64.634233 -66.061780 -67.933227 -67.556295 
-26.531637 -26.045134 -31.695569 -40.770284 -41.858944 -42.243495 -46.648145 -52.495601 -55.820860 -56.576152 -59.919712 -58.527449 -61.992708 -60.194673 -63.558966 -63.805942 -66.243939 -65.397003 -69.194750 -64.043073 -61.577146 -63.149557 -61.778036 -61.504404 -63.879594 -62.825422 -64.193574 -67.826226 -64.990181 -65.278979 -62.451745 -65.123385 -67.747278 -67.966453 -65.830792 -65.507282 -65.988734 -66.792735 -69.259724 -68.776892 
-31.276804 -25.757575 -33.648005 -42.624464 -47.027630 -50.486471 -55.061378 -54.887483 -54.511247 -58.381619 -61.810265 -56.833719 -58.395887 -59.339738 -60.619097 -57.015535 -59.792167 -60.313035 -59.918917 -64.763623 -61.936559 -63.887134 -61.269906 -63.682386 -65.786959 -65.414121 -64.303024 -63.846585 -61.613094 -64.652106 -66.847490 -67.949577 -63.790824 -64.881975 -69.931682 -68.331295 -64.416134 -65.720501 -67.304561 -66.903709 
-29.950397 -31.843457 -32.735827 -42.933249 -48.759568 -52.317226 -56.982655 -52.090218 -53.053116 -60.865325 -56.765238 -55.647470 -58.096304 -60.152143 -60.690196 -59.741222 -62.771295 -62.208499 -59.686095 -66.095067 -60.577767 -63.164616 -58.642592 -58.099673 -61.248404 -62.774536 -64.139666 -66.026906 -64.447206 -64.916211 -66.384624 -66.767411 -64.667221 -66.297164 -66.900369 -66.931070 -63.859689 -66.498348 -66.246700 -70.633566 
-23.052693 -26.138500 -38.513809 -33.640818 -39.818984 -34.773669 -34.486037 -34.305422 -36.226395 -36.290705 -32.380187 -32.614632 -34.090236 -34.641793 -34.751149 -38.361842 -36.427007 -37.653106 -34.929245 -32.912922 -30.814904 -30.142146 -29.176880 -29.589838 -30.254105 -30.915309 -32.820381 -35.575287 -40.561007 -40.198998 -44.563940 -42.150348 -42.331941 -49.330609 -47.104846 -45.180771 -47.807870 -43.491356 -48.718717 -60.029645 
-23.412293 -15.382358 -13.551248 -13.854449 -13.281611 -14.158246 -14.386954 -17.061139 -17.767062 -17.410356 -15.985812 -13.429026 -12.292396 -12.683466 -15.746040 -18.548209 -17.537950 -18.760657 -14.609803 -15.602881 -9.540898 -7.654607 -4.959943 -13.914718 -8.710697 -4.721143 -10.239912 -17.035614 -20.094591 -27.129413 -32.396142 -29.562897 -28.917142 -29.438131 -26.294893 -22.048788 -20.914766 -20.054112 -23.029649 -35.437457 
-17.957580 -22.002654 -15.499388 -18.577801 -14.607298 -13.253068 -11.421764 -10.540976 -15.208765 -14.724549 -20.086058 -16.275693 -14.681545 -15.598209 -15.113854 -16.727460 -16.750849 -18.009250 -13.794215 -9.153462 -9.120162 -7.028001 -7.672146 -7.475463 -7.871410 -8.997862 -12.276831 -10.885416 -13.389531 -20.917164 -22.349267 -19.376865 -15.034317 -11.421558 -8.774381 -8.418516 -2.955901 -4.142673 -8.135661 -23.694334 
-15.690838 -20.659569 -22.412936 -16.333562 -13.692055 -12.222119 -15.803882 -12.972370 -20.403246 -16.553469 -22.253035 -19.066714 -20.564127 -18.876607 -22.755174 -24.160935 -27.311120 -21.051913 -11.790450 -13.973656 -11.500259 -7.317553 -6.272829 -5.247738 -8.503311 -10.599789 -10.429936 -10.039844 -6.541354 -15.647681 -22.112495 -18.537790 -12.760418 -11.434308 -11.433157 -9.957472 -1.735670 -1.211068 -5.624114 -25.916936 
-14.100862 -14.387695 -18.642986 -14.761827 -16.842648 -13.979370 -16.812865 -12.170153 -20.047585 -30.504702 -27.687245 -24.183031 -23.194717 -29.170845 -26.623938 -25.449056 -25.584686 -13.792013 -9.591679 -12.518267 -12.953565 -5.394209 -5.647503 -11.720385 -12.942225 -12.988412 -7.454078 -11.286790 -11.486400 -18.452821 -37.678128 -20.441339 -11.899251 -15.239101 -22.451739 -3.954931 0.493551 0.260024 -5.414934 -28.409368 
-13.802899 -1.540017 -1.402508 -7.568694 -8.297494 -10.017208 -13.959986 -13.479177 -33.800613 -30.872172 -25.835903 -20.931056 -23.665690 -29.136776 -25.882683 -14.514104 -9.309623 -6.096338 -13.052559 -18.180688 -13.114180 -7.112688 -12.363892 -12.790634 -15.393685 -17.151658 -14.544719 -16.578589 -13.520109 -24.045290 -45.687518 -27.561950 -19.451772 -19.403390 -27.081062 -6.818093 -5.994447 -9.022156 -10.290251 -21.780995 
-3.580113 11.695069 14.358595 5.315507 -0.810019 2.748664 -0.897489 -0.506624 -7.584384 -12.170205 -16.056919 -16.029973 -15.705195 -14.106580 -18.410835 -13.585145 -11.301853 -16.421613 -18.648068 -16.493378 -16.243162 -15.446348 -21.296671 -19.031237 -18.014052 -12.684120 -15.959535 -19.594390 -17.588824 -24.853114 -35.799139 -29.304830 -22.413360 -32.922703 -35.893627 -15.038879 -11.256434 -11.587352 -12.873527 -24.434193 
-0.899453 16.804542 20.006645 11.043764 12.027176 11.131197 12.966262 9.480356 -3.804463 -9.547364 -6.970706 -6.231673 -10.983607 -7.007418 -5.645012 -2.375892 -3.906437 -14.513952 -20.760699 -13.747094 -14.414295 -23.051857 -24.887179 -21.097346 -19.822638 -18.046314 -19.956374 -21.276027 -22.874094 -29.091928 -32.169028 -32.315486 -24.357140 -28.045617 -34.060904 -22.683991 -14.516347 -14.558301 -18.385432 -27.256725 
0.314353 18.047697 20.824935 11.118132 15.937198 12.110472 18.567653 12.113054 -2.292112 -1.198487 -1.905881 -8.598787 -3.474057 -3.605061 -0.194366 3.355990 -4.876455 -13.723603 -11.244444 -12.729745 -13.675767 -25.532246 -26.947294 -26.040635 -28.593157 -32.447371 -29.909365 -26.881241 -30.610358 -40.025723 -37.417247 -34.264446 -34.228922 -28.928177 -33.756603 -29.268505 -20.048724 -19.143234 -24.773677 -31.026924 
0.208900 18.219250 21.433897 11.811785 17.419262 13.143348 20.813023 14.080354 2.213323 3.824464 2.096592 -9.133166 -0.810954 -1.162654 3.808139 8.122815 -2.997624 -6.037593 -5.667514 -9.509838 -17.405546 -27.112844 -28.486381 -22.699882 -22.394950 -32.614486 -36.088427 -37.035725 -40.260693 -40.233593 -40.989989 -36.348738 -38.651510 -37.470689 -38.120651 -34.120730 -26.561689 -24.267109 -29.321518 -33.434793 
0.252257 18.560454 21.606112 12.898861 17.620407 11.948939 20.595823 16.603344 11.436988 8.231146 3.901713 1.689688 1.386001 4.248661 8.271760 10.456226 -1.270041 -3.758573 -1.836397 -1.665668 -7.752178 -20.176177 -20.380085 -18.039927 -13.445274 -28.361589 -37.131511 -37.209179 -37.923829 -41.132231 -42.763024 -40.945317 -39.893214 -40.644558 -39.236791 -36.079790 -25.878104 -22.129824 -30.281752 -34.753769 
1.657680 18.441679 21.325379 13.506369 17.264604 10.415273 16.419716 12.470564 19.911197 14.400413 8.762371 9.088534 0.106554 4.450899 10.670607 11.628683 0.394228 -3.636678 -3.548807 1.634782 -3.105265 -11.166012 -16.106484 -16.105585 -11.325969 -19.833205 -30.531141 -33.264441 -34.592608 -38.102386 -39.056549 -39.737343 -38.449528 -40.060089 -36.079420 -34.420498 -28.887393 -21.308312 -27.991695 -39.102081 
1.058236 17.479813 20.102199 11.878234 16.391070 9.647211 11.419097 10.486175 22.807405 19.956928 17.736710 13.309895 3.699485 9.127115 14.647364 14.060992 0.903838 -0.345864 -1.467634 1.880308 2.810077 -3.476314 -8.812804 -15.671721 -12.270713 -11.300985 -19.820565 -26.041069 -29.504107 -37.016111 -39.875864 -40.473862 -41.990428 -45.725650 -39.731970 -33.313229 -26.715383 -23.153735 -30.294910 -38.257439 
-0.153374 15.679194 18.261801 9.607732 14.459425 7.364917 7.634989 7.422380 17.578465 17.048508 20.814599 12.877754 6.927630 11.724386 13.435710 13.832859 3.680653 0.358482 -5.922218 -3.415432 -3.886281 0.245562 -1.998780 -8.500338 -12.581732 -9.085359 -12.203664 -21.910551 -28.222027 -32.436232 -32.841594 -31.190657 -33.308691 -35.524699 -35.393039 -31.348569 -28.534882 -24.118668 -29.217569 -34.791360 
-3.098628 13.103374 16.135233 6.744072 11.691860 3.546122 4.894765 5.353830 13.867391 16.054112 19.261930 18.906680 12.306163 11.286876 11.867089 13.689231 8.672634 -0.071323 -4.656368 -6.919762 -7.345849 -3.903396 0.716069 -9.232663 -13.226847 -11.707916 -11.072330 -15.670301 -25.393333 -32.931564 -35.083802 -29.466355 -33.300335 -40.782497 -39.981415 -32.877409 -29.690488 -25.010067 -29.365767 -37.527995 
-6.398556 11.056570 14.265514 6.213864 11.284786 3.157083 3.910720 4.817686 11.444605 13.038799 17.308157 21.785427 15.142064 11.012909 11.740944 15.970675 10.433740 1.872078 -5.573266 -6.686034 -6.258397 -6.423571 -1.192523 -5.431175 -12.383265 -13.215023 -10.755488 -9.680263 -18.397305 -30.305808 -31.356899 -28.565690 -31.186638 -34.926838 -35.637966 -33.987431 -34.853003 -27.659774 -31.936991 -36.483035 
-8.473936 9.004480 13.064504 4.501174 11.665860 4.892637 3.577389 2.156934 9.611524 8.708721 15.456214 22.208260 18.329972 12.699034 11.119866 17.700703 11.045062 3.698337 -5.046326 -5.928938 -6.468003 -7.778276 0.140451 -3.655479 -13.135401 -15.755544 -14.810346 -10.247401 -14.906351 -27.542909 -35.684020 -33.319239 -33.639901 -38.469387 -43.199702 -38.176696 -44.360420 -27.358970 -31.684523 -44.540058 
-9.681181 7.915529 12.632270 3.631322 10.840456 5.751926 3.618561 1.592039 9.519376 7.649647 14.828692 21.581665 20.170130 13.087242 9.410727 16.642274 11.532215 3.148770 -3.139907 -8.108625 -8.614310 -6.857192 -2.250974 -2.806539 -13.217475 -17.601607 -18.231276 -11.121106 -13.608887 -27.088351 -38.432504 -31.700341 -29.781104 -32.196236 -42.614168 -42.308150 -44.970824 -32.128882 -32.615385 -47.990677 
-12.397759 6.960213 12.753667 4.942888 11.174840 7.563521 1.863234 2.858846 9.382363 9.405539 15.823913 20.038575 22.086938 14.853138 10.087002 14.571798 14.760467 4.656751 -1.237152 -8.956028 -8.610067 -6.469926 -2.181772 -1.876199 -16.864894 -18.150465 -17.524927 -10.498503 -11.971005 -24.927549 -34.137183 -27.074860 -27.053693 -30.347018 -34.367876 -36.754112 -36.788499 -32.166115 -33.491279 -38.285425 
-12.661572 6.012637 12.834601 4.859277 10.625459 9.196011 1.974619 5.269090 8.066067 10.036610 16.666085 16.974729 21.620458 14.308337 10.208154 12.500704 15.644241 4.576878 -0.038008 -6.857110 -6.731486 -6.189238 -1.476432 -2.316019 -15.620724 -19.957526 -18.290289 -11.153349 -10.688172 -24.087135 -34.714405 -25.653357 -26.192211 -32.102383 -38.087116 -44.780189 -44.020303 -33.887803 -32.710514 -42.187200 
-13.825536 5.534912 13.340245 5.879999 10.366617 10.934824 1.890433 5.540387 6.924482 12.130196 17.961184 18.148527 19.715632 12.617605 9.618771 8.354805 14.145683 8.199192 3.719741 -4.215659 -7.156170 -5.614501 -3.719028 -4.088970 -17.173151 -23.554047 -24.477140 -11.488650 -10.274420 -19.767844 -33.298961 -27.955482 -28.333336 -27.492541 -39.026359 -43.559443 -40.043892 -32.724858 -35.688555 -41.143119 
-18.120662 5.167025 13.951394 7.006137 8.928564 11.781928 1.948226 7.258856 5.645256 14.482490 18.059876 18.747091 15.120202 10.907027 9.108303 9.473630 12.452755 12.145112 6.975114 -2.525315 -6.536461 -7.056165 -3.945151 -7.200510 -18.765846 -20.180232 -30.171306 -13.902545 -12.388412 -19.303173 -30.784562 -25.723054 -24.442191 -27.497716 -40.734919 -49.098506 -44.842300 -35.389796 -35.285065 -37.502337 
-19.938320 4.906734 14.541241 8.109446 9.584347 12.519818 0.775733 6.919905 8.171051 16.787574 16.587912 16.527746 7.362945 4.970305 5.052419 7.136602 7.456527 10.964578 10.069590 -3.813732 -6.432090 -4.525698 -0.784254 -9.362549 -21.217452 -22.893097 -27.560558 -17.182329 -14.835957 -21.445406 -29.138497 -29.864327 -24.412708 -25.502214 -37.262204 -43.108074 -40.727795 -36.045979 -36.773979 -39.325685 
-16.718207 5.802494 15.525760 9.176093 9.784533 13.412225 2.004131 8.011196 8.889828 19.286640 13.550992 14.042049 6.178568 3.017033 2.111710 1.810075 3.056698 9.614175 10.902637 3.994455 -4.754898 -4.814611 0.347470 -9.495499 -20.330167 -24.872441 -24.426678 -14.849450 -13.159549 -17.560707 -29.174666 -29.135405 -25.818272 -22.398093 -36.563027 -40.997349 -37.806521 -32.449929 -37.599668 -38.152175 
-16.655448 6.477830 16.321385 10.078086 9.362960 13.967316 2.482255 9.805737 12.446258 21.930067 11.666362 11.093703 4.625090 0.260146 -0.176789 -3.342066 -1.945397 0.728404 6.981049 9.706972 -4.531630 -3.095915 0.142621 -8.808968 -18.940969 -18.614413 -20.566419 -16.434854 -12.660582 -14.910314 -23.200279 -22.848847 -21.231618 -22.080940 -32.254097 -33.764716 -32.917127 -30.196306 -33.036278 -32.347349 
-15.297203 5.704415 16.405986 10.558646 8.806884 14.638835 5.034442 11.316699 12.621274 22.883563 9.364083 3.121845 1.034051 -0.892229 -1.345457 -9.287638 -6.277050 -1.286094 3.501924 10.932831 -4.978778 -8.539925 -3.162682 -7.425699 -17.216214 -19.822116 -20.726260 -17.859198 -14.876266 -14.611208 -23.140057 -23.606772 -24.918966 -23.696486 -38.460281 -41.174634 -34.548895 -28.509769 -33.978471 -32.349452 
-23.401054 5.190383 16.804945 11.927459 6.660192 14.203688 4.264856 11.343953 9.253466 21.116474 9.959934 -0.688370 -6.754968 -5.781287 -6.154645 -13.354004 -10.697889 -4.660261 -1.747184 6.956532 -3.948630 -12.390515 -5.941651 -8.978892 -17.577924 -22.107665 -23.925867 -19.864718 -14.391898 -13.865145 -20.260353 -24.899629 -30.157533 -28.265705 -39.026556 -43.468462 -34.524335 -28.338003 -33.666290 -29.424552 
-21.408161 5.963070 17.177940 12.149487 6.915308 13.853546 4.544344 12.803772 6.581794 18.335196 9.675950 0.685561 -5.529967 -5.816670 -6.500797 -13.429774 -11.747818 -5.967134 -4.976738 5.536585 -3.863723 -6.966993 -4.495214 -12.923221 -21.829263 -25.978860 -23.358382 -19.760345 -16.247752 -16.842829 -23.898457 -26.911170 -31.545825 -26.735087 -39.072077 -43.384854 -34.639953 -32.691032 -34.538634 -29.767913 
-18.648061 6.042397 17.371484 12.279424 6.741313 14.433667 5.965585 13.572818 6.947609 16.428137 8.063189 -2.440442 -5.557972 -4.483181 -8.387914 -10.242990 -11.776518 -8.885080 -5.646706 2.968854 -1.943629 -5.475116 -2.303072 -10.992682 -20.422575 -23.521989 -18.991576 -15.211167 -16.101678 -15.349920 -20.933140 -24.341140 -36.397387 -30.613653 -41.162694 -53.144290 -36.787591 -35.289891 -38.055319 -30.840268 
-19.758487 6.939941 17.880917 12.606335 7.530137 14.383333 4.455953 13.280861 8.539528 16.365707 7.698670 -1.259119 -6.164453 -4.446688 -7.131535 -10.575568 -9.499470 -7.622777 -2.825420 5.180371 -3.016958 -5.483437 -3.246383 -11.555718 -19.379164 -20.995387 -14.998447 -14.323350 -18.419352 -19.463964 -24.700675 -25.484341 -35.806864 -31.782755 -40.844045 -44.839430 -38.568746 -36.494754 -39.103980 -32.107438 
-20.237610 7.123340 17.831165 12.048224 8.150684 14.170277 4.029044 12.463643 6.249722 16.745740 6.090700 -4.960253 -5.174123 -4.725694 -7.916349 -10.387255 -11.744221 -8.293715 -0.649530 6.148000 -2.889369 -3.026183 -1.269368 -8.125309 -14.259082 -17.225313 -13.450122 -13.933314 -16.543573 -20.738759 -26.356970 -31.626966 -37.850494 -34.530845 -42.597205 -45.626448 -36.770773 -33.598293 -37.250838 -31.064224 
-17.341711 7.582915 17.143379 10.519756 9.427432 13.487170 4.201534 10.952171 8.316875 19.251333 6.806561 -7.064520 -2.165628 -6.907815 -6.964942 -6.062092 -7.036869 -4.051213 3.224432 3.224134 -1.193776 0.450100 -0.277044 -8.871140 -13.587522 -17.560541 -14.361147 -14.479191 -19.117067 -23.308032 -29.249781 -30.361581 -33.513316 -32.463332 -39.482330 -42.684503 -38.293687 -32.106277 -35.846889 -32.984267 
-12.127284 8.178805 16.563006 8.948935 10.489817 12.496315 4.480173 9.656444 12.052623 20.206131 6.389194 -2.195070 2.626608 -2.865090 -5.280602 -2.575972 -5.004664 1.221136 7.801576 2.132094 -3.254777 -2.311436 -4.745845 -15.345604 -15.715644 -17.254682 -15.565044 -20.053576 -25.544320 -26.805709 -30.042454 -30.105300 -31.995936 -30.545907 -35.710918 -36.998026 -36.586004 -33.791716 -34.569866 -32.439500 
-12.953312 9.215354 16.203405 7.864539 11.347084 10.239203 3.304951 5.858581 13.754888 18.471479 6.968566 2.137433 6.084531 -3.646829 -3.075084 -2.159259 -3.711649 2.804052 7.524129 0.134368 -2.968389 -1.362351 -3.948059 -13.637153 -21.431313 -19.681956 -19.258772 -24.173973 -26.681297 -32.699572 -31.707814 -35.005824 -39.629760 -36.121515 -45.362321 -50.781407 -48.355322 -38.584679 -37.321800 -34.512220 
-8.455222 10.663990 15.805889 7.255126 11.543789 7.369786 3.148234 2.067353 13.099339 15.446534 9.180662 1.744269 0.900116 -6.878560 -4.233099 -4.735638 1.198375 4.218422 4.292193 -3.643150 -7.424309 -4.418537 -10.107054 -21.292179 -24.745702 -25.052908 -20.350868 -23.882258 -29.533103 -33.326371 -32.989257 -35.329068 -36.736968 -34.976891 -37.752454 -38.477256 -38.625236 -37.173957 -35.673049 -34.511726 
-5.898803 11.330899 14.534896 6.914657 10.257632 3.187881 1.541664 4.959707 8.809631 7.517705 5.387709 1.894697 -5.321538 -8.264917 -7.086482 -3.764971 -2.132451 3.117069 4.126104 -6.109966 -6.027880 -8.602041 -20.717968 -27.780217 -27.152879 -33.135310 -25.113639 -28.224398 -35.889647 -38.766198 -38.063161 -38.703096 -41.689747 -39.337249 -42.230242 -43.667574 -43.450506 -40.439636 -38.412651 -37.319139 
-4.962903 11.749145 12.542323 6.483374 7.059397 -0.104546 -2.932986 2.509686 5.327781 11.538624 1.833175 -0.868035 -1.506741 -7.615934 -5.932783 -3.999803 -2.106179 1.178266 -0.476630 -4.971740 -7.017177 -8.821554 -19.614902 -29.354538 -29.446650 -32.395310 -26.403592 -35.729130 -42.627671 -44.579724 -40.495674 -41.460582 -47.014041 -42.010490 -47.535406 -56.133864 -54.005930 -40.585951 -42.999111 -37.879276 
-3.596163 11.239747 10.359140 4.177929 2.387611 -0.937293 -3.404108 0.310900 3.667845 9.730062 6.213632 1.120674 -0.655340 -7.581669 -7.763103 -11.320474 -7.914728 -3.854459 -9.346617 -12.212777 -14.284730 -16.776467 -25.682465 -31.093084 -34.197675 -32.402234 -25.908806 -35.409658 -41.946760 -42.147513 -42.478225 -44.922484 -48.126002 -45.786001 -47.368444 -51.105394 -51.306804 -45.863595 -45.929696 -41.936528 
-1.946576 10.849956 8.289911 1.187807 -0.587114 0.458593 -4.470749 -4.433393 -3.135432 3.213594 2.987578 -17.268781 -9.428705 -9.638927 -10.339092 -15.772365 -12.392295 -1.792179 -4.937563 -10.852950 -16.516626 -14.794725 -22.772730 -31.079762 -35.848943 -37.616489 -32.640489 -39.419726 -42.072665 -46.339679 -45.319360 -46.837582 -47.369348 -43.848918 -48.638650 -51.458759 -51.237630 -42.688002 -43.508033 -42.053255 
-1.123386 10.306066 5.766815 -2.099101 -2.908080 -0.493951 -7.078121 -7.999836 -2.318778 5.386769 1.508139 -11.349127 -9.255135 -9.971529 -10.257649 -14.884672 -14.309898 -5.341299 -7.868039 -14.499461 -12.728553 -12.224343 -22.019034 -29.438922 -36.182137 -36.999082 -31.952527 -40.535890 -43.629631 -45.099032 -44.351979 -45.743391 -46.374244 -44.272870 -45.862744 -48.645324 -48.613243 -44.870693 -44.603141 -42.857874 
-1.890988 9.519509 5.409708 -5.719570 -6.599860 -2.209795 -8.527622 -9.252583 -10.943746 -6.403977 -8.710011 -7.317581 -10.976235 -12.379095 -15.117566 -17.691192 -14.071518 -4.226450 -7.146602 -17.161721 -14.879591 -21.038287 -27.613249 -32.265662 -38.059588 -38.000220 -37.014356 -43.016932 -44.882571 -45.202876 -45.902247 -46.498671 -46.602666 -45.877936 -47.963669 -48.667197 -48.484939 -43.962960 -45.443695 -42.011529 
-3.900736 8.467229 6.080883 -6.171650 -14.731613 -7.104630 -8.675800 -10.245002 -6.901414 -6.227690 -7.540544 -6.270626 -16.161898 -21.180349 -16.381790 -17.730967 -21.702659 -13.707023 -10.509270 -12.661530 -18.880061 -23.632414 -32.122630 -37.727156 -39.875695 -40.754837 -35.102889 -48.405023 -53.484316 -52.848023 -50.879664 -52.412423 -54.389684 -48.502494 -54.662296 -58.957304 -54.983216 -46.499981 -47.251180 -48.929571 
-5.435815 6.669347 4.503910 -4.769952 -13.878587 -25.555641 -20.847494 -17.025807 -12.817743 -12.853606 -9.035524 -7.729411 -16.534525 -22.771766 -23.810226 -22.229940 -18.618415 -8.776147 -13.218867 -13.163961 -16.300855 -22.003333 -32.404723 -40.104723 -39.659901 -39.599519 -35.898973 -43.408577 -48.813828 -48.939544 -49.707713 -50.490589 -50.316067 -49.137928 -52.719576 -53.160965 -52.634884 -49.003048 -47.992266 -49.544519 
-6.469366 3.814038 0.735490 -8.259101 -17.719115 -24.833682 -25.597102 -22.545368 -18.239397 -16.426816 -8.711018 -4.957478 -18.654168 -32.140673 -25.602857 -26.388948 -22.835616 -15.499707 -11.364878 -10.939252 -11.509968 -23.091928 -34.418691 -40.687932 -39.487529 -40.863542 -39.013715 -44.361951 -49.585781 -49.522369 -50.594706 -51.845651 -51.353161 -50.817589 -52.605104 -53.499649 -50.966296 -48.514890 -50.580260 -49.932253 
-9.315735 -2.046351 -6.250296 -15.022185 -23.197912 -22.293586 -26.463968 -21.773534 -16.795714 -15.186470 -11.004047 -11.934812 -21.013089 -23.945677 -25.508123 -25.661835 -26.658765 -17.597019 -10.529651 -14.150877 -13.017761 -27.222610 -35.747845 -41.056297 -39.911909 -43.077313 -41.049113 -53.716627 -57.584824 -56.264758 -50.156732 -56.937420 -58.495093 -55.029610 -58.978170 -62.285677 -55.006163 -54.833579 -56.992707 -47.415001 
-19.878059 -17.841608 -16.348385 -25.522959 -29.063820 -28.507898 -25.071999 -25.839718 -20.904634 -18.630320 -13.910596 -13.916792 -24.559195 -21.358901 -25.848682 -29.401783 -27.852930 -15.043110 -16.849889 -14.320645 -16.517856 -27.946225 -38.022043 -42.357464 -46.233736 -41.847738 -40.434675 -50.248840 -57.501349 -58.100481 -54.787342 -59.511389 -62.337756 -56.850381 -62.915182 -66.988425 -60.705859 -58.904730 -54.450444 -49.675502 
-28.587097 -23.599672 -24.096196 -24.147180 -24.268696 -28.557061 -37.342194 -30.649990 -25.763012 -22.624897 -22.259471 -17.141258 -20.259659 -25.408009 -27.414157 -28.049061 -29.108163 -15.775915 -14.019161 -18.438275 -22.553968 -30.538248 -40.413255 -50.294658 -46.641605 -42.632423 -44.416353 -57.000473 -64.797039 -64.706270 -58.784755 -59.358535 -60.888418 -58.386306 -65.061222 -73.642714 -64.190397 -62.618196 -55.011603 -51.206456 
-27.393974 -22.951758 -20.158020 -20.252106 -27.963232 -32.941114 -36.442477 -33.177268 -30.652091 -31.131701 -25.713874 -23.111439 -26.321011 -30.554510 -35.419923 -34.242152 -39.318879 -25.540446 -18.829591 -22.389998 -25.123958 -34.260170 -43.109838 -49.531523 -52.693270 -46.367497 -46.144279 -57.394236 -60.772661 -63.314421 -58.714675 -60.099063 -63.297227 -62.581845 -65.491476 -70.275767 -65.472218 -63.474810 -60.352597 -55.426976 
-39.407874 -28.855649 -25.886078 -30.893537 -33.636755 -38.134207 -44.131996 -47.632250 -38.592559 -37.926688 -33.221770 -27.886398 -28.172987 -35.204836 -35.564358 -41.915141 -37.828014 -23.568342 -22.776287 -27.940591 -26.970688 -35.374031 -43.453578 -50.487534 -53.109282 -42.079245 -47.601085 -60.042172 -61.285117 -65.083585 -60.099986 -60.052954 -64.121062 -66.800603 -69.124127 -76.468565 -66.614903 -65.770637 -64.510522 -64.265466 
-29.430794 -29.346650 -26.642533 -23.437830 -30.853306 -37.545561 -44.786040 -49.284874 -37.138551 -41.278195 -33.989036 -29.487607 -33.970994 -37.101652 -40.931666 -40.053797 -41.380738 -28.744941 -28.660389 -33.979277 -37.643843 -44.209634 -48.552532 -54.829460 -61.407082 -46.413923 -50.154635 -58.140915 -63.968722 -64.268879 -64.563491 -67.026528 -68.929378 -73.489779 -71.411204 -79.114212 -71.840945 -73.932236 -74.779878 -66.519031 
-27.687855 -27.781024 -29.854227 -26.891835 -31.580014 -37.954121 -51.498864 -47.936840 -37.195249 -37.523613 -35.744138 -34.005799 -38.033684 -38.116981 -42.048038 -46.784038 -42.124753 -30.628556 -34.022759 -34.628485 -39.050393 -48.387647 -54.102664 -58.950403 -63.870307 -52.005749 -56.442260 -62.862850 -67.143812 -67.395127 -65.485237 -64.095454 -66.126222 -71.247639 -68.497782 -73.359733 -71.696085 -75.792882 -75.746862 -68.651067 
-23.238226 -21.193025 -29.828743 -43.634603 -43.290463 -43.588356 -49.447301 -52.621870 -49.220489 -40.205613 -40.337370 -41.750993 -39.282301 -41.074499 -48.023328 -46.070696 -42.529761 -34.674525 -38.060928 -42.521340 -47.415596 -53.493110 -57.008823 -63.847959 -57.667526 -50.490824 -59.194530 -68.833181 -66.115168 -65.725486 -65.486827 -65.763180 -66.950725 -72.504097 -65.295050 -68.031541 -70.283540 -76.852439 -73.190795 -71.991437 
-21.979988 -25.282858 -36.620685 -39.463716 -51.252790 -48.571153 -49.673748 -54.505775 -48.712786 -44.541960 -42.897664 -44.501766 -42.271292 -39.010071 -46.916891 -51.687098 -45.863273 -40.386574 -40.463678 -45.465722 -51.434998 -54.260952 -59.012800 -61.209886 -61.020486 -55.088266 -63.027465 -66.855025 -69.080016 -65.627485 -63.988200 -63.287822 -66.729067 -70.005390 -63.430322 -67.535820 -67.725021 -70.940499 -67.419202 -68.800521 
-40.547691 -28.369971 -34.872951 -44.357485 -41.179323 -44.994623 -53.681915 -53.730208 -52.768206 -51.294040 -50.147233 -45.419757 -47.429267 -49.862622 -51.801376 -52.714948 -50.726737 -46.079376 -48.584022 -52.661864 -54.908243 -58.940651 -57.120476 -62.675954 -62.861114 -63.344745 -63.847863 -59.814712 -63.721163 -69.179923 -66.803365 -62.798259 -66.127107 -68.006927 -64.844469 -65.039001 -63.939724 -67.275820 -65.653421 -67.974365 
-39.955607 -41.666128 -46.937253 -55.307634 -51.382693 -54.235956 -61.302053 -68.389799 -67.797957 -60.885475 -62.903346 -63.243920 -62.622104 -61.695665 -64.866728 -63.157241 -69.342465 -67.431956 -62.308164 -66.642553 -71.160359 -70.171110 -68.030549 -75.008262 -74.007603 -75.014908 -71.387564 -72.569423 -70.961948 -69.781512 -68.519538 -71.517948 -74.787992 -70.598604 -71.101534 -71.275970 -70.404811 -71.746337 -70.124536 -74.074197 
-56.986492 -63.651985 -69.614358 -70.650639 -75.016195 -71.432988 -72.885441 -77.184538 -72.061550 -68.989743 -69.281839 -72.279398 -72.110609 -67.206759 -70.226341 -75.578590 -73.204950 -72.330363 -69.325700 -72.387546 -77.926199 -74.054143 -75.329052 -71.423436 -74.982382 -71.713252 -71.641860 -75.251194 -70.202819 -69.687857 -71.001223 -71.115115 -72.399842 -75.496479 -72.313229 -73.198661 -71.816617 -72.318761 -72.875740 -72.319034 
-55.961256 -74.603035 -74.844168 -73.320951 -73.331047 -78.187649 -77.412159 -80.604217 -75.362545 -75.581041 -72.821510 -71.299189 -68.194434 -77.636295 -76.377948 -74.134106 -73.896303 -76.120204 -76.858844 -78.667452 -72.166416 -73.361948 -76.172169 -70.687758 -73.795869 -76.936524 -75.858953 -77.137384 -74.350381 -72.735704 -72.317165 -72.986302 -74.372046 -72.154258 -70.439578 -72.703856 -73.425378 -74.297802 -73.699213 -73.595058 
-57.150150 -72.407306 -68.515225 -69.764674 -80.461986 -77.367672 -72.273904 -71.349726 -78.624398 -73.163578 -73.154475 -77.932689 -69.033634 -70.451455 -70.081897 -75.637696 -69.922503 -75.009146 -74.321811 -78.190098 -73.511688 -73.873403 -74.801216 -75.190965 -75.332346 -72.418897 -72.274246 -76.893144 -72.391337 -73.278698 -73.051051 -74.275115 -75.322877 -73.924161 -73.928968 -76.327314 -72.655501 -75.353616 -72.671244 -73.268941 
-56.875003 -76.073149 -77.785149 -73.078944 -76.754029 -77.349674 -75.581551 -67.520600 -73.639413 -75.469041 -72.987157 -70.634684 -75.485805 -74.128086 -72.457754 -73.549979 -71.643406 -74.847633 -75.262472 -72.465468 -73.860875 -76.914154 -72.171605 -74.051979 -76.991703 -74.702179 -73.098197 -79.523186 -77.463648 -74.051249 -72.631203 -72.955956 -73.101637 -74.258483 -74.968876 -76.820546 -74.412437 -73.166683 -74.807269 -75.548731 
-55.867320 -74.605892 -72.462723 -76.056567 -73.437503 -69.416570 -70.727325 -72.718925 -70.551791 -78.614295 -75.796146 -73.623186 -73.142057 -78.008883 -74.591165 -71.483643 -72.997193 -75.616933 -72.667298 -75.637405 -76.701615 -77.209383 -72.739003 -73.236153 -73.042648 -72.549216 -73.522630 -74.184790 -72.791065 -73.085701 -75.067891 -74.943702 -73.867521 -72.536309 -73.328603 -77.367322 -74.100532 -75.915714 -73.275995 -74.844075 
-54.962303 -75.055901 -76.041351 -74.619506 -81.583411 -75.564667 -69.782900 -72.362541 -70.931101 -79.809550 -76.953666 -78.925454 -75.730389 -74.342467 -74.440303 -73.886388 -73.291980 -73.499772 -70.277735 -74.197919 -73.148031 -73.734101 -78.407552 -71.951193 -72.690793 -75.641550 -72.998165 -71.841437 -72.747084 -74.001924 -74.111230 -72.282498 -73.499414 -74.599663 -73.930345 -74.827140 -73.696694 -74.994409 -73.278939 -74.150795 
-56.972685 -76.043348 -80.522836 -76.728793 -75.591645 -75.708167 -70.207530 -67.834344 -71.698747 -70.415087 -72.935699 -69.938914 -70.243706 -68.949056 -76.231791 -74.489318 -69.787060 -71.351572 -70.675464 -69.851891 -77.485549 -73.556169 -72.369225 -76.518641 -73.488491 -71.101052 -77.192358 -73.786093 -72.960680 -72.176867 -75.512007 -73.236508 -75.597599 -75.067172 -72.586975 -72.467986 -72.320619 -73.325293 -74.886937 -75.534883 
-55.357222 -79.355980 -77.021519 -74.878773 -75.839642 -67.997426 -71.833857 -72.431902 -73.505949 -77.907795 -75.075513 -70.484428 -73.629046 -73.565127 -76.156149 -73.032745 -76.688721 -76.782115 -76.808211 -73.392191 -76.004604 -75.679960 -76.533947 -75.239314 -76.201084 -75.543245 -71.417511 -72.912355 -73.392777 -76.116561 -75.920732 -74.959728 -73.793499 -75.710564 -76.209881 -74.566340 -71.474633 -73.227732 -75.980837 -73.190341 
-57.667621 -64.068410 -68.980477 -71.862145 -78.516448 -76.363442 -72.362659 -76.929711 -79.551690 -79.616166 -79.486523 -77.775740 -79.507250 -74.710673 -72.789203 -75.031994 -78.721255 -80.005831 -84.299762 -80.295657 -74.742755 -73.409387 -83.293809 -78.922818 -82.856605 -81.091952 -75.334223 -78.918169 -73.628706 -75.844357 -77.783474 -73.754820 -76.131452 -73.515730 -77.117693 -74.151587 -74.754782 -75.197402 -77.858075 -75.251959 
-88.226120 -88.439240 -88.799528 -89.423434 -90.306946 -91.624744 -93.388612 -95.961096 -99.969012 -103.871187 -101.985583 -98.126088 -95.772491 -94.733237 -94.907636 -96.468524 -100.012855 -104.461840 -101.928156 -98.218747 -97.112491 -98.325811 -100.874045 -101.628090 -101.414733 -102.778301 -101.144676 -98.757364 -100.725204 -103.135873 -99.079304 -98.009794 -96.149606 -94.775470 -96.002637 -97.788694 -96.788923 -95.996366 -98.933966 -97.225368 
NaN NaN NaN NaN NaN NaN NaN NaN NaN NaN NaN NaN NaN NaN NaN NaN NaN NaN NaN NaN NaN NaN NaN NaN NaN NaN NaN NaN NaN NaN NaN NaN NaN NaN NaN NaN NaN NaN NaN NaN 
NaN NaN NaN NaN NaN NaN NaN NaN NaN NaN NaN NaN NaN NaN NaN NaN NaN NaN NaN NaN NaN NaN NaN NaN NaN NaN NaN NaN NaN NaN NaN NaN NaN NaN NaN NaN NaN NaN NaN NaN 
NaN NaN NaN NaN NaN NaN NaN NaN NaN NaN NaN NaN NaN NaN NaN NaN NaN NaN NaN NaN NaN NaN NaN NaN NaN NaN NaN NaN NaN NaN NaN NaN NaN NaN NaN NaN NaN NaN NaN NaN 
NaN NaN NaN NaN NaN NaN NaN NaN NaN NaN NaN NaN NaN NaN NaN NaN NaN NaN NaN NaN NaN NaN NaN NaN NaN NaN NaN NaN NaN NaN NaN NaN NaN NaN NaN NaN NaN NaN NaN NaN 
NaN NaN NaN NaN NaN NaN NaN NaN NaN NaN NaN NaN NaN NaN NaN NaN NaN NaN NaN NaN NaN NaN NaN NaN NaN NaN NaN NaN NaN NaN NaN NaN NaN NaN NaN NaN NaN NaN NaN NaN 
NaN NaN NaN NaN NaN NaN NaN NaN NaN NaN NaN NaN NaN NaN NaN NaN NaN NaN NaN NaN NaN NaN NaN NaN NaN NaN NaN NaN NaN NaN NaN NaN NaN NaN NaN NaN NaN NaN NaN NaN 
NaN NaN NaN NaN NaN NaN NaN NaN NaN NaN NaN NaN NaN NaN NaN NaN NaN NaN NaN NaN NaN NaN NaN NaN NaN NaN NaN NaN NaN NaN NaN NaN NaN NaN NaN NaN NaN NaN NaN NaN 
NaN NaN NaN NaN NaN NaN NaN NaN NaN NaN NaN NaN NaN NaN NaN NaN NaN NaN NaN NaN NaN NaN NaN NaN NaN NaN NaN NaN NaN NaN NaN NaN NaN NaN NaN NaN NaN NaN NaN NaN 
NaN NaN NaN NaN NaN NaN NaN NaN NaN NaN NaN NaN NaN NaN NaN NaN NaN NaN NaN NaN NaN NaN NaN NaN NaN NaN NaN NaN NaN NaN NaN NaN NaN NaN NaN NaN NaN NaN NaN NaN 
NaN NaN NaN NaN NaN NaN NaN NaN NaN NaN NaN NaN NaN NaN NaN NaN NaN NaN NaN NaN NaN NaN NaN NaN NaN NaN NaN NaN NaN NaN NaN NaN NaN NaN NaN NaN NaN NaN NaN NaN 
NaN NaN NaN NaN NaN NaN NaN NaN NaN NaN NaN NaN NaN NaN NaN NaN NaN NaN NaN NaN NaN NaN NaN NaN NaN NaN NaN NaN NaN NaN NaN NaN NaN NaN NaN NaN NaN NaN NaN NaN 
NaN NaN NaN NaN NaN NaN NaN NaN NaN NaN NaN NaN NaN NaN NaN NaN NaN NaN NaN NaN NaN NaN NaN NaN NaN NaN NaN NaN NaN NaN NaN NaN NaN NaN NaN NaN NaN NaN NaN NaN 
NaN NaN NaN NaN NaN NaN NaN NaN NaN NaN NaN NaN NaN NaN NaN NaN NaN NaN NaN NaN NaN NaN NaN NaN NaN NaN NaN NaN NaN NaN NaN NaN NaN NaN NaN NaN NaN NaN NaN NaN 
NaN NaN NaN NaN NaN NaN NaN NaN NaN NaN NaN NaN NaN NaN NaN NaN NaN NaN NaN NaN NaN NaN NaN NaN NaN NaN NaN NaN NaN NaN NaN NaN NaN NaN NaN NaN NaN NaN NaN NaN 
NaN NaN NaN NaN NaN NaN NaN NaN NaN NaN NaN NaN NaN NaN NaN NaN NaN NaN NaN NaN NaN NaN NaN NaN NaN NaN NaN NaN NaN NaN NaN NaN NaN NaN NaN NaN NaN NaN NaN NaN 
NaN NaN NaN NaN NaN NaN NaN NaN NaN NaN NaN NaN NaN NaN NaN NaN NaN NaN NaN NaN NaN NaN NaN NaN NaN NaN NaN NaN NaN NaN NaN NaN NaN NaN NaN NaN NaN NaN NaN NaN 
NaN NaN NaN NaN NaN NaN NaN NaN NaN NaN NaN NaN NaN NaN NaN NaN NaN NaN NaN NaN NaN NaN NaN NaN NaN NaN NaN NaN NaN NaN NaN NaN NaN NaN NaN NaN NaN NaN NaN NaN 
NaN NaN NaN NaN NaN NaN NaN NaN NaN NaN NaN NaN NaN NaN NaN NaN NaN NaN NaN NaN NaN NaN NaN NaN NaN NaN NaN NaN NaN NaN NaN NaN NaN NaN NaN NaN NaN NaN NaN NaN 
NaN NaN NaN NaN NaN NaN NaN NaN NaN NaN NaN NaN NaN NaN NaN NaN NaN NaN NaN NaN NaN NaN NaN NaN NaN NaN NaN NaN NaN NaN NaN NaN NaN NaN NaN NaN NaN NaN NaN NaN 
NaN NaN NaN NaN NaN NaN NaN NaN NaN NaN NaN NaN NaN NaN NaN NaN NaN NaN NaN NaN NaN NaN NaN NaN NaN NaN NaN NaN NaN NaN NaN NaN NaN NaN NaN NaN NaN NaN NaN NaN 
NaN NaN NaN NaN NaN NaN NaN NaN NaN NaN NaN NaN NaN NaN NaN NaN NaN NaN NaN NaN NaN NaN NaN NaN NaN NaN NaN NaN NaN NaN NaN NaN NaN NaN NaN NaN NaN NaN NaN NaN 
NaN NaN NaN NaN NaN NaN NaN NaN NaN NaN NaN NaN NaN NaN NaN NaN NaN NaN NaN NaN NaN NaN NaN NaN NaN NaN NaN NaN NaN NaN NaN NaN NaN NaN NaN NaN NaN NaN NaN NaN 
NaN NaN NaN NaN NaN NaN NaN NaN NaN NaN NaN NaN NaN NaN NaN NaN NaN NaN NaN NaN NaN NaN NaN NaN NaN NaN NaN NaN NaN NaN NaN NaN NaN NaN NaN NaN NaN NaN NaN NaN 
NaN NaN NaN NaN NaN NaN NaN NaN NaN NaN NaN NaN NaN NaN NaN NaN NaN NaN NaN NaN NaN NaN NaN NaN NaN NaN NaN NaN NaN NaN NaN NaN NaN NaN NaN NaN NaN NaN NaN NaN 
NaN NaN NaN NaN NaN NaN NaN NaN NaN NaN NaN NaN NaN NaN NaN NaN NaN NaN NaN NaN NaN NaN NaN NaN NaN NaN NaN NaN NaN NaN NaN NaN NaN NaN NaN NaN NaN NaN NaN NaN 
NaN NaN NaN NaN NaN NaN NaN NaN NaN NaN NaN NaN NaN NaN NaN NaN NaN NaN NaN NaN NaN NaN NaN NaN NaN NaN NaN NaN NaN NaN NaN NaN NaN NaN NaN NaN NaN NaN NaN NaN 
NaN NaN NaN NaN NaN NaN NaN NaN NaN NaN NaN NaN NaN NaN NaN NaN NaN NaN NaN NaN NaN NaN NaN NaN NaN NaN NaN NaN NaN NaN NaN NaN NaN NaN NaN NaN NaN NaN NaN NaN 
NaN NaN NaN NaN NaN NaN NaN NaN NaN NaN NaN NaN NaN NaN NaN NaN NaN NaN NaN NaN NaN NaN NaN NaN NaN NaN NaN NaN NaN NaN NaN NaN NaN NaN NaN NaN NaN NaN NaN NaN 
NaN NaN NaN NaN NaN NaN NaN NaN NaN NaN NaN NaN NaN NaN NaN NaN NaN NaN NaN NaN NaN NaN NaN NaN NaN NaN NaN NaN NaN NaN NaN NaN NaN NaN NaN NaN NaN NaN NaN NaN 
NaN NaN NaN NaN NaN NaN NaN NaN NaN NaN NaN NaN NaN NaN NaN NaN NaN NaN NaN NaN NaN NaN NaN NaN NaN NaN NaN NaN NaN NaN NaN NaN NaN NaN NaN NaN NaN NaN NaN NaN 
NaN NaN NaN NaN NaN NaN NaN NaN NaN NaN NaN NaN NaN NaN NaN NaN NaN NaN NaN NaN NaN NaN NaN NaN NaN NaN NaN NaN NaN NaN NaN NaN NaN NaN NaN NaN NaN NaN NaN NaN 
NaN NaN NaN NaN NaN NaN NaN NaN NaN NaN NaN NaN NaN NaN NaN NaN NaN NaN NaN NaN NaN NaN NaN NaN NaN NaN NaN NaN NaN NaN NaN NaN NaN NaN NaN NaN NaN NaN NaN NaN 
NaN NaN NaN NaN NaN NaN NaN NaN NaN NaN NaN NaN NaN NaN NaN NaN NaN NaN NaN NaN NaN NaN NaN NaN NaN NaN NaN NaN NaN NaN NaN NaN NaN NaN NaN NaN NaN NaN NaN NaN 
NaN NaN NaN NaN NaN NaN NaN NaN NaN NaN NaN NaN NaN NaN NaN NaN NaN NaN NaN NaN NaN NaN NaN NaN NaN NaN NaN NaN NaN NaN NaN NaN NaN NaN NaN NaN NaN NaN NaN NaN 
NaN NaN NaN NaN NaN NaN NaN NaN NaN NaN NaN NaN NaN NaN NaN NaN NaN NaN NaN NaN NaN NaN NaN NaN NaN NaN NaN NaN NaN NaN NaN NaN NaN NaN NaN NaN NaN NaN NaN NaN 
NaN NaN NaN NaN NaN NaN NaN NaN NaN NaN NaN NaN NaN NaN NaN NaN NaN NaN NaN NaN NaN NaN NaN NaN NaN NaN NaN NaN NaN NaN NaN NaN NaN NaN NaN NaN NaN NaN NaN NaN 
NaN NaN NaN NaN NaN NaN NaN NaN NaN NaN NaN NaN NaN NaN NaN NaN NaN NaN NaN NaN NaN NaN NaN NaN NaN NaN NaN NaN NaN NaN NaN NaN NaN NaN NaN NaN NaN NaN NaN NaN 
NaN NaN NaN NaN NaN NaN NaN NaN NaN NaN NaN NaN NaN NaN NaN NaN NaN NaN NaN NaN NaN NaN NaN NaN NaN NaN NaN NaN NaN NaN NaN NaN NaN NaN NaN NaN NaN NaN NaN NaN 
NaN NaN NaN NaN NaN NaN NaN NaN NaN NaN NaN NaN NaN NaN NaN NaN NaN NaN NaN NaN NaN NaN NaN NaN NaN NaN NaN NaN NaN NaN NaN NaN NaN NaN NaN NaN NaN NaN NaN NaN 
NaN NaN NaN NaN NaN NaN NaN NaN NaN NaN NaN NaN NaN NaN NaN NaN NaN NaN NaN NaN NaN NaN NaN NaN NaN NaN NaN NaN NaN NaN NaN NaN NaN NaN NaN NaN NaN NaN NaN NaN 
NaN NaN NaN NaN NaN NaN NaN NaN NaN NaN NaN NaN NaN NaN NaN NaN NaN NaN NaN NaN NaN NaN NaN NaN NaN NaN NaN NaN NaN NaN NaN NaN NaN NaN NaN NaN NaN NaN NaN NaN 
NaN NaN NaN NaN NaN NaN NaN NaN NaN NaN NaN NaN NaN NaN NaN NaN NaN NaN NaN NaN NaN NaN NaN NaN NaN NaN NaN NaN NaN NaN NaN NaN NaN NaN NaN NaN NaN NaN NaN NaN 
NaN NaN NaN NaN NaN NaN NaN NaN NaN NaN NaN NaN NaN NaN NaN NaN NaN NaN NaN NaN NaN NaN NaN NaN NaN NaN NaN NaN NaN NaN NaN NaN NaN NaN NaN NaN NaN NaN NaN NaN 
NaN NaN NaN NaN NaN NaN NaN NaN NaN NaN NaN NaN NaN NaN NaN NaN NaN NaN NaN NaN NaN NaN NaN NaN NaN NaN NaN NaN NaN NaN NaN NaN NaN NaN NaN NaN NaN NaN NaN NaN 
NaN NaN NaN NaN NaN NaN NaN NaN NaN NaN NaN NaN NaN NaN NaN NaN NaN NaN NaN NaN NaN NaN NaN NaN NaN NaN NaN NaN NaN NaN NaN NaN NaN NaN NaN NaN NaN NaN NaN NaN 
NaN NaN NaN NaN NaN NaN NaN NaN NaN NaN NaN NaN NaN NaN NaN NaN NaN NaN NaN NaN NaN NaN NaN NaN NaN NaN NaN NaN NaN NaN NaN NaN NaN NaN NaN NaN NaN NaN NaN NaN 
NaN NaN NaN NaN NaN NaN NaN NaN NaN NaN NaN NaN NaN NaN NaN NaN NaN NaN NaN NaN NaN NaN NaN NaN NaN NaN NaN NaN NaN NaN NaN NaN NaN NaN NaN NaN NaN NaN NaN NaN 
NaN NaN NaN NaN NaN NaN NaN NaN NaN NaN NaN NaN NaN NaN NaN NaN NaN NaN NaN NaN NaN NaN NaN NaN NaN NaN NaN NaN NaN NaN NaN NaN NaN NaN NaN NaN NaN NaN NaN NaN 
NaN NaN NaN NaN NaN NaN NaN NaN NaN NaN NaN NaN NaN NaN NaN NaN NaN NaN NaN NaN NaN NaN NaN NaN NaN NaN NaN NaN NaN NaN NaN NaN NaN NaN NaN NaN NaN NaN NaN NaN 
NaN NaN NaN NaN NaN NaN NaN NaN NaN NaN NaN NaN NaN NaN NaN NaN NaN NaN NaN NaN NaN NaN NaN NaN NaN NaN NaN NaN NaN NaN NaN NaN NaN NaN NaN NaN NaN NaN NaN NaN 
NaN NaN NaN NaN NaN NaN NaN NaN NaN NaN NaN NaN NaN NaN NaN NaN NaN NaN NaN NaN NaN NaN NaN NaN NaN NaN NaN NaN NaN NaN NaN NaN NaN NaN NaN NaN NaN NaN NaN NaN 
NaN NaN NaN NaN NaN NaN NaN NaN NaN NaN NaN NaN NaN NaN NaN NaN NaN NaN NaN NaN NaN NaN NaN NaN NaN NaN NaN NaN NaN NaN NaN NaN NaN NaN NaN NaN NaN NaN NaN NaN 
NaN NaN NaN NaN NaN NaN NaN NaN NaN NaN NaN NaN NaN NaN NaN NaN NaN NaN NaN NaN NaN NaN NaN NaN NaN NaN NaN NaN NaN NaN NaN NaN NaN NaN NaN NaN NaN NaN NaN NaN 
NaN NaN NaN NaN NaN NaN NaN NaN NaN NaN NaN NaN NaN NaN NaN NaN NaN NaN NaN NaN NaN NaN NaN NaN NaN NaN NaN NaN NaN NaN NaN NaN NaN NaN NaN NaN NaN NaN NaN NaN 
NaN NaN NaN NaN NaN NaN NaN NaN NaN NaN NaN NaN NaN NaN NaN NaN NaN NaN NaN NaN NaN NaN NaN NaN NaN NaN NaN NaN NaN NaN NaN NaN NaN NaN NaN NaN NaN NaN NaN NaN 
NaN NaN NaN NaN NaN NaN NaN NaN NaN NaN NaN NaN NaN NaN NaN NaN NaN NaN NaN NaN NaN NaN NaN NaN NaN NaN NaN NaN NaN NaN NaN NaN NaN NaN NaN NaN NaN NaN NaN NaN 
NaN NaN NaN NaN NaN NaN NaN NaN NaN NaN NaN NaN NaN NaN NaN NaN NaN NaN NaN NaN NaN NaN NaN NaN NaN NaN NaN NaN NaN NaN NaN NaN NaN NaN NaN NaN NaN NaN NaN NaN 
NaN NaN NaN NaN NaN NaN NaN NaN NaN NaN NaN NaN NaN NaN NaN NaN NaN NaN NaN NaN NaN NaN NaN NaN NaN NaN NaN NaN NaN NaN NaN NaN NaN NaN NaN NaN NaN NaN NaN NaN 
NaN NaN NaN NaN NaN NaN NaN NaN NaN NaN NaN NaN NaN NaN NaN NaN NaN NaN NaN NaN NaN NaN NaN NaN NaN NaN NaN NaN NaN NaN NaN NaN NaN NaN NaN NaN NaN NaN NaN NaN 
NaN NaN NaN NaN NaN NaN NaN NaN NaN NaN NaN NaN NaN NaN NaN NaN NaN NaN NaN NaN NaN NaN NaN NaN NaN NaN NaN NaN NaN NaN NaN NaN NaN NaN NaN NaN NaN NaN NaN NaN 
NaN NaN NaN NaN NaN NaN NaN NaN NaN NaN NaN NaN NaN NaN NaN NaN NaN NaN NaN NaN NaN NaN NaN NaN NaN NaN NaN NaN NaN NaN NaN NaN NaN NaN NaN NaN NaN NaN NaN NaN 
NaN NaN NaN NaN NaN NaN NaN NaN NaN NaN NaN NaN NaN NaN NaN NaN NaN NaN NaN NaN NaN NaN NaN NaN NaN NaN NaN NaN NaN NaN NaN NaN NaN NaN NaN NaN NaN NaN NaN NaN 
NaN NaN NaN NaN NaN NaN NaN NaN NaN NaN NaN NaN NaN NaN NaN NaN NaN NaN NaN NaN NaN NaN NaN NaN NaN NaN NaN NaN NaN NaN NaN NaN NaN NaN NaN NaN NaN NaN NaN NaN 
NaN NaN NaN NaN NaN NaN NaN NaN NaN NaN NaN NaN NaN NaN NaN NaN NaN NaN NaN NaN NaN NaN NaN NaN NaN NaN NaN NaN NaN NaN NaN NaN NaN NaN NaN NaN NaN NaN NaN NaN 
NaN NaN NaN NaN NaN NaN NaN NaN NaN NaN NaN NaN NaN NaN NaN NaN NaN NaN NaN NaN NaN NaN NaN NaN NaN NaN NaN NaN NaN NaN NaN NaN NaN NaN NaN NaN NaN NaN NaN NaN 
NaN NaN NaN NaN NaN NaN NaN NaN NaN NaN NaN NaN NaN NaN NaN NaN NaN NaN NaN NaN NaN NaN NaN NaN NaN NaN NaN NaN NaN NaN NaN NaN NaN NaN NaN NaN NaN NaN NaN NaN 
NaN NaN NaN NaN NaN NaN NaN NaN NaN NaN NaN NaN NaN NaN NaN NaN NaN NaN NaN NaN NaN NaN NaN NaN NaN NaN NaN NaN NaN NaN NaN NaN NaN NaN NaN NaN NaN NaN NaN NaN 
NaN NaN NaN NaN NaN NaN NaN NaN NaN NaN NaN NaN NaN NaN NaN NaN NaN NaN NaN NaN NaN NaN NaN NaN NaN NaN NaN NaN NaN NaN NaN NaN NaN NaN NaN NaN NaN NaN NaN NaN 
NaN NaN NaN NaN NaN NaN NaN NaN NaN NaN NaN NaN NaN NaN NaN NaN NaN NaN NaN NaN NaN NaN NaN NaN NaN NaN NaN NaN NaN NaN NaN NaN NaN NaN NaN NaN NaN NaN NaN NaN 
NaN NaN NaN NaN NaN NaN NaN NaN NaN NaN NaN NaN NaN NaN NaN NaN NaN NaN NaN NaN NaN NaN NaN NaN NaN NaN NaN NaN NaN NaN NaN NaN NaN NaN NaN NaN NaN NaN NaN NaN 
NaN NaN NaN NaN NaN NaN NaN NaN NaN NaN NaN NaN NaN NaN NaN NaN NaN NaN NaN NaN NaN NaN NaN NaN NaN NaN NaN NaN NaN NaN NaN NaN NaN NaN NaN NaN NaN NaN NaN NaN 
NaN NaN NaN NaN NaN NaN NaN NaN NaN NaN NaN NaN NaN NaN NaN NaN NaN NaN NaN NaN NaN NaN NaN NaN NaN NaN NaN NaN NaN NaN NaN NaN NaN NaN NaN NaN NaN NaN NaN NaN 
NaN NaN NaN NaN NaN NaN NaN NaN NaN NaN NaN NaN NaN NaN NaN NaN NaN NaN NaN NaN NaN NaN NaN NaN NaN NaN NaN NaN NaN NaN NaN NaN NaN NaN NaN NaN NaN NaN NaN NaN 
NaN NaN NaN NaN NaN NaN NaN NaN NaN NaN NaN NaN NaN NaN NaN NaN NaN NaN NaN NaN NaN NaN NaN NaN NaN NaN NaN NaN NaN NaN NaN NaN NaN NaN NaN NaN NaN NaN NaN NaN 
NaN NaN NaN NaN NaN NaN NaN NaN NaN NaN NaN NaN NaN NaN NaN NaN NaN NaN NaN NaN NaN NaN NaN NaN NaN NaN NaN NaN NaN NaN NaN NaN NaN NaN NaN NaN NaN NaN NaN NaN 
NaN NaN NaN NaN NaN NaN NaN NaN NaN NaN NaN NaN NaN NaN NaN NaN NaN NaN NaN NaN NaN NaN NaN NaN NaN NaN NaN NaN NaN NaN NaN NaN NaN NaN NaN NaN NaN NaN NaN NaN 
NaN NaN NaN NaN NaN NaN NaN NaN NaN NaN NaN NaN NaN NaN NaN NaN NaN NaN NaN NaN NaN NaN NaN NaN NaN NaN NaN NaN NaN NaN NaN NaN NaN NaN NaN NaN NaN NaN NaN NaN 
NaN NaN NaN NaN NaN NaN NaN NaN NaN NaN NaN NaN NaN NaN NaN NaN NaN NaN NaN NaN NaN NaN NaN NaN NaN NaN NaN NaN NaN NaN NaN NaN NaN NaN NaN NaN NaN NaN NaN NaN 
NaN NaN NaN NaN NaN NaN NaN NaN NaN NaN NaN NaN NaN NaN NaN NaN NaN NaN NaN NaN NaN NaN NaN NaN NaN NaN NaN NaN NaN NaN NaN NaN NaN NaN NaN NaN NaN NaN NaN NaN 
NaN NaN NaN NaN NaN NaN NaN NaN NaN NaN NaN NaN NaN NaN NaN NaN NaN NaN NaN NaN NaN NaN NaN NaN NaN NaN NaN NaN NaN NaN NaN NaN NaN NaN NaN NaN NaN NaN NaN NaN 
NaN NaN NaN NaN NaN NaN NaN NaN NaN NaN NaN NaN NaN NaN NaN NaN NaN NaN NaN NaN NaN NaN NaN NaN NaN NaN NaN NaN NaN NaN NaN NaN NaN NaN NaN NaN NaN NaN NaN NaN 
NaN NaN NaN NaN NaN NaN NaN NaN NaN NaN NaN NaN NaN NaN NaN NaN NaN NaN NaN NaN NaN NaN NaN NaN NaN NaN NaN NaN NaN NaN NaN NaN NaN NaN NaN NaN NaN NaN NaN NaN 
NaN NaN NaN NaN NaN NaN NaN NaN NaN NaN NaN NaN NaN NaN NaN NaN NaN NaN NaN NaN NaN NaN NaN NaN NaN NaN NaN NaN NaN NaN NaN NaN NaN NaN NaN NaN NaN NaN NaN NaN 
NaN NaN NaN NaN NaN NaN NaN NaN NaN NaN NaN NaN NaN NaN NaN NaN NaN NaN NaN NaN NaN NaN NaN NaN NaN NaN NaN NaN NaN NaN NaN NaN NaN NaN NaN NaN NaN NaN NaN NaN 
NaN NaN NaN NaN NaN NaN NaN NaN NaN NaN NaN NaN NaN NaN NaN NaN NaN NaN NaN NaN NaN NaN NaN NaN NaN NaN NaN NaN NaN NaN NaN NaN NaN NaN NaN NaN NaN NaN NaN NaN 
NaN NaN NaN NaN NaN NaN NaN NaN NaN NaN NaN NaN NaN NaN NaN NaN NaN NaN NaN NaN NaN NaN NaN NaN NaN NaN NaN NaN NaN NaN NaN NaN NaN NaN NaN NaN NaN NaN NaN NaN 
NaN NaN NaN NaN NaN NaN NaN NaN NaN NaN NaN NaN NaN NaN NaN NaN NaN NaN NaN NaN NaN NaN NaN NaN NaN NaN NaN NaN NaN NaN NaN NaN NaN NaN NaN NaN NaN NaN NaN NaN 
NaN NaN NaN NaN NaN NaN NaN NaN NaN NaN NaN NaN NaN NaN NaN NaN NaN NaN NaN NaN NaN NaN NaN NaN NaN NaN NaN NaN NaN NaN NaN NaN NaN NaN NaN NaN NaN NaN NaN NaN 
NaN NaN NaN NaN NaN NaN NaN NaN NaN NaN NaN NaN NaN NaN NaN NaN NaN NaN NaN NaN NaN NaN NaN NaN NaN NaN NaN NaN NaN NaN NaN NaN NaN NaN NaN NaN NaN NaN NaN NaN 
NaN NaN NaN NaN NaN NaN NaN NaN NaN NaN NaN NaN NaN NaN NaN NaN NaN NaN NaN NaN NaN NaN NaN NaN NaN NaN NaN NaN NaN NaN NaN NaN NaN NaN NaN NaN NaN NaN NaN NaN 
NaN NaN NaN NaN NaN NaN NaN NaN NaN NaN NaN NaN NaN NaN NaN NaN NaN NaN NaN NaN NaN NaN NaN NaN NaN NaN NaN NaN NaN NaN NaN NaN NaN NaN NaN NaN NaN NaN NaN NaN 
NaN NaN NaN NaN NaN NaN NaN NaN NaN NaN NaN NaN NaN NaN NaN NaN NaN NaN NaN NaN NaN NaN NaN NaN NaN NaN NaN NaN NaN NaN NaN NaN NaN NaN NaN NaN NaN NaN NaN NaN 
NaN NaN NaN NaN NaN NaN NaN NaN NaN NaN NaN NaN NaN NaN NaN NaN NaN NaN NaN NaN NaN NaN NaN NaN NaN NaN NaN NaN NaN NaN NaN NaN NaN NaN NaN NaN NaN NaN NaN NaN 
NaN NaN NaN NaN NaN NaN NaN NaN NaN NaN NaN NaN NaN NaN NaN NaN NaN NaN NaN NaN NaN NaN NaN NaN NaN NaN NaN NaN NaN NaN NaN NaN NaN NaN NaN NaN NaN NaN NaN NaN 
NaN NaN NaN NaN NaN NaN NaN NaN NaN NaN NaN NaN NaN NaN NaN NaN NaN NaN NaN NaN NaN NaN NaN NaN NaN NaN NaN NaN NaN NaN NaN NaN NaN NaN NaN NaN NaN NaN NaN NaN 
NaN NaN NaN NaN NaN NaN NaN NaN NaN NaN NaN NaN NaN NaN NaN NaN NaN NaN NaN NaN NaN NaN NaN NaN NaN NaN NaN NaN NaN NaN NaN NaN NaN NaN NaN NaN NaN NaN NaN NaN 
NaN NaN NaN NaN NaN NaN NaN NaN NaN NaN NaN NaN NaN NaN NaN NaN NaN NaN NaN NaN NaN NaN NaN NaN NaN NaN NaN NaN NaN NaN NaN NaN NaN NaN NaN NaN NaN NaN NaN NaN 
NaN NaN NaN NaN NaN NaN NaN NaN NaN NaN NaN NaN NaN NaN NaN NaN NaN NaN NaN NaN NaN NaN NaN NaN NaN NaN NaN NaN NaN NaN NaN NaN NaN NaN NaN NaN NaN NaN NaN NaN 
NaN NaN NaN NaN NaN NaN NaN NaN NaN NaN NaN NaN NaN NaN NaN NaN NaN NaN NaN NaN NaN NaN NaN NaN NaN NaN NaN NaN NaN NaN NaN NaN NaN NaN NaN NaN NaN NaN NaN NaN 
NaN NaN NaN NaN NaN NaN NaN NaN NaN NaN NaN NaN NaN NaN NaN NaN NaN NaN NaN NaN NaN NaN NaN NaN NaN NaN NaN NaN NaN NaN NaN NaN NaN NaN NaN NaN NaN NaN NaN NaN 
NaN NaN NaN NaN NaN NaN NaN NaN NaN NaN NaN NaN NaN NaN NaN NaN NaN NaN NaN NaN NaN NaN NaN NaN NaN NaN NaN NaN NaN NaN NaN NaN NaN NaN NaN NaN NaN NaN NaN NaN 
