NaN NaN NaN NaN NaN NaN NaN NaN NaN NaN NaN NaN NaN NaN NaN NaN NaN NaN NaN NaN NaN NaN NaN NaN NaN NaN NaN NaN NaN NaN NaN NaN NaN NaN NaN NaN NaN NaN NaN NaN 
NaN NaN NaN NaN NaN NaN NaN NaN NaN NaN NaN NaN NaN NaN NaN NaN NaN NaN NaN NaN NaN NaN NaN NaN NaN NaN NaN NaN NaN NaN NaN NaN NaN NaN NaN NaN NaN NaN NaN NaN 
NaN NaN NaN NaN NaN NaN NaN NaN NaN NaN NaN NaN NaN NaN NaN NaN NaN NaN NaN NaN NaN NaN NaN NaN NaN NaN NaN NaN NaN NaN NaN NaN NaN NaN NaN NaN NaN NaN NaN NaN 
NaN NaN NaN NaN NaN NaN NaN NaN NaN NaN NaN NaN NaN NaN NaN NaN NaN NaN NaN NaN NaN NaN NaN NaN NaN NaN NaN NaN NaN NaN NaN NaN NaN NaN NaN NaN NaN NaN NaN NaN 
NaN NaN NaN NaN NaN NaN NaN NaN NaN NaN NaN NaN NaN NaN NaN NaN NaN NaN NaN NaN NaN NaN NaN NaN NaN NaN NaN NaN NaN NaN NaN NaN NaN NaN NaN NaN NaN NaN NaN NaN 
NaN NaN NaN NaN NaN NaN NaN NaN NaN NaN NaN NaN NaN NaN NaN NaN NaN NaN NaN NaN NaN NaN NaN NaN NaN NaN NaN NaN NaN NaN NaN NaN NaN NaN NaN NaN NaN NaN NaN NaN 
NaN NaN NaN NaN NaN NaN NaN NaN NaN NaN NaN NaN NaN NaN NaN NaN NaN NaN NaN NaN NaN NaN NaN NaN NaN NaN NaN NaN NaN NaN NaN NaN NaN NaN NaN NaN NaN NaN NaN NaN 
NaN NaN NaN NaN NaN NaN NaN NaN NaN NaN NaN NaN NaN NaN NaN NaN NaN NaN NaN NaN NaN NaN NaN NaN NaN NaN NaN NaN NaN NaN NaN NaN NaN NaN NaN NaN NaN NaN NaN NaN 
NaN NaN NaN NaN NaN NaN NaN NaN NaN NaN NaN NaN NaN NaN NaN NaN NaN NaN NaN NaN NaN NaN NaN NaN NaN NaN NaN NaN NaN NaN NaN NaN NaN NaN NaN NaN NaN NaN NaN NaN 
NaN NaN NaN NaN NaN NaN NaN NaN NaN NaN NaN NaN NaN NaN NaN NaN NaN NaN NaN NaN NaN NaN NaN NaN NaN NaN NaN NaN NaN NaN NaN NaN NaN NaN NaN NaN NaN NaN NaN NaN 
NaN NaN NaN NaN NaN NaN NaN NaN NaN NaN NaN NaN NaN NaN NaN NaN NaN NaN NaN NaN NaN NaN NaN NaN NaN NaN NaN NaN NaN NaN NaN NaN NaN NaN NaN NaN NaN NaN NaN NaN 
NaN NaN NaN NaN NaN NaN NaN NaN NaN NaN NaN NaN NaN NaN NaN NaN NaN NaN NaN NaN NaN NaN NaN NaN NaN NaN NaN NaN NaN NaN NaN NaN NaN NaN NaN NaN NaN NaN NaN NaN 
NaN NaN NaN NaN NaN NaN NaN NaN NaN NaN NaN NaN NaN NaN NaN NaN NaN NaN NaN NaN NaN NaN NaN NaN NaN NaN NaN NaN NaN NaN NaN NaN NaN NaN NaN NaN NaN NaN NaN NaN 
NaN NaN NaN NaN NaN NaN NaN NaN NaN NaN NaN NaN NaN NaN NaN NaN NaN NaN NaN NaN NaN NaN NaN NaN NaN NaN NaN NaN NaN NaN NaN NaN NaN NaN NaN NaN NaN NaN NaN NaN 
NaN NaN NaN NaN NaN NaN NaN NaN NaN NaN NaN NaN NaN NaN NaN NaN NaN NaN NaN NaN NaN NaN NaN NaN NaN NaN NaN NaN NaN NaN NaN NaN NaN NaN NaN NaN NaN NaN NaN NaN 
NaN NaN NaN NaN NaN NaN NaN NaN NaN NaN NaN NaN NaN NaN NaN NaN NaN NaN NaN NaN NaN NaN NaN NaN NaN NaN NaN NaN NaN NaN NaN NaN NaN NaN NaN NaN NaN NaN NaN NaN 
NaN NaN NaN NaN NaN NaN NaN NaN NaN NaN NaN NaN NaN NaN NaN NaN NaN NaN NaN NaN NaN NaN NaN NaN NaN NaN NaN NaN NaN NaN NaN NaN NaN NaN NaN NaN NaN NaN NaN NaN 
NaN NaN NaN NaN NaN NaN NaN NaN NaN NaN NaN NaN NaN NaN NaN NaN NaN NaN NaN NaN NaN NaN NaN NaN NaN NaN NaN NaN NaN NaN NaN NaN NaN NaN NaN NaN NaN NaN NaN NaN 
NaN NaN NaN NaN NaN NaN NaN NaN NaN NaN NaN NaN NaN NaN NaN NaN NaN NaN NaN NaN NaN NaN NaN NaN NaN NaN NaN NaN NaN NaN NaN NaN NaN NaN NaN NaN NaN NaN NaN NaN 
NaN NaN NaN NaN NaN NaN NaN NaN NaN NaN NaN NaN NaN NaN NaN NaN NaN NaN NaN NaN NaN NaN NaN NaN NaN NaN NaN NaN NaN NaN NaN NaN NaN NaN NaN NaN NaN NaN NaN NaN 
NaN NaN NaN NaN NaN NaN NaN NaN NaN NaN NaN NaN NaN NaN NaN NaN NaN NaN NaN NaN NaN NaN NaN NaN NaN NaN NaN NaN NaN NaN NaN NaN NaN NaN NaN NaN NaN NaN NaN NaN 
NaN NaN NaN NaN NaN NaN NaN NaN NaN NaN NaN NaN NaN NaN NaN NaN NaN NaN NaN NaN NaN NaN NaN NaN NaN NaN NaN NaN NaN NaN NaN NaN NaN NaN NaN NaN NaN NaN NaN NaN 
NaN NaN NaN NaN NaN NaN NaN NaN NaN NaN NaN NaN NaN NaN NaN NaN NaN NaN NaN NaN NaN NaN NaN NaN NaN NaN NaN NaN NaN NaN NaN NaN NaN NaN NaN NaN NaN NaN NaN NaN 
NaN NaN NaN NaN NaN NaN NaN NaN NaN NaN NaN NaN NaN NaN NaN NaN NaN NaN NaN NaN NaN NaN NaN NaN NaN NaN NaN NaN NaN NaN NaN NaN NaN NaN NaN NaN NaN NaN NaN NaN 
NaN NaN NaN NaN NaN NaN NaN NaN NaN NaN NaN NaN NaN NaN NaN NaN NaN NaN NaN NaN NaN NaN NaN NaN NaN NaN NaN NaN NaN NaN NaN NaN NaN NaN NaN NaN NaN NaN NaN NaN 
NaN NaN NaN NaN NaN NaN NaN NaN NaN NaN NaN NaN NaN NaN NaN NaN NaN NaN NaN NaN NaN NaN NaN NaN NaN NaN NaN NaN NaN NaN NaN NaN NaN NaN NaN NaN NaN NaN NaN NaN 
NaN NaN NaN NaN NaN NaN NaN NaN NaN NaN NaN NaN NaN NaN NaN NaN NaN NaN NaN NaN NaN NaN NaN NaN NaN NaN NaN NaN NaN NaN NaN NaN NaN NaN NaN NaN NaN NaN NaN NaN 
NaN NaN NaN NaN NaN NaN NaN NaN NaN NaN NaN NaN NaN NaN NaN NaN NaN NaN NaN NaN NaN NaN NaN NaN NaN NaN NaN NaN NaN NaN NaN NaN NaN NaN NaN NaN NaN NaN NaN NaN 
NaN NaN NaN NaN NaN NaN NaN NaN NaN NaN NaN NaN NaN NaN NaN NaN NaN NaN NaN NaN NaN NaN NaN NaN NaN NaN NaN NaN NaN NaN NaN NaN NaN NaN NaN NaN NaN NaN NaN NaN 
NaN NaN NaN NaN NaN NaN NaN NaN NaN NaN NaN NaN NaN NaN NaN NaN NaN NaN NaN NaN NaN NaN NaN NaN NaN NaN NaN NaN NaN NaN NaN NaN NaN NaN NaN NaN NaN NaN NaN NaN 
NaN NaN NaN NaN NaN NaN NaN NaN NaN NaN NaN NaN NaN NaN NaN NaN NaN NaN NaN NaN NaN NaN NaN NaN NaN NaN NaN NaN NaN NaN NaN NaN NaN NaN NaN NaN NaN NaN NaN NaN 
NaN NaN NaN NaN NaN NaN NaN NaN NaN NaN NaN NaN NaN NaN NaN NaN NaN NaN NaN NaN NaN NaN NaN NaN NaN NaN NaN NaN NaN NaN NaN NaN NaN NaN NaN NaN NaN NaN NaN NaN 
NaN NaN NaN NaN NaN NaN NaN NaN NaN NaN NaN NaN NaN NaN NaN NaN NaN NaN NaN NaN NaN NaN NaN NaN NaN NaN NaN NaN NaN NaN NaN NaN NaN NaN NaN NaN NaN NaN NaN NaN 
NaN NaN NaN NaN NaN NaN NaN NaN NaN NaN NaN NaN NaN NaN NaN NaN NaN NaN NaN NaN NaN NaN NaN NaN NaN NaN NaN NaN NaN NaN NaN NaN NaN NaN NaN NaN NaN NaN NaN NaN 
NaN NaN NaN NaN NaN NaN NaN NaN NaN NaN NaN NaN NaN NaN NaN NaN NaN NaN NaN NaN NaN NaN NaN NaN NaN NaN NaN NaN NaN NaN NaN NaN NaN NaN NaN NaN NaN NaN NaN NaN 
NaN NaN NaN NaN NaN NaN NaN NaN NaN NaN NaN NaN NaN NaN NaN NaN NaN NaN NaN NaN NaN NaN NaN NaN NaN NaN NaN NaN NaN NaN NaN NaN NaN NaN NaN NaN NaN NaN NaN NaN 
NaN NaN NaN NaN NaN NaN NaN NaN NaN NaN NaN NaN NaN NaN NaN NaN NaN NaN NaN NaN NaN NaN NaN NaN NaN NaN NaN NaN NaN NaN NaN NaN NaN NaN NaN NaN NaN NaN NaN NaN 
NaN NaN NaN NaN NaN NaN NaN NaN NaN NaN NaN NaN NaN NaN NaN NaN NaN NaN NaN NaN NaN NaN NaN NaN NaN NaN NaN NaN NaN NaN NaN NaN NaN NaN NaN NaN NaN NaN NaN NaN 
NaN NaN NaN NaN NaN NaN NaN NaN NaN NaN NaN NaN NaN NaN NaN NaN NaN NaN NaN NaN NaN NaN NaN NaN NaN NaN NaN NaN NaN NaN NaN NaN NaN NaN NaN NaN NaN NaN NaN NaN 
NaN NaN NaN NaN NaN NaN NaN NaN NaN NaN NaN NaN NaN NaN NaN NaN NaN NaN NaN NaN NaN NaN NaN NaN NaN NaN NaN NaN NaN NaN NaN NaN NaN NaN NaN NaN NaN NaN NaN NaN 
NaN NaN NaN NaN NaN NaN NaN NaN NaN NaN NaN NaN NaN NaN NaN NaN NaN NaN NaN NaN NaN NaN NaN NaN NaN NaN NaN NaN NaN NaN NaN NaN NaN NaN NaN NaN NaN NaN NaN NaN 
NaN NaN NaN NaN NaN NaN NaN NaN NaN NaN NaN NaN NaN NaN NaN NaN NaN NaN NaN NaN NaN NaN NaN NaN NaN NaN NaN NaN NaN NaN NaN NaN NaN NaN NaN NaN NaN NaN NaN NaN 
NaN NaN NaN NaN NaN NaN NaN NaN NaN NaN NaN NaN NaN NaN NaN NaN NaN NaN NaN NaN NaN NaN NaN NaN NaN NaN NaN NaN NaN NaN NaN NaN NaN NaN NaN NaN NaN NaN NaN NaN 
NaN NaN NaN NaN NaN NaN NaN NaN NaN NaN NaN NaN NaN NaN NaN NaN NaN NaN NaN NaN NaN NaN NaN NaN NaN NaN NaN NaN NaN NaN NaN NaN NaN NaN NaN NaN NaN NaN NaN NaN 
NaN NaN NaN NaN NaN NaN NaN NaN NaN NaN NaN NaN NaN NaN NaN NaN NaN NaN NaN NaN NaN NaN NaN NaN NaN NaN NaN NaN NaN NaN NaN NaN NaN NaN NaN NaN NaN NaN NaN NaN 
NaN NaN NaN NaN NaN NaN NaN NaN NaN NaN NaN NaN NaN NaN NaN NaN NaN NaN NaN NaN NaN NaN NaN NaN NaN NaN NaN NaN NaN NaN NaN NaN NaN NaN NaN NaN NaN NaN NaN NaN 
NaN NaN NaN NaN NaN NaN NaN NaN NaN NaN NaN NaN NaN NaN NaN NaN NaN NaN NaN NaN NaN NaN NaN NaN NaN NaN NaN NaN NaN NaN NaN NaN NaN NaN NaN NaN NaN NaN NaN NaN 
NaN NaN NaN NaN NaN NaN NaN NaN NaN NaN NaN NaN NaN NaN NaN NaN NaN NaN NaN NaN NaN NaN NaN NaN NaN NaN NaN NaN NaN NaN NaN NaN NaN NaN NaN NaN NaN NaN NaN NaN 
NaN NaN NaN NaN NaN NaN NaN NaN NaN NaN NaN NaN NaN NaN NaN NaN NaN NaN NaN NaN NaN NaN NaN NaN NaN NaN NaN NaN NaN NaN NaN NaN NaN NaN NaN NaN NaN NaN NaN NaN 
NaN NaN NaN NaN NaN NaN NaN NaN NaN NaN NaN NaN NaN NaN NaN NaN NaN NaN NaN NaN NaN NaN NaN NaN NaN NaN NaN NaN NaN NaN NaN NaN NaN NaN NaN NaN NaN NaN NaN NaN 
NaN NaN NaN NaN NaN NaN NaN NaN NaN NaN NaN NaN NaN NaN NaN NaN NaN NaN NaN NaN NaN NaN NaN NaN NaN NaN NaN NaN NaN NaN NaN NaN NaN NaN NaN NaN NaN NaN NaN NaN 
NaN NaN NaN NaN NaN NaN NaN NaN NaN NaN NaN NaN NaN NaN NaN NaN NaN NaN NaN NaN NaN NaN NaN NaN NaN NaN NaN NaN NaN NaN NaN NaN NaN NaN NaN NaN NaN NaN NaN NaN 
NaN NaN NaN NaN NaN NaN NaN NaN NaN NaN NaN NaN NaN NaN NaN NaN NaN NaN NaN NaN NaN NaN NaN NaN NaN NaN NaN NaN NaN NaN NaN NaN NaN NaN NaN NaN NaN NaN NaN NaN 
NaN NaN NaN NaN NaN NaN NaN NaN NaN NaN NaN NaN NaN NaN NaN NaN NaN NaN NaN NaN NaN NaN NaN NaN NaN NaN NaN NaN NaN NaN NaN NaN NaN NaN NaN NaN NaN NaN NaN NaN 
NaN NaN NaN NaN NaN NaN NaN NaN NaN NaN NaN NaN NaN NaN NaN NaN NaN NaN NaN NaN NaN NaN NaN NaN NaN NaN NaN NaN NaN NaN NaN NaN NaN NaN NaN NaN NaN NaN NaN NaN 
NaN NaN NaN NaN NaN NaN NaN NaN NaN NaN NaN NaN NaN NaN NaN NaN NaN NaN NaN NaN NaN NaN NaN NaN NaN NaN NaN NaN NaN NaN NaN NaN NaN NaN NaN NaN NaN NaN NaN NaN 
NaN NaN NaN NaN NaN NaN NaN NaN NaN NaN NaN NaN NaN NaN NaN NaN NaN NaN NaN NaN NaN NaN NaN NaN NaN NaN NaN NaN NaN NaN NaN NaN NaN NaN NaN NaN NaN NaN NaN NaN 
NaN NaN NaN NaN NaN NaN NaN NaN NaN NaN NaN NaN NaN NaN NaN NaN NaN NaN NaN NaN NaN NaN NaN NaN NaN NaN NaN NaN NaN NaN NaN NaN NaN NaN NaN NaN NaN NaN NaN NaN 
NaN NaN NaN NaN NaN NaN NaN NaN NaN NaN NaN NaN NaN NaN NaN NaN NaN NaN NaN NaN NaN NaN NaN NaN NaN NaN NaN NaN NaN NaN NaN NaN NaN NaN NaN NaN NaN NaN NaN NaN 
NaN NaN NaN NaN NaN NaN NaN NaN NaN NaN NaN NaN NaN NaN NaN NaN NaN NaN NaN NaN NaN NaN NaN NaN NaN NaN NaN NaN NaN NaN NaN NaN NaN NaN NaN NaN NaN NaN NaN NaN 
NaN NaN NaN NaN NaN NaN NaN NaN NaN NaN NaN NaN NaN NaN NaN NaN NaN NaN NaN NaN NaN NaN NaN NaN NaN NaN NaN NaN NaN NaN NaN NaN NaN NaN NaN NaN NaN NaN NaN NaN 
NaN NaN NaN NaN NaN NaN NaN NaN NaN NaN NaN NaN NaN NaN NaN NaN NaN NaN NaN NaN NaN NaN NaN NaN NaN NaN NaN NaN NaN NaN NaN NaN NaN NaN NaN NaN NaN NaN NaN NaN 
NaN NaN NaN NaN NaN NaN NaN NaN NaN NaN NaN NaN NaN NaN NaN NaN NaN NaN NaN NaN NaN NaN NaN NaN NaN NaN NaN NaN NaN NaN NaN NaN NaN NaN NaN NaN NaN NaN NaN NaN 
NaN NaN NaN NaN NaN NaN NaN NaN NaN NaN NaN NaN NaN NaN NaN NaN NaN NaN NaN NaN NaN NaN NaN NaN NaN NaN NaN NaN NaN NaN NaN NaN NaN NaN NaN NaN NaN NaN NaN NaN 
NaN NaN NaN NaN NaN NaN NaN NaN NaN NaN NaN NaN NaN NaN NaN NaN NaN NaN NaN NaN NaN NaN NaN NaN NaN NaN NaN NaN NaN NaN NaN NaN NaN NaN NaN NaN NaN NaN NaN NaN 
NaN NaN NaN NaN NaN NaN NaN NaN NaN NaN NaN NaN NaN NaN NaN NaN NaN NaN NaN NaN NaN NaN NaN NaN NaN NaN NaN NaN NaN NaN NaN NaN NaN NaN NaN NaN NaN NaN NaN NaN 
NaN NaN NaN NaN NaN NaN NaN NaN NaN NaN NaN NaN NaN NaN NaN NaN NaN NaN NaN NaN NaN NaN NaN NaN NaN NaN NaN NaN NaN NaN NaN NaN NaN NaN NaN NaN NaN NaN NaN NaN 
NaN NaN NaN NaN NaN NaN NaN NaN NaN NaN NaN NaN NaN NaN NaN NaN NaN NaN NaN NaN NaN NaN NaN NaN NaN NaN NaN NaN NaN NaN NaN NaN NaN NaN NaN NaN NaN NaN NaN NaN 
NaN NaN NaN NaN NaN NaN NaN NaN NaN NaN NaN NaN NaN NaN NaN NaN NaN NaN NaN NaN NaN NaN NaN NaN NaN NaN NaN NaN NaN NaN NaN NaN NaN NaN NaN NaN NaN NaN NaN NaN 
NaN NaN NaN NaN NaN NaN NaN NaN NaN NaN NaN NaN NaN NaN NaN NaN NaN NaN NaN NaN NaN NaN NaN NaN NaN NaN NaN NaN NaN NaN NaN NaN NaN NaN NaN NaN NaN NaN NaN NaN 
NaN NaN NaN NaN NaN NaN NaN NaN NaN NaN NaN NaN NaN NaN NaN NaN NaN NaN NaN NaN NaN NaN NaN NaN NaN NaN NaN NaN NaN NaN NaN NaN NaN NaN NaN NaN NaN NaN NaN NaN 
NaN NaN NaN NaN NaN NaN NaN NaN NaN NaN NaN NaN NaN NaN NaN NaN NaN NaN NaN NaN NaN NaN NaN NaN NaN NaN NaN NaN NaN NaN NaN NaN NaN NaN NaN NaN NaN NaN NaN NaN 
NaN NaN NaN NaN NaN NaN NaN NaN NaN NaN NaN NaN NaN NaN NaN NaN NaN NaN NaN NaN NaN NaN NaN NaN NaN NaN NaN NaN NaN NaN NaN NaN NaN NaN NaN NaN NaN NaN NaN NaN 
NaN NaN NaN NaN NaN NaN NaN NaN NaN NaN NaN NaN NaN NaN NaN NaN NaN NaN NaN NaN NaN NaN NaN NaN NaN NaN NaN NaN NaN NaN NaN NaN NaN NaN NaN NaN NaN NaN NaN NaN 
NaN NaN NaN NaN NaN NaN NaN NaN NaN NaN NaN NaN NaN NaN NaN NaN NaN NaN NaN NaN NaN NaN NaN NaN NaN NaN NaN NaN NaN NaN NaN NaN NaN NaN NaN NaN NaN NaN NaN NaN 
NaN NaN NaN NaN NaN NaN NaN NaN NaN NaN NaN NaN NaN NaN NaN NaN NaN NaN NaN NaN NaN NaN NaN NaN NaN NaN NaN NaN NaN NaN NaN NaN NaN NaN NaN NaN NaN NaN NaN NaN 
NaN NaN NaN NaN NaN NaN NaN NaN NaN NaN NaN NaN NaN NaN NaN NaN NaN NaN NaN NaN NaN NaN NaN NaN NaN NaN NaN NaN NaN NaN NaN NaN NaN NaN NaN NaN NaN NaN NaN NaN 
NaN NaN NaN NaN NaN NaN NaN NaN NaN NaN NaN NaN NaN NaN NaN NaN NaN NaN NaN NaN NaN NaN NaN NaN NaN NaN NaN NaN NaN NaN NaN NaN NaN NaN NaN NaN NaN NaN NaN NaN 
NaN NaN NaN NaN NaN NaN NaN NaN NaN NaN NaN NaN NaN NaN NaN NaN NaN NaN NaN NaN NaN NaN NaN NaN NaN NaN NaN NaN NaN NaN NaN NaN NaN NaN NaN NaN NaN NaN NaN NaN 
NaN NaN NaN NaN NaN NaN NaN NaN NaN NaN NaN NaN NaN NaN NaN NaN NaN NaN NaN NaN NaN NaN NaN NaN NaN NaN NaN NaN NaN NaN NaN NaN NaN NaN NaN NaN NaN NaN NaN NaN 
NaN NaN NaN NaN NaN NaN NaN NaN NaN NaN NaN NaN NaN NaN NaN NaN NaN NaN NaN NaN NaN NaN NaN NaN NaN NaN NaN NaN NaN NaN NaN NaN NaN NaN NaN NaN NaN NaN NaN NaN 
NaN NaN NaN NaN NaN NaN NaN NaN NaN NaN NaN NaN NaN NaN NaN NaN NaN NaN NaN NaN NaN NaN NaN NaN NaN NaN NaN NaN NaN NaN NaN NaN NaN NaN NaN NaN NaN NaN NaN NaN 
NaN NaN NaN NaN NaN NaN NaN NaN NaN NaN NaN NaN NaN NaN NaN NaN NaN NaN NaN NaN NaN NaN NaN NaN NaN NaN NaN NaN NaN NaN NaN NaN NaN NaN NaN NaN NaN NaN NaN NaN 
NaN NaN NaN NaN NaN NaN NaN NaN NaN NaN NaN NaN NaN NaN NaN NaN NaN NaN NaN NaN NaN NaN NaN NaN NaN NaN NaN NaN NaN NaN NaN NaN NaN NaN NaN NaN NaN NaN NaN NaN 
NaN NaN NaN NaN NaN NaN NaN NaN NaN NaN NaN NaN NaN NaN NaN NaN NaN NaN NaN NaN NaN NaN NaN NaN NaN NaN NaN NaN NaN NaN NaN NaN NaN NaN NaN NaN NaN NaN NaN NaN 
NaN NaN NaN NaN NaN NaN NaN NaN NaN NaN NaN NaN NaN NaN NaN NaN NaN NaN NaN NaN NaN NaN NaN NaN NaN NaN NaN NaN NaN NaN NaN NaN NaN NaN NaN NaN NaN NaN NaN NaN 
NaN NaN NaN NaN NaN NaN NaN NaN NaN NaN NaN NaN NaN NaN NaN NaN NaN NaN NaN NaN NaN NaN NaN NaN NaN NaN NaN NaN NaN NaN NaN NaN NaN NaN NaN NaN NaN NaN NaN NaN 
NaN NaN NaN NaN NaN NaN NaN NaN NaN NaN NaN NaN NaN NaN NaN NaN NaN NaN NaN NaN NaN NaN NaN NaN NaN NaN NaN NaN NaN NaN NaN NaN NaN NaN NaN NaN NaN NaN NaN NaN 
-68.028978 -71.187256 -75.707467 -77.369618 -77.717591 -80.306354 -82.249470 -87.079986 -87.350835 -84.978531 -81.542445 -80.681928 -87.968696 -96.519787 -87.906817 -84.194335 -84.107691 -87.801097 -87.659648 -84.825868 -82.792163 -85.397296 -91.773862 -86.050154 -88.136480 -90.610841 -89.857981 -87.415915 -85.668069 -92.835695 -87.573212 -86.183569 -87.084130 -84.945186 -83.958616 -84.033269 -86.744645 -88.664824 -89.258027 -91.567605 
-53.849856 -67.333355 -73.058760 -70.526073 -74.201330 -69.701559 -75.463102 -87.857784 -76.968706 -76.159558 -72.275924 -69.463225 -70.293037 -73.792837 -78.172256 -75.624793 -75.725957 -73.111761 -75.544314 -73.314761 -71.592777 -74.265751 -75.401548 -72.241038 -73.327441 -77.428811 -75.408110 -72.483344 -73.668458 -79.235935 -72.460731 -71.357876 -75.461321 -73.380139 -71.361992 -74.030362 -76.348757 -75.764920 -75.149041 -76.641711 
-53.835149 -78.300988 -76.292375 -71.410264 -72.607220 -70.555818 -76.714857 -80.302365 -73.425492 -72.893061 -72.663484 -73.595958 -76.267029 -71.060132 -70.853604 -71.105698 -70.788243 -73.546162 -72.127614 -72.404382 -70.581182 -71.910070 -74.666637 -73.103630 -77.137452 -73.289902 -73.984993 -71.736468 -70.774813 -73.560761 -74.313321 -73.283405 -73.975596 -77.450252 -77.722727 -71.052618 -72.222408 -72.579493 -74.213901 -74.957810 
-55.436769 -82.237705 -75.043626 -74.654908 -70.722128 -73.772910 -79.318240 -81.914169 -74.352030 -73.853702 -70.798281 -74.298038 -75.086862 -73.130706 -74.134145 -70.753895 -68.928220 -74.687063 -74.955437 -73.762840 -73.653125 -74.337935 -70.699833 -72.742798 -73.836007 -72.644500 -71.329093 -71.635839 -73.230403 -76.031825 -70.395063 -73.765933 -71.889014 -73.363939 -73.277846 -69.694611 -70.613471 -73.094385 -72.716014 -75.716351 
-38.539212 -35.719284 -38.309592 -43.543415 -46.674332 -50.035228 -50.122536 -50.538481 -50.085461 -52.352911 -52.581490 -54.098996 -52.937012 -51.892869 -54.427176 -57.655948 -61.713451 -64.181879 -63.772296 -60.631871 -65.701083 -67.067121 -64.720984 -64.188101 -64.785918 -65.623388 -64.215832 -62.973742 -63.459679 -70.805462 -72.357399 -71.227750 -72.017299 -70.744401 -68.685570 -67.861957 -67.636454 -68.652557 -67.562117 -70.816131 
-20.147783 -24.003608 -35.031424 -37.878106 -48.881185 -50.229525 -52.282015 -49.986810 -47.421008 -53.163895 -51.432948 -55.871715 -52.465396 -50.855267 -52.893988 -54.752311 -58.936995 -57.636454 -61.004543 -56.909909 -63.493484 -62.001341 -61.702496 -55.056065 -57.335213 -61.119581 -58.198540 -57.389651 -56.257917 -58.076010 -61.652992 -60.742287 -60.325808 -63.937690 -65.455339 -61.669453 -54.367319 -53.053718 -56.652800 -57.596970 
-18.964214 -19.988611 -33.030742 -46.852011 -56.349593 -48.956338 -51.522722 -53.664659 -56.158169 -57.202519 -57.739922 -51.986672 -50.453503 -54.848680 -55.055189 -57.507744 -54.358265 -53.004095 -55.614612 -58.317329 -56.057098 -57.998452 -57.744154 -50.289406 -51.172276 -55.344614 -55.506073 -54.736598 -51.363478 -50.405097 -52.229269 -55.469558 -57.395165 -62.428951 -58.971361 -53.958910 -47.316736 -47.771530 -52.096845 -50.868944 
-18.469750 -19.545972 -31.803635 -41.654386 -47.199035 -44.589523 -46.495231 -52.552486 -46.376127 -53.882359 -56.567019 -52.224778 -54.849998 -58.267564 -56.364397 -54.507042 -57.012949 -55.488747 -60.239410 -57.099652 -59.350995 -65.022425 -67.771032 -64.553279 -62.176840 -62.386635 -58.637060 -53.972501 -51.391150 -55.488788 -59.889376 -69.397330 -63.405955 -66.666875 -74.985623 -69.160138 -64.159177 -65.962024 -71.026374 -64.766285 
-19.872660 -27.970249 -33.299908 -39.906801 -48.072107 -46.878109 -49.469953 -49.691956 -43.787048 -42.760405 -44.237559 -49.668277 -55.685290 -57.729626 -59.579851 -56.756528 -55.889182 -47.643218 -50.139523 -60.194808 -63.773961 -75.226141 -59.678850 -56.892411 -63.072033 -62.186055 -60.220361 -53.624281 -50.507557 -55.837764 -60.714913 -71.063815 -63.615121 -70.009104 -79.966110 -79.819030 -81.849735 -75.769431 -73.930580 -69.280043 
-18.632843 -22.340229 -30.969090 -41.003993 -42.314096 -42.198481 -40.903354 -42.128908 -48.778399 -37.196702 -32.134211 -37.096250 -49.234219 -43.048147 -53.730488 -56.041762 -54.367188 -46.086454 -40.954653 -49.737336 -60.646221 -63.394700 -50.901627 -47.179353 -55.241428 -58.559406 -54.340446 -47.741365 -51.538767 -56.102089 -58.618722 -60.360183 -54.376873 -57.560939 -65.461423 -64.758267 -60.765949 -57.605939 -58.545773 -68.978025 
-19.263335 -14.394536 -15.257605 -17.651901 -24.737512 -22.522167 -25.804344 -21.032094 -25.712707 -17.626430 -19.588801 -18.363555 -22.317947 -24.050739 -22.108814 -26.033152 -30.486401 -27.320794 -27.914327 -32.635569 -37.276411 -32.688624 -28.774227 -25.449029 -30.058497 -28.418648 -32.188668 -29.253403 -31.533364 -33.087714 -35.952759 -39.630391 -41.669801 -42.694516 -48.796300 -52.686707 -51.591480 -46.816321 -48.417337 -55.469731 
-13.238526 -0.261810 7.667305 7.392671 7.173651 5.040803 1.015689 0.930476 6.159771 7.665840 9.243564 3.801918 -2.192700 -3.675392 -6.033339 -6.151148 -2.505933 0.907842 -4.412704 -11.402880 -13.058555 -14.756842 -8.895184 -4.581011 -9.977032 -12.624105 -9.552799 -6.234485 -8.461012 -16.870254 -27.113646 -30.346928 -33.911095 -34.765523 -35.394570 -35.952178 -35.884936 -31.829095 -34.662945 -36.453546 
-3.946400 10.447284 14.626253 7.571991 13.112013 9.248421 4.826380 4.765376 10.052132 12.017944 18.865044 9.550400 -3.205919 0.720156 -1.553698 -0.655318 3.095344 8.227222 3.515276 -4.183963 -8.839052 -10.344191 -6.505280 0.316035 -8.136117 -9.310415 -6.646041 -1.758281 -4.501408 -14.017298 -29.987792 -34.098611 -36.301473 -39.275256 -41.679772 -44.066130 -40.513422 -24.960034 -31.980881 -43.782229 
-8.060673 11.828734 17.261850 9.084951 16.367110 13.207786 9.142909 7.846417 13.092803 15.977639 22.751123 8.778451 -1.812825 5.686855 3.298424 2.835969 6.057462 10.811087 9.964796 -2.219993 -3.510836 -4.954794 -1.190809 2.372580 -3.558638 -8.624645 -1.690331 1.867150 -2.954405 -12.928201 -35.744696 -40.395175 -35.533777 -29.972868 -33.994288 -35.523895 -33.147761 -20.592596 -26.698722 -37.303529 
-8.029812 12.839602 19.130051 10.545920 17.565786 14.711526 10.968106 10.597780 17.125222 17.615202 22.881046 12.448596 2.911871 6.906844 4.065420 3.155180 6.367523 12.887296 12.692779 -1.205902 -3.806792 -4.481413 0.217810 6.863608 -0.853000 -5.215783 0.470205 4.192378 -0.359535 -8.499653 -28.395705 -41.716859 -37.117995 -28.867367 -33.906174 -34.501466 -33.415590 -21.150822 -26.947366 -34.399259 
-7.177558 13.126453 19.885835 11.864576 17.311721 16.768494 10.629151 13.287904 19.354329 21.503684 22.171892 16.151983 7.651174 6.063535 5.703552 6.308609 9.950757 13.458789 10.572934 1.441193 -3.746634 -2.900221 -1.260578 6.150653 -1.573711 -6.954922 -1.446061 2.726310 1.083837 -4.918206 -21.824015 -30.010473 -28.202672 -26.765684 -31.179386 -34.867701 -34.173477 -19.845502 -24.809247 -33.549837 
-6.343696 11.826799 19.749793 12.691464 16.689816 18.290101 9.655255 15.142230 18.561489 25.032060 20.359365 18.468618 10.159520 6.517678 7.141989 6.273510 10.728683 13.060220 7.731253 2.473482 -2.432665 -2.588516 -0.381407 5.731955 1.900687 -7.364668 -3.537738 0.948968 2.044836 -2.509117 -17.138749 -26.311191 -24.274923 -24.962964 -27.734928 -29.061776 -28.866782 -18.842305 -23.830708 -32.573676 
-12.016180 9.329317 18.965838 12.493640 14.913135 18.934817 9.526658 16.321883 19.005273 28.133012 17.660344 15.541729 10.367764 7.906875 9.625608 6.499801 11.734410 12.426920 6.808508 -1.155111 -5.644751 -9.469918 -5.742980 0.326890 1.427382 -7.964534 -8.485795 -3.028843 1.354993 -2.752980 -17.159391 -20.811447 -22.034343 -23.181238 -25.059400 -26.027063 -25.765269 -19.785291 -23.864613 -25.707430 
-13.117161 7.624644 18.748679 13.390067 11.877633 19.196833 8.869838 16.371032 18.990852 29.638024 16.428738 7.861104 4.894346 4.180087 8.455070 3.974565 12.104226 11.771956 -1.024476 -2.594365 -8.958772 -9.638796 -10.356014 -2.908858 -2.150770 -10.590530 -14.636114 -7.283366 -1.019927 -4.918626 -17.399622 -23.770513 -22.555133 -22.188687 -27.843724 -31.061960 -30.726159 -17.500338 -23.330321 -30.221065 
-13.182506 6.554073 19.113641 14.582076 10.358442 19.485216 10.006596 17.691433 17.246133 27.455745 17.230477 7.504797 0.830530 1.610886 7.210643 8.749891 11.138370 10.579344 -2.260066 -5.665893 -10.887691 -10.834727 -12.419109 -4.877068 -2.831384 -8.988736 -13.012339 -14.115390 -6.571503 -7.862703 -17.528391 -28.716155 -23.662951 -23.549473 -31.787909 -30.076659 -25.412844 -15.753084 -22.528321 -29.514469 
-10.977136 7.555054 19.735440 15.933563 9.069044 19.894236 13.256290 20.523168 12.836398 18.998697 14.638517 9.340266 2.561280 2.848433 3.553255 8.036148 9.005866 1.891887 -6.983857 -12.243808 -16.446619 -17.767900 -13.787449 -11.253520 -5.180304 -14.499914 -14.136269 -11.350304 -18.523236 -19.921208 -20.586022 -26.418958 -25.274699 -22.592379 -29.750346 -28.283184 -25.122251 -19.030794 -24.437973 -31.814209 
-23.974708 6.373010 19.665459 16.448047 10.337598 21.717377 16.576894 22.759813 15.902331 8.374292 10.136025 5.370364 3.194348 1.085502 1.969874 5.201082 7.924863 -5.155299 -12.505071 -18.402105 -21.995234 -25.916377 -22.890484 -23.874254 -10.918684 -19.001427 -23.471200 -26.817907 -30.595065 -27.776009 -27.865499 -34.723508 -30.808668 -28.120606 -35.998232 -30.944165 -28.703271 -21.932268 -26.436350 -37.421459 
-16.640619 6.235313 19.273908 16.379708 12.190698 23.209631 16.296708 19.456985 13.106481 6.786011 7.806821 2.635531 1.529778 -2.887318 -0.654368 3.588573 5.265790 -6.253451 -12.765145 -18.047417 -23.056484 -31.928145 -27.307555 -26.021437 -12.498410 -21.182334 -32.141764 -32.315680 -26.808988 -27.541458 -28.857820 -33.342220 -32.482739 -33.873633 -39.219460 -28.051352 -30.733833 -27.546341 -28.903836 -37.714507 
-19.222675 6.131903 19.259627 16.022629 12.133675 24.261391 16.427834 7.072170 6.346353 3.647691 4.435753 0.100396 -1.687331 -4.587322 0.220767 1.932984 0.890789 -7.601087 -14.892335 -18.711809 -28.050984 -30.003995 -24.538416 -24.181822 -12.545267 -25.170990 -29.980585 -32.202488 -28.961056 -28.977436 -25.384396 -31.082720 -30.516536 -31.236889 -39.868259 -29.302841 -29.797352 -29.290364 -29.142623 -36.413435 
-18.091624 5.976842 19.169579 16.099085 11.663725 24.662381 17.422522 5.527126 7.107141 3.091838 4.258954 0.313909 -1.247817 -3.300288 2.055238 3.695814 -0.049867 -8.049571 -12.519303 -20.022417 -26.128609 -28.336666 -23.469491 -21.618966 -13.323879 -19.572235 -29.142075 -32.443580 -28.747821 -24.393319 -23.947693 -30.292547 -29.802882 -28.248991 -37.259519 -27.483327 -26.049733 -31.340245 -28.182933 -36.865182 
-19.490329 6.378616 19.168870 16.566490 10.731270 24.353970 17.573073 5.582331 9.580247 4.570800 6.878103 1.665286 1.132131 -2.146049 1.314182 4.366508 0.634183 -8.463968 -12.857345 -17.438115 -24.902779 -30.220328 -23.427518 -22.374581 -12.400964 -19.288019 -25.498783 -26.658572 -22.497504 -20.262910 -22.684649 -33.256566 -26.801847 -23.989618 -37.132088 -27.070994 -26.637921 -29.901204 -29.246780 -37.919212 
-13.171566 5.813975 19.636085 17.315485 9.334345 23.381268 19.371451 13.415610 18.395471 9.846697 11.213345 6.806958 5.636411 3.594647 4.080910 7.340334 4.285028 -2.258084 -8.821848 -14.007376 -19.821781 -26.415203 -22.721685 -18.274503 -8.725220 -15.729232 -18.583747 -22.707182 -16.181910 -15.761966 -21.938940 -28.805121 -26.074424 -23.174125 -33.437621 -27.102184 -23.894481 -29.563187 -29.752391 -37.627294 
-11.817660 6.340169 19.940266 17.591511 9.435804 20.965564 14.591936 20.133930 25.433032 16.442436 15.484544 9.657630 8.184399 6.438606 7.233080 11.831051 12.211051 3.518737 -4.691057 -8.477415 -14.480997 -21.285167 -17.762783 -15.426016 -5.372834 -13.272960 -17.535413 -21.254453 -13.382959 -14.839855 -21.563545 -27.875357 -27.142196 -24.530563 -36.551933 -27.240694 -25.207473 -24.965568 -27.990268 -38.547587 
-21.391670 7.255291 19.922200 15.866612 10.772194 19.501870 11.812666 22.723893 22.298533 21.348150 16.682547 11.254986 7.128763 5.307932 6.435785 8.341615 12.152715 1.823304 -5.345546 -8.556590 -14.451643 -16.906093 -15.449839 -10.597298 -4.219766 -11.962340 -16.407233 -14.923892 -10.258218 -14.277822 -21.404947 -28.730346 -24.967026 -26.040868 -39.124100 -30.655181 -29.378934 -21.787459 -23.886638 -42.722083 
-10.344983 10.338705 20.623902 14.938569 13.294746 19.272011 11.454722 18.883315 13.441638 22.220899 14.221157 8.394587 4.474669 2.791303 3.147728 7.739865 7.664302 4.138085 -5.463197 -8.531749 -14.059717 -18.643281 -16.695735 -7.765004 -2.507021 -10.302581 -14.500633 -8.376937 -7.781401 -16.964589 -22.319760 -25.696322 -21.315448 -25.936475 -34.454301 -32.353769 -29.904284 -14.981240 -20.075646 -37.813478 
-7.470217 13.232494 21.069094 13.526201 14.785293 16.785292 13.649343 15.043033 9.704834 18.449188 7.595798 1.173385 4.045932 4.790145 4.015763 5.778194 7.000348 2.629553 -4.917717 -11.293434 -18.065721 -19.470057 -18.439373 -7.845776 -7.524875 -16.475618 -14.082332 -9.905575 -13.031980 -23.913572 -28.200696 -23.472853 -21.303119 -22.643050 -32.653156 -35.777251 -29.911298 -18.845362 -23.237246 -35.869623 
-5.077718 14.401445 20.146848 11.127846 11.754299 9.554173 10.733211 11.615030 8.546370 10.437121 7.719616 2.208102 -2.306308 -1.420111 -0.707854 3.710309 1.730989 -2.468194 -9.907402 -13.253361 -20.878283 -20.701379 -21.005054 -8.104228 -11.901288 -20.540050 -20.238417 -14.859121 -20.306884 -30.075713 -35.372252 -27.128059 -24.520246 -21.172470 -29.390743 -34.277958 -29.145514 -19.657262 -23.893119 -32.722375 
-1.135911 13.537576 16.590365 4.439145 2.723226 0.640280 0.568777 -4.304178 -4.259823 3.681800 -1.491788 -3.432206 -10.933860 -6.971315 -7.084475 -3.498055 -10.003726 -13.547993 -13.735530 -21.123262 -25.295376 -25.834520 -23.764618 -18.064635 -20.847188 -21.528929 -23.504479 -21.583647 -24.096617 -27.312498 -39.111791 -29.986173 -26.656814 -22.620998 -26.833901 -29.591593 -26.831106 -23.331591 -25.905937 -30.445525 
-2.062741 11.047584 10.886848 -3.332274 -10.871298 -10.999288 -14.213157 -16.190716 -12.474448 -7.417139 -15.080705 -15.952736 -22.643535 -18.618011 -18.348079 -16.711245 -18.006292 -17.276931 -21.571499 -27.855481 -28.842228 -26.975925 -24.672153 -21.737492 -20.116215 -22.731424 -24.808098 -21.198300 -23.195146 -22.829591 -34.334052 -28.152171 -26.775920 -26.406343 -24.852681 -25.216790 -22.288502 -21.560189 -25.302818 -27.838407 
-8.645372 3.133747 1.717452 -10.771695 -14.556764 -16.802832 -22.075798 -19.145820 -14.245993 -10.687703 -21.385481 -18.796020 -21.348670 -26.463109 -23.371756 -18.108059 -22.920908 -18.651888 -17.809991 -23.300742 -22.911798 -23.161321 -19.711696 -17.830882 -15.799676 -17.597048 -20.063170 -19.595921 -17.791888 -19.011927 -26.786579 -22.623492 -20.667362 -20.032380 -22.818249 -23.779767 -20.198142 -17.924841 -21.179227 -21.878175 
-12.101715 -15.844052 -10.436293 -18.000419 -19.209482 -19.748205 -18.389964 -13.695522 -13.297982 -14.453449 -19.592970 -21.628591 -24.622376 -20.839350 -21.168631 -22.351713 -20.961112 -18.481472 -21.430067 -20.336902 -26.316862 -24.462539 -17.680967 -18.250034 -21.051142 -17.828861 -20.265734 -18.185188 -15.190662 -17.714852 -21.979096 -23.028963 -19.652850 -16.454270 -19.110088 -18.592658 -18.549563 -18.855310 -19.077086 -21.338259 
-17.788014 -20.190324 -17.527200 -20.724692 -22.865157 -24.172490 -22.135408 -16.899763 -12.184814 -18.279264 -26.689997 -23.790226 -20.481258 -17.477225 -27.639324 -25.721258 -19.396092 -17.711624 -19.571103 -18.453981 -21.119107 -25.644431 -22.264685 -19.858223 -17.381566 -17.682944 -19.400584 -18.432245 -15.607126 -21.241992 -22.545992 -21.690945 -21.491755 -20.954891 -19.873696 -22.238584 -19.233667 -17.416853 -17.824912 -20.967161 
-27.093599 -21.798145 -20.100232 -26.481695 -25.894976 -28.624402 -28.921170 -18.408370 -22.600335 -23.025111 -30.201036 -27.474110 -23.066966 -22.288462 -26.692175 -25.734806 -20.409048 -22.968927 -20.252090 -17.580212 -18.993876 -24.270346 -20.756265 -17.678754 -19.112542 -21.100373 -20.550571 -17.362153 -17.703746 -20.657375 -22.680031 -20.273449 -23.236674 -19.914697 -21.148955 -21.561192 -19.738358 -14.923967 -17.449125 -19.754838 
-25.105354 -19.670070 -20.199784 -23.935717 -23.992598 -26.411749 -25.225830 -20.022246 -23.196599 -29.291087 -35.476532 -30.668504 -27.007936 -18.349015 -24.700665 -32.177478 -28.645618 -22.364014 -17.611856 -19.384219 -21.493908 -19.630491 -18.352259 -18.968470 -17.809764 -19.144866 -17.911072 -16.524048 -17.725745 -25.472255 -23.617170 -20.521790 -23.050079 -19.729072 -21.900957 -19.855089 -17.246317 -16.545345 -17.097562 -19.751725 
-16.300459 -25.095350 -27.331049 -29.864070 -31.744653 -20.612085 -14.964949 -23.827917 -20.247963 -22.096258 -23.654625 -23.650677 -26.891584 -24.709625 -24.240920 -25.351617 -20.409094 -17.083287 -17.062376 -16.727712 -14.360639 -15.216859 -12.810212 -13.441886 -17.078263 -20.782386 -16.202320 -15.729180 -17.774483 -23.952196 -25.920204 -20.766583 -21.205867 -21.671656 -20.339593 -18.127534 -19.397161 -18.786483 -20.865219 -20.769857 
-27.948783 -28.461845 -30.564910 -31.141010 -37.958019 -23.444023 -12.092147 -15.572426 -20.328414 -22.137536 -19.415577 -19.528044 -25.468112 -28.695272 -28.958514 -27.508660 -21.494383 -16.932139 -10.542971 -9.893521 -15.977443 -17.599477 -16.044136 -15.531059 -13.867745 -15.961394 -16.578071 -18.273905 -21.673511 -20.338246 -22.157028 -18.048487 -15.825725 -18.446262 -20.376944 -18.019427 -14.754398 -19.704196 -18.977949 -22.336134 
-20.479085 -20.564317 -18.915898 -20.245919 -17.625573 -13.366736 -18.443811 -20.783858 -21.095317 -21.434722 -19.602210 -25.909748 -23.847421 -18.362435 -20.749685 -25.916613 -23.196428 -14.470399 -13.133918 -10.040605 -13.480377 -17.702720 -15.689741 -17.730930 -11.761126 -13.630946 -15.170464 -13.523156 -11.554888 -21.500709 -20.045480 -14.824086 -17.832584 -18.475821 -17.306257 -19.917205 -18.137367 -20.054114 -17.293898 -20.830087 
-21.276627 -16.163003 -27.966526 -17.872146 -13.183928 -13.752284 -18.456875 -20.274090 -15.668175 -19.731961 -13.490391 -10.825096 -16.549803 -19.523411 -19.967058 -25.737828 -24.993838 -16.827443 -12.326188 -14.929342 -14.359895 -12.775269 -15.885621 -16.341781 -14.158695 -13.753272 -18.087824 -15.925186 -12.719216 -20.246127 -24.825474 -17.341488 -18.325079 -20.783152 -19.650151 -17.894696 -17.537809 -20.087930 -19.959638 -21.762172 
-6.238307 -7.664864 -13.043253 -18.720653 -20.183853 -27.168771 -21.145754 -22.236754 -18.079411 -19.919524 -16.435572 -14.952193 -16.646713 -21.553785 -24.902994 -27.013777 -25.198714 -20.395434 -9.865196 -14.795907 -18.888090 -18.345390 -15.607707 -16.798948 -19.114330 -20.424548 -19.204879 -18.094776 -19.147454 -25.245967 -27.748176 -21.024750 -23.830672 -24.103693 -24.411907 -22.396755 -20.362389 -21.029578 -21.498171 -26.510203 
-5.145378 1.312717 1.871448 -4.125289 -8.940905 -5.875887 -6.955976 -9.883982 -12.409285 -13.936633 -13.647687 -21.132649 -15.552305 -20.196263 -22.857770 -24.168712 -23.768756 -23.803056 -12.598560 -16.777201 -22.821513 -22.154586 -21.452449 -22.649711 -24.513300 -28.265880 -26.583433 -24.522599 -26.830573 -34.455962 -31.227186 -29.855760 -31.923178 -30.617572 -26.565082 -29.800336 -28.213212 -30.785571 -31.714717 -32.201011 
1.092011 11.676061 14.702362 11.726464 8.936041 5.256217 -1.583459 4.728841 4.862696 -1.202690 -6.892513 -6.265575 -8.927622 -12.493791 -11.241891 -15.658118 -13.927506 -12.267889 -4.102560 -4.201654 -12.038714 -15.748817 -15.241169 -17.842707 -24.269052 -27.237223 -23.184829 -18.399148 -17.548428 -26.530944 -33.286920 -33.693501 -36.367670 -35.382313 -38.917453 -38.495775 -36.226706 -35.559100 -38.088640 -37.475882 
-0.683285 11.294655 9.899349 14.265861 9.701771 6.954203 0.455642 1.678540 9.468243 2.420867 -8.915250 -6.538365 -7.056953 -13.185242 -10.980254 -12.477702 -14.620842 -10.320470 -3.331742 -0.317198 -8.143812 -11.514632 -6.735293 -9.536967 -18.905923 -26.311683 -22.812374 -16.806039 -14.613519 -23.195277 -29.928223 -33.471734 -37.762790 -38.073758 -40.407468 -40.261104 -38.669136 -35.418250 -39.193232 -38.420771 
0.050281 10.565291 8.978492 14.320596 10.335190 5.725170 -2.070641 0.955416 8.941027 -1.305676 -5.863043 -5.318480 -8.902764 -11.330949 -10.559077 -13.936202 -15.874552 -14.147560 -6.937369 -0.970899 -5.145901 -10.186531 -7.211119 -8.292642 -17.808415 -26.005013 -24.069450 -16.947941 -12.283678 -22.367170 -33.518910 -34.744251 -36.850852 -39.649660 -44.139277 -45.225345 -44.140322 -38.950531 -39.841514 -40.760678 
1.770508 9.786300 9.008409 13.814565 8.234966 4.361822 -2.667830 2.944636 6.118770 -3.799231 -8.787333 -7.716436 -12.623411 -14.695398 -14.901913 -15.110960 -14.383553 -14.659324 -7.482917 -1.623600 -8.797733 -11.270716 -7.333575 -5.305065 -15.330454 -25.155216 -24.458185 -18.440175 -13.341792 -22.738001 -36.754893 -35.536890 -38.997418 -44.179024 -46.379676 -47.267277 -46.514389 -39.663142 -39.237523 -39.308373 
-0.040620 8.762168 9.255320 13.073889 5.670596 1.267938 -5.484380 2.312148 0.655556 -4.989168 -10.003699 -12.891506 -17.665185 -14.645856 -16.012706 -16.730528 -17.545505 -18.248199 -9.542978 -4.161619 -9.250572 -13.617784 -8.796365 -7.447419 -19.895923 -27.573893 -28.373813 -20.334394 -13.292264 -22.205812 -32.240719 -33.503284 -43.060731 -49.442066 -52.455272 -55.241425 -52.571777 -43.864545 -44.384707 -42.415081 
0.588971 7.270737 9.116398 11.876879 -0.711020 -4.647904 -6.872421 0.677384 -4.872120 -11.595906 -16.323734 -20.218030 -21.613730 -21.183024 -21.210436 -23.828786 -25.761065 -23.498578 -11.756411 -9.597399 -15.859097 -18.598216 -13.212657 -12.431128 -27.845763 -33.187320 -35.934831 -25.372014 -13.848362 -23.907275 -37.256162 -38.549430 -48.106726 -56.357848 -59.360726 -62.049476 -55.628217 -48.627265 -49.882314 -47.545522 
-0.196897 6.328260 9.118810 11.788279 -2.736763 -7.799979 -10.236560 -9.022944 -15.574444 -23.465339 -25.583654 -27.177318 -26.706177 -27.285478 -32.736773 -34.120255 -31.774983 -23.728483 -22.872761 -25.411906 -29.334090 -27.333517 -19.679628 -20.777976 -35.616958 -40.164651 -39.522610 -36.025956 -30.197010 -37.177131 -40.114246 -38.197048 -47.529648 -54.154315 -54.704934 -54.818820 -54.404480 -52.806813 -52.096093 -50.718252 
-0.182560 6.331057 9.677913 12.435917 -0.579480 -6.576726 -10.817604 -14.964124 -24.616276 -30.179256 -32.114943 -31.801681 -33.205942 -34.377538 -37.873617 -34.379418 -32.779427 -21.592519 -22.396238 -30.056987 -36.109618 -32.163310 -26.483618 -26.295917 -42.972433 -45.591938 -44.741963 -43.622978 -41.492302 -45.361692 -41.379397 -37.969473 -46.492056 -51.878779 -52.262707 -52.786168 -52.960487 -53.040112 -52.986184 -53.011165 
-0.685266 6.070960 9.742567 11.829446 -1.373552 -7.570544 -13.239100 -15.734684 -21.378800 -29.280660 -30.552363 -30.024436 -32.557082 -32.034220 -34.018924 -34.188943 -33.845578 -27.391167 -24.968093 -31.352945 -37.104552 -35.728791 -29.657760 -29.845384 -39.201657 -41.591953 -42.594160 -42.474620 -41.530827 -43.656784 -42.381614 -42.136729 -43.784746 -46.116886 -46.446841 -46.859766 -47.177002 -47.415875 -47.574037 -47.766484 
-3.494142 5.172572 9.245658 10.114642 -2.784566 -15.583347 -15.402765 -22.563195 -25.706966 -31.834069 -35.962135 -36.783165 -35.593565 -38.011194 -39.456864 -40.490775 -43.773860 -35.692225 -32.567987 -40.144763 -40.225182 -42.122127 -36.643127 -36.800640 -46.609345 -48.490993 -49.282326 -49.605994 -50.138310 -51.097079 -49.592607 -49.125897 -48.334832 -52.810216 -53.485756 -54.006039 -54.326915 -54.416298 -54.759064 -54.852782 
-4.312530 2.884137 5.819302 5.473976 -9.158753 -13.906873 -18.009230 -27.178772 -29.594318 -35.557639 -39.442461 -37.536670 -41.333736 -41.408677 -42.317351 -42.776080 -44.475408 -38.544613 -37.835539 -41.025163 -46.469323 -45.871467 -42.524984 -42.478800 -49.741462 -50.164344 -50.716316 -48.842427 -45.536590 -51.582317 -48.959186 -49.341198 -51.564964 -54.166994 -54.814139 -55.308819 -55.499385 -55.881917 -56.209721 -56.326317 
-13.343084 -2.808665 -3.657688 -2.678895 -14.913387 -27.927370 -31.538106 -31.094451 -33.639599 -38.184018 -37.834753 -38.895173 -40.659688 -41.401720 -42.396275 -43.402979 -43.779941 -42.281105 -45.160880 -44.653992 -46.649276 -46.804266 -47.305571 -46.867166 -49.332370 -50.194326 -49.957591 -49.919752 -46.196076 -49.333437 -49.615857 -50.551825 -52.046364 -54.520062 -55.111335 -55.436687 -55.486387 -55.898710 -56.199644 -56.270317 
-16.805349 -11.367353 -11.445131 -10.623780 -21.536576 -29.993635 -39.479298 -39.023707 -41.718810 -41.994344 -46.124861 -55.054009 -53.987705 -56.075851 -55.942210 -53.033489 -51.734080 -52.654134 -50.266835 -51.910058 -57.417210 -59.653137 -55.793654 -56.420203 -60.239603 -60.931559 -58.265265 -55.856794 -49.016192 -52.939520 -55.469015 -58.164366 -59.221183 -65.061715 -67.965052 -62.948962 -64.484902 -69.634176 -64.721708 -66.056247 
-28.014928 -22.392699 -22.830534 -24.264031 -29.372578 -37.888570 -43.592824 -48.276995 -45.521101 -49.761590 -54.815987 -66.456981 -64.138938 -64.161018 -62.679208 -59.913842 -62.289257 -62.356304 -55.242176 -58.622302 -62.095824 -58.843025 -60.558339 -57.985875 -65.825428 -61.546241 -64.468394 -62.476772 -58.349981 -60.410801 -65.815638 -63.856905 -63.515081 -67.556722 -69.430051 -64.604945 -64.178469 -67.377261 -66.934737 -70.729651 
-25.918068 -28.365492 -29.533156 -36.298924 -45.112798 -46.759173 -47.955439 -46.283507 -56.875403 -58.418917 -65.044987 -68.530346 -60.381413 -60.911091 -62.356592 -63.526718 -62.434636 -59.498231 -53.860678 -59.178533 -62.348141 -63.364022 -61.417015 -63.539385 -66.986550 -65.053939 -64.207670 -66.021252 -62.896249 -65.447311 -67.182949 -60.773498 -63.378326 -68.084420 -67.862530 -65.251257 -64.955844 -66.174294 -66.239741 -67.930896 
-29.966246 -27.041821 -31.379269 -34.785385 -45.102041 -46.052500 -49.451200 -45.728263 -51.946734 -56.646160 -60.388615 -67.468785 -63.381713 -57.323835 -55.165457 -59.506142 -59.332585 -58.246557 -58.998169 -61.729358 -63.387003 -66.036876 -62.542794 -63.810582 -67.860926 -67.989598 -65.809501 -64.940417 -62.322943 -62.933305 -69.187268 -65.895614 -66.113571 -69.240469 -68.847139 -66.855996 -67.793067 -68.372448 -67.890580 -68.251824 
-28.469264 -26.557307 -33.616295 -31.411025 -31.279550 -30.006399 -30.420871 -31.218338 -39.177819 -34.193980 -30.827014 -31.166143 -36.039404 -34.944780 -30.554263 -33.281946 -37.469534 -31.048027 -34.312633 -34.848226 -31.348076 -37.295928 -31.498944 -35.586786 -30.962558 -33.985348 -32.068303 -34.519934 -36.090359 -35.108204 -37.795038 -39.429089 -39.392147 -40.763070 -43.441226 -45.847086 -45.989413 -47.569225 -50.585554 -51.768460 
-10.992359 -8.778540 -11.264458 -12.889932 -11.193680 -8.265530 -7.180061 -8.267895 -11.817561 -10.598583 -9.179093 -8.537156 -10.552242 -10.132443 -9.371633 -13.789418 -17.252982 -16.595484 -12.413794 -10.906841 -12.796819 -17.547853 -13.490029 -15.570441 -12.742309 -14.742225 -13.622152 -16.840891 -16.132897 -15.774492 -16.838192 -19.376528 -20.603673 -21.294963 -26.934447 -29.110363 -29.886335 -31.152179 -34.564353 -32.700994 
-6.156356 -6.823856 -14.393986 -23.641379 -19.891172 -14.137026 -14.250594 -11.398681 -16.330034 -15.065319 -17.094439 -14.496213 -16.466107 -17.168534 -16.371364 -19.692678 -23.553960 -26.030009 -15.496631 -14.439746 -21.099472 -23.209474 -21.210451 -18.924397 -21.574946 -17.404364 -15.741391 -10.922783 -6.452451 -8.039505 -9.322081 -12.428107 -11.733891 -15.467441 -21.579738 -23.857919 -21.390392 -22.411081 -26.469351 -28.752043 
-9.587303 -17.895365 -29.669291 -29.620050 -29.585950 -28.665676 -25.685157 -26.843286 -25.101709 -23.251455 -23.505021 -26.618253 -27.055566 -27.065140 -28.519942 -33.993812 -29.430035 -24.804039 -16.734891 -15.110642 -20.397681 -25.514160 -20.083277 -19.355231 -27.439480 -23.074207 -18.132239 -13.873758 -12.549746 -10.124236 -9.210925 -12.594659 -13.082658 -17.124816 -19.788130 -25.441837 -22.504784 -22.863505 -26.971448 -28.009587 
-13.427505 -17.650107 -23.633865 -29.644637 -29.401920 -27.594200 -25.528495 -24.709353 -22.123736 -23.206835 -26.436653 -24.189743 -26.660193 -27.685042 -30.644297 -32.525458 -34.836290 -29.690367 -16.881450 -15.220748 -28.285220 -25.246513 -19.749799 -18.187933 -24.886650 -21.577237 -19.487349 -13.109482 -15.591765 -17.874660 -14.707226 -15.503071 -17.780268 -19.923452 -22.660609 -26.128337 -23.915744 -23.091554 -27.936219 -31.797577 
-19.482690 -21.398491 -28.285306 -27.294287 -32.129946 -31.790443 -29.727150 -21.765418 -20.750969 -29.023138 -34.287975 -26.303856 -21.966250 -24.287257 -29.501106 -33.300103 -29.651474 -26.955092 -12.401917 -18.039528 -30.767108 -29.757291 -22.486842 -19.770431 -31.714547 -23.777545 -25.225503 -14.935626 -16.618007 -17.243590 -14.947852 -20.941208 -26.150265 -25.650861 -28.917782 -32.370273 -28.311758 -28.110582 -31.136435 -34.741114 
-19.531483 -24.566588 -31.805494 -28.044033 -29.627183 -29.621160 -24.037734 -18.987203 -20.463030 -26.557643 -32.704252 -29.305873 -24.994530 -28.404005 -31.420104 -32.660132 -34.099636 -30.985668 -16.940989 -20.217827 -35.245899 -31.754073 -21.959845 -19.331308 -37.543066 -31.448817 -25.161851 -17.805086 -20.281023 -23.539719 -22.839868 -26.113822 -24.808903 -28.641857 -30.759823 -36.698292 -35.294982 -33.375223 -36.574691 -40.945245 
-21.510676 -25.782825 -26.458944 -34.873174 -35.832061 -33.341911 -22.991074 -16.343193 -19.889655 -35.921090 -30.896512 -26.339927 -25.057416 -30.369752 -31.985049 -35.196677 -40.363258 -35.600525 -23.396267 -25.246578 -37.868447 -33.072539 -25.373200 -23.857237 -35.639727 -33.903644 -32.320398 -23.845721 -27.033012 -28.617823 -26.779957 -26.740268 -29.341283 -34.845584 -37.771104 -41.418301 -39.132506 -39.140492 -44.275641 -46.440343 
-22.276359 -23.920145 -24.943783 -27.438155 -34.596495 -37.054295 -29.290017 -21.507714 -23.693801 -34.690363 -34.217176 -26.620497 -25.868669 -35.087374 -38.040183 -39.431173 -41.175708 -33.712650 -20.170603 -25.722335 -40.457281 -37.591847 -29.060506 -29.586524 -40.140261 -44.457882 -37.498518 -24.060510 -27.077458 -35.840059 -33.590414 -37.841188 -37.161500 -42.879881 -43.289707 -47.472147 -46.865237 -45.197055 -49.164939 -51.224249 
-20.951468 -24.877808 -34.489745 -32.167997 -34.563572 -33.006040 -28.147453 -27.456600 -26.400151 -35.162026 -36.765314 -30.065255 -28.985389 -36.700325 -37.958873 -38.167585 -47.164194 -38.048031 -29.183666 -32.581783 -39.411441 -37.144319 -34.871251 -36.384052 -45.888267 -46.857729 -38.011701 -30.765553 -35.743217 -42.551984 -44.132848 -43.703232 -47.380365 -47.322590 -47.900835 -55.076808 -50.022518 -50.334969 -54.131856 -54.011192 
-19.400555 -25.529955 -29.210024 -28.941100 -33.804851 -34.680684 -26.689915 -26.255563 -31.130243 -37.265412 -38.273284 -40.482196 -32.221112 -36.199618 -45.773914 -44.769142 -44.909651 -36.819516 -25.889296 -37.923659 -47.033625 -46.251052 -43.822088 -45.323608 -48.445780 -47.837244 -45.435951 -38.455447 -42.186527 -51.787976 -54.335272 -50.099937 -55.007868 -54.618880 -55.186657 -60.432467 -56.839871 -57.877587 -59.301978 -60.716896 
-19.659690 -22.322789 -33.742797 -36.401663 -33.724799 -32.499223 -34.993591 -31.645043 -36.026489 -46.280225 -41.157358 -41.559223 -38.276327 -42.813039 -48.658952 -51.850711 -54.652319 -40.986253 -32.573149 -45.729839 -51.054583 -49.860256 -47.960832 -48.999830 -56.776361 -58.489789 -53.185923 -46.937313 -53.003315 -54.308210 -61.400059 -59.220760 -62.278910 -61.671090 -61.663606 -65.468380 -61.796711 -65.744967 -64.518890 -65.668345 
-25.228036 -36.078465 -39.587198 -41.192937 -40.327634 -46.486555 -46.377280 -38.200882 -39.995141 -44.019483 -53.409942 -43.716191 -38.354370 -45.875034 -55.945028 -55.443937 -58.681967 -53.773266 -48.110974 -55.142543 -61.733954 -57.925793 -56.225317 -51.754647 -58.718005 -57.358946 -58.513141 -53.113689 -60.356795 -60.656462 -61.372588 -60.786289 -63.815717 -64.493085 -65.014738 -70.313286 -65.668620 -67.929232 -64.340821 -64.701413 
-31.360717 -36.881303 -46.069533 -52.715697 -50.724124 -49.696019 -51.042972 -50.409653 -50.803036 -54.657907 -60.344312 -53.155493 -53.290809 -62.602509 -60.457459 -61.419726 -67.519815 -64.434929 -63.837491 -62.801169 -63.986604 -59.213972 -60.993221 -60.872038 -65.895241 -66.719824 -61.742064 -62.755280 -63.939557 -66.084196 -64.361219 -65.858458 -71.816390 -67.941280 -67.680432 -71.223653 -70.608490 -69.212989 -68.530018 -71.415966 
-62.300602 -65.519809 -64.213219 -67.748268 -69.101923 -65.114201 -65.146522 -69.456812 -66.289917 -70.946260 -69.651516 -67.022990 -66.208011 -73.067016 -68.431127 -71.537456 -73.106161 -70.659932 -65.562008 -70.488972 -71.804226 -71.870922 -70.227932 -70.421635 -71.914281 -69.817737 -71.063489 -71.360469 -70.225794 -69.543459 -72.038492 -72.129853 -72.118845 -69.338858 -70.894263 -72.374624 -70.038349 -70.593861 -72.661023 -75.685466 
-57.118606 -71.441796 -73.345993 -69.339025 -72.677658 -72.441107 -67.766610 -69.862191 -72.796027 -77.608374 -71.158749 -71.688658 -72.610528 -71.625467 -70.825974 -79.176921 -77.566496 -78.701581 -79.118004 -76.596968 -75.285900 -70.127099 -72.266954 -75.104143 -74.121565 -72.673524 -71.555556 -75.862249 -73.029223 -72.607181 -74.408029 -78.573947 -75.231910 -72.725063 -73.334595 -75.116908 -72.862066 -71.867429 -74.637423 -76.780009 
-56.244577 -68.642913 -73.729456 -73.759498 -77.207684 -71.151524 -71.148385 -73.872005 -70.755991 -78.614657 -77.377134 -74.414558 -68.275083 -74.074710 -76.903654 -76.063539 -67.890301 -68.798768 -75.729810 -79.308839 -76.139052 -73.830875 -74.443447 -73.846851 -75.506277 -76.237339 -75.781596 -74.239888 -77.253819 -74.480793 -70.656763 -72.316297 -74.143592 -71.414244 -70.557445 -73.875309 -73.005182 -75.131269 -74.792285 -74.439697 
-56.208197 -72.335682 -74.311852 -73.186358 -72.698908 -71.800521 -68.934373 -72.414436 -65.882315 -74.227872 -72.620876 -73.796670 -68.698106 -68.974647 -74.202141 -73.438851 -69.383507 -70.668161 -77.242895 -72.367737 -69.716924 -74.306545 -74.196747 -75.164402 -72.234144 -73.457301 -73.362212 -71.392398 -73.796937 -77.441941 -70.656552 -72.263879 -71.285326 -73.380276 -73.836146 -72.175609 -72.437512 -73.900074 -73.716567 -74.425001 
-58.356343 -73.878113 -75.379033 -69.427333 -75.138705 -73.002375 -71.281621 -67.794672 -66.064514 -71.204682 -75.693621 -73.806094 -72.361921 -70.878504 -74.626395 -71.577304 -70.792929 -69.570147 -68.657395 -70.788578 -74.380070 -73.389086 -71.531971 -68.502262 -73.271428 -74.583733 -76.295576 -75.163842 -75.741485 -74.746108 -74.289063 -75.411548 -72.822161 -70.968584 -70.946926 -74.295257 -74.015386 -73.333506 -74.639698 -74.156804 
-56.686322 -80.205024 -72.777598 -69.592286 -70.144661 -76.122254 -79.650476 -71.861625 -76.069708 -70.276869 -74.221655 -75.347716 -79.626584 -79.014893 -73.729952 -72.535764 -71.327606 -74.204934 -72.076230 -72.452972 -70.343142 -70.774410 -69.185481 -72.242963 -73.599737 -73.895576 -72.005105 -72.186825 -73.944369 -73.152202 -75.090787 -73.180135 -74.103967 -71.999245 -73.292190 -75.111855 -72.038632 -73.600982 -73.519833 -72.961501 
-56.107338 -79.301768 -83.460030 -80.197972 -73.652406 -74.396295 -70.690733 -72.207528 -75.990448 -76.452207 -70.121355 -76.698883 -75.216198 -75.935712 -74.156182 -75.448057 -71.507824 -73.076411 -71.974709 -74.858018 -79.601181 -75.634920 -72.444714 -72.697608 -74.971781 -75.493931 -73.293996 -75.401468 -72.286512 -76.167001 -72.603620 -71.838363 -75.512892 -73.439493 -75.682039 -75.180071 -72.439169 -71.573030 -74.196796 -73.955004 
-55.953403 -81.614559 -80.315507 -72.641299 -77.765920 -74.223567 -70.039524 -79.157309 -78.985947 -73.500691 -70.952937 -74.221464 -73.148762 -76.561280 -79.062381 -74.796629 -76.721921 -82.424553 -79.019709 -73.667763 -79.130658 -75.445743 -71.936983 -72.965503 -74.972986 -74.196776 -70.959861 -74.034226 -74.302223 -77.306495 -74.320907 -73.135247 -73.127588 -73.961443 -73.351664 -73.305266 -72.387430 -73.248780 -72.451385 -76.408873 
-54.396440 -62.086793 -65.843698 -66.058920 -69.416976 -75.594955 -74.202408 -72.950220 -75.929802 -75.508392 -73.514192 -71.919350 -71.454439 -74.906391 -72.570264 -73.316756 -72.432681 -72.936070 -77.739531 -74.851876 -76.722510 -71.320003 -73.673764 -74.280780 -77.966338 -74.496018 -69.640448 -72.957507 -70.544650 -72.357666 -73.810654 -70.681794 -73.273821 -77.487692 -75.189622 -74.264301 -76.357250 -77.998854 -75.764767 -78.603612 
-73.931084 -74.783574 -77.830510 -80.558229 -84.572720 -92.391836 -91.770988 -87.322011 -97.377380 -96.261635 -91.394512 -98.255235 -91.562132 -88.271557 -85.313121 -86.371097 -85.219792 -85.877570 -91.360278 -89.950577 -88.133222 -86.786945 -91.779307 -89.216969 -91.758485 -90.368556 -88.241583 -89.046993 -87.039796 -86.034723 -87.647116 -85.237445 -89.630461 -89.733233 -88.000627 -88.308610 -91.435202 -92.357166 -92.868084 -93.009009 
NaN NaN NaN NaN NaN NaN NaN NaN NaN NaN NaN NaN NaN NaN NaN NaN NaN NaN NaN NaN NaN NaN NaN NaN NaN NaN NaN NaN NaN NaN NaN NaN NaN NaN NaN NaN NaN NaN NaN NaN 
NaN NaN NaN NaN NaN NaN NaN NaN NaN NaN NaN NaN NaN NaN NaN NaN NaN NaN NaN NaN NaN NaN NaN NaN NaN NaN NaN NaN NaN NaN NaN NaN NaN NaN NaN NaN NaN NaN NaN NaN 
NaN NaN NaN NaN NaN NaN NaN NaN NaN NaN NaN NaN NaN NaN NaN NaN NaN NaN NaN NaN NaN NaN NaN NaN NaN NaN NaN NaN NaN NaN NaN NaN NaN NaN NaN NaN NaN NaN NaN NaN 
NaN NaN NaN NaN NaN NaN NaN NaN NaN NaN NaN NaN NaN NaN NaN NaN NaN NaN NaN NaN NaN NaN NaN NaN NaN NaN NaN NaN NaN NaN NaN NaN NaN NaN NaN NaN NaN NaN NaN NaN 
NaN NaN NaN NaN NaN NaN NaN NaN NaN NaN NaN NaN NaN NaN NaN NaN NaN NaN NaN NaN NaN NaN NaN NaN NaN NaN NaN NaN NaN NaN NaN NaN NaN NaN NaN NaN NaN NaN NaN NaN 
NaN NaN NaN NaN NaN NaN NaN NaN NaN NaN NaN NaN NaN NaN NaN NaN NaN NaN NaN NaN NaN NaN NaN NaN NaN NaN NaN NaN NaN NaN NaN NaN NaN NaN NaN NaN NaN NaN NaN NaN 
NaN NaN NaN NaN NaN NaN NaN NaN NaN NaN NaN NaN NaN NaN NaN NaN NaN NaN NaN NaN NaN NaN NaN NaN NaN NaN NaN NaN NaN NaN NaN NaN NaN NaN NaN NaN NaN NaN NaN NaN 
NaN NaN NaN NaN NaN NaN NaN NaN NaN NaN NaN NaN NaN NaN NaN NaN NaN NaN NaN NaN NaN NaN NaN NaN NaN NaN NaN NaN NaN NaN NaN NaN NaN NaN NaN NaN NaN NaN NaN NaN 
NaN NaN NaN NaN NaN NaN NaN NaN NaN NaN NaN NaN NaN NaN NaN NaN NaN NaN NaN NaN NaN NaN NaN NaN NaN NaN NaN NaN NaN NaN NaN NaN NaN NaN NaN NaN NaN NaN NaN NaN 
NaN NaN NaN NaN NaN NaN NaN NaN NaN NaN NaN NaN NaN NaN NaN NaN NaN NaN NaN NaN NaN NaN NaN NaN NaN NaN NaN NaN NaN NaN NaN NaN NaN NaN NaN NaN NaN NaN NaN NaN 
NaN NaN NaN NaN NaN NaN NaN NaN NaN NaN NaN NaN NaN NaN NaN NaN NaN NaN NaN NaN NaN NaN NaN NaN NaN NaN NaN NaN NaN NaN NaN NaN NaN NaN NaN NaN NaN NaN NaN NaN 
NaN NaN NaN NaN NaN NaN NaN NaN NaN NaN NaN NaN NaN NaN NaN NaN NaN NaN NaN NaN NaN NaN NaN NaN NaN NaN NaN NaN NaN NaN NaN NaN NaN NaN NaN NaN NaN NaN NaN NaN 
NaN NaN NaN NaN NaN NaN NaN NaN NaN NaN NaN NaN NaN NaN NaN NaN NaN NaN NaN NaN NaN NaN NaN NaN NaN NaN NaN NaN NaN NaN NaN NaN NaN NaN NaN NaN NaN NaN NaN NaN 
NaN NaN NaN NaN NaN NaN NaN NaN NaN NaN NaN NaN NaN NaN NaN NaN NaN NaN NaN NaN NaN NaN NaN NaN NaN NaN NaN NaN NaN NaN NaN NaN NaN NaN NaN NaN NaN NaN NaN NaN 
NaN NaN NaN NaN NaN NaN NaN NaN NaN NaN NaN NaN NaN NaN NaN NaN NaN NaN NaN NaN NaN NaN NaN NaN NaN NaN NaN NaN NaN NaN NaN NaN NaN NaN NaN NaN NaN NaN NaN NaN 
NaN NaN NaN NaN NaN NaN NaN NaN NaN NaN NaN NaN NaN NaN NaN NaN NaN NaN NaN NaN NaN NaN NaN NaN NaN NaN NaN NaN NaN NaN NaN NaN NaN NaN NaN NaN NaN NaN NaN NaN 
NaN NaN NaN NaN NaN NaN NaN NaN NaN NaN NaN NaN NaN NaN NaN NaN NaN NaN NaN NaN NaN NaN NaN NaN NaN NaN NaN NaN NaN NaN NaN NaN NaN NaN NaN NaN NaN NaN NaN NaN 
NaN NaN NaN NaN NaN NaN NaN NaN NaN NaN NaN NaN NaN NaN NaN NaN NaN NaN NaN NaN NaN NaN NaN NaN NaN NaN NaN NaN NaN NaN NaN NaN NaN NaN NaN NaN NaN NaN NaN NaN 
NaN NaN NaN NaN NaN NaN NaN NaN NaN NaN NaN NaN NaN NaN NaN NaN NaN NaN NaN NaN NaN NaN NaN NaN NaN NaN NaN NaN NaN NaN NaN NaN NaN NaN NaN NaN NaN NaN NaN NaN 
NaN NaN NaN NaN NaN NaN NaN NaN NaN NaN NaN NaN NaN NaN NaN NaN NaN NaN NaN NaN NaN NaN NaN NaN NaN NaN NaN NaN NaN NaN NaN NaN NaN NaN NaN NaN NaN NaN NaN NaN 
NaN NaN NaN NaN NaN NaN NaN NaN NaN NaN NaN NaN NaN NaN NaN NaN NaN NaN NaN NaN NaN NaN NaN NaN NaN NaN NaN NaN NaN NaN NaN NaN NaN NaN NaN NaN NaN NaN NaN NaN 
NaN NaN NaN NaN NaN NaN NaN NaN NaN NaN NaN NaN NaN NaN NaN NaN NaN NaN NaN NaN NaN NaN NaN NaN NaN NaN NaN NaN NaN NaN NaN NaN NaN NaN NaN NaN NaN NaN NaN NaN 
NaN NaN NaN NaN NaN NaN NaN NaN NaN NaN NaN NaN NaN NaN NaN NaN NaN NaN NaN NaN NaN NaN NaN NaN NaN NaN NaN NaN NaN NaN NaN NaN NaN NaN NaN NaN NaN NaN NaN NaN 
NaN NaN NaN NaN NaN NaN NaN NaN NaN NaN NaN NaN NaN NaN NaN NaN NaN NaN NaN NaN NaN NaN NaN NaN NaN NaN NaN NaN NaN NaN NaN NaN NaN NaN NaN NaN NaN NaN NaN NaN 
NaN NaN NaN NaN NaN NaN NaN NaN NaN NaN NaN NaN NaN NaN NaN NaN NaN NaN NaN NaN NaN NaN NaN NaN NaN NaN NaN NaN NaN NaN NaN NaN NaN NaN NaN NaN NaN NaN NaN NaN 
NaN NaN NaN NaN NaN NaN NaN NaN NaN NaN NaN NaN NaN NaN NaN NaN NaN NaN NaN NaN NaN NaN NaN NaN NaN NaN NaN NaN NaN NaN NaN NaN NaN NaN NaN NaN NaN NaN NaN NaN 
NaN NaN NaN NaN NaN NaN NaN NaN NaN NaN NaN NaN NaN NaN NaN NaN NaN NaN NaN NaN NaN NaN NaN NaN NaN NaN NaN NaN NaN NaN NaN NaN NaN NaN NaN NaN NaN NaN NaN NaN 
NaN NaN NaN NaN NaN NaN NaN NaN NaN NaN NaN NaN NaN NaN NaN NaN NaN NaN NaN NaN NaN NaN NaN NaN NaN NaN NaN NaN NaN NaN NaN NaN NaN NaN NaN NaN NaN NaN NaN NaN 
NaN NaN NaN NaN NaN NaN NaN NaN NaN NaN NaN NaN NaN NaN NaN NaN NaN NaN NaN NaN NaN NaN NaN NaN NaN NaN NaN NaN NaN NaN NaN NaN NaN NaN NaN NaN NaN NaN NaN NaN 
NaN NaN NaN NaN NaN NaN NaN NaN NaN NaN NaN NaN NaN NaN NaN NaN NaN NaN NaN NaN NaN NaN NaN NaN NaN NaN NaN NaN NaN NaN NaN NaN NaN NaN NaN NaN NaN NaN NaN NaN 
NaN NaN NaN NaN NaN NaN NaN NaN NaN NaN NaN NaN NaN NaN NaN NaN NaN NaN NaN NaN NaN NaN NaN NaN NaN NaN NaN NaN NaN NaN NaN NaN NaN NaN NaN NaN NaN NaN NaN NaN 
NaN NaN NaN NaN NaN NaN NaN NaN NaN NaN NaN NaN NaN NaN NaN NaN NaN NaN NaN NaN NaN NaN NaN NaN NaN NaN NaN NaN NaN NaN NaN NaN NaN NaN NaN NaN NaN NaN NaN NaN 
NaN NaN NaN NaN NaN NaN NaN NaN NaN NaN NaN NaN NaN NaN NaN NaN NaN NaN NaN NaN NaN NaN NaN NaN NaN NaN NaN NaN NaN NaN NaN NaN NaN NaN NaN NaN NaN NaN NaN NaN 
NaN NaN NaN NaN NaN NaN NaN NaN NaN NaN NaN NaN NaN NaN NaN NaN NaN NaN NaN NaN NaN NaN NaN NaN NaN NaN NaN NaN NaN NaN NaN NaN NaN NaN NaN NaN NaN NaN NaN NaN 
NaN NaN NaN NaN NaN NaN NaN NaN NaN NaN NaN NaN NaN NaN NaN NaN NaN NaN NaN NaN NaN NaN NaN NaN NaN NaN NaN NaN NaN NaN NaN NaN NaN NaN NaN NaN NaN NaN NaN NaN 
NaN NaN NaN NaN NaN NaN NaN NaN NaN NaN NaN NaN NaN NaN NaN NaN NaN NaN NaN NaN NaN NaN NaN NaN NaN NaN NaN NaN NaN NaN NaN NaN NaN NaN NaN NaN NaN NaN NaN NaN 
NaN NaN NaN NaN NaN NaN NaN NaN NaN NaN NaN NaN NaN NaN NaN NaN NaN NaN NaN NaN NaN NaN NaN NaN NaN NaN NaN NaN NaN NaN NaN NaN NaN NaN NaN NaN NaN NaN NaN NaN 
NaN NaN NaN NaN NaN NaN NaN NaN NaN NaN NaN NaN NaN NaN NaN NaN NaN NaN NaN NaN NaN NaN NaN NaN NaN NaN NaN NaN NaN NaN NaN NaN NaN NaN NaN NaN NaN NaN NaN NaN 
NaN NaN NaN NaN NaN NaN NaN NaN NaN NaN NaN NaN NaN NaN NaN NaN NaN NaN NaN NaN NaN NaN NaN NaN NaN NaN NaN NaN NaN NaN NaN NaN NaN NaN NaN NaN NaN NaN NaN NaN 
NaN NaN NaN NaN NaN NaN NaN NaN NaN NaN NaN NaN NaN NaN NaN NaN NaN NaN NaN NaN NaN NaN NaN NaN NaN NaN NaN NaN NaN NaN NaN NaN NaN NaN NaN NaN NaN NaN NaN NaN 
NaN NaN NaN NaN NaN NaN NaN NaN NaN NaN NaN NaN NaN NaN NaN NaN NaN NaN NaN NaN NaN NaN NaN NaN NaN NaN NaN NaN NaN NaN NaN NaN NaN NaN NaN NaN NaN NaN NaN NaN 
NaN NaN NaN NaN NaN NaN NaN NaN NaN NaN NaN NaN NaN NaN NaN NaN NaN NaN NaN NaN NaN NaN NaN NaN NaN NaN NaN NaN NaN NaN NaN NaN NaN NaN NaN NaN NaN NaN NaN NaN 
NaN NaN NaN NaN NaN NaN NaN NaN NaN NaN NaN NaN NaN NaN NaN NaN NaN NaN NaN NaN NaN NaN NaN NaN NaN NaN NaN NaN NaN NaN NaN NaN NaN NaN NaN NaN NaN NaN NaN NaN 
NaN NaN NaN NaN NaN NaN NaN NaN NaN NaN NaN NaN NaN NaN NaN NaN NaN NaN NaN NaN NaN NaN NaN NaN NaN NaN NaN NaN NaN NaN NaN NaN NaN NaN NaN NaN NaN NaN NaN NaN 
NaN NaN NaN NaN NaN NaN NaN NaN NaN NaN NaN NaN NaN NaN NaN NaN NaN NaN NaN NaN NaN NaN NaN NaN NaN NaN NaN NaN NaN NaN NaN NaN NaN NaN NaN NaN NaN NaN NaN NaN 
NaN NaN NaN NaN NaN NaN NaN NaN NaN NaN NaN NaN NaN NaN NaN NaN NaN NaN NaN NaN NaN NaN NaN NaN NaN NaN NaN NaN NaN NaN NaN NaN NaN NaN NaN NaN NaN NaN NaN NaN 
NaN NaN NaN NaN NaN NaN NaN NaN NaN NaN NaN NaN NaN NaN NaN NaN NaN NaN NaN NaN NaN NaN NaN NaN NaN NaN NaN NaN NaN NaN NaN NaN NaN NaN NaN NaN NaN NaN NaN NaN 
NaN NaN NaN NaN NaN NaN NaN NaN NaN NaN NaN NaN NaN NaN NaN NaN NaN NaN NaN NaN NaN NaN NaN NaN NaN NaN NaN NaN NaN NaN NaN NaN NaN NaN NaN NaN NaN NaN NaN NaN 
NaN NaN NaN NaN NaN NaN NaN NaN NaN NaN NaN NaN NaN NaN NaN NaN NaN NaN NaN NaN NaN NaN NaN NaN NaN NaN NaN NaN NaN NaN NaN NaN NaN NaN NaN NaN NaN NaN NaN NaN 
NaN NaN NaN NaN NaN NaN NaN NaN NaN NaN NaN NaN NaN NaN NaN NaN NaN NaN NaN NaN NaN NaN NaN NaN NaN NaN NaN NaN NaN NaN NaN NaN NaN NaN NaN NaN NaN NaN NaN NaN 
NaN NaN NaN NaN NaN NaN NaN NaN NaN NaN NaN NaN NaN NaN NaN NaN NaN NaN NaN NaN NaN NaN NaN NaN NaN NaN NaN NaN NaN NaN NaN NaN NaN NaN NaN NaN NaN NaN NaN NaN 
NaN NaN NaN NaN NaN NaN NaN NaN NaN NaN NaN NaN NaN NaN NaN NaN NaN NaN NaN NaN NaN NaN NaN NaN NaN NaN NaN NaN NaN NaN NaN NaN NaN NaN NaN NaN NaN NaN NaN NaN 
NaN NaN NaN NaN NaN NaN NaN NaN NaN NaN NaN NaN NaN NaN NaN NaN NaN NaN NaN NaN NaN NaN NaN NaN NaN NaN NaN NaN NaN NaN NaN NaN NaN NaN NaN NaN NaN NaN NaN NaN 
NaN NaN NaN NaN NaN NaN NaN NaN NaN NaN NaN NaN NaN NaN NaN NaN NaN NaN NaN NaN NaN NaN NaN NaN NaN NaN NaN NaN NaN NaN NaN NaN NaN NaN NaN NaN NaN NaN NaN NaN 
NaN NaN NaN NaN NaN NaN NaN NaN NaN NaN NaN NaN NaN NaN NaN NaN NaN NaN NaN NaN NaN NaN NaN NaN NaN NaN NaN NaN NaN NaN NaN NaN NaN NaN NaN NaN NaN NaN NaN NaN 
NaN NaN NaN NaN NaN NaN NaN NaN NaN NaN NaN NaN NaN NaN NaN NaN NaN NaN NaN NaN NaN NaN NaN NaN NaN NaN NaN NaN NaN NaN NaN NaN NaN NaN NaN NaN NaN NaN NaN NaN 
NaN NaN NaN NaN NaN NaN NaN NaN NaN NaN NaN NaN NaN NaN NaN NaN NaN NaN NaN NaN NaN NaN NaN NaN NaN NaN NaN NaN NaN NaN NaN NaN NaN NaN NaN NaN NaN NaN NaN NaN 
NaN NaN NaN NaN NaN NaN NaN NaN NaN NaN NaN NaN NaN NaN NaN NaN NaN NaN NaN NaN NaN NaN NaN NaN NaN NaN NaN NaN NaN NaN NaN NaN NaN NaN NaN NaN NaN NaN NaN NaN 
NaN NaN NaN NaN NaN NaN NaN NaN NaN NaN NaN NaN NaN NaN NaN NaN NaN NaN NaN NaN NaN NaN NaN NaN NaN NaN NaN NaN NaN NaN NaN NaN NaN NaN NaN NaN NaN NaN NaN NaN 
NaN NaN NaN NaN NaN NaN NaN NaN NaN NaN NaN NaN NaN NaN NaN NaN NaN NaN NaN NaN NaN NaN NaN NaN NaN NaN NaN NaN NaN NaN NaN NaN NaN NaN NaN NaN NaN NaN NaN NaN 
NaN NaN NaN NaN NaN NaN NaN NaN NaN NaN NaN NaN NaN NaN NaN NaN NaN NaN NaN NaN NaN NaN NaN NaN NaN NaN NaN NaN NaN NaN NaN NaN NaN NaN NaN NaN NaN NaN NaN NaN 
NaN NaN NaN NaN NaN NaN NaN NaN NaN NaN NaN NaN NaN NaN NaN NaN NaN NaN NaN NaN NaN NaN NaN NaN NaN NaN NaN NaN NaN NaN NaN NaN NaN NaN NaN NaN NaN NaN NaN NaN 
NaN NaN NaN NaN NaN NaN NaN NaN NaN NaN NaN NaN NaN NaN NaN NaN NaN NaN NaN NaN NaN NaN NaN NaN NaN NaN NaN NaN NaN NaN NaN NaN NaN NaN NaN NaN NaN NaN NaN NaN 
NaN NaN NaN NaN NaN NaN NaN NaN NaN NaN NaN NaN NaN NaN NaN NaN NaN NaN NaN NaN NaN NaN NaN NaN NaN NaN NaN NaN NaN NaN NaN NaN NaN NaN NaN NaN NaN NaN NaN NaN 
NaN NaN NaN NaN NaN NaN NaN NaN NaN NaN NaN NaN NaN NaN NaN NaN NaN NaN NaN NaN NaN NaN NaN NaN NaN NaN NaN NaN NaN NaN NaN NaN NaN NaN NaN NaN NaN NaN NaN NaN 
NaN NaN NaN NaN NaN NaN NaN NaN NaN NaN NaN NaN NaN NaN NaN NaN NaN NaN NaN NaN NaN NaN NaN NaN NaN NaN NaN NaN NaN NaN NaN NaN NaN NaN NaN NaN NaN NaN NaN NaN 
NaN NaN NaN NaN NaN NaN NaN NaN NaN NaN NaN NaN NaN NaN NaN NaN NaN NaN NaN NaN NaN NaN NaN NaN NaN NaN NaN NaN NaN NaN NaN NaN NaN NaN NaN NaN NaN NaN NaN NaN 
NaN NaN NaN NaN NaN NaN NaN NaN NaN NaN NaN NaN NaN NaN NaN NaN NaN NaN NaN NaN NaN NaN NaN NaN NaN NaN NaN NaN NaN NaN NaN NaN NaN NaN NaN NaN NaN NaN NaN NaN 
NaN NaN NaN NaN NaN NaN NaN NaN NaN NaN NaN NaN NaN NaN NaN NaN NaN NaN NaN NaN NaN NaN NaN NaN NaN NaN NaN NaN NaN NaN NaN NaN NaN NaN NaN NaN NaN NaN NaN NaN 
NaN NaN NaN NaN NaN NaN NaN NaN NaN NaN NaN NaN NaN NaN NaN NaN NaN NaN NaN NaN NaN NaN NaN NaN NaN NaN NaN NaN NaN NaN NaN NaN NaN NaN NaN NaN NaN NaN NaN NaN 
NaN NaN NaN NaN NaN NaN NaN NaN NaN NaN NaN NaN NaN NaN NaN NaN NaN NaN NaN NaN NaN NaN NaN NaN NaN NaN NaN NaN NaN NaN NaN NaN NaN NaN NaN NaN NaN NaN NaN NaN 
NaN NaN NaN NaN NaN NaN NaN NaN NaN NaN NaN NaN NaN NaN NaN NaN NaN NaN NaN NaN NaN NaN NaN NaN NaN NaN NaN NaN NaN NaN NaN NaN NaN NaN NaN NaN NaN NaN NaN NaN 
NaN NaN NaN NaN NaN NaN NaN NaN NaN NaN NaN NaN NaN NaN NaN NaN NaN NaN NaN NaN NaN NaN NaN NaN NaN NaN NaN NaN NaN NaN NaN NaN NaN NaN NaN NaN NaN NaN NaN NaN 
NaN NaN NaN NaN NaN NaN NaN NaN NaN NaN NaN NaN NaN NaN NaN NaN NaN NaN NaN NaN NaN NaN NaN NaN NaN NaN NaN NaN NaN NaN NaN NaN NaN NaN NaN NaN NaN NaN NaN NaN 
NaN NaN NaN NaN NaN NaN NaN NaN NaN NaN NaN NaN NaN NaN NaN NaN NaN NaN NaN NaN NaN NaN NaN NaN NaN NaN NaN NaN NaN NaN NaN NaN NaN NaN NaN NaN NaN NaN NaN NaN 
NaN NaN NaN NaN NaN NaN NaN NaN NaN NaN NaN NaN NaN NaN NaN NaN NaN NaN NaN NaN NaN NaN NaN NaN NaN NaN NaN NaN NaN NaN NaN NaN NaN NaN NaN NaN NaN NaN NaN NaN 
NaN NaN NaN NaN NaN NaN NaN NaN NaN NaN NaN NaN NaN NaN NaN NaN NaN NaN NaN NaN NaN NaN NaN NaN NaN NaN NaN NaN NaN NaN NaN NaN NaN NaN NaN NaN NaN NaN NaN NaN 
