NaN NaN NaN NaN NaN NaN NaN NaN NaN NaN NaN NaN NaN NaN NaN NaN NaN NaN NaN NaN NaN NaN NaN NaN NaN NaN NaN NaN NaN NaN NaN NaN NaN NaN NaN NaN NaN NaN NaN NaN 
NaN NaN NaN NaN NaN NaN NaN NaN NaN NaN NaN NaN NaN NaN NaN NaN NaN NaN NaN NaN NaN NaN NaN NaN NaN NaN NaN NaN NaN NaN NaN NaN NaN NaN NaN NaN NaN NaN NaN NaN 
NaN NaN NaN NaN NaN NaN NaN NaN NaN NaN NaN NaN NaN NaN NaN NaN NaN NaN NaN NaN NaN NaN NaN NaN NaN NaN NaN NaN NaN NaN NaN NaN NaN NaN NaN NaN NaN NaN NaN NaN 
NaN NaN NaN NaN NaN NaN NaN NaN NaN NaN NaN NaN NaN NaN NaN NaN NaN NaN NaN NaN NaN NaN NaN NaN NaN NaN NaN NaN NaN NaN NaN NaN NaN NaN NaN NaN NaN NaN NaN NaN 
NaN NaN NaN NaN NaN NaN NaN NaN NaN NaN NaN NaN NaN NaN NaN NaN NaN NaN NaN NaN NaN NaN NaN NaN NaN NaN NaN NaN NaN NaN NaN NaN NaN NaN NaN NaN NaN NaN NaN NaN 
NaN NaN NaN NaN NaN NaN NaN NaN NaN NaN NaN NaN NaN NaN NaN NaN NaN NaN NaN NaN NaN NaN NaN NaN NaN NaN NaN NaN NaN NaN NaN NaN NaN NaN NaN NaN NaN NaN NaN NaN 
NaN NaN NaN NaN NaN NaN NaN NaN NaN NaN NaN NaN NaN NaN NaN NaN NaN NaN NaN NaN NaN NaN NaN NaN NaN NaN NaN NaN NaN NaN NaN NaN NaN NaN NaN NaN NaN NaN NaN NaN 
NaN NaN NaN NaN NaN NaN NaN NaN NaN NaN NaN NaN NaN NaN NaN NaN NaN NaN NaN NaN NaN NaN NaN NaN NaN NaN NaN NaN NaN NaN NaN NaN NaN NaN NaN NaN NaN NaN NaN NaN 
NaN NaN NaN NaN NaN NaN NaN NaN NaN NaN NaN NaN NaN NaN NaN NaN NaN NaN NaN NaN NaN NaN NaN NaN NaN NaN NaN NaN NaN NaN NaN NaN NaN NaN NaN NaN NaN NaN NaN NaN 
NaN NaN NaN NaN NaN NaN NaN NaN NaN NaN NaN NaN NaN NaN NaN NaN NaN NaN NaN NaN NaN NaN NaN NaN NaN NaN NaN NaN NaN NaN NaN NaN NaN NaN NaN NaN NaN NaN NaN NaN 
NaN NaN NaN NaN NaN NaN NaN NaN NaN NaN NaN NaN NaN NaN NaN NaN NaN NaN NaN NaN NaN NaN NaN NaN NaN NaN NaN NaN NaN NaN NaN NaN NaN NaN NaN NaN NaN NaN NaN NaN 
NaN NaN NaN NaN NaN NaN NaN NaN NaN NaN NaN NaN NaN NaN NaN NaN NaN NaN NaN NaN NaN NaN NaN NaN NaN NaN NaN NaN NaN NaN NaN NaN NaN NaN NaN NaN NaN NaN NaN NaN 
NaN NaN NaN NaN NaN NaN NaN NaN NaN NaN NaN NaN NaN NaN NaN NaN NaN NaN NaN NaN NaN NaN NaN NaN NaN NaN NaN NaN NaN NaN NaN NaN NaN NaN NaN NaN NaN NaN NaN NaN 
NaN NaN NaN NaN NaN NaN NaN NaN NaN NaN NaN NaN NaN NaN NaN NaN NaN NaN NaN NaN NaN NaN NaN NaN NaN NaN NaN NaN NaN NaN NaN NaN NaN NaN NaN NaN NaN NaN NaN NaN 
NaN NaN NaN NaN NaN NaN NaN NaN NaN NaN NaN NaN NaN NaN NaN NaN NaN NaN NaN NaN NaN NaN NaN NaN NaN NaN NaN NaN NaN NaN NaN NaN NaN NaN NaN NaN NaN NaN NaN NaN 
NaN NaN NaN NaN NaN NaN NaN NaN NaN NaN NaN NaN NaN NaN NaN NaN NaN NaN NaN NaN NaN NaN NaN NaN NaN NaN NaN NaN NaN NaN NaN NaN NaN NaN NaN NaN NaN NaN NaN NaN 
NaN NaN NaN NaN NaN NaN NaN NaN NaN NaN NaN NaN NaN NaN NaN NaN NaN NaN NaN NaN NaN NaN NaN NaN NaN NaN NaN NaN NaN NaN NaN NaN NaN NaN NaN NaN NaN NaN NaN NaN 
NaN NaN NaN NaN NaN NaN NaN NaN NaN NaN NaN NaN NaN NaN NaN NaN NaN NaN NaN NaN NaN NaN NaN NaN NaN NaN NaN NaN NaN NaN NaN NaN NaN NaN NaN NaN NaN NaN NaN NaN 
NaN NaN NaN NaN NaN NaN NaN NaN NaN NaN NaN NaN NaN NaN NaN NaN NaN NaN NaN NaN NaN NaN NaN NaN NaN NaN NaN NaN NaN NaN NaN NaN NaN NaN NaN NaN NaN NaN NaN NaN 
NaN NaN NaN NaN NaN NaN NaN NaN NaN NaN NaN NaN NaN NaN NaN NaN NaN NaN NaN NaN NaN NaN NaN NaN NaN NaN NaN NaN NaN NaN NaN NaN NaN NaN NaN NaN NaN NaN NaN NaN 
NaN NaN NaN NaN NaN NaN NaN NaN NaN NaN NaN NaN NaN NaN NaN NaN NaN NaN NaN NaN NaN NaN NaN NaN NaN NaN NaN NaN NaN NaN NaN NaN NaN NaN NaN NaN NaN NaN NaN NaN 
NaN NaN NaN NaN NaN NaN NaN NaN NaN NaN NaN NaN NaN NaN NaN NaN NaN NaN NaN NaN NaN NaN NaN NaN NaN NaN NaN NaN NaN NaN NaN NaN NaN NaN NaN NaN NaN NaN NaN NaN 
NaN NaN NaN NaN NaN NaN NaN NaN NaN NaN NaN NaN NaN NaN NaN NaN NaN NaN NaN NaN NaN NaN NaN NaN NaN NaN NaN NaN NaN NaN NaN NaN NaN NaN NaN NaN NaN NaN NaN NaN 
NaN NaN NaN NaN NaN NaN NaN NaN NaN NaN NaN NaN NaN NaN NaN NaN NaN NaN NaN NaN NaN NaN NaN NaN NaN NaN NaN NaN NaN NaN NaN NaN NaN NaN NaN NaN NaN NaN NaN NaN 
NaN NaN NaN NaN NaN NaN NaN NaN NaN NaN NaN NaN NaN NaN NaN NaN NaN NaN NaN NaN NaN NaN NaN NaN NaN NaN NaN NaN NaN NaN NaN NaN NaN NaN NaN NaN NaN NaN NaN NaN 
NaN NaN NaN NaN NaN NaN NaN NaN NaN NaN NaN NaN NaN NaN NaN NaN NaN NaN NaN NaN NaN NaN NaN NaN NaN NaN NaN NaN NaN NaN NaN NaN NaN NaN NaN NaN NaN NaN NaN NaN 
NaN NaN NaN NaN NaN NaN NaN NaN NaN NaN NaN NaN NaN NaN NaN NaN NaN NaN NaN NaN NaN NaN NaN NaN NaN NaN NaN NaN NaN NaN NaN NaN NaN NaN NaN NaN NaN NaN NaN NaN 
NaN NaN NaN NaN NaN NaN NaN NaN NaN NaN NaN NaN NaN NaN NaN NaN NaN NaN NaN NaN NaN NaN NaN NaN NaN NaN NaN NaN NaN NaN NaN NaN NaN NaN NaN NaN NaN NaN NaN NaN 
NaN NaN NaN NaN NaN NaN NaN NaN NaN NaN NaN NaN NaN NaN NaN NaN NaN NaN NaN NaN NaN NaN NaN NaN NaN NaN NaN NaN NaN NaN NaN NaN NaN NaN NaN NaN NaN NaN NaN NaN 
NaN NaN NaN NaN NaN NaN NaN NaN NaN NaN NaN NaN NaN NaN NaN NaN NaN NaN NaN NaN NaN NaN NaN NaN NaN NaN NaN NaN NaN NaN NaN NaN NaN NaN NaN NaN NaN NaN NaN NaN 
NaN NaN NaN NaN NaN NaN NaN NaN NaN NaN NaN NaN NaN NaN NaN NaN NaN NaN NaN NaN NaN NaN NaN NaN NaN NaN NaN NaN NaN NaN NaN NaN NaN NaN NaN NaN NaN NaN NaN NaN 
NaN NaN NaN NaN NaN NaN NaN NaN NaN NaN NaN NaN NaN NaN NaN NaN NaN NaN NaN NaN NaN NaN NaN NaN NaN NaN NaN NaN NaN NaN NaN NaN NaN NaN NaN NaN NaN NaN NaN NaN 
NaN NaN NaN NaN NaN NaN NaN NaN NaN NaN NaN NaN NaN NaN NaN NaN NaN NaN NaN NaN NaN NaN NaN NaN NaN NaN NaN NaN NaN NaN NaN NaN NaN NaN NaN NaN NaN NaN NaN NaN 
NaN NaN NaN NaN NaN NaN NaN NaN NaN NaN NaN NaN NaN NaN NaN NaN NaN NaN NaN NaN NaN NaN NaN NaN NaN NaN NaN NaN NaN NaN NaN NaN NaN NaN NaN NaN NaN NaN NaN NaN 
NaN NaN NaN NaN NaN NaN NaN NaN NaN NaN NaN NaN NaN NaN NaN NaN NaN NaN NaN NaN NaN NaN NaN NaN NaN NaN NaN NaN NaN NaN NaN NaN NaN NaN NaN NaN NaN NaN NaN NaN 
NaN NaN NaN NaN NaN NaN NaN NaN NaN NaN NaN NaN NaN NaN NaN NaN NaN NaN NaN NaN NaN NaN NaN NaN NaN NaN NaN NaN NaN NaN NaN NaN NaN NaN NaN NaN NaN NaN NaN NaN 
NaN NaN NaN NaN NaN NaN NaN NaN NaN NaN NaN NaN NaN NaN NaN NaN NaN NaN NaN NaN NaN NaN NaN NaN NaN NaN NaN NaN NaN NaN NaN NaN NaN NaN NaN NaN NaN NaN NaN NaN 
NaN NaN NaN NaN NaN NaN NaN NaN NaN NaN NaN NaN NaN NaN NaN NaN NaN NaN NaN NaN NaN NaN NaN NaN NaN NaN NaN NaN NaN NaN NaN NaN NaN NaN NaN NaN NaN NaN NaN NaN 
NaN NaN NaN NaN NaN NaN NaN NaN NaN NaN NaN NaN NaN NaN NaN NaN NaN NaN NaN NaN NaN NaN NaN NaN NaN NaN NaN NaN NaN NaN NaN NaN NaN NaN NaN NaN NaN NaN NaN NaN 
NaN NaN NaN NaN NaN NaN NaN NaN NaN NaN NaN NaN NaN NaN NaN NaN NaN NaN NaN NaN NaN NaN NaN NaN NaN NaN NaN NaN NaN NaN NaN NaN NaN NaN NaN NaN NaN NaN NaN NaN 
NaN NaN NaN NaN NaN NaN NaN NaN NaN NaN NaN NaN NaN NaN NaN NaN NaN NaN NaN NaN NaN NaN NaN NaN NaN NaN NaN NaN NaN NaN NaN NaN NaN NaN NaN NaN NaN NaN NaN NaN 
NaN NaN NaN NaN NaN NaN NaN NaN NaN NaN NaN NaN NaN NaN NaN NaN NaN NaN NaN NaN NaN NaN NaN NaN NaN NaN NaN NaN NaN NaN NaN NaN NaN NaN NaN NaN NaN NaN NaN NaN 
NaN NaN NaN NaN NaN NaN NaN NaN NaN NaN NaN NaN NaN NaN NaN NaN NaN NaN NaN NaN NaN NaN NaN NaN NaN NaN NaN NaN NaN NaN NaN NaN NaN NaN NaN NaN NaN NaN NaN NaN 
NaN NaN NaN NaN NaN NaN NaN NaN NaN NaN NaN NaN NaN NaN NaN NaN NaN NaN NaN NaN NaN NaN NaN NaN NaN NaN NaN NaN NaN NaN NaN NaN NaN NaN NaN NaN NaN NaN NaN NaN 
NaN NaN NaN NaN NaN NaN NaN NaN NaN NaN NaN NaN NaN NaN NaN NaN NaN NaN NaN NaN NaN NaN NaN NaN NaN NaN NaN NaN NaN NaN NaN NaN NaN NaN NaN NaN NaN NaN NaN NaN 
NaN NaN NaN NaN NaN NaN NaN NaN NaN NaN NaN NaN NaN NaN NaN NaN NaN NaN NaN NaN NaN NaN NaN NaN NaN NaN NaN NaN NaN NaN NaN NaN NaN NaN NaN NaN NaN NaN NaN NaN 
NaN NaN NaN NaN NaN NaN NaN NaN NaN NaN NaN NaN NaN NaN NaN NaN NaN NaN NaN NaN NaN NaN NaN NaN NaN NaN NaN NaN NaN NaN NaN NaN NaN NaN NaN NaN NaN NaN NaN NaN 
NaN NaN NaN NaN NaN NaN NaN NaN NaN NaN NaN NaN NaN NaN NaN NaN NaN NaN NaN NaN NaN NaN NaN NaN NaN NaN NaN NaN NaN NaN NaN NaN NaN NaN NaN NaN NaN NaN NaN NaN 
NaN NaN NaN NaN NaN NaN NaN NaN NaN NaN NaN NaN NaN NaN NaN NaN NaN NaN NaN NaN NaN NaN NaN NaN NaN NaN NaN NaN NaN NaN NaN NaN NaN NaN NaN NaN NaN NaN NaN NaN 
NaN NaN NaN NaN NaN NaN NaN NaN NaN NaN NaN NaN NaN NaN NaN NaN NaN NaN NaN NaN NaN NaN NaN NaN NaN NaN NaN NaN NaN NaN NaN NaN NaN NaN NaN NaN NaN NaN NaN NaN 
NaN NaN NaN NaN NaN NaN NaN NaN NaN NaN NaN NaN NaN NaN NaN NaN NaN NaN NaN NaN NaN NaN NaN NaN NaN NaN NaN NaN NaN NaN NaN NaN NaN NaN NaN NaN NaN NaN NaN NaN 
NaN NaN NaN NaN NaN NaN NaN NaN NaN NaN NaN NaN NaN NaN NaN NaN NaN NaN NaN NaN NaN NaN NaN NaN NaN NaN NaN NaN NaN NaN NaN NaN NaN NaN NaN NaN NaN NaN NaN NaN 
NaN NaN NaN NaN NaN NaN NaN NaN NaN NaN NaN NaN NaN NaN NaN NaN NaN NaN NaN NaN NaN NaN NaN NaN NaN NaN NaN NaN NaN NaN NaN NaN NaN NaN NaN NaN NaN NaN NaN NaN 
NaN NaN NaN NaN NaN NaN NaN NaN NaN NaN NaN NaN NaN NaN NaN NaN NaN NaN NaN NaN NaN NaN NaN NaN NaN NaN NaN NaN NaN NaN NaN NaN NaN NaN NaN NaN NaN NaN NaN NaN 
NaN NaN NaN NaN NaN NaN NaN NaN NaN NaN NaN NaN NaN NaN NaN NaN NaN NaN NaN NaN NaN NaN NaN NaN NaN NaN NaN NaN NaN NaN NaN NaN NaN NaN NaN NaN NaN NaN NaN NaN 
NaN NaN NaN NaN NaN NaN NaN NaN NaN NaN NaN NaN NaN NaN NaN NaN NaN NaN NaN NaN NaN NaN NaN NaN NaN NaN NaN NaN NaN NaN NaN NaN NaN NaN NaN NaN NaN NaN NaN NaN 
NaN NaN NaN NaN NaN NaN NaN NaN NaN NaN NaN NaN NaN NaN NaN NaN NaN NaN NaN NaN NaN NaN NaN NaN NaN NaN NaN NaN NaN NaN NaN NaN NaN NaN NaN NaN NaN NaN NaN NaN 
NaN NaN NaN NaN NaN NaN NaN NaN NaN NaN NaN NaN NaN NaN NaN NaN NaN NaN NaN NaN NaN NaN NaN NaN NaN NaN NaN NaN NaN NaN NaN NaN NaN NaN NaN NaN NaN NaN NaN NaN 
NaN NaN NaN NaN NaN NaN NaN NaN NaN NaN NaN NaN NaN NaN NaN NaN NaN NaN NaN NaN NaN NaN NaN NaN NaN NaN NaN NaN NaN NaN NaN NaN NaN NaN NaN NaN NaN NaN NaN NaN 
NaN NaN NaN NaN NaN NaN NaN NaN NaN NaN NaN NaN NaN NaN NaN NaN NaN NaN NaN NaN NaN NaN NaN NaN NaN NaN NaN NaN NaN NaN NaN NaN NaN NaN NaN NaN NaN NaN NaN NaN 
NaN NaN NaN NaN NaN NaN NaN NaN NaN NaN NaN NaN NaN NaN NaN NaN NaN NaN NaN NaN NaN NaN NaN NaN NaN NaN NaN NaN NaN NaN NaN NaN NaN NaN NaN NaN NaN NaN NaN NaN 
NaN NaN NaN NaN NaN NaN NaN NaN NaN NaN NaN NaN NaN NaN NaN NaN NaN NaN NaN NaN NaN NaN NaN NaN NaN NaN NaN NaN NaN NaN NaN NaN NaN NaN NaN NaN NaN NaN NaN NaN 
NaN NaN NaN NaN NaN NaN NaN NaN NaN NaN NaN NaN NaN NaN NaN NaN NaN NaN NaN NaN NaN NaN NaN NaN NaN NaN NaN NaN NaN NaN NaN NaN NaN NaN NaN NaN NaN NaN NaN NaN 
NaN NaN NaN NaN NaN NaN NaN NaN NaN NaN NaN NaN NaN NaN NaN NaN NaN NaN NaN NaN NaN NaN NaN NaN NaN NaN NaN NaN NaN NaN NaN NaN NaN NaN NaN NaN NaN NaN NaN NaN 
NaN NaN NaN NaN NaN NaN NaN NaN NaN NaN NaN NaN NaN NaN NaN NaN NaN NaN NaN NaN NaN NaN NaN NaN NaN NaN NaN NaN NaN NaN NaN NaN NaN NaN NaN NaN NaN NaN NaN NaN 
NaN NaN NaN NaN NaN NaN NaN NaN NaN NaN NaN NaN NaN NaN NaN NaN NaN NaN NaN NaN NaN NaN NaN NaN NaN NaN NaN NaN NaN NaN NaN NaN NaN NaN NaN NaN NaN NaN NaN NaN 
NaN NaN NaN NaN NaN NaN NaN NaN NaN NaN NaN NaN NaN NaN NaN NaN NaN NaN NaN NaN NaN NaN NaN NaN NaN NaN NaN NaN NaN NaN NaN NaN NaN NaN NaN NaN NaN NaN NaN NaN 
NaN NaN NaN NaN NaN NaN NaN NaN NaN NaN NaN NaN NaN NaN NaN NaN NaN NaN NaN NaN NaN NaN NaN NaN NaN NaN NaN NaN NaN NaN NaN NaN NaN NaN NaN NaN NaN NaN NaN NaN 
NaN NaN NaN NaN NaN NaN NaN NaN NaN NaN NaN NaN NaN NaN NaN NaN NaN NaN NaN NaN NaN NaN NaN NaN NaN NaN NaN NaN NaN NaN NaN NaN NaN NaN NaN NaN NaN NaN NaN NaN 
NaN NaN NaN NaN NaN NaN NaN NaN NaN NaN NaN NaN NaN NaN NaN NaN NaN NaN NaN NaN NaN NaN NaN NaN NaN NaN NaN NaN NaN NaN NaN NaN NaN NaN NaN NaN NaN NaN NaN NaN 
NaN NaN NaN NaN NaN NaN NaN NaN NaN NaN NaN NaN NaN NaN NaN NaN NaN NaN NaN NaN NaN NaN NaN NaN NaN NaN NaN NaN NaN NaN NaN NaN NaN NaN NaN NaN NaN NaN NaN NaN 
NaN NaN NaN NaN NaN NaN NaN NaN NaN NaN NaN NaN NaN NaN NaN NaN NaN NaN NaN NaN NaN NaN NaN NaN NaN NaN NaN NaN NaN NaN NaN NaN NaN NaN NaN NaN NaN NaN NaN NaN 
NaN NaN NaN NaN NaN NaN NaN NaN NaN NaN NaN NaN NaN NaN NaN NaN NaN NaN NaN NaN NaN NaN NaN NaN NaN NaN NaN NaN NaN NaN NaN NaN NaN NaN NaN NaN NaN NaN NaN NaN 
NaN NaN NaN NaN NaN NaN NaN NaN NaN NaN NaN NaN NaN NaN NaN NaN NaN NaN NaN NaN NaN NaN NaN NaN NaN NaN NaN NaN NaN NaN NaN NaN NaN NaN NaN NaN NaN NaN NaN NaN 
NaN NaN NaN NaN NaN NaN NaN NaN NaN NaN NaN NaN NaN NaN NaN NaN NaN NaN NaN NaN NaN NaN NaN NaN NaN NaN NaN NaN NaN NaN NaN NaN NaN NaN NaN NaN NaN NaN NaN NaN 
NaN NaN NaN NaN NaN NaN NaN NaN NaN NaN NaN NaN NaN NaN NaN NaN NaN NaN NaN NaN NaN NaN NaN NaN NaN NaN NaN NaN NaN NaN NaN NaN NaN NaN NaN NaN NaN NaN NaN NaN 
NaN NaN NaN NaN NaN NaN NaN NaN NaN NaN NaN NaN NaN NaN NaN NaN NaN NaN NaN NaN NaN NaN NaN NaN NaN NaN NaN NaN NaN NaN NaN NaN NaN NaN NaN NaN NaN NaN NaN NaN 
NaN NaN NaN NaN NaN NaN NaN NaN NaN NaN NaN NaN NaN NaN NaN NaN NaN NaN NaN NaN NaN NaN NaN NaN NaN NaN NaN NaN NaN NaN NaN NaN NaN NaN NaN NaN NaN NaN NaN NaN 
NaN NaN NaN NaN NaN NaN NaN NaN NaN NaN NaN NaN NaN NaN NaN NaN NaN NaN NaN NaN NaN NaN NaN NaN NaN NaN NaN NaN NaN NaN NaN NaN NaN NaN NaN NaN NaN NaN NaN NaN 
NaN NaN NaN NaN NaN NaN NaN NaN NaN NaN NaN NaN NaN NaN NaN NaN NaN NaN NaN NaN NaN NaN NaN NaN NaN NaN NaN NaN NaN NaN NaN NaN NaN NaN NaN NaN NaN NaN NaN NaN 
NaN NaN NaN NaN NaN NaN NaN NaN NaN NaN NaN NaN NaN NaN NaN NaN NaN NaN NaN NaN NaN NaN NaN NaN NaN NaN NaN NaN NaN NaN NaN NaN NaN NaN NaN NaN NaN NaN NaN NaN 
NaN NaN NaN NaN NaN NaN NaN NaN NaN NaN NaN NaN NaN NaN NaN NaN NaN NaN NaN NaN NaN NaN NaN NaN NaN NaN NaN NaN NaN NaN NaN NaN NaN NaN NaN NaN NaN NaN NaN NaN 
NaN NaN NaN NaN NaN NaN NaN NaN NaN NaN NaN NaN NaN NaN NaN NaN NaN NaN NaN NaN NaN NaN NaN NaN NaN NaN NaN NaN NaN NaN NaN NaN NaN NaN NaN NaN NaN NaN NaN NaN 
NaN NaN NaN NaN NaN NaN NaN NaN NaN NaN NaN NaN NaN NaN NaN NaN NaN NaN NaN NaN NaN NaN NaN NaN NaN NaN NaN NaN NaN NaN NaN NaN NaN NaN NaN NaN NaN NaN NaN NaN 
NaN NaN NaN NaN NaN NaN NaN NaN NaN NaN NaN NaN NaN NaN NaN NaN NaN NaN NaN NaN NaN NaN NaN NaN NaN NaN NaN NaN NaN NaN NaN NaN NaN NaN NaN NaN NaN NaN NaN NaN 
NaN NaN NaN NaN NaN NaN NaN NaN NaN NaN NaN NaN NaN NaN NaN NaN NaN NaN NaN NaN NaN NaN NaN NaN NaN NaN NaN NaN NaN NaN NaN NaN NaN NaN NaN NaN NaN NaN NaN NaN 
NaN NaN NaN NaN NaN NaN NaN NaN NaN NaN NaN NaN NaN NaN NaN NaN NaN NaN NaN NaN NaN NaN NaN NaN NaN NaN NaN NaN NaN NaN NaN NaN NaN NaN NaN NaN NaN NaN NaN NaN 
NaN NaN NaN NaN NaN NaN NaN NaN NaN NaN NaN NaN NaN NaN NaN NaN NaN NaN NaN NaN NaN NaN NaN NaN NaN NaN NaN NaN NaN NaN NaN NaN NaN NaN NaN NaN NaN NaN NaN NaN 
NaN NaN NaN NaN NaN NaN NaN NaN NaN NaN NaN NaN NaN NaN NaN NaN NaN NaN NaN NaN NaN NaN NaN NaN NaN NaN NaN NaN NaN NaN NaN NaN NaN NaN NaN NaN NaN NaN NaN NaN 
NaN NaN NaN NaN NaN NaN NaN NaN NaN NaN NaN NaN NaN NaN NaN NaN NaN NaN NaN NaN NaN NaN NaN NaN NaN NaN NaN NaN NaN NaN NaN NaN NaN NaN NaN NaN NaN NaN NaN NaN 
NaN NaN NaN NaN NaN NaN NaN NaN NaN NaN NaN NaN NaN NaN NaN NaN NaN NaN NaN NaN NaN NaN NaN NaN NaN NaN NaN NaN NaN NaN NaN NaN NaN NaN NaN NaN NaN NaN NaN NaN 
-68.745648 -71.542070 -75.693393 -78.339858 -79.277758 -82.142490 -84.387328 -90.109224 -91.943506 -87.389480 -85.578206 -83.604294 -86.104668 -91.292195 -99.173494 -92.284326 -92.500734 -97.128939 -91.571466 -87.943906 -84.427224 -90.196493 -97.494245 -91.052155 -89.058729 -90.491190 -89.654418 -86.726341 -89.404594 -93.620349 -88.928775 -88.963606 -88.268816 -87.673991 -84.673951 -84.956493 -86.755615 -87.750054 -89.119086 -90.992662 
-54.327877 -67.259403 -71.630668 -69.774426 -76.182745 -72.058348 -71.613070 -79.295711 -84.876528 -75.368295 -75.055922 -71.113107 -75.179848 -76.330254 -75.806389 -77.769737 -74.017656 -80.577048 -77.553100 -75.041034 -74.948065 -77.879329 -80.514407 -74.880548 -72.835295 -72.999937 -76.150262 -77.217113 -79.270911 -78.279676 -76.373802 -75.907240 -76.324806 -76.337925 -73.136141 -75.806510 -76.103704 -74.744935 -75.847886 -79.929626 
-56.303897 -73.618146 -76.043013 -73.552717 -79.327472 -84.856191 -81.162246 -83.705470 -79.415073 -72.768012 -74.391928 -73.662839 -79.511416 -76.632013 -74.503102 -74.690651 -72.705596 -74.010294 -74.540742 -72.820179 -72.303979 -79.040832 -76.639515 -73.496803 -74.998366 -75.874108 -75.564702 -81.091334 -75.261687 -74.483696 -76.948531 -77.003268 -73.308935 -73.800700 -76.706040 -73.751284 -75.537266 -75.353898 -73.004924 -74.288622 
-56.714878 -67.922207 -71.129102 -70.671808 -72.595666 -78.218014 -80.055911 -80.445216 -76.119654 -70.906861 -77.145975 -74.111032 -75.449887 -77.196257 -74.247326 -70.166560 -70.119980 -68.732153 -68.261427 -73.969622 -71.162402 -74.808481 -72.267922 -74.782513 -76.505015 -75.483292 -71.531176 -74.240530 -75.684073 -75.087519 -78.003830 -77.947308 -74.482996 -75.860406 -74.933533 -78.296296 -74.616015 -76.701583 -75.356150 -72.929130 
-31.418753 -33.026292 -37.388149 -47.103356 -49.472944 -50.583415 -50.859646 -50.286187 -52.331204 -55.469362 -60.359857 -62.112953 -56.996351 -58.459761 -63.138148 -62.055793 -65.915719 -64.193430 -65.873573 -64.836409 -65.985494 -66.173788 -65.103144 -64.927329 -65.512418 -68.831330 -65.572589 -65.621185 -68.943654 -72.219886 -70.945813 -68.348173 -70.172949 -69.837940 -69.710155 -66.527488 -66.998081 -67.097515 -68.718579 -70.783775 
-16.469930 -19.378179 -28.647595 -35.924343 -40.822050 -49.764211 -50.770436 -45.298541 -54.528642 -49.375988 -56.454274 -60.428688 -55.935620 -55.143604 -61.469707 -60.090481 -60.094487 -59.882905 -63.974490 -62.116696 -64.959023 -65.741327 -63.517345 -60.243865 -61.348149 -63.228804 -62.372946 -58.533180 -61.093131 -61.793624 -61.502642 -61.597676 -63.441965 -60.820107 -63.276499 -60.572032 -58.668134 -61.295873 -62.245064 -66.853481 
-12.542270 -15.372891 -26.138749 -35.512509 -51.829093 -50.595807 -44.933945 -47.151271 -54.707199 -53.057616 -59.276355 -57.694738 -51.371850 -51.390738 -57.053497 -56.149692 -56.914623 -53.170864 -56.996893 -58.900969 -60.408821 -57.702728 -60.082161 -59.898053 -59.562355 -56.683933 -59.562804 -56.796927 -57.515822 -61.026527 -60.836594 -59.579490 -60.966142 -61.380781 -61.108017 -59.848328 -60.940282 -60.725096 -57.776689 -61.699254 
-17.193551 -18.043321 -27.864108 -38.948489 -45.701144 -40.042780 -39.152291 -48.677026 -54.811699 -49.826089 -52.543992 -55.390454 -47.278067 -44.939596 -46.445797 -45.825393 -54.246160 -49.566987 -47.278125 -48.340735 -52.320433 -48.379203 -52.545538 -54.857337 -54.208820 -50.667367 -51.981706 -47.217925 -50.122348 -54.897447 -56.465718 -54.027587 -53.502773 -54.296794 -53.320942 -55.805511 -52.426906 -54.260668 -54.769029 -57.562638 
-31.426572 -30.009660 -35.062870 -40.974576 -47.475215 -44.192697 -43.404144 -47.698469 -54.705463 -55.951975 -48.802810 -43.749272 -42.696630 -40.263164 -42.584936 -44.151511 -46.711319 -45.009209 -42.851880 -42.405558 -51.100320 -50.266807 -48.328013 -47.273979 -46.418537 -45.665632 -47.748514 -41.327882 -44.830345 -46.216190 -49.746323 -50.201450 -50.014281 -47.122947 -46.831586 -48.172637 -45.244519 -45.301993 -45.115382 -47.148007 
-23.615122 -25.785780 -37.891969 -44.700968 -42.465087 -44.316836 -49.259125 -41.487469 -51.635823 -59.197353 -45.090381 -47.197910 -49.801436 -43.997790 -44.790866 -41.481588 -43.814655 -43.069184 -39.724724 -43.375360 -47.834277 -48.092368 -41.948983 -44.587334 -42.210497 -42.892004 -42.658243 -40.920564 -39.047234 -43.061996 -46.067317 -41.230529 -44.102213 -42.547072 -42.140808 -40.968588 -42.128486 -39.217753 -39.897832 -42.165196 
-20.905678 -24.186056 -34.080787 -39.921449 -40.670021 -40.619222 -43.789614 -41.309568 -50.280406 -54.611285 -44.871908 -41.050161 -42.987332 -39.881371 -39.928234 -41.956924 -42.265823 -37.568236 -40.942256 -47.436014 -45.244149 -42.993768 -40.245763 -41.684401 -39.005132 -38.823162 -39.339865 -37.079539 -39.935912 -42.880039 -40.334582 -40.714398 -41.825380 -41.496973 -42.529279 -40.249969 -36.505577 -35.264787 -37.767242 -38.086197 
-26.796468 -30.878094 -35.726299 -41.265385 -43.848796 -37.875274 -39.990892 -44.726761 -39.911788 -40.042424 -37.350172 -39.422436 -41.457275 -40.679077 -35.795136 -43.550942 -43.151634 -32.873877 -35.483621 -36.564697 -36.946377 -34.507391 -38.737031 -41.119778 -33.853665 -32.275972 -35.801204 -32.877358 -36.560305 -39.953685 -40.220759 -36.678644 -38.073448 -38.305287 -36.999529 -37.587255 -33.169971 -32.449764 -30.572960 -31.181832 
-30.690640 -29.011968 -26.215506 -32.115196 -29.521961 -29.845471 -36.442539 -35.490061 -38.796495 -37.401879 -34.826543 -31.360198 -35.478200 -29.878854 -31.326100 -32.959339 -33.226074 -29.676497 -32.837027 -31.388463 -37.229054 -29.635206 -33.640669 -34.076755 -31.372549 -34.555642 -32.341275 -27.511018 -31.853777 -39.853620 -33.460402 -34.449948 -34.929462 -38.901604 -33.004116 -31.655578 -27.197883 -25.308716 -23.527232 -28.863378 
-21.915852 -17.564224 -20.080992 -29.656889 -29.625421 -31.039396 -32.270395 -31.289804 -33.997860 -31.522675 -33.840125 -32.549904 -29.713644 -30.014169 -32.395314 -30.063456 -33.274501 -32.992584 -32.364303 -31.604515 -32.900721 -33.261184 -36.930504 -34.215628 -32.074293 -29.055156 -26.259913 -25.846062 -29.079013 -39.284594 -35.388187 -32.724237 -32.292814 -33.139232 -30.970157 -27.641858 -21.248297 -19.905174 -21.253287 -24.018096 
-18.617924 -17.504959 -25.573839 -33.315122 -29.374165 -32.963053 -33.884611 -27.828007 -31.341637 -35.807987 -35.382467 -31.762296 -32.455187 -24.102836 -30.584748 -28.212836 -28.267650 -32.196921 -28.288182 -29.356700 -25.375858 -28.419221 -30.690102 -29.217499 -32.220021 -27.963338 -27.945250 -26.982324 -30.136380 -32.656232 -33.064092 -29.743887 -28.337312 -26.276535 -26.085161 -22.942226 -17.402877 -16.465544 -16.476267 -22.559918 
-27.502415 -29.394123 -25.652010 -25.695464 -28.338268 -31.089917 -28.927927 -25.280744 -30.202097 -32.842920 -26.303097 -22.497044 -26.130220 -24.282251 -24.178607 -23.381394 -24.981050 -24.205214 -24.566778 -22.118716 -24.072454 -22.600901 -22.702354 -22.688615 -23.735821 -24.288368 -21.878323 -21.709644 -23.102426 -27.519261 -29.909121 -23.278434 -22.542249 -21.620136 -20.081002 -18.584202 -15.897069 -16.757848 -14.507160 -16.668994 
-34.401469 -26.752655 -21.009377 -15.449380 -11.649851 -11.636807 -12.114952 -13.874671 -15.277998 -13.065360 -13.374295 -13.855817 -16.481752 -15.654408 -18.745841 -17.898218 -15.985617 -13.813202 -13.899331 -16.590616 -18.696224 -21.799416 -18.552590 -18.062781 -17.324698 -17.838486 -19.220851 -16.929526 -17.738625 -20.307841 -25.162704 -23.214272 -19.785105 -20.787727 -17.704786 -16.085568 -12.983227 -11.914783 -13.611634 -11.931843 
-22.273855 -18.650507 -18.130570 -12.567382 -8.943698 -5.359913 -3.565739 -10.238151 -8.004566 -7.299194 -9.488096 -10.607479 -14.426124 -10.937446 -10.075878 -11.733027 -9.884756 -9.099150 -9.556876 -13.040384 -13.690978 -19.380734 -17.380368 -17.290022 -20.799963 -17.020541 -19.171824 -15.972042 -14.257148 -18.473757 -22.483948 -21.093447 -20.484677 -17.372094 -15.759843 -16.396866 -15.958497 -15.212886 -11.703624 -10.933401 
-3.338673 1.884830 6.348571 7.456290 4.142408 -3.601085 -3.734422 -0.693069 -3.430133 -8.520000 -7.888313 -10.184105 -15.765829 -17.124210 -13.377823 -12.788504 -12.259946 -16.551948 -18.808596 -18.000324 -19.365039 -27.336080 -23.990306 -23.906462 -26.715660 -20.065420 -23.827294 -21.048250 -21.193963 -26.124027 -28.340229 -23.595387 -26.418632 -21.947677 -19.840061 -22.988474 -19.033526 -20.255400 -16.757837 -18.606956 
-1.617377 10.844046 19.886448 17.533611 16.758181 19.384204 15.450290 19.119228 11.520275 8.473708 5.496038 9.379486 7.603882 2.615004 -8.088153 -13.979165 -16.807110 -16.994887 -25.200295 -29.330502 -29.100410 -28.584972 -24.130152 -16.357117 -23.733157 -26.556652 -23.608563 -23.844373 -21.428368 -24.445650 -32.591269 -32.757304 -34.180572 -27.027226 -25.224601 -32.421418 -22.878694 -23.408762 -23.543690 -25.241330 
-1.968267 11.404691 20.894225 15.068752 17.408269 21.361875 15.579730 25.151079 15.100508 13.054744 7.897534 12.907054 7.836602 3.333526 -7.025607 -11.444430 -19.628510 -21.775995 -24.951176 -27.414643 -27.605119 -27.277802 -26.668848 -16.155411 -22.395417 -26.731354 -20.161103 -24.128548 -24.284157 -25.795070 -32.052677 -28.751629 -30.827036 -29.824471 -30.683314 -34.539025 -25.883351 -25.393649 -29.446193 -30.602924 
-9.988965 9.158411 18.996663 11.927009 15.585524 19.427899 16.081563 26.765596 16.114075 15.459737 11.067212 13.788363 6.035432 -0.190209 -9.768591 -14.704796 -20.552084 -20.029546 -21.894980 -24.318453 -27.143887 -27.091988 -23.387943 -15.779603 -22.127131 -19.371162 -18.618137 -22.687425 -25.529395 -29.078372 -31.880094 -28.579776 -26.106637 -29.336463 -37.613736 -38.067725 -32.405759 -29.529256 -36.610783 -36.798962 
-14.940086 9.486833 18.191736 11.295006 15.905979 17.786199 16.359077 26.016000 16.983386 18.008588 12.284670 14.027641 7.462454 0.193105 -5.951909 -10.406134 -19.672322 -19.334802 -22.252390 -25.935246 -27.383889 -22.505456 -19.805431 -9.659178 -19.979794 -18.207759 -18.446239 -22.455724 -22.202465 -27.079241 -35.101513 -29.261637 -23.993881 -29.988063 -47.862286 -47.915930 -30.743321 -24.618568 -35.962012 -39.918222 
-13.981565 9.987457 18.066974 11.167915 16.289171 16.699489 16.477675 23.958156 16.735268 19.686167 14.603044 14.787505 13.377163 5.134722 -3.306824 -6.076161 -13.610823 -14.138010 -18.160061 -19.257225 -22.500149 -20.603297 -18.036820 -12.307338 -18.771011 -19.939951 -18.551408 -20.384618 -22.146222 -28.939108 -31.063889 -26.987663 -25.926725 -29.184768 -34.994979 -35.346959 -26.930007 -22.526659 -32.344564 -36.176454 
-6.969515 10.598023 17.439527 9.417292 17.063598 16.192001 16.689116 21.379078 18.307875 21.074462 13.557299 13.369265 16.511561 7.716289 -0.611608 -7.022420 -8.794746 -10.933787 -16.006050 -19.126446 -20.875135 -17.274497 -11.732585 -11.037165 -19.057139 -19.936383 -19.040842 -23.587505 -24.298323 -27.602950 -29.067030 -26.144976 -25.697204 -29.325297 -32.670992 -33.094584 -29.087427 -24.378853 -29.612949 -33.302096 
-9.477134 10.306908 16.658081 9.356125 17.083485 15.140599 16.014937 18.556572 21.664084 20.890607 12.061836 6.984337 13.630489 14.811959 3.668273 -4.644121 -4.966925 -8.824935 -14.242465 -16.791200 -19.256795 -17.116928 -10.611204 -15.698493 -20.162302 -19.483969 -19.741821 -21.616305 -25.557259 -27.750748 -29.876488 -29.344033 -25.181130 -27.712399 -32.455748 -31.760967 -27.271404 -21.822571 -28.346074 -32.862467 
-8.901162 10.445104 15.563559 9.100439 17.043126 12.665377 15.391979 14.418668 23.274232 19.472323 8.837005 4.396142 8.203894 18.429057 3.922862 -5.689019 -8.656711 -12.709090 -17.487738 -18.342058 -17.059145 -13.135013 -9.721962 -16.287093 -23.988931 -23.107401 -20.673495 -23.402537 -24.985635 -25.266254 -34.565285 -32.398242 -28.378452 -31.359331 -44.826776 -42.248005 -32.578156 -25.268798 -30.734258 -42.443823 
-5.352616 10.697596 14.486942 7.624535 16.399554 10.451301 14.159103 12.042947 23.905528 17.057581 7.254659 5.887728 11.717937 17.521705 11.100832 -0.797455 -11.176219 -12.806862 -15.321931 -13.342842 -16.280658 -7.520084 -7.756069 -19.665574 -25.422943 -20.474620 -20.901472 -23.050388 -23.230800 -23.174520 -29.815930 -31.095110 -26.570333 -27.496108 -32.686670 -33.289925 -32.130602 -28.592850 -28.661547 -33.929237 
-6.437387 11.400002 14.295641 9.282463 15.638771 8.425888 12.312110 12.139332 22.315774 15.170847 10.406664 5.011144 6.783430 7.502876 11.735355 5.611790 -4.923040 -10.502077 -11.078695 -13.058703 -12.411342 -5.581351 -13.063106 -22.480074 -28.286578 -26.990473 -24.346404 -27.614801 -29.393139 -27.650919 -31.777673 -38.906695 -30.295083 -30.952583 -36.697038 -39.651193 -37.985102 -29.601311 -25.046349 -38.554117 
-5.920434 11.076017 13.503691 9.817415 13.950640 7.921884 11.086967 12.120996 17.339683 16.102325 10.951126 2.419416 1.435538 3.591119 10.784654 11.071713 -6.545441 -13.918550 -10.940088 -8.879359 -7.723068 -7.776896 -14.773801 -24.553326 -28.412212 -27.952271 -22.511681 -30.656181 -27.873034 -25.479776 -31.267332 -38.634777 -36.357512 -34.947397 -39.239509 -40.820382 -39.718649 -31.812004 -25.920110 -39.019638 
-2.082551 12.422316 12.578648 10.263271 11.705180 6.382280 5.998528 9.260309 7.960983 16.063135 3.884074 -0.538936 0.791130 -1.143476 7.939418 9.168346 3.083547 -5.700322 -9.300282 -6.291276 -7.480054 -17.880189 -24.915354 -28.792681 -29.700560 -25.863322 -24.429561 -28.688976 -29.459801 -27.783628 -32.345063 -41.125374 -42.617130 -38.360293 -40.424849 -45.801664 -45.198555 -32.688637 -28.535370 -40.001973 
-1.232790 12.526202 11.581769 10.451914 9.795597 5.572926 5.164643 9.420496 12.887371 12.061791 0.990204 2.051237 0.674084 -0.384894 3.668740 5.962428 -0.585714 -4.106606 -7.015859 -4.805509 -11.516410 -18.215347 -28.820657 -29.598004 -27.852117 -28.422062 -24.665947 -27.442113 -31.844798 -27.328516 -30.244535 -39.703249 -41.226014 -36.584433 -40.743405 -44.249009 -42.384302 -30.488553 -29.097577 -37.882982 
1.292120 12.784719 9.508085 8.400119 6.482478 -1.672356 1.031340 1.240132 6.478098 2.461603 -1.826175 -6.882115 -3.651170 -2.281138 -2.104384 0.627523 1.590990 -2.838283 -6.760761 -3.760891 -15.521409 -23.700344 -31.629233 -28.137441 -32.244314 -27.342727 -21.521072 -23.391285 -31.405601 -28.409263 -29.510679 -35.394199 -38.500927 -32.635787 -36.019499 -42.012094 -40.950995 -34.567502 -31.382605 -38.442496 
1.349272 12.022975 8.446944 4.400975 0.341438 -1.280678 -3.575574 -0.989293 4.428723 1.398401 -5.005580 -9.041896 -11.138759 -8.372606 -6.659226 -3.140945 2.402114 -0.228366 -6.795211 -4.703593 -16.971026 -28.869071 -29.538453 -35.045230 -37.844073 -36.448689 -34.320230 -29.814781 -31.794258 -31.213829 -31.299493 -39.118481 -40.233593 -37.814337 -36.257356 -46.958071 -44.225835 -32.847494 -34.128989 -37.883611 
0.618040 10.524540 5.913258 -2.705407 -2.897769 -1.715273 -7.137016 -8.121753 -2.577986 -7.411730 -8.188793 -9.968292 -11.292580 -7.910965 -14.919930 -15.014553 -8.663944 -6.865239 -9.689452 -9.481620 -22.777040 -30.611952 -34.845608 -38.385252 -40.297439 -39.772284 -34.591414 -35.426026 -36.228717 -38.539337 -42.948190 -43.992913 -45.367628 -41.365018 -41.050535 -54.814421 -50.654909 -36.933020 -36.227022 -40.443989 
-1.350974 9.233211 4.814620 -3.857151 -5.313534 -7.160100 -15.177934 -15.723517 -12.125325 -14.370946 -12.089779 -13.180268 -21.830487 -19.438153 -21.512476 -21.030795 -13.252763 -10.699348 -13.198690 -16.189280 -22.876035 -34.980028 -39.113530 -41.660490 -44.062944 -45.668922 -41.460318 -36.942941 -40.775923 -44.975855 -42.260779 -43.949456 -43.581461 -44.792370 -43.190143 -51.468830 -51.162322 -39.514307 -46.298747 -47.065220 
-0.112319 7.053422 2.112163 -6.636221 -11.708178 -14.974071 -29.500385 -29.057312 -15.200210 -15.467950 -14.613350 -17.472010 -24.262784 -27.964658 -29.240630 -22.572704 -18.581104 -15.650410 -17.783790 -21.004763 -24.817234 -37.590480 -42.435549 -46.071944 -48.643622 -46.101423 -42.008710 -37.433337 -39.860583 -47.669714 -45.426509 -43.165092 -43.384953 -47.387163 -44.933798 -53.688803 -55.870131 -40.764696 -45.896004 -45.230105 
-4.481173 -1.510859 -8.392019 -16.810720 -21.161202 -22.875663 -33.825710 -35.792224 -26.377668 -26.132672 -25.469307 -31.340098 -34.527195 -33.358882 -35.903403 -31.017281 -23.189396 -21.579740 -22.290241 -26.400628 -34.283548 -45.086321 -49.635721 -52.428444 -53.733378 -52.475924 -50.649301 -47.832394 -51.101538 -50.557303 -50.190381 -54.607509 -55.105796 -55.549710 -51.974686 -59.231332 -58.078605 -44.918158 -50.232790 -46.984505 
-15.513730 -15.872941 -23.039407 -30.167517 -33.217308 -37.400276 -38.860784 -31.798518 -28.899247 -32.980788 -36.742956 -40.730618 -40.701482 -40.434268 -38.072199 -38.297228 -33.380435 -28.669425 -29.954111 -36.469604 -41.760993 -48.643501 -52.666625 -56.351362 -57.927844 -58.445352 -58.289370 -56.189022 -57.011048 -58.865163 -58.000556 -59.091764 -59.471986 -60.902194 -59.470467 -59.782650 -58.946142 -50.286247 -57.208809 -54.330462 
-18.864704 -27.020457 -31.310812 -35.591214 -45.256374 -41.015356 -41.776813 -37.954064 -32.658191 -33.122550 -37.422284 -41.983894 -52.399005 -44.558492 -41.828079 -36.685924 -32.754466 -33.481934 -35.958215 -38.140222 -43.547102 -53.299941 -60.123447 -60.496707 -59.440644 -61.792721 -64.599942 -61.753166 -63.458637 -63.792468 -60.292310 -61.290688 -63.995834 -69.614753 -67.923377 -64.763642 -65.406440 -55.844470 -63.311824 -62.385276 
-21.346109 -28.641097 -32.128317 -46.007497 -49.976582 -41.630802 -45.101529 -48.367495 -40.280260 -42.107840 -40.744794 -44.011383 -53.225771 -47.905738 -46.280669 -38.986468 -35.570645 -37.886697 -41.339077 -43.205301 -49.983268 -58.741132 -62.109628 -58.810793 -62.057865 -65.630931 -69.205549 -68.645043 -64.355421 -66.003451 -65.197714 -64.724335 -66.488622 -74.727576 -69.036856 -68.395294 -70.081562 -68.322937 -69.936234 -73.764921 
-22.207816 -39.027297 -38.457628 -49.232206 -51.268632 -53.092009 -51.989200 -49.594459 -39.827107 -39.100392 -47.355868 -49.915655 -50.247980 -53.170470 -55.212617 -43.484018 -35.802779 -40.859718 -42.687042 -46.506797 -50.863492 -59.733613 -62.029569 -62.036681 -67.154558 -67.226492 -70.520448 -65.745265 -64.051024 -63.039259 -62.978540 -65.900095 -65.218191 -67.887082 -67.383657 -64.800557 -66.213227 -71.197829 -68.829238 -70.563251 
-25.515512 -33.948439 -38.867199 -47.585505 -60.348174 -54.471845 -49.542182 -46.259428 -49.136501 -40.117344 -49.778337 -52.707060 -55.033936 -57.807647 -58.351816 -47.597888 -39.429620 -47.116640 -50.395344 -55.616767 -59.359030 -64.998376 -63.917869 -64.424450 -68.576110 -63.897920 -65.740667 -66.032975 -64.964251 -69.370136 -66.666362 -69.168442 -66.526380 -64.600743 -67.467539 -68.532002 -68.283502 -70.805821 -67.629982 -66.704870 
-29.810308 -28.229232 -34.014246 -42.792745 -55.209653 -52.803812 -51.995720 -50.454518 -43.213935 -43.908235 -55.221480 -54.285635 -54.502108 -56.939925 -60.393519 -56.150199 -47.667740 -46.165125 -50.310570 -58.790741 -63.429900 -64.710239 -60.945279 -63.770214 -68.053791 -69.659734 -64.645798 -65.298029 -63.731431 -63.773375 -66.272462 -68.278018 -67.034960 -64.195080 -65.364507 -64.762893 -66.571984 -70.216631 -65.843574 -64.042975 
-21.401545 -28.049603 -34.670858 -49.188957 -50.265011 -55.700625 -57.343998 -53.959799 -47.969100 -48.321102 -55.622612 -56.203087 -58.483032 -58.975281 -64.508927 -61.006223 -50.136483 -48.446020 -51.482805 -54.730795 -63.323297 -66.933341 -68.176008 -67.333340 -64.694681 -67.631168 -68.301916 -64.095424 -63.273821 -63.255239 -68.261259 -68.101405 -69.978363 -69.371404 -68.649334 -65.543458 -66.777323 -66.731584 -66.288023 -68.805101 
-31.200760 -38.410253 -36.707605 -36.371998 -36.549121 -35.058670 -33.373907 -34.033410 -33.918886 -33.992857 -35.326344 -36.754969 -35.397835 -33.597476 -30.880380 -28.950810 -27.101713 -26.399060 -26.481917 -27.137664 -29.075780 -32.584616 -38.114306 -45.147115 -45.837525 -47.450629 -50.776052 -44.828061 -40.884835 -42.317188 -51.083810 -51.732994 -52.333319 -56.496545 -53.471785 -53.178566 -50.666824 -49.062132 -47.577722 -54.778604 
-18.514632 -14.683705 -16.708999 -19.549024 -23.782977 -17.978425 -13.325322 -17.828358 -20.378399 -15.372798 -20.173106 -20.224943 -22.834335 -17.884796 -10.967036 -10.652068 -4.682130 0.786967 1.806788 -4.017911 -13.878262 -17.951032 -23.020679 -27.225077 -35.232913 -35.215389 -29.363488 -28.670335 -21.461114 -21.550573 -24.993728 -24.269866 -32.168939 -39.037559 -38.066160 -32.826707 -32.943019 -26.376570 -27.251494 -43.301192 
-11.092129 -7.490744 -11.807036 -15.581675 -13.691540 -16.007777 -9.843956 -14.532101 -14.958853 -13.909983 -19.886688 -16.843122 -14.927519 -15.608338 -13.208481 -20.169788 -11.875616 -4.918090 -2.195884 -9.767293 -23.163368 -26.568425 -30.933317 -34.188222 -39.634881 -37.206997 -34.234073 -32.107242 -21.702254 -20.501273 -23.311042 -25.323494 -33.732748 -45.883763 -47.723364 -40.590574 -31.111448 -22.653352 -26.363255 -38.349013 
-12.130784 -7.677372 -9.688661 -12.785078 -14.436206 -15.448422 -14.476270 -16.305484 -14.014803 -18.886368 -21.165196 -21.400387 -23.174885 -27.617412 -24.850906 -25.372651 -17.491236 -11.150594 -8.854191 -20.009771 -31.436839 -33.716222 -33.951136 -37.874251 -44.385665 -40.103370 -43.134135 -34.149289 -29.098034 -31.464061 -26.175162 -27.589567 -34.111495 -44.101793 -48.093800 -46.852029 -32.135606 -23.474215 -28.714125 -34.879025 
-20.491272 -19.854796 -25.638021 -28.436355 -29.510599 -24.897799 -20.970548 -18.941029 -23.907798 -32.233259 -24.991318 -25.453900 -26.076973 -33.257317 -36.519892 -30.988372 -24.509936 -15.718539 -10.659803 -18.451435 -28.223382 -30.434046 -36.998955 -33.398307 -35.583088 -36.407417 -36.985840 -31.453464 -29.079686 -31.295800 -36.238992 -37.158921 -36.015030 -39.022799 -42.610955 -44.010623 -40.362700 -29.475109 -33.378173 -42.843786 
-17.722447 -16.620786 -26.302405 -30.842801 -33.354804 -32.698769 -22.788349 -14.031234 -21.418975 -30.062913 -33.309305 -28.978559 -27.154893 -34.409750 -30.977000 -29.665313 -19.720975 -14.842819 -7.623409 -18.484773 -24.057239 -31.514898 -40.406184 -40.398985 -43.098997 -42.418330 -42.236969 -36.233146 -33.039875 -38.353985 -41.095096 -40.960513 -39.998808 -43.796925 -47.193531 -50.134625 -44.044152 -37.192712 -42.248554 -48.080970 
-23.650965 -23.842974 -27.764797 -32.180029 -33.318979 -27.463951 -25.169615 -18.196472 -26.595160 -32.880798 -31.414367 -29.478243 -35.524818 -40.756778 -36.287596 -31.223594 -27.802818 -18.593820 -14.191105 -18.772964 -30.276098 -33.898065 -40.770509 -42.226623 -49.639768 -48.475183 -42.957411 -42.415308 -43.132508 -46.688318 -45.202655 -45.711179 -44.599326 -51.318858 -53.929314 -55.131445 -50.121670 -45.444969 -46.556439 -51.580535 
-21.853191 -23.715560 -26.579084 -28.822697 -37.868113 -29.885155 -19.034397 -17.659398 -23.423183 -30.640374 -39.689561 -31.322038 -29.747899 -38.740262 -42.628378 -33.176307 -28.081206 -15.296554 -19.262075 -30.351858 -31.759829 -36.641762 -40.177500 -41.925362 -47.955665 -46.249148 -46.209815 -43.264796 -44.585970 -48.463172 -52.242758 -47.657631 -46.163374 -52.657698 -56.145678 -55.575436 -47.050110 -44.881791 -52.295223 -58.520950 
-19.309333 -22.218529 -26.743550 -31.851689 -30.286197 -28.938255 -25.687019 -27.253536 -26.381680 -36.960766 -34.827609 -35.481315 -35.014076 -38.788325 -39.944618 -39.371628 -28.433749 -16.544440 -20.670505 -26.510431 -29.608454 -39.311451 -44.613800 -47.749269 -54.628516 -48.484802 -52.199929 -46.500505 -43.152245 -49.340685 -54.059712 -45.848623 -48.262405 -56.272927 -56.549911 -54.904330 -46.786168 -49.216092 -52.773173 -60.183493 
-34.221578 -27.024644 -24.215186 -24.575350 -27.669720 -33.124831 -29.765382 -21.680778 -28.883642 -36.363494 -37.223237 -40.739193 -34.593879 -33.649799 -36.747426 -45.641999 -32.558391 -23.944094 -27.217407 -28.810046 -31.751223 -41.954752 -47.281062 -52.270348 -51.063136 -51.378843 -53.383509 -48.897918 -48.333383 -51.685895 -55.029527 -51.163478 -53.752356 -62.278525 -60.958329 -59.700276 -51.880260 -55.236374 -57.889129 -68.039211 
-22.012584 -25.996216 -24.111268 -27.730957 -39.124891 -31.259806 -25.634747 -24.367719 -33.382014 -44.111290 -43.573586 -42.388618 -38.862145 -44.102124 -48.046343 -44.115291 -39.736243 -28.106831 -30.835213 -34.108787 -35.567936 -45.041130 -53.848408 -55.873365 -55.335169 -55.626089 -53.285326 -52.387095 -57.281992 -60.064997 -58.937308 -54.626663 -56.942011 -58.755658 -60.034213 -61.008311 -58.532676 -60.409598 -64.084311 -72.114355 
-27.909189 -26.570739 -30.013338 -32.004428 -32.867662 -34.615525 -34.859768 -32.628012 -35.759189 -36.430660 -46.130791 -44.449900 -37.135749 -41.562766 -46.723204 -45.009642 -40.990920 -32.368578 -34.449991 -36.646219 -36.701718 -46.647586 -54.924940 -58.023729 -57.056191 -59.793271 -58.818196 -56.882455 -58.804597 -60.033884 -63.916414 -61.288003 -61.609426 -64.020395 -61.492835 -62.569682 -61.507646 -65.118876 -69.598159 -73.220135 
-24.479338 -34.883879 -37.849620 -45.490545 -43.805373 -37.326158 -35.793999 -36.142115 -37.636599 -41.458257 -47.547092 -48.320704 -41.613067 -46.419091 -43.856824 -44.581517 -42.037769 -35.742177 -42.442032 -43.322965 -40.961336 -46.140222 -56.126972 -57.445082 -57.733587 -59.535308 -60.919603 -61.016157 -58.376901 -58.489863 -70.058759 -66.479788 -61.313757 -64.107643 -62.939805 -65.314368 -63.614777 -69.246047 -75.860278 -76.248656 
-31.805964 -36.451170 -41.757246 -47.466422 -47.597999 -45.664973 -45.532863 -48.736526 -50.809480 -49.038466 -51.725279 -55.110648 -52.189977 -51.073062 -55.358469 -57.128796 -54.996145 -54.755203 -53.366512 -54.869250 -50.150001 -53.078961 -62.567987 -63.654873 -62.373989 -68.736884 -67.463735 -65.318905 -63.096616 -64.859357 -72.700541 -66.838955 -65.739799 -66.425225 -65.912230 -67.498872 -65.369848 -69.747987 -71.077581 -74.313624 
-57.307121 -64.324557 -62.551481 -61.300695 -70.096442 -62.404926 -62.318726 -69.854138 -69.225681 -63.738327 -63.282905 -65.631959 -61.541509 -64.748906 -61.152875 -65.445190 -70.765472 -68.553559 -69.632582 -65.634281 -62.403760 -65.827837 -65.918431 -72.576126 -66.990516 -70.548197 -72.183652 -70.803165 -69.926574 -69.179652 -74.289001 -69.388478 -70.275721 -73.131410 -72.006168 -70.165365 -69.305173 -70.370390 -70.655731 -74.780682 
-54.971188 -68.773706 -67.958524 -69.044624 -74.892985 -71.032749 -70.819793 -68.472212 -66.813995 -69.612570 -68.116038 -69.586262 -68.041483 -63.540321 -65.797611 -72.842056 -71.388045 -66.823594 -68.312314 -72.148335 -65.874737 -64.971823 -67.631514 -74.743700 -70.134488 -72.589734 -73.272270 -70.927654 -71.253333 -74.382859 -73.379003 -73.265859 -75.329294 -74.102709 -69.291525 -69.538100 -70.722748 -71.754805 -72.502633 -74.667392 
-57.250431 -65.555731 -70.318706 -78.942961 -76.094819 -67.888778 -69.888321 -70.410385 -65.415142 -67.746671 -77.207145 -72.120487 -66.546757 -71.835235 -68.008679 -68.667139 -65.423561 -69.277341 -69.836787 -70.135045 -70.579354 -72.746676 -73.911589 -76.846889 -73.544997 -75.227185 -74.423367 -73.868000 -73.288645 -75.381071 -72.554917 -70.943008 -72.475944 -76.149008 -72.513327 -69.693798 -70.682516 -73.929181 -71.213160 -73.251857 
-57.015162 -73.143292 -75.047989 -72.773842 -75.649342 -74.664368 -71.945796 -72.361210 -69.581586 -72.901878 -70.947051 -69.191784 -67.057144 -68.649116 -74.280680 -67.595095 -65.734009 -68.137002 -72.500097 -72.032481 -68.986299 -72.015866 -72.804799 -74.192172 -74.434768 -74.168493 -73.199359 -71.079482 -71.613186 -76.392559 -71.458513 -74.445126 -70.963182 -72.462311 -72.499900 -74.043863 -73.257576 -74.540032 -73.241122 -75.823874 
-56.220661 -75.533716 -74.006908 -68.082734 -70.582415 -68.511171 -70.693324 -69.110707 -70.664442 -72.996174 -74.407345 -73.740236 -76.652428 -75.478748 -76.346940 -67.286873 -69.931916 -68.965040 -69.367323 -73.438484 -71.338603 -69.853125 -72.511436 -70.437352 -72.948455 -71.965505 -73.127263 -72.392874 -72.087851 -73.299877 -72.761078 -73.028489 -72.801976 -72.240668 -72.725560 -74.226210 -73.273392 -74.943661 -73.789190 -74.367395 
-58.706548 -79.139381 -75.444843 -74.000454 -76.968330 -78.214367 -76.569467 -71.325974 -72.241624 -69.003585 -70.803789 -73.703285 -74.433247 -81.403239 -75.108547 -76.400954 -74.584360 -75.699804 -73.939577 -74.654241 -75.218769 -74.654130 -75.691854 -72.549321 -76.070027 -74.007850 -72.862994 -72.201901 -72.574862 -70.365735 -73.627507 -73.201373 -73.425923 -72.500981 -74.194987 -77.014733 -76.488888 -74.919019 -72.304824 -75.399290 
-57.067862 -71.383712 -70.493077 -80.198650 -82.015192 -75.581388 -76.742839 -71.208479 -69.443447 -72.249831 -71.161152 -71.410317 -70.137764 -71.956174 -71.066927 -69.922603 -71.526703 -72.582837 -66.574265 -70.621948 -77.369188 -74.974103 -78.501012 -71.273131 -72.428361 -76.512726 -74.350766 -73.098121 -76.036508 -77.652443 -73.682253 -75.141927 -73.474685 -72.153908 -71.438265 -74.827348 -73.787799 -74.682495 -72.810927 -74.955175 
-54.755672 -75.724661 -72.283993 -71.953833 -81.200310 -77.710597 -72.766120 -73.736719 -79.605173 -75.304191 -71.919664 -71.871622 -72.450442 -72.993872 -75.268477 -71.939472 -71.936538 -74.165938 -73.759593 -71.759367 -77.550681 -75.345495 -74.462061 -72.529509 -69.265077 -71.056700 -69.937192 -70.102756 -74.846985 -74.612425 -74.701428 -72.626587 -71.788133 -74.075389 -73.254337 -73.965687 -73.540279 -75.153137 -72.442129 -75.646403 
-57.299929 -62.930009 -65.890748 -68.481412 -74.329114 -82.889313 -78.259522 -76.079844 -84.025548 -79.080312 -72.068463 -73.690845 -75.655235 -70.585632 -70.229807 -73.256523 -70.117596 -70.981042 -73.715330 -72.093455 -73.087042 -72.501404 -76.764866 -74.105235 -76.388528 -75.308284 -72.410033 -76.795878 -74.794237 -78.297306 -77.478908 -74.984294 -76.820019 -75.963238 -77.161894 -78.468201 -77.416963 -75.035790 -75.363728 -76.697643 
-90.118336 -89.783404 -89.477702 -89.437161 -89.923095 -91.320191 -93.884455 -98.691319 -107.630689 -105.098706 -100.827710 -98.156381 -94.827411 -91.964855 -90.658677 -90.968618 -92.274439 -92.960132 -91.947156 -90.955597 -92.276173 -97.612708 -102.975314 -97.870495 -95.198975 -96.866528 -98.042660 -97.205663 -98.786617 -99.514647 -98.968749 -97.010831 -100.011499 -97.149453 -96.077554 -99.611309 -101.025711 -94.475277 -96.484081 -98.244673 
NaN NaN NaN NaN NaN NaN NaN NaN NaN NaN NaN NaN NaN NaN NaN NaN NaN NaN NaN NaN NaN NaN NaN NaN NaN NaN NaN NaN NaN NaN NaN NaN NaN NaN NaN NaN NaN NaN NaN NaN 
NaN NaN NaN NaN NaN NaN NaN NaN NaN NaN NaN NaN NaN NaN NaN NaN NaN NaN NaN NaN NaN NaN NaN NaN NaN NaN NaN NaN NaN NaN NaN NaN NaN NaN NaN NaN NaN NaN NaN NaN 
NaN NaN NaN NaN NaN NaN NaN NaN NaN NaN NaN NaN NaN NaN NaN NaN NaN NaN NaN NaN NaN NaN NaN NaN NaN NaN NaN NaN NaN NaN NaN NaN NaN NaN NaN NaN NaN NaN NaN NaN 
NaN NaN NaN NaN NaN NaN NaN NaN NaN NaN NaN NaN NaN NaN NaN NaN NaN NaN NaN NaN NaN NaN NaN NaN NaN NaN NaN NaN NaN NaN NaN NaN NaN NaN NaN NaN NaN NaN NaN NaN 
NaN NaN NaN NaN NaN NaN NaN NaN NaN NaN NaN NaN NaN NaN NaN NaN NaN NaN NaN NaN NaN NaN NaN NaN NaN NaN NaN NaN NaN NaN NaN NaN NaN NaN NaN NaN NaN NaN NaN NaN 
NaN NaN NaN NaN NaN NaN NaN NaN NaN NaN NaN NaN NaN NaN NaN NaN NaN NaN NaN NaN NaN NaN NaN NaN NaN NaN NaN NaN NaN NaN NaN NaN NaN NaN NaN NaN NaN NaN NaN NaN 
NaN NaN NaN NaN NaN NaN NaN NaN NaN NaN NaN NaN NaN NaN NaN NaN NaN NaN NaN NaN NaN NaN NaN NaN NaN NaN NaN NaN NaN NaN NaN NaN NaN NaN NaN NaN NaN NaN NaN NaN 
NaN NaN NaN NaN NaN NaN NaN NaN NaN NaN NaN NaN NaN NaN NaN NaN NaN NaN NaN NaN NaN NaN NaN NaN NaN NaN NaN NaN NaN NaN NaN NaN NaN NaN NaN NaN NaN NaN NaN NaN 
NaN NaN NaN NaN NaN NaN NaN NaN NaN NaN NaN NaN NaN NaN NaN NaN NaN NaN NaN NaN NaN NaN NaN NaN NaN NaN NaN NaN NaN NaN NaN NaN NaN NaN NaN NaN NaN NaN NaN NaN 
NaN NaN NaN NaN NaN NaN NaN NaN NaN NaN NaN NaN NaN NaN NaN NaN NaN NaN NaN NaN NaN NaN NaN NaN NaN NaN NaN NaN NaN NaN NaN NaN NaN NaN NaN NaN NaN NaN NaN NaN 
NaN NaN NaN NaN NaN NaN NaN NaN NaN NaN NaN NaN NaN NaN NaN NaN NaN NaN NaN NaN NaN NaN NaN NaN NaN NaN NaN NaN NaN NaN NaN NaN NaN NaN NaN NaN NaN NaN NaN NaN 
NaN NaN NaN NaN NaN NaN NaN NaN NaN NaN NaN NaN NaN NaN NaN NaN NaN NaN NaN NaN NaN NaN NaN NaN NaN NaN NaN NaN NaN NaN NaN NaN NaN NaN NaN NaN NaN NaN NaN NaN 
NaN NaN NaN NaN NaN NaN NaN NaN NaN NaN NaN NaN NaN NaN NaN NaN NaN NaN NaN NaN NaN NaN NaN NaN NaN NaN NaN NaN NaN NaN NaN NaN NaN NaN NaN NaN NaN NaN NaN NaN 
NaN NaN NaN NaN NaN NaN NaN NaN NaN NaN NaN NaN NaN NaN NaN NaN NaN NaN NaN NaN NaN NaN NaN NaN NaN NaN NaN NaN NaN NaN NaN NaN NaN NaN NaN NaN NaN NaN NaN NaN 
NaN NaN NaN NaN NaN NaN NaN NaN NaN NaN NaN NaN NaN NaN NaN NaN NaN NaN NaN NaN NaN NaN NaN NaN NaN NaN NaN NaN NaN NaN NaN NaN NaN NaN NaN NaN NaN NaN NaN NaN 
NaN NaN NaN NaN NaN NaN NaN NaN NaN NaN NaN NaN NaN NaN NaN NaN NaN NaN NaN NaN NaN NaN NaN NaN NaN NaN NaN NaN NaN NaN NaN NaN NaN NaN NaN NaN NaN NaN NaN NaN 
NaN NaN NaN NaN NaN NaN NaN NaN NaN NaN NaN NaN NaN NaN NaN NaN NaN NaN NaN NaN NaN NaN NaN NaN NaN NaN NaN NaN NaN NaN NaN NaN NaN NaN NaN NaN NaN NaN NaN NaN 
NaN NaN NaN NaN NaN NaN NaN NaN NaN NaN NaN NaN NaN NaN NaN NaN NaN NaN NaN NaN NaN NaN NaN NaN NaN NaN NaN NaN NaN NaN NaN NaN NaN NaN NaN NaN NaN NaN NaN NaN 
NaN NaN NaN NaN NaN NaN NaN NaN NaN NaN NaN NaN NaN NaN NaN NaN NaN NaN NaN NaN NaN NaN NaN NaN NaN NaN NaN NaN NaN NaN NaN NaN NaN NaN NaN NaN NaN NaN NaN NaN 
NaN NaN NaN NaN NaN NaN NaN NaN NaN NaN NaN NaN NaN NaN NaN NaN NaN NaN NaN NaN NaN NaN NaN NaN NaN NaN NaN NaN NaN NaN NaN NaN NaN NaN NaN NaN NaN NaN NaN NaN 
NaN NaN NaN NaN NaN NaN NaN NaN NaN NaN NaN NaN NaN NaN NaN NaN NaN NaN NaN NaN NaN NaN NaN NaN NaN NaN NaN NaN NaN NaN NaN NaN NaN NaN NaN NaN NaN NaN NaN NaN 
NaN NaN NaN NaN NaN NaN NaN NaN NaN NaN NaN NaN NaN NaN NaN NaN NaN NaN NaN NaN NaN NaN NaN NaN NaN NaN NaN NaN NaN NaN NaN NaN NaN NaN NaN NaN NaN NaN NaN NaN 
NaN NaN NaN NaN NaN NaN NaN NaN NaN NaN NaN NaN NaN NaN NaN NaN NaN NaN NaN NaN NaN NaN NaN NaN NaN NaN NaN NaN NaN NaN NaN NaN NaN NaN NaN NaN NaN NaN NaN NaN 
NaN NaN NaN NaN NaN NaN NaN NaN NaN NaN NaN NaN NaN NaN NaN NaN NaN NaN NaN NaN NaN NaN NaN NaN NaN NaN NaN NaN NaN NaN NaN NaN NaN NaN NaN NaN NaN NaN NaN NaN 
NaN NaN NaN NaN NaN NaN NaN NaN NaN NaN NaN NaN NaN NaN NaN NaN NaN NaN NaN NaN NaN NaN NaN NaN NaN NaN NaN NaN NaN NaN NaN NaN NaN NaN NaN NaN NaN NaN NaN NaN 
NaN NaN NaN NaN NaN NaN NaN NaN NaN NaN NaN NaN NaN NaN NaN NaN NaN NaN NaN NaN NaN NaN NaN NaN NaN NaN NaN NaN NaN NaN NaN NaN NaN NaN NaN NaN NaN NaN NaN NaN 
NaN NaN NaN NaN NaN NaN NaN NaN NaN NaN NaN NaN NaN NaN NaN NaN NaN NaN NaN NaN NaN NaN NaN NaN NaN NaN NaN NaN NaN NaN NaN NaN NaN NaN NaN NaN NaN NaN NaN NaN 
NaN NaN NaN NaN NaN NaN NaN NaN NaN NaN NaN NaN NaN NaN NaN NaN NaN NaN NaN NaN NaN NaN NaN NaN NaN NaN NaN NaN NaN NaN NaN NaN NaN NaN NaN NaN NaN NaN NaN NaN 
NaN NaN NaN NaN NaN NaN NaN NaN NaN NaN NaN NaN NaN NaN NaN NaN NaN NaN NaN NaN NaN NaN NaN NaN NaN NaN NaN NaN NaN NaN NaN NaN NaN NaN NaN NaN NaN NaN NaN NaN 
NaN NaN NaN NaN NaN NaN NaN NaN NaN NaN NaN NaN NaN NaN NaN NaN NaN NaN NaN NaN NaN NaN NaN NaN NaN NaN NaN NaN NaN NaN NaN NaN NaN NaN NaN NaN NaN NaN NaN NaN 
NaN NaN NaN NaN NaN NaN NaN NaN NaN NaN NaN NaN NaN NaN NaN NaN NaN NaN NaN NaN NaN NaN NaN NaN NaN NaN NaN NaN NaN NaN NaN NaN NaN NaN NaN NaN NaN NaN NaN NaN 
NaN NaN NaN NaN NaN NaN NaN NaN NaN NaN NaN NaN NaN NaN NaN NaN NaN NaN NaN NaN NaN NaN NaN NaN NaN NaN NaN NaN NaN NaN NaN NaN NaN NaN NaN NaN NaN NaN NaN NaN 
NaN NaN NaN NaN NaN NaN NaN NaN NaN NaN NaN NaN NaN NaN NaN NaN NaN NaN NaN NaN NaN NaN NaN NaN NaN NaN NaN NaN NaN NaN NaN NaN NaN NaN NaN NaN NaN NaN NaN NaN 
NaN NaN NaN NaN NaN NaN NaN NaN NaN NaN NaN NaN NaN NaN NaN NaN NaN NaN NaN NaN NaN NaN NaN NaN NaN NaN NaN NaN NaN NaN NaN NaN NaN NaN NaN NaN NaN NaN NaN NaN 
NaN NaN NaN NaN NaN NaN NaN NaN NaN NaN NaN NaN NaN NaN NaN NaN NaN NaN NaN NaN NaN NaN NaN NaN NaN NaN NaN NaN NaN NaN NaN NaN NaN NaN NaN NaN NaN NaN NaN NaN 
NaN NaN NaN NaN NaN NaN NaN NaN NaN NaN NaN NaN NaN NaN NaN NaN NaN NaN NaN NaN NaN NaN NaN NaN NaN NaN NaN NaN NaN NaN NaN NaN NaN NaN NaN NaN NaN NaN NaN NaN 
NaN NaN NaN NaN NaN NaN NaN NaN NaN NaN NaN NaN NaN NaN NaN NaN NaN NaN NaN NaN NaN NaN NaN NaN NaN NaN NaN NaN NaN NaN NaN NaN NaN NaN NaN NaN NaN NaN NaN NaN 
NaN NaN NaN NaN NaN NaN NaN NaN NaN NaN NaN NaN NaN NaN NaN NaN NaN NaN NaN NaN NaN NaN NaN NaN NaN NaN NaN NaN NaN NaN NaN NaN NaN NaN NaN NaN NaN NaN NaN NaN 
NaN NaN NaN NaN NaN NaN NaN NaN NaN NaN NaN NaN NaN NaN NaN NaN NaN NaN NaN NaN NaN NaN NaN NaN NaN NaN NaN NaN NaN NaN NaN NaN NaN NaN NaN NaN NaN NaN NaN NaN 
NaN NaN NaN NaN NaN NaN NaN NaN NaN NaN NaN NaN NaN NaN NaN NaN NaN NaN NaN NaN NaN NaN NaN NaN NaN NaN NaN NaN NaN NaN NaN NaN NaN NaN NaN NaN NaN NaN NaN NaN 
NaN NaN NaN NaN NaN NaN NaN NaN NaN NaN NaN NaN NaN NaN NaN NaN NaN NaN NaN NaN NaN NaN NaN NaN NaN NaN NaN NaN NaN NaN NaN NaN NaN NaN NaN NaN NaN NaN NaN NaN 
NaN NaN NaN NaN NaN NaN NaN NaN NaN NaN NaN NaN NaN NaN NaN NaN NaN NaN NaN NaN NaN NaN NaN NaN NaN NaN NaN NaN NaN NaN NaN NaN NaN NaN NaN NaN NaN NaN NaN NaN 
NaN NaN NaN NaN NaN NaN NaN NaN NaN NaN NaN NaN NaN NaN NaN NaN NaN NaN NaN NaN NaN NaN NaN NaN NaN NaN NaN NaN NaN NaN NaN NaN NaN NaN NaN NaN NaN NaN NaN NaN 
NaN NaN NaN NaN NaN NaN NaN NaN NaN NaN NaN NaN NaN NaN NaN NaN NaN NaN NaN NaN NaN NaN NaN NaN NaN NaN NaN NaN NaN NaN NaN NaN NaN NaN NaN NaN NaN NaN NaN NaN 
NaN NaN NaN NaN NaN NaN NaN NaN NaN NaN NaN NaN NaN NaN NaN NaN NaN NaN NaN NaN NaN NaN NaN NaN NaN NaN NaN NaN NaN NaN NaN NaN NaN NaN NaN NaN NaN NaN NaN NaN 
NaN NaN NaN NaN NaN NaN NaN NaN NaN NaN NaN NaN NaN NaN NaN NaN NaN NaN NaN NaN NaN NaN NaN NaN NaN NaN NaN NaN NaN NaN NaN NaN NaN NaN NaN NaN NaN NaN NaN NaN 
NaN NaN NaN NaN NaN NaN NaN NaN NaN NaN NaN NaN NaN NaN NaN NaN NaN NaN NaN NaN NaN NaN NaN NaN NaN NaN NaN NaN NaN NaN NaN NaN NaN NaN NaN NaN NaN NaN NaN NaN 
NaN NaN NaN NaN NaN NaN NaN NaN NaN NaN NaN NaN NaN NaN NaN NaN NaN NaN NaN NaN NaN NaN NaN NaN NaN NaN NaN NaN NaN NaN NaN NaN NaN NaN NaN NaN NaN NaN NaN NaN 
NaN NaN NaN NaN NaN NaN NaN NaN NaN NaN NaN NaN NaN NaN NaN NaN NaN NaN NaN NaN NaN NaN NaN NaN NaN NaN NaN NaN NaN NaN NaN NaN NaN NaN NaN NaN NaN NaN NaN NaN 
NaN NaN NaN NaN NaN NaN NaN NaN NaN NaN NaN NaN NaN NaN NaN NaN NaN NaN NaN NaN NaN NaN NaN NaN NaN NaN NaN NaN NaN NaN NaN NaN NaN NaN NaN NaN NaN NaN NaN NaN 
NaN NaN NaN NaN NaN NaN NaN NaN NaN NaN NaN NaN NaN NaN NaN NaN NaN NaN NaN NaN NaN NaN NaN NaN NaN NaN NaN NaN NaN NaN NaN NaN NaN NaN NaN NaN NaN NaN NaN NaN 
NaN NaN NaN NaN NaN NaN NaN NaN NaN NaN NaN NaN NaN NaN NaN NaN NaN NaN NaN NaN NaN NaN NaN NaN NaN NaN NaN NaN NaN NaN NaN NaN NaN NaN NaN NaN NaN NaN NaN NaN 
NaN NaN NaN NaN NaN NaN NaN NaN NaN NaN NaN NaN NaN NaN NaN NaN NaN NaN NaN NaN NaN NaN NaN NaN NaN NaN NaN NaN NaN NaN NaN NaN NaN NaN NaN NaN NaN NaN NaN NaN 
NaN NaN NaN NaN NaN NaN NaN NaN NaN NaN NaN NaN NaN NaN NaN NaN NaN NaN NaN NaN NaN NaN NaN NaN NaN NaN NaN NaN NaN NaN NaN NaN NaN NaN NaN NaN NaN NaN NaN NaN 
NaN NaN NaN NaN NaN NaN NaN NaN NaN NaN NaN NaN NaN NaN NaN NaN NaN NaN NaN NaN NaN NaN NaN NaN NaN NaN NaN NaN NaN NaN NaN NaN NaN NaN NaN NaN NaN NaN NaN NaN 
NaN NaN NaN NaN NaN NaN NaN NaN NaN NaN NaN NaN NaN NaN NaN NaN NaN NaN NaN NaN NaN NaN NaN NaN NaN NaN NaN NaN NaN NaN NaN NaN NaN NaN NaN NaN NaN NaN NaN NaN 
NaN NaN NaN NaN NaN NaN NaN NaN NaN NaN NaN NaN NaN NaN NaN NaN NaN NaN NaN NaN NaN NaN NaN NaN NaN NaN NaN NaN NaN NaN NaN NaN NaN NaN NaN NaN NaN NaN NaN NaN 
NaN NaN NaN NaN NaN NaN NaN NaN NaN NaN NaN NaN NaN NaN NaN NaN NaN NaN NaN NaN NaN NaN NaN NaN NaN NaN NaN NaN NaN NaN NaN NaN NaN NaN NaN NaN NaN NaN NaN NaN 
NaN NaN NaN NaN NaN NaN NaN NaN NaN NaN NaN NaN NaN NaN NaN NaN NaN NaN NaN NaN NaN NaN NaN NaN NaN NaN NaN NaN NaN NaN NaN NaN NaN NaN NaN NaN NaN NaN NaN NaN 
NaN NaN NaN NaN NaN NaN NaN NaN NaN NaN NaN NaN NaN NaN NaN NaN NaN NaN NaN NaN NaN NaN NaN NaN NaN NaN NaN NaN NaN NaN NaN NaN NaN NaN NaN NaN NaN NaN NaN NaN 
NaN NaN NaN NaN NaN NaN NaN NaN NaN NaN NaN NaN NaN NaN NaN NaN NaN NaN NaN NaN NaN NaN NaN NaN NaN NaN NaN NaN NaN NaN NaN NaN NaN NaN NaN NaN NaN NaN NaN NaN 
NaN NaN NaN NaN NaN NaN NaN NaN NaN NaN NaN NaN NaN NaN NaN NaN NaN NaN NaN NaN NaN NaN NaN NaN NaN NaN NaN NaN NaN NaN NaN NaN NaN NaN NaN NaN NaN NaN NaN NaN 
NaN NaN NaN NaN NaN NaN NaN NaN NaN NaN NaN NaN NaN NaN NaN NaN NaN NaN NaN NaN NaN NaN NaN NaN NaN NaN NaN NaN NaN NaN NaN NaN NaN NaN NaN NaN NaN NaN NaN NaN 
NaN NaN NaN NaN NaN NaN NaN NaN NaN NaN NaN NaN NaN NaN NaN NaN NaN NaN NaN NaN NaN NaN NaN NaN NaN NaN NaN NaN NaN NaN NaN NaN NaN NaN NaN NaN NaN NaN NaN NaN 
NaN NaN NaN NaN NaN NaN NaN NaN NaN NaN NaN NaN NaN NaN NaN NaN NaN NaN NaN NaN NaN NaN NaN NaN NaN NaN NaN NaN NaN NaN NaN NaN NaN NaN NaN NaN NaN NaN NaN NaN 
NaN NaN NaN NaN NaN NaN NaN NaN NaN NaN NaN NaN NaN NaN NaN NaN NaN NaN NaN NaN NaN NaN NaN NaN NaN NaN NaN NaN NaN NaN NaN NaN NaN NaN NaN NaN NaN NaN NaN NaN 
NaN NaN NaN NaN NaN NaN NaN NaN NaN NaN NaN NaN NaN NaN NaN NaN NaN NaN NaN NaN NaN NaN NaN NaN NaN NaN NaN NaN NaN NaN NaN NaN NaN NaN NaN NaN NaN NaN NaN NaN 
NaN NaN NaN NaN NaN NaN NaN NaN NaN NaN NaN NaN NaN NaN NaN NaN NaN NaN NaN NaN NaN NaN NaN NaN NaN NaN NaN NaN NaN NaN NaN NaN NaN NaN NaN NaN NaN NaN NaN NaN 
NaN NaN NaN NaN NaN NaN NaN NaN NaN NaN NaN NaN NaN NaN NaN NaN NaN NaN NaN NaN NaN NaN NaN NaN NaN NaN NaN NaN NaN NaN NaN NaN NaN NaN NaN NaN NaN NaN NaN NaN 
NaN NaN NaN NaN NaN NaN NaN NaN NaN NaN NaN NaN NaN NaN NaN NaN NaN NaN NaN NaN NaN NaN NaN NaN NaN NaN NaN NaN NaN NaN NaN NaN NaN NaN NaN NaN NaN NaN NaN NaN 
NaN NaN NaN NaN NaN NaN NaN NaN NaN NaN NaN NaN NaN NaN NaN NaN NaN NaN NaN NaN NaN NaN NaN NaN NaN NaN NaN NaN NaN NaN NaN NaN NaN NaN NaN NaN NaN NaN NaN NaN 
