NaN NaN NaN NaN NaN NaN NaN NaN NaN NaN NaN NaN NaN NaN NaN NaN NaN NaN NaN NaN NaN NaN NaN NaN NaN NaN NaN NaN NaN NaN NaN NaN NaN NaN NaN NaN NaN NaN NaN NaN 
NaN NaN NaN NaN NaN NaN NaN NaN NaN NaN NaN NaN NaN NaN NaN NaN NaN NaN NaN NaN NaN NaN NaN NaN NaN NaN NaN NaN NaN NaN NaN NaN NaN NaN NaN NaN NaN NaN NaN NaN 
NaN NaN NaN NaN NaN NaN NaN NaN NaN NaN NaN NaN NaN NaN NaN NaN NaN NaN NaN NaN NaN NaN NaN NaN NaN NaN NaN NaN NaN NaN NaN NaN NaN NaN NaN NaN NaN NaN NaN NaN 
NaN NaN NaN NaN NaN NaN NaN NaN NaN NaN NaN NaN NaN NaN NaN NaN NaN NaN NaN NaN NaN NaN NaN NaN NaN NaN NaN NaN NaN NaN NaN NaN NaN NaN NaN NaN NaN NaN NaN NaN 
NaN NaN NaN NaN NaN NaN NaN NaN NaN NaN NaN NaN NaN NaN NaN NaN NaN NaN NaN NaN NaN NaN NaN NaN NaN NaN NaN NaN NaN NaN NaN NaN NaN NaN NaN NaN NaN NaN NaN NaN 
NaN NaN NaN NaN NaN NaN NaN NaN NaN NaN NaN NaN NaN NaN NaN NaN NaN NaN NaN NaN NaN NaN NaN NaN NaN NaN NaN NaN NaN NaN NaN NaN NaN NaN NaN NaN NaN NaN NaN NaN 
NaN NaN NaN NaN NaN NaN NaN NaN NaN NaN NaN NaN NaN NaN NaN NaN NaN NaN NaN NaN NaN NaN NaN NaN NaN NaN NaN NaN NaN NaN NaN NaN NaN NaN NaN NaN NaN NaN NaN NaN 
NaN NaN NaN NaN NaN NaN NaN NaN NaN NaN NaN NaN NaN NaN NaN NaN NaN NaN NaN NaN NaN NaN NaN NaN NaN NaN NaN NaN NaN NaN NaN NaN NaN NaN NaN NaN NaN NaN NaN NaN 
NaN NaN NaN NaN NaN NaN NaN NaN NaN NaN NaN NaN NaN NaN NaN NaN NaN NaN NaN NaN NaN NaN NaN NaN NaN NaN NaN NaN NaN NaN NaN NaN NaN NaN NaN NaN NaN NaN NaN NaN 
NaN NaN NaN NaN NaN NaN NaN NaN NaN NaN NaN NaN NaN NaN NaN NaN NaN NaN NaN NaN NaN NaN NaN NaN NaN NaN NaN NaN NaN NaN NaN NaN NaN NaN NaN NaN NaN NaN NaN NaN 
NaN NaN NaN NaN NaN NaN NaN NaN NaN NaN NaN NaN NaN NaN NaN NaN NaN NaN NaN NaN NaN NaN NaN NaN NaN NaN NaN NaN NaN NaN NaN NaN NaN NaN NaN NaN NaN NaN NaN NaN 
NaN NaN NaN NaN NaN NaN NaN NaN NaN NaN NaN NaN NaN NaN NaN NaN NaN NaN NaN NaN NaN NaN NaN NaN NaN NaN NaN NaN NaN NaN NaN NaN NaN NaN NaN NaN NaN NaN NaN NaN 
NaN NaN NaN NaN NaN NaN NaN NaN NaN NaN NaN NaN NaN NaN NaN NaN NaN NaN NaN NaN NaN NaN NaN NaN NaN NaN NaN NaN NaN NaN NaN NaN NaN NaN NaN NaN NaN NaN NaN NaN 
NaN NaN NaN NaN NaN NaN NaN NaN NaN NaN NaN NaN NaN NaN NaN NaN NaN NaN NaN NaN NaN NaN NaN NaN NaN NaN NaN NaN NaN NaN NaN NaN NaN NaN NaN NaN NaN NaN NaN NaN 
NaN NaN NaN NaN NaN NaN NaN NaN NaN NaN NaN NaN NaN NaN NaN NaN NaN NaN NaN NaN NaN NaN NaN NaN NaN NaN NaN NaN NaN NaN NaN NaN NaN NaN NaN NaN NaN NaN NaN NaN 
NaN NaN NaN NaN NaN NaN NaN NaN NaN NaN NaN NaN NaN NaN NaN NaN NaN NaN NaN NaN NaN NaN NaN NaN NaN NaN NaN NaN NaN NaN NaN NaN NaN NaN NaN NaN NaN NaN NaN NaN 
NaN NaN NaN NaN NaN NaN NaN NaN NaN NaN NaN NaN NaN NaN NaN NaN NaN NaN NaN NaN NaN NaN NaN NaN NaN NaN NaN NaN NaN NaN NaN NaN NaN NaN NaN NaN NaN NaN NaN NaN 
NaN NaN NaN NaN NaN NaN NaN NaN NaN NaN NaN NaN NaN NaN NaN NaN NaN NaN NaN NaN NaN NaN NaN NaN NaN NaN NaN NaN NaN NaN NaN NaN NaN NaN NaN NaN NaN NaN NaN NaN 
NaN NaN NaN NaN NaN NaN NaN NaN NaN NaN NaN NaN NaN NaN NaN NaN NaN NaN NaN NaN NaN NaN NaN NaN NaN NaN NaN NaN NaN NaN NaN NaN NaN NaN NaN NaN NaN NaN NaN NaN 
NaN NaN NaN NaN NaN NaN NaN NaN NaN NaN NaN NaN NaN NaN NaN NaN NaN NaN NaN NaN NaN NaN NaN NaN NaN NaN NaN NaN NaN NaN NaN NaN NaN NaN NaN NaN NaN NaN NaN NaN 
NaN NaN NaN NaN NaN NaN NaN NaN NaN NaN NaN NaN NaN NaN NaN NaN NaN NaN NaN NaN NaN NaN NaN NaN NaN NaN NaN NaN NaN NaN NaN NaN NaN NaN NaN NaN NaN NaN NaN NaN 
NaN NaN NaN NaN NaN NaN NaN NaN NaN NaN NaN NaN NaN NaN NaN NaN NaN NaN NaN NaN NaN NaN NaN NaN NaN NaN NaN NaN NaN NaN NaN NaN NaN NaN NaN NaN NaN NaN NaN NaN 
NaN NaN NaN NaN NaN NaN NaN NaN NaN NaN NaN NaN NaN NaN NaN NaN NaN NaN NaN NaN NaN NaN NaN NaN NaN NaN NaN NaN NaN NaN NaN NaN NaN NaN NaN NaN NaN NaN NaN NaN 
NaN NaN NaN NaN NaN NaN NaN NaN NaN NaN NaN NaN NaN NaN NaN NaN NaN NaN NaN NaN NaN NaN NaN NaN NaN NaN NaN NaN NaN NaN NaN NaN NaN NaN NaN NaN NaN NaN NaN NaN 
NaN NaN NaN NaN NaN NaN NaN NaN NaN NaN NaN NaN NaN NaN NaN NaN NaN NaN NaN NaN NaN NaN NaN NaN NaN NaN NaN NaN NaN NaN NaN NaN NaN NaN NaN NaN NaN NaN NaN NaN 
NaN NaN NaN NaN NaN NaN NaN NaN NaN NaN NaN NaN NaN NaN NaN NaN NaN NaN NaN NaN NaN NaN NaN NaN NaN NaN NaN NaN NaN NaN NaN NaN NaN NaN NaN NaN NaN NaN NaN NaN 
NaN NaN NaN NaN NaN NaN NaN NaN NaN NaN NaN NaN NaN NaN NaN NaN NaN NaN NaN NaN NaN NaN NaN NaN NaN NaN NaN NaN NaN NaN NaN NaN NaN NaN NaN NaN NaN NaN NaN NaN 
NaN NaN NaN NaN NaN NaN NaN NaN NaN NaN NaN NaN NaN NaN NaN NaN NaN NaN NaN NaN NaN NaN NaN NaN NaN NaN NaN NaN NaN NaN NaN NaN NaN NaN NaN NaN NaN NaN NaN NaN 
NaN NaN NaN NaN NaN NaN NaN NaN NaN NaN NaN NaN NaN NaN NaN NaN NaN NaN NaN NaN NaN NaN NaN NaN NaN NaN NaN NaN NaN NaN NaN NaN NaN NaN NaN NaN NaN NaN NaN NaN 
NaN NaN NaN NaN NaN NaN NaN NaN NaN NaN NaN NaN NaN NaN NaN NaN NaN NaN NaN NaN NaN NaN NaN NaN NaN NaN NaN NaN NaN NaN NaN NaN NaN NaN NaN NaN NaN NaN NaN NaN 
NaN NaN NaN NaN NaN NaN NaN NaN NaN NaN NaN NaN NaN NaN NaN NaN NaN NaN NaN NaN NaN NaN NaN NaN NaN NaN NaN NaN NaN NaN NaN NaN NaN NaN NaN NaN NaN NaN NaN NaN 
NaN NaN NaN NaN NaN NaN NaN NaN NaN NaN NaN NaN NaN NaN NaN NaN NaN NaN NaN NaN NaN NaN NaN NaN NaN NaN NaN NaN NaN NaN NaN NaN NaN NaN NaN NaN NaN NaN NaN NaN 
NaN NaN NaN NaN NaN NaN NaN NaN NaN NaN NaN NaN NaN NaN NaN NaN NaN NaN NaN NaN NaN NaN NaN NaN NaN NaN NaN NaN NaN NaN NaN NaN NaN NaN NaN NaN NaN NaN NaN NaN 
NaN NaN NaN NaN NaN NaN NaN NaN NaN NaN NaN NaN NaN NaN NaN NaN NaN NaN NaN NaN NaN NaN NaN NaN NaN NaN NaN NaN NaN NaN NaN NaN NaN NaN NaN NaN NaN NaN NaN NaN 
NaN NaN NaN NaN NaN NaN NaN NaN NaN NaN NaN NaN NaN NaN NaN NaN NaN NaN NaN NaN NaN NaN NaN NaN NaN NaN NaN NaN NaN NaN NaN NaN NaN NaN NaN NaN NaN NaN NaN NaN 
NaN NaN NaN NaN NaN NaN NaN NaN NaN NaN NaN NaN NaN NaN NaN NaN NaN NaN NaN NaN NaN NaN NaN NaN NaN NaN NaN NaN NaN NaN NaN NaN NaN NaN NaN NaN NaN NaN NaN NaN 
NaN NaN NaN NaN NaN NaN NaN NaN NaN NaN NaN NaN NaN NaN NaN NaN NaN NaN NaN NaN NaN NaN NaN NaN NaN NaN NaN NaN NaN NaN NaN NaN NaN NaN NaN NaN NaN NaN NaN NaN 
NaN NaN NaN NaN NaN NaN NaN NaN NaN NaN NaN NaN NaN NaN NaN NaN NaN NaN NaN NaN NaN NaN NaN NaN NaN NaN NaN NaN NaN NaN NaN NaN NaN NaN NaN NaN NaN NaN NaN NaN 
NaN NaN NaN NaN NaN NaN NaN NaN NaN NaN NaN NaN NaN NaN NaN NaN NaN NaN NaN NaN NaN NaN NaN NaN NaN NaN NaN NaN NaN NaN NaN NaN NaN NaN NaN NaN NaN NaN NaN NaN 
NaN NaN NaN NaN NaN NaN NaN NaN NaN NaN NaN NaN NaN NaN NaN NaN NaN NaN NaN NaN NaN NaN NaN NaN NaN NaN NaN NaN NaN NaN NaN NaN NaN NaN NaN NaN NaN NaN NaN NaN 
NaN NaN NaN NaN NaN NaN NaN NaN NaN NaN NaN NaN NaN NaN NaN NaN NaN NaN NaN NaN NaN NaN NaN NaN NaN NaN NaN NaN NaN NaN NaN NaN NaN NaN NaN NaN NaN NaN NaN NaN 
NaN NaN NaN NaN NaN NaN NaN NaN NaN NaN NaN NaN NaN NaN NaN NaN NaN NaN NaN NaN NaN NaN NaN NaN NaN NaN NaN NaN NaN NaN NaN NaN NaN NaN NaN NaN NaN NaN NaN NaN 
NaN NaN NaN NaN NaN NaN NaN NaN NaN NaN NaN NaN NaN NaN NaN NaN NaN NaN NaN NaN NaN NaN NaN NaN NaN NaN NaN NaN NaN NaN NaN NaN NaN NaN NaN NaN NaN NaN NaN NaN 
NaN NaN NaN NaN NaN NaN NaN NaN NaN NaN NaN NaN NaN NaN NaN NaN NaN NaN NaN NaN NaN NaN NaN NaN NaN NaN NaN NaN NaN NaN NaN NaN NaN NaN NaN NaN NaN NaN NaN NaN 
NaN NaN NaN NaN NaN NaN NaN NaN NaN NaN NaN NaN NaN NaN NaN NaN NaN NaN NaN NaN NaN NaN NaN NaN NaN NaN NaN NaN NaN NaN NaN NaN NaN NaN NaN NaN NaN NaN NaN NaN 
NaN NaN NaN NaN NaN NaN NaN NaN NaN NaN NaN NaN NaN NaN NaN NaN NaN NaN NaN NaN NaN NaN NaN NaN NaN NaN NaN NaN NaN NaN NaN NaN NaN NaN NaN NaN NaN NaN NaN NaN 
NaN NaN NaN NaN NaN NaN NaN NaN NaN NaN NaN NaN NaN NaN NaN NaN NaN NaN NaN NaN NaN NaN NaN NaN NaN NaN NaN NaN NaN NaN NaN NaN NaN NaN NaN NaN NaN NaN NaN NaN 
NaN NaN NaN NaN NaN NaN NaN NaN NaN NaN NaN NaN NaN NaN NaN NaN NaN NaN NaN NaN NaN NaN NaN NaN NaN NaN NaN NaN NaN NaN NaN NaN NaN NaN NaN NaN NaN NaN NaN NaN 
NaN NaN NaN NaN NaN NaN NaN NaN NaN NaN NaN NaN NaN NaN NaN NaN NaN NaN NaN NaN NaN NaN NaN NaN NaN NaN NaN NaN NaN NaN NaN NaN NaN NaN NaN NaN NaN NaN NaN NaN 
NaN NaN NaN NaN NaN NaN NaN NaN NaN NaN NaN NaN NaN NaN NaN NaN NaN NaN NaN NaN NaN NaN NaN NaN NaN NaN NaN NaN NaN NaN NaN NaN NaN NaN NaN NaN NaN NaN NaN NaN 
NaN NaN NaN NaN NaN NaN NaN NaN NaN NaN NaN NaN NaN NaN NaN NaN NaN NaN NaN NaN NaN NaN NaN NaN NaN NaN NaN NaN NaN NaN NaN NaN NaN NaN NaN NaN NaN NaN NaN NaN 
NaN NaN NaN NaN NaN NaN NaN NaN NaN NaN NaN NaN NaN NaN NaN NaN NaN NaN NaN NaN NaN NaN NaN NaN NaN NaN NaN NaN NaN NaN NaN NaN NaN NaN NaN NaN NaN NaN NaN NaN 
NaN NaN NaN NaN NaN NaN NaN NaN NaN NaN NaN NaN NaN NaN NaN NaN NaN NaN NaN NaN NaN NaN NaN NaN NaN NaN NaN NaN NaN NaN NaN NaN NaN NaN NaN NaN NaN NaN NaN NaN 
NaN NaN NaN NaN NaN NaN NaN NaN NaN NaN NaN NaN NaN NaN NaN NaN NaN NaN NaN NaN NaN NaN NaN NaN NaN NaN NaN NaN NaN NaN NaN NaN NaN NaN NaN NaN NaN NaN NaN NaN 
NaN NaN NaN NaN NaN NaN NaN NaN NaN NaN NaN NaN NaN NaN NaN NaN NaN NaN NaN NaN NaN NaN NaN NaN NaN NaN NaN NaN NaN NaN NaN NaN NaN NaN NaN NaN NaN NaN NaN NaN 
NaN NaN NaN NaN NaN NaN NaN NaN NaN NaN NaN NaN NaN NaN NaN NaN NaN NaN NaN NaN NaN NaN NaN NaN NaN NaN NaN NaN NaN NaN NaN NaN NaN NaN NaN NaN NaN NaN NaN NaN 
NaN NaN NaN NaN NaN NaN NaN NaN NaN NaN NaN NaN NaN NaN NaN NaN NaN NaN NaN NaN NaN NaN NaN NaN NaN NaN NaN NaN NaN NaN NaN NaN NaN NaN NaN NaN NaN NaN NaN NaN 
NaN NaN NaN NaN NaN NaN NaN NaN NaN NaN NaN NaN NaN NaN NaN NaN NaN NaN NaN NaN NaN NaN NaN NaN NaN NaN NaN NaN NaN NaN NaN NaN NaN NaN NaN NaN NaN NaN NaN NaN 
NaN NaN NaN NaN NaN NaN NaN NaN NaN NaN NaN NaN NaN NaN NaN NaN NaN NaN NaN NaN NaN NaN NaN NaN NaN NaN NaN NaN NaN NaN NaN NaN NaN NaN NaN NaN NaN NaN NaN NaN 
NaN NaN NaN NaN NaN NaN NaN NaN NaN NaN NaN NaN NaN NaN NaN NaN NaN NaN NaN NaN NaN NaN NaN NaN NaN NaN NaN NaN NaN NaN NaN NaN NaN NaN NaN NaN NaN NaN NaN NaN 
NaN NaN NaN NaN NaN NaN NaN NaN NaN NaN NaN NaN NaN NaN NaN NaN NaN NaN NaN NaN NaN NaN NaN NaN NaN NaN NaN NaN NaN NaN NaN NaN NaN NaN NaN NaN NaN NaN NaN NaN 
NaN NaN NaN NaN NaN NaN NaN NaN NaN NaN NaN NaN NaN NaN NaN NaN NaN NaN NaN NaN NaN NaN NaN NaN NaN NaN NaN NaN NaN NaN NaN NaN NaN NaN NaN NaN NaN NaN NaN NaN 
NaN NaN NaN NaN NaN NaN NaN NaN NaN NaN NaN NaN NaN NaN NaN NaN NaN NaN NaN NaN NaN NaN NaN NaN NaN NaN NaN NaN NaN NaN NaN NaN NaN NaN NaN NaN NaN NaN NaN NaN 
NaN NaN NaN NaN NaN NaN NaN NaN NaN NaN NaN NaN NaN NaN NaN NaN NaN NaN NaN NaN NaN NaN NaN NaN NaN NaN NaN NaN NaN NaN NaN NaN NaN NaN NaN NaN NaN NaN NaN NaN 
NaN NaN NaN NaN NaN NaN NaN NaN NaN NaN NaN NaN NaN NaN NaN NaN NaN NaN NaN NaN NaN NaN NaN NaN NaN NaN NaN NaN NaN NaN NaN NaN NaN NaN NaN NaN NaN NaN NaN NaN 
NaN NaN NaN NaN NaN NaN NaN NaN NaN NaN NaN NaN NaN NaN NaN NaN NaN NaN NaN NaN NaN NaN NaN NaN NaN NaN NaN NaN NaN NaN NaN NaN NaN NaN NaN NaN NaN NaN NaN NaN 
NaN NaN NaN NaN NaN NaN NaN NaN NaN NaN NaN NaN NaN NaN NaN NaN NaN NaN NaN NaN NaN NaN NaN NaN NaN NaN NaN NaN NaN NaN NaN NaN NaN NaN NaN NaN NaN NaN NaN NaN 
NaN NaN NaN NaN NaN NaN NaN NaN NaN NaN NaN NaN NaN NaN NaN NaN NaN NaN NaN NaN NaN NaN NaN NaN NaN NaN NaN NaN NaN NaN NaN NaN NaN NaN NaN NaN NaN NaN NaN NaN 
NaN NaN NaN NaN NaN NaN NaN NaN NaN NaN NaN NaN NaN NaN NaN NaN NaN NaN NaN NaN NaN NaN NaN NaN NaN NaN NaN NaN NaN NaN NaN NaN NaN NaN NaN NaN NaN NaN NaN NaN 
NaN NaN NaN NaN NaN NaN NaN NaN NaN NaN NaN NaN NaN NaN NaN NaN NaN NaN NaN NaN NaN NaN NaN NaN NaN NaN NaN NaN NaN NaN NaN NaN NaN NaN NaN NaN NaN NaN NaN NaN 
NaN NaN NaN NaN NaN NaN NaN NaN NaN NaN NaN NaN NaN NaN NaN NaN NaN NaN NaN NaN NaN NaN NaN NaN NaN NaN NaN NaN NaN NaN NaN NaN NaN NaN NaN NaN NaN NaN NaN NaN 
NaN NaN NaN NaN NaN NaN NaN NaN NaN NaN NaN NaN NaN NaN NaN NaN NaN NaN NaN NaN NaN NaN NaN NaN NaN NaN NaN NaN NaN NaN NaN NaN NaN NaN NaN NaN NaN NaN NaN NaN 
NaN NaN NaN NaN NaN NaN NaN NaN NaN NaN NaN NaN NaN NaN NaN NaN NaN NaN NaN NaN NaN NaN NaN NaN NaN NaN NaN NaN NaN NaN NaN NaN NaN NaN NaN NaN NaN NaN NaN NaN 
NaN NaN NaN NaN NaN NaN NaN NaN NaN NaN NaN NaN NaN NaN NaN NaN NaN NaN NaN NaN NaN NaN NaN NaN NaN NaN NaN NaN NaN NaN NaN NaN NaN NaN NaN NaN NaN NaN NaN NaN 
NaN NaN NaN NaN NaN NaN NaN NaN NaN NaN NaN NaN NaN NaN NaN NaN NaN NaN NaN NaN NaN NaN NaN NaN NaN NaN NaN NaN NaN NaN NaN NaN NaN NaN NaN NaN NaN NaN NaN NaN 
NaN NaN NaN NaN NaN NaN NaN NaN NaN NaN NaN NaN NaN NaN NaN NaN NaN NaN NaN NaN NaN NaN NaN NaN NaN NaN NaN NaN NaN NaN NaN NaN NaN NaN NaN NaN NaN NaN NaN NaN 
NaN NaN NaN NaN NaN NaN NaN NaN NaN NaN NaN NaN NaN NaN NaN NaN NaN NaN NaN NaN NaN NaN NaN NaN NaN NaN NaN NaN NaN NaN NaN NaN NaN NaN NaN NaN NaN NaN NaN NaN 
NaN NaN NaN NaN NaN NaN NaN NaN NaN NaN NaN NaN NaN NaN NaN NaN NaN NaN NaN NaN NaN NaN NaN NaN NaN NaN NaN NaN NaN NaN NaN NaN NaN NaN NaN NaN NaN NaN NaN NaN 
NaN NaN NaN NaN NaN NaN NaN NaN NaN NaN NaN NaN NaN NaN NaN NaN NaN NaN NaN NaN NaN NaN NaN NaN NaN NaN NaN NaN NaN NaN NaN NaN NaN NaN NaN NaN NaN NaN NaN NaN 
NaN NaN NaN NaN NaN NaN NaN NaN NaN NaN NaN NaN NaN NaN NaN NaN NaN NaN NaN NaN NaN NaN NaN NaN NaN NaN NaN NaN NaN NaN NaN NaN NaN NaN NaN NaN NaN NaN NaN NaN 
NaN NaN NaN NaN NaN NaN NaN NaN NaN NaN NaN NaN NaN NaN NaN NaN NaN NaN NaN NaN NaN NaN NaN NaN NaN NaN NaN NaN NaN NaN NaN NaN NaN NaN NaN NaN NaN NaN NaN NaN 
NaN NaN NaN NaN NaN NaN NaN NaN NaN NaN NaN NaN NaN NaN NaN NaN NaN NaN NaN NaN NaN NaN NaN NaN NaN NaN NaN NaN NaN NaN NaN NaN NaN NaN NaN NaN NaN NaN NaN NaN 
NaN NaN NaN NaN NaN NaN NaN NaN NaN NaN NaN NaN NaN NaN NaN NaN NaN NaN NaN NaN NaN NaN NaN NaN NaN NaN NaN NaN NaN NaN NaN NaN NaN NaN NaN NaN NaN NaN NaN NaN 
NaN NaN NaN NaN NaN NaN NaN NaN NaN NaN NaN NaN NaN NaN NaN NaN NaN NaN NaN NaN NaN NaN NaN NaN NaN NaN NaN NaN NaN NaN NaN NaN NaN NaN NaN NaN NaN NaN NaN NaN 
NaN NaN NaN NaN NaN NaN NaN NaN NaN NaN NaN NaN NaN NaN NaN NaN NaN NaN NaN NaN NaN NaN NaN NaN NaN NaN NaN NaN NaN NaN NaN NaN NaN NaN NaN NaN NaN NaN NaN NaN 
NaN NaN NaN NaN NaN NaN NaN NaN NaN NaN NaN NaN NaN NaN NaN NaN NaN NaN NaN NaN NaN NaN NaN NaN NaN NaN NaN NaN NaN NaN NaN NaN NaN NaN NaN NaN NaN NaN NaN NaN 
NaN NaN NaN NaN NaN NaN NaN NaN NaN NaN NaN NaN NaN NaN NaN NaN NaN NaN NaN NaN NaN NaN NaN NaN NaN NaN NaN NaN NaN NaN NaN NaN NaN NaN NaN NaN NaN NaN NaN NaN 
NaN NaN NaN NaN NaN NaN NaN NaN NaN NaN NaN NaN NaN NaN NaN NaN NaN NaN NaN NaN NaN NaN NaN NaN NaN NaN NaN NaN NaN NaN NaN NaN NaN NaN NaN NaN NaN NaN NaN NaN 
NaN NaN NaN NaN NaN NaN NaN NaN NaN NaN NaN NaN NaN NaN NaN NaN NaN NaN NaN NaN NaN NaN NaN NaN NaN NaN NaN NaN NaN NaN NaN NaN NaN NaN NaN NaN NaN NaN NaN NaN 
NaN NaN NaN NaN NaN NaN NaN NaN NaN NaN NaN NaN NaN NaN NaN NaN NaN NaN NaN NaN NaN NaN NaN NaN NaN NaN NaN NaN NaN NaN NaN NaN NaN NaN NaN NaN NaN NaN NaN NaN 
NaN NaN NaN NaN NaN NaN NaN NaN NaN NaN NaN NaN NaN NaN NaN NaN NaN NaN NaN NaN NaN NaN NaN NaN NaN NaN NaN NaN NaN NaN NaN NaN NaN NaN NaN NaN NaN NaN NaN NaN 
NaN NaN NaN NaN NaN NaN NaN NaN NaN NaN NaN NaN NaN NaN NaN NaN NaN NaN NaN NaN NaN NaN NaN NaN NaN NaN NaN NaN NaN NaN NaN NaN NaN NaN NaN NaN NaN NaN NaN NaN 
NaN NaN NaN NaN NaN NaN NaN NaN NaN NaN NaN NaN NaN NaN NaN NaN NaN NaN NaN NaN NaN NaN NaN NaN NaN NaN NaN NaN NaN NaN NaN NaN NaN NaN NaN NaN NaN NaN NaN NaN 
-98.635264 -98.729341 -98.886662 -99.154194 -99.521664 -100.046082 -100.703145 -101.574547 -102.784942 -104.309440 -106.276326 -108.780735 -111.219399 -111.828863 -110.071217 -107.888609 -106.178262 -105.070426 -104.447496 -104.170319 -104.088647 -104.116997 -104.349123 -105.144781 -107.189494 -112.031108 -118.586149 -111.603074 -107.759787 -108.138393 -114.074106 -117.380274 -109.842663 -109.514839 -113.230393 -113.688965 -112.434226 -109.085725 -109.083831 -114.931084 
-65.215204 -70.149207 -74.775433 -76.613776 -79.885724 -81.961750 -78.144525 -83.886651 -90.513392 -82.627615 -80.960020 -84.151987 -81.433803 -78.360943 -77.530675 -79.123443 -75.538697 -74.377846 -80.290873 -82.970827 -76.169355 -75.179545 -77.924581 -77.967572 -83.444323 -82.040495 -79.681713 -79.514558 -81.359506 -83.065839 -83.025092 -80.052865 -79.571743 -84.336708 -85.130193 -88.510350 -84.917901 -82.310556 -80.823087 -86.440177 
-63.843281 -77.357470 -74.315369 -75.140310 -79.880774 -76.868320 -75.114240 -73.675447 -78.740047 -78.368133 -76.761058 -82.182258 -77.737780 -75.304324 -75.343955 -78.749719 -74.225553 -74.828291 -74.610572 -79.200272 -76.863634 -73.576153 -77.029624 -75.305582 -79.750648 -74.875189 -75.002897 -75.423772 -75.383045 -78.206688 -74.813334 -75.832034 -77.137230 -76.877121 -78.416612 -76.958763 -76.693026 -77.749054 -75.126271 -77.001038 
-64.848988 -76.905124 -77.740804 -81.618956 -80.180931 -84.217422 -77.881459 -75.147333 -68.859402 -72.509442 -80.285503 -75.079940 -77.000746 -79.661229 -76.753116 -79.369322 -75.379437 -78.284337 -76.393390 -75.590063 -74.861762 -81.416335 -80.708943 -77.282019 -77.544372 -77.725502 -80.620199 -79.268741 -78.426771 -80.089340 -76.915944 -74.691721 -75.810379 -76.587767 -78.229823 -74.934649 -77.038434 -79.696763 -74.983097 -78.914498 
-61.895068 -64.295958 -65.103231 -64.933035 -66.253989 -65.342868 -68.004571 -67.258541 -67.938606 -71.502521 -69.481097 -69.504891 -70.293653 -70.162384 -69.823748 -69.698523 -70.362856 -73.058520 -74.296917 -73.662905 -73.758158 -73.443526 -77.051343 -76.747676 -77.233386 -75.648486 -73.007522 -76.298547 -73.168535 -72.245166 -74.591320 -73.690083 -73.982527 -74.631205 -77.128867 -75.372516 -75.560492 -74.425388 -74.415342 -80.079393 
-42.104320 -41.669660 -48.441354 -49.135396 -47.907143 -47.909279 -57.565425 -53.086671 -50.140458 -57.294262 -60.305495 -55.335638 -54.099353 -58.831433 -55.828365 -55.411475 -59.860903 -59.333219 -59.957144 -60.985915 -63.316997 -63.510410 -65.606470 -66.230050 -66.914808 -66.988178 -64.729105 -65.569032 -67.230469 -70.374611 -66.688021 -69.215357 -68.974129 -72.507623 -73.170686 -73.810215 -70.570070 -72.587246 -73.309677 -73.416553 
-36.374924 -32.115440 -37.012316 -39.207213 -39.712098 -45.556729 -53.079032 -55.973515 -55.544799 -60.555798 -58.771659 -54.081715 -58.054840 -57.899120 -59.912594 -57.561275 -63.599111 -66.213557 -67.252807 -67.709662 -66.514335 -65.678195 -66.581265 -67.655026 -65.570626 -68.541041 -68.429813 -66.812674 -65.379425 -67.479107 -68.640452 -67.870409 -67.965799 -72.222070 -71.900971 -69.800414 -69.585426 -70.924576 -70.140558 -72.173105 
-24.164776 -31.712086 -35.204381 -41.091464 -40.994468 -50.396053 -50.383223 -54.401703 -58.096247 -60.048689 -58.820704 -53.761950 -56.108092 -58.292066 -60.829678 -64.928732 -68.420639 -62.589094 -63.367224 -59.554283 -62.829683 -67.999311 -66.778985 -63.660401 -66.671728 -64.089128 -64.336446 -65.024073 -65.283984 -66.413781 -69.366232 -66.777789 -65.618867 -64.115573 -69.652477 -67.556121 -66.075843 -67.421997 -66.597294 -69.312993 
-20.570337 -29.737427 -39.689006 -45.415766 -48.216332 -47.604978 -42.466690 -44.486173 -52.930225 -53.946491 -50.346861 -51.789155 -48.032156 -59.982855 -55.970911 -56.019521 -62.282541 -63.306332 -58.092866 -57.498069 -60.261205 -61.526274 -63.602832 -63.112080 -62.561668 -62.446308 -63.224168 -58.963990 -61.508905 -65.609293 -68.035855 -64.150802 -65.173203 -66.204978 -65.687736 -65.829426 -68.285398 -70.034797 -68.078974 -67.731754 
-22.859402 -39.497496 -45.796168 -46.069723 -50.736276 -43.787285 -46.702602 -48.108171 -50.471649 -55.855892 -53.309101 -46.753692 -45.525336 -46.188813 -51.222835 -52.246418 -54.494267 -56.633576 -54.193368 -52.352943 -55.050151 -55.286362 -56.601886 -54.383964 -54.344739 -53.324895 -53.275988 -52.543141 -55.780854 -56.607873 -56.673618 -58.649317 -58.351404 -60.682287 -59.798503 -57.905441 -61.314388 -59.983596 -64.283185 -65.575846 
-18.181629 -34.590744 -48.046942 -51.348506 -49.433920 -43.622748 -44.735179 -50.501557 -50.998307 -52.527919 -49.430162 -47.188734 -48.792017 -45.486669 -46.184059 -47.647673 -50.457520 -50.325847 -51.251807 -52.645802 -53.366804 -55.116530 -54.481397 -55.871145 -53.364118 -49.632840 -47.008417 -47.407231 -50.694012 -51.060376 -54.689986 -52.954115 -53.281828 -55.156105 -57.233780 -54.239256 -57.668700 -57.198508 -59.658046 -58.224354 
-22.785530 -39.080493 -42.648706 -53.911389 -46.709983 -39.958923 -41.526939 -49.527893 -52.698736 -59.083696 -51.921491 -40.337867 -40.178548 -43.623174 -46.706547 -47.523483 -44.832977 -48.079317 -52.955930 -44.298218 -47.536571 -51.300326 -54.567516 -50.707177 -45.593877 -47.290097 -44.921773 -46.826888 -46.592089 -48.678796 -48.210614 -46.535904 -51.060787 -48.403005 -51.612639 -52.583484 -51.678878 -53.560311 -51.392963 -51.741291 
-29.868402 -32.651006 -35.483306 -41.904893 -34.005247 -32.557907 -40.810661 -47.968460 -46.692603 -40.058414 -40.136534 -37.783072 -39.166597 -38.532340 -37.330527 -41.646906 -41.068096 -42.284183 -39.247242 -42.577616 -43.745454 -47.712216 -51.041863 -46.372169 -40.558317 -42.200779 -42.018311 -42.040949 -43.113213 -41.988398 -42.834068 -43.790409 -48.602623 -44.630077 -44.051727 -46.496251 -46.418260 -48.162824 -44.553928 -44.577198 
-26.353317 -22.361263 -25.413702 -26.671771 -21.505739 -20.836380 -24.318525 -24.224828 -26.108643 -24.741704 -27.811036 -28.873441 -28.830403 -26.385846 -29.646120 -32.999473 -30.067682 -34.919315 -32.801664 -33.893620 -38.375759 -35.967411 -36.564299 -34.384482 -30.973719 -32.833278 -32.904128 -34.626306 -37.833937 -38.340745 -36.743857 -37.662810 -38.282360 -41.513573 -38.617528 -42.060821 -41.415836 -42.727966 -40.955693 -38.998172 
-21.770713 -24.030695 -26.804835 -15.756499 -16.389574 -14.937596 -19.185838 -19.939809 -22.619735 -24.132128 -27.884343 -26.299037 -25.219763 -28.928028 -30.249344 -30.405463 -30.282725 -35.053876 -33.996759 -33.780923 -36.239351 -33.931333 -33.295996 -33.465387 -30.881458 -30.587679 -33.514514 -32.515164 -32.516563 -34.797685 -36.744516 -35.723120 -36.585490 -38.595079 -35.265620 -32.848796 -32.898896 -38.000509 -34.294511 -32.438822 
-19.057112 -20.199316 -21.184632 -18.540890 -20.239904 -14.366326 -14.929966 -17.747759 -17.192121 -22.250961 -22.187483 -21.867198 -21.590588 -21.213666 -21.099116 -19.405419 -20.591388 -24.635489 -27.345658 -31.443721 -26.445494 -21.363271 -22.903501 -30.148482 -24.546843 -21.676614 -32.875796 -30.417737 -27.971556 -32.485843 -40.077674 -38.618097 -38.393231 -44.176711 -38.419824 -31.281920 -33.847468 -37.243327 -33.521883 -34.456698 
-14.159374 -17.889184 -8.142637 -4.460640 -6.159526 -9.592733 -10.230965 -11.054935 -13.516334 -18.080388 -23.982790 -25.353710 -23.628040 -25.091280 -24.038090 -28.003540 -29.508645 -33.803569 -34.106277 -34.903143 -34.154205 -33.527834 -33.907963 -35.509206 -32.126462 -31.557582 -36.248600 -34.965648 -33.723581 -35.367774 -40.443289 -39.051009 -42.203659 -46.522696 -41.003887 -36.289091 -43.196872 -39.916871 -36.839905 -38.872939 
-13.176127 -11.801155 -0.224094 9.813837 8.364243 2.450568 7.974567 11.014706 0.576714 1.745322 3.794229 -1.303021 -9.348431 -12.207931 -23.949630 -25.061130 -29.601149 -29.540761 -31.314404 -32.375624 -32.932276 -33.694139 -34.143781 -33.792455 -30.901114 -32.561464 -29.068630 -22.412713 -31.463167 -35.889886 -36.785343 -38.924576 -39.486483 -40.216243 -40.881342 -40.748829 -41.021776 -39.101374 -39.763133 -40.885938 
-15.757597 -14.064667 -2.762031 11.581051 7.258395 -5.186909 15.117846 18.009136 -2.185872 7.977366 5.520492 -5.316510 -1.569080 -16.323655 -16.400703 -25.378980 -26.472593 -33.662252 -35.859018 -38.104249 -42.425972 -43.474765 -44.567712 -34.792691 -26.685306 -28.459968 -21.460584 -14.362242 -22.883764 -27.695008 -34.213801 -46.198566 -45.779918 -50.405708 -55.104815 -58.315967 -52.654015 -42.351009 -44.936852 -48.200215 
-13.041897 -25.898655 -8.585200 10.273983 9.406909 -6.700434 14.210942 22.042569 6.447586 2.282627 6.735793 -8.865207 -3.657999 -14.174536 -15.478555 -18.973597 -27.428064 -30.855930 -36.906856 -36.758241 -37.063759 -37.502759 -37.812289 -30.271363 -21.204728 -22.097280 -18.156129 -13.588232 -24.526810 -23.725498 -33.361444 -42.226349 -40.790266 -42.773632 -45.610641 -45.951759 -43.542831 -36.215411 -39.907276 -45.415663 
-19.012133 -25.551796 -18.077194 7.896795 10.671625 -4.457008 9.350146 22.112977 12.541732 -6.781877 7.850986 0.024835 -11.338954 -18.463265 -19.339294 -14.355965 -22.804028 -22.466582 -27.140711 -27.699093 -28.471380 -29.564682 -30.020144 -27.042307 -18.375407 -17.404425 -17.895044 -11.320654 -20.776813 -22.201428 -28.758146 -35.540071 -35.970211 -36.517195 -37.068492 -37.401000 -37.129291 -34.477365 -36.052264 -38.126327 
-22.901076 -28.953503 -19.366950 5.984655 11.327865 -2.444765 -1.435441 18.287863 16.745075 -8.031594 6.967383 5.859340 -15.928267 -12.182249 -23.028727 -16.195578 -24.684167 -25.721454 -33.169848 -35.052482 -36.425023 -38.261780 -36.188500 -29.556075 -17.704835 -18.523242 -17.421914 -11.893267 -15.866805 -22.545038 -31.549273 -41.780822 -50.724284 -50.142141 -51.974527 -53.477729 -44.181334 -35.941241 -39.141477 -45.223781 
-27.957543 -28.505674 -27.127041 5.125847 11.219368 -2.878782 -9.172417 14.868787 18.040618 -8.937144 5.033259 8.781134 -19.589004 -16.147366 -22.823247 -20.999268 -24.892052 -27.934038 -32.276956 -36.142442 -36.593393 -34.477865 -35.937455 -29.110082 -19.707087 -20.793116 -22.234182 -15.182008 -20.892036 -22.861397 -32.897560 -42.259886 -51.643692 -49.328691 -50.646680 -53.034515 -44.183792 -36.341201 -40.033197 -46.507943 
-31.304288 -24.539121 -20.608374 4.861661 11.030832 -2.509995 -6.268270 16.450379 18.633301 -6.578061 6.355470 9.298164 -18.763374 -17.561025 -25.392418 -21.135444 -24.744255 -26.518119 -30.890809 -33.682786 -34.341903 -31.206252 -32.716768 -22.660670 -20.994966 -21.712058 -21.358637 -15.743765 -17.537404 -23.713103 -28.091918 -38.914371 -45.787143 -47.075428 -47.385185 -47.993282 -44.557375 -37.326632 -39.520696 -43.712449 
-24.446076 -29.433784 -18.026418 6.978030 9.835242 -6.594582 -0.093062 20.301416 17.273441 -6.790403 10.740985 7.232401 -15.465647 -16.842446 -19.616069 -12.781866 -22.862251 -22.705860 -29.654619 -31.488789 -29.907276 -30.210408 -29.164303 -20.433326 -15.703574 -21.413116 -19.886210 -13.099970 -15.117581 -19.603234 -24.923181 -36.528075 -39.909215 -40.630479 -41.009770 -41.510696 -40.789159 -35.209745 -36.906178 -40.094030 
-28.644865 -21.291479 -9.653687 7.997360 7.338297 -9.123629 12.459655 23.812151 12.718757 3.714215 11.895111 -0.264252 -3.133252 -11.758342 -8.912307 -11.269019 -19.013303 -23.632820 -27.265962 -27.659080 -28.071130 -28.688777 -26.890456 -19.039845 -16.260921 -20.717264 -17.020841 -12.900796 -16.875612 -18.230730 -21.551917 -33.967741 -35.963509 -37.613445 -38.177297 -38.509948 -38.415760 -35.767992 -36.993496 -38.989923 
-19.695878 -23.754166 -3.701647 9.115748 3.850688 -3.382584 18.852003 24.404693 7.741915 11.306795 8.375062 4.045352 9.416366 -5.894930 -4.601073 -17.876656 -19.926949 -25.194882 -28.487943 -31.780336 -30.373389 -27.012893 -20.563383 -16.892628 -17.704335 -23.140311 -17.145788 -10.253806 -19.693931 -19.777077 -22.204606 -34.176053 -35.601684 -40.335826 -42.257580 -42.816158 -41.729809 -38.177859 -39.824968 -43.039338 
-26.437013 -18.356513 0.782658 9.729898 1.951323 2.683575 20.919073 19.761977 4.648390 14.074233 1.806198 13.501281 13.493866 -1.773001 -3.832589 -18.296179 -25.011949 -22.030704 -25.917212 -29.449911 -26.971433 -21.480732 -15.618931 -14.279721 -18.162704 -20.419395 -12.369200 -9.980724 -16.003672 -16.615861 -18.232193 -31.856002 -33.105106 -43.306231 -49.386475 -52.672944 -50.472304 -40.750938 -39.110349 -49.499358 
-18.354489 -13.962455 3.887250 10.729307 -1.434890 7.511852 19.395995 11.487127 10.193658 14.596569 4.993593 18.181217 8.702308 0.373752 -4.414760 -10.664396 -12.903034 -17.966548 -21.450481 -21.730376 -18.262088 -9.416891 -11.145919 -15.866689 -19.844021 -20.322296 -10.798755 -11.283331 -15.797984 -16.470910 -18.706749 -30.669590 -31.980417 -37.137298 -38.062823 -38.530334 -38.679599 -37.492757 -38.406147 -39.058569 
-17.029547 -9.718990 7.324243 10.879409 -1.459257 11.919123 16.753618 4.981046 18.223646 13.412071 10.488574 15.301142 12.169393 11.701687 -2.157539 -8.188689 -9.635328 -16.874450 -19.307799 -20.548176 -13.172797 -4.227311 -9.587521 -23.999791 -28.460136 -23.764280 -11.347333 -11.587585 -16.720118 -16.827509 -18.114632 -31.822754 -35.610522 -52.974854 -54.974206 -56.447085 -55.673986 -46.657811 -49.193763 -49.198711 
-29.265800 -6.250233 9.297935 9.497203 -1.073158 13.148831 11.959704 12.414518 21.427657 10.438470 9.360195 8.245524 18.827832 15.076520 8.972887 -0.074987 -8.341337 -13.410560 -12.677588 -9.025914 -6.684457 -5.767808 -13.712218 -24.199025 -29.049868 -30.972789 -17.307570 -11.602014 -16.397131 -16.673963 -20.470906 -29.835203 -36.390330 -55.079764 -56.124102 -62.347109 -58.379116 -48.151378 -50.030403 -48.876894 
-21.495081 -1.130518 9.979224 6.781505 3.873526 12.360769 6.855518 18.722182 20.688531 13.755753 9.324014 11.361699 12.864756 19.624612 12.236684 -3.383054 -10.952532 -12.511357 -7.374717 -1.695049 -2.012541 -10.908776 -20.571360 -23.358884 -25.689927 -27.125946 -17.660990 -13.712381 -20.278962 -21.862571 -27.256685 -29.172515 -36.708184 -41.390932 -41.979362 -42.620852 -42.230843 -41.382144 -41.744204 -42.215362 
-18.294897 0.952413 9.329396 3.174476 7.509057 9.458340 7.702781 18.429953 12.547133 16.968878 9.552117 10.292595 12.317630 14.256284 12.448782 0.351125 -7.830087 -9.882395 -3.243268 -2.930295 -4.173483 -12.066381 -25.377371 -35.923443 -27.684902 -25.167740 -20.987504 -13.087059 -22.385260 -27.639082 -32.006082 -31.063730 -38.768678 -46.800194 -46.781676 -57.391565 -49.444459 -43.629236 -44.822560 -50.387826 
-17.929901 2.616359 8.689774 -0.716895 8.325996 6.525901 9.598148 12.688893 16.441358 17.695646 8.298039 6.300721 6.232400 13.710471 14.603067 5.957968 -2.138043 -5.034910 0.060875 -2.455565 -6.500224 -16.033434 -26.601738 -31.242209 -30.957759 -29.517568 -20.440605 -11.841587 -21.073602 -28.238228 -34.484364 -30.490304 -40.171139 -43.640001 -44.370726 -46.088902 -45.122506 -43.257035 -43.399408 -45.137962 
-14.578264 3.643935 7.904146 1.480543 9.322867 3.253337 7.955821 5.267742 15.418186 12.101961 7.046019 6.597382 3.830323 8.871056 14.923892 10.162523 0.788561 -5.082327 0.773643 -3.135179 -14.340691 -21.928420 -28.850810 -30.876936 -33.416110 -27.750005 -21.467340 -15.937630 -26.052261 -33.030933 -39.628065 -34.414161 -44.530861 -48.459138 -45.117409 -49.561199 -48.023594 -45.446014 -49.127227 -51.318016 
-8.826038 4.546383 6.418519 2.398214 7.713386 2.355761 7.042186 7.110211 12.923976 11.768141 8.220780 6.848164 -0.569731 6.133030 10.181181 11.169160 0.052021 -3.787523 -0.859553 -6.810961 -16.588299 -22.816417 -27.023563 -29.662653 -29.385316 -29.093198 -24.616177 -18.017967 -25.467366 -31.740487 -34.941602 -31.487331 -35.702867 -37.373140 -36.566942 -38.084306 -38.455013 -38.473836 -38.921708 -39.061206 
-8.582748 4.851611 5.007070 2.630667 4.144409 2.346242 4.456446 8.175767 8.758418 13.263807 2.851367 -1.436957 -2.773155 0.026156 6.667878 9.226289 0.409270 -2.522633 -5.848458 -12.397778 -21.076051 -28.791235 -33.080635 -36.977025 -37.395862 -36.123330 -30.239385 -22.449913 -26.337861 -39.122141 -46.909287 -37.804438 -45.545820 -51.495123 -44.111225 -52.110224 -54.278454 -51.887131 -59.499851 -65.188919 
-8.662501 4.640104 3.633602 3.018743 2.054904 1.800238 1.497272 5.831931 10.590964 9.280018 -6.956841 -2.118717 -1.923526 -2.164698 -0.007239 3.501373 5.526751 -0.656404 -6.153639 -18.985500 -24.195482 -31.044313 -36.509426 -35.984358 -40.874844 -40.244082 -31.906459 -24.239188 -28.506196 -38.971044 -50.568332 -41.228410 -45.576455 -46.577196 -44.053866 -51.381374 -59.270206 -53.747504 -56.106330 -64.321173 
-8.586380 4.308414 2.769682 2.708670 0.180787 -2.229438 -1.394805 -0.419198 5.302126 1.132673 -0.918248 -4.327209 -10.592001 -7.131099 -7.267524 -3.845819 -0.447347 -3.553310 -6.254591 -21.191933 -29.449249 -35.042206 -40.506829 -40.288056 -42.821577 -46.690967 -42.201397 -30.372026 -36.281444 -45.187935 -50.653075 -42.676711 -45.038866 -46.394837 -47.142506 -51.538959 -53.738153 -53.288385 -53.110661 -54.587574 
-7.590151 3.672819 1.647505 0.302336 -4.260003 -12.526758 -8.511230 -4.647881 -4.594044 -0.804729 -6.747580 -13.766337 -12.098294 -16.732236 -17.467440 -13.989965 -8.847621 -6.575094 -12.417324 -17.912205 -31.803791 -40.299568 -41.338868 -45.474356 -49.742499 -55.289501 -47.275108 -36.477227 -39.831927 -51.703954 -57.657126 -42.118738 -41.644398 -43.600218 -48.577819 -56.985996 -60.510658 -48.556801 -47.302102 -52.780405 
-7.067069 2.205936 -2.338311 -10.084841 -13.386932 -11.439411 -16.667482 -11.526373 -7.542977 -12.064228 -14.499754 -20.060277 -29.363027 -29.935985 -24.331223 -25.585887 -20.873525 -14.747044 -14.121447 -18.603819 -31.060236 -42.214232 -46.249526 -48.731372 -50.019691 -55.744611 -50.930914 -35.495338 -36.730155 -47.743341 -61.013699 -48.858851 -43.910307 -44.298323 -47.613129 -59.714438 -63.446675 -48.562658 -39.879469 -48.636222 
-8.689765 -1.245333 -6.216883 -11.921802 -14.979072 -18.355067 -23.129197 -19.680295 -15.589501 -16.534313 -25.456121 -26.723184 -30.903517 -31.208455 -31.684717 -32.031588 -26.371675 -17.258390 -18.329060 -22.732213 -27.995514 -35.778251 -48.806815 -52.085379 -53.968497 -54.030930 -55.528649 -40.004198 -39.710541 -52.871503 -61.194408 -56.352531 -49.105597 -49.154805 -49.132157 -63.190474 -66.249340 -48.140124 -45.674630 -52.247652 
-13.584219 -9.239721 -13.237903 -17.379161 -27.040065 -33.117234 -31.561287 -24.699264 -24.787248 -23.484821 -32.658801 -32.647498 -32.876518 -36.493522 -33.235694 -29.298664 -27.917049 -24.686065 -17.617567 -22.064757 -29.772866 -39.003107 -49.367696 -50.498122 -52.139258 -55.042123 -60.716697 -50.603951 -48.291585 -53.158302 -57.366329 -61.791835 -54.194997 -52.720405 -54.421113 -64.681311 -67.585960 -51.187062 -49.759082 -53.677266 
-23.944184 -24.268943 -31.797959 -28.041062 -34.252646 -42.368021 -38.811323 -33.024113 -29.216268 -35.264090 -32.999658 -35.747213 -43.031878 -43.130213 -37.662196 -36.254472 -29.659163 -31.507702 -29.933889 -30.856285 -32.670513 -46.003604 -57.107640 -54.494526 -59.092510 -62.676444 -65.311914 -57.475148 -54.299232 -58.348400 -59.454627 -61.028360 -58.902589 -61.242228 -63.746624 -75.644541 -77.377569 -57.512810 -60.800661 -60.875265 
-22.307202 -32.388062 -38.379600 -40.236667 -38.910980 -40.631183 -39.401411 -32.315279 -31.156826 -35.235526 -39.701731 -41.393863 -44.151936 -46.802005 -43.386862 -36.779902 -29.196660 -30.559691 -36.219211 -38.337978 -46.886396 -57.839436 -61.865657 -62.148148 -61.162070 -60.935115 -62.650999 -64.787923 -66.164754 -65.063876 -65.005089 -64.450079 -65.848663 -69.263911 -70.738150 -77.048054 -76.202637 -64.260523 -66.180018 -68.816303 
-24.349049 -30.502109 -37.224031 -49.327011 -53.379968 -48.444746 -41.043236 -36.682856 -34.480428 -41.968022 -42.883127 -40.039562 -49.915604 -45.838256 -41.832187 -38.797016 -34.270220 -30.145174 -37.762730 -40.801734 -50.567323 -66.499887 -65.410882 -64.491023 -66.141026 -64.341992 -62.044092 -66.936129 -67.868906 -71.761296 -68.776580 -66.263094 -69.565798 -69.336014 -72.768338 -76.163817 -77.242761 -77.981179 -72.264965 -73.604058 
-29.118325 -43.113431 -39.601611 -42.457577 -49.553790 -53.957933 -41.126751 -38.519671 -47.499878 -55.437466 -48.733921 -46.327085 -52.939718 -53.434089 -52.596011 -40.159117 -35.378829 -36.584998 -39.017171 -47.848911 -56.978471 -66.670830 -70.124479 -68.304451 -70.868062 -67.781857 -65.284446 -71.009678 -71.612378 -76.778066 -69.880137 -67.571339 -74.121078 -71.893163 -77.065912 -74.241530 -75.104062 -77.535090 -76.057564 -77.318076 
-26.434104 -30.309844 -36.997033 -45.785131 -50.614013 -57.499739 -48.557140 -45.184275 -53.810610 -47.203861 -51.498127 -53.705801 -55.472640 -54.675810 -48.735107 -44.274942 -38.649669 -36.185474 -41.093375 -51.616500 -56.039973 -68.967436 -72.352516 -72.919776 -74.351397 -75.478975 -66.491132 -68.633335 -63.739814 -64.575025 -64.996324 -65.315818 -70.515638 -69.875692 -76.126326 -73.700272 -74.080690 -76.630123 -72.740655 -69.756742 
-31.388849 -27.729766 -37.623763 -41.401934 -46.476317 -52.438386 -45.377174 -45.399159 -41.038695 -48.714489 -47.994054 -48.298190 -52.032468 -45.684019 -40.706035 -37.450373 -38.488774 -37.146050 -37.831684 -35.575707 -33.424972 -36.538212 -37.241284 -39.461818 -39.751753 -39.878527 -42.544603 -41.719791 -37.974640 -32.606928 -32.749976 -34.203753 -43.318599 -54.274042 -56.986371 -60.341081 -70.538951 -62.718045 -53.979158 -48.774953 
-19.740166 -25.431256 -30.436185 -32.266040 -33.668057 -33.796153 -31.966115 -34.687239 -37.199445 -38.658088 -40.269670 -39.726382 -37.468726 -34.339840 -30.711116 -27.305116 -27.447045 -33.004319 -31.778037 -22.856120 -18.094843 -18.391873 -23.904791 -31.114890 -30.671452 -29.781928 -33.742168 -33.773692 -29.963879 -22.674863 -23.157989 -23.094788 -33.586950 -44.947359 -48.765434 -54.031008 -62.741065 -52.166942 -44.646877 -38.776315 
-38.582609 -27.971004 -30.723151 -34.426599 -41.171286 -40.664921 -41.507960 -37.022529 -40.778723 -47.442336 -52.898183 -49.757690 -42.255260 -43.921234 -49.506972 -44.179257 -42.043316 -44.003631 -41.635671 -38.362634 -29.952591 -29.305682 -36.138129 -39.153143 -42.166473 -45.570557 -45.625114 -42.568048 -40.925204 -38.162081 -34.675466 -33.891198 -42.617950 -50.254864 -53.654764 -61.131361 -56.317059 -52.511736 -54.749295 -51.762059 
-37.278698 -29.148986 -34.214801 -38.122635 -45.352620 -41.519273 -35.810167 -32.533203 -39.226240 -45.692073 -44.847107 -50.866565 -49.504395 -50.324399 -47.649174 -46.135017 -46.966797 -47.324719 -52.266496 -49.779978 -40.321851 -37.936859 -42.538651 -41.077542 -46.127811 -46.331185 -47.920525 -47.192212 -50.084463 -47.897448 -39.181722 -37.816231 -43.659777 -50.669944 -54.498779 -58.604953 -59.991784 -59.332772 -62.722045 -58.642624 
-35.048530 -32.507452 -37.057769 -39.410254 -40.719726 -38.126990 -42.782948 -39.635386 -43.090194 -49.756774 -52.712299 -46.658315 -49.794366 -49.502151 -50.909347 -55.740720 -49.886581 -50.295910 -48.409092 -50.915629 -38.070115 -37.916048 -43.548040 -38.690053 -49.093344 -52.425677 -46.102294 -43.828877 -45.807672 -46.077535 -42.554721 -44.505164 -49.125438 -56.245317 -54.968011 -62.078445 -62.187960 -60.054736 -66.198275 -61.727147 
-26.910628 -34.685320 -38.160384 -42.880752 -49.012361 -43.809235 -43.158204 -41.896470 -44.335322 -49.479874 -51.948661 -47.883931 -51.354942 -53.116676 -54.019485 -54.315848 -49.496019 -52.488760 -52.506259 -54.203467 -43.374695 -43.041387 -45.633711 -46.742705 -51.155653 -53.237030 -52.823656 -51.288001 -52.644580 -51.300611 -48.918702 -50.421290 -55.783576 -60.143230 -60.797999 -69.098915 -66.110622 -65.127552 -67.535632 -67.416630 
-25.072897 -34.447352 -43.294145 -41.770044 -39.348763 -43.097610 -43.266467 -43.291956 -46.715694 -48.599666 -46.735007 -52.130088 -58.778706 -57.343639 -55.510843 -57.895547 -51.450552 -52.725023 -60.752084 -57.213824 -45.612502 -47.762784 -47.848033 -47.829100 -51.460517 -57.239724 -54.911081 -54.329904 -52.666671 -57.672020 -58.551744 -57.151570 -61.402108 -65.953130 -67.686523 -75.437987 -67.424032 -69.228432 -70.581517 -74.764336 
-31.699124 -40.314371 -44.244957 -45.357562 -49.650335 -47.820968 -51.044873 -56.191009 -56.112227 -49.397900 -47.683501 -47.711010 -50.972824 -61.953407 -69.509814 -62.541115 -57.815662 -58.290114 -64.195610 -63.565566 -53.933294 -57.425853 -54.071964 -54.511015 -61.595010 -67.417213 -66.363653 -62.156971 -63.335984 -65.532307 -63.977440 -64.281468 -67.174415 -70.759095 -71.467562 -72.870861 -72.103345 -71.404277 -72.745490 -76.064178 
-49.694292 -54.267886 -57.304277 -59.313751 -61.284635 -62.816849 -65.001307 -68.412023 -57.839915 -58.925774 -63.677358 -64.452104 -59.143511 -63.688087 -71.755190 -70.518332 -69.398362 -64.970955 -64.541281 -67.168036 -60.829875 -63.070832 -66.872594 -64.864409 -68.655703 -72.930039 -72.000960 -74.302015 -71.159424 -70.589605 -68.344565 -70.805589 -75.164790 -72.959905 -74.930000 -72.314563 -74.396677 -76.419636 -76.331074 -77.744132 
-51.692695 -53.641312 -61.584706 -63.280418 -64.373258 -69.594908 -70.361151 -72.612332 -65.168104 -65.024407 -67.178687 -67.722711 -63.635514 -64.989153 -76.615681 -72.601537 -71.986303 -70.813974 -68.818080 -69.275827 -65.451854 -63.985000 -68.726388 -65.438730 -73.219474 -79.510337 -76.350177 -73.469541 -73.425974 -74.024456 -72.795202 -74.149921 -78.978002 -75.164871 -74.807969 -73.254942 -76.279913 -77.142789 -76.937822 -78.384636 
-56.181037 -62.098456 -66.879107 -70.206141 -68.712161 -68.862919 -68.913000 -72.643671 -71.297674 -68.828906 -72.502561 -74.608063 -74.823241 -72.815295 -76.033793 -69.853459 -73.013770 -70.204757 -67.956465 -74.725474 -74.197400 -67.795014 -71.715725 -70.561890 -74.662578 -78.961683 -75.299023 -70.891320 -74.267918 -75.855300 -74.843164 -74.682085 -75.014797 -72.575558 -76.532090 -76.431044 -76.206176 -77.568310 -75.194121 -77.496014 
-65.017540 -78.923581 -73.478454 -73.475679 -79.529225 -76.153356 -75.141194 -74.180177 -72.048821 -74.391030 -77.089309 -74.047045 -71.171374 -72.663004 -73.834599 -78.157853 -73.478327 -71.379503 -73.766378 -73.560965 -75.372568 -75.180896 -74.612992 -75.903436 -79.175155 -76.206416 -76.267717 -74.350797 -74.443497 -77.640721 -79.505461 -74.713443 -75.841773 -75.161506 -74.346605 -76.167468 -76.712692 -76.523223 -75.631004 -79.900345 
-62.807617 -76.698382 -85.207183 -82.111562 -76.768662 -75.358527 -70.463596 -74.382433 -74.875839 -73.433943 -74.448268 -74.128992 -70.426910 -74.105022 -73.606532 -77.107789 -74.217455 -75.299917 -74.808486 -71.813264 -76.150496 -76.759532 -77.377021 -73.650077 -75.732683 -76.450354 -77.163559 -76.530100 -75.221623 -79.824257 -80.832698 -78.633890 -74.596043 -75.891311 -75.126566 -77.609000 -75.892570 -75.886619 -75.887116 -78.186825 
-64.367189 -71.609096 -73.278157 -79.529156 -79.200067 -73.677020 -71.358145 -76.152079 -80.220218 -81.203062 -75.793062 -74.089199 -75.234316 -72.623437 -76.228198 -79.894755 -76.782860 -78.545859 -79.618583 -78.284447 -75.240830 -74.451649 -78.613420 -74.463555 -73.075645 -74.913218 -78.824969 -74.920137 -75.100228 -75.034812 -78.040259 -76.761157 -75.688852 -75.808100 -74.217388 -77.450535 -75.268012 -76.133616 -77.758272 -78.832811 
-62.105464 -77.158323 -79.290460 -80.043284 -76.979587 -76.291196 -73.433960 -76.495874 -80.702079 -81.690613 -73.341672 -69.725852 -69.920200 -74.900474 -79.930864 -78.888680 -77.045520 -74.824543 -77.291761 -75.045280 -75.173052 -76.034205 -77.139363 -75.574150 -76.291989 -77.507259 -77.397204 -76.179192 -75.911298 -75.887457 -79.041562 -75.834361 -77.361379 -76.587955 -75.503423 -77.451643 -74.734484 -76.330209 -77.275757 -78.199756 
-62.818315 -75.829314 -85.406270 -87.383548 -74.172152 -73.874443 -78.641723 -77.514495 -73.164513 -78.468687 -82.296500 -72.899758 -71.506436 -72.890088 -77.552358 -76.618875 -77.501598 -74.946806 -74.890906 -78.877785 -80.041063 -80.902167 -80.971945 -78.350559 -80.747516 -77.229243 -75.578886 -75.438177 -72.678038 -79.685058 -82.857227 -78.425322 -75.269563 -76.270032 -75.585160 -76.330711 -80.453183 -78.667145 -79.164582 -76.362654 
-63.713596 -80.618529 -73.234900 -76.910833 -74.043619 -71.514425 -77.123382 -80.102485 -73.082463 -74.148318 -76.586376 -76.985852 -72.747005 -75.947831 -73.065948 -76.095702 -76.421586 -72.051785 -80.284548 -81.263093 -77.528307 -73.702728 -73.043589 -75.895768 -78.821125 -77.731584 -78.025023 -76.785163 -76.548310 -75.606271 -74.234665 -75.914884 -76.100284 -75.450432 -75.148506 -76.991883 -78.552293 -78.385931 -77.459168 -78.249458 
-64.830569 -69.744918 -71.411200 -75.913943 -81.578391 -81.113398 -75.839132 -76.353970 -82.158740 -75.769703 -75.751487 -78.119512 -81.754302 -76.995427 -75.959907 -78.974974 -80.986255 -78.165123 -83.522768 -84.888034 -79.165716 -78.618905 -76.724843 -79.889043 -77.161498 -80.820495 -82.014576 -85.438863 -89.258421 -84.349801 -78.390062 -77.513979 -78.700185 -74.862316 -77.706554 -81.348072 -78.237039 -77.537254 -79.384409 -78.972483 
-93.820475 -94.027201 -94.374381 -94.967318 -95.786911 -96.949424 -98.356942 -99.997615 -101.392174 -101.406696 -100.120362 -98.526048 -97.363270 -96.833111 -97.046411 -98.108347 -100.197160 -103.288466 -106.052196 -105.211093 -102.044821 -99.219835 -97.662904 -97.912279 -100.527431 -104.017760 -104.214508 -106.326502 -109.720189 -110.012984 -105.859976 -99.282309 -97.903164 -95.485973 -98.020073 -102.778302 -98.460140 -97.154716 -100.468112 -99.612347 
NaN NaN NaN NaN NaN NaN NaN NaN NaN NaN NaN NaN NaN NaN NaN NaN NaN NaN NaN NaN NaN NaN NaN NaN NaN NaN NaN NaN NaN NaN NaN NaN NaN NaN NaN NaN NaN NaN NaN NaN 
NaN NaN NaN NaN NaN NaN NaN NaN NaN NaN NaN NaN NaN NaN NaN NaN NaN NaN NaN NaN NaN NaN NaN NaN NaN NaN NaN NaN NaN NaN NaN NaN NaN NaN NaN NaN NaN NaN NaN NaN 
NaN NaN NaN NaN NaN NaN NaN NaN NaN NaN NaN NaN NaN NaN NaN NaN NaN NaN NaN NaN NaN NaN NaN NaN NaN NaN NaN NaN NaN NaN NaN NaN NaN NaN NaN NaN NaN NaN NaN NaN 
NaN NaN NaN NaN NaN NaN NaN NaN NaN NaN NaN NaN NaN NaN NaN NaN NaN NaN NaN NaN NaN NaN NaN NaN NaN NaN NaN NaN NaN NaN NaN NaN NaN NaN NaN NaN NaN NaN NaN NaN 
NaN NaN NaN NaN NaN NaN NaN NaN NaN NaN NaN NaN NaN NaN NaN NaN NaN NaN NaN NaN NaN NaN NaN NaN NaN NaN NaN NaN NaN NaN NaN NaN NaN NaN NaN NaN NaN NaN NaN NaN 
NaN NaN NaN NaN NaN NaN NaN NaN NaN NaN NaN NaN NaN NaN NaN NaN NaN NaN NaN NaN NaN NaN NaN NaN NaN NaN NaN NaN NaN NaN NaN NaN NaN NaN NaN NaN NaN NaN NaN NaN 
NaN NaN NaN NaN NaN NaN NaN NaN NaN NaN NaN NaN NaN NaN NaN NaN NaN NaN NaN NaN NaN NaN NaN NaN NaN NaN NaN NaN NaN NaN NaN NaN NaN NaN NaN NaN NaN NaN NaN NaN 
NaN NaN NaN NaN NaN NaN NaN NaN NaN NaN NaN NaN NaN NaN NaN NaN NaN NaN NaN NaN NaN NaN NaN NaN NaN NaN NaN NaN NaN NaN NaN NaN NaN NaN NaN NaN NaN NaN NaN NaN 
NaN NaN NaN NaN NaN NaN NaN NaN NaN NaN NaN NaN NaN NaN NaN NaN NaN NaN NaN NaN NaN NaN NaN NaN NaN NaN NaN NaN NaN NaN NaN NaN NaN NaN NaN NaN NaN NaN NaN NaN 
NaN NaN NaN NaN NaN NaN NaN NaN NaN NaN NaN NaN NaN NaN NaN NaN NaN NaN NaN NaN NaN NaN NaN NaN NaN NaN NaN NaN NaN NaN NaN NaN NaN NaN NaN NaN NaN NaN NaN NaN 
NaN NaN NaN NaN NaN NaN NaN NaN NaN NaN NaN NaN NaN NaN NaN NaN NaN NaN NaN NaN NaN NaN NaN NaN NaN NaN NaN NaN NaN NaN NaN NaN NaN NaN NaN NaN NaN NaN NaN NaN 
NaN NaN NaN NaN NaN NaN NaN NaN NaN NaN NaN NaN NaN NaN NaN NaN NaN NaN NaN NaN NaN NaN NaN NaN NaN NaN NaN NaN NaN NaN NaN NaN NaN NaN NaN NaN NaN NaN NaN NaN 
NaN NaN NaN NaN NaN NaN NaN NaN NaN NaN NaN NaN NaN NaN NaN NaN NaN NaN NaN NaN NaN NaN NaN NaN NaN NaN NaN NaN NaN NaN NaN NaN NaN NaN NaN NaN NaN NaN NaN NaN 
NaN NaN NaN NaN NaN NaN NaN NaN NaN NaN NaN NaN NaN NaN NaN NaN NaN NaN NaN NaN NaN NaN NaN NaN NaN NaN NaN NaN NaN NaN NaN NaN NaN NaN NaN NaN NaN NaN NaN NaN 
NaN NaN NaN NaN NaN NaN NaN NaN NaN NaN NaN NaN NaN NaN NaN NaN NaN NaN NaN NaN NaN NaN NaN NaN NaN NaN NaN NaN NaN NaN NaN NaN NaN NaN NaN NaN NaN NaN NaN NaN 
NaN NaN NaN NaN NaN NaN NaN NaN NaN NaN NaN NaN NaN NaN NaN NaN NaN NaN NaN NaN NaN NaN NaN NaN NaN NaN NaN NaN NaN NaN NaN NaN NaN NaN NaN NaN NaN NaN NaN NaN 
NaN NaN NaN NaN NaN NaN NaN NaN NaN NaN NaN NaN NaN NaN NaN NaN NaN NaN NaN NaN NaN NaN NaN NaN NaN NaN NaN NaN NaN NaN NaN NaN NaN NaN NaN NaN NaN NaN NaN NaN 
NaN NaN NaN NaN NaN NaN NaN NaN NaN NaN NaN NaN NaN NaN NaN NaN NaN NaN NaN NaN NaN NaN NaN NaN NaN NaN NaN NaN NaN NaN NaN NaN NaN NaN NaN NaN NaN NaN NaN NaN 
NaN NaN NaN NaN NaN NaN NaN NaN NaN NaN NaN NaN NaN NaN NaN NaN NaN NaN NaN NaN NaN NaN NaN NaN NaN NaN NaN NaN NaN NaN NaN NaN NaN NaN NaN NaN NaN NaN NaN NaN 
NaN NaN NaN NaN NaN NaN NaN NaN NaN NaN NaN NaN NaN NaN NaN NaN NaN NaN NaN NaN NaN NaN NaN NaN NaN NaN NaN NaN NaN NaN NaN NaN NaN NaN NaN NaN NaN NaN NaN NaN 
NaN NaN NaN NaN NaN NaN NaN NaN NaN NaN NaN NaN NaN NaN NaN NaN NaN NaN NaN NaN NaN NaN NaN NaN NaN NaN NaN NaN NaN NaN NaN NaN NaN NaN NaN NaN NaN NaN NaN NaN 
NaN NaN NaN NaN NaN NaN NaN NaN NaN NaN NaN NaN NaN NaN NaN NaN NaN NaN NaN NaN NaN NaN NaN NaN NaN NaN NaN NaN NaN NaN NaN NaN NaN NaN NaN NaN NaN NaN NaN NaN 
NaN NaN NaN NaN NaN NaN NaN NaN NaN NaN NaN NaN NaN NaN NaN NaN NaN NaN NaN NaN NaN NaN NaN NaN NaN NaN NaN NaN NaN NaN NaN NaN NaN NaN NaN NaN NaN NaN NaN NaN 
NaN NaN NaN NaN NaN NaN NaN NaN NaN NaN NaN NaN NaN NaN NaN NaN NaN NaN NaN NaN NaN NaN NaN NaN NaN NaN NaN NaN NaN NaN NaN NaN NaN NaN NaN NaN NaN NaN NaN NaN 
NaN NaN NaN NaN NaN NaN NaN NaN NaN NaN NaN NaN NaN NaN NaN NaN NaN NaN NaN NaN NaN NaN NaN NaN NaN NaN NaN NaN NaN NaN NaN NaN NaN NaN NaN NaN NaN NaN NaN NaN 
NaN NaN NaN NaN NaN NaN NaN NaN NaN NaN NaN NaN NaN NaN NaN NaN NaN NaN NaN NaN NaN NaN NaN NaN NaN NaN NaN NaN NaN NaN NaN NaN NaN NaN NaN NaN NaN NaN NaN NaN 
NaN NaN NaN NaN NaN NaN NaN NaN NaN NaN NaN NaN NaN NaN NaN NaN NaN NaN NaN NaN NaN NaN NaN NaN NaN NaN NaN NaN NaN NaN NaN NaN NaN NaN NaN NaN NaN NaN NaN NaN 
NaN NaN NaN NaN NaN NaN NaN NaN NaN NaN NaN NaN NaN NaN NaN NaN NaN NaN NaN NaN NaN NaN NaN NaN NaN NaN NaN NaN NaN NaN NaN NaN NaN NaN NaN NaN NaN NaN NaN NaN 
NaN NaN NaN NaN NaN NaN NaN NaN NaN NaN NaN NaN NaN NaN NaN NaN NaN NaN NaN NaN NaN NaN NaN NaN NaN NaN NaN NaN NaN NaN NaN NaN NaN NaN NaN NaN NaN NaN NaN NaN 
NaN NaN NaN NaN NaN NaN NaN NaN NaN NaN NaN NaN NaN NaN NaN NaN NaN NaN NaN NaN NaN NaN NaN NaN NaN NaN NaN NaN NaN NaN NaN NaN NaN NaN NaN NaN NaN NaN NaN NaN 
NaN NaN NaN NaN NaN NaN NaN NaN NaN NaN NaN NaN NaN NaN NaN NaN NaN NaN NaN NaN NaN NaN NaN NaN NaN NaN NaN NaN NaN NaN NaN NaN NaN NaN NaN NaN NaN NaN NaN NaN 
NaN NaN NaN NaN NaN NaN NaN NaN NaN NaN NaN NaN NaN NaN NaN NaN NaN NaN NaN NaN NaN NaN NaN NaN NaN NaN NaN NaN NaN NaN NaN NaN NaN NaN NaN NaN NaN NaN NaN NaN 
NaN NaN NaN NaN NaN NaN NaN NaN NaN NaN NaN NaN NaN NaN NaN NaN NaN NaN NaN NaN NaN NaN NaN NaN NaN NaN NaN NaN NaN NaN NaN NaN NaN NaN NaN NaN NaN NaN NaN NaN 
NaN NaN NaN NaN NaN NaN NaN NaN NaN NaN NaN NaN NaN NaN NaN NaN NaN NaN NaN NaN NaN NaN NaN NaN NaN NaN NaN NaN NaN NaN NaN NaN NaN NaN NaN NaN NaN NaN NaN NaN 
NaN NaN NaN NaN NaN NaN NaN NaN NaN NaN NaN NaN NaN NaN NaN NaN NaN NaN NaN NaN NaN NaN NaN NaN NaN NaN NaN NaN NaN NaN NaN NaN NaN NaN NaN NaN NaN NaN NaN NaN 
NaN NaN NaN NaN NaN NaN NaN NaN NaN NaN NaN NaN NaN NaN NaN NaN NaN NaN NaN NaN NaN NaN NaN NaN NaN NaN NaN NaN NaN NaN NaN NaN NaN NaN NaN NaN NaN NaN NaN NaN 
NaN NaN NaN NaN NaN NaN NaN NaN NaN NaN NaN NaN NaN NaN NaN NaN NaN NaN NaN NaN NaN NaN NaN NaN NaN NaN NaN NaN NaN NaN NaN NaN NaN NaN NaN NaN NaN NaN NaN NaN 
NaN NaN NaN NaN NaN NaN NaN NaN NaN NaN NaN NaN NaN NaN NaN NaN NaN NaN NaN NaN NaN NaN NaN NaN NaN NaN NaN NaN NaN NaN NaN NaN NaN NaN NaN NaN NaN NaN NaN NaN 
NaN NaN NaN NaN NaN NaN NaN NaN NaN NaN NaN NaN NaN NaN NaN NaN NaN NaN NaN NaN NaN NaN NaN NaN NaN NaN NaN NaN NaN NaN NaN NaN NaN NaN NaN NaN NaN NaN NaN NaN 
NaN NaN NaN NaN NaN NaN NaN NaN NaN NaN NaN NaN NaN NaN NaN NaN NaN NaN NaN NaN NaN NaN NaN NaN NaN NaN NaN NaN NaN NaN NaN NaN NaN NaN NaN NaN NaN NaN NaN NaN 
NaN NaN NaN NaN NaN NaN NaN NaN NaN NaN NaN NaN NaN NaN NaN NaN NaN NaN NaN NaN NaN NaN NaN NaN NaN NaN NaN NaN NaN NaN NaN NaN NaN NaN NaN NaN NaN NaN NaN NaN 
NaN NaN NaN NaN NaN NaN NaN NaN NaN NaN NaN NaN NaN NaN NaN NaN NaN NaN NaN NaN NaN NaN NaN NaN NaN NaN NaN NaN NaN NaN NaN NaN NaN NaN NaN NaN NaN NaN NaN NaN 
NaN NaN NaN NaN NaN NaN NaN NaN NaN NaN NaN NaN NaN NaN NaN NaN NaN NaN NaN NaN NaN NaN NaN NaN NaN NaN NaN NaN NaN NaN NaN NaN NaN NaN NaN NaN NaN NaN NaN NaN 
NaN NaN NaN NaN NaN NaN NaN NaN NaN NaN NaN NaN NaN NaN NaN NaN NaN NaN NaN NaN NaN NaN NaN NaN NaN NaN NaN NaN NaN NaN NaN NaN NaN NaN NaN NaN NaN NaN NaN NaN 
NaN NaN NaN NaN NaN NaN NaN NaN NaN NaN NaN NaN NaN NaN NaN NaN NaN NaN NaN NaN NaN NaN NaN NaN NaN NaN NaN NaN NaN NaN NaN NaN NaN NaN NaN NaN NaN NaN NaN NaN 
NaN NaN NaN NaN NaN NaN NaN NaN NaN NaN NaN NaN NaN NaN NaN NaN NaN NaN NaN NaN NaN NaN NaN NaN NaN NaN NaN NaN NaN NaN NaN NaN NaN NaN NaN NaN NaN NaN NaN NaN 
NaN NaN NaN NaN NaN NaN NaN NaN NaN NaN NaN NaN NaN NaN NaN NaN NaN NaN NaN NaN NaN NaN NaN NaN NaN NaN NaN NaN NaN NaN NaN NaN NaN NaN NaN NaN NaN NaN NaN NaN 
NaN NaN NaN NaN NaN NaN NaN NaN NaN NaN NaN NaN NaN NaN NaN NaN NaN NaN NaN NaN NaN NaN NaN NaN NaN NaN NaN NaN NaN NaN NaN NaN NaN NaN NaN NaN NaN NaN NaN NaN 
NaN NaN NaN NaN NaN NaN NaN NaN NaN NaN NaN NaN NaN NaN NaN NaN NaN NaN NaN NaN NaN NaN NaN NaN NaN NaN NaN NaN NaN NaN NaN NaN NaN NaN NaN NaN NaN NaN NaN NaN 
NaN NaN NaN NaN NaN NaN NaN NaN NaN NaN NaN NaN NaN NaN NaN NaN NaN NaN NaN NaN NaN NaN NaN NaN NaN NaN NaN NaN NaN NaN NaN NaN NaN NaN NaN NaN NaN NaN NaN NaN 
NaN NaN NaN NaN NaN NaN NaN NaN NaN NaN NaN NaN NaN NaN NaN NaN NaN NaN NaN NaN NaN NaN NaN NaN NaN NaN NaN NaN NaN NaN NaN NaN NaN NaN NaN NaN NaN NaN NaN NaN 
NaN NaN NaN NaN NaN NaN NaN NaN NaN NaN NaN NaN NaN NaN NaN NaN NaN NaN NaN NaN NaN NaN NaN NaN NaN NaN NaN NaN NaN NaN NaN NaN NaN NaN NaN NaN NaN NaN NaN NaN 
NaN NaN NaN NaN NaN NaN NaN NaN NaN NaN NaN NaN NaN NaN NaN NaN NaN NaN NaN NaN NaN NaN NaN NaN NaN NaN NaN NaN NaN NaN NaN NaN NaN NaN NaN NaN NaN NaN NaN NaN 
NaN NaN NaN NaN NaN NaN NaN NaN NaN NaN NaN NaN NaN NaN NaN NaN NaN NaN NaN NaN NaN NaN NaN NaN NaN NaN NaN NaN NaN NaN NaN NaN NaN NaN NaN NaN NaN NaN NaN NaN 
NaN NaN NaN NaN NaN NaN NaN NaN NaN NaN NaN NaN NaN NaN NaN NaN NaN NaN NaN NaN NaN NaN NaN NaN NaN NaN NaN NaN NaN NaN NaN NaN NaN NaN NaN NaN NaN NaN NaN NaN 
NaN NaN NaN NaN NaN NaN NaN NaN NaN NaN NaN NaN NaN NaN NaN NaN NaN NaN NaN NaN NaN NaN NaN NaN NaN NaN NaN NaN NaN NaN NaN NaN NaN NaN NaN NaN NaN NaN NaN NaN 
NaN NaN NaN NaN NaN NaN NaN NaN NaN NaN NaN NaN NaN NaN NaN NaN NaN NaN NaN NaN NaN NaN NaN NaN NaN NaN NaN NaN NaN NaN NaN NaN NaN NaN NaN NaN NaN NaN NaN NaN 
NaN NaN NaN NaN NaN NaN NaN NaN NaN NaN NaN NaN NaN NaN NaN NaN NaN NaN NaN NaN NaN NaN NaN NaN NaN NaN NaN NaN NaN NaN NaN NaN NaN NaN NaN NaN NaN NaN NaN NaN 
NaN NaN NaN NaN NaN NaN NaN NaN NaN NaN NaN NaN NaN NaN NaN NaN NaN NaN NaN NaN NaN NaN NaN NaN NaN NaN NaN NaN NaN NaN NaN NaN NaN NaN NaN NaN NaN NaN NaN NaN 
NaN NaN NaN NaN NaN NaN NaN NaN NaN NaN NaN NaN NaN NaN NaN NaN NaN NaN NaN NaN NaN NaN NaN NaN NaN NaN NaN NaN NaN NaN NaN NaN NaN NaN NaN NaN NaN NaN NaN NaN 
NaN NaN NaN NaN NaN NaN NaN NaN NaN NaN NaN NaN NaN NaN NaN NaN NaN NaN NaN NaN NaN NaN NaN NaN NaN NaN NaN NaN NaN NaN NaN NaN NaN NaN NaN NaN NaN NaN NaN NaN 
NaN NaN NaN NaN NaN NaN NaN NaN NaN NaN NaN NaN NaN NaN NaN NaN NaN NaN NaN NaN NaN NaN NaN NaN NaN NaN NaN NaN NaN NaN NaN NaN NaN NaN NaN NaN NaN NaN NaN NaN 
NaN NaN NaN NaN NaN NaN NaN NaN NaN NaN NaN NaN NaN NaN NaN NaN NaN NaN NaN NaN NaN NaN NaN NaN NaN NaN NaN NaN NaN NaN NaN NaN NaN NaN NaN NaN NaN NaN NaN NaN 
NaN NaN NaN NaN NaN NaN NaN NaN NaN NaN NaN NaN NaN NaN NaN NaN NaN NaN NaN NaN NaN NaN NaN NaN NaN NaN NaN NaN NaN NaN NaN NaN NaN NaN NaN NaN NaN NaN NaN NaN 
NaN NaN NaN NaN NaN NaN NaN NaN NaN NaN NaN NaN NaN NaN NaN NaN NaN NaN NaN NaN NaN NaN NaN NaN NaN NaN NaN NaN NaN NaN NaN NaN NaN NaN NaN NaN NaN NaN NaN NaN 
NaN NaN NaN NaN NaN NaN NaN NaN NaN NaN NaN NaN NaN NaN NaN NaN NaN NaN NaN NaN NaN NaN NaN NaN NaN NaN NaN NaN NaN NaN NaN NaN NaN NaN NaN NaN NaN NaN NaN NaN 
NaN NaN NaN NaN NaN NaN NaN NaN NaN NaN NaN NaN NaN NaN NaN NaN NaN NaN NaN NaN NaN NaN NaN NaN NaN NaN NaN NaN NaN NaN NaN NaN NaN NaN NaN NaN NaN NaN NaN NaN 
NaN NaN NaN NaN NaN NaN NaN NaN NaN NaN NaN NaN NaN NaN NaN NaN NaN NaN NaN NaN NaN NaN NaN NaN NaN NaN NaN NaN NaN NaN NaN NaN NaN NaN NaN NaN NaN NaN NaN NaN 
NaN NaN NaN NaN NaN NaN NaN NaN NaN NaN NaN NaN NaN NaN NaN NaN NaN NaN NaN NaN NaN NaN NaN NaN NaN NaN NaN NaN NaN NaN NaN NaN NaN NaN NaN NaN NaN NaN NaN NaN 
NaN NaN NaN NaN NaN NaN NaN NaN NaN NaN NaN NaN NaN NaN NaN NaN NaN NaN NaN NaN NaN NaN NaN NaN NaN NaN NaN NaN NaN NaN NaN NaN NaN NaN NaN NaN NaN NaN NaN NaN 
NaN NaN NaN NaN NaN NaN NaN NaN NaN NaN NaN NaN NaN NaN NaN NaN NaN NaN NaN NaN NaN NaN NaN NaN NaN NaN NaN NaN NaN NaN NaN NaN NaN NaN NaN NaN NaN NaN NaN NaN 
NaN NaN NaN NaN NaN NaN NaN NaN NaN NaN NaN NaN NaN NaN NaN NaN NaN NaN NaN NaN NaN NaN NaN NaN NaN NaN NaN NaN NaN NaN NaN NaN NaN NaN NaN NaN NaN NaN NaN NaN 
NaN NaN NaN NaN NaN NaN NaN NaN NaN NaN NaN NaN NaN NaN NaN NaN NaN NaN NaN NaN NaN NaN NaN NaN NaN NaN NaN NaN NaN NaN NaN NaN NaN NaN NaN NaN NaN NaN NaN NaN 
NaN NaN NaN NaN NaN NaN NaN NaN NaN NaN NaN NaN NaN NaN NaN NaN NaN NaN NaN NaN NaN NaN NaN NaN NaN NaN NaN NaN NaN NaN NaN NaN NaN NaN NaN NaN NaN NaN NaN NaN 
NaN NaN NaN NaN NaN NaN NaN NaN NaN NaN NaN NaN NaN NaN NaN NaN NaN NaN NaN NaN NaN NaN NaN NaN NaN NaN NaN NaN NaN NaN NaN NaN NaN NaN NaN NaN NaN NaN NaN NaN 
NaN NaN NaN NaN NaN NaN NaN NaN NaN NaN NaN NaN NaN NaN NaN NaN NaN NaN NaN NaN NaN NaN NaN NaN NaN NaN NaN NaN NaN NaN NaN NaN NaN NaN NaN NaN NaN NaN NaN NaN 
