NaN NaN NaN NaN NaN NaN NaN NaN NaN NaN NaN NaN NaN NaN NaN NaN NaN NaN NaN NaN NaN NaN NaN NaN NaN NaN NaN NaN NaN NaN NaN NaN NaN NaN NaN NaN NaN NaN NaN NaN 
NaN NaN NaN NaN NaN NaN NaN NaN NaN NaN NaN NaN NaN NaN NaN NaN NaN NaN NaN NaN NaN NaN NaN NaN NaN NaN NaN NaN NaN NaN NaN NaN NaN NaN NaN NaN NaN NaN NaN NaN 
NaN NaN NaN NaN NaN NaN NaN NaN NaN NaN NaN NaN NaN NaN NaN NaN NaN NaN NaN NaN NaN NaN NaN NaN NaN NaN NaN NaN NaN NaN NaN NaN NaN NaN NaN NaN NaN NaN NaN NaN 
NaN NaN NaN NaN NaN NaN NaN NaN NaN NaN NaN NaN NaN NaN NaN NaN NaN NaN NaN NaN NaN NaN NaN NaN NaN NaN NaN NaN NaN NaN NaN NaN NaN NaN NaN NaN NaN NaN NaN NaN 
NaN NaN NaN NaN NaN NaN NaN NaN NaN NaN NaN NaN NaN NaN NaN NaN NaN NaN NaN NaN NaN NaN NaN NaN NaN NaN NaN NaN NaN NaN NaN NaN NaN NaN NaN NaN NaN NaN NaN NaN 
NaN NaN NaN NaN NaN NaN NaN NaN NaN NaN NaN NaN NaN NaN NaN NaN NaN NaN NaN NaN NaN NaN NaN NaN NaN NaN NaN NaN NaN NaN NaN NaN NaN NaN NaN NaN NaN NaN NaN NaN 
NaN NaN NaN NaN NaN NaN NaN NaN NaN NaN NaN NaN NaN NaN NaN NaN NaN NaN NaN NaN NaN NaN NaN NaN NaN NaN NaN NaN NaN NaN NaN NaN NaN NaN NaN NaN NaN NaN NaN NaN 
NaN NaN NaN NaN NaN NaN NaN NaN NaN NaN NaN NaN NaN NaN NaN NaN NaN NaN NaN NaN NaN NaN NaN NaN NaN NaN NaN NaN NaN NaN NaN NaN NaN NaN NaN NaN NaN NaN NaN NaN 
NaN NaN NaN NaN NaN NaN NaN NaN NaN NaN NaN NaN NaN NaN NaN NaN NaN NaN NaN NaN NaN NaN NaN NaN NaN NaN NaN NaN NaN NaN NaN NaN NaN NaN NaN NaN NaN NaN NaN NaN 
NaN NaN NaN NaN NaN NaN NaN NaN NaN NaN NaN NaN NaN NaN NaN NaN NaN NaN NaN NaN NaN NaN NaN NaN NaN NaN NaN NaN NaN NaN NaN NaN NaN NaN NaN NaN NaN NaN NaN NaN 
NaN NaN NaN NaN NaN NaN NaN NaN NaN NaN NaN NaN NaN NaN NaN NaN NaN NaN NaN NaN NaN NaN NaN NaN NaN NaN NaN NaN NaN NaN NaN NaN NaN NaN NaN NaN NaN NaN NaN NaN 
NaN NaN NaN NaN NaN NaN NaN NaN NaN NaN NaN NaN NaN NaN NaN NaN NaN NaN NaN NaN NaN NaN NaN NaN NaN NaN NaN NaN NaN NaN NaN NaN NaN NaN NaN NaN NaN NaN NaN NaN 
NaN NaN NaN NaN NaN NaN NaN NaN NaN NaN NaN NaN NaN NaN NaN NaN NaN NaN NaN NaN NaN NaN NaN NaN NaN NaN NaN NaN NaN NaN NaN NaN NaN NaN NaN NaN NaN NaN NaN NaN 
NaN NaN NaN NaN NaN NaN NaN NaN NaN NaN NaN NaN NaN NaN NaN NaN NaN NaN NaN NaN NaN NaN NaN NaN NaN NaN NaN NaN NaN NaN NaN NaN NaN NaN NaN NaN NaN NaN NaN NaN 
NaN NaN NaN NaN NaN NaN NaN NaN NaN NaN NaN NaN NaN NaN NaN NaN NaN NaN NaN NaN NaN NaN NaN NaN NaN NaN NaN NaN NaN NaN NaN NaN NaN NaN NaN NaN NaN NaN NaN NaN 
NaN NaN NaN NaN NaN NaN NaN NaN NaN NaN NaN NaN NaN NaN NaN NaN NaN NaN NaN NaN NaN NaN NaN NaN NaN NaN NaN NaN NaN NaN NaN NaN NaN NaN NaN NaN NaN NaN NaN NaN 
NaN NaN NaN NaN NaN NaN NaN NaN NaN NaN NaN NaN NaN NaN NaN NaN NaN NaN NaN NaN NaN NaN NaN NaN NaN NaN NaN NaN NaN NaN NaN NaN NaN NaN NaN NaN NaN NaN NaN NaN 
NaN NaN NaN NaN NaN NaN NaN NaN NaN NaN NaN NaN NaN NaN NaN NaN NaN NaN NaN NaN NaN NaN NaN NaN NaN NaN NaN NaN NaN NaN NaN NaN NaN NaN NaN NaN NaN NaN NaN NaN 
NaN NaN NaN NaN NaN NaN NaN NaN NaN NaN NaN NaN NaN NaN NaN NaN NaN NaN NaN NaN NaN NaN NaN NaN NaN NaN NaN NaN NaN NaN NaN NaN NaN NaN NaN NaN NaN NaN NaN NaN 
NaN NaN NaN NaN NaN NaN NaN NaN NaN NaN NaN NaN NaN NaN NaN NaN NaN NaN NaN NaN NaN NaN NaN NaN NaN NaN NaN NaN NaN NaN NaN NaN NaN NaN NaN NaN NaN NaN NaN NaN 
NaN NaN NaN NaN NaN NaN NaN NaN NaN NaN NaN NaN NaN NaN NaN NaN NaN NaN NaN NaN NaN NaN NaN NaN NaN NaN NaN NaN NaN NaN NaN NaN NaN NaN NaN NaN NaN NaN NaN NaN 
NaN NaN NaN NaN NaN NaN NaN NaN NaN NaN NaN NaN NaN NaN NaN NaN NaN NaN NaN NaN NaN NaN NaN NaN NaN NaN NaN NaN NaN NaN NaN NaN NaN NaN NaN NaN NaN NaN NaN NaN 
NaN NaN NaN NaN NaN NaN NaN NaN NaN NaN NaN NaN NaN NaN NaN NaN NaN NaN NaN NaN NaN NaN NaN NaN NaN NaN NaN NaN NaN NaN NaN NaN NaN NaN NaN NaN NaN NaN NaN NaN 
NaN NaN NaN NaN NaN NaN NaN NaN NaN NaN NaN NaN NaN NaN NaN NaN NaN NaN NaN NaN NaN NaN NaN NaN NaN NaN NaN NaN NaN NaN NaN NaN NaN NaN NaN NaN NaN NaN NaN NaN 
NaN NaN NaN NaN NaN NaN NaN NaN NaN NaN NaN NaN NaN NaN NaN NaN NaN NaN NaN NaN NaN NaN NaN NaN NaN NaN NaN NaN NaN NaN NaN NaN NaN NaN NaN NaN NaN NaN NaN NaN 
NaN NaN NaN NaN NaN NaN NaN NaN NaN NaN NaN NaN NaN NaN NaN NaN NaN NaN NaN NaN NaN NaN NaN NaN NaN NaN NaN NaN NaN NaN NaN NaN NaN NaN NaN NaN NaN NaN NaN NaN 
NaN NaN NaN NaN NaN NaN NaN NaN NaN NaN NaN NaN NaN NaN NaN NaN NaN NaN NaN NaN NaN NaN NaN NaN NaN NaN NaN NaN NaN NaN NaN NaN NaN NaN NaN NaN NaN NaN NaN NaN 
NaN NaN NaN NaN NaN NaN NaN NaN NaN NaN NaN NaN NaN NaN NaN NaN NaN NaN NaN NaN NaN NaN NaN NaN NaN NaN NaN NaN NaN NaN NaN NaN NaN NaN NaN NaN NaN NaN NaN NaN 
NaN NaN NaN NaN NaN NaN NaN NaN NaN NaN NaN NaN NaN NaN NaN NaN NaN NaN NaN NaN NaN NaN NaN NaN NaN NaN NaN NaN NaN NaN NaN NaN NaN NaN NaN NaN NaN NaN NaN NaN 
NaN NaN NaN NaN NaN NaN NaN NaN NaN NaN NaN NaN NaN NaN NaN NaN NaN NaN NaN NaN NaN NaN NaN NaN NaN NaN NaN NaN NaN NaN NaN NaN NaN NaN NaN NaN NaN NaN NaN NaN 
NaN NaN NaN NaN NaN NaN NaN NaN NaN NaN NaN NaN NaN NaN NaN NaN NaN NaN NaN NaN NaN NaN NaN NaN NaN NaN NaN NaN NaN NaN NaN NaN NaN NaN NaN NaN NaN NaN NaN NaN 
NaN NaN NaN NaN NaN NaN NaN NaN NaN NaN NaN NaN NaN NaN NaN NaN NaN NaN NaN NaN NaN NaN NaN NaN NaN NaN NaN NaN NaN NaN NaN NaN NaN NaN NaN NaN NaN NaN NaN NaN 
NaN NaN NaN NaN NaN NaN NaN NaN NaN NaN NaN NaN NaN NaN NaN NaN NaN NaN NaN NaN NaN NaN NaN NaN NaN NaN NaN NaN NaN NaN NaN NaN NaN NaN NaN NaN NaN NaN NaN NaN 
NaN NaN NaN NaN NaN NaN NaN NaN NaN NaN NaN NaN NaN NaN NaN NaN NaN NaN NaN NaN NaN NaN NaN NaN NaN NaN NaN NaN NaN NaN NaN NaN NaN NaN NaN NaN NaN NaN NaN NaN 
NaN NaN NaN NaN NaN NaN NaN NaN NaN NaN NaN NaN NaN NaN NaN NaN NaN NaN NaN NaN NaN NaN NaN NaN NaN NaN NaN NaN NaN NaN NaN NaN NaN NaN NaN NaN NaN NaN NaN NaN 
NaN NaN NaN NaN NaN NaN NaN NaN NaN NaN NaN NaN NaN NaN NaN NaN NaN NaN NaN NaN NaN NaN NaN NaN NaN NaN NaN NaN NaN NaN NaN NaN NaN NaN NaN NaN NaN NaN NaN NaN 
NaN NaN NaN NaN NaN NaN NaN NaN NaN NaN NaN NaN NaN NaN NaN NaN NaN NaN NaN NaN NaN NaN NaN NaN NaN NaN NaN NaN NaN NaN NaN NaN NaN NaN NaN NaN NaN NaN NaN NaN 
NaN NaN NaN NaN NaN NaN NaN NaN NaN NaN NaN NaN NaN NaN NaN NaN NaN NaN NaN NaN NaN NaN NaN NaN NaN NaN NaN NaN NaN NaN NaN NaN NaN NaN NaN NaN NaN NaN NaN NaN 
NaN NaN NaN NaN NaN NaN NaN NaN NaN NaN NaN NaN NaN NaN NaN NaN NaN NaN NaN NaN NaN NaN NaN NaN NaN NaN NaN NaN NaN NaN NaN NaN NaN NaN NaN NaN NaN NaN NaN NaN 
NaN NaN NaN NaN NaN NaN NaN NaN NaN NaN NaN NaN NaN NaN NaN NaN NaN NaN NaN NaN NaN NaN NaN NaN NaN NaN NaN NaN NaN NaN NaN NaN NaN NaN NaN NaN NaN NaN NaN NaN 
NaN NaN NaN NaN NaN NaN NaN NaN NaN NaN NaN NaN NaN NaN NaN NaN NaN NaN NaN NaN NaN NaN NaN NaN NaN NaN NaN NaN NaN NaN NaN NaN NaN NaN NaN NaN NaN NaN NaN NaN 
NaN NaN NaN NaN NaN NaN NaN NaN NaN NaN NaN NaN NaN NaN NaN NaN NaN NaN NaN NaN NaN NaN NaN NaN NaN NaN NaN NaN NaN NaN NaN NaN NaN NaN NaN NaN NaN NaN NaN NaN 
NaN NaN NaN NaN NaN NaN NaN NaN NaN NaN NaN NaN NaN NaN NaN NaN NaN NaN NaN NaN NaN NaN NaN NaN NaN NaN NaN NaN NaN NaN NaN NaN NaN NaN NaN NaN NaN NaN NaN NaN 
NaN NaN NaN NaN NaN NaN NaN NaN NaN NaN NaN NaN NaN NaN NaN NaN NaN NaN NaN NaN NaN NaN NaN NaN NaN NaN NaN NaN NaN NaN NaN NaN NaN NaN NaN NaN NaN NaN NaN NaN 
NaN NaN NaN NaN NaN NaN NaN NaN NaN NaN NaN NaN NaN NaN NaN NaN NaN NaN NaN NaN NaN NaN NaN NaN NaN NaN NaN NaN NaN NaN NaN NaN NaN NaN NaN NaN NaN NaN NaN NaN 
NaN NaN NaN NaN NaN NaN NaN NaN NaN NaN NaN NaN NaN NaN NaN NaN NaN NaN NaN NaN NaN NaN NaN NaN NaN NaN NaN NaN NaN NaN NaN NaN NaN NaN NaN NaN NaN NaN NaN NaN 
NaN NaN NaN NaN NaN NaN NaN NaN NaN NaN NaN NaN NaN NaN NaN NaN NaN NaN NaN NaN NaN NaN NaN NaN NaN NaN NaN NaN NaN NaN NaN NaN NaN NaN NaN NaN NaN NaN NaN NaN 
NaN NaN NaN NaN NaN NaN NaN NaN NaN NaN NaN NaN NaN NaN NaN NaN NaN NaN NaN NaN NaN NaN NaN NaN NaN NaN NaN NaN NaN NaN NaN NaN NaN NaN NaN NaN NaN NaN NaN NaN 
NaN NaN NaN NaN NaN NaN NaN NaN NaN NaN NaN NaN NaN NaN NaN NaN NaN NaN NaN NaN NaN NaN NaN NaN NaN NaN NaN NaN NaN NaN NaN NaN NaN NaN NaN NaN NaN NaN NaN NaN 
NaN NaN NaN NaN NaN NaN NaN NaN NaN NaN NaN NaN NaN NaN NaN NaN NaN NaN NaN NaN NaN NaN NaN NaN NaN NaN NaN NaN NaN NaN NaN NaN NaN NaN NaN NaN NaN NaN NaN NaN 
NaN NaN NaN NaN NaN NaN NaN NaN NaN NaN NaN NaN NaN NaN NaN NaN NaN NaN NaN NaN NaN NaN NaN NaN NaN NaN NaN NaN NaN NaN NaN NaN NaN NaN NaN NaN NaN NaN NaN NaN 
NaN NaN NaN NaN NaN NaN NaN NaN NaN NaN NaN NaN NaN NaN NaN NaN NaN NaN NaN NaN NaN NaN NaN NaN NaN NaN NaN NaN NaN NaN NaN NaN NaN NaN NaN NaN NaN NaN NaN NaN 
NaN NaN NaN NaN NaN NaN NaN NaN NaN NaN NaN NaN NaN NaN NaN NaN NaN NaN NaN NaN NaN NaN NaN NaN NaN NaN NaN NaN NaN NaN NaN NaN NaN NaN NaN NaN NaN NaN NaN NaN 
NaN NaN NaN NaN NaN NaN NaN NaN NaN NaN NaN NaN NaN NaN NaN NaN NaN NaN NaN NaN NaN NaN NaN NaN NaN NaN NaN NaN NaN NaN NaN NaN NaN NaN NaN NaN NaN NaN NaN NaN 
NaN NaN NaN NaN NaN NaN NaN NaN NaN NaN NaN NaN NaN NaN NaN NaN NaN NaN NaN NaN NaN NaN NaN NaN NaN NaN NaN NaN NaN NaN NaN NaN NaN NaN NaN NaN NaN NaN NaN NaN 
NaN NaN NaN NaN NaN NaN NaN NaN NaN NaN NaN NaN NaN NaN NaN NaN NaN NaN NaN NaN NaN NaN NaN NaN NaN NaN NaN NaN NaN NaN NaN NaN NaN NaN NaN NaN NaN NaN NaN NaN 
NaN NaN NaN NaN NaN NaN NaN NaN NaN NaN NaN NaN NaN NaN NaN NaN NaN NaN NaN NaN NaN NaN NaN NaN NaN NaN NaN NaN NaN NaN NaN NaN NaN NaN NaN NaN NaN NaN NaN NaN 
NaN NaN NaN NaN NaN NaN NaN NaN NaN NaN NaN NaN NaN NaN NaN NaN NaN NaN NaN NaN NaN NaN NaN NaN NaN NaN NaN NaN NaN NaN NaN NaN NaN NaN NaN NaN NaN NaN NaN NaN 
NaN NaN NaN NaN NaN NaN NaN NaN NaN NaN NaN NaN NaN NaN NaN NaN NaN NaN NaN NaN NaN NaN NaN NaN NaN NaN NaN NaN NaN NaN NaN NaN NaN NaN NaN NaN NaN NaN NaN NaN 
NaN NaN NaN NaN NaN NaN NaN NaN NaN NaN NaN NaN NaN NaN NaN NaN NaN NaN NaN NaN NaN NaN NaN NaN NaN NaN NaN NaN NaN NaN NaN NaN NaN NaN NaN NaN NaN NaN NaN NaN 
NaN NaN NaN NaN NaN NaN NaN NaN NaN NaN NaN NaN NaN NaN NaN NaN NaN NaN NaN NaN NaN NaN NaN NaN NaN NaN NaN NaN NaN NaN NaN NaN NaN NaN NaN NaN NaN NaN NaN NaN 
NaN NaN NaN NaN NaN NaN NaN NaN NaN NaN NaN NaN NaN NaN NaN NaN NaN NaN NaN NaN NaN NaN NaN NaN NaN NaN NaN NaN NaN NaN NaN NaN NaN NaN NaN NaN NaN NaN NaN NaN 
NaN NaN NaN NaN NaN NaN NaN NaN NaN NaN NaN NaN NaN NaN NaN NaN NaN NaN NaN NaN NaN NaN NaN NaN NaN NaN NaN NaN NaN NaN NaN NaN NaN NaN NaN NaN NaN NaN NaN NaN 
NaN NaN NaN NaN NaN NaN NaN NaN NaN NaN NaN NaN NaN NaN NaN NaN NaN NaN NaN NaN NaN NaN NaN NaN NaN NaN NaN NaN NaN NaN NaN NaN NaN NaN NaN NaN NaN NaN NaN NaN 
NaN NaN NaN NaN NaN NaN NaN NaN NaN NaN NaN NaN NaN NaN NaN NaN NaN NaN NaN NaN NaN NaN NaN NaN NaN NaN NaN NaN NaN NaN NaN NaN NaN NaN NaN NaN NaN NaN NaN NaN 
NaN NaN NaN NaN NaN NaN NaN NaN NaN NaN NaN NaN NaN NaN NaN NaN NaN NaN NaN NaN NaN NaN NaN NaN NaN NaN NaN NaN NaN NaN NaN NaN NaN NaN NaN NaN NaN NaN NaN NaN 
NaN NaN NaN NaN NaN NaN NaN NaN NaN NaN NaN NaN NaN NaN NaN NaN NaN NaN NaN NaN NaN NaN NaN NaN NaN NaN NaN NaN NaN NaN NaN NaN NaN NaN NaN NaN NaN NaN NaN NaN 
NaN NaN NaN NaN NaN NaN NaN NaN NaN NaN NaN NaN NaN NaN NaN NaN NaN NaN NaN NaN NaN NaN NaN NaN NaN NaN NaN NaN NaN NaN NaN NaN NaN NaN NaN NaN NaN NaN NaN NaN 
NaN NaN NaN NaN NaN NaN NaN NaN NaN NaN NaN NaN NaN NaN NaN NaN NaN NaN NaN NaN NaN NaN NaN NaN NaN NaN NaN NaN NaN NaN NaN NaN NaN NaN NaN NaN NaN NaN NaN NaN 
NaN NaN NaN NaN NaN NaN NaN NaN NaN NaN NaN NaN NaN NaN NaN NaN NaN NaN NaN NaN NaN NaN NaN NaN NaN NaN NaN NaN NaN NaN NaN NaN NaN NaN NaN NaN NaN NaN NaN NaN 
NaN NaN NaN NaN NaN NaN NaN NaN NaN NaN NaN NaN NaN NaN NaN NaN NaN NaN NaN NaN NaN NaN NaN NaN NaN NaN NaN NaN NaN NaN NaN NaN NaN NaN NaN NaN NaN NaN NaN NaN 
NaN NaN NaN NaN NaN NaN NaN NaN NaN NaN NaN NaN NaN NaN NaN NaN NaN NaN NaN NaN NaN NaN NaN NaN NaN NaN NaN NaN NaN NaN NaN NaN NaN NaN NaN NaN NaN NaN NaN NaN 
NaN NaN NaN NaN NaN NaN NaN NaN NaN NaN NaN NaN NaN NaN NaN NaN NaN NaN NaN NaN NaN NaN NaN NaN NaN NaN NaN NaN NaN NaN NaN NaN NaN NaN NaN NaN NaN NaN NaN NaN 
NaN NaN NaN NaN NaN NaN NaN NaN NaN NaN NaN NaN NaN NaN NaN NaN NaN NaN NaN NaN NaN NaN NaN NaN NaN NaN NaN NaN NaN NaN NaN NaN NaN NaN NaN NaN NaN NaN NaN NaN 
NaN NaN NaN NaN NaN NaN NaN NaN NaN NaN NaN NaN NaN NaN NaN NaN NaN NaN NaN NaN NaN NaN NaN NaN NaN NaN NaN NaN NaN NaN NaN NaN NaN NaN NaN NaN NaN NaN NaN NaN 
NaN NaN NaN NaN NaN NaN NaN NaN NaN NaN NaN NaN NaN NaN NaN NaN NaN NaN NaN NaN NaN NaN NaN NaN NaN NaN NaN NaN NaN NaN NaN NaN NaN NaN NaN NaN NaN NaN NaN NaN 
NaN NaN NaN NaN NaN NaN NaN NaN NaN NaN NaN NaN NaN NaN NaN NaN NaN NaN NaN NaN NaN NaN NaN NaN NaN NaN NaN NaN NaN NaN NaN NaN NaN NaN NaN NaN NaN NaN NaN NaN 
NaN NaN NaN NaN NaN NaN NaN NaN NaN NaN NaN NaN NaN NaN NaN NaN NaN NaN NaN NaN NaN NaN NaN NaN NaN NaN NaN NaN NaN NaN NaN NaN NaN NaN NaN NaN NaN NaN NaN NaN 
NaN NaN NaN NaN NaN NaN NaN NaN NaN NaN NaN NaN NaN NaN NaN NaN NaN NaN NaN NaN NaN NaN NaN NaN NaN NaN NaN NaN NaN NaN NaN NaN NaN NaN NaN NaN NaN NaN NaN NaN 
NaN NaN NaN NaN NaN NaN NaN NaN NaN NaN NaN NaN NaN NaN NaN NaN NaN NaN NaN NaN NaN NaN NaN NaN NaN NaN NaN NaN NaN NaN NaN NaN NaN NaN NaN NaN NaN NaN NaN NaN 
NaN NaN NaN NaN NaN NaN NaN NaN NaN NaN NaN NaN NaN NaN NaN NaN NaN NaN NaN NaN NaN NaN NaN NaN NaN NaN NaN NaN NaN NaN NaN NaN NaN NaN NaN NaN NaN NaN NaN NaN 
NaN NaN NaN NaN NaN NaN NaN NaN NaN NaN NaN NaN NaN NaN NaN NaN NaN NaN NaN NaN NaN NaN NaN NaN NaN NaN NaN NaN NaN NaN NaN NaN NaN NaN NaN NaN NaN NaN NaN NaN 
NaN NaN NaN NaN NaN NaN NaN NaN NaN NaN NaN NaN NaN NaN NaN NaN NaN NaN NaN NaN NaN NaN NaN NaN NaN NaN NaN NaN NaN NaN NaN NaN NaN NaN NaN NaN NaN NaN NaN NaN 
NaN NaN NaN NaN NaN NaN NaN NaN NaN NaN NaN NaN NaN NaN NaN NaN NaN NaN NaN NaN NaN NaN NaN NaN NaN NaN NaN NaN NaN NaN NaN NaN NaN NaN NaN NaN NaN NaN NaN NaN 
NaN NaN NaN NaN NaN NaN NaN NaN NaN NaN NaN NaN NaN NaN NaN NaN NaN NaN NaN NaN NaN NaN NaN NaN NaN NaN NaN NaN NaN NaN NaN NaN NaN NaN NaN NaN NaN NaN NaN NaN 
NaN NaN NaN NaN NaN NaN NaN NaN NaN NaN NaN NaN NaN NaN NaN NaN NaN NaN NaN NaN NaN NaN NaN NaN NaN NaN NaN NaN NaN NaN NaN NaN NaN NaN NaN NaN NaN NaN NaN NaN 
NaN NaN NaN NaN NaN NaN NaN NaN NaN NaN NaN NaN NaN NaN NaN NaN NaN NaN NaN NaN NaN NaN NaN NaN NaN NaN NaN NaN NaN NaN NaN NaN NaN NaN NaN NaN NaN NaN NaN NaN 
NaN NaN NaN NaN NaN NaN NaN NaN NaN NaN NaN NaN NaN NaN NaN NaN NaN NaN NaN NaN NaN NaN NaN NaN NaN NaN NaN NaN NaN NaN NaN NaN NaN NaN NaN NaN NaN NaN NaN NaN 
NaN NaN NaN NaN NaN NaN NaN NaN NaN NaN NaN NaN NaN NaN NaN NaN NaN NaN NaN NaN NaN NaN NaN NaN NaN NaN NaN NaN NaN NaN NaN NaN NaN NaN NaN NaN NaN NaN NaN NaN 
NaN NaN NaN NaN NaN NaN NaN NaN NaN NaN NaN NaN NaN NaN NaN NaN NaN NaN NaN NaN NaN NaN NaN NaN NaN NaN NaN NaN NaN NaN NaN NaN NaN NaN NaN NaN NaN NaN NaN NaN 
NaN NaN NaN NaN NaN NaN NaN NaN NaN NaN NaN NaN NaN NaN NaN NaN NaN NaN NaN NaN NaN NaN NaN NaN NaN NaN NaN NaN NaN NaN NaN NaN NaN NaN NaN NaN NaN NaN NaN NaN 
-100.145280 -100.208733 -100.314338 -100.492458 -100.734056 -101.072577 -101.486080 -102.015754 -102.715336 -103.536654 -104.503926 -105.624170 -106.769457 -107.803381 -108.484593 -108.650007 -108.404660 -107.995337 -107.611449 -107.299278 -106.984116 -106.585473 -106.177375 -106.023941 -106.553750 -108.381649 -112.500777 -116.458464 -111.972717 -108.997420 -110.100991 -117.356198 -113.662571 -107.828293 -109.065960 -116.803808 -109.432290 -107.854309 -112.176771 -110.626892 
-65.517002 -70.803929 -75.219738 -76.200901 -78.174543 -85.358363 -82.109628 -86.798005 -82.931028 -79.548184 -81.951310 -92.431787 -90.148835 -80.706086 -81.277279 -85.240852 -76.639725 -73.835262 -81.540803 -83.361603 -77.377898 -76.315083 -78.265776 -77.326311 -84.439487 -82.940631 -82.485427 -82.735517 -82.543560 -84.797522 -83.471246 -78.719554 -79.879316 -83.170745 -81.643481 -88.480529 -81.810442 -81.573342 -79.481108 -85.539719 
-63.219104 -80.449666 -74.877270 -73.057906 -73.142706 -76.691529 -78.454857 -80.598645 -82.634170 -82.189016 -80.591129 -82.560536 -80.931965 -77.393023 -77.113521 -78.716817 -72.238340 -73.525301 -74.186138 -76.175203 -77.618327 -74.930204 -77.233849 -78.081763 -79.117403 -77.318630 -76.660264 -76.967689 -78.169555 -78.467363 -78.525435 -76.294271 -76.420338 -77.996017 -77.572214 -80.435928 -77.325350 -79.240731 -74.491849 -76.246356 
-67.076984 -74.980312 -73.996799 -80.116164 -83.168888 -79.656255 -77.798420 -79.101404 -74.626869 -76.561529 -72.021481 -80.871892 -74.985477 -77.214021 -75.100754 -73.143616 -75.252048 -73.555994 -73.851837 -74.585052 -76.880689 -82.087550 -81.377964 -76.760873 -79.149964 -75.916885 -78.732521 -79.878780 -75.015597 -77.514003 -78.917244 -74.977611 -75.012802 -77.936487 -75.641444 -73.878686 -74.322721 -77.148867 -74.741855 -76.445100 
-48.095056 -47.099758 -48.327628 -50.476590 -55.030143 -57.002945 -59.610697 -57.431678 -57.159797 -60.066080 -62.827296 -61.479513 -61.989281 -64.376688 -66.799753 -66.075003 -67.587852 -67.031880 -67.353297 -70.270207 -69.800556 -68.298875 -70.720834 -72.462852 -72.390056 -72.457258 -74.485270 -76.774360 -72.035853 -73.773718 -73.864478 -74.605716 -75.985943 -73.374097 -73.711619 -72.859767 -74.238834 -74.690181 -75.174402 -78.788251 
-25.634992 -29.082431 -33.154479 -37.184471 -40.298431 -41.518765 -43.485503 -44.577657 -45.389171 -45.936857 -46.734765 -47.212218 -49.512553 -50.150990 -52.467053 -53.996289 -53.891072 -53.582303 -55.809190 -56.271721 -58.578320 -57.337743 -58.095659 -59.092877 -60.467901 -60.570489 -61.256016 -64.585181 -64.294425 -63.687775 -64.434460 -67.135675 -65.809322 -63.337894 -68.115437 -67.780576 -70.287732 -68.779057 -69.681117 -70.335556 
-31.833024 -36.982755 -41.829266 -51.248616 -56.031961 -56.347463 -59.640307 -60.945058 -62.683615 -58.033177 -62.311179 -59.523869 -63.015182 -61.295180 -65.147079 -63.804840 -66.523387 -68.463730 -69.822319 -70.727322 -70.495161 -68.437836 -69.266794 -68.550794 -70.850177 -69.823416 -67.588105 -68.112799 -69.295420 -70.827588 -66.920504 -70.624050 -69.279744 -69.619060 -69.951045 -70.753263 -74.964950 -71.474196 -73.199204 -71.750681 
-28.663774 -46.643151 -49.275678 -50.245585 -53.631798 -59.400975 -67.871064 -64.763100 -62.051318 -58.377980 -62.179541 -60.452748 -63.649538 -64.680461 -68.153503 -65.504008 -64.456195 -66.367793 -65.296652 -66.362401 -69.619329 -69.057770 -69.049537 -65.755718 -72.706552 -67.028754 -66.286767 -67.213069 -69.320575 -66.630948 -67.107313 -65.185529 -69.673286 -68.661045 -70.923528 -72.246931 -72.738481 -70.272750 -70.702092 -72.695830 
-23.693346 -42.406544 -47.882638 -52.781122 -59.032203 -63.102427 -63.713446 -66.631599 -64.088504 -67.244536 -67.233490 -63.180550 -64.470434 -66.656239 -66.624485 -64.938059 -69.963623 -72.242329 -66.196038 -66.735433 -69.142520 -67.378614 -63.817368 -63.997358 -72.369723 -66.955126 -68.477327 -72.134551 -70.052684 -70.588607 -67.570296 -67.430881 -68.928434 -69.482627 -68.725740 -71.240068 -70.866188 -71.926181 -70.989048 -71.302216 
-22.896597 -39.170701 -38.672394 -49.286059 -63.643833 -62.649106 -59.302342 -60.510105 -68.872020 -65.137394 -64.123205 -62.765476 -63.999660 -65.029741 -67.520039 -62.672993 -61.106116 -65.258368 -62.372268 -65.237612 -69.338496 -70.529746 -67.262544 -65.191156 -62.344044 -66.072574 -68.210568 -68.165046 -67.399922 -63.808656 -69.688349 -68.041820 -68.825421 -71.255224 -69.873755 -69.055287 -68.367687 -69.418487 -73.329380 -71.256084 
-21.892346 -33.034664 -35.194461 -44.966068 -42.898418 -43.263659 -44.801751 -46.805719 -44.502371 -41.615160 -36.297561 -36.390252 -38.742118 -32.188965 -25.338535 -23.903181 -29.858142 -33.572027 -33.144061 -40.774084 -49.232538 -48.417853 -42.556707 -42.876401 -44.546688 -44.275875 -42.083071 -48.103393 -47.427061 -46.032007 -43.506048 -44.939785 -44.698941 -55.527742 -50.752666 -52.001820 -61.605160 -62.823341 -66.481375 -53.332317 
-16.028558 -20.354072 -29.519032 -30.301308 -27.183045 -22.480958 -18.718879 -21.615799 -24.296509 -21.487634 -22.863477 -21.512787 -19.862099 -14.561996 -8.887949 -7.142177 -9.203008 -12.580819 -19.642813 -32.219282 -37.633163 -36.564402 -29.481132 -32.137340 -37.888347 -32.058042 -29.950643 -37.172140 -36.012168 -38.422257 -31.119714 -32.025052 -32.745903 -42.848909 -41.955480 -41.292696 -49.437862 -52.019499 -56.607914 -41.291491 
-18.977530 -27.699879 -29.600213 -25.636054 -24.985142 -22.324491 -18.834216 -24.697159 -28.031141 -27.275715 -32.203188 -31.427922 -25.800066 -25.374170 -21.218875 -18.161295 -17.325129 -20.101641 -33.224572 -37.044320 -36.932383 -45.962141 -41.041834 -40.625747 -43.490216 -43.635325 -43.656076 -46.461504 -46.880489 -44.697787 -42.805479 -38.645601 -36.129883 -45.454243 -41.747677 -41.017422 -43.566868 -51.991666 -57.407895 -51.898681 
-23.972385 -23.508944 -20.991808 -23.897963 -30.684868 -29.020934 -28.731926 -25.485684 -22.349498 -26.478556 -29.124801 -29.038880 -31.322654 -26.494246 -18.619953 -19.276545 -19.653708 -22.771346 -33.044154 -31.550324 -36.374792 -38.294307 -38.905894 -37.801670 -41.412922 -37.868676 -41.098340 -40.369573 -39.078751 -39.628079 -42.503908 -33.335254 -31.459652 -41.316967 -40.525719 -42.051007 -42.928658 -48.256069 -53.931674 -50.303235 
-11.636015 -1.066312 2.784188 -0.709652 -4.184177 -3.982553 -5.823052 -9.191494 -17.542889 -22.504382 -27.686077 -26.291705 -24.675757 -25.336246 -17.776517 -15.317218 -16.198545 -27.506058 -32.883686 -34.543904 -36.249308 -37.297785 -36.962833 -35.181902 -28.987421 -29.632598 -37.968279 -39.306504 -32.999499 -38.145683 -38.255011 -34.558937 -32.418765 -39.449564 -38.577748 -41.099614 -40.208314 -43.004024 -44.780675 -43.534051 
-7.345031 6.679084 10.342392 5.972137 8.019766 7.109850 2.903822 4.466502 -4.546241 -13.402208 -18.907164 -15.027024 -13.019626 -11.341587 -7.032761 -8.996837 -20.325994 -26.742618 -33.398594 -34.881283 -33.449041 -34.591122 -36.866131 -29.007593 -18.453615 -19.146128 -27.258700 -25.575911 -21.022865 -32.207804 -39.759431 -37.941753 -34.536837 -38.212367 -37.677999 -42.182913 -42.679271 -45.371218 -44.227866 -43.455083 
-8.498359 7.145874 8.825792 4.923922 9.791405 5.231919 8.154906 -3.302126 -4.721682 -15.365390 -14.818311 -11.797077 -11.135984 -6.714763 -3.949802 -9.816699 -24.109330 -28.610226 -30.256401 -35.104531 -36.717151 -35.483486 -32.157899 -27.225838 -16.782609 -17.510728 -29.064496 -25.748871 -18.956695 -28.948911 -38.751333 -37.037416 -25.324999 -33.805217 -33.095712 -37.810482 -42.798236 -47.656062 -44.511685 -44.282046 
-9.990742 6.727217 8.524705 5.246021 9.676858 4.122377 7.801269 -2.018876 -5.791525 -15.837317 -14.518257 -11.039986 -6.893232 -2.280198 -7.802540 -14.138743 -21.695507 -28.139360 -33.568401 -32.331543 -33.743765 -34.454227 -33.008975 -30.453935 -21.293943 -15.217572 -22.663222 -22.016338 -19.178799 -29.546118 -38.702418 -33.981846 -28.235873 -38.809751 -37.405738 -44.507336 -48.539068 -44.761587 -45.086070 -43.796130 
-10.537463 6.066641 8.750467 4.050860 10.536539 4.771740 7.886552 -1.638849 -4.321931 -15.795314 -16.441453 -8.022776 -2.278514 -2.496581 -11.559403 -16.194097 -25.678740 -28.297191 -30.231771 -29.414479 -31.557258 -36.197012 -35.376418 -31.488687 -23.188944 -15.218081 -21.484831 -20.883349 -20.650789 -29.076539 -38.792068 -40.458428 -35.538642 -39.695930 -42.003308 -46.124800 -48.265568 -44.693479 -47.371805 -43.329628 
-8.895174 6.196474 9.621935 3.904645 11.826906 5.513014 7.459802 1.052919 -4.410032 -13.424621 -14.365678 -5.489969 -0.431904 -2.790010 -13.121547 -20.078660 -26.032548 -32.971283 -31.084012 -31.627748 -33.722262 -33.883953 -36.369078 -32.820175 -29.408114 -16.840468 -21.281968 -22.451006 -21.648820 -31.163014 -40.591418 -42.798331 -37.459015 -37.854718 -47.079438 -51.161170 -54.845757 -47.911337 -52.613756 -46.921821 
-12.030496 5.718136 10.401991 4.025499 12.593446 7.451603 6.812334 3.248715 -6.449517 -11.256004 -10.701032 -4.182695 -0.719907 -0.673234 -12.605246 -21.690635 -29.106844 -26.479596 -34.612682 -30.661019 -32.174541 -34.481490 -33.669359 -33.283845 -35.826938 -15.507189 -16.350328 -16.945002 -17.383987 -26.306163 -41.831856 -44.421063 -41.260488 -39.305686 -39.511564 -48.868649 -49.926896 -47.594540 -48.642348 -48.894355 
-17.023592 4.714678 11.267650 4.039732 12.326179 10.674064 5.681390 7.607128 -4.691455 -5.374952 -6.342696 -3.862662 1.355852 -1.885138 -10.241374 -16.605654 -24.538079 -28.546482 -33.561867 -32.379320 -34.627829 -34.885369 -34.657176 -35.842223 -29.486388 -16.656748 -15.947032 -16.294353 -17.102232 -23.877179 -38.462595 -44.693010 -42.295009 -36.725340 -38.586913 -44.709495 -47.205651 -46.769450 -48.230319 -47.603417 
-17.304521 3.774727 11.934810 5.254853 11.268425 13.263993 5.585038 12.103554 0.883805 -0.693911 -5.880298 -2.182464 4.678564 -0.909290 -8.252161 -15.970267 -21.701192 -27.313823 -29.401897 -31.630989 -31.136355 -31.411671 -29.725567 -29.351637 -22.662991 -13.983003 -15.564690 -17.356052 -14.684269 -20.143053 -29.476748 -36.813350 -37.890771 -35.068524 -36.029631 -40.402972 -41.444642 -40.547605 -41.505350 -41.453966 
-15.402379 1.562213 12.149716 7.027680 7.507289 15.090685 6.881376 14.939756 10.811677 5.225305 -0.476518 1.987691 5.367176 6.800665 -7.365804 -13.806100 -16.622289 -24.396016 -27.501525 -28.144136 -31.856026 -29.169227 -27.543953 -27.787859 -20.036678 -9.002430 -10.292855 -12.522814 -10.614599 -15.911687 -26.654759 -33.761387 -34.848307 -38.480748 -42.002264 -46.443895 -50.478469 -43.436571 -42.030152 -42.278486 
-18.681493 -1.813817 11.305990 8.981640 2.727628 13.941572 7.636671 13.852876 18.306577 7.231881 7.172777 3.309292 5.117178 11.952214 4.690479 -5.739028 -14.048283 -20.996672 -26.803509 -23.871650 -22.606817 -22.422190 -23.673614 -21.035135 -15.280706 -4.622650 -4.193699 -7.177358 -3.154824 -12.532040 -21.952971 -29.513386 -31.227416 -40.156894 -41.092906 -48.499315 -51.485635 -44.234432 -43.408213 -43.288761 
-26.544032 -6.092860 10.086774 10.110802 -1.814614 11.154783 7.801824 7.922681 20.375260 8.923371 11.490742 2.957500 9.037804 12.346047 13.096967 -3.192563 -11.054315 -14.071522 -24.675725 -21.403120 -24.026193 -20.986011 -19.923772 -17.766284 -10.988560 -2.311039 -1.455458 -4.319086 0.640876 -6.059414 -18.633562 -28.421013 -30.581140 -36.152441 -41.031096 -48.096674 -57.008087 -42.527155 -45.063170 -49.301720 
-21.958150 -8.578503 8.115427 10.901004 -4.713161 5.980369 9.557409 1.449095 19.310458 13.828258 12.351063 13.077713 12.099357 10.077624 15.535352 5.365077 -7.646343 -10.726985 -15.735433 -19.273969 -19.118662 -18.230125 -18.345826 -16.906110 -10.031774 -0.472270 2.365291 -1.861571 0.133861 -3.949475 -16.991563 -23.451086 -30.869438 -33.645310 -38.937390 -44.117227 -47.229399 -40.932797 -43.885808 -47.285730 
-18.904346 -9.730151 8.207496 12.506854 -0.855392 1.238385 9.996643 0.068201 15.793817 17.365623 10.697090 17.873648 8.182547 12.263112 13.392257 12.680310 -5.147519 -11.943204 -12.896136 -15.806437 -17.038685 -17.280959 -16.574378 -16.203341 -9.844410 -2.104065 2.834231 -1.643649 -1.179611 -2.045038 -13.557183 -23.313056 -31.003353 -33.498710 -37.387524 -40.710925 -41.330298 -39.300078 -38.484112 -40.935091 
-19.681363 -18.590348 5.056905 12.868385 2.391893 -5.608523 9.604080 3.297534 12.069241 20.187630 7.450049 18.799464 10.579480 14.479672 10.001717 15.700976 0.758765 -10.214540 -9.122937 -15.302823 -16.477378 -17.901760 -17.171903 -14.921843 -7.907489 -0.207552 0.693310 -1.284936 -0.329794 -0.408309 -11.914590 -21.936062 -34.115107 -31.920564 -34.000191 -36.882720 -37.398003 -34.907015 -33.202355 -35.689916 
-26.476958 -23.667355 2.875896 12.422360 3.832806 -5.683917 8.870888 4.439487 6.989713 20.538693 7.374211 17.142316 13.622369 13.400753 9.977374 14.693069 5.869356 -8.212382 -9.561132 -13.596588 -20.898459 -16.364546 -16.454116 -16.967404 -9.509213 -3.694161 -0.054277 -1.522883 0.836771 -2.103650 -10.496709 -20.932354 -36.963637 -38.483726 -47.086620 -65.203033 -64.588011 -45.173870 -36.591587 -40.059538 
-19.597431 -25.780519 1.477887 12.077371 3.836919 -10.252447 6.547967 4.999721 2.414060 20.195324 9.609685 15.289614 14.173106 10.808744 11.272909 14.574446 9.726623 -7.353948 -8.758839 -11.412161 -15.480239 -16.756978 -16.499371 -16.808750 -11.660349 -5.020881 -2.222259 -5.077167 -1.350974 -2.052960 -9.079282 -20.295467 -31.923034 -35.576195 -41.109985 -43.768601 -44.201524 -39.442099 -30.793701 -38.477439 
-27.891314 -27.957509 0.157992 11.558192 3.659957 -10.172034 6.684600 3.400979 2.277284 19.630641 9.306131 16.610570 14.279699 10.382345 10.818315 16.649269 11.897841 -2.850813 -9.279983 -11.961412 -16.088126 -15.073214 -16.518343 -12.264926 -11.153679 -5.729306 -4.407084 -6.086243 -3.382263 -2.577102 -10.644803 -22.224935 -32.910400 -36.956342 -47.377421 -59.174571 -58.614086 -45.090934 -31.551509 -38.003204 
-18.037389 -21.954854 2.526755 11.667339 3.143632 -6.641373 6.693992 -0.721992 7.607924 18.457076 7.484920 20.603713 13.319371 11.514518 7.431685 16.323561 9.579896 2.842972 -7.571525 -11.788090 -15.870614 -18.655221 -20.214426 -15.289789 -13.544315 -6.196116 -1.947425 -6.087173 -4.838279 -3.513704 -11.778678 -24.231659 -35.108828 -34.348122 -40.411671 -43.514938 -43.508752 -38.084579 -30.157648 -36.360406 
-21.280527 -15.575536 5.655003 11.560400 -0.873656 -1.558164 7.262527 -3.012298 11.912567 15.149123 13.450786 22.341031 8.668024 8.689991 5.264874 10.125637 9.710694 2.209378 -8.387817 -9.089632 -17.105403 -18.832349 -17.739426 -17.105379 -14.427672 -7.717247 -0.975077 -4.959843 -3.894150 -5.903606 -13.303126 -22.813211 -36.034330 -34.868094 -38.436503 -41.016132 -41.725764 -39.008590 -32.332036 -31.609154 
-21.826391 -10.943319 7.972107 11.344680 -3.277274 2.917655 6.852711 -2.768024 13.600613 8.515671 18.551734 19.229677 4.566000 1.418515 6.741955 6.212171 12.968226 1.806612 -8.014215 -9.977934 -14.444810 -15.570134 -17.279185 -15.119952 -12.038314 -5.785066 -1.419634 -4.358473 -6.495162 -3.898170 -11.582422 -23.536112 -35.780019 -33.447265 -35.287123 -37.174508 -37.479516 -36.684411 -32.171923 -32.149698 
-22.908269 -6.196730 9.547271 10.347211 -5.344412 6.848044 6.478706 2.314241 13.467347 6.869413 20.371378 13.209856 7.920085 5.838277 9.289610 11.042330 10.175809 6.887326 -6.235034 -9.858889 -12.745269 -14.015469 -15.675152 -15.388204 -10.274252 -4.436344 -0.254843 -4.561646 -4.014376 -2.965655 -12.047703 -22.440583 -37.699539 -35.945508 -38.520873 -40.326915 -40.776206 -40.558578 -31.257561 -27.643992 
-22.621489 -2.592472 10.639051 8.116170 1.360422 10.171452 3.805047 3.951275 10.106664 13.383623 17.890139 10.693596 8.677006 7.251841 7.583330 10.436193 12.182151 8.409589 -5.194688 -9.939794 -13.752940 -15.525050 -15.731005 -12.894837 -8.716455 -3.975288 -1.618239 -4.849503 -3.815761 -2.985725 -11.422402 -22.282367 -34.750413 -36.601463 -37.456529 -37.996821 -38.430900 -38.192561 -28.414942 -28.760533 
-19.689406 2.044815 10.385934 3.898278 6.261577 9.948245 4.511667 6.308081 7.306523 15.558598 15.961756 17.294001 7.043930 2.999969 3.742994 9.145853 9.872317 4.378880 -6.455159 -9.635429 -13.572075 -16.705797 -17.853345 -16.600058 -10.639248 -6.202736 -2.794017 -7.469719 -6.351257 -4.717193 -14.228815 -23.663929 -36.431542 -38.089238 -46.304336 -49.566680 -49.971522 -45.594182 -32.641692 -32.310532 
-12.858938 5.300493 9.135009 3.360259 7.185763 3.117078 3.973771 3.654186 9.162294 12.283162 16.978828 11.556707 5.482997 3.210023 1.524614 6.614295 8.127654 3.251137 -8.348524 -10.885250 -14.992816 -16.503271 -19.030680 -20.849762 -15.872366 -5.708868 -6.073514 -8.255469 -6.011644 -5.905464 -12.886338 -22.560217 -31.172815 -33.304982 -35.629081 -36.685485 -37.067981 -36.465973 -30.925163 -32.653022 
-8.682208 6.769553 6.813063 4.326007 5.455078 2.520844 3.077951 4.758109 7.197681 14.903545 12.652345 10.386542 4.659901 0.035616 1.845211 5.736666 6.521686 -0.978016 -15.399870 -13.670712 -18.077152 -20.971660 -20.588828 -19.758383 -18.415901 -5.726892 -5.918064 -9.024060 -7.015132 -8.559779 -18.513226 -24.248736 -36.268035 -36.420374 -46.453686 -59.135595 -59.733810 -41.018334 -32.247538 -39.135973 
-8.676202 6.336638 3.882732 4.881194 2.862377 0.282800 0.357412 2.682892 7.281037 11.623200 11.490590 3.905818 -0.716110 -3.244051 -3.536277 -0.664589 -0.151014 -8.710830 -17.450708 -18.883202 -20.850264 -23.165862 -25.172314 -23.292433 -16.734456 -7.331084 -12.198254 -13.893857 -13.658838 -20.948328 -30.597559 -32.283832 -35.134284 -34.370717 -38.698790 -39.494562 -39.741384 -36.282057 -35.093123 -38.286052 
-8.116561 5.790228 1.861927 5.612194 2.428152 -1.621870 -1.683037 -0.063500 3.007230 7.924231 6.904471 -0.297863 -6.152635 -6.277045 -5.623303 -2.369008 -0.906190 -10.985132 -17.850355 -20.054989 -23.743609 -25.161940 -27.476872 -25.557435 -16.883950 -10.348812 -15.473829 -19.071057 -14.769444 -22.170210 -30.488913 -36.518452 -38.809172 -35.849740 -46.388963 -49.433183 -49.301734 -40.437220 -41.004581 -43.815386 
-4.222713 5.738919 2.043874 5.642646 0.378833 -3.410899 -2.790280 -3.498586 0.879603 8.367055 4.788940 -3.045215 -8.451654 -9.984035 -8.441371 -5.032585 -0.756015 -11.876171 -20.563487 -24.117854 -28.730018 -30.314564 -29.512462 -28.386878 -20.280228 -12.375971 -18.691243 -18.758992 -15.499528 -25.789168 -33.869949 -38.903714 -39.782812 -39.353177 -54.199620 -62.939937 -58.829051 -41.191992 -43.751458 -43.593727 
-3.932272 4.815924 2.144534 4.915617 -2.143866 -5.339964 -2.224976 -6.248562 -0.581246 7.198057 0.116332 -6.722074 -9.533129 -12.551455 -12.499863 -10.653732 -4.381655 -13.532835 -22.572214 -25.780746 -29.547439 -35.866765 -35.614779 -29.143554 -19.029704 -15.404530 -22.731373 -21.253020 -21.677448 -32.160810 -37.617062 -38.604775 -39.338352 -39.601000 -50.662800 -53.376479 -51.444021 -40.571621 -46.596359 -46.104025 
-3.165597 4.456873 1.869539 4.011247 -4.494765 -7.496713 -2.674195 -4.758699 0.503877 6.240279 -1.779794 -7.125169 -10.876885 -11.544135 -14.494534 -10.398984 -6.434134 -17.501735 -27.883885 -29.298061 -34.069236 -36.483546 -33.975066 -28.859357 -18.353750 -17.467210 -25.328539 -25.000489 -27.084797 -37.234893 -38.943602 -37.017494 -41.485550 -42.996607 -52.535021 -55.631242 -53.844335 -42.555159 -48.339334 -48.636234 
-2.984621 3.943813 1.388511 2.648590 -6.328690 -8.503992 -4.428713 -4.851417 0.391051 1.735189 -6.050313 -8.855068 -14.024359 -15.163058 -17.747574 -15.126061 -10.438498 -19.656318 -32.131465 -32.893171 -35.874407 -40.870976 -34.085072 -31.175751 -22.212351 -21.752459 -28.350524 -25.635879 -26.489855 -40.087228 -49.559934 -38.669279 -40.489063 -50.928785 -57.325396 -58.468622 -57.779524 -43.379107 -49.637946 -52.639071 
-3.521198 3.316338 0.606178 0.715025 -7.164162 -11.140511 -6.436554 -6.518657 -6.213899 -8.233966 -10.248665 -12.469247 -23.634123 -24.892456 -26.780336 -25.632702 -17.112229 -27.006449 -35.297798 -37.987578 -41.709162 -42.852496 -37.932486 -32.414359 -27.800016 -34.903795 -35.654178 -28.700924 -28.187589 -44.414324 -45.959363 -39.600518 -42.116091 -50.949130 -58.994641 -59.254758 -60.218153 -47.882665 -53.643270 -55.579213 
-4.606141 2.210757 -0.216306 -2.289709 -7.591639 -11.046845 -12.887136 -9.651487 -17.598791 -17.218240 -14.356108 -20.257729 -22.624624 -27.773151 -27.061258 -30.615505 -28.350415 -27.662028 -35.411202 -37.939406 -44.254685 -45.908808 -48.281355 -38.730824 -33.465273 -44.596962 -45.606582 -35.191314 -39.001525 -52.046471 -53.790216 -45.426360 -49.777619 -53.900590 -56.809501 -55.667249 -58.593694 -53.674013 -54.768867 -58.741957 
-5.867058 -0.088587 -6.254604 -14.116143 -18.825707 -20.065670 -23.034415 -16.580793 -22.514669 -23.508414 -28.370456 -25.891885 -27.623451 -34.707529 -44.014914 -34.937625 -34.111517 -33.880119 -42.967413 -44.059292 -42.890797 -40.896861 -48.541063 -44.617668 -40.217092 -45.209317 -49.643804 -40.416758 -40.202271 -53.277153 -53.162006 -51.216625 -53.008313 -54.725300 -55.782259 -55.763998 -57.198967 -55.752046 -55.540174 -56.601869 
-8.952656 -4.214108 -11.312735 -20.495128 -21.370600 -27.190551 -25.594439 -28.069978 -29.236568 -31.088301 -35.219909 -34.135874 -32.099868 -35.919237 -45.904446 -36.120060 -37.895960 -39.166064 -39.790606 -39.618350 -42.485833 -43.132431 -47.084969 -46.245214 -43.358196 -48.370198 -47.960029 -46.910796 -43.334975 -49.487483 -55.710076 -52.485900 -54.224272 -58.071365 -58.516643 -57.033311 -57.832640 -59.862096 -59.088858 -58.814658 
-15.556300 -10.227871 -16.447609 -27.137347 -30.567789 -35.017268 -34.728051 -36.581436 -37.992807 -31.415299 -38.418204 -42.462915 -39.173352 -38.557634 -42.669348 -40.470528 -41.127777 -40.433861 -41.200795 -40.468277 -41.839028 -44.912214 -46.206133 -41.434678 -40.051629 -44.618520 -49.561797 -42.370949 -39.444751 -46.121906 -52.668245 -54.197970 -53.124655 -55.766448 -59.373224 -55.194016 -54.998145 -54.850047 -53.180552 -52.551115 
-25.711313 -19.350636 -24.584868 -33.735990 -36.066575 -38.239494 -42.506649 -41.285637 -39.124155 -41.479525 -39.572394 -44.031518 -45.414284 -43.150919 -44.818114 -42.026128 -42.551142 -36.090517 -42.706477 -36.763432 -40.097572 -43.677881 -41.202691 -41.895997 -39.936684 -38.931440 -43.252180 -42.384149 -40.416789 -42.564508 -48.803335 -49.068781 -50.178022 -55.104451 -52.287774 -52.548381 -52.543611 -52.974035 -51.519020 -53.243663 
-22.651458 -20.838454 -27.798346 -35.407502 -38.980805 -39.988775 -44.379620 -43.356472 -39.379982 -38.737382 -45.279208 -42.860130 -44.695355 -44.612225 -41.590126 -42.497931 -40.852978 -35.412627 -43.370660 -38.273292 -40.934137 -40.503948 -39.774098 -44.299864 -43.493263 -42.387153 -42.897893 -41.568716 -42.116683 -45.131461 -45.883161 -45.407958 -46.773447 -50.101193 -50.076202 -50.792543 -51.256153 -49.819871 -48.424154 -50.397131 
-22.209073 -21.135293 -30.386848 -39.612964 -38.215761 -39.719136 -41.488898 -38.247654 -38.768209 -40.864826 -43.269800 -38.861809 -37.441304 -40.052924 -43.429851 -44.146281 -42.323261 -38.479738 -42.762662 -40.293454 -40.785292 -46.547717 -43.074583 -45.074360 -38.310774 -41.317392 -41.014450 -39.332443 -39.571572 -43.141902 -43.563533 -45.946396 -45.120759 -50.356306 -49.335327 -50.788813 -48.876789 -49.764339 -48.029816 -52.070559 
-29.173184 -26.131287 -33.010435 -38.312279 -38.196460 -37.413010 -41.210537 -45.893913 -42.794298 -39.660150 -38.709647 -38.386589 -37.946445 -38.151343 -38.416895 -47.624439 -41.092713 -31.363127 -36.499048 -40.449951 -41.030399 -46.969463 -43.819876 -40.153614 -41.486916 -44.267498 -45.057539 -40.304107 -38.879743 -42.533641 -49.306948 -44.512465 -45.255289 -50.727739 -51.256752 -53.381589 -52.879698 -51.022462 -52.002129 -52.587732 
-22.513315 -32.498274 -41.560756 -36.590519 -38.056986 -45.118274 -48.195864 -45.934830 -43.949670 -49.539376 -46.460457 -43.597793 -39.888924 -38.137041 -43.155615 -49.249383 -39.601471 -42.096838 -41.598567 -43.009256 -47.331561 -49.247695 -46.352462 -43.415361 -43.887660 -46.776081 -45.084823 -40.305433 -43.636837 -44.749715 -48.045637 -45.048888 -52.440526 -57.103782 -57.107708 -54.927665 -51.060130 -56.164227 -57.236856 -56.013713 
-24.557855 -31.137494 -29.917485 -37.207234 -37.456207 -43.711539 -37.311219 -36.795534 -39.705454 -45.267257 -47.124620 -48.944718 -39.998571 -41.374666 -46.357241 -42.903996 -35.950610 -38.197048 -39.630600 -45.978195 -48.980636 -48.415997 -49.087694 -45.668586 -44.005495 -44.298896 -45.223434 -41.851226 -42.332387 -49.639749 -52.234128 -51.290712 -57.187435 -57.444286 -60.810454 -61.365468 -57.839646 -56.110827 -58.715665 -62.503943 
-28.194731 -27.885889 -28.864556 -35.290637 -43.884507 -38.432741 -41.472574 -46.177289 -47.476042 -49.319543 -47.690684 -38.168223 -38.017857 -41.203793 -49.193527 -45.779602 -40.721290 -40.691936 -43.860559 -45.787017 -50.047241 -51.583146 -53.069540 -47.891648 -49.921775 -48.327192 -51.413791 -46.347499 -45.004385 -52.250179 -54.184693 -53.862025 -58.099686 -60.622540 -64.867510 -62.758060 -56.801656 -56.863563 -67.073859 -69.968024 
-22.814591 -27.875132 -36.134265 -46.403283 -41.005001 -36.285018 -38.877960 -43.511447 -56.553376 -56.492935 -50.195714 -40.495198 -45.789778 -52.672688 -53.940479 -51.133323 -44.006955 -40.296781 -46.656184 -56.341803 -55.183571 -59.477631 -54.897212 -51.970495 -54.013149 -54.377133 -52.893279 -52.972412 -55.136738 -58.295824 -59.896111 -57.148682 -61.610625 -62.636310 -67.166000 -68.586426 -63.296754 -66.876864 -74.746250 -74.981549 
-23.309885 -30.389760 -39.034641 -42.046739 -38.342363 -41.005951 -46.067220 -46.723913 -49.798710 -49.163945 -46.751892 -44.467230 -47.910188 -54.022034 -58.727688 -56.708366 -50.918064 -45.258682 -50.381155 -57.157744 -59.856876 -54.455158 -54.057141 -56.238423 -61.751848 -61.036711 -57.486085 -55.724359 -58.800030 -63.282569 -66.322122 -63.110630 -64.010996 -68.319367 -68.196007 -69.036906 -65.693024 -72.297014 -77.816595 -72.638373 
-31.040897 -31.869372 -38.040488 -45.352210 -51.438160 -51.154747 -46.850880 -45.330384 -53.126441 -48.897329 -48.110328 -45.429931 -52.427017 -55.459597 -59.996711 -53.136807 -55.201463 -54.133382 -50.858652 -61.164463 -62.864550 -59.634624 -57.008786 -61.292210 -62.164738 -60.608768 -62.770300 -56.837024 -63.988959 -68.298333 -69.206477 -69.312157 -65.584457 -72.469362 -69.407199 -69.550121 -69.430172 -79.942310 -80.273963 -72.840456 
-52.317410 -53.767928 -67.804549 -62.387611 -67.651273 -62.374929 -54.961205 -56.112387 -61.790956 -62.629498 -61.946882 -57.099058 -61.400042 -64.156004 -64.111674 -61.003665 -64.221173 -61.382299 -59.769985 -70.001869 -65.893597 -68.378922 -68.336635 -66.605394 -67.403184 -67.320282 -70.347238 -68.961494 -74.209467 -76.259869 -73.090846 -74.522693 -74.876580 -75.913420 -71.900393 -73.243553 -71.930611 -76.414838 -77.121580 -74.839197 
-55.887120 -67.093606 -66.340835 -61.586896 -61.554782 -65.609124 -60.506090 -58.953730 -64.375463 -65.836521 -66.650367 -65.283772 -64.919597 -68.533114 -74.497432 -68.165216 -70.834734 -67.813120 -65.717193 -74.521673 -75.025641 -73.954074 -70.200770 -77.924347 -76.367289 -69.483025 -74.025829 -70.233476 -74.472118 -79.504865 -79.069894 -78.360317 -76.620911 -77.213548 -74.594329 -77.307958 -73.757319 -75.156979 -76.451875 -76.599935 
-53.597748 -63.312528 -65.252057 -63.436311 -62.956393 -61.597788 -69.685881 -69.286366 -75.048094 -75.136963 -69.050858 -65.904584 -67.217303 -66.887327 -72.093482 -71.248128 -76.401404 -71.714947 -74.864655 -79.759720 -77.625549 -75.093955 -72.786462 -75.808983 -80.011695 -78.255643 -76.583452 -73.109316 -75.395495 -73.539503 -77.334228 -77.769225 -78.324582 -79.864072 -77.594571 -76.285192 -74.014061 -73.060814 -77.141267 -78.918131 
-65.748971 -73.371958 -80.846715 -70.109088 -68.586664 -67.338157 -73.209189 -72.684307 -73.497001 -75.842287 -75.844816 -78.492368 -75.908142 -72.847992 -73.196383 -73.585927 -82.184910 -77.930293 -74.346744 -73.970436 -73.571134 -79.975944 -77.305440 -76.733849 -74.938677 -75.784626 -75.041158 -76.353921 -76.560781 -73.901379 -74.026365 -75.299307 -78.625090 -78.993264 -75.449260 -75.536255 -76.243027 -74.010575 -73.358806 -75.612038 
-62.476242 -88.646765 -76.680018 -73.458788 -72.554347 -74.994315 -72.110155 -76.488929 -78.267338 -76.156887 -73.342510 -75.130416 -71.782018 -72.655361 -72.789621 -76.270167 -76.659637 -78.187246 -79.289154 -73.707591 -72.697393 -74.221347 -76.391705 -72.110634 -72.320439 -77.318745 -74.871485 -74.135975 -78.199615 -75.503023 -77.710938 -74.452206 -80.054179 -78.103142 -74.076629 -78.953782 -75.435986 -75.456226 -75.510494 -76.811247 
-64.177554 -77.626950 -75.061481 -77.168312 -72.841338 -73.683160 -81.620253 -74.112853 -73.886158 -76.846902 -74.590793 -74.380848 -76.541716 -72.885996 -72.057172 -79.699901 -75.844040 -76.681302 -77.414757 -79.942740 -79.629795 -77.734883 -75.606635 -75.745463 -76.755588 -76.823355 -75.663709 -76.878315 -78.711121 -77.601093 -74.243090 -77.845790 -78.918787 -76.231139 -74.202653 -75.561938 -76.036164 -76.295005 -75.337593 -77.439648 
-62.788105 -73.368575 -79.098996 -75.527014 -74.417781 -72.869881 -69.499050 -70.747383 -74.418585 -74.299606 -71.024069 -78.432492 -77.329757 -74.747928 -77.171561 -78.895577 -83.050203 -76.221351 -76.465049 -78.422639 -79.139392 -75.967361 -75.510115 -81.692806 -77.291901 -73.170722 -73.460965 -72.557970 -74.995984 -76.389853 -74.383040 -75.258723 -77.315195 -74.312915 -74.101516 -75.954448 -76.775400 -76.313509 -74.650124 -78.376498 
-65.424529 -79.816125 -81.671106 -81.899507 -80.551076 -73.784854 -71.962898 -77.021985 -79.579015 -74.863309 -76.055504 -79.830625 -75.038120 -71.820449 -76.796475 -74.618338 -79.382307 -76.589719 -75.992572 -74.766775 -74.626622 -78.744854 -77.201569 -75.636719 -75.479416 -76.630718 -75.321436 -76.652745 -77.344988 -77.057147 -76.251073 -76.817737 -76.405351 -75.079921 -77.366708 -78.847117 -76.668872 -76.675302 -75.687120 -80.019590 
-63.836793 -79.854698 -79.306982 -77.636742 -77.974074 -77.490937 -74.678858 -76.121754 -75.814311 -75.305908 -74.421915 -79.369629 -76.746208 -76.817143 -75.390742 -78.178623 -74.421371 -76.203172 -77.611315 -75.912392 -78.816571 -77.174510 -71.847617 -75.522681 -77.899907 -75.933523 -74.202113 -75.152927 -76.248884 -77.859536 -73.174711 -76.832120 -77.999654 -76.682046 -78.695136 -76.492077 -76.242582 -76.455452 -76.956773 -79.737677 
-66.500544 -73.592134 -73.836114 -72.713630 -75.310809 -83.435282 -75.932032 -75.185125 -81.500132 -82.367785 -80.762788 -76.681442 -79.139546 -78.335204 -77.422358 -79.914423 -80.834365 -77.839979 -83.371395 -83.498509 -80.017936 -76.675521 -75.743173 -82.174103 -80.100263 -82.662404 -79.041184 -80.421230 -82.813624 -82.096115 -79.966529 -77.066969 -78.079686 -75.906670 -79.384474 -81.073855 -79.012402 -77.727092 -80.144379 -79.511194 
-92.465608 -92.670553 -93.016349 -93.612770 -94.451222 -95.683220 -97.282694 -99.456413 -102.208965 -103.760831 -102.423188 -99.982215 -98.167104 -97.209741 -97.150355 -98.075724 -100.223962 -103.718545 -106.272378 -103.723559 -100.310464 -98.221991 -97.713794 -99.378314 -103.796576 -103.834666 -100.914556 -103.472037 -112.334389 -110.527072 -105.403359 -98.449539 -97.393108 -96.745853 -98.999934 -101.903710 -99.488764 -97.178715 -99.953414 -99.460151 
NaN NaN NaN NaN NaN NaN NaN NaN NaN NaN NaN NaN NaN NaN NaN NaN NaN NaN NaN NaN NaN NaN NaN NaN NaN NaN NaN NaN NaN NaN NaN NaN NaN NaN NaN NaN NaN NaN NaN NaN 
NaN NaN NaN NaN NaN NaN NaN NaN NaN NaN NaN NaN NaN NaN NaN NaN NaN NaN NaN NaN NaN NaN NaN NaN NaN NaN NaN NaN NaN NaN NaN NaN NaN NaN NaN NaN NaN NaN NaN NaN 
NaN NaN NaN NaN NaN NaN NaN NaN NaN NaN NaN NaN NaN NaN NaN NaN NaN NaN NaN NaN NaN NaN NaN NaN NaN NaN NaN NaN NaN NaN NaN NaN NaN NaN NaN NaN NaN NaN NaN NaN 
NaN NaN NaN NaN NaN NaN NaN NaN NaN NaN NaN NaN NaN NaN NaN NaN NaN NaN NaN NaN NaN NaN NaN NaN NaN NaN NaN NaN NaN NaN NaN NaN NaN NaN NaN NaN NaN NaN NaN NaN 
NaN NaN NaN NaN NaN NaN NaN NaN NaN NaN NaN NaN NaN NaN NaN NaN NaN NaN NaN NaN NaN NaN NaN NaN NaN NaN NaN NaN NaN NaN NaN NaN NaN NaN NaN NaN NaN NaN NaN NaN 
NaN NaN NaN NaN NaN NaN NaN NaN NaN NaN NaN NaN NaN NaN NaN NaN NaN NaN NaN NaN NaN NaN NaN NaN NaN NaN NaN NaN NaN NaN NaN NaN NaN NaN NaN NaN NaN NaN NaN NaN 
NaN NaN NaN NaN NaN NaN NaN NaN NaN NaN NaN NaN NaN NaN NaN NaN NaN NaN NaN NaN NaN NaN NaN NaN NaN NaN NaN NaN NaN NaN NaN NaN NaN NaN NaN NaN NaN NaN NaN NaN 
NaN NaN NaN NaN NaN NaN NaN NaN NaN NaN NaN NaN NaN NaN NaN NaN NaN NaN NaN NaN NaN NaN NaN NaN NaN NaN NaN NaN NaN NaN NaN NaN NaN NaN NaN NaN NaN NaN NaN NaN 
NaN NaN NaN NaN NaN NaN NaN NaN NaN NaN NaN NaN NaN NaN NaN NaN NaN NaN NaN NaN NaN NaN NaN NaN NaN NaN NaN NaN NaN NaN NaN NaN NaN NaN NaN NaN NaN NaN NaN NaN 
NaN NaN NaN NaN NaN NaN NaN NaN NaN NaN NaN NaN NaN NaN NaN NaN NaN NaN NaN NaN NaN NaN NaN NaN NaN NaN NaN NaN NaN NaN NaN NaN NaN NaN NaN NaN NaN NaN NaN NaN 
NaN NaN NaN NaN NaN NaN NaN NaN NaN NaN NaN NaN NaN NaN NaN NaN NaN NaN NaN NaN NaN NaN NaN NaN NaN NaN NaN NaN NaN NaN NaN NaN NaN NaN NaN NaN NaN NaN NaN NaN 
NaN NaN NaN NaN NaN NaN NaN NaN NaN NaN NaN NaN NaN NaN NaN NaN NaN NaN NaN NaN NaN NaN NaN NaN NaN NaN NaN NaN NaN NaN NaN NaN NaN NaN NaN NaN NaN NaN NaN NaN 
NaN NaN NaN NaN NaN NaN NaN NaN NaN NaN NaN NaN NaN NaN NaN NaN NaN NaN NaN NaN NaN NaN NaN NaN NaN NaN NaN NaN NaN NaN NaN NaN NaN NaN NaN NaN NaN NaN NaN NaN 
NaN NaN NaN NaN NaN NaN NaN NaN NaN NaN NaN NaN NaN NaN NaN NaN NaN NaN NaN NaN NaN NaN NaN NaN NaN NaN NaN NaN NaN NaN NaN NaN NaN NaN NaN NaN NaN NaN NaN NaN 
NaN NaN NaN NaN NaN NaN NaN NaN NaN NaN NaN NaN NaN NaN NaN NaN NaN NaN NaN NaN NaN NaN NaN NaN NaN NaN NaN NaN NaN NaN NaN NaN NaN NaN NaN NaN NaN NaN NaN NaN 
NaN NaN NaN NaN NaN NaN NaN NaN NaN NaN NaN NaN NaN NaN NaN NaN NaN NaN NaN NaN NaN NaN NaN NaN NaN NaN NaN NaN NaN NaN NaN NaN NaN NaN NaN NaN NaN NaN NaN NaN 
NaN NaN NaN NaN NaN NaN NaN NaN NaN NaN NaN NaN NaN NaN NaN NaN NaN NaN NaN NaN NaN NaN NaN NaN NaN NaN NaN NaN NaN NaN NaN NaN NaN NaN NaN NaN NaN NaN NaN NaN 
NaN NaN NaN NaN NaN NaN NaN NaN NaN NaN NaN NaN NaN NaN NaN NaN NaN NaN NaN NaN NaN NaN NaN NaN NaN NaN NaN NaN NaN NaN NaN NaN NaN NaN NaN NaN NaN NaN NaN NaN 
NaN NaN NaN NaN NaN NaN NaN NaN NaN NaN NaN NaN NaN NaN NaN NaN NaN NaN NaN NaN NaN NaN NaN NaN NaN NaN NaN NaN NaN NaN NaN NaN NaN NaN NaN NaN NaN NaN NaN NaN 
NaN NaN NaN NaN NaN NaN NaN NaN NaN NaN NaN NaN NaN NaN NaN NaN NaN NaN NaN NaN NaN NaN NaN NaN NaN NaN NaN NaN NaN NaN NaN NaN NaN NaN NaN NaN NaN NaN NaN NaN 
NaN NaN NaN NaN NaN NaN NaN NaN NaN NaN NaN NaN NaN NaN NaN NaN NaN NaN NaN NaN NaN NaN NaN NaN NaN NaN NaN NaN NaN NaN NaN NaN NaN NaN NaN NaN NaN NaN NaN NaN 
NaN NaN NaN NaN NaN NaN NaN NaN NaN NaN NaN NaN NaN NaN NaN NaN NaN NaN NaN NaN NaN NaN NaN NaN NaN NaN NaN NaN NaN NaN NaN NaN NaN NaN NaN NaN NaN NaN NaN NaN 
NaN NaN NaN NaN NaN NaN NaN NaN NaN NaN NaN NaN NaN NaN NaN NaN NaN NaN NaN NaN NaN NaN NaN NaN NaN NaN NaN NaN NaN NaN NaN NaN NaN NaN NaN NaN NaN NaN NaN NaN 
NaN NaN NaN NaN NaN NaN NaN NaN NaN NaN NaN NaN NaN NaN NaN NaN NaN NaN NaN NaN NaN NaN NaN NaN NaN NaN NaN NaN NaN NaN NaN NaN NaN NaN NaN NaN NaN NaN NaN NaN 
NaN NaN NaN NaN NaN NaN NaN NaN NaN NaN NaN NaN NaN NaN NaN NaN NaN NaN NaN NaN NaN NaN NaN NaN NaN NaN NaN NaN NaN NaN NaN NaN NaN NaN NaN NaN NaN NaN NaN NaN 
NaN NaN NaN NaN NaN NaN NaN NaN NaN NaN NaN NaN NaN NaN NaN NaN NaN NaN NaN NaN NaN NaN NaN NaN NaN NaN NaN NaN NaN NaN NaN NaN NaN NaN NaN NaN NaN NaN NaN NaN 
NaN NaN NaN NaN NaN NaN NaN NaN NaN NaN NaN NaN NaN NaN NaN NaN NaN NaN NaN NaN NaN NaN NaN NaN NaN NaN NaN NaN NaN NaN NaN NaN NaN NaN NaN NaN NaN NaN NaN NaN 
NaN NaN NaN NaN NaN NaN NaN NaN NaN NaN NaN NaN NaN NaN NaN NaN NaN NaN NaN NaN NaN NaN NaN NaN NaN NaN NaN NaN NaN NaN NaN NaN NaN NaN NaN NaN NaN NaN NaN NaN 
NaN NaN NaN NaN NaN NaN NaN NaN NaN NaN NaN NaN NaN NaN NaN NaN NaN NaN NaN NaN NaN NaN NaN NaN NaN NaN NaN NaN NaN NaN NaN NaN NaN NaN NaN NaN NaN NaN NaN NaN 
NaN NaN NaN NaN NaN NaN NaN NaN NaN NaN NaN NaN NaN NaN NaN NaN NaN NaN NaN NaN NaN NaN NaN NaN NaN NaN NaN NaN NaN NaN NaN NaN NaN NaN NaN NaN NaN NaN NaN NaN 
NaN NaN NaN NaN NaN NaN NaN NaN NaN NaN NaN NaN NaN NaN NaN NaN NaN NaN NaN NaN NaN NaN NaN NaN NaN NaN NaN NaN NaN NaN NaN NaN NaN NaN NaN NaN NaN NaN NaN NaN 
NaN NaN NaN NaN NaN NaN NaN NaN NaN NaN NaN NaN NaN NaN NaN NaN NaN NaN NaN NaN NaN NaN NaN NaN NaN NaN NaN NaN NaN NaN NaN NaN NaN NaN NaN NaN NaN NaN NaN NaN 
NaN NaN NaN NaN NaN NaN NaN NaN NaN NaN NaN NaN NaN NaN NaN NaN NaN NaN NaN NaN NaN NaN NaN NaN NaN NaN NaN NaN NaN NaN NaN NaN NaN NaN NaN NaN NaN NaN NaN NaN 
NaN NaN NaN NaN NaN NaN NaN NaN NaN NaN NaN NaN NaN NaN NaN NaN NaN NaN NaN NaN NaN NaN NaN NaN NaN NaN NaN NaN NaN NaN NaN NaN NaN NaN NaN NaN NaN NaN NaN NaN 
NaN NaN NaN NaN NaN NaN NaN NaN NaN NaN NaN NaN NaN NaN NaN NaN NaN NaN NaN NaN NaN NaN NaN NaN NaN NaN NaN NaN NaN NaN NaN NaN NaN NaN NaN NaN NaN NaN NaN NaN 
NaN NaN NaN NaN NaN NaN NaN NaN NaN NaN NaN NaN NaN NaN NaN NaN NaN NaN NaN NaN NaN NaN NaN NaN NaN NaN NaN NaN NaN NaN NaN NaN NaN NaN NaN NaN NaN NaN NaN NaN 
NaN NaN NaN NaN NaN NaN NaN NaN NaN NaN NaN NaN NaN NaN NaN NaN NaN NaN NaN NaN NaN NaN NaN NaN NaN NaN NaN NaN NaN NaN NaN NaN NaN NaN NaN NaN NaN NaN NaN NaN 
NaN NaN NaN NaN NaN NaN NaN NaN NaN NaN NaN NaN NaN NaN NaN NaN NaN NaN NaN NaN NaN NaN NaN NaN NaN NaN NaN NaN NaN NaN NaN NaN NaN NaN NaN NaN NaN NaN NaN NaN 
NaN NaN NaN NaN NaN NaN NaN NaN NaN NaN NaN NaN NaN NaN NaN NaN NaN NaN NaN NaN NaN NaN NaN NaN NaN NaN NaN NaN NaN NaN NaN NaN NaN NaN NaN NaN NaN NaN NaN NaN 
NaN NaN NaN NaN NaN NaN NaN NaN NaN NaN NaN NaN NaN NaN NaN NaN NaN NaN NaN NaN NaN NaN NaN NaN NaN NaN NaN NaN NaN NaN NaN NaN NaN NaN NaN NaN NaN NaN NaN NaN 
NaN NaN NaN NaN NaN NaN NaN NaN NaN NaN NaN NaN NaN NaN NaN NaN NaN NaN NaN NaN NaN NaN NaN NaN NaN NaN NaN NaN NaN NaN NaN NaN NaN NaN NaN NaN NaN NaN NaN NaN 
NaN NaN NaN NaN NaN NaN NaN NaN NaN NaN NaN NaN NaN NaN NaN NaN NaN NaN NaN NaN NaN NaN NaN NaN NaN NaN NaN NaN NaN NaN NaN NaN NaN NaN NaN NaN NaN NaN NaN NaN 
NaN NaN NaN NaN NaN NaN NaN NaN NaN NaN NaN NaN NaN NaN NaN NaN NaN NaN NaN NaN NaN NaN NaN NaN NaN NaN NaN NaN NaN NaN NaN NaN NaN NaN NaN NaN NaN NaN NaN NaN 
NaN NaN NaN NaN NaN NaN NaN NaN NaN NaN NaN NaN NaN NaN NaN NaN NaN NaN NaN NaN NaN NaN NaN NaN NaN NaN NaN NaN NaN NaN NaN NaN NaN NaN NaN NaN NaN NaN NaN NaN 
NaN NaN NaN NaN NaN NaN NaN NaN NaN NaN NaN NaN NaN NaN NaN NaN NaN NaN NaN NaN NaN NaN NaN NaN NaN NaN NaN NaN NaN NaN NaN NaN NaN NaN NaN NaN NaN NaN NaN NaN 
NaN NaN NaN NaN NaN NaN NaN NaN NaN NaN NaN NaN NaN NaN NaN NaN NaN NaN NaN NaN NaN NaN NaN NaN NaN NaN NaN NaN NaN NaN NaN NaN NaN NaN NaN NaN NaN NaN NaN NaN 
NaN NaN NaN NaN NaN NaN NaN NaN NaN NaN NaN NaN NaN NaN NaN NaN NaN NaN NaN NaN NaN NaN NaN NaN NaN NaN NaN NaN NaN NaN NaN NaN NaN NaN NaN NaN NaN NaN NaN NaN 
NaN NaN NaN NaN NaN NaN NaN NaN NaN NaN NaN NaN NaN NaN NaN NaN NaN NaN NaN NaN NaN NaN NaN NaN NaN NaN NaN NaN NaN NaN NaN NaN NaN NaN NaN NaN NaN NaN NaN NaN 
NaN NaN NaN NaN NaN NaN NaN NaN NaN NaN NaN NaN NaN NaN NaN NaN NaN NaN NaN NaN NaN NaN NaN NaN NaN NaN NaN NaN NaN NaN NaN NaN NaN NaN NaN NaN NaN NaN NaN NaN 
NaN NaN NaN NaN NaN NaN NaN NaN NaN NaN NaN NaN NaN NaN NaN NaN NaN NaN NaN NaN NaN NaN NaN NaN NaN NaN NaN NaN NaN NaN NaN NaN NaN NaN NaN NaN NaN NaN NaN NaN 
NaN NaN NaN NaN NaN NaN NaN NaN NaN NaN NaN NaN NaN NaN NaN NaN NaN NaN NaN NaN NaN NaN NaN NaN NaN NaN NaN NaN NaN NaN NaN NaN NaN NaN NaN NaN NaN NaN NaN NaN 
NaN NaN NaN NaN NaN NaN NaN NaN NaN NaN NaN NaN NaN NaN NaN NaN NaN NaN NaN NaN NaN NaN NaN NaN NaN NaN NaN NaN NaN NaN NaN NaN NaN NaN NaN NaN NaN NaN NaN NaN 
NaN NaN NaN NaN NaN NaN NaN NaN NaN NaN NaN NaN NaN NaN NaN NaN NaN NaN NaN NaN NaN NaN NaN NaN NaN NaN NaN NaN NaN NaN NaN NaN NaN NaN NaN NaN NaN NaN NaN NaN 
NaN NaN NaN NaN NaN NaN NaN NaN NaN NaN NaN NaN NaN NaN NaN NaN NaN NaN NaN NaN NaN NaN NaN NaN NaN NaN NaN NaN NaN NaN NaN NaN NaN NaN NaN NaN NaN NaN NaN NaN 
NaN NaN NaN NaN NaN NaN NaN NaN NaN NaN NaN NaN NaN NaN NaN NaN NaN NaN NaN NaN NaN NaN NaN NaN NaN NaN NaN NaN NaN NaN NaN NaN NaN NaN NaN NaN NaN NaN NaN NaN 
NaN NaN NaN NaN NaN NaN NaN NaN NaN NaN NaN NaN NaN NaN NaN NaN NaN NaN NaN NaN NaN NaN NaN NaN NaN NaN NaN NaN NaN NaN NaN NaN NaN NaN NaN NaN NaN NaN NaN NaN 
NaN NaN NaN NaN NaN NaN NaN NaN NaN NaN NaN NaN NaN NaN NaN NaN NaN NaN NaN NaN NaN NaN NaN NaN NaN NaN NaN NaN NaN NaN NaN NaN NaN NaN NaN NaN NaN NaN NaN NaN 
NaN NaN NaN NaN NaN NaN NaN NaN NaN NaN NaN NaN NaN NaN NaN NaN NaN NaN NaN NaN NaN NaN NaN NaN NaN NaN NaN NaN NaN NaN NaN NaN NaN NaN NaN NaN NaN NaN NaN NaN 
NaN NaN NaN NaN NaN NaN NaN NaN NaN NaN NaN NaN NaN NaN NaN NaN NaN NaN NaN NaN NaN NaN NaN NaN NaN NaN NaN NaN NaN NaN NaN NaN NaN NaN NaN NaN NaN NaN NaN NaN 
NaN NaN NaN NaN NaN NaN NaN NaN NaN NaN NaN NaN NaN NaN NaN NaN NaN NaN NaN NaN NaN NaN NaN NaN NaN NaN NaN NaN NaN NaN NaN NaN NaN NaN NaN NaN NaN NaN NaN NaN 
NaN NaN NaN NaN NaN NaN NaN NaN NaN NaN NaN NaN NaN NaN NaN NaN NaN NaN NaN NaN NaN NaN NaN NaN NaN NaN NaN NaN NaN NaN NaN NaN NaN NaN NaN NaN NaN NaN NaN NaN 
NaN NaN NaN NaN NaN NaN NaN NaN NaN NaN NaN NaN NaN NaN NaN NaN NaN NaN NaN NaN NaN NaN NaN NaN NaN NaN NaN NaN NaN NaN NaN NaN NaN NaN NaN NaN NaN NaN NaN NaN 
NaN NaN NaN NaN NaN NaN NaN NaN NaN NaN NaN NaN NaN NaN NaN NaN NaN NaN NaN NaN NaN NaN NaN NaN NaN NaN NaN NaN NaN NaN NaN NaN NaN NaN NaN NaN NaN NaN NaN NaN 
NaN NaN NaN NaN NaN NaN NaN NaN NaN NaN NaN NaN NaN NaN NaN NaN NaN NaN NaN NaN NaN NaN NaN NaN NaN NaN NaN NaN NaN NaN NaN NaN NaN NaN NaN NaN NaN NaN NaN NaN 
NaN NaN NaN NaN NaN NaN NaN NaN NaN NaN NaN NaN NaN NaN NaN NaN NaN NaN NaN NaN NaN NaN NaN NaN NaN NaN NaN NaN NaN NaN NaN NaN NaN NaN NaN NaN NaN NaN NaN NaN 
NaN NaN NaN NaN NaN NaN NaN NaN NaN NaN NaN NaN NaN NaN NaN NaN NaN NaN NaN NaN NaN NaN NaN NaN NaN NaN NaN NaN NaN NaN NaN NaN NaN NaN NaN NaN NaN NaN NaN NaN 
NaN NaN NaN NaN NaN NaN NaN NaN NaN NaN NaN NaN NaN NaN NaN NaN NaN NaN NaN NaN NaN NaN NaN NaN NaN NaN NaN NaN NaN NaN NaN NaN NaN NaN NaN NaN NaN NaN NaN NaN 
NaN NaN NaN NaN NaN NaN NaN NaN NaN NaN NaN NaN NaN NaN NaN NaN NaN NaN NaN NaN NaN NaN NaN NaN NaN NaN NaN NaN NaN NaN NaN NaN NaN NaN NaN NaN NaN NaN NaN NaN 
NaN NaN NaN NaN NaN NaN NaN NaN NaN NaN NaN NaN NaN NaN NaN NaN NaN NaN NaN NaN NaN NaN NaN NaN NaN NaN NaN NaN NaN NaN NaN NaN NaN NaN NaN NaN NaN NaN NaN NaN 
NaN NaN NaN NaN NaN NaN NaN NaN NaN NaN NaN NaN NaN NaN NaN NaN NaN NaN NaN NaN NaN NaN NaN NaN NaN NaN NaN NaN NaN NaN NaN NaN NaN NaN NaN NaN NaN NaN NaN NaN 
NaN NaN NaN NaN NaN NaN NaN NaN NaN NaN NaN NaN NaN NaN NaN NaN NaN NaN NaN NaN NaN NaN NaN NaN NaN NaN NaN NaN NaN NaN NaN NaN NaN NaN NaN NaN NaN NaN NaN NaN 
NaN NaN NaN NaN NaN NaN NaN NaN NaN NaN NaN NaN NaN NaN NaN NaN NaN NaN NaN NaN NaN NaN NaN NaN NaN NaN NaN NaN NaN NaN NaN NaN NaN NaN NaN NaN NaN NaN NaN NaN 
NaN NaN NaN NaN NaN NaN NaN NaN NaN NaN NaN NaN NaN NaN NaN NaN NaN NaN NaN NaN NaN NaN NaN NaN NaN NaN NaN NaN NaN NaN NaN NaN NaN NaN NaN NaN NaN NaN NaN NaN 
NaN NaN NaN NaN NaN NaN NaN NaN NaN NaN NaN NaN NaN NaN NaN NaN NaN NaN NaN NaN NaN NaN NaN NaN NaN NaN NaN NaN NaN NaN NaN NaN NaN NaN NaN NaN NaN NaN NaN NaN 
NaN NaN NaN NaN NaN NaN NaN NaN NaN NaN NaN NaN NaN NaN NaN NaN NaN NaN NaN NaN NaN NaN NaN NaN NaN NaN NaN NaN NaN NaN NaN NaN NaN NaN NaN NaN NaN NaN NaN NaN 
NaN NaN NaN NaN NaN NaN NaN NaN NaN NaN NaN NaN NaN NaN NaN NaN NaN NaN NaN NaN NaN NaN NaN NaN NaN NaN NaN NaN NaN NaN NaN NaN NaN NaN NaN NaN NaN NaN NaN NaN 
NaN NaN NaN NaN NaN NaN NaN NaN NaN NaN NaN NaN NaN NaN NaN NaN NaN NaN NaN NaN NaN NaN NaN NaN NaN NaN NaN NaN NaN NaN NaN NaN NaN NaN NaN NaN NaN NaN NaN NaN 
