NaN NaN NaN NaN NaN NaN NaN NaN NaN NaN NaN NaN NaN NaN NaN NaN NaN NaN NaN NaN NaN NaN NaN NaN NaN NaN NaN NaN NaN NaN NaN NaN NaN NaN NaN NaN NaN NaN NaN NaN 
NaN NaN NaN NaN NaN NaN NaN NaN NaN NaN NaN NaN NaN NaN NaN NaN NaN NaN NaN NaN NaN NaN NaN NaN NaN NaN NaN NaN NaN NaN NaN NaN NaN NaN NaN NaN NaN NaN NaN NaN 
NaN NaN NaN NaN NaN NaN NaN NaN NaN NaN NaN NaN NaN NaN NaN NaN NaN NaN NaN NaN NaN NaN NaN NaN NaN NaN NaN NaN NaN NaN NaN NaN NaN NaN NaN NaN NaN NaN NaN NaN 
NaN NaN NaN NaN NaN NaN NaN NaN NaN NaN NaN NaN NaN NaN NaN NaN NaN NaN NaN NaN NaN NaN NaN NaN NaN NaN NaN NaN NaN NaN NaN NaN NaN NaN NaN NaN NaN NaN NaN NaN 
NaN NaN NaN NaN NaN NaN NaN NaN NaN NaN NaN NaN NaN NaN NaN NaN NaN NaN NaN NaN NaN NaN NaN NaN NaN NaN NaN NaN NaN NaN NaN NaN NaN NaN NaN NaN NaN NaN NaN NaN 
NaN NaN NaN NaN NaN NaN NaN NaN NaN NaN NaN NaN NaN NaN NaN NaN NaN NaN NaN NaN NaN NaN NaN NaN NaN NaN NaN NaN NaN NaN NaN NaN NaN NaN NaN NaN NaN NaN NaN NaN 
NaN NaN NaN NaN NaN NaN NaN NaN NaN NaN NaN NaN NaN NaN NaN NaN NaN NaN NaN NaN NaN NaN NaN NaN NaN NaN NaN NaN NaN NaN NaN NaN NaN NaN NaN NaN NaN NaN NaN NaN 
NaN NaN NaN NaN NaN NaN NaN NaN NaN NaN NaN NaN NaN NaN NaN NaN NaN NaN NaN NaN NaN NaN NaN NaN NaN NaN NaN NaN NaN NaN NaN NaN NaN NaN NaN NaN NaN NaN NaN NaN 
NaN NaN NaN NaN NaN NaN NaN NaN NaN NaN NaN NaN NaN NaN NaN NaN NaN NaN NaN NaN NaN NaN NaN NaN NaN NaN NaN NaN NaN NaN NaN NaN NaN NaN NaN NaN NaN NaN NaN NaN 
NaN NaN NaN NaN NaN NaN NaN NaN NaN NaN NaN NaN NaN NaN NaN NaN NaN NaN NaN NaN NaN NaN NaN NaN NaN NaN NaN NaN NaN NaN NaN NaN NaN NaN NaN NaN NaN NaN NaN NaN 
NaN NaN NaN NaN NaN NaN NaN NaN NaN NaN NaN NaN NaN NaN NaN NaN NaN NaN NaN NaN NaN NaN NaN NaN NaN NaN NaN NaN NaN NaN NaN NaN NaN NaN NaN NaN NaN NaN NaN NaN 
NaN NaN NaN NaN NaN NaN NaN NaN NaN NaN NaN NaN NaN NaN NaN NaN NaN NaN NaN NaN NaN NaN NaN NaN NaN NaN NaN NaN NaN NaN NaN NaN NaN NaN NaN NaN NaN NaN NaN NaN 
NaN NaN NaN NaN NaN NaN NaN NaN NaN NaN NaN NaN NaN NaN NaN NaN NaN NaN NaN NaN NaN NaN NaN NaN NaN NaN NaN NaN NaN NaN NaN NaN NaN NaN NaN NaN NaN NaN NaN NaN 
NaN NaN NaN NaN NaN NaN NaN NaN NaN NaN NaN NaN NaN NaN NaN NaN NaN NaN NaN NaN NaN NaN NaN NaN NaN NaN NaN NaN NaN NaN NaN NaN NaN NaN NaN NaN NaN NaN NaN NaN 
NaN NaN NaN NaN NaN NaN NaN NaN NaN NaN NaN NaN NaN NaN NaN NaN NaN NaN NaN NaN NaN NaN NaN NaN NaN NaN NaN NaN NaN NaN NaN NaN NaN NaN NaN NaN NaN NaN NaN NaN 
NaN NaN NaN NaN NaN NaN NaN NaN NaN NaN NaN NaN NaN NaN NaN NaN NaN NaN NaN NaN NaN NaN NaN NaN NaN NaN NaN NaN NaN NaN NaN NaN NaN NaN NaN NaN NaN NaN NaN NaN 
NaN NaN NaN NaN NaN NaN NaN NaN NaN NaN NaN NaN NaN NaN NaN NaN NaN NaN NaN NaN NaN NaN NaN NaN NaN NaN NaN NaN NaN NaN NaN NaN NaN NaN NaN NaN NaN NaN NaN NaN 
NaN NaN NaN NaN NaN NaN NaN NaN NaN NaN NaN NaN NaN NaN NaN NaN NaN NaN NaN NaN NaN NaN NaN NaN NaN NaN NaN NaN NaN NaN NaN NaN NaN NaN NaN NaN NaN NaN NaN NaN 
NaN NaN NaN NaN NaN NaN NaN NaN NaN NaN NaN NaN NaN NaN NaN NaN NaN NaN NaN NaN NaN NaN NaN NaN NaN NaN NaN NaN NaN NaN NaN NaN NaN NaN NaN NaN NaN NaN NaN NaN 
NaN NaN NaN NaN NaN NaN NaN NaN NaN NaN NaN NaN NaN NaN NaN NaN NaN NaN NaN NaN NaN NaN NaN NaN NaN NaN NaN NaN NaN NaN NaN NaN NaN NaN NaN NaN NaN NaN NaN NaN 
NaN NaN NaN NaN NaN NaN NaN NaN NaN NaN NaN NaN NaN NaN NaN NaN NaN NaN NaN NaN NaN NaN NaN NaN NaN NaN NaN NaN NaN NaN NaN NaN NaN NaN NaN NaN NaN NaN NaN NaN 
NaN NaN NaN NaN NaN NaN NaN NaN NaN NaN NaN NaN NaN NaN NaN NaN NaN NaN NaN NaN NaN NaN NaN NaN NaN NaN NaN NaN NaN NaN NaN NaN NaN NaN NaN NaN NaN NaN NaN NaN 
NaN NaN NaN NaN NaN NaN NaN NaN NaN NaN NaN NaN NaN NaN NaN NaN NaN NaN NaN NaN NaN NaN NaN NaN NaN NaN NaN NaN NaN NaN NaN NaN NaN NaN NaN NaN NaN NaN NaN NaN 
NaN NaN NaN NaN NaN NaN NaN NaN NaN NaN NaN NaN NaN NaN NaN NaN NaN NaN NaN NaN NaN NaN NaN NaN NaN NaN NaN NaN NaN NaN NaN NaN NaN NaN NaN NaN NaN NaN NaN NaN 
NaN NaN NaN NaN NaN NaN NaN NaN NaN NaN NaN NaN NaN NaN NaN NaN NaN NaN NaN NaN NaN NaN NaN NaN NaN NaN NaN NaN NaN NaN NaN NaN NaN NaN NaN NaN NaN NaN NaN NaN 
NaN NaN NaN NaN NaN NaN NaN NaN NaN NaN NaN NaN NaN NaN NaN NaN NaN NaN NaN NaN NaN NaN NaN NaN NaN NaN NaN NaN NaN NaN NaN NaN NaN NaN NaN NaN NaN NaN NaN NaN 
NaN NaN NaN NaN NaN NaN NaN NaN NaN NaN NaN NaN NaN NaN NaN NaN NaN NaN NaN NaN NaN NaN NaN NaN NaN NaN NaN NaN NaN NaN NaN NaN NaN NaN NaN NaN NaN NaN NaN NaN 
NaN NaN NaN NaN NaN NaN NaN NaN NaN NaN NaN NaN NaN NaN NaN NaN NaN NaN NaN NaN NaN NaN NaN NaN NaN NaN NaN NaN NaN NaN NaN NaN NaN NaN NaN NaN NaN NaN NaN NaN 
NaN NaN NaN NaN NaN NaN NaN NaN NaN NaN NaN NaN NaN NaN NaN NaN NaN NaN NaN NaN NaN NaN NaN NaN NaN NaN NaN NaN NaN NaN NaN NaN NaN NaN NaN NaN NaN NaN NaN NaN 
NaN NaN NaN NaN NaN NaN NaN NaN NaN NaN NaN NaN NaN NaN NaN NaN NaN NaN NaN NaN NaN NaN NaN NaN NaN NaN NaN NaN NaN NaN NaN NaN NaN NaN NaN NaN NaN NaN NaN NaN 
NaN NaN NaN NaN NaN NaN NaN NaN NaN NaN NaN NaN NaN NaN NaN NaN NaN NaN NaN NaN NaN NaN NaN NaN NaN NaN NaN NaN NaN NaN NaN NaN NaN NaN NaN NaN NaN NaN NaN NaN 
NaN NaN NaN NaN NaN NaN NaN NaN NaN NaN NaN NaN NaN NaN NaN NaN NaN NaN NaN NaN NaN NaN NaN NaN NaN NaN NaN NaN NaN NaN NaN NaN NaN NaN NaN NaN NaN NaN NaN NaN 
NaN NaN NaN NaN NaN NaN NaN NaN NaN NaN NaN NaN NaN NaN NaN NaN NaN NaN NaN NaN NaN NaN NaN NaN NaN NaN NaN NaN NaN NaN NaN NaN NaN NaN NaN NaN NaN NaN NaN NaN 
NaN NaN NaN NaN NaN NaN NaN NaN NaN NaN NaN NaN NaN NaN NaN NaN NaN NaN NaN NaN NaN NaN NaN NaN NaN NaN NaN NaN NaN NaN NaN NaN NaN NaN NaN NaN NaN NaN NaN NaN 
NaN NaN NaN NaN NaN NaN NaN NaN NaN NaN NaN NaN NaN NaN NaN NaN NaN NaN NaN NaN NaN NaN NaN NaN NaN NaN NaN NaN NaN NaN NaN NaN NaN NaN NaN NaN NaN NaN NaN NaN 
NaN NaN NaN NaN NaN NaN NaN NaN NaN NaN NaN NaN NaN NaN NaN NaN NaN NaN NaN NaN NaN NaN NaN NaN NaN NaN NaN NaN NaN NaN NaN NaN NaN NaN NaN NaN NaN NaN NaN NaN 
NaN NaN NaN NaN NaN NaN NaN NaN NaN NaN NaN NaN NaN NaN NaN NaN NaN NaN NaN NaN NaN NaN NaN NaN NaN NaN NaN NaN NaN NaN NaN NaN NaN NaN NaN NaN NaN NaN NaN NaN 
NaN NaN NaN NaN NaN NaN NaN NaN NaN NaN NaN NaN NaN NaN NaN NaN NaN NaN NaN NaN NaN NaN NaN NaN NaN NaN NaN NaN NaN NaN NaN NaN NaN NaN NaN NaN NaN NaN NaN NaN 
NaN NaN NaN NaN NaN NaN NaN NaN NaN NaN NaN NaN NaN NaN NaN NaN NaN NaN NaN NaN NaN NaN NaN NaN NaN NaN NaN NaN NaN NaN NaN NaN NaN NaN NaN NaN NaN NaN NaN NaN 
NaN NaN NaN NaN NaN NaN NaN NaN NaN NaN NaN NaN NaN NaN NaN NaN NaN NaN NaN NaN NaN NaN NaN NaN NaN NaN NaN NaN NaN NaN NaN NaN NaN NaN NaN NaN NaN NaN NaN NaN 
NaN NaN NaN NaN NaN NaN NaN NaN NaN NaN NaN NaN NaN NaN NaN NaN NaN NaN NaN NaN NaN NaN NaN NaN NaN NaN NaN NaN NaN NaN NaN NaN NaN NaN NaN NaN NaN NaN NaN NaN 
NaN NaN NaN NaN NaN NaN NaN NaN NaN NaN NaN NaN NaN NaN NaN NaN NaN NaN NaN NaN NaN NaN NaN NaN NaN NaN NaN NaN NaN NaN NaN NaN NaN NaN NaN NaN NaN NaN NaN NaN 
NaN NaN NaN NaN NaN NaN NaN NaN NaN NaN NaN NaN NaN NaN NaN NaN NaN NaN NaN NaN NaN NaN NaN NaN NaN NaN NaN NaN NaN NaN NaN NaN NaN NaN NaN NaN NaN NaN NaN NaN 
NaN NaN NaN NaN NaN NaN NaN NaN NaN NaN NaN NaN NaN NaN NaN NaN NaN NaN NaN NaN NaN NaN NaN NaN NaN NaN NaN NaN NaN NaN NaN NaN NaN NaN NaN NaN NaN NaN NaN NaN 
NaN NaN NaN NaN NaN NaN NaN NaN NaN NaN NaN NaN NaN NaN NaN NaN NaN NaN NaN NaN NaN NaN NaN NaN NaN NaN NaN NaN NaN NaN NaN NaN NaN NaN NaN NaN NaN NaN NaN NaN 
NaN NaN NaN NaN NaN NaN NaN NaN NaN NaN NaN NaN NaN NaN NaN NaN NaN NaN NaN NaN NaN NaN NaN NaN NaN NaN NaN NaN NaN NaN NaN NaN NaN NaN NaN NaN NaN NaN NaN NaN 
NaN NaN NaN NaN NaN NaN NaN NaN NaN NaN NaN NaN NaN NaN NaN NaN NaN NaN NaN NaN NaN NaN NaN NaN NaN NaN NaN NaN NaN NaN NaN NaN NaN NaN NaN NaN NaN NaN NaN NaN 
NaN NaN NaN NaN NaN NaN NaN NaN NaN NaN NaN NaN NaN NaN NaN NaN NaN NaN NaN NaN NaN NaN NaN NaN NaN NaN NaN NaN NaN NaN NaN NaN NaN NaN NaN NaN NaN NaN NaN NaN 
NaN NaN NaN NaN NaN NaN NaN NaN NaN NaN NaN NaN NaN NaN NaN NaN NaN NaN NaN NaN NaN NaN NaN NaN NaN NaN NaN NaN NaN NaN NaN NaN NaN NaN NaN NaN NaN NaN NaN NaN 
NaN NaN NaN NaN NaN NaN NaN NaN NaN NaN NaN NaN NaN NaN NaN NaN NaN NaN NaN NaN NaN NaN NaN NaN NaN NaN NaN NaN NaN NaN NaN NaN NaN NaN NaN NaN NaN NaN NaN NaN 
NaN NaN NaN NaN NaN NaN NaN NaN NaN NaN NaN NaN NaN NaN NaN NaN NaN NaN NaN NaN NaN NaN NaN NaN NaN NaN NaN NaN NaN NaN NaN NaN NaN NaN NaN NaN NaN NaN NaN NaN 
NaN NaN NaN NaN NaN NaN NaN NaN NaN NaN NaN NaN NaN NaN NaN NaN NaN NaN NaN NaN NaN NaN NaN NaN NaN NaN NaN NaN NaN NaN NaN NaN NaN NaN NaN NaN NaN NaN NaN NaN 
NaN NaN NaN NaN NaN NaN NaN NaN NaN NaN NaN NaN NaN NaN NaN NaN NaN NaN NaN NaN NaN NaN NaN NaN NaN NaN NaN NaN NaN NaN NaN NaN NaN NaN NaN NaN NaN NaN NaN NaN 
NaN NaN NaN NaN NaN NaN NaN NaN NaN NaN NaN NaN NaN NaN NaN NaN NaN NaN NaN NaN NaN NaN NaN NaN NaN NaN NaN NaN NaN NaN NaN NaN NaN NaN NaN NaN NaN NaN NaN NaN 
NaN NaN NaN NaN NaN NaN NaN NaN NaN NaN NaN NaN NaN NaN NaN NaN NaN NaN NaN NaN NaN NaN NaN NaN NaN NaN NaN NaN NaN NaN NaN NaN NaN NaN NaN NaN NaN NaN NaN NaN 
NaN NaN NaN NaN NaN NaN NaN NaN NaN NaN NaN NaN NaN NaN NaN NaN NaN NaN NaN NaN NaN NaN NaN NaN NaN NaN NaN NaN NaN NaN NaN NaN NaN NaN NaN NaN NaN NaN NaN NaN 
NaN NaN NaN NaN NaN NaN NaN NaN NaN NaN NaN NaN NaN NaN NaN NaN NaN NaN NaN NaN NaN NaN NaN NaN NaN NaN NaN NaN NaN NaN NaN NaN NaN NaN NaN NaN NaN NaN NaN NaN 
NaN NaN NaN NaN NaN NaN NaN NaN NaN NaN NaN NaN NaN NaN NaN NaN NaN NaN NaN NaN NaN NaN NaN NaN NaN NaN NaN NaN NaN NaN NaN NaN NaN NaN NaN NaN NaN NaN NaN NaN 
NaN NaN NaN NaN NaN NaN NaN NaN NaN NaN NaN NaN NaN NaN NaN NaN NaN NaN NaN NaN NaN NaN NaN NaN NaN NaN NaN NaN NaN NaN NaN NaN NaN NaN NaN NaN NaN NaN NaN NaN 
NaN NaN NaN NaN NaN NaN NaN NaN NaN NaN NaN NaN NaN NaN NaN NaN NaN NaN NaN NaN NaN NaN NaN NaN NaN NaN NaN NaN NaN NaN NaN NaN NaN NaN NaN NaN NaN NaN NaN NaN 
NaN NaN NaN NaN NaN NaN NaN NaN NaN NaN NaN NaN NaN NaN NaN NaN NaN NaN NaN NaN NaN NaN NaN NaN NaN NaN NaN NaN NaN NaN NaN NaN NaN NaN NaN NaN NaN NaN NaN NaN 
NaN NaN NaN NaN NaN NaN NaN NaN NaN NaN NaN NaN NaN NaN NaN NaN NaN NaN NaN NaN NaN NaN NaN NaN NaN NaN NaN NaN NaN NaN NaN NaN NaN NaN NaN NaN NaN NaN NaN NaN 
NaN NaN NaN NaN NaN NaN NaN NaN NaN NaN NaN NaN NaN NaN NaN NaN NaN NaN NaN NaN NaN NaN NaN NaN NaN NaN NaN NaN NaN NaN NaN NaN NaN NaN NaN NaN NaN NaN NaN NaN 
NaN NaN NaN NaN NaN NaN NaN NaN NaN NaN NaN NaN NaN NaN NaN NaN NaN NaN NaN NaN NaN NaN NaN NaN NaN NaN NaN NaN NaN NaN NaN NaN NaN NaN NaN NaN NaN NaN NaN NaN 
NaN NaN NaN NaN NaN NaN NaN NaN NaN NaN NaN NaN NaN NaN NaN NaN NaN NaN NaN NaN NaN NaN NaN NaN NaN NaN NaN NaN NaN NaN NaN NaN NaN NaN NaN NaN NaN NaN NaN NaN 
NaN NaN NaN NaN NaN NaN NaN NaN NaN NaN NaN NaN NaN NaN NaN NaN NaN NaN NaN NaN NaN NaN NaN NaN NaN NaN NaN NaN NaN NaN NaN NaN NaN NaN NaN NaN NaN NaN NaN NaN 
NaN NaN NaN NaN NaN NaN NaN NaN NaN NaN NaN NaN NaN NaN NaN NaN NaN NaN NaN NaN NaN NaN NaN NaN NaN NaN NaN NaN NaN NaN NaN NaN NaN NaN NaN NaN NaN NaN NaN NaN 
NaN NaN NaN NaN NaN NaN NaN NaN NaN NaN NaN NaN NaN NaN NaN NaN NaN NaN NaN NaN NaN NaN NaN NaN NaN NaN NaN NaN NaN NaN NaN NaN NaN NaN NaN NaN NaN NaN NaN NaN 
NaN NaN NaN NaN NaN NaN NaN NaN NaN NaN NaN NaN NaN NaN NaN NaN NaN NaN NaN NaN NaN NaN NaN NaN NaN NaN NaN NaN NaN NaN NaN NaN NaN NaN NaN NaN NaN NaN NaN NaN 
NaN NaN NaN NaN NaN NaN NaN NaN NaN NaN NaN NaN NaN NaN NaN NaN NaN NaN NaN NaN NaN NaN NaN NaN NaN NaN NaN NaN NaN NaN NaN NaN NaN NaN NaN NaN NaN NaN NaN NaN 
NaN NaN NaN NaN NaN NaN NaN NaN NaN NaN NaN NaN NaN NaN NaN NaN NaN NaN NaN NaN NaN NaN NaN NaN NaN NaN NaN NaN NaN NaN NaN NaN NaN NaN NaN NaN NaN NaN NaN NaN 
NaN NaN NaN NaN NaN NaN NaN NaN NaN NaN NaN NaN NaN NaN NaN NaN NaN NaN NaN NaN NaN NaN NaN NaN NaN NaN NaN NaN NaN NaN NaN NaN NaN NaN NaN NaN NaN NaN NaN NaN 
NaN NaN NaN NaN NaN NaN NaN NaN NaN NaN NaN NaN NaN NaN NaN NaN NaN NaN NaN NaN NaN NaN NaN NaN NaN NaN NaN NaN NaN NaN NaN NaN NaN NaN NaN NaN NaN NaN NaN NaN 
NaN NaN NaN NaN NaN NaN NaN NaN NaN NaN NaN NaN NaN NaN NaN NaN NaN NaN NaN NaN NaN NaN NaN NaN NaN NaN NaN NaN NaN NaN NaN NaN NaN NaN NaN NaN NaN NaN NaN NaN 
NaN NaN NaN NaN NaN NaN NaN NaN NaN NaN NaN NaN NaN NaN NaN NaN NaN NaN NaN NaN NaN NaN NaN NaN NaN NaN NaN NaN NaN NaN NaN NaN NaN NaN NaN NaN NaN NaN NaN NaN 
NaN NaN NaN NaN NaN NaN NaN NaN NaN NaN NaN NaN NaN NaN NaN NaN NaN NaN NaN NaN NaN NaN NaN NaN NaN NaN NaN NaN NaN NaN NaN NaN NaN NaN NaN NaN NaN NaN NaN NaN 
NaN NaN NaN NaN NaN NaN NaN NaN NaN NaN NaN NaN NaN NaN NaN NaN NaN NaN NaN NaN NaN NaN NaN NaN NaN NaN NaN NaN NaN NaN NaN NaN NaN NaN NaN NaN NaN NaN NaN NaN 
NaN NaN NaN NaN NaN NaN NaN NaN NaN NaN NaN NaN NaN NaN NaN NaN NaN NaN NaN NaN NaN NaN NaN NaN NaN NaN NaN NaN NaN NaN NaN NaN NaN NaN NaN NaN NaN NaN NaN NaN 
NaN NaN NaN NaN NaN NaN NaN NaN NaN NaN NaN NaN NaN NaN NaN NaN NaN NaN NaN NaN NaN NaN NaN NaN NaN NaN NaN NaN NaN NaN NaN NaN NaN NaN NaN NaN NaN NaN NaN NaN 
NaN NaN NaN NaN NaN NaN NaN NaN NaN NaN NaN NaN NaN NaN NaN NaN NaN NaN NaN NaN NaN NaN NaN NaN NaN NaN NaN NaN NaN NaN NaN NaN NaN NaN NaN NaN NaN NaN NaN NaN 
NaN NaN NaN NaN NaN NaN NaN NaN NaN NaN NaN NaN NaN NaN NaN NaN NaN NaN NaN NaN NaN NaN NaN NaN NaN NaN NaN NaN NaN NaN NaN NaN NaN NaN NaN NaN NaN NaN NaN NaN 
NaN NaN NaN NaN NaN NaN NaN NaN NaN NaN NaN NaN NaN NaN NaN NaN NaN NaN NaN NaN NaN NaN NaN NaN NaN NaN NaN NaN NaN NaN NaN NaN NaN NaN NaN NaN NaN NaN NaN NaN 
NaN NaN NaN NaN NaN NaN NaN NaN NaN NaN NaN NaN NaN NaN NaN NaN NaN NaN NaN NaN NaN NaN NaN NaN NaN NaN NaN NaN NaN NaN NaN NaN NaN NaN NaN NaN NaN NaN NaN NaN 
NaN NaN NaN NaN NaN NaN NaN NaN NaN NaN NaN NaN NaN NaN NaN NaN NaN NaN NaN NaN NaN NaN NaN NaN NaN NaN NaN NaN NaN NaN NaN NaN NaN NaN NaN NaN NaN NaN NaN NaN 
-77.045956 -78.165093 -80.083453 -83.291585 -86.942303 -88.778902 -89.580239 -93.490161 -101.141375 -91.820863 -88.923336 -91.008342 -98.140538 -104.864845 -103.300452 -94.916524 -94.904661 -94.840736 -91.549736 -95.623934 -94.871346 -99.427625 -103.505334 -95.126750 -93.475228 -94.569319 -91.527616 -93.393988 -99.865613 -98.002102 -98.335097 -95.507636 -94.297913 -93.240871 -93.144034 -90.909444 -93.938358 -94.862535 -98.869983 -99.310615 
-55.769797 -64.803271 -68.975636 -69.549567 -74.141700 -70.203366 -70.460894 -77.717441 -83.888501 -73.592676 -75.242396 -73.569181 -75.981447 -80.327817 -82.900824 -76.211180 -74.642586 -77.770191 -75.891624 -78.039043 -79.689941 -78.101470 -83.117501 -75.246763 -74.213789 -75.263022 -73.225255 -75.267377 -81.024480 -79.113155 -77.610409 -76.075571 -75.512970 -76.180550 -73.884440 -74.691924 -76.906572 -76.594321 -76.723014 -80.056232 
-55.270430 -80.159880 -79.303470 -71.433965 -71.341398 -74.782294 -72.631839 -81.468976 -86.831256 -72.364162 -73.539949 -74.011733 -76.509911 -75.784450 -76.225874 -70.700444 -71.127992 -72.163602 -74.576062 -71.904501 -74.661288 -73.094536 -74.101781 -70.580099 -73.129255 -75.415056 -74.905302 -77.757838 -74.147421 -75.203213 -74.987307 -74.267649 -73.620172 -75.692190 -73.793105 -74.868142 -74.442752 -73.305426 -72.672923 -73.492574 
-55.678271 -80.007249 -76.599435 -77.916618 -78.795175 -77.396289 -74.736039 -78.976926 -83.186092 -77.009375 -74.641953 -76.070348 -72.186286 -77.466507 -73.677961 -68.847315 -69.678584 -69.371265 -74.356673 -72.476212 -74.444136 -74.016218 -73.707578 -73.328994 -80.746387 -76.881093 -74.624668 -75.656535 -75.617903 -72.708817 -75.831946 -73.887415 -73.208988 -73.761511 -74.792972 -75.633491 -73.663818 -75.633015 -73.552385 -73.941934 
-40.640025 -40.309414 -42.113489 -44.550675 -48.095471 -51.141856 -51.273538 -51.765436 -54.522857 -55.581956 -56.916489 -56.809376 -58.424237 -60.074901 -63.552408 -61.781220 -62.826107 -65.330851 -64.970406 -66.792555 -66.342933 -68.033072 -67.822681 -67.770753 -67.167631 -66.730212 -68.651504 -68.737015 -68.586326 -71.849390 -73.137501 -71.245285 -70.429281 -67.905734 -69.155103 -71.206390 -70.852655 -71.787778 -70.762393 -72.104718 
-24.135193 -25.318488 -30.022164 -35.097560 -38.960696 -45.010357 -44.691667 -44.080939 -48.132208 -47.828215 -48.609698 -47.820912 -51.646443 -53.117741 -59.027909 -54.393691 -55.839598 -56.704259 -57.117105 -58.723686 -60.062737 -61.471823 -59.956623 -61.211491 -60.671638 -60.023652 -61.404930 -62.145335 -60.615357 -62.753095 -66.164900 -67.960472 -64.004933 -64.638836 -64.298554 -64.244076 -63.579479 -65.782613 -67.140046 -68.925499 
-19.275576 -25.129633 -30.641302 -39.335999 -47.809173 -48.206560 -49.944957 -49.668134 -43.625053 -47.012405 -51.864861 -44.247574 -43.780837 -45.538270 -54.767571 -60.353858 -57.038763 -52.744482 -54.150649 -54.528799 -55.081452 -57.920382 -57.479971 -59.445001 -64.970714 -61.171359 -64.361171 -67.729037 -61.524449 -65.589164 -63.868552 -62.164219 -59.780366 -64.681770 -63.743858 -65.391024 -66.021119 -64.683857 -64.418785 -68.571915 
-18.919814 -21.073109 -32.906640 -44.456406 -45.294099 -44.404256 -51.239465 -51.264801 -42.461832 -42.408861 -44.711627 -39.845779 -37.334915 -40.548167 -46.402161 -51.927291 -48.055722 -50.118327 -48.334412 -54.198557 -54.157152 -56.739789 -61.397326 -57.783830 -57.587037 -62.491189 -63.324124 -59.968144 -56.806088 -58.633303 -62.935988 -62.877506 -64.584495 -61.432766 -62.139682 -64.048912 -67.014550 -60.957164 -61.177717 -63.189036 
-29.562269 -29.104279 -32.730944 -30.907169 -32.550407 -37.046430 -35.074959 -34.664535 -26.966464 -27.712958 -31.521420 -27.361268 -27.635119 -28.879583 -33.671024 -39.109493 -35.210207 -34.724953 -33.966582 -39.214115 -39.488255 -39.980208 -37.619566 -40.174920 -43.271335 -48.771095 -53.865876 -48.457115 -48.344242 -51.941011 -54.943253 -53.834319 -56.117716 -54.013861 -56.228599 -56.406918 -58.221149 -52.513840 -53.238251 -53.309870 
-24.305429 -19.342221 -17.590107 -15.928422 -22.960356 -32.963386 -33.952187 -30.865986 -26.741007 -18.830662 -21.384352 -23.805517 -14.500784 -22.109592 -29.415995 -30.097046 -26.551079 -24.833901 -30.443631 -30.688341 -33.773767 -33.692543 -33.402371 -27.517121 -29.137828 -38.278409 -39.338464 -36.748774 -36.851779 -40.831591 -44.035394 -46.509757 -49.111869 -48.222430 -48.650358 -50.878047 -53.658603 -44.988661 -44.230961 -48.470941 
-15.869508 -20.037430 -20.246260 -16.257736 -29.379910 -27.233737 -30.238646 -27.398896 -19.383818 -15.490335 -16.906726 -16.209846 -10.299776 -12.771535 -16.102973 -22.180012 -18.246977 -15.100803 -20.028178 -18.276802 -25.134972 -33.356280 -29.734176 -21.764700 -22.992735 -27.162747 -29.390406 -28.303284 -25.429688 -31.913301 -37.777847 -40.726785 -39.677157 -39.772004 -39.802243 -41.899925 -40.881002 -34.234861 -33.261624 -40.681133 
-15.113309 -16.356770 -19.553932 -14.194886 -15.522181 -20.192283 -23.540822 -22.722408 -27.839203 -14.349145 -8.519020 -17.397063 -1.450244 -4.369363 -13.222606 -11.126031 -13.261550 -12.319179 -13.971442 -13.121068 -22.370670 -21.434985 -17.755808 -20.135045 -18.344333 -22.908196 -24.246519 -24.092276 -23.275983 -27.276266 -34.577917 -37.831037 -34.386596 -31.571783 -31.532538 -35.762512 -34.120042 -30.173297 -27.241415 -32.927632 
-18.600136 -24.483984 -20.745700 -15.185285 -18.046814 -17.052864 -20.944882 -20.879175 -15.936035 -4.083443 -3.933052 -2.227345 3.275431 3.118920 -1.187726 -9.438458 -7.156794 -6.308632 -7.841788 -13.788582 -18.937534 -19.287378 -20.705161 -15.354676 -15.932916 -21.915149 -22.971808 -22.352492 -19.723431 -23.078839 -29.808153 -34.815328 -30.085478 -27.946817 -31.406795 -32.864718 -30.115739 -26.229517 -22.902174 -28.665274 
-16.680648 -9.730445 -8.046718 -9.015142 -20.109660 -19.606471 -19.508727 -15.416209 -12.338889 -2.622871 -4.021115 2.662508 8.098954 2.245721 -5.725821 -1.612242 -4.138027 -1.806981 -7.717907 -17.151979 -20.243061 -18.340833 -17.302525 -8.296480 -7.786428 -14.592708 -21.407760 -24.358750 -18.042287 -23.501932 -29.311620 -35.299470 -24.677867 -24.795996 -29.692487 -30.225713 -28.717636 -22.718504 -21.327348 -26.367471 
-14.458042 -9.081890 -8.634480 -5.735601 -9.701864 -18.846979 -19.468919 -20.566491 -9.588327 -0.129324 -2.496880 -3.112384 7.653269 6.617754 -2.641319 -0.775845 -2.790554 2.055275 -2.662739 -13.856508 -18.367339 -20.418957 -17.063454 -3.699608 -5.823613 -13.794385 -25.438722 -28.708627 -15.438766 -20.324383 -28.020240 -33.451611 -28.806712 -24.160952 -27.332228 -31.299024 -24.764797 -15.269497 -19.364043 -23.643066 
-17.616603 -12.511454 -13.610843 -14.123711 -20.927992 -23.094935 -24.269760 -20.559301 -15.394645 -10.189773 -10.300859 -4.624694 2.815672 5.585807 1.692439 -7.799018 -9.875874 -7.482461 -9.074195 -13.756167 -20.468252 -18.307708 -12.786775 -2.693812 -7.481392 -12.291026 -25.531877 -25.844231 -19.401181 -20.091740 -29.858193 -31.872480 -26.604055 -22.259694 -23.337057 -32.654291 -24.049194 -15.043844 -19.517679 -23.676805 
-8.845981 1.988889 1.909758 -0.377915 -6.521000 -9.399294 -13.551631 -10.520078 -9.091631 -2.267865 -0.416481 7.484039 11.244024 6.744180 0.727419 0.413407 0.782617 -5.403690 -7.323027 -16.325455 -16.064907 -14.831319 -13.527591 -6.222305 -7.325560 -16.443479 -22.112542 -20.053525 -18.878898 -20.673854 -30.000904 -28.730905 -26.820502 -25.486772 -21.788307 -32.510548 -23.933243 -14.738761 -18.725895 -24.262816 
-6.532061 11.416230 18.849822 15.510855 4.748373 3.395919 5.858168 6.535607 7.752650 10.165530 8.712444 14.796710 15.087946 14.090834 9.152182 10.576929 10.941764 2.782202 -3.300121 -9.553167 -14.942529 -15.335941 -8.874908 -5.173944 -8.584014 -12.794106 -16.398385 -18.556337 -13.415262 -19.603782 -31.351539 -28.203763 -26.330337 -26.664495 -28.079447 -42.121170 -32.999432 -19.065824 -19.889462 -27.286420 
-0.269051 13.787196 21.238140 15.240111 8.252536 11.971353 5.708900 11.794561 7.624566 14.653651 17.558763 23.408279 20.023552 19.468956 16.660192 17.954749 13.597088 4.000760 -1.587131 -5.757390 -7.425177 -7.492527 -5.237499 0.796014 -1.794522 -6.596595 -10.467199 -11.361736 -10.246673 -11.246195 -26.121335 -23.389896 -21.597157 -23.529841 -31.498724 -42.925144 -36.692861 -23.987476 -26.038035 -29.604145 
-13.321919 7.266396 17.317334 10.814875 7.108361 11.998659 1.482596 7.975306 3.543149 14.817683 12.579862 23.322382 19.391412 17.130462 17.620931 17.605534 12.379661 1.375803 -0.377216 -6.179084 -8.366549 -8.939100 -6.807599 0.020864 1.888906 -3.489730 -8.364360 -7.327514 -6.721183 -13.374904 -24.203090 -26.149033 -25.220618 -27.967130 -33.899438 -38.790862 -38.265424 -30.861394 -30.824572 -33.739294 
-15.960092 3.140269 14.503197 9.730392 3.112410 10.909560 1.346780 5.202551 4.829080 13.798587 12.828405 23.439179 18.135734 16.434277 15.965976 16.825342 14.463907 2.869280 -4.370675 -9.586105 -8.938385 -7.341260 -5.266344 1.609391 1.911370 -3.731384 -6.811713 -6.660606 -6.066398 -13.212206 -24.106542 -23.880930 -24.351033 -27.534648 -28.094850 -28.695207 -29.075800 -27.884059 -28.257187 -29.309387 
-18.539867 0.480413 13.132475 9.657715 0.283028 10.612375 3.484813 2.708848 5.277346 10.309900 13.404639 21.547572 20.631850 13.349228 14.377833 17.067020 13.834324 6.334348 -1.114448 -5.773525 -8.425671 -9.390188 -5.314023 -0.060535 0.128598 -9.221954 -10.164629 -9.490039 -6.962295 -14.386821 -31.208936 -26.492601 -23.900182 -31.055978 -33.291182 -40.060527 -44.759555 -31.128910 -32.330746 -39.230396 
-19.483333 -2.774705 11.985331 10.556227 -4.168495 8.622975 5.896231 0.911955 6.761629 4.569377 14.726238 17.922431 22.131111 8.447054 11.829134 16.517303 11.673372 7.365631 -4.742273 -9.100184 -9.788274 -8.551547 -4.175488 0.339169 -3.096580 -14.756743 -14.119360 -9.431185 -5.609142 -13.611350 -34.309039 -30.924661 -27.501108 -31.179394 -35.766512 -42.523606 -47.129702 -30.026172 -30.968784 -39.392160 
-25.891942 -5.170413 10.810722 11.159182 -7.212600 7.958866 7.798611 -5.038102 7.169234 3.384316 17.776767 16.106213 22.953057 12.930382 13.868811 13.207185 11.605977 11.268878 -3.254203 -9.277056 -10.685710 -9.415715 -4.912276 -0.021641 -5.414474 -16.365638 -15.759621 -12.314435 -5.111023 -12.173094 -30.825629 -28.817725 -26.157553 -31.291105 -34.350846 -38.497836 -38.764700 -26.953198 -26.121596 -32.235775 
-16.354245 -6.025439 10.863154 12.851661 -3.183786 8.986489 10.730688 -1.606221 10.251204 5.798229 21.014845 13.445452 18.763242 10.673229 12.540985 8.517414 8.729327 13.817344 -0.360036 -7.435729 -8.734113 -8.741741 -3.905193 0.027008 -3.210059 -15.414462 -24.133789 -17.841856 -6.002323 -8.496630 -28.651362 -28.325321 -24.429532 -30.129188 -33.243674 -35.803697 -35.786075 -28.737223 -25.087390 -29.736665 
-17.302661 -7.028588 12.080973 13.969528 -0.978764 11.009104 13.080917 1.439744 13.287815 8.667329 22.284265 14.125411 8.748150 5.442436 7.586165 5.744390 8.844505 15.088166 4.306724 -4.102290 -5.090024 -8.381394 -3.855326 2.259126 -1.097755 -15.415612 -17.790606 -15.549517 -9.978106 -10.724469 -28.799428 -24.610192 -20.528517 -27.084997 -32.839634 -41.284847 -39.818296 -25.339093 -26.601253 -31.496651 
-17.970981 -5.276608 12.568959 15.220346 -0.687699 10.066967 14.559239 8.699357 15.261682 8.348903 19.993166 12.985919 5.881858 0.433607 3.620967 1.384221 5.405711 13.234374 3.837098 -6.338761 -9.253321 -13.849532 -7.767522 -0.722788 -4.969141 -14.618491 -15.630697 -14.612615 -12.215438 -13.378048 -27.549346 -25.234851 -20.375425 -26.618475 -33.281516 -39.860909 -37.666009 -24.550668 -27.212841 -31.557075 
-6.612553 2.720278 14.383605 13.697258 7.399789 9.420850 9.050237 11.048666 11.733841 2.143404 9.359519 4.689363 0.044570 -5.208207 -2.532591 -8.072542 -4.316632 5.696293 1.080547 -8.437922 -15.319106 -18.899177 -13.196024 -7.110216 -11.452065 -17.412017 -21.927865 -20.679769 -19.891265 -18.152276 -30.217882 -33.326833 -30.358683 -36.033947 -37.986941 -41.233583 -41.775930 -34.661724 -36.812508 -39.516892 
-7.248123 3.627804 14.694829 13.111223 2.119064 -3.132871 1.368277 -0.164154 -10.686210 -14.772656 -6.736057 -7.164021 -10.186516 -17.473919 -20.609911 -17.974002 -15.068951 -9.230886 -15.149474 -21.255756 -22.041714 -22.276996 -23.965316 -24.681845 -26.990309 -26.244498 -28.236794 -28.634885 -24.167037 -24.376192 -33.145213 -40.534977 -37.958924 -39.795050 -44.935074 -47.241873 -46.080140 -40.410051 -46.709440 -47.006372 
-11.450073 4.517663 15.198477 10.817636 -1.870097 0.661739 -4.585882 -13.273324 -12.582965 -18.467415 -5.799691 -10.251406 -16.571315 -22.955158 -20.979881 -21.747488 -18.379848 -14.855100 -24.595671 -28.788919 -27.308349 -31.691640 -30.096263 -26.898016 -29.208507 -37.921233 -42.713198 -45.708054 -44.168684 -43.289950 -51.137045 -55.457732 -52.815328 -50.104247 -49.337997 -49.742758 -49.370386 -42.583733 -51.276379 -61.388539 
-17.871810 4.235158 12.615745 4.852055 -6.309635 -9.610540 -14.343656 -22.084207 -23.713177 -23.352629 -10.675119 -14.639881 -16.489935 -22.425119 -27.994607 -28.446224 -25.186674 -23.596915 -28.760546 -36.730410 -40.783280 -42.498597 -41.949553 -39.116442 -43.818920 -47.059677 -52.067713 -52.116215 -49.688487 -48.423591 -51.330187 -51.119728 -56.131170 -53.766025 -51.391557 -47.010337 -43.698074 -43.047906 -44.737183 -46.661257 
-11.468664 3.011795 8.017042 -0.507298 -11.584732 -20.357259 -24.996589 -24.907889 -19.316641 -15.390541 -13.356426 -19.763649 -34.504499 -28.016729 -32.498584 -29.419815 -25.406883 -30.767506 -34.353899 -36.564725 -38.605020 -45.640196 -44.420477 -42.825047 -46.096772 -47.452760 -52.084057 -52.049556 -47.732519 -46.448717 -49.099833 -50.414436 -54.228658 -51.336289 -49.976467 -45.368483 -41.758329 -41.001145 -42.845084 -45.707759 
-20.162813 -4.767876 -2.627229 -10.992331 -20.955125 -25.871807 -29.127317 -31.247275 -21.624345 -17.906014 -22.359087 -28.577090 -35.452507 -35.672005 -34.120553 -40.347052 -31.846625 -33.167905 -34.816690 -45.624243 -50.788622 -60.590774 -55.398672 -51.301895 -55.815100 -59.163594 -62.117318 -63.944679 -61.808344 -60.526188 -63.637585 -65.943791 -65.408050 -66.134392 -66.926204 -63.920767 -60.958688 -60.924079 -61.532616 -63.828282 
-20.475154 -23.174996 -17.420140 -24.888330 -29.320021 -33.975264 -40.620606 -40.875032 -23.227998 -19.253066 -30.744973 -30.178598 -39.617527 -42.786600 -39.841769 -40.119748 -36.599169 -34.426542 -36.302192 -48.186837 -55.034734 -56.187727 -56.270135 -54.281267 -57.389433 -62.237304 -62.477725 -62.555937 -62.854012 -62.159722 -63.075621 -65.053094 -63.941481 -63.260230 -62.301570 -61.209089 -66.408687 -64.401338 -66.111614 -64.243209 
-22.588973 -24.881421 -20.267169 -28.592363 -38.330300 -41.887064 -49.004111 -50.622563 -29.967182 -25.438662 -37.098670 -46.327108 -49.829461 -45.474645 -41.800814 -42.907291 -34.799855 -34.176064 -41.433258 -56.902859 -56.679728 -58.677333 -61.884186 -55.464334 -63.813881 -81.082077 -75.960607 -74.548473 -63.374746 -64.165338 -66.102696 -70.302043 -64.325432 -63.888413 -71.188157 -63.279474 -66.102956 -70.195149 -70.472892 -68.215473 
-20.243015 -24.754465 -21.831233 -29.325622 -51.543202 -56.480275 -46.147225 -44.743601 -36.625614 -31.100167 -38.469566 -45.089620 -48.306777 -47.794981 -45.738869 -45.011536 -40.158177 -40.801772 -46.842677 -64.532530 -67.289436 -61.108926 -62.393987 -54.558777 -61.167737 -76.190552 -80.966502 -74.579747 -65.011549 -64.725298 -67.723076 -80.827559 -71.906646 -68.012559 -77.686051 -76.200524 -71.458748 -75.400769 -72.268415 -71.532600 
-24.924745 -28.853233 -23.660140 -30.302304 -47.952208 -53.600792 -48.193830 -43.757244 -39.580725 -39.939133 -42.565617 -45.887461 -46.766131 -50.070703 -47.028893 -44.069906 -45.534113 -46.167557 -43.426940 -49.978828 -44.251190 -49.005890 -52.214766 -49.113641 -49.833065 -52.781832 -53.965785 -52.680720 -53.034642 -57.598588 -58.514998 -53.420999 -53.671615 -55.655415 -58.473148 -56.985401 -53.857113 -55.917319 -59.256602 -58.612065 
-14.539079 -10.590723 -13.036103 -13.536198 -10.905157 -7.375849 -6.632759 -9.794196 -16.277949 -15.828925 -10.907910 -9.199387 -11.368480 -15.949845 -13.080145 -9.958922 -17.308824 -22.988960 -15.205023 -13.607852 -13.225470 -11.529015 -15.527962 -18.459702 -16.394444 -13.830036 -12.679467 -11.401315 -9.999005 -15.229817 -18.993428 -16.772273 -21.335110 -25.251734 -22.431606 -21.946321 -21.351992 -24.924722 -28.482292 -28.468756 
2.723557 8.613588 10.100671 9.942843 5.599590 2.971657 5.202573 1.094216 -8.975908 -5.724234 -4.235173 -5.063999 -7.378157 -11.563230 -7.746409 -4.728178 -10.151495 -7.598193 -2.645576 -4.488048 -11.712623 -7.966397 -10.804556 -13.330426 -13.119805 -12.988102 -11.086484 -8.430826 -5.889501 -7.116219 -10.549303 -8.531664 -18.494147 -19.380591 -15.205302 -14.471834 -12.594309 -17.936871 -19.259146 -16.794243 
4.695501 13.177038 20.577715 15.480548 16.507256 17.821822 18.084443 20.042660 10.352453 5.527154 -3.393734 -5.937710 -3.894134 -5.463321 -4.898681 -7.823375 -4.719837 5.660917 7.304344 -0.873370 -12.591397 -12.202459 -4.966230 -2.232489 -16.262249 -19.225561 -17.622116 -11.159335 -7.636233 -14.984587 -18.825344 -20.708804 -28.491405 -27.930816 -31.452817 -24.831511 -21.780097 -28.235262 -29.708980 -28.915464 
3.491322 14.029882 21.684498 13.616752 18.806003 17.696328 16.260105 25.079487 16.984106 13.225691 2.270650 -1.002349 0.900698 -2.572106 -2.544095 -2.388173 2.129781 7.337190 3.112993 -2.612890 -11.388287 -14.634937 -7.471611 -0.917451 -13.959485 -17.851213 -16.617202 -6.505915 -5.263399 -15.414463 -20.464224 -31.240242 -38.622248 -38.749533 -39.378528 -29.982701 -18.532363 -20.996323 -29.755820 -32.216184 
-1.888112 14.875551 20.823516 13.081872 18.681461 15.575010 14.723335 17.702798 20.519492 19.225820 4.026928 3.966096 4.705611 2.682298 1.712220 3.748199 9.754433 9.480566 -2.337142 -4.433467 -11.069156 -10.457109 -9.461844 -4.751852 -15.452513 -20.843476 -17.212652 -12.404528 -15.038368 -26.441012 -27.424082 -34.000661 -39.442858 -40.679659 -40.648177 -31.521719 -21.574976 -19.383258 -26.660559 -31.456294 
-4.337277 15.119552 19.494900 11.954300 18.744358 13.049984 10.780628 10.362328 23.575634 20.740891 13.330549 12.075675 9.238765 6.304164 2.916872 6.111765 12.661361 5.399927 -5.348128 -7.695037 -10.525641 -10.061841 -9.276557 -9.759384 -20.380515 -20.331633 -15.146709 -12.611645 -19.031389 -31.111948 -32.777272 -33.011922 -42.679579 -52.460441 -52.552523 -33.357737 -25.798884 -22.170402 -28.833340 -36.859269 
-3.133410 14.946556 18.165396 10.662324 17.423133 9.133230 7.920675 8.181179 19.623284 15.770861 16.731532 11.232568 7.685621 3.906305 1.598454 5.286313 8.178296 -3.407743 -3.576876 -11.368728 -9.477181 -8.656993 -1.679744 -4.364702 -14.113834 -16.266270 -13.683929 -10.332283 -15.559901 -23.769107 -25.415237 -26.802426 -27.636884 -28.260094 -28.847733 -27.689692 -26.068268 -20.136813 -22.920910 -29.365806 
-1.917087 14.897085 16.851153 11.462592 15.806248 6.300124 6.601169 9.615559 13.769406 18.260250 18.225807 17.895452 12.396239 6.853222 8.334098 10.586562 4.921980 -3.773923 -7.696729 -12.070759 -9.804980 -10.224003 -2.719563 -3.583984 -12.408598 -15.638746 -13.838700 -10.481299 -16.087294 -26.400178 -30.757375 -31.270433 -32.312065 -34.025632 -35.254820 -32.962436 -28.113619 -18.265223 -24.963567 -34.889180 
-1.841153 14.091484 15.044320 10.791224 13.359193 4.248973 5.215708 7.899362 8.724704 18.044753 20.317433 20.971803 13.526909 5.530323 12.569387 14.140207 7.055510 -4.425070 -8.001877 -13.518143 -7.640999 -8.218990 -2.949867 -4.393691 -14.713907 -17.937600 -14.248550 -11.546730 -15.520100 -24.867534 -35.275124 -29.539816 -31.711555 -33.308900 -38.146584 -38.656420 -33.415516 -21.425121 -28.520084 -37.395340 
-2.701995 13.531071 14.027459 9.005580 10.848263 2.281049 3.577438 9.115256 8.641344 15.340064 21.689357 19.270955 10.920319 9.287705 13.190881 13.767544 4.575525 -3.580499 -8.193054 -13.247286 -12.120227 -9.806286 -8.120656 -5.216642 -11.036556 -17.681027 -15.112876 -13.245944 -16.493526 -25.989146 -34.437003 -30.307445 -29.304010 -30.878703 -36.448035 -37.881040 -35.586550 -21.531722 -28.004002 -37.993024 
-0.119120 13.834971 13.089192 8.927322 9.062838 0.691516 -0.364765 8.672891 9.088640 15.505684 22.735116 16.309677 9.987343 12.854110 13.710336 13.997006 1.957636 -4.788731 -5.791034 -12.334087 -13.497943 -9.324859 -7.451272 -2.124548 -11.554274 -17.655688 -22.097025 -16.660597 -15.444334 -25.647510 -37.392130 -30.181356 -30.352721 -30.305654 -36.150403 -42.383831 -35.342706 -23.575277 -29.166477 -39.696153 
-1.413957 13.057017 11.849609 9.081893 7.946206 -0.688103 -0.723285 8.014120 9.389586 13.993704 20.280628 14.785675 10.802515 11.682821 15.254265 13.632860 3.720103 -3.182848 -14.028591 -13.136185 -14.997181 -12.393248 -7.256391 -3.255988 -16.985353 -24.991396 -21.123571 -17.010928 -15.989095 -27.266085 -35.666149 -25.248382 -26.899667 -30.110233 -37.406293 -42.977917 -38.644552 -23.928027 -32.985002 -43.200543 
-2.152399 12.188696 10.675522 8.829497 6.550621 -3.444317 1.151444 7.538275 10.175975 13.034745 18.769609 12.727039 11.011388 10.838143 13.543953 12.046036 0.977156 -3.942803 -16.447479 -14.393324 -17.009552 -15.454673 -11.613673 -5.047970 -16.549912 -19.229978 -21.971847 -19.027255 -20.017084 -26.939317 -31.828878 -27.358395 -26.738113 -27.943860 -33.876844 -35.433128 -35.165709 -26.873321 -30.035330 -35.729345 
-0.069307 12.069226 9.311759 8.963511 5.718191 -3.161400 -0.464950 5.487550 6.765644 11.654898 16.470638 16.418542 9.825231 9.865496 12.996257 8.682540 0.480905 -6.704862 -11.482363 -17.240397 -18.433223 -19.747963 -9.718395 -7.112729 -16.078000 -21.357459 -23.419187 -21.677770 -21.268819 -27.685907 -38.636801 -32.701598 -33.009374 -32.338919 -39.374561 -42.500194 -42.625724 -29.427742 -30.105064 -42.080969 
-1.385246 11.457577 8.703517 9.014490 4.816244 -3.320772 0.890499 3.942527 4.882326 11.905044 13.946344 15.314075 6.026351 6.589908 10.228514 5.514756 -1.892838 -8.558624 -12.618497 -17.371157 -18.246547 -17.105816 -11.323131 -6.066797 -17.659124 -21.908560 -21.417186 -16.700682 -18.874053 -30.018647 -32.892193 -30.322262 -30.819030 -28.905674 -33.885683 -36.003672 -35.788973 -30.566043 -31.292684 -36.770401 
0.562804 11.266312 8.499914 8.773237 3.644940 -3.884786 0.524160 2.191898 1.529518 11.042156 14.626558 13.062166 7.365959 8.574660 9.676747 6.518106 -6.441640 -7.828507 -10.545274 -15.189115 -16.680441 -15.320386 -12.947399 -8.094623 -17.779664 -23.209327 -24.299044 -18.883993 -19.664107 -32.120752 -39.052442 -35.728247 -34.349582 -31.797987 -38.930906 -42.684920 -41.103776 -33.004391 -33.792164 -41.652075 
1.992222 10.994874 8.015312 7.931382 0.802237 -5.840156 0.783730 -1.773419 -0.390775 9.435857 15.220181 10.569671 10.388418 5.877581 10.157221 6.301346 0.366090 -7.171051 -16.535084 -20.153765 -21.036771 -17.345678 -16.639023 -13.318675 -19.359875 -24.405447 -24.071994 -19.449093 -23.044063 -32.777350 -40.180559 -35.025918 -36.871852 -32.851419 -40.333347 -48.929597 -44.829951 -34.037724 -34.557928 -46.556321 
0.312258 9.659229 6.773629 6.596922 -2.722724 -6.480629 1.105822 -3.129490 0.659114 7.620397 10.353474 11.240004 6.846015 5.423195 9.472209 8.198130 -4.935328 -12.609369 -19.101660 -17.437801 -20.411599 -18.491133 -13.883980 -14.096362 -21.991327 -28.227693 -30.011996 -19.490007 -21.573303 -30.581392 -34.631054 -31.387767 -36.580531 -34.555003 -44.692712 -53.564396 -48.620227 -39.332240 -41.243370 -50.795186 
2.233919 9.018287 5.639435 4.708010 -7.970226 -6.468648 -1.439541 -6.902445 -1.920628 5.800163 5.303190 5.293286 2.076422 2.004373 5.340819 4.481469 -6.400367 -14.295633 -19.045151 -20.662644 -22.765755 -23.444786 -15.556194 -16.644438 -27.532716 -31.334272 -33.590652 -21.375568 -23.018944 -35.351740 -33.253676 -28.415702 -33.977143 -35.231496 -41.486714 -62.325535 -54.376680 -42.303997 -42.940367 -54.553263 
1.672353 8.129817 5.023909 4.261154 -7.588349 -8.160773 -1.529270 -4.385117 1.240724 3.700838 6.622440 1.622887 -0.302021 0.956885 2.647264 2.535316 -8.498787 -14.441464 -19.245060 -21.579933 -23.127903 -19.494109 -15.943077 -17.359768 -28.443628 -30.784760 -31.222535 -21.037348 -25.602691 -33.325345 -33.164876 -29.426905 -35.215433 -35.778655 -40.065442 -47.313114 -47.312386 -43.526838 -43.511148 -47.776997 
0.251653 7.761242 4.350716 4.406509 -5.416144 -10.262194 -1.572616 -4.097015 2.000535 6.076732 3.884687 -0.998640 -4.027019 -2.100330 1.825637 2.514695 -13.746168 -16.680243 -21.513469 -22.503460 -25.174964 -20.430914 -15.342709 -20.173440 -30.999286 -31.589029 -28.691804 -21.078836 -25.849135 -35.391113 -35.854685 -33.842659 -39.844150 -36.679986 -43.804795 -56.532995 -54.381966 -49.373699 -50.060190 -53.925174 
-0.593415 7.936986 4.157688 4.059496 -4.219653 -8.828858 -2.753794 -4.406220 0.521127 5.711817 2.519780 -4.540579 -6.872150 -7.821462 -3.043178 0.167318 -12.713593 -19.657092 -22.433622 -25.087188 -27.608345 -21.458499 -17.030444 -23.988763 -34.412895 -32.638709 -28.630419 -22.493197 -28.050592 -33.757725 -37.186138 -35.467484 -38.673837 -34.417562 -41.899454 -52.393138 -51.528986 -46.025928 -49.447665 -51.241390 
-1.111627 8.231951 3.825006 2.789289 -5.511734 -10.772285 -2.811963 -4.732590 -2.762225 2.326619 -1.033029 -7.255423 -11.531357 -9.875000 -5.855323 -1.474639 -12.472214 -19.675737 -24.469256 -30.257601 -32.782050 -24.356254 -22.229403 -34.768326 -37.107936 -31.618181 -31.905730 -24.770909 -27.759843 -32.929132 -36.418652 -35.257674 -40.445198 -41.255208 -48.691152 -59.230551 -55.473527 -46.156154 -49.264597 -53.693615 
-1.109141 8.217609 3.702990 2.891766 -4.258216 -9.055396 -3.842388 -4.670356 -9.257855 -8.296241 -11.528647 -14.956785 -19.283664 -19.355150 -15.234080 -11.429218 -16.234503 -22.667786 -30.150924 -35.923371 -34.417860 -24.027418 -23.348815 -36.961061 -40.086646 -39.290183 -35.437234 -27.103656 -33.343966 -38.319741 -38.326316 -39.646690 -38.966688 -40.285406 -44.822202 -47.504996 -47.541034 -45.155767 -47.145307 -48.098076 
-2.931795 7.504759 3.209036 1.370069 -2.501916 -6.792863 -6.661372 -8.073775 -15.071557 -12.474834 -17.596305 -27.024862 -30.781974 -32.583620 -22.995555 -15.877996 -21.378415 -25.669464 -33.131481 -42.516014 -35.384090 -26.872175 -27.942300 -41.925097 -45.305770 -43.583590 -36.227319 -30.739580 -37.440370 -40.994133 -42.404949 -44.673001 -48.452924 -46.040245 -50.785020 -54.054525 -49.844213 -46.806557 -50.687811 -55.107385 
-6.087183 5.493518 3.112102 -4.430716 -6.252059 -7.758658 -13.952664 -17.607579 -22.293724 -25.632826 -29.699979 -29.491660 -31.384521 -30.981073 -35.525408 -25.816340 -33.916886 -36.017360 -38.195545 -45.090412 -41.475699 -34.407482 -31.643002 -44.595068 -46.317391 -45.620819 -45.172252 -39.634786 -41.805846 -43.699657 -46.714760 -47.684366 -50.649203 -50.726419 -50.615307 -51.645570 -50.442388 -50.590482 -51.224140 -53.737503 
-4.812475 4.115863 1.114786 -12.395440 -13.115476 -13.012171 -24.157253 -27.000523 -25.054095 -31.899633 -35.759577 -37.700805 -38.694215 -38.052659 -37.771834 -37.121674 -41.214762 -43.897316 -43.952280 -47.355473 -47.248120 -44.989737 -43.411006 -49.557774 -49.902617 -50.855329 -50.460394 -48.753667 -50.806821 -50.748897 -51.641491 -52.760367 -53.893394 -53.935079 -54.846561 -54.691619 -54.484662 -55.179730 -55.588041 -56.548657 
-9.666042 -1.596377 -1.552298 -13.084901 -24.341162 -24.184720 -37.872026 -32.778759 -33.329306 -32.909755 -40.643778 -43.754225 -43.119124 -42.615016 -38.961279 -36.677539 -41.773335 -45.588067 -48.400217 -49.872778 -51.225594 -49.349483 -50.877901 -53.476018 -54.488014 -55.119817 -54.548162 -53.890444 -53.764880 -53.256153 -54.840053 -57.698945 -58.267267 -57.860359 -58.297056 -58.257225 -59.166426 -59.281701 -59.940930 -60.552040 
-17.549143 -11.512583 -12.864238 -24.768614 -33.250171 -34.357444 -38.837672 -35.070875 -33.961475 -37.603241 -41.079722 -44.356589 -47.629021 -45.563719 -41.529615 -41.846486 -46.235434 -52.454678 -53.333228 -54.940078 -56.667198 -54.287984 -56.311341 -59.589013 -60.294289 -59.892513 -60.591184 -59.357142 -60.726171 -59.993591 -62.494977 -62.865961 -63.606365 -63.667560 -63.879313 -65.863931 -64.155489 -65.961587 -65.679038 -64.674765 
-21.099169 -21.285400 -22.735930 -32.642549 -38.987765 -41.956817 -36.830400 -36.126663 -45.046674 -49.722994 -50.780178 -55.181178 -52.437610 -51.439971 -49.724001 -47.485580 -52.192810 -54.562500 -62.795652 -60.209063 -60.569241 -61.527470 -68.450170 -70.421596 -65.862536 -65.420210 -65.488890 -63.128646 -65.532465 -68.164364 -70.822984 -69.561732 -71.573016 -69.617416 -70.879174 -70.825033 -68.971590 -67.343118 -67.624336 -66.407000 
-23.232598 -17.339515 -18.731828 -22.447282 -21.649207 -17.733737 -15.393151 -15.038227 -18.123816 -18.587051 -21.459492 -18.596023 -12.900498 -10.105089 -9.719070 -12.472501 -19.075782 -14.783270 -10.417925 -17.496488 -28.560239 -26.526015 -29.517718 -33.206413 -32.042012 -32.397555 -36.583816 -36.872541 -38.048154 -35.241941 -36.893945 -40.404539 -54.875869 -60.052140 -60.684807 -52.013363 -45.154299 -31.802746 -37.687122 -48.820726 
-10.017972 -7.764270 -13.792299 -25.979086 -22.572355 -14.798238 -12.181793 -8.732245 -17.721239 -14.144821 -20.849363 -18.315418 -10.378408 -7.698179 -6.856094 -10.291939 -17.855829 -9.921527 -3.534205 -13.296175 -21.908383 -23.812548 -28.151953 -33.714772 -31.699641 -31.491470 -36.145827 -31.340065 -26.985246 -28.187978 -29.329784 -30.124689 -41.346113 -49.450924 -51.567152 -42.033157 -32.180856 -22.766920 -29.736755 -40.220407 
-12.825601 -11.597245 -16.756306 -25.022723 -31.794547 -27.444111 -23.144854 -18.861998 -25.562089 -28.274643 -33.838362 -33.419415 -27.923861 -26.652503 -32.396979 -30.271557 -29.036243 -19.856818 -15.919353 -22.097538 -28.356706 -30.250537 -33.607707 -39.352627 -40.006852 -38.338536 -39.663802 -36.503517 -32.498253 -33.359426 -34.686463 -37.329869 -41.772854 -43.921228 -49.074841 -46.842306 -37.326868 -31.711720 -38.349501 -42.596213 
-27.103761 -31.109789 -29.760936 -27.795634 -31.171956 -31.686753 -32.955322 -31.038044 -27.351655 -27.791045 -30.461121 -28.228498 -27.280953 -33.934240 -34.816877 -28.514224 -25.968089 -22.075511 -20.752477 -25.257572 -29.527537 -27.006611 -32.909609 -30.919448 -34.215358 -35.840890 -40.702070 -38.053798 -36.214171 -37.676244 -40.720963 -40.603701 -38.801974 -43.766805 -49.363957 -49.576015 -40.181090 -33.564571 -44.001666 -50.157575 
-34.052861 -26.343940 -26.810934 -29.653580 -28.623610 -29.844412 -29.259642 -22.274118 -24.849126 -30.460775 -34.629100 -32.154050 -23.038285 -24.344399 -29.783805 -24.044434 -27.589510 -24.273835 -23.306531 -26.114083 -26.261860 -26.722276 -35.364554 -33.302996 -40.324787 -42.342868 -45.611544 -45.122124 -39.396755 -41.916992 -51.693850 -42.851889 -41.564573 -52.299366 -53.185358 -53.986011 -44.733913 -43.688601 -49.667890 -54.893295 
-23.092138 -21.774350 -23.274386 -31.740796 -31.154486 -25.943474 -22.569015 -27.347299 -28.317992 -35.140053 -32.205489 -33.439519 -30.837760 -32.678485 -40.521482 -36.176617 -33.257103 -23.661954 -19.391759 -26.208513 -34.059307 -33.771112 -41.973295 -44.533530 -45.974982 -46.067016 -48.303054 -47.606697 -44.981314 -48.355519 -54.147602 -48.127316 -48.769288 -57.152038 -58.364147 -57.678887 -49.869283 -50.918634 -56.455326 -62.589154 
-27.913513 -27.833205 -31.979825 -30.880570 -33.175466 -34.903865 -29.344892 -21.372628 -30.269974 -40.950173 -42.363948 -33.901236 -31.356963 -36.698175 -38.149421 -38.140940 -35.831092 -26.371582 -21.347686 -30.706032 -37.601359 -41.408405 -43.682978 -45.173794 -53.155419 -54.236261 -54.089543 -48.863531 -46.865167 -50.000444 -56.564358 -54.821859 -58.508917 -63.367801 -61.299874 -61.250444 -51.871338 -55.949223 -61.928801 -63.758855 
-24.664146 -30.381392 -28.392919 -25.850962 -28.527192 -36.555606 -31.127235 -22.551470 -26.495573 -35.687518 -36.469090 -34.557466 -40.035783 -39.794504 -43.940578 -40.704691 -37.199529 -26.556826 -25.916257 -31.962885 -32.044068 -36.423090 -41.553657 -46.660742 -53.479923 -56.028057 -55.173190 -48.323176 -49.500328 -54.934127 -58.319788 -55.711105 -55.970916 -60.724552 -62.940641 -61.081236 -57.355843 -59.917873 -62.401018 -63.682706 
-25.400737 -32.867266 -27.458370 -29.414642 -30.815370 -35.632513 -38.152153 -34.504645 -31.336284 -39.367336 -38.099533 -35.539672 -33.030919 -36.465392 -36.706504 -37.040264 -36.020737 -28.804635 -30.526645 -38.474168 -37.967645 -38.572230 -42.722030 -48.362012 -53.969058 -56.579814 -57.443230 -52.284564 -52.839517 -56.063852 -58.484989 -61.533037 -60.475343 -62.796045 -65.227149 -63.988081 -59.748790 -62.571477 -62.903574 -65.612989 
-22.768852 -22.824164 -27.627186 -31.796724 -34.837240 -29.602970 -32.132963 -40.418829 -34.683976 -39.656303 -44.410707 -42.633053 -39.213241 -45.032177 -43.374779 -42.874188 -38.690119 -36.567158 -35.522707 -40.909423 -42.268757 -43.095945 -51.793069 -49.490873 -53.951791 -57.857823 -61.003315 -54.600416 -53.894168 -56.691905 -62.447258 -64.902737 -64.116909 -66.050781 -66.027090 -63.837641 -62.467791 -65.500750 -63.280091 -65.634705 
-25.582216 -27.534170 -34.232247 -36.522588 -33.127728 -34.147864 -35.676261 -37.962637 -41.992753 -44.195767 -43.734955 -46.745026 -49.689478 -43.746406 -42.933769 -47.558802 -46.523751 -41.317982 -42.027958 -47.758283 -53.153886 -49.976777 -55.141264 -58.171337 -55.422612 -56.219615 -60.110603 -55.356092 -56.556679 -58.446105 -60.830768 -61.744637 -61.826467 -63.226270 -62.982274 -62.479850 -63.404865 -63.717197 -62.041068 -66.322924 
-34.732942 -37.695364 -42.025359 -44.701395 -44.033113 -48.946359 -50.765556 -48.125760 -51.249095 -54.563918 -53.782716 -63.802592 -59.063482 -60.920834 -57.278413 -57.501557 -56.420435 -54.151079 -53.725319 -58.768093 -60.854642 -62.849477 -65.242565 -65.299590 -65.342025 -63.599396 -66.873797 -63.893881 -63.431222 -65.645699 -67.825619 -67.098325 -67.036158 -68.467677 -70.508221 -70.230602 -68.380926 -68.888573 -68.257930 -72.058900 
-54.533302 -69.160218 -70.532056 -71.003307 -68.156535 -65.174927 -68.901307 -65.734314 -64.157380 -66.529640 -67.128562 -70.487312 -69.301862 -69.736560 -73.025441 -66.606175 -67.341467 -71.738047 -75.530775 -72.941190 -68.254370 -73.030167 -74.860056 -69.733422 -72.549643 -69.844374 -71.922620 -68.664873 -71.167209 -72.710550 -72.956744 -70.557222 -70.472151 -74.396904 -73.377572 -74.972377 -74.884787 -74.609344 -74.221852 -72.478658 
-58.323360 -67.586786 -71.334538 -75.644488 -69.870862 -72.011079 -78.098380 -81.957721 -70.593091 -69.244092 -76.413701 -68.507069 -65.532728 -71.608200 -69.823899 -70.563004 -74.192726 -68.448050 -71.498985 -71.054290 -75.748266 -70.954350 -73.345197 -72.859345 -70.475720 -70.923656 -72.322431 -75.490621 -73.554025 -73.384470 -72.250213 -72.121714 -73.201850 -70.492638 -73.436004 -72.463369 -73.064551 -75.062814 -74.435675 -74.507460 
-57.704813 -71.170441 -74.948574 -77.711447 -69.990880 -66.951124 -70.429406 -77.200373 -72.067025 -68.469503 -71.428863 -70.509429 -62.628242 -70.511201 -72.154303 -70.684340 -66.452629 -72.052075 -71.483879 -71.758405 -72.216532 -69.902251 -78.219100 -77.251391 -74.305229 -70.204022 -70.305787 -74.550342 -72.621270 -73.317058 -72.767074 -75.003127 -73.534016 -72.915481 -73.728730 -72.613610 -73.921680 -74.523671 -71.340938 -74.048347 
-55.295253 -70.256576 -69.395479 -69.959842 -74.761621 -73.018580 -73.177807 -70.603326 -70.439397 -67.472684 -67.940041 -68.901071 -73.918666 -69.252366 -68.011133 -71.330318 -69.405327 -74.877419 -76.116053 -72.052266 -73.787553 -72.040867 -74.185872 -77.267429 -77.128233 -77.155442 -72.721566 -75.429790 -77.056377 -72.942711 -74.284796 -73.863177 -73.549423 -74.958224 -76.224562 -73.082820 -77.577271 -73.766068 -73.578323 -73.972614 
-55.798610 -86.308611 -85.691935 -77.138928 -73.397895 -69.607346 -71.309774 -69.319603 -72.579590 -76.327890 -74.267194 -71.597613 -73.856056 -73.418245 -70.978675 -71.231459 -71.345042 -77.705908 -71.190065 -74.949456 -73.046482 -77.726915 -75.330909 -72.108134 -74.335638 -75.568156 -71.569599 -74.263471 -73.877199 -74.461341 -74.247827 -72.944021 -73.124961 -72.617638 -74.248405 -76.588955 -73.539409 -73.476000 -73.395699 -75.560172 
-55.048179 -73.751784 -77.172354 -79.892590 -79.645647 -69.640346 -68.095862 -73.932554 -75.227455 -74.907100 -74.918543 -76.597391 -81.621868 -78.013656 -74.471529 -70.919028 -71.745003 -72.898220 -75.963399 -76.319490 -73.145616 -72.729028 -74.923028 -74.295292 -76.393216 -73.497212 -70.209479 -70.491235 -73.687321 -72.591041 -74.714743 -75.721603 -74.237075 -74.671507 -73.757877 -72.439565 -70.812873 -73.940795 -73.056597 -74.653601 
-57.035104 -72.078685 -75.740793 -77.882695 -81.798598 -81.919388 -75.824093 -73.109993 -70.128937 -73.318166 -70.944151 -68.276272 -72.110100 -72.442885 -73.820449 -74.767801 -74.888675 -73.592138 -70.917518 -72.769107 -77.382325 -71.334271 -71.114253 -71.355307 -73.357909 -68.897104 -73.979968 -71.424227 -71.595727 -70.825666 -72.471136 -72.428643 -75.168832 -73.957100 -71.764922 -72.330005 -72.563443 -75.923669 -72.560254 -74.373567 
-56.305068 -70.068856 -73.867008 -72.809941 -76.924612 -72.082901 -73.095034 -73.390880 -74.136414 -77.919380 -82.142275 -68.453710 -73.545039 -73.020703 -73.673129 -73.969346 -77.461451 -76.594187 -70.740660 -75.907580 -79.803605 -72.741693 -72.373881 -71.965657 -75.223448 -74.510607 -73.561061 -72.571556 -75.034246 -72.002781 -72.517839 -73.334033 -73.673975 -74.714308 -74.079714 -73.674038 -72.224532 -73.159251 -73.274523 -73.070756 
-55.575792 -63.452345 -67.350133 -68.828238 -75.094714 -73.110645 -69.556766 -70.733645 -71.102592 -79.002693 -80.595130 -73.681460 -75.097230 -75.092843 -71.776435 -73.797362 -79.959370 -78.408589 -82.180833 -81.678723 -75.311639 -71.856414 -81.682984 -74.068292 -77.682351 -78.461216 -71.846503 -76.975627 -70.823048 -72.734208 -78.725373 -71.796587 -75.636197 -72.689367 -76.265164 -73.994511 -74.575112 -76.917427 -74.919905 -75.859512 
-74.229990 -74.781652 -78.592365 -88.429956 -94.048030 -86.947319 -84.755689 -87.566449 -86.918833 -90.464828 -90.626633 -89.776655 -93.710786 -87.847724 -85.252983 -90.134284 -90.277920 -90.397416 -91.084400 -92.220378 -86.386807 -86.883321 -92.165302 -91.830225 -92.370986 -90.278047 -89.319922 -91.168344 -87.422109 -89.721946 -89.277431 -87.031864 -88.895632 -84.558384 -88.591942 -87.153696 -87.880713 -91.751798 -87.749749 -91.706948 
NaN NaN NaN NaN NaN NaN NaN NaN NaN NaN NaN NaN NaN NaN NaN NaN NaN NaN NaN NaN NaN NaN NaN NaN NaN NaN NaN NaN NaN NaN NaN NaN NaN NaN NaN NaN NaN NaN NaN NaN 
NaN NaN NaN NaN NaN NaN NaN NaN NaN NaN NaN NaN NaN NaN NaN NaN NaN NaN NaN NaN NaN NaN NaN NaN NaN NaN NaN NaN NaN NaN NaN NaN NaN NaN NaN NaN NaN NaN NaN NaN 
NaN NaN NaN NaN NaN NaN NaN NaN NaN NaN NaN NaN NaN NaN NaN NaN NaN NaN NaN NaN NaN NaN NaN NaN NaN NaN NaN NaN NaN NaN NaN NaN NaN NaN NaN NaN NaN NaN NaN NaN 
NaN NaN NaN NaN NaN NaN NaN NaN NaN NaN NaN NaN NaN NaN NaN NaN NaN NaN NaN NaN NaN NaN NaN NaN NaN NaN NaN NaN NaN NaN NaN NaN NaN NaN NaN NaN NaN NaN NaN NaN 
NaN NaN NaN NaN NaN NaN NaN NaN NaN NaN NaN NaN NaN NaN NaN NaN NaN NaN NaN NaN NaN NaN NaN NaN NaN NaN NaN NaN NaN NaN NaN NaN NaN NaN NaN NaN NaN NaN NaN NaN 
NaN NaN NaN NaN NaN NaN NaN NaN NaN NaN NaN NaN NaN NaN NaN NaN NaN NaN NaN NaN NaN NaN NaN NaN NaN NaN NaN NaN NaN NaN NaN NaN NaN NaN NaN NaN NaN NaN NaN NaN 
NaN NaN NaN NaN NaN NaN NaN NaN NaN NaN NaN NaN NaN NaN NaN NaN NaN NaN NaN NaN NaN NaN NaN NaN NaN NaN NaN NaN NaN NaN NaN NaN NaN NaN NaN NaN NaN NaN NaN NaN 
NaN NaN NaN NaN NaN NaN NaN NaN NaN NaN NaN NaN NaN NaN NaN NaN NaN NaN NaN NaN NaN NaN NaN NaN NaN NaN NaN NaN NaN NaN NaN NaN NaN NaN NaN NaN NaN NaN NaN NaN 
NaN NaN NaN NaN NaN NaN NaN NaN NaN NaN NaN NaN NaN NaN NaN NaN NaN NaN NaN NaN NaN NaN NaN NaN NaN NaN NaN NaN NaN NaN NaN NaN NaN NaN NaN NaN NaN NaN NaN NaN 
NaN NaN NaN NaN NaN NaN NaN NaN NaN NaN NaN NaN NaN NaN NaN NaN NaN NaN NaN NaN NaN NaN NaN NaN NaN NaN NaN NaN NaN NaN NaN NaN NaN NaN NaN NaN NaN NaN NaN NaN 
NaN NaN NaN NaN NaN NaN NaN NaN NaN NaN NaN NaN NaN NaN NaN NaN NaN NaN NaN NaN NaN NaN NaN NaN NaN NaN NaN NaN NaN NaN NaN NaN NaN NaN NaN NaN NaN NaN NaN NaN 
NaN NaN NaN NaN NaN NaN NaN NaN NaN NaN NaN NaN NaN NaN NaN NaN NaN NaN NaN NaN NaN NaN NaN NaN NaN NaN NaN NaN NaN NaN NaN NaN NaN NaN NaN NaN NaN NaN NaN NaN 
NaN NaN NaN NaN NaN NaN NaN NaN NaN NaN NaN NaN NaN NaN NaN NaN NaN NaN NaN NaN NaN NaN NaN NaN NaN NaN NaN NaN NaN NaN NaN NaN NaN NaN NaN NaN NaN NaN NaN NaN 
NaN NaN NaN NaN NaN NaN NaN NaN NaN NaN NaN NaN NaN NaN NaN NaN NaN NaN NaN NaN NaN NaN NaN NaN NaN NaN NaN NaN NaN NaN NaN NaN NaN NaN NaN NaN NaN NaN NaN NaN 
NaN NaN NaN NaN NaN NaN NaN NaN NaN NaN NaN NaN NaN NaN NaN NaN NaN NaN NaN NaN NaN NaN NaN NaN NaN NaN NaN NaN NaN NaN NaN NaN NaN NaN NaN NaN NaN NaN NaN NaN 
NaN NaN NaN NaN NaN NaN NaN NaN NaN NaN NaN NaN NaN NaN NaN NaN NaN NaN NaN NaN NaN NaN NaN NaN NaN NaN NaN NaN NaN NaN NaN NaN NaN NaN NaN NaN NaN NaN NaN NaN 
NaN NaN NaN NaN NaN NaN NaN NaN NaN NaN NaN NaN NaN NaN NaN NaN NaN NaN NaN NaN NaN NaN NaN NaN NaN NaN NaN NaN NaN NaN NaN NaN NaN NaN NaN NaN NaN NaN NaN NaN 
NaN NaN NaN NaN NaN NaN NaN NaN NaN NaN NaN NaN NaN NaN NaN NaN NaN NaN NaN NaN NaN NaN NaN NaN NaN NaN NaN NaN NaN NaN NaN NaN NaN NaN NaN NaN NaN NaN NaN NaN 
NaN NaN NaN NaN NaN NaN NaN NaN NaN NaN NaN NaN NaN NaN NaN NaN NaN NaN NaN NaN NaN NaN NaN NaN NaN NaN NaN NaN NaN NaN NaN NaN NaN NaN NaN NaN NaN NaN NaN NaN 
NaN NaN NaN NaN NaN NaN NaN NaN NaN NaN NaN NaN NaN NaN NaN NaN NaN NaN NaN NaN NaN NaN NaN NaN NaN NaN NaN NaN NaN NaN NaN NaN NaN NaN NaN NaN NaN NaN NaN NaN 
NaN NaN NaN NaN NaN NaN NaN NaN NaN NaN NaN NaN NaN NaN NaN NaN NaN NaN NaN NaN NaN NaN NaN NaN NaN NaN NaN NaN NaN NaN NaN NaN NaN NaN NaN NaN NaN NaN NaN NaN 
NaN NaN NaN NaN NaN NaN NaN NaN NaN NaN NaN NaN NaN NaN NaN NaN NaN NaN NaN NaN NaN NaN NaN NaN NaN NaN NaN NaN NaN NaN NaN NaN NaN NaN NaN NaN NaN NaN NaN NaN 
NaN NaN NaN NaN NaN NaN NaN NaN NaN NaN NaN NaN NaN NaN NaN NaN NaN NaN NaN NaN NaN NaN NaN NaN NaN NaN NaN NaN NaN NaN NaN NaN NaN NaN NaN NaN NaN NaN NaN NaN 
NaN NaN NaN NaN NaN NaN NaN NaN NaN NaN NaN NaN NaN NaN NaN NaN NaN NaN NaN NaN NaN NaN NaN NaN NaN NaN NaN NaN NaN NaN NaN NaN NaN NaN NaN NaN NaN NaN NaN NaN 
NaN NaN NaN NaN NaN NaN NaN NaN NaN NaN NaN NaN NaN NaN NaN NaN NaN NaN NaN NaN NaN NaN NaN NaN NaN NaN NaN NaN NaN NaN NaN NaN NaN NaN NaN NaN NaN NaN NaN NaN 
NaN NaN NaN NaN NaN NaN NaN NaN NaN NaN NaN NaN NaN NaN NaN NaN NaN NaN NaN NaN NaN NaN NaN NaN NaN NaN NaN NaN NaN NaN NaN NaN NaN NaN NaN NaN NaN NaN NaN NaN 
NaN NaN NaN NaN NaN NaN NaN NaN NaN NaN NaN NaN NaN NaN NaN NaN NaN NaN NaN NaN NaN NaN NaN NaN NaN NaN NaN NaN NaN NaN NaN NaN NaN NaN NaN NaN NaN NaN NaN NaN 
NaN NaN NaN NaN NaN NaN NaN NaN NaN NaN NaN NaN NaN NaN NaN NaN NaN NaN NaN NaN NaN NaN NaN NaN NaN NaN NaN NaN NaN NaN NaN NaN NaN NaN NaN NaN NaN NaN NaN NaN 
NaN NaN NaN NaN NaN NaN NaN NaN NaN NaN NaN NaN NaN NaN NaN NaN NaN NaN NaN NaN NaN NaN NaN NaN NaN NaN NaN NaN NaN NaN NaN NaN NaN NaN NaN NaN NaN NaN NaN NaN 
NaN NaN NaN NaN NaN NaN NaN NaN NaN NaN NaN NaN NaN NaN NaN NaN NaN NaN NaN NaN NaN NaN NaN NaN NaN NaN NaN NaN NaN NaN NaN NaN NaN NaN NaN NaN NaN NaN NaN NaN 
NaN NaN NaN NaN NaN NaN NaN NaN NaN NaN NaN NaN NaN NaN NaN NaN NaN NaN NaN NaN NaN NaN NaN NaN NaN NaN NaN NaN NaN NaN NaN NaN NaN NaN NaN NaN NaN NaN NaN NaN 
NaN NaN NaN NaN NaN NaN NaN NaN NaN NaN NaN NaN NaN NaN NaN NaN NaN NaN NaN NaN NaN NaN NaN NaN NaN NaN NaN NaN NaN NaN NaN NaN NaN NaN NaN NaN NaN NaN NaN NaN 
NaN NaN NaN NaN NaN NaN NaN NaN NaN NaN NaN NaN NaN NaN NaN NaN NaN NaN NaN NaN NaN NaN NaN NaN NaN NaN NaN NaN NaN NaN NaN NaN NaN NaN NaN NaN NaN NaN NaN NaN 
NaN NaN NaN NaN NaN NaN NaN NaN NaN NaN NaN NaN NaN NaN NaN NaN NaN NaN NaN NaN NaN NaN NaN NaN NaN NaN NaN NaN NaN NaN NaN NaN NaN NaN NaN NaN NaN NaN NaN NaN 
NaN NaN NaN NaN NaN NaN NaN NaN NaN NaN NaN NaN NaN NaN NaN NaN NaN NaN NaN NaN NaN NaN NaN NaN NaN NaN NaN NaN NaN NaN NaN NaN NaN NaN NaN NaN NaN NaN NaN NaN 
NaN NaN NaN NaN NaN NaN NaN NaN NaN NaN NaN NaN NaN NaN NaN NaN NaN NaN NaN NaN NaN NaN NaN NaN NaN NaN NaN NaN NaN NaN NaN NaN NaN NaN NaN NaN NaN NaN NaN NaN 
NaN NaN NaN NaN NaN NaN NaN NaN NaN NaN NaN NaN NaN NaN NaN NaN NaN NaN NaN NaN NaN NaN NaN NaN NaN NaN NaN NaN NaN NaN NaN NaN NaN NaN NaN NaN NaN NaN NaN NaN 
NaN NaN NaN NaN NaN NaN NaN NaN NaN NaN NaN NaN NaN NaN NaN NaN NaN NaN NaN NaN NaN NaN NaN NaN NaN NaN NaN NaN NaN NaN NaN NaN NaN NaN NaN NaN NaN NaN NaN NaN 
NaN NaN NaN NaN NaN NaN NaN NaN NaN NaN NaN NaN NaN NaN NaN NaN NaN NaN NaN NaN NaN NaN NaN NaN NaN NaN NaN NaN NaN NaN NaN NaN NaN NaN NaN NaN NaN NaN NaN NaN 
NaN NaN NaN NaN NaN NaN NaN NaN NaN NaN NaN NaN NaN NaN NaN NaN NaN NaN NaN NaN NaN NaN NaN NaN NaN NaN NaN NaN NaN NaN NaN NaN NaN NaN NaN NaN NaN NaN NaN NaN 
NaN NaN NaN NaN NaN NaN NaN NaN NaN NaN NaN NaN NaN NaN NaN NaN NaN NaN NaN NaN NaN NaN NaN NaN NaN NaN NaN NaN NaN NaN NaN NaN NaN NaN NaN NaN NaN NaN NaN NaN 
NaN NaN NaN NaN NaN NaN NaN NaN NaN NaN NaN NaN NaN NaN NaN NaN NaN NaN NaN NaN NaN NaN NaN NaN NaN NaN NaN NaN NaN NaN NaN NaN NaN NaN NaN NaN NaN NaN NaN NaN 
NaN NaN NaN NaN NaN NaN NaN NaN NaN NaN NaN NaN NaN NaN NaN NaN NaN NaN NaN NaN NaN NaN NaN NaN NaN NaN NaN NaN NaN NaN NaN NaN NaN NaN NaN NaN NaN NaN NaN NaN 
NaN NaN NaN NaN NaN NaN NaN NaN NaN NaN NaN NaN NaN NaN NaN NaN NaN NaN NaN NaN NaN NaN NaN NaN NaN NaN NaN NaN NaN NaN NaN NaN NaN NaN NaN NaN NaN NaN NaN NaN 
NaN NaN NaN NaN NaN NaN NaN NaN NaN NaN NaN NaN NaN NaN NaN NaN NaN NaN NaN NaN NaN NaN NaN NaN NaN NaN NaN NaN NaN NaN NaN NaN NaN NaN NaN NaN NaN NaN NaN NaN 
NaN NaN NaN NaN NaN NaN NaN NaN NaN NaN NaN NaN NaN NaN NaN NaN NaN NaN NaN NaN NaN NaN NaN NaN NaN NaN NaN NaN NaN NaN NaN NaN NaN NaN NaN NaN NaN NaN NaN NaN 
NaN NaN NaN NaN NaN NaN NaN NaN NaN NaN NaN NaN NaN NaN NaN NaN NaN NaN NaN NaN NaN NaN NaN NaN NaN NaN NaN NaN NaN NaN NaN NaN NaN NaN NaN NaN NaN NaN NaN NaN 
NaN NaN NaN NaN NaN NaN NaN NaN NaN NaN NaN NaN NaN NaN NaN NaN NaN NaN NaN NaN NaN NaN NaN NaN NaN NaN NaN NaN NaN NaN NaN NaN NaN NaN NaN NaN NaN NaN NaN NaN 
NaN NaN NaN NaN NaN NaN NaN NaN NaN NaN NaN NaN NaN NaN NaN NaN NaN NaN NaN NaN NaN NaN NaN NaN NaN NaN NaN NaN NaN NaN NaN NaN NaN NaN NaN NaN NaN NaN NaN NaN 
NaN NaN NaN NaN NaN NaN NaN NaN NaN NaN NaN NaN NaN NaN NaN NaN NaN NaN NaN NaN NaN NaN NaN NaN NaN NaN NaN NaN NaN NaN NaN NaN NaN NaN NaN NaN NaN NaN NaN NaN 
NaN NaN NaN NaN NaN NaN NaN NaN NaN NaN NaN NaN NaN NaN NaN NaN NaN NaN NaN NaN NaN NaN NaN NaN NaN NaN NaN NaN NaN NaN NaN NaN NaN NaN NaN NaN NaN NaN NaN NaN 
NaN NaN NaN NaN NaN NaN NaN NaN NaN NaN NaN NaN NaN NaN NaN NaN NaN NaN NaN NaN NaN NaN NaN NaN NaN NaN NaN NaN NaN NaN NaN NaN NaN NaN NaN NaN NaN NaN NaN NaN 
NaN NaN NaN NaN NaN NaN NaN NaN NaN NaN NaN NaN NaN NaN NaN NaN NaN NaN NaN NaN NaN NaN NaN NaN NaN NaN NaN NaN NaN NaN NaN NaN NaN NaN NaN NaN NaN NaN NaN NaN 
NaN NaN NaN NaN NaN NaN NaN NaN NaN NaN NaN NaN NaN NaN NaN NaN NaN NaN NaN NaN NaN NaN NaN NaN NaN NaN NaN NaN NaN NaN NaN NaN NaN NaN NaN NaN NaN NaN NaN NaN 
NaN NaN NaN NaN NaN NaN NaN NaN NaN NaN NaN NaN NaN NaN NaN NaN NaN NaN NaN NaN NaN NaN NaN NaN NaN NaN NaN NaN NaN NaN NaN NaN NaN NaN NaN NaN NaN NaN NaN NaN 
NaN NaN NaN NaN NaN NaN NaN NaN NaN NaN NaN NaN NaN NaN NaN NaN NaN NaN NaN NaN NaN NaN NaN NaN NaN NaN NaN NaN NaN NaN NaN NaN NaN NaN NaN NaN NaN NaN NaN NaN 
NaN NaN NaN NaN NaN NaN NaN NaN NaN NaN NaN NaN NaN NaN NaN NaN NaN NaN NaN NaN NaN NaN NaN NaN NaN NaN NaN NaN NaN NaN NaN NaN NaN NaN NaN NaN NaN NaN NaN NaN 
NaN NaN NaN NaN NaN NaN NaN NaN NaN NaN NaN NaN NaN NaN NaN NaN NaN NaN NaN NaN NaN NaN NaN NaN NaN NaN NaN NaN NaN NaN NaN NaN NaN NaN NaN NaN NaN NaN NaN NaN 
NaN NaN NaN NaN NaN NaN NaN NaN NaN NaN NaN NaN NaN NaN NaN NaN NaN NaN NaN NaN NaN NaN NaN NaN NaN NaN NaN NaN NaN NaN NaN NaN NaN NaN NaN NaN NaN NaN NaN NaN 
NaN NaN NaN NaN NaN NaN NaN NaN NaN NaN NaN NaN NaN NaN NaN NaN NaN NaN NaN NaN NaN NaN NaN NaN NaN NaN NaN NaN NaN NaN NaN NaN NaN NaN NaN NaN NaN NaN NaN NaN 
NaN NaN NaN NaN NaN NaN NaN NaN NaN NaN NaN NaN NaN NaN NaN NaN NaN NaN NaN NaN NaN NaN NaN NaN NaN NaN NaN NaN NaN NaN NaN NaN NaN NaN NaN NaN NaN NaN NaN NaN 
NaN NaN NaN NaN NaN NaN NaN NaN NaN NaN NaN NaN NaN NaN NaN NaN NaN NaN NaN NaN NaN NaN NaN NaN NaN NaN NaN NaN NaN NaN NaN NaN NaN NaN NaN NaN NaN NaN NaN NaN 
NaN NaN NaN NaN NaN NaN NaN NaN NaN NaN NaN NaN NaN NaN NaN NaN NaN NaN NaN NaN NaN NaN NaN NaN NaN NaN NaN NaN NaN NaN NaN NaN NaN NaN NaN NaN NaN NaN NaN NaN 
NaN NaN NaN NaN NaN NaN NaN NaN NaN NaN NaN NaN NaN NaN NaN NaN NaN NaN NaN NaN NaN NaN NaN NaN NaN NaN NaN NaN NaN NaN NaN NaN NaN NaN NaN NaN NaN NaN NaN NaN 
NaN NaN NaN NaN NaN NaN NaN NaN NaN NaN NaN NaN NaN NaN NaN NaN NaN NaN NaN NaN NaN NaN NaN NaN NaN NaN NaN NaN NaN NaN NaN NaN NaN NaN NaN NaN NaN NaN NaN NaN 
NaN NaN NaN NaN NaN NaN NaN NaN NaN NaN NaN NaN NaN NaN NaN NaN NaN NaN NaN NaN NaN NaN NaN NaN NaN NaN NaN NaN NaN NaN NaN NaN NaN NaN NaN NaN NaN NaN NaN NaN 
NaN NaN NaN NaN NaN NaN NaN NaN NaN NaN NaN NaN NaN NaN NaN NaN NaN NaN NaN NaN NaN NaN NaN NaN NaN NaN NaN NaN NaN NaN NaN NaN NaN NaN NaN NaN NaN NaN NaN NaN 
NaN NaN NaN NaN NaN NaN NaN NaN NaN NaN NaN NaN NaN NaN NaN NaN NaN NaN NaN NaN NaN NaN NaN NaN NaN NaN NaN NaN NaN NaN NaN NaN NaN NaN NaN NaN NaN NaN NaN NaN 
NaN NaN NaN NaN NaN NaN NaN NaN NaN NaN NaN NaN NaN NaN NaN NaN NaN NaN NaN NaN NaN NaN NaN NaN NaN NaN NaN NaN NaN NaN NaN NaN NaN NaN NaN NaN NaN NaN NaN NaN 
NaN NaN NaN NaN NaN NaN NaN NaN NaN NaN NaN NaN NaN NaN NaN NaN NaN NaN NaN NaN NaN NaN NaN NaN NaN NaN NaN NaN NaN NaN NaN NaN NaN NaN NaN NaN NaN NaN NaN NaN 
NaN NaN NaN NaN NaN NaN NaN NaN NaN NaN NaN NaN NaN NaN NaN NaN NaN NaN NaN NaN NaN NaN NaN NaN NaN NaN NaN NaN NaN NaN NaN NaN NaN NaN NaN NaN NaN NaN NaN NaN 
NaN NaN NaN NaN NaN NaN NaN NaN NaN NaN NaN NaN NaN NaN NaN NaN NaN NaN NaN NaN NaN NaN NaN NaN NaN NaN NaN NaN NaN NaN NaN NaN NaN NaN NaN NaN NaN NaN NaN NaN 
NaN NaN NaN NaN NaN NaN NaN NaN NaN NaN NaN NaN NaN NaN NaN NaN NaN NaN NaN NaN NaN NaN NaN NaN NaN NaN NaN NaN NaN NaN NaN NaN NaN NaN NaN NaN NaN NaN NaN NaN 
NaN NaN NaN NaN NaN NaN NaN NaN NaN NaN NaN NaN NaN NaN NaN NaN NaN NaN NaN NaN NaN NaN NaN NaN NaN NaN NaN NaN NaN NaN NaN NaN NaN NaN NaN NaN NaN NaN NaN NaN 
NaN NaN NaN NaN NaN NaN NaN NaN NaN NaN NaN NaN NaN NaN NaN NaN NaN NaN NaN NaN NaN NaN NaN NaN NaN NaN NaN NaN NaN NaN NaN NaN NaN NaN NaN NaN NaN NaN NaN NaN 
