NaN NaN NaN NaN NaN NaN NaN NaN NaN NaN NaN NaN NaN NaN NaN NaN NaN NaN NaN NaN NaN NaN NaN NaN NaN NaN NaN NaN NaN NaN NaN NaN NaN NaN NaN NaN NaN NaN NaN NaN 
NaN NaN NaN NaN NaN NaN NaN NaN NaN NaN NaN NaN NaN NaN NaN NaN NaN NaN NaN NaN NaN NaN NaN NaN NaN NaN NaN NaN NaN NaN NaN NaN NaN NaN NaN NaN NaN NaN NaN NaN 
NaN NaN NaN NaN NaN NaN NaN NaN NaN NaN NaN NaN NaN NaN NaN NaN NaN NaN NaN NaN NaN NaN NaN NaN NaN NaN NaN NaN NaN NaN NaN NaN NaN NaN NaN NaN NaN NaN NaN NaN 
NaN NaN NaN NaN NaN NaN NaN NaN NaN NaN NaN NaN NaN NaN NaN NaN NaN NaN NaN NaN NaN NaN NaN NaN NaN NaN NaN NaN NaN NaN NaN NaN NaN NaN NaN NaN NaN NaN NaN NaN 
NaN NaN NaN NaN NaN NaN NaN NaN NaN NaN NaN NaN NaN NaN NaN NaN NaN NaN NaN NaN NaN NaN NaN NaN NaN NaN NaN NaN NaN NaN NaN NaN NaN NaN NaN NaN NaN NaN NaN NaN 
NaN NaN NaN NaN NaN NaN NaN NaN NaN NaN NaN NaN NaN NaN NaN NaN NaN NaN NaN NaN NaN NaN NaN NaN NaN NaN NaN NaN NaN NaN NaN NaN NaN NaN NaN NaN NaN NaN NaN NaN 
NaN NaN NaN NaN NaN NaN NaN NaN NaN NaN NaN NaN NaN NaN NaN NaN NaN NaN NaN NaN NaN NaN NaN NaN NaN NaN NaN NaN NaN NaN NaN NaN NaN NaN NaN NaN NaN NaN NaN NaN 
NaN NaN NaN NaN NaN NaN NaN NaN NaN NaN NaN NaN NaN NaN NaN NaN NaN NaN NaN NaN NaN NaN NaN NaN NaN NaN NaN NaN NaN NaN NaN NaN NaN NaN NaN NaN NaN NaN NaN NaN 
NaN NaN NaN NaN NaN NaN NaN NaN NaN NaN NaN NaN NaN NaN NaN NaN NaN NaN NaN NaN NaN NaN NaN NaN NaN NaN NaN NaN NaN NaN NaN NaN NaN NaN NaN NaN NaN NaN NaN NaN 
NaN NaN NaN NaN NaN NaN NaN NaN NaN NaN NaN NaN NaN NaN NaN NaN NaN NaN NaN NaN NaN NaN NaN NaN NaN NaN NaN NaN NaN NaN NaN NaN NaN NaN NaN NaN NaN NaN NaN NaN 
NaN NaN NaN NaN NaN NaN NaN NaN NaN NaN NaN NaN NaN NaN NaN NaN NaN NaN NaN NaN NaN NaN NaN NaN NaN NaN NaN NaN NaN NaN NaN NaN NaN NaN NaN NaN NaN NaN NaN NaN 
NaN NaN NaN NaN NaN NaN NaN NaN NaN NaN NaN NaN NaN NaN NaN NaN NaN NaN NaN NaN NaN NaN NaN NaN NaN NaN NaN NaN NaN NaN NaN NaN NaN NaN NaN NaN NaN NaN NaN NaN 
NaN NaN NaN NaN NaN NaN NaN NaN NaN NaN NaN NaN NaN NaN NaN NaN NaN NaN NaN NaN NaN NaN NaN NaN NaN NaN NaN NaN NaN NaN NaN NaN NaN NaN NaN NaN NaN NaN NaN NaN 
NaN NaN NaN NaN NaN NaN NaN NaN NaN NaN NaN NaN NaN NaN NaN NaN NaN NaN NaN NaN NaN NaN NaN NaN NaN NaN NaN NaN NaN NaN NaN NaN NaN NaN NaN NaN NaN NaN NaN NaN 
NaN NaN NaN NaN NaN NaN NaN NaN NaN NaN NaN NaN NaN NaN NaN NaN NaN NaN NaN NaN NaN NaN NaN NaN NaN NaN NaN NaN NaN NaN NaN NaN NaN NaN NaN NaN NaN NaN NaN NaN 
NaN NaN NaN NaN NaN NaN NaN NaN NaN NaN NaN NaN NaN NaN NaN NaN NaN NaN NaN NaN NaN NaN NaN NaN NaN NaN NaN NaN NaN NaN NaN NaN NaN NaN NaN NaN NaN NaN NaN NaN 
NaN NaN NaN NaN NaN NaN NaN NaN NaN NaN NaN NaN NaN NaN NaN NaN NaN NaN NaN NaN NaN NaN NaN NaN NaN NaN NaN NaN NaN NaN NaN NaN NaN NaN NaN NaN NaN NaN NaN NaN 
NaN NaN NaN NaN NaN NaN NaN NaN NaN NaN NaN NaN NaN NaN NaN NaN NaN NaN NaN NaN NaN NaN NaN NaN NaN NaN NaN NaN NaN NaN NaN NaN NaN NaN NaN NaN NaN NaN NaN NaN 
NaN NaN NaN NaN NaN NaN NaN NaN NaN NaN NaN NaN NaN NaN NaN NaN NaN NaN NaN NaN NaN NaN NaN NaN NaN NaN NaN NaN NaN NaN NaN NaN NaN NaN NaN NaN NaN NaN NaN NaN 
NaN NaN NaN NaN NaN NaN NaN NaN NaN NaN NaN NaN NaN NaN NaN NaN NaN NaN NaN NaN NaN NaN NaN NaN NaN NaN NaN NaN NaN NaN NaN NaN NaN NaN NaN NaN NaN NaN NaN NaN 
NaN NaN NaN NaN NaN NaN NaN NaN NaN NaN NaN NaN NaN NaN NaN NaN NaN NaN NaN NaN NaN NaN NaN NaN NaN NaN NaN NaN NaN NaN NaN NaN NaN NaN NaN NaN NaN NaN NaN NaN 
NaN NaN NaN NaN NaN NaN NaN NaN NaN NaN NaN NaN NaN NaN NaN NaN NaN NaN NaN NaN NaN NaN NaN NaN NaN NaN NaN NaN NaN NaN NaN NaN NaN NaN NaN NaN NaN NaN NaN NaN 
NaN NaN NaN NaN NaN NaN NaN NaN NaN NaN NaN NaN NaN NaN NaN NaN NaN NaN NaN NaN NaN NaN NaN NaN NaN NaN NaN NaN NaN NaN NaN NaN NaN NaN NaN NaN NaN NaN NaN NaN 
NaN NaN NaN NaN NaN NaN NaN NaN NaN NaN NaN NaN NaN NaN NaN NaN NaN NaN NaN NaN NaN NaN NaN NaN NaN NaN NaN NaN NaN NaN NaN NaN NaN NaN NaN NaN NaN NaN NaN NaN 
NaN NaN NaN NaN NaN NaN NaN NaN NaN NaN NaN NaN NaN NaN NaN NaN NaN NaN NaN NaN NaN NaN NaN NaN NaN NaN NaN NaN NaN NaN NaN NaN NaN NaN NaN NaN NaN NaN NaN NaN 
NaN NaN NaN NaN NaN NaN NaN NaN NaN NaN NaN NaN NaN NaN NaN NaN NaN NaN NaN NaN NaN NaN NaN NaN NaN NaN NaN NaN NaN NaN NaN NaN NaN NaN NaN NaN NaN NaN NaN NaN 
NaN NaN NaN NaN NaN NaN NaN NaN NaN NaN NaN NaN NaN NaN NaN NaN NaN NaN NaN NaN NaN NaN NaN NaN NaN NaN NaN NaN NaN NaN NaN NaN NaN NaN NaN NaN NaN NaN NaN NaN 
NaN NaN NaN NaN NaN NaN NaN NaN NaN NaN NaN NaN NaN NaN NaN NaN NaN NaN NaN NaN NaN NaN NaN NaN NaN NaN NaN NaN NaN NaN NaN NaN NaN NaN NaN NaN NaN NaN NaN NaN 
NaN NaN NaN NaN NaN NaN NaN NaN NaN NaN NaN NaN NaN NaN NaN NaN NaN NaN NaN NaN NaN NaN NaN NaN NaN NaN NaN NaN NaN NaN NaN NaN NaN NaN NaN NaN NaN NaN NaN NaN 
NaN NaN NaN NaN NaN NaN NaN NaN NaN NaN NaN NaN NaN NaN NaN NaN NaN NaN NaN NaN NaN NaN NaN NaN NaN NaN NaN NaN NaN NaN NaN NaN NaN NaN NaN NaN NaN NaN NaN NaN 
NaN NaN NaN NaN NaN NaN NaN NaN NaN NaN NaN NaN NaN NaN NaN NaN NaN NaN NaN NaN NaN NaN NaN NaN NaN NaN NaN NaN NaN NaN NaN NaN NaN NaN NaN NaN NaN NaN NaN NaN 
NaN NaN NaN NaN NaN NaN NaN NaN NaN NaN NaN NaN NaN NaN NaN NaN NaN NaN NaN NaN NaN NaN NaN NaN NaN NaN NaN NaN NaN NaN NaN NaN NaN NaN NaN NaN NaN NaN NaN NaN 
NaN NaN NaN NaN NaN NaN NaN NaN NaN NaN NaN NaN NaN NaN NaN NaN NaN NaN NaN NaN NaN NaN NaN NaN NaN NaN NaN NaN NaN NaN NaN NaN NaN NaN NaN NaN NaN NaN NaN NaN 
NaN NaN NaN NaN NaN NaN NaN NaN NaN NaN NaN NaN NaN NaN NaN NaN NaN NaN NaN NaN NaN NaN NaN NaN NaN NaN NaN NaN NaN NaN NaN NaN NaN NaN NaN NaN NaN NaN NaN NaN 
NaN NaN NaN NaN NaN NaN NaN NaN NaN NaN NaN NaN NaN NaN NaN NaN NaN NaN NaN NaN NaN NaN NaN NaN NaN NaN NaN NaN NaN NaN NaN NaN NaN NaN NaN NaN NaN NaN NaN NaN 
NaN NaN NaN NaN NaN NaN NaN NaN NaN NaN NaN NaN NaN NaN NaN NaN NaN NaN NaN NaN NaN NaN NaN NaN NaN NaN NaN NaN NaN NaN NaN NaN NaN NaN NaN NaN NaN NaN NaN NaN 
NaN NaN NaN NaN NaN NaN NaN NaN NaN NaN NaN NaN NaN NaN NaN NaN NaN NaN NaN NaN NaN NaN NaN NaN NaN NaN NaN NaN NaN NaN NaN NaN NaN NaN NaN NaN NaN NaN NaN NaN 
NaN NaN NaN NaN NaN NaN NaN NaN NaN NaN NaN NaN NaN NaN NaN NaN NaN NaN NaN NaN NaN NaN NaN NaN NaN NaN NaN NaN NaN NaN NaN NaN NaN NaN NaN NaN NaN NaN NaN NaN 
NaN NaN NaN NaN NaN NaN NaN NaN NaN NaN NaN NaN NaN NaN NaN NaN NaN NaN NaN NaN NaN NaN NaN NaN NaN NaN NaN NaN NaN NaN NaN NaN NaN NaN NaN NaN NaN NaN NaN NaN 
NaN NaN NaN NaN NaN NaN NaN NaN NaN NaN NaN NaN NaN NaN NaN NaN NaN NaN NaN NaN NaN NaN NaN NaN NaN NaN NaN NaN NaN NaN NaN NaN NaN NaN NaN NaN NaN NaN NaN NaN 
NaN NaN NaN NaN NaN NaN NaN NaN NaN NaN NaN NaN NaN NaN NaN NaN NaN NaN NaN NaN NaN NaN NaN NaN NaN NaN NaN NaN NaN NaN NaN NaN NaN NaN NaN NaN NaN NaN NaN NaN 
NaN NaN NaN NaN NaN NaN NaN NaN NaN NaN NaN NaN NaN NaN NaN NaN NaN NaN NaN NaN NaN NaN NaN NaN NaN NaN NaN NaN NaN NaN NaN NaN NaN NaN NaN NaN NaN NaN NaN NaN 
NaN NaN NaN NaN NaN NaN NaN NaN NaN NaN NaN NaN NaN NaN NaN NaN NaN NaN NaN NaN NaN NaN NaN NaN NaN NaN NaN NaN NaN NaN NaN NaN NaN NaN NaN NaN NaN NaN NaN NaN 
NaN NaN NaN NaN NaN NaN NaN NaN NaN NaN NaN NaN NaN NaN NaN NaN NaN NaN NaN NaN NaN NaN NaN NaN NaN NaN NaN NaN NaN NaN NaN NaN NaN NaN NaN NaN NaN NaN NaN NaN 
NaN NaN NaN NaN NaN NaN NaN NaN NaN NaN NaN NaN NaN NaN NaN NaN NaN NaN NaN NaN NaN NaN NaN NaN NaN NaN NaN NaN NaN NaN NaN NaN NaN NaN NaN NaN NaN NaN NaN NaN 
NaN NaN NaN NaN NaN NaN NaN NaN NaN NaN NaN NaN NaN NaN NaN NaN NaN NaN NaN NaN NaN NaN NaN NaN NaN NaN NaN NaN NaN NaN NaN NaN NaN NaN NaN NaN NaN NaN NaN NaN 
NaN NaN NaN NaN NaN NaN NaN NaN NaN NaN NaN NaN NaN NaN NaN NaN NaN NaN NaN NaN NaN NaN NaN NaN NaN NaN NaN NaN NaN NaN NaN NaN NaN NaN NaN NaN NaN NaN NaN NaN 
NaN NaN NaN NaN NaN NaN NaN NaN NaN NaN NaN NaN NaN NaN NaN NaN NaN NaN NaN NaN NaN NaN NaN NaN NaN NaN NaN NaN NaN NaN NaN NaN NaN NaN NaN NaN NaN NaN NaN NaN 
NaN NaN NaN NaN NaN NaN NaN NaN NaN NaN NaN NaN NaN NaN NaN NaN NaN NaN NaN NaN NaN NaN NaN NaN NaN NaN NaN NaN NaN NaN NaN NaN NaN NaN NaN NaN NaN NaN NaN NaN 
NaN NaN NaN NaN NaN NaN NaN NaN NaN NaN NaN NaN NaN NaN NaN NaN NaN NaN NaN NaN NaN NaN NaN NaN NaN NaN NaN NaN NaN NaN NaN NaN NaN NaN NaN NaN NaN NaN NaN NaN 
NaN NaN NaN NaN NaN NaN NaN NaN NaN NaN NaN NaN NaN NaN NaN NaN NaN NaN NaN NaN NaN NaN NaN NaN NaN NaN NaN NaN NaN NaN NaN NaN NaN NaN NaN NaN NaN NaN NaN NaN 
NaN NaN NaN NaN NaN NaN NaN NaN NaN NaN NaN NaN NaN NaN NaN NaN NaN NaN NaN NaN NaN NaN NaN NaN NaN NaN NaN NaN NaN NaN NaN NaN NaN NaN NaN NaN NaN NaN NaN NaN 
NaN NaN NaN NaN NaN NaN NaN NaN NaN NaN NaN NaN NaN NaN NaN NaN NaN NaN NaN NaN NaN NaN NaN NaN NaN NaN NaN NaN NaN NaN NaN NaN NaN NaN NaN NaN NaN NaN NaN NaN 
NaN NaN NaN NaN NaN NaN NaN NaN NaN NaN NaN NaN NaN NaN NaN NaN NaN NaN NaN NaN NaN NaN NaN NaN NaN NaN NaN NaN NaN NaN NaN NaN NaN NaN NaN NaN NaN NaN NaN NaN 
NaN NaN NaN NaN NaN NaN NaN NaN NaN NaN NaN NaN NaN NaN NaN NaN NaN NaN NaN NaN NaN NaN NaN NaN NaN NaN NaN NaN NaN NaN NaN NaN NaN NaN NaN NaN NaN NaN NaN NaN 
NaN NaN NaN NaN NaN NaN NaN NaN NaN NaN NaN NaN NaN NaN NaN NaN NaN NaN NaN NaN NaN NaN NaN NaN NaN NaN NaN NaN NaN NaN NaN NaN NaN NaN NaN NaN NaN NaN NaN NaN 
NaN NaN NaN NaN NaN NaN NaN NaN NaN NaN NaN NaN NaN NaN NaN NaN NaN NaN NaN NaN NaN NaN NaN NaN NaN NaN NaN NaN NaN NaN NaN NaN NaN NaN NaN NaN NaN NaN NaN NaN 
NaN NaN NaN NaN NaN NaN NaN NaN NaN NaN NaN NaN NaN NaN NaN NaN NaN NaN NaN NaN NaN NaN NaN NaN NaN NaN NaN NaN NaN NaN NaN NaN NaN NaN NaN NaN NaN NaN NaN NaN 
NaN NaN NaN NaN NaN NaN NaN NaN NaN NaN NaN NaN NaN NaN NaN NaN NaN NaN NaN NaN NaN NaN NaN NaN NaN NaN NaN NaN NaN NaN NaN NaN NaN NaN NaN NaN NaN NaN NaN NaN 
NaN NaN NaN NaN NaN NaN NaN NaN NaN NaN NaN NaN NaN NaN NaN NaN NaN NaN NaN NaN NaN NaN NaN NaN NaN NaN NaN NaN NaN NaN NaN NaN NaN NaN NaN NaN NaN NaN NaN NaN 
NaN NaN NaN NaN NaN NaN NaN NaN NaN NaN NaN NaN NaN NaN NaN NaN NaN NaN NaN NaN NaN NaN NaN NaN NaN NaN NaN NaN NaN NaN NaN NaN NaN NaN NaN NaN NaN NaN NaN NaN 
NaN NaN NaN NaN NaN NaN NaN NaN NaN NaN NaN NaN NaN NaN NaN NaN NaN NaN NaN NaN NaN NaN NaN NaN NaN NaN NaN NaN NaN NaN NaN NaN NaN NaN NaN NaN NaN NaN NaN NaN 
NaN NaN NaN NaN NaN NaN NaN NaN NaN NaN NaN NaN NaN NaN NaN NaN NaN NaN NaN NaN NaN NaN NaN NaN NaN NaN NaN NaN NaN NaN NaN NaN NaN NaN NaN NaN NaN NaN NaN NaN 
NaN NaN NaN NaN NaN NaN NaN NaN NaN NaN NaN NaN NaN NaN NaN NaN NaN NaN NaN NaN NaN NaN NaN NaN NaN NaN NaN NaN NaN NaN NaN NaN NaN NaN NaN NaN NaN NaN NaN NaN 
NaN NaN NaN NaN NaN NaN NaN NaN NaN NaN NaN NaN NaN NaN NaN NaN NaN NaN NaN NaN NaN NaN NaN NaN NaN NaN NaN NaN NaN NaN NaN NaN NaN NaN NaN NaN NaN NaN NaN NaN 
NaN NaN NaN NaN NaN NaN NaN NaN NaN NaN NaN NaN NaN NaN NaN NaN NaN NaN NaN NaN NaN NaN NaN NaN NaN NaN NaN NaN NaN NaN NaN NaN NaN NaN NaN NaN NaN NaN NaN NaN 
NaN NaN NaN NaN NaN NaN NaN NaN NaN NaN NaN NaN NaN NaN NaN NaN NaN NaN NaN NaN NaN NaN NaN NaN NaN NaN NaN NaN NaN NaN NaN NaN NaN NaN NaN NaN NaN NaN NaN NaN 
NaN NaN NaN NaN NaN NaN NaN NaN NaN NaN NaN NaN NaN NaN NaN NaN NaN NaN NaN NaN NaN NaN NaN NaN NaN NaN NaN NaN NaN NaN NaN NaN NaN NaN NaN NaN NaN NaN NaN NaN 
NaN NaN NaN NaN NaN NaN NaN NaN NaN NaN NaN NaN NaN NaN NaN NaN NaN NaN NaN NaN NaN NaN NaN NaN NaN NaN NaN NaN NaN NaN NaN NaN NaN NaN NaN NaN NaN NaN NaN NaN 
NaN NaN NaN NaN NaN NaN NaN NaN NaN NaN NaN NaN NaN NaN NaN NaN NaN NaN NaN NaN NaN NaN NaN NaN NaN NaN NaN NaN NaN NaN NaN NaN NaN NaN NaN NaN NaN NaN NaN NaN 
NaN NaN NaN NaN NaN NaN NaN NaN NaN NaN NaN NaN NaN NaN NaN NaN NaN NaN NaN NaN NaN NaN NaN NaN NaN NaN NaN NaN NaN NaN NaN NaN NaN NaN NaN NaN NaN NaN NaN NaN 
NaN NaN NaN NaN NaN NaN NaN NaN NaN NaN NaN NaN NaN NaN NaN NaN NaN NaN NaN NaN NaN NaN NaN NaN NaN NaN NaN NaN NaN NaN NaN NaN NaN NaN NaN NaN NaN NaN NaN NaN 
NaN NaN NaN NaN NaN NaN NaN NaN NaN NaN NaN NaN NaN NaN NaN NaN NaN NaN NaN NaN NaN NaN NaN NaN NaN NaN NaN NaN NaN NaN NaN NaN NaN NaN NaN NaN NaN NaN NaN NaN 
NaN NaN NaN NaN NaN NaN NaN NaN NaN NaN NaN NaN NaN NaN NaN NaN NaN NaN NaN NaN NaN NaN NaN NaN NaN NaN NaN NaN NaN NaN NaN NaN NaN NaN NaN NaN NaN NaN NaN NaN 
NaN NaN NaN NaN NaN NaN NaN NaN NaN NaN NaN NaN NaN NaN NaN NaN NaN NaN NaN NaN NaN NaN NaN NaN NaN NaN NaN NaN NaN NaN NaN NaN NaN NaN NaN NaN NaN NaN NaN NaN 
NaN NaN NaN NaN NaN NaN NaN NaN NaN NaN NaN NaN NaN NaN NaN NaN NaN NaN NaN NaN NaN NaN NaN NaN NaN NaN NaN NaN NaN NaN NaN NaN NaN NaN NaN NaN NaN NaN NaN NaN 
NaN NaN NaN NaN NaN NaN NaN NaN NaN NaN NaN NaN NaN NaN NaN NaN NaN NaN NaN NaN NaN NaN NaN NaN NaN NaN NaN NaN NaN NaN NaN NaN NaN NaN NaN NaN NaN NaN NaN NaN 
NaN NaN NaN NaN NaN NaN NaN NaN NaN NaN NaN NaN NaN NaN NaN NaN NaN NaN NaN NaN NaN NaN NaN NaN NaN NaN NaN NaN NaN NaN NaN NaN NaN NaN NaN NaN NaN NaN NaN NaN 
NaN NaN NaN NaN NaN NaN NaN NaN NaN NaN NaN NaN NaN NaN NaN NaN NaN NaN NaN NaN NaN NaN NaN NaN NaN NaN NaN NaN NaN NaN NaN NaN NaN NaN NaN NaN NaN NaN NaN NaN 
NaN NaN NaN NaN NaN NaN NaN NaN NaN NaN NaN NaN NaN NaN NaN NaN NaN NaN NaN NaN NaN NaN NaN NaN NaN NaN NaN NaN NaN NaN NaN NaN NaN NaN NaN NaN NaN NaN NaN NaN 
NaN NaN NaN NaN NaN NaN NaN NaN NaN NaN NaN NaN NaN NaN NaN NaN NaN NaN NaN NaN NaN NaN NaN NaN NaN NaN NaN NaN NaN NaN NaN NaN NaN NaN NaN NaN NaN NaN NaN NaN 
NaN NaN NaN NaN NaN NaN NaN NaN NaN NaN NaN NaN NaN NaN NaN NaN NaN NaN NaN NaN NaN NaN NaN NaN NaN NaN NaN NaN NaN NaN NaN NaN NaN NaN NaN NaN NaN NaN NaN NaN 
NaN NaN NaN NaN NaN NaN NaN NaN NaN NaN NaN NaN NaN NaN NaN NaN NaN NaN NaN NaN NaN NaN NaN NaN NaN NaN NaN NaN NaN NaN NaN NaN NaN NaN NaN NaN NaN NaN NaN NaN 
-93.055652 -93.145231 -93.294994 -93.549593 -93.899129 -94.397812 -95.022651 -95.852228 -97.009589 -98.486460 -100.464914 -103.309120 -107.579590 -115.810178 -119.119196 -110.654765 -107.006406 -105.503829 -105.333905 -106.246739 -107.887340 -108.934939 -108.181979 -107.096752 -107.282883 -109.197500 -110.428475 -107.757159 -105.713019 -106.967950 -113.453782 -110.710808 -105.548489 -107.312227 -114.965793 -106.691901 -105.157364 -110.925365 -117.326361 -106.325774 
-58.587270 -65.113737 -69.278641 -71.664832 -75.778795 -73.296403 -75.741517 -85.141788 -86.991573 -77.802223 -75.785531 -76.048346 -80.694661 -86.285168 -86.622020 -80.703831 -78.775614 -86.607978 -79.034559 -78.410671 -76.562484 -79.399031 -84.898686 -80.879385 -76.887978 -78.679321 -79.037567 -78.056918 -80.851563 -82.555302 -79.425307 -77.355356 -77.789264 -79.689455 -75.515015 -76.699320 -78.570698 -79.824132 -78.834936 -80.488393 
-54.577416 -76.491572 -76.000497 -71.981166 -74.895857 -72.341979 -72.180496 -70.805371 -68.924831 -72.529889 -75.247340 -73.620955 -73.052526 -78.674737 -75.955757 -73.602128 -73.600116 -76.162227 -75.756973 -74.012525 -75.593690 -75.717041 -77.517245 -74.572066 -69.397107 -72.192504 -74.740562 -76.656250 -76.645513 -73.332374 -73.229346 -75.970300 -73.000038 -76.124755 -73.610734 -72.645706 -76.406203 -75.768192 -73.569527 -75.548314 
-56.183026 -65.505020 -72.033588 -73.367073 -78.053072 -71.131798 -69.973359 -66.118546 -64.369120 -72.004479 -78.735109 -70.526645 -65.288928 -69.608848 -70.350271 -71.962661 -76.169029 -77.223541 -80.546039 -77.728049 -69.321265 -73.116146 -75.727782 -74.637033 -74.562974 -68.418233 -71.124970 -71.892579 -73.385766 -76.272389 -76.077055 -72.609357 -73.405837 -74.368403 -74.333828 -71.122466 -73.878266 -74.533614 -72.875237 -76.130427 
-58.958898 -54.155817 -53.856230 -56.490101 -57.131722 -59.205474 -62.531632 -64.553617 -65.922991 -63.808730 -65.432673 -67.872170 -67.064765 -65.343666 -68.657349 -72.108710 -68.662464 -70.806012 -73.480833 -70.357238 -68.985817 -72.335615 -73.072395 -71.996864 -74.956502 -71.359656 -68.867984 -66.436959 -70.315963 -71.246457 -75.250821 -73.947009 -73.148491 -68.468410 -70.903579 -72.565159 -72.548413 -72.797728 -70.838780 -71.845887 
-29.004780 -29.506111 -33.543917 -38.570750 -40.728246 -46.559379 -48.497981 -46.817226 -47.462968 -50.410270 -55.447565 -55.554527 -57.521728 -53.890614 -58.329751 -60.669970 -58.527064 -56.615739 -59.148529 -59.503944 -59.156028 -60.807830 -61.906232 -61.334533 -66.604059 -67.031781 -62.846490 -61.941663 -62.919809 -66.350149 -69.077021 -68.956450 -68.020390 -66.986179 -68.411854 -67.947017 -65.227059 -68.719930 -68.018772 -72.564564 
-19.319147 -25.940522 -32.959799 -40.680893 -46.013461 -50.455763 -52.047019 -51.665717 -45.451043 -46.647888 -49.065090 -49.630430 -49.115042 -49.183172 -56.076165 -56.064714 -56.625242 -54.195744 -52.302241 -52.609137 -56.809586 -59.974338 -59.151396 -59.426043 -60.444121 -61.901198 -61.133069 -60.454448 -61.347530 -65.377718 -63.720459 -67.353986 -63.832623 -65.198715 -64.988399 -66.854497 -62.717062 -65.443125 -66.447693 -72.862915 
-18.201462 -20.099704 -33.271585 -52.503433 -44.607398 -43.231550 -47.512757 -48.245234 -41.643234 -39.529973 -38.247762 -38.009657 -40.108056 -47.539162 -48.547085 -55.239028 -54.601669 -49.785881 -44.290983 -48.049373 -54.836260 -54.462187 -54.134612 -52.187744 -58.294886 -55.031395 -59.134666 -56.328799 -60.343568 -62.738419 -60.282403 -61.915476 -56.379189 -58.120980 -60.097388 -59.839955 -56.184927 -56.700928 -57.735362 -62.224298 
-34.330351 -22.937921 -31.753427 -34.200768 -33.096318 -33.472625 -39.002108 -39.251325 -30.417943 -27.833312 -30.081917 -33.311082 -30.961649 -31.560117 -32.902608 -36.678419 -34.864694 -37.278053 -32.801114 -35.124050 -43.328341 -46.840004 -42.197492 -42.592955 -46.216987 -49.235731 -50.341320 -52.925799 -50.448703 -53.955168 -54.458146 -56.784126 -52.122022 -54.251942 -56.189974 -55.287322 -50.946238 -52.518133 -49.336079 -54.885432 
-23.060741 -18.325630 -21.319979 -20.771086 -27.826538 -37.283587 -31.886507 -35.585002 -27.194583 -17.805064 -23.773285 -21.206032 -14.959219 -23.711028 -25.437096 -26.771156 -25.301610 -29.227237 -26.130729 -25.099810 -33.264562 -38.604621 -32.167511 -29.349956 -33.395441 -39.692680 -37.855583 -38.483115 -39.574631 -41.306934 -44.177179 -47.416939 -47.866516 -48.281341 -47.050743 -42.146506 -43.281859 -42.484700 -43.124802 -45.526992 
-19.680693 -19.704484 -21.359155 -17.182670 -23.450109 -34.083715 -29.071263 -26.102042 -22.357696 -16.446351 -18.876067 -17.826775 -12.788564 -14.521127 -15.096414 -23.672909 -19.787744 -16.947920 -16.599171 -17.511339 -26.815838 -34.173805 -28.441283 -25.707033 -25.248855 -27.143413 -30.265037 -26.581026 -24.352274 -29.936267 -35.221509 -41.919337 -44.421638 -37.703133 -37.331156 -35.810286 -34.620467 -31.562989 -33.242874 -38.464912 
-20.267179 -22.485149 -27.386409 -18.443421 -21.128151 -26.611727 -25.664591 -23.929608 -19.970893 -12.529114 -13.727218 -15.736692 -6.461035 -4.208209 -14.047280 -10.780029 -11.477242 -11.578448 -11.471691 -10.961534 -21.896613 -26.891735 -19.395328 -21.416764 -20.025094 -20.603027 -23.988793 -23.484204 -23.376163 -28.290805 -31.568588 -42.392825 -40.402134 -33.854019 -35.904522 -38.226951 -30.255900 -27.185597 -30.072669 -34.195634 
-26.720589 -27.433404 -23.253560 -20.065798 -19.607290 -18.079899 -24.071727 -22.530437 -20.972013 -6.560219 -7.752843 -8.490558 0.927465 0.297785 -2.162477 -11.094998 -10.816387 -6.274496 -5.284189 -14.204849 -20.666347 -20.918634 -16.742551 -19.909778 -16.073751 -18.200908 -20.722020 -19.342599 -19.753236 -24.895552 -28.844785 -38.098550 -37.499551 -30.371787 -31.951520 -32.763706 -27.973252 -23.903958 -24.101964 -29.238943 
-30.972393 -18.926382 -13.922326 -17.927021 -22.680406 -13.624831 -15.879443 -14.710804 -16.434247 -8.431918 -5.449965 -1.903353 2.178174 1.412746 -2.660994 -2.005185 -2.072172 -3.548828 -6.216193 -8.224552 -18.282662 -19.430723 -14.320699 -10.897522 -11.406360 -21.123655 -22.133619 -20.495664 -18.395374 -22.806212 -30.078097 -35.872932 -28.065247 -26.456164 -30.204854 -29.833804 -25.128223 -21.774429 -23.514768 -29.358146 
-30.972471 -17.683474 -11.466749 -9.723416 -13.837331 -16.750533 -15.972290 -15.323723 -8.755449 -2.592099 -4.582586 -6.394095 -1.011084 1.619697 -4.167344 -0.367317 -2.370143 2.332885 -3.371298 -13.746703 -21.677396 -16.089867 -13.506021 -8.680423 -7.584786 -16.307114 -23.535899 -19.410977 -19.108545 -23.135474 -30.368479 -32.632824 -27.457339 -26.198551 -28.244536 -26.459263 -26.321837 -21.436048 -22.979602 -29.414374 
-31.800080 -26.579535 -22.622807 -14.654784 -12.356884 -20.041530 -26.452101 -21.799244 -15.788939 -10.909853 -11.264918 -3.413742 8.669045 9.509951 2.997774 -0.685964 -3.209379 -1.700094 -9.069001 -13.620722 -20.402145 -17.871161 -13.120202 -3.289249 -4.312339 -15.526738 -22.100327 -21.522939 -18.274865 -23.201869 -31.194120 -28.359072 -24.032944 -25.700452 -25.523483 -27.165741 -25.459532 -18.439798 -22.524875 -29.407935 
-12.251050 -5.104693 -10.745187 -11.363993 -17.370075 -18.972417 -18.422979 -17.651632 -15.129876 -6.164109 -7.906431 4.106399 12.548882 8.356266 4.663107 2.573278 -3.460310 -0.629711 -6.936717 -15.509116 -21.258853 -20.645680 -17.938168 -6.188542 -4.648781 -17.071695 -23.039357 -19.359627 -21.671838 -27.219684 -34.406758 -27.548307 -27.173926 -25.571978 -22.219826 -36.275480 -25.977132 -16.430831 -20.933479 -33.784521 
-9.209338 7.317397 13.173699 9.902793 0.330058 0.217247 3.139419 1.594587 4.009492 5.447477 9.933329 11.471788 10.585447 9.729249 9.584747 10.108726 6.088911 -0.649600 -5.311128 -8.551054 -11.614081 -13.792663 -13.598829 -7.256142 -5.443867 -11.915257 -13.840779 -16.525585 -18.625368 -23.069597 -32.866997 -30.552163 -28.164646 -25.522743 -27.949735 -35.926926 -28.911057 -20.462128 -20.729041 -32.723258 
1.194456 13.517117 18.823965 12.242868 7.099697 9.843672 2.864153 9.986261 7.810145 14.138032 14.001432 22.323278 20.124506 18.383695 16.027621 16.729901 14.389432 6.274149 0.835226 -2.994542 -5.534319 -4.880090 -4.632537 0.997912 1.629643 -3.971103 -6.450108 -8.587449 -9.821878 -17.110697 -25.168216 -23.398040 -22.215447 -28.437019 -33.156058 -34.445694 -32.911465 -31.084021 -32.441754 -34.650768 
-8.020878 5.778058 14.955998 6.814621 7.347643 10.432730 -2.062196 3.540845 3.270051 13.296032 12.379616 19.359612 23.825844 17.673736 15.582889 18.411009 12.932150 7.837744 1.403611 -3.796047 -6.648345 -6.098108 -4.104190 1.992431 1.526916 -5.584483 -8.629355 -10.853433 -11.008068 -18.427621 -26.377664 -21.778375 -24.149270 -31.833047 -37.561055 -35.445097 -37.685090 -34.939741 -36.869062 -41.985784 
-17.890825 2.102994 12.527263 6.929687 5.526111 9.637651 -3.746553 3.955954 2.105707 11.246612 11.581207 19.784373 19.673612 17.932036 16.072643 15.820673 12.788564 7.566210 1.056199 -4.659436 -7.905075 -9.283045 -7.543138 0.639869 -0.296390 -6.615786 -10.457519 -8.898659 -11.173196 -21.195616 -31.246345 -23.444539 -26.793573 -34.239383 -34.666270 -36.313120 -36.809471 -33.875149 -34.277247 -36.604176 
-15.602504 1.398805 11.809411 5.847348 3.361234 10.000052 -2.013228 2.948207 -1.060585 11.349261 10.031655 21.640044 16.734174 16.410404 14.560636 15.240672 13.923382 9.849091 3.660457 -2.881934 -5.481543 -8.572278 -6.573929 -0.310630 -2.414014 -8.526371 -12.540157 -8.529329 -10.989957 -24.825396 -38.228706 -24.557546 -23.805886 -31.666532 -37.866973 -43.382129 -44.020483 -35.476316 -32.862253 -39.383597 
-15.799007 0.276090 11.613020 6.722088 0.393083 9.933145 0.870828 4.405925 1.867856 12.314196 12.586880 23.071043 14.102407 12.863580 11.206893 11.067054 13.191141 13.776178 4.255127 -5.801933 -8.196789 -7.432443 -3.490534 -0.752838 -5.340775 -13.909643 -18.332188 -10.543709 -9.098633 -22.587788 -43.308274 -31.497451 -24.471533 -30.275291 -38.421627 -52.253498 -53.673362 -37.007630 -37.168882 -44.027551 
-16.668647 -1.220414 11.749138 8.817866 -0.882912 10.701266 3.455260 4.068523 5.051596 11.656199 13.698386 21.976990 16.488618 6.278018 5.947417 7.845868 11.882983 14.293348 8.021101 -4.573885 -8.386701 -4.020693 -2.270037 0.667814 -7.921185 -13.933332 -20.730367 -9.772973 -7.627242 -19.470662 -32.893313 -30.781747 -27.205580 -31.322602 -35.015025 -35.723842 -35.753636 -32.921534 -32.796907 -35.845273 
-19.468460 -1.977920 12.237557 10.913723 -1.042783 11.497907 6.808489 1.713970 7.111074 13.444689 18.019785 17.872840 16.945362 8.776762 3.390271 6.326928 7.692617 11.637699 9.803003 -10.088107 -7.575495 -6.881805 -1.813995 -1.051020 -7.256674 -14.095022 -21.605562 -7.711858 -7.803437 -14.134268 -27.162945 -25.204906 -24.234056 -29.681213 -41.933038 -45.654558 -39.901366 -30.373155 -35.817308 -41.102343 
-16.219062 -1.582319 13.421974 12.822485 -2.834837 12.118515 9.245559 4.442830 12.362939 17.021278 23.108604 11.861014 11.724098 6.415850 3.619654 6.068443 3.546776 7.495145 11.317888 -1.259646 -3.505651 -3.981341 0.760889 -1.435421 -9.437617 -20.694021 -23.578279 -10.577365 -8.514201 -11.503396 -23.851048 -24.658057 -21.455779 -23.314710 -34.828320 -38.840744 -31.519715 -24.261782 -30.029152 -36.032868 
-19.385592 -1.235991 14.492984 14.378584 -1.763654 13.115784 11.031936 7.331071 15.407527 17.129458 23.250427 4.961723 6.232769 -2.915255 -1.038706 2.021536 0.386291 3.874618 10.603730 5.568279 -0.557959 -3.097717 2.523065 1.219858 -10.784009 -22.109609 -20.836189 -10.254877 -10.740195 -12.037831 -22.585345 -22.991750 -21.428417 -24.615976 -30.739234 -32.838010 -27.743031 -20.423166 -27.504926 -31.417953 
-10.651517 -0.058773 15.755413 16.001715 1.406859 14.471658 12.848187 9.937867 17.139719 9.859989 17.215094 3.290227 4.653087 -3.135389 -3.553593 -7.531711 -7.470223 -6.037765 1.683606 5.787617 1.022922 -2.352865 1.539894 -1.717235 -9.327753 -16.441282 -15.811976 -13.491346 -14.171575 -12.916391 -19.474801 -23.785149 -26.516306 -25.730405 -35.776796 -39.535083 -26.543000 -17.807751 -28.062156 -33.877327 
-21.740654 0.459830 16.599291 16.837370 0.369238 15.936398 14.962698 17.404082 22.439349 4.791080 9.944980 -0.628127 0.890394 -5.066339 -2.258015 -7.554905 -7.806868 -6.370083 -3.471382 4.896263 0.783475 -2.728965 0.371641 -4.360693 -6.866361 -10.219438 -10.952895 -15.995687 -16.402463 -13.261696 -19.300661 -23.632795 -28.152979 -26.901303 -30.374144 -33.848608 -25.998467 -20.705807 -29.224259 -31.767686 
-15.045377 2.647849 17.402542 16.538981 5.985038 19.647118 16.257950 19.768263 20.456049 2.140706 6.390156 -3.461318 -2.370191 -6.233429 -6.206425 -8.122433 -8.430967 -5.709973 -3.701400 0.383627 2.351230 -2.323093 -3.716378 -3.197185 -10.778296 -8.101109 -10.539612 -18.038548 -18.504358 -13.218482 -22.833906 -26.335212 -29.214530 -27.063000 -29.839653 -32.094215 -21.553947 -20.831259 -30.616078 -32.673441 
-14.559388 5.007892 17.539484 16.061278 13.917570 21.153289 14.977406 14.133693 8.784765 2.442066 2.257648 -5.474114 -3.901007 -10.841870 -12.690249 -9.668067 -11.703139 -8.369046 -2.524070 1.202749 1.560850 -1.228049 0.246139 0.336023 -11.173499 -12.090486 -17.354966 -21.053669 -21.369707 -21.422939 -29.747592 -40.751250 -36.600350 -35.525668 -41.123768 -35.952227 -23.448927 -27.293153 -37.051143 -37.374914 
-7.058254 8.549507 16.201254 8.260705 10.692530 11.008187 7.934831 7.584235 3.828880 -1.049058 -5.803361 -9.891702 -15.388362 -23.523684 -22.785930 -20.495560 -24.725076 -11.241267 -7.544539 -4.803093 -9.180308 -7.004201 -3.514162 -7.658910 -20.838800 -23.394672 -24.059188 -26.699278 -26.370091 -30.922972 -39.382043 -42.420089 -43.172586 -37.661127 -44.881211 -44.040190 -33.680479 -36.350092 -43.666715 -41.553364 
-8.735382 9.371209 18.647704 13.596357 0.325592 0.201709 -9.882074 -4.673348 -8.061991 -11.309703 -18.219596 -20.221517 -26.150872 -27.603863 -29.722508 -27.855821 -32.953009 -16.018983 -14.504409 -16.699534 -14.740412 -19.254790 -22.608889 -26.222501 -29.368855 -30.866057 -32.240256 -32.088347 -37.676088 -41.347151 -43.278204 -47.749424 -49.169556 -44.788698 -50.414804 -51.525898 -42.847397 -44.412883 -49.262603 -45.973207 
-9.424288 10.284614 17.479822 9.015635 -0.058444 -1.044293 -5.190942 -3.521163 -10.152613 -17.199472 -16.292034 -23.470312 -29.082329 -31.832735 -33.879700 -32.499782 -31.148506 -27.460544 -21.450356 -21.589434 -29.932946 -27.787691 -25.442762 -32.586689 -36.531593 -41.610740 -41.699444 -41.277027 -42.166322 -42.795107 -44.293206 -44.813699 -45.378413 -45.499417 -45.746383 -46.172709 -46.140944 -46.796245 -46.910163 -47.042010 
-7.227782 9.866553 14.747849 4.110596 -3.980520 -9.462467 -8.344134 -10.812233 -13.249189 -17.138075 -23.735460 -26.980944 -25.822411 -26.632236 -28.409114 -27.921071 -27.249426 -22.206254 -20.273700 -20.261241 -27.084976 -30.787704 -32.487815 -32.806714 -32.864704 -32.919471 -35.096882 -35.792909 -36.388607 -36.419411 -37.023118 -37.910170 -38.559797 -39.352373 -40.185673 -40.439651 -41.497149 -42.024666 -43.166708 -45.566956 
-8.179004 7.321741 12.175486 -0.243098 -10.407843 -11.234970 -6.145258 -10.358510 -14.494864 -13.546979 -13.352264 -11.332050 -9.102078 -11.440718 -14.615752 -12.592116 -10.796094 -17.700506 -8.152999 -5.859396 -12.173714 -3.146729 -4.580364 -11.470312 -4.789912 -10.799242 -17.287755 -24.725432 -23.993894 -24.990477 -26.387172 -26.771173 -27.607283 -30.369573 -26.359141 -21.667886 -20.062067 -15.384610 -20.850926 -28.549954 
-5.051959 9.421260 13.994281 4.649125 0.040858 -1.663745 -5.942945 -9.580805 -16.095600 -21.112282 -18.613043 -17.864036 -14.271382 -19.213107 -22.005739 -20.223602 -14.215603 -14.573339 -7.331546 -2.471057 -8.074179 -4.084246 -6.220175 -8.921021 -3.105059 -7.695715 -15.742674 -14.725486 -16.580288 -20.295278 -19.560684 -18.387566 -19.832682 -20.430715 -19.181552 -11.427021 -11.832552 -12.044988 -18.423064 -25.150395 
-3.671314 12.267300 17.293799 9.555467 5.335877 4.621395 4.000045 0.666136 -15.213995 -18.030970 -12.569022 -13.942636 -15.631822 -17.178302 -21.535196 -22.724342 -15.671229 -11.931275 -7.200187 -3.551334 -9.332517 -4.378980 -3.886776 -10.510798 -8.780046 -10.334955 -14.105779 -17.087546 -16.353335 -19.506600 -21.774299 -19.473057 -19.389911 -16.116156 -16.192881 -13.183518 -15.634777 -13.308326 -14.829973 -24.183564 
-4.143339 14.425339 18.387902 10.223180 14.082411 10.423163 11.227710 7.899434 -10.173293 -8.098251 -6.858708 -6.284889 -9.472268 -12.427115 -17.931898 -14.252004 -15.475242 -8.629572 -5.226525 -1.381240 -8.108848 -6.944909 -12.926933 -16.557798 -18.511044 -17.662667 -22.670595 -17.684996 -12.490103 -23.002364 -26.829430 -22.884348 -17.381557 -16.477088 -18.319523 -21.715004 -21.092251 -18.458123 -19.855499 -29.843312 
-1.960122 15.889385 18.251507 12.064082 17.470645 11.989739 14.752961 7.935676 1.967121 -5.903951 -6.185971 -3.650363 -10.476033 -9.910747 -14.916117 -11.647085 -10.399307 -3.772251 -0.556711 -1.107255 -7.953051 -11.991045 -24.117578 -18.530602 -16.194835 -22.345076 -28.243907 -26.715139 -26.736479 -29.710781 -31.654146 -32.336698 -28.200313 -21.630936 -26.780253 -30.078556 -26.499464 -26.393335 -26.811949 -32.076714 
1.264918 16.744303 18.001528 12.964040 15.951428 11.367880 15.922850 11.518976 5.371504 -4.040799 -3.582920 -3.959334 -7.477099 -10.756217 -13.836776 -11.362181 -7.368580 0.960992 2.868342 -1.160507 -4.555449 -9.142768 -16.312283 -14.691438 -16.902995 -25.180608 -33.473089 -34.344811 -35.750430 -34.279517 -40.952414 -38.342642 -36.148979 -34.511479 -36.358155 -35.943320 -35.009325 -36.108269 -36.604280 -36.077573 
0.728277 16.437610 16.079917 13.448152 12.191517 8.280250 10.674733 14.431717 7.751388 -3.894732 -4.415435 -5.832615 -7.940244 -12.298962 -12.867165 -14.184195 -8.590986 -0.235125 2.763687 -2.397937 -4.748445 -3.108828 -13.429563 -15.278196 -17.602224 -22.038445 -28.188428 -31.681814 -30.834057 -31.018964 -33.570615 -35.005253 -34.859141 -35.684105 -35.939698 -36.379636 -36.435567 -36.008945 -35.696598 -31.643426 
3.400236 16.183449 14.495680 13.724927 9.987937 2.113241 6.587399 16.892993 8.118463 -6.633320 -2.016144 -3.969071 -9.472400 -11.804955 -9.818928 -9.682339 -11.079641 -4.167110 2.294351 -2.881275 -5.046833 -4.381264 -10.477228 -15.309780 -18.207004 -20.400197 -27.881586 -29.476108 -29.380105 -28.321546 -32.611490 -41.220292 -48.233278 -52.079436 -51.186345 -52.235228 -50.603159 -42.161706 -40.000160 -33.393218 
2.712356 15.211638 13.033144 13.868961 8.885522 -0.689021 4.440298 12.218049 4.606676 -1.444005 -3.786654 -8.136594 -8.734234 -11.297840 -12.768847 -13.072022 -16.492046 -8.892686 1.974369 0.156498 -7.897128 -4.448631 -7.653922 -13.586305 -18.090279 -20.418537 -25.279734 -27.251904 -26.664239 -27.274789 -31.687639 -40.002256 -45.631321 -47.573971 -48.037885 -48.391669 -48.661687 -41.500663 -37.230907 -33.559483 
3.061993 13.841700 11.464829 13.174418 7.119407 -6.295885 2.022729 4.066890 4.891718 0.423517 -5.676674 -10.929177 -8.535110 -9.599820 -11.004608 -12.854012 -11.656862 -9.608752 -2.391508 1.728668 -4.566420 -5.459311 -5.085114 -12.470664 -22.446399 -26.296857 -26.879088 -25.332050 -24.349735 -28.896658 -34.444600 -40.359700 -42.407381 -48.948088 -50.133040 -50.700824 -51.324303 -42.932791 -38.097775 -37.234927 
2.359452 12.348497 10.019113 11.880656 4.089135 -5.575380 -2.918181 -2.034639 3.534169 -3.155796 -9.613255 -9.689863 -10.021188 -12.818703 -11.791091 -13.789797 -14.153792 -11.811895 -3.586409 -0.954768 -8.736145 -9.443602 -5.472710 -11.407965 -22.057145 -31.912752 -26.809955 -24.288453 -23.922481 -30.125808 -33.073914 -41.758258 -41.961423 -45.322273 -46.319285 -46.766400 -47.207349 -43.638194 -38.292940 -35.896353 
2.110530 11.476673 9.161844 10.894218 3.163355 -6.399618 -4.170848 -1.298650 0.637694 -2.749040 -8.220241 -12.446416 -13.877582 -13.044561 -12.108435 -14.581579 -16.347623 -12.762021 -4.971883 -2.734095 -9.521157 -11.663847 -7.379547 -11.055272 -22.992894 -32.996841 -27.539779 -23.860319 -22.208265 -27.577301 -34.153121 -41.609326 -46.504824 -57.055893 -63.372484 -67.194418 -70.648786 -43.687597 -41.087266 -42.272546 
0.858565 10.295763 8.649165 9.923969 -0.096631 -8.103627 -9.170513 -4.369810 -6.259165 -4.789834 -11.037724 -11.884999 -16.448973 -17.850378 -16.795992 -17.463049 -20.532340 -18.251833 -8.482163 -6.350490 -12.022710 -17.847650 -11.159160 -14.687455 -26.331033 -32.668492 -32.852894 -28.699676 -26.857481 -32.532869 -36.015328 -39.791345 -43.956306 -49.674828 -50.177901 -50.601079 -50.892429 -48.395744 -46.746887 -43.810429 
1.144980 8.788270 7.541535 9.015665 -3.293470 -13.441385 -11.995732 -6.768669 -10.229291 -9.709687 -18.591179 -19.968347 -21.636669 -24.857107 -22.819013 -25.557236 -25.988988 -19.059236 -12.100873 -12.682423 -19.910683 -26.047282 -17.777197 -22.881506 -32.659295 -35.853782 -38.379534 -33.506056 -29.584184 -35.902362 -41.418719 -41.241072 -45.211416 -51.127185 -51.486855 -52.014684 -52.060461 -51.803030 -48.804442 -46.309614 
-0.598220 6.912156 6.368434 8.067588 -4.926730 -19.967190 -16.076730 -14.506578 -17.301213 -16.464485 -27.294519 -28.973461 -29.082863 -28.775391 -30.575699 -31.769545 -30.742326 -25.529257 -18.859404 -24.413083 -29.903935 -30.142172 -25.816763 -29.469079 -39.499986 -41.406577 -43.736823 -38.940409 -36.663340 -42.380070 -49.602385 -45.219841 -49.793656 -62.360582 -59.429197 -59.877216 -61.507029 -68.191744 -58.434777 -56.428088 
-4.310161 4.876805 4.310799 5.559178 -5.926011 -17.712352 -19.454994 -21.115254 -28.766446 -24.567542 -34.645009 -33.754065 -40.050724 -39.929479 -38.681555 -46.796366 -45.408893 -37.811291 -30.774649 -33.481038 -37.605152 -45.441599 -30.313888 -39.398471 -49.463598 -50.107260 -51.422706 -47.372626 -51.687139 -54.310499 -50.904895 -50.140218 -53.648977 -60.743255 -59.530022 -58.752655 -59.724044 -64.400043 -64.420830 -60.931130 
-7.316220 2.213470 1.352149 0.779643 -7.686336 -19.613151 -21.814331 -24.707416 -33.394915 -33.458332 -38.934985 -42.931645 -45.209895 -46.162242 -49.792161 -46.630785 -48.155462 -41.727078 -40.814698 -38.319952 -45.955772 -51.666866 -39.741804 -47.831409 -53.960306 -56.719079 -58.133467 -56.944617 -53.458097 -57.102674 -53.805280 -50.136830 -54.588763 -65.647946 -64.896691 -63.260302 -61.507940 -64.136685 -65.254213 -64.283617 
-11.530093 -4.960519 -3.836108 -7.028865 -17.418219 -23.941147 -28.879702 -34.830117 -39.467959 -38.634220 -46.872746 -48.886487 -49.248213 -51.696682 -50.830891 -52.318519 -49.606818 -45.751089 -45.578231 -46.399220 -49.548481 -52.589642 -48.822650 -51.362741 -58.142303 -57.448046 -56.460572 -55.401870 -47.902738 -49.374662 -51.320049 -49.163117 -54.949167 -61.334378 -61.565564 -62.064083 -61.123562 -63.430390 -65.029224 -67.094971 
-17.867937 -15.483540 -19.065601 -19.635382 -35.734858 -35.298936 -43.378622 -37.616410 -45.426035 -46.853712 -49.295246 -50.272757 -52.507253 -49.596308 -49.728740 -51.030651 -50.245526 -48.507073 -46.873441 -44.131342 -52.259287 -55.009698 -51.472782 -51.287631 -55.780007 -52.971868 -55.341270 -54.778315 -48.282518 -49.351881 -51.078047 -49.113278 -55.568930 -61.313528 -63.969831 -60.756677 -58.915602 -64.140654 -66.028793 -67.790193 
-22.011890 -25.822379 -27.716625 -24.687187 -32.980024 -44.199687 -44.032572 -43.845632 -51.454996 -47.581570 -52.739496 -61.277683 -55.438259 -53.919494 -57.511612 -56.402289 -56.506589 -53.385757 -54.035141 -51.328961 -56.905364 -60.153718 -59.520203 -58.941007 -60.715152 -58.714284 -57.581401 -59.259217 -58.074598 -58.286013 -58.215214 -57.370937 -63.704359 -64.568803 -68.610514 -61.631920 -63.806898 -68.925051 -70.175005 -72.818970 
-25.082029 -24.746331 -33.490783 -34.287737 -45.161976 -50.279888 -50.252754 -49.658025 -53.141045 -55.328234 -60.605195 -62.902771 -57.202023 -58.469445 -56.758355 -57.416446 -58.789561 -56.100995 -54.572577 -57.357491 -64.155138 -65.421196 -60.003037 -60.086995 -67.417891 -64.513740 -65.165396 -66.191508 -60.982378 -62.105679 -61.976318 -65.301858 -65.802009 -67.002988 -72.061075 -64.685734 -69.094762 -72.181778 -72.940776 -74.185712 
-28.766869 -25.545192 -32.457805 -41.230144 -45.908799 -53.795537 -59.007765 -55.791487 -56.248232 -59.152109 -57.503044 -59.339549 -61.741202 -62.713055 -60.413079 -57.507346 -59.717074 -54.953438 -55.327626 -61.343970 -64.077025 -62.199785 -65.869277 -63.653727 -67.856419 -64.727342 -60.866237 -61.757231 -60.467863 -58.855890 -61.039976 -60.160839 -64.252182 -67.190374 -75.021157 -72.906242 -72.177975 -68.965643 -70.487440 -68.357613 
-17.038997 -27.758861 -25.473463 -18.248892 -15.974254 -14.173901 -14.180841 -19.283541 -24.685023 -17.907361 -17.273591 -20.086667 -24.816942 -15.851348 -16.319654 -23.098235 -18.016697 -20.187236 -22.953570 -16.348624 -20.903416 -20.370856 -21.686503 -18.641267 -18.679260 -16.512257 -15.671991 -15.440742 -16.277017 -21.206875 -23.880250 -27.976462 -32.998685 -38.316734 -44.943550 -46.431128 -43.758512 -42.000754 -42.603893 -45.692799 
-10.702243 -10.790263 -13.781152 -14.360138 -13.839446 -11.789045 -8.160313 -11.000886 -17.073850 -13.994354 -15.716669 -15.251739 -15.258060 -10.023528 -10.747501 -14.035780 -14.284371 -19.824020 -10.958173 -9.365320 -22.067674 -17.809281 -20.983773 -15.901993 -14.680784 -15.512302 -15.763796 -10.991622 -6.141741 -8.453884 -13.296803 -17.581849 -18.775003 -20.506113 -24.310761 -26.747321 -24.787486 -28.217099 -31.592901 -29.338714 
-9.445231 -13.308780 -24.245061 -29.414054 -33.394420 -29.616788 -24.201265 -24.121771 -23.576685 -26.289474 -29.099224 -26.181849 -28.611560 -22.450849 -22.768891 -25.733090 -28.719260 -23.720432 -13.675804 -17.054599 -34.382936 -26.049495 -15.080881 -15.472521 -22.773555 -22.625049 -28.750523 -12.502001 -4.676973 -4.727174 -15.578422 -18.157470 -19.160262 -21.125457 -24.834364 -25.323202 -23.501388 -28.333437 -28.376150 -30.519495 
-20.233865 -27.924785 -35.609056 -36.266057 -31.015638 -31.534294 -28.443071 -28.108248 -24.665480 -19.330266 -23.638787 -28.635895 -28.937969 -21.334494 -21.037745 -26.097067 -29.455293 -21.878392 -12.841400 -24.037452 -32.413013 -21.161231 -12.423770 -16.176351 -23.730848 -24.197591 -21.826197 -12.141993 -11.027851 -10.698575 -17.484923 -21.693231 -19.336899 -23.683553 -24.237914 -24.495366 -24.731946 -26.191786 -30.525677 -33.127342 
-22.829263 -25.701005 -27.462467 -32.635927 -41.478324 -30.861477 -24.407064 -22.473098 -23.688952 -19.599843 -31.194369 -28.589633 -28.749300 -29.773210 -29.266446 -32.662891 -34.734068 -23.736612 -16.468281 -26.327869 -29.458656 -23.429737 -19.291958 -18.567310 -25.450508 -25.365898 -19.816453 -13.920449 -11.843041 -18.530095 -21.570527 -25.784615 -26.231815 -29.034695 -27.698930 -33.021522 -30.868507 -29.890937 -37.820100 -37.814873 
-25.183523 -25.151421 -28.947007 -30.571804 -38.355392 -34.326957 -24.984463 -22.303334 -24.153110 -24.730158 -24.782120 -21.032602 -28.102414 -33.069107 -36.504625 -45.668492 -39.478088 -25.845070 -16.025286 -28.515267 -33.469152 -27.461123 -22.375967 -20.748525 -32.266356 -33.060445 -22.754888 -17.960056 -19.046677 -23.477863 -31.871120 -29.791259 -28.842721 -28.132858 -31.040373 -34.917587 -36.883048 -35.312788 -41.315103 -41.179439 
-23.930494 -29.018738 -26.190203 -30.403156 -35.349755 -32.152816 -24.607740 -17.078677 -22.172294 -23.881609 -30.386755 -28.613284 -34.114914 -36.476708 -38.735757 -42.069602 -35.304547 -25.120453 -18.276819 -33.801719 -41.186630 -30.854447 -26.002251 -31.335958 -38.525044 -36.596138 -25.311410 -21.084931 -28.149131 -34.676197 -35.162049 -36.204361 -35.690830 -35.386827 -36.403081 -40.888600 -43.066213 -39.175182 -44.068887 -50.572768 
-25.321073 -25.036221 -28.873313 -32.720280 -40.528495 -29.184193 -25.027718 -18.583451 -21.287357 -23.980769 -30.404956 -30.398291 -35.381775 -38.048424 -38.352492 -42.273635 -35.892050 -27.926640 -26.961072 -38.552659 -42.730208 -35.764261 -31.089550 -32.739325 -43.384872 -44.642412 -36.360421 -29.800364 -35.120071 -41.562727 -43.679444 -42.758458 -43.565720 -43.807452 -45.289792 -47.185807 -51.059937 -50.216978 -51.255481 -55.260045 
-31.561470 -24.954771 -30.058963 -29.957555 -34.657516 -29.873580 -31.611193 -27.774530 -30.081414 -35.365433 -35.955219 -31.758629 -34.001062 -43.879423 -45.304295 -47.795092 -46.521382 -38.698087 -36.180797 -45.975851 -48.851651 -42.749750 -40.063005 -41.089222 -51.719799 -50.584325 -46.462117 -37.851574 -44.137059 -48.512393 -49.686629 -52.669696 -55.095048 -52.528671 -53.196348 -52.248239 -56.532914 -60.464705 -58.380058 -60.216811 
-20.632294 -27.087298 -33.228090 -36.355348 -35.238240 -31.091723 -34.927352 -33.201871 -36.722507 -37.562961 -38.765176 -38.920792 -38.884612 -40.638364 -46.470207 -45.530355 -46.870251 -36.480892 -34.828487 -47.583934 -50.925720 -49.304904 -47.570054 -47.802810 -54.603011 -56.558353 -51.438538 -50.619078 -55.651161 -50.256468 -58.684906 -58.287997 -62.218697 -60.340729 -63.167598 -60.794770 -63.049700 -65.811478 -65.417515 -67.640555 
-24.452507 -25.684674 -30.167382 -34.173195 -39.955772 -41.658199 -38.167675 -41.501707 -41.969784 -41.581765 -52.199890 -48.238970 -47.450836 -48.135673 -49.263934 -47.651783 -50.230195 -43.558970 -42.824664 -50.245214 -54.080835 -53.110401 -51.503536 -51.820541 -59.491147 -61.301897 -55.674323 -53.473157 -59.305151 -60.294083 -63.618871 -61.919895 -64.584246 -64.533115 -65.804224 -65.971956 -67.197933 -66.578968 -70.110005 -71.582821 
-42.468986 -45.264580 -49.899656 -52.547227 -48.331442 -48.937932 -49.007859 -49.059994 -55.062047 -56.826883 -59.801973 -56.415887 -55.344725 -61.410955 -56.763161 -61.856978 -60.540804 -53.264452 -53.193346 -57.332958 -58.719951 -61.935934 -60.534719 -62.297657 -66.102448 -62.648702 -62.235331 -59.697077 -62.304832 -63.937161 -65.122442 -65.058158 -68.633244 -65.692604 -67.159279 -67.834741 -72.074508 -66.300779 -68.389405 -70.982105 
-59.099791 -63.054982 -62.121484 -61.426047 -68.462590 -70.515356 -70.719314 -64.308441 -62.845112 -65.054378 -66.850100 -68.553720 -63.416988 -64.473809 -65.237658 -74.184163 -73.269579 -70.320395 -67.155377 -67.631606 -67.539187 -68.128273 -71.602321 -70.186408 -72.397486 -69.081433 -71.465058 -71.206685 -69.260960 -69.649100 -70.598407 -71.590726 -73.054410 -73.208852 -71.971897 -72.448033 -74.305093 -69.847839 -71.918609 -74.391979 
-56.535088 -79.641055 -68.606181 -67.847877 -70.584968 -67.868447 -72.975016 -69.087110 -71.477423 -68.210782 -71.313090 -68.518245 -70.252699 -70.796282 -71.293295 -77.656394 -70.119004 -73.767912 -73.524978 -70.372844 -69.636521 -71.813723 -72.502538 -71.378021 -72.793122 -70.865749 -71.796923 -71.885731 -70.931019 -72.995358 -71.165695 -72.249684 -74.207433 -71.815319 -70.784448 -75.429842 -74.553155 -70.681840 -70.133720 -73.259247 
-56.604365 -70.174116 -70.312023 -70.749593 -71.191708 -72.405971 -78.011330 -74.485841 -77.148720 -73.959766 -69.599705 -69.099695 -65.468348 -73.174145 -75.069523 -75.308348 -70.727897 -72.549489 -73.857304 -73.576110 -71.079023 -70.194991 -78.279594 -72.613113 -72.992177 -72.778631 -74.159108 -75.613622 -71.557810 -74.252327 -72.376687 -75.908337 -74.470782 -73.592509 -75.494593 -75.055096 -72.738317 -73.719940 -70.959590 -72.139905 
-58.330249 -71.233180 -75.303291 -73.010081 -73.580196 -81.831687 -74.644222 -67.431725 -72.065642 -70.694692 -71.794703 -75.624999 -76.714786 -76.397208 -70.389036 -75.038338 -74.157346 -74.672117 -71.655394 -73.616828 -72.046869 -69.867888 -74.278639 -78.352437 -76.693534 -71.379598 -74.824594 -73.962108 -74.569670 -73.259590 -72.909750 -74.932265 -74.448444 -74.479767 -75.988109 -75.892788 -74.685763 -74.199342 -73.026075 -74.620100 
-56.561535 -80.027904 -76.173833 -73.552955 -71.135657 -71.388853 -76.853027 -71.654752 -69.481498 -75.100218 -72.815564 -74.999808 -75.751753 -76.197078 -75.007639 -74.176386 -69.326819 -76.017844 -75.410388 -71.925402 -73.668362 -74.273949 -73.584057 -74.219275 -71.656575 -74.031770 -73.703054 -73.222909 -74.311265 -74.592002 -77.023360 -76.203051 -74.704172 -74.089383 -73.399943 -75.251775 -73.772434 -73.385288 -72.173880 -75.576771 
-55.284766 -74.435027 -78.770106 -77.518909 -77.673240 -69.884684 -67.353410 -71.424906 -73.513003 -76.910240 -79.983196 -77.248878 -73.659437 -76.833007 -75.751820 -75.017132 -79.272778 -82.099508 -74.634917 -77.280355 -75.126330 -75.292931 -77.965776 -75.321278 -75.708031 -74.348188 -78.341117 -74.277799 -74.797236 -70.877740 -76.297106 -75.233300 -74.109399 -76.365740 -74.544925 -75.166212 -72.803938 -74.885855 -73.823681 -73.291475 
-57.323977 -75.647779 -79.279320 -82.771859 -74.685830 -75.497462 -69.248176 -71.563026 -73.254073 -75.294170 -81.758600 -72.441617 -72.777343 -70.823264 -73.906937 -83.287059 -75.414733 -78.753968 -72.288881 -74.022150 -75.960206 -73.271413 -74.286935 -73.438403 -71.243502 -72.883233 -80.773653 -76.685136 -74.055946 -74.408757 -75.629547 -71.923811 -76.117089 -74.649926 -72.574194 -74.227771 -72.230199 -74.082431 -73.267328 -74.680355 
-56.677615 -73.494305 -72.891339 -82.664052 -78.546052 -70.940712 -68.691307 -67.549529 -75.442005 -76.758059 -72.974001 -70.699847 -74.488058 -75.328971 -77.907737 -77.653329 -73.130541 -76.403060 -72.465368 -72.738061 -76.471000 -75.812093 -71.771433 -73.044860 -75.143803 -75.940854 -77.083542 -74.443274 -71.554801 -72.560795 -73.506987 -74.910965 -73.821114 -73.844284 -73.488306 -74.737692 -74.034798 -74.539696 -76.086133 -72.819350 
-54.367090 -65.397397 -71.020638 -68.515278 -70.250577 -69.351474 -69.703489 -74.982693 -76.610901 -77.020794 -76.442779 -72.261049 -77.506668 -79.533040 -73.800790 -74.662308 -76.528441 -77.990852 -76.872260 -74.860960 -74.083080 -70.683277 -75.357438 -75.419318 -75.822776 -75.981997 -72.303104 -75.781278 -72.177217 -73.836486 -76.285675 -74.390728 -75.126286 -74.339905 -77.091144 -73.872033 -71.746451 -73.537916 -76.627415 -73.480719 
-66.230274 -69.308307 -73.124904 -75.266110 -78.936835 -82.201115 -78.647751 -80.233144 -82.668717 -84.348144 -84.003765 -84.797799 -87.706619 -86.528675 -83.339172 -84.651758 -84.143469 -86.842482 -88.108732 -83.335235 -80.195308 -79.648832 -86.836940 -83.019452 -86.656186 -90.381317 -84.179385 -85.728874 -82.406945 -89.186097 -87.320868 -82.502202 -80.727270 -78.936117 -81.912780 -82.895599 -82.416670 -80.551966 -83.766191 -83.686036 
NaN NaN NaN NaN NaN NaN NaN NaN NaN NaN NaN NaN NaN NaN NaN NaN NaN NaN NaN NaN NaN NaN NaN NaN NaN NaN NaN NaN NaN NaN NaN NaN NaN NaN NaN NaN NaN NaN NaN NaN 
NaN NaN NaN NaN NaN NaN NaN NaN NaN NaN NaN NaN NaN NaN NaN NaN NaN NaN NaN NaN NaN NaN NaN NaN NaN NaN NaN NaN NaN NaN NaN NaN NaN NaN NaN NaN NaN NaN NaN NaN 
NaN NaN NaN NaN NaN NaN NaN NaN NaN NaN NaN NaN NaN NaN NaN NaN NaN NaN NaN NaN NaN NaN NaN NaN NaN NaN NaN NaN NaN NaN NaN NaN NaN NaN NaN NaN NaN NaN NaN NaN 
NaN NaN NaN NaN NaN NaN NaN NaN NaN NaN NaN NaN NaN NaN NaN NaN NaN NaN NaN NaN NaN NaN NaN NaN NaN NaN NaN NaN NaN NaN NaN NaN NaN NaN NaN NaN NaN NaN NaN NaN 
NaN NaN NaN NaN NaN NaN NaN NaN NaN NaN NaN NaN NaN NaN NaN NaN NaN NaN NaN NaN NaN NaN NaN NaN NaN NaN NaN NaN NaN NaN NaN NaN NaN NaN NaN NaN NaN NaN NaN NaN 
NaN NaN NaN NaN NaN NaN NaN NaN NaN NaN NaN NaN NaN NaN NaN NaN NaN NaN NaN NaN NaN NaN NaN NaN NaN NaN NaN NaN NaN NaN NaN NaN NaN NaN NaN NaN NaN NaN NaN NaN 
NaN NaN NaN NaN NaN NaN NaN NaN NaN NaN NaN NaN NaN NaN NaN NaN NaN NaN NaN NaN NaN NaN NaN NaN NaN NaN NaN NaN NaN NaN NaN NaN NaN NaN NaN NaN NaN NaN NaN NaN 
NaN NaN NaN NaN NaN NaN NaN NaN NaN NaN NaN NaN NaN NaN NaN NaN NaN NaN NaN NaN NaN NaN NaN NaN NaN NaN NaN NaN NaN NaN NaN NaN NaN NaN NaN NaN NaN NaN NaN NaN 
NaN NaN NaN NaN NaN NaN NaN NaN NaN NaN NaN NaN NaN NaN NaN NaN NaN NaN NaN NaN NaN NaN NaN NaN NaN NaN NaN NaN NaN NaN NaN NaN NaN NaN NaN NaN NaN NaN NaN NaN 
NaN NaN NaN NaN NaN NaN NaN NaN NaN NaN NaN NaN NaN NaN NaN NaN NaN NaN NaN NaN NaN NaN NaN NaN NaN NaN NaN NaN NaN NaN NaN NaN NaN NaN NaN NaN NaN NaN NaN NaN 
NaN NaN NaN NaN NaN NaN NaN NaN NaN NaN NaN NaN NaN NaN NaN NaN NaN NaN NaN NaN NaN NaN NaN NaN NaN NaN NaN NaN NaN NaN NaN NaN NaN NaN NaN NaN NaN NaN NaN NaN 
NaN NaN NaN NaN NaN NaN NaN NaN NaN NaN NaN NaN NaN NaN NaN NaN NaN NaN NaN NaN NaN NaN NaN NaN NaN NaN NaN NaN NaN NaN NaN NaN NaN NaN NaN NaN NaN NaN NaN NaN 
NaN NaN NaN NaN NaN NaN NaN NaN NaN NaN NaN NaN NaN NaN NaN NaN NaN NaN NaN NaN NaN NaN NaN NaN NaN NaN NaN NaN NaN NaN NaN NaN NaN NaN NaN NaN NaN NaN NaN NaN 
NaN NaN NaN NaN NaN NaN NaN NaN NaN NaN NaN NaN NaN NaN NaN NaN NaN NaN NaN NaN NaN NaN NaN NaN NaN NaN NaN NaN NaN NaN NaN NaN NaN NaN NaN NaN NaN NaN NaN NaN 
NaN NaN NaN NaN NaN NaN NaN NaN NaN NaN NaN NaN NaN NaN NaN NaN NaN NaN NaN NaN NaN NaN NaN NaN NaN NaN NaN NaN NaN NaN NaN NaN NaN NaN NaN NaN NaN NaN NaN NaN 
NaN NaN NaN NaN NaN NaN NaN NaN NaN NaN NaN NaN NaN NaN NaN NaN NaN NaN NaN NaN NaN NaN NaN NaN NaN NaN NaN NaN NaN NaN NaN NaN NaN NaN NaN NaN NaN NaN NaN NaN 
NaN NaN NaN NaN NaN NaN NaN NaN NaN NaN NaN NaN NaN NaN NaN NaN NaN NaN NaN NaN NaN NaN NaN NaN NaN NaN NaN NaN NaN NaN NaN NaN NaN NaN NaN NaN NaN NaN NaN NaN 
NaN NaN NaN NaN NaN NaN NaN NaN NaN NaN NaN NaN NaN NaN NaN NaN NaN NaN NaN NaN NaN NaN NaN NaN NaN NaN NaN NaN NaN NaN NaN NaN NaN NaN NaN NaN NaN NaN NaN NaN 
NaN NaN NaN NaN NaN NaN NaN NaN NaN NaN NaN NaN NaN NaN NaN NaN NaN NaN NaN NaN NaN NaN NaN NaN NaN NaN NaN NaN NaN NaN NaN NaN NaN NaN NaN NaN NaN NaN NaN NaN 
NaN NaN NaN NaN NaN NaN NaN NaN NaN NaN NaN NaN NaN NaN NaN NaN NaN NaN NaN NaN NaN NaN NaN NaN NaN NaN NaN NaN NaN NaN NaN NaN NaN NaN NaN NaN NaN NaN NaN NaN 
NaN NaN NaN NaN NaN NaN NaN NaN NaN NaN NaN NaN NaN NaN NaN NaN NaN NaN NaN NaN NaN NaN NaN NaN NaN NaN NaN NaN NaN NaN NaN NaN NaN NaN NaN NaN NaN NaN NaN NaN 
NaN NaN NaN NaN NaN NaN NaN NaN NaN NaN NaN NaN NaN NaN NaN NaN NaN NaN NaN NaN NaN NaN NaN NaN NaN NaN NaN NaN NaN NaN NaN NaN NaN NaN NaN NaN NaN NaN NaN NaN 
NaN NaN NaN NaN NaN NaN NaN NaN NaN NaN NaN NaN NaN NaN NaN NaN NaN NaN NaN NaN NaN NaN NaN NaN NaN NaN NaN NaN NaN NaN NaN NaN NaN NaN NaN NaN NaN NaN NaN NaN 
NaN NaN NaN NaN NaN NaN NaN NaN NaN NaN NaN NaN NaN NaN NaN NaN NaN NaN NaN NaN NaN NaN NaN NaN NaN NaN NaN NaN NaN NaN NaN NaN NaN NaN NaN NaN NaN NaN NaN NaN 
NaN NaN NaN NaN NaN NaN NaN NaN NaN NaN NaN NaN NaN NaN NaN NaN NaN NaN NaN NaN NaN NaN NaN NaN NaN NaN NaN NaN NaN NaN NaN NaN NaN NaN NaN NaN NaN NaN NaN NaN 
NaN NaN NaN NaN NaN NaN NaN NaN NaN NaN NaN NaN NaN NaN NaN NaN NaN NaN NaN NaN NaN NaN NaN NaN NaN NaN NaN NaN NaN NaN NaN NaN NaN NaN NaN NaN NaN NaN NaN NaN 
NaN NaN NaN NaN NaN NaN NaN NaN NaN NaN NaN NaN NaN NaN NaN NaN NaN NaN NaN NaN NaN NaN NaN NaN NaN NaN NaN NaN NaN NaN NaN NaN NaN NaN NaN NaN NaN NaN NaN NaN 
NaN NaN NaN NaN NaN NaN NaN NaN NaN NaN NaN NaN NaN NaN NaN NaN NaN NaN NaN NaN NaN NaN NaN NaN NaN NaN NaN NaN NaN NaN NaN NaN NaN NaN NaN NaN NaN NaN NaN NaN 
NaN NaN NaN NaN NaN NaN NaN NaN NaN NaN NaN NaN NaN NaN NaN NaN NaN NaN NaN NaN NaN NaN NaN NaN NaN NaN NaN NaN NaN NaN NaN NaN NaN NaN NaN NaN NaN NaN NaN NaN 
NaN NaN NaN NaN NaN NaN NaN NaN NaN NaN NaN NaN NaN NaN NaN NaN NaN NaN NaN NaN NaN NaN NaN NaN NaN NaN NaN NaN NaN NaN NaN NaN NaN NaN NaN NaN NaN NaN NaN NaN 
NaN NaN NaN NaN NaN NaN NaN NaN NaN NaN NaN NaN NaN NaN NaN NaN NaN NaN NaN NaN NaN NaN NaN NaN NaN NaN NaN NaN NaN NaN NaN NaN NaN NaN NaN NaN NaN NaN NaN NaN 
NaN NaN NaN NaN NaN NaN NaN NaN NaN NaN NaN NaN NaN NaN NaN NaN NaN NaN NaN NaN NaN NaN NaN NaN NaN NaN NaN NaN NaN NaN NaN NaN NaN NaN NaN NaN NaN NaN NaN NaN 
NaN NaN NaN NaN NaN NaN NaN NaN NaN NaN NaN NaN NaN NaN NaN NaN NaN NaN NaN NaN NaN NaN NaN NaN NaN NaN NaN NaN NaN NaN NaN NaN NaN NaN NaN NaN NaN NaN NaN NaN 
NaN NaN NaN NaN NaN NaN NaN NaN NaN NaN NaN NaN NaN NaN NaN NaN NaN NaN NaN NaN NaN NaN NaN NaN NaN NaN NaN NaN NaN NaN NaN NaN NaN NaN NaN NaN NaN NaN NaN NaN 
NaN NaN NaN NaN NaN NaN NaN NaN NaN NaN NaN NaN NaN NaN NaN NaN NaN NaN NaN NaN NaN NaN NaN NaN NaN NaN NaN NaN NaN NaN NaN NaN NaN NaN NaN NaN NaN NaN NaN NaN 
NaN NaN NaN NaN NaN NaN NaN NaN NaN NaN NaN NaN NaN NaN NaN NaN NaN NaN NaN NaN NaN NaN NaN NaN NaN NaN NaN NaN NaN NaN NaN NaN NaN NaN NaN NaN NaN NaN NaN NaN 
NaN NaN NaN NaN NaN NaN NaN NaN NaN NaN NaN NaN NaN NaN NaN NaN NaN NaN NaN NaN NaN NaN NaN NaN NaN NaN NaN NaN NaN NaN NaN NaN NaN NaN NaN NaN NaN NaN NaN NaN 
NaN NaN NaN NaN NaN NaN NaN NaN NaN NaN NaN NaN NaN NaN NaN NaN NaN NaN NaN NaN NaN NaN NaN NaN NaN NaN NaN NaN NaN NaN NaN NaN NaN NaN NaN NaN NaN NaN NaN NaN 
NaN NaN NaN NaN NaN NaN NaN NaN NaN NaN NaN NaN NaN NaN NaN NaN NaN NaN NaN NaN NaN NaN NaN NaN NaN NaN NaN NaN NaN NaN NaN NaN NaN NaN NaN NaN NaN NaN NaN NaN 
NaN NaN NaN NaN NaN NaN NaN NaN NaN NaN NaN NaN NaN NaN NaN NaN NaN NaN NaN NaN NaN NaN NaN NaN NaN NaN NaN NaN NaN NaN NaN NaN NaN NaN NaN NaN NaN NaN NaN NaN 
NaN NaN NaN NaN NaN NaN NaN NaN NaN NaN NaN NaN NaN NaN NaN NaN NaN NaN NaN NaN NaN NaN NaN NaN NaN NaN NaN NaN NaN NaN NaN NaN NaN NaN NaN NaN NaN NaN NaN NaN 
NaN NaN NaN NaN NaN NaN NaN NaN NaN NaN NaN NaN NaN NaN NaN NaN NaN NaN NaN NaN NaN NaN NaN NaN NaN NaN NaN NaN NaN NaN NaN NaN NaN NaN NaN NaN NaN NaN NaN NaN 
NaN NaN NaN NaN NaN NaN NaN NaN NaN NaN NaN NaN NaN NaN NaN NaN NaN NaN NaN NaN NaN NaN NaN NaN NaN NaN NaN NaN NaN NaN NaN NaN NaN NaN NaN NaN NaN NaN NaN NaN 
NaN NaN NaN NaN NaN NaN NaN NaN NaN NaN NaN NaN NaN NaN NaN NaN NaN NaN NaN NaN NaN NaN NaN NaN NaN NaN NaN NaN NaN NaN NaN NaN NaN NaN NaN NaN NaN NaN NaN NaN 
NaN NaN NaN NaN NaN NaN NaN NaN NaN NaN NaN NaN NaN NaN NaN NaN NaN NaN NaN NaN NaN NaN NaN NaN NaN NaN NaN NaN NaN NaN NaN NaN NaN NaN NaN NaN NaN NaN NaN NaN 
NaN NaN NaN NaN NaN NaN NaN NaN NaN NaN NaN NaN NaN NaN NaN NaN NaN NaN NaN NaN NaN NaN NaN NaN NaN NaN NaN NaN NaN NaN NaN NaN NaN NaN NaN NaN NaN NaN NaN NaN 
NaN NaN NaN NaN NaN NaN NaN NaN NaN NaN NaN NaN NaN NaN NaN NaN NaN NaN NaN NaN NaN NaN NaN NaN NaN NaN NaN NaN NaN NaN NaN NaN NaN NaN NaN NaN NaN NaN NaN NaN 
NaN NaN NaN NaN NaN NaN NaN NaN NaN NaN NaN NaN NaN NaN NaN NaN NaN NaN NaN NaN NaN NaN NaN NaN NaN NaN NaN NaN NaN NaN NaN NaN NaN NaN NaN NaN NaN NaN NaN NaN 
NaN NaN NaN NaN NaN NaN NaN NaN NaN NaN NaN NaN NaN NaN NaN NaN NaN NaN NaN NaN NaN NaN NaN NaN NaN NaN NaN NaN NaN NaN NaN NaN NaN NaN NaN NaN NaN NaN NaN NaN 
NaN NaN NaN NaN NaN NaN NaN NaN NaN NaN NaN NaN NaN NaN NaN NaN NaN NaN NaN NaN NaN NaN NaN NaN NaN NaN NaN NaN NaN NaN NaN NaN NaN NaN NaN NaN NaN NaN NaN NaN 
NaN NaN NaN NaN NaN NaN NaN NaN NaN NaN NaN NaN NaN NaN NaN NaN NaN NaN NaN NaN NaN NaN NaN NaN NaN NaN NaN NaN NaN NaN NaN NaN NaN NaN NaN NaN NaN NaN NaN NaN 
NaN NaN NaN NaN NaN NaN NaN NaN NaN NaN NaN NaN NaN NaN NaN NaN NaN NaN NaN NaN NaN NaN NaN NaN NaN NaN NaN NaN NaN NaN NaN NaN NaN NaN NaN NaN NaN NaN NaN NaN 
NaN NaN NaN NaN NaN NaN NaN NaN NaN NaN NaN NaN NaN NaN NaN NaN NaN NaN NaN NaN NaN NaN NaN NaN NaN NaN NaN NaN NaN NaN NaN NaN NaN NaN NaN NaN NaN NaN NaN NaN 
NaN NaN NaN NaN NaN NaN NaN NaN NaN NaN NaN NaN NaN NaN NaN NaN NaN NaN NaN NaN NaN NaN NaN NaN NaN NaN NaN NaN NaN NaN NaN NaN NaN NaN NaN NaN NaN NaN NaN NaN 
NaN NaN NaN NaN NaN NaN NaN NaN NaN NaN NaN NaN NaN NaN NaN NaN NaN NaN NaN NaN NaN NaN NaN NaN NaN NaN NaN NaN NaN NaN NaN NaN NaN NaN NaN NaN NaN NaN NaN NaN 
NaN NaN NaN NaN NaN NaN NaN NaN NaN NaN NaN NaN NaN NaN NaN NaN NaN NaN NaN NaN NaN NaN NaN NaN NaN NaN NaN NaN NaN NaN NaN NaN NaN NaN NaN NaN NaN NaN NaN NaN 
NaN NaN NaN NaN NaN NaN NaN NaN NaN NaN NaN NaN NaN NaN NaN NaN NaN NaN NaN NaN NaN NaN NaN NaN NaN NaN NaN NaN NaN NaN NaN NaN NaN NaN NaN NaN NaN NaN NaN NaN 
NaN NaN NaN NaN NaN NaN NaN NaN NaN NaN NaN NaN NaN NaN NaN NaN NaN NaN NaN NaN NaN NaN NaN NaN NaN NaN NaN NaN NaN NaN NaN NaN NaN NaN NaN NaN NaN NaN NaN NaN 
NaN NaN NaN NaN NaN NaN NaN NaN NaN NaN NaN NaN NaN NaN NaN NaN NaN NaN NaN NaN NaN NaN NaN NaN NaN NaN NaN NaN NaN NaN NaN NaN NaN NaN NaN NaN NaN NaN NaN NaN 
NaN NaN NaN NaN NaN NaN NaN NaN NaN NaN NaN NaN NaN NaN NaN NaN NaN NaN NaN NaN NaN NaN NaN NaN NaN NaN NaN NaN NaN NaN NaN NaN NaN NaN NaN NaN NaN NaN NaN NaN 
NaN NaN NaN NaN NaN NaN NaN NaN NaN NaN NaN NaN NaN NaN NaN NaN NaN NaN NaN NaN NaN NaN NaN NaN NaN NaN NaN NaN NaN NaN NaN NaN NaN NaN NaN NaN NaN NaN NaN NaN 
NaN NaN NaN NaN NaN NaN NaN NaN NaN NaN NaN NaN NaN NaN NaN NaN NaN NaN NaN NaN NaN NaN NaN NaN NaN NaN NaN NaN NaN NaN NaN NaN NaN NaN NaN NaN NaN NaN NaN NaN 
NaN NaN NaN NaN NaN NaN NaN NaN NaN NaN NaN NaN NaN NaN NaN NaN NaN NaN NaN NaN NaN NaN NaN NaN NaN NaN NaN NaN NaN NaN NaN NaN NaN NaN NaN NaN NaN NaN NaN NaN 
NaN NaN NaN NaN NaN NaN NaN NaN NaN NaN NaN NaN NaN NaN NaN NaN NaN NaN NaN NaN NaN NaN NaN NaN NaN NaN NaN NaN NaN NaN NaN NaN NaN NaN NaN NaN NaN NaN NaN NaN 
NaN NaN NaN NaN NaN NaN NaN NaN NaN NaN NaN NaN NaN NaN NaN NaN NaN NaN NaN NaN NaN NaN NaN NaN NaN NaN NaN NaN NaN NaN NaN NaN NaN NaN NaN NaN NaN NaN NaN NaN 
NaN NaN NaN NaN NaN NaN NaN NaN NaN NaN NaN NaN NaN NaN NaN NaN NaN NaN NaN NaN NaN NaN NaN NaN NaN NaN NaN NaN NaN NaN NaN NaN NaN NaN NaN NaN NaN NaN NaN NaN 
NaN NaN NaN NaN NaN NaN NaN NaN NaN NaN NaN NaN NaN NaN NaN NaN NaN NaN NaN NaN NaN NaN NaN NaN NaN NaN NaN NaN NaN NaN NaN NaN NaN NaN NaN NaN NaN NaN NaN NaN 
NaN NaN NaN NaN NaN NaN NaN NaN NaN NaN NaN NaN NaN NaN NaN NaN NaN NaN NaN NaN NaN NaN NaN NaN NaN NaN NaN NaN NaN NaN NaN NaN NaN NaN NaN NaN NaN NaN NaN NaN 
NaN NaN NaN NaN NaN NaN NaN NaN NaN NaN NaN NaN NaN NaN NaN NaN NaN NaN NaN NaN NaN NaN NaN NaN NaN NaN NaN NaN NaN NaN NaN NaN NaN NaN NaN NaN NaN NaN NaN NaN 
NaN NaN NaN NaN NaN NaN NaN NaN NaN NaN NaN NaN NaN NaN NaN NaN NaN NaN NaN NaN NaN NaN NaN NaN NaN NaN NaN NaN NaN NaN NaN NaN NaN NaN NaN NaN NaN NaN NaN NaN 
NaN NaN NaN NaN NaN NaN NaN NaN NaN NaN NaN NaN NaN NaN NaN NaN NaN NaN NaN NaN NaN NaN NaN NaN NaN NaN NaN NaN NaN NaN NaN NaN NaN NaN NaN NaN NaN NaN NaN NaN 
NaN NaN NaN NaN NaN NaN NaN NaN NaN NaN NaN NaN NaN NaN NaN NaN NaN NaN NaN NaN NaN NaN NaN NaN NaN NaN NaN NaN NaN NaN NaN NaN NaN NaN NaN NaN NaN NaN NaN NaN 
NaN NaN NaN NaN NaN NaN NaN NaN NaN NaN NaN NaN NaN NaN NaN NaN NaN NaN NaN NaN NaN NaN NaN NaN NaN NaN NaN NaN NaN NaN NaN NaN NaN NaN NaN NaN NaN NaN NaN NaN 
NaN NaN NaN NaN NaN NaN NaN NaN NaN NaN NaN NaN NaN NaN NaN NaN NaN NaN NaN NaN NaN NaN NaN NaN NaN NaN NaN NaN NaN NaN NaN NaN NaN NaN NaN NaN NaN NaN NaN NaN 
NaN NaN NaN NaN NaN NaN NaN NaN NaN NaN NaN NaN NaN NaN NaN NaN NaN NaN NaN NaN NaN NaN NaN NaN NaN NaN NaN NaN NaN NaN NaN NaN NaN NaN NaN NaN NaN NaN NaN NaN 
NaN NaN NaN NaN NaN NaN NaN NaN NaN NaN NaN NaN NaN NaN NaN NaN NaN NaN NaN NaN NaN NaN NaN NaN NaN NaN NaN NaN NaN NaN NaN NaN NaN NaN NaN NaN NaN NaN NaN NaN 
