NaN NaN NaN NaN NaN NaN NaN NaN NaN NaN NaN NaN NaN NaN NaN NaN NaN NaN NaN NaN NaN NaN NaN NaN NaN NaN NaN NaN NaN NaN NaN NaN NaN NaN NaN NaN NaN NaN NaN NaN 
NaN NaN NaN NaN NaN NaN NaN NaN NaN NaN NaN NaN NaN NaN NaN NaN NaN NaN NaN NaN NaN NaN NaN NaN NaN NaN NaN NaN NaN NaN NaN NaN NaN NaN NaN NaN NaN NaN NaN NaN 
NaN NaN NaN NaN NaN NaN NaN NaN NaN NaN NaN NaN NaN NaN NaN NaN NaN NaN NaN NaN NaN NaN NaN NaN NaN NaN NaN NaN NaN NaN NaN NaN NaN NaN NaN NaN NaN NaN NaN NaN 
NaN NaN NaN NaN NaN NaN NaN NaN NaN NaN NaN NaN NaN NaN NaN NaN NaN NaN NaN NaN NaN NaN NaN NaN NaN NaN NaN NaN NaN NaN NaN NaN NaN NaN NaN NaN NaN NaN NaN NaN 
NaN NaN NaN NaN NaN NaN NaN NaN NaN NaN NaN NaN NaN NaN NaN NaN NaN NaN NaN NaN NaN NaN NaN NaN NaN NaN NaN NaN NaN NaN NaN NaN NaN NaN NaN NaN NaN NaN NaN NaN 
NaN NaN NaN NaN NaN NaN NaN NaN NaN NaN NaN NaN NaN NaN NaN NaN NaN NaN NaN NaN NaN NaN NaN NaN NaN NaN NaN NaN NaN NaN NaN NaN NaN NaN NaN NaN NaN NaN NaN NaN 
NaN NaN NaN NaN NaN NaN NaN NaN NaN NaN NaN NaN NaN NaN NaN NaN NaN NaN NaN NaN NaN NaN NaN NaN NaN NaN NaN NaN NaN NaN NaN NaN NaN NaN NaN NaN NaN NaN NaN NaN 
NaN NaN NaN NaN NaN NaN NaN NaN NaN NaN NaN NaN NaN NaN NaN NaN NaN NaN NaN NaN NaN NaN NaN NaN NaN NaN NaN NaN NaN NaN NaN NaN NaN NaN NaN NaN NaN NaN NaN NaN 
NaN NaN NaN NaN NaN NaN NaN NaN NaN NaN NaN NaN NaN NaN NaN NaN NaN NaN NaN NaN NaN NaN NaN NaN NaN NaN NaN NaN NaN NaN NaN NaN NaN NaN NaN NaN NaN NaN NaN NaN 
NaN NaN NaN NaN NaN NaN NaN NaN NaN NaN NaN NaN NaN NaN NaN NaN NaN NaN NaN NaN NaN NaN NaN NaN NaN NaN NaN NaN NaN NaN NaN NaN NaN NaN NaN NaN NaN NaN NaN NaN 
NaN NaN NaN NaN NaN NaN NaN NaN NaN NaN NaN NaN NaN NaN NaN NaN NaN NaN NaN NaN NaN NaN NaN NaN NaN NaN NaN NaN NaN NaN NaN NaN NaN NaN NaN NaN NaN NaN NaN NaN 
NaN NaN NaN NaN NaN NaN NaN NaN NaN NaN NaN NaN NaN NaN NaN NaN NaN NaN NaN NaN NaN NaN NaN NaN NaN NaN NaN NaN NaN NaN NaN NaN NaN NaN NaN NaN NaN NaN NaN NaN 
NaN NaN NaN NaN NaN NaN NaN NaN NaN NaN NaN NaN NaN NaN NaN NaN NaN NaN NaN NaN NaN NaN NaN NaN NaN NaN NaN NaN NaN NaN NaN NaN NaN NaN NaN NaN NaN NaN NaN NaN 
NaN NaN NaN NaN NaN NaN NaN NaN NaN NaN NaN NaN NaN NaN NaN NaN NaN NaN NaN NaN NaN NaN NaN NaN NaN NaN NaN NaN NaN NaN NaN NaN NaN NaN NaN NaN NaN NaN NaN NaN 
NaN NaN NaN NaN NaN NaN NaN NaN NaN NaN NaN NaN NaN NaN NaN NaN NaN NaN NaN NaN NaN NaN NaN NaN NaN NaN NaN NaN NaN NaN NaN NaN NaN NaN NaN NaN NaN NaN NaN NaN 
NaN NaN NaN NaN NaN NaN NaN NaN NaN NaN NaN NaN NaN NaN NaN NaN NaN NaN NaN NaN NaN NaN NaN NaN NaN NaN NaN NaN NaN NaN NaN NaN NaN NaN NaN NaN NaN NaN NaN NaN 
NaN NaN NaN NaN NaN NaN NaN NaN NaN NaN NaN NaN NaN NaN NaN NaN NaN NaN NaN NaN NaN NaN NaN NaN NaN NaN NaN NaN NaN NaN NaN NaN NaN NaN NaN NaN NaN NaN NaN NaN 
NaN NaN NaN NaN NaN NaN NaN NaN NaN NaN NaN NaN NaN NaN NaN NaN NaN NaN NaN NaN NaN NaN NaN NaN NaN NaN NaN NaN NaN NaN NaN NaN NaN NaN NaN NaN NaN NaN NaN NaN 
NaN NaN NaN NaN NaN NaN NaN NaN NaN NaN NaN NaN NaN NaN NaN NaN NaN NaN NaN NaN NaN NaN NaN NaN NaN NaN NaN NaN NaN NaN NaN NaN NaN NaN NaN NaN NaN NaN NaN NaN 
NaN NaN NaN NaN NaN NaN NaN NaN NaN NaN NaN NaN NaN NaN NaN NaN NaN NaN NaN NaN NaN NaN NaN NaN NaN NaN NaN NaN NaN NaN NaN NaN NaN NaN NaN NaN NaN NaN NaN NaN 
NaN NaN NaN NaN NaN NaN NaN NaN NaN NaN NaN NaN NaN NaN NaN NaN NaN NaN NaN NaN NaN NaN NaN NaN NaN NaN NaN NaN NaN NaN NaN NaN NaN NaN NaN NaN NaN NaN NaN NaN 
NaN NaN NaN NaN NaN NaN NaN NaN NaN NaN NaN NaN NaN NaN NaN NaN NaN NaN NaN NaN NaN NaN NaN NaN NaN NaN NaN NaN NaN NaN NaN NaN NaN NaN NaN NaN NaN NaN NaN NaN 
NaN NaN NaN NaN NaN NaN NaN NaN NaN NaN NaN NaN NaN NaN NaN NaN NaN NaN NaN NaN NaN NaN NaN NaN NaN NaN NaN NaN NaN NaN NaN NaN NaN NaN NaN NaN NaN NaN NaN NaN 
NaN NaN NaN NaN NaN NaN NaN NaN NaN NaN NaN NaN NaN NaN NaN NaN NaN NaN NaN NaN NaN NaN NaN NaN NaN NaN NaN NaN NaN NaN NaN NaN NaN NaN NaN NaN NaN NaN NaN NaN 
NaN NaN NaN NaN NaN NaN NaN NaN NaN NaN NaN NaN NaN NaN NaN NaN NaN NaN NaN NaN NaN NaN NaN NaN NaN NaN NaN NaN NaN NaN NaN NaN NaN NaN NaN NaN NaN NaN NaN NaN 
NaN NaN NaN NaN NaN NaN NaN NaN NaN NaN NaN NaN NaN NaN NaN NaN NaN NaN NaN NaN NaN NaN NaN NaN NaN NaN NaN NaN NaN NaN NaN NaN NaN NaN NaN NaN NaN NaN NaN NaN 
NaN NaN NaN NaN NaN NaN NaN NaN NaN NaN NaN NaN NaN NaN NaN NaN NaN NaN NaN NaN NaN NaN NaN NaN NaN NaN NaN NaN NaN NaN NaN NaN NaN NaN NaN NaN NaN NaN NaN NaN 
NaN NaN NaN NaN NaN NaN NaN NaN NaN NaN NaN NaN NaN NaN NaN NaN NaN NaN NaN NaN NaN NaN NaN NaN NaN NaN NaN NaN NaN NaN NaN NaN NaN NaN NaN NaN NaN NaN NaN NaN 
NaN NaN NaN NaN NaN NaN NaN NaN NaN NaN NaN NaN NaN NaN NaN NaN NaN NaN NaN NaN NaN NaN NaN NaN NaN NaN NaN NaN NaN NaN NaN NaN NaN NaN NaN NaN NaN NaN NaN NaN 
NaN NaN NaN NaN NaN NaN NaN NaN NaN NaN NaN NaN NaN NaN NaN NaN NaN NaN NaN NaN NaN NaN NaN NaN NaN NaN NaN NaN NaN NaN NaN NaN NaN NaN NaN NaN NaN NaN NaN NaN 
NaN NaN NaN NaN NaN NaN NaN NaN NaN NaN NaN NaN NaN NaN NaN NaN NaN NaN NaN NaN NaN NaN NaN NaN NaN NaN NaN NaN NaN NaN NaN NaN NaN NaN NaN NaN NaN NaN NaN NaN 
NaN NaN NaN NaN NaN NaN NaN NaN NaN NaN NaN NaN NaN NaN NaN NaN NaN NaN NaN NaN NaN NaN NaN NaN NaN NaN NaN NaN NaN NaN NaN NaN NaN NaN NaN NaN NaN NaN NaN NaN 
NaN NaN NaN NaN NaN NaN NaN NaN NaN NaN NaN NaN NaN NaN NaN NaN NaN NaN NaN NaN NaN NaN NaN NaN NaN NaN NaN NaN NaN NaN NaN NaN NaN NaN NaN NaN NaN NaN NaN NaN 
NaN NaN NaN NaN NaN NaN NaN NaN NaN NaN NaN NaN NaN NaN NaN NaN NaN NaN NaN NaN NaN NaN NaN NaN NaN NaN NaN NaN NaN NaN NaN NaN NaN NaN NaN NaN NaN NaN NaN NaN 
NaN NaN NaN NaN NaN NaN NaN NaN NaN NaN NaN NaN NaN NaN NaN NaN NaN NaN NaN NaN NaN NaN NaN NaN NaN NaN NaN NaN NaN NaN NaN NaN NaN NaN NaN NaN NaN NaN NaN NaN 
NaN NaN NaN NaN NaN NaN NaN NaN NaN NaN NaN NaN NaN NaN NaN NaN NaN NaN NaN NaN NaN NaN NaN NaN NaN NaN NaN NaN NaN NaN NaN NaN NaN NaN NaN NaN NaN NaN NaN NaN 
NaN NaN NaN NaN NaN NaN NaN NaN NaN NaN NaN NaN NaN NaN NaN NaN NaN NaN NaN NaN NaN NaN NaN NaN NaN NaN NaN NaN NaN NaN NaN NaN NaN NaN NaN NaN NaN NaN NaN NaN 
NaN NaN NaN NaN NaN NaN NaN NaN NaN NaN NaN NaN NaN NaN NaN NaN NaN NaN NaN NaN NaN NaN NaN NaN NaN NaN NaN NaN NaN NaN NaN NaN NaN NaN NaN NaN NaN NaN NaN NaN 
NaN NaN NaN NaN NaN NaN NaN NaN NaN NaN NaN NaN NaN NaN NaN NaN NaN NaN NaN NaN NaN NaN NaN NaN NaN NaN NaN NaN NaN NaN NaN NaN NaN NaN NaN NaN NaN NaN NaN NaN 
NaN NaN NaN NaN NaN NaN NaN NaN NaN NaN NaN NaN NaN NaN NaN NaN NaN NaN NaN NaN NaN NaN NaN NaN NaN NaN NaN NaN NaN NaN NaN NaN NaN NaN NaN NaN NaN NaN NaN NaN 
NaN NaN NaN NaN NaN NaN NaN NaN NaN NaN NaN NaN NaN NaN NaN NaN NaN NaN NaN NaN NaN NaN NaN NaN NaN NaN NaN NaN NaN NaN NaN NaN NaN NaN NaN NaN NaN NaN NaN NaN 
NaN NaN NaN NaN NaN NaN NaN NaN NaN NaN NaN NaN NaN NaN NaN NaN NaN NaN NaN NaN NaN NaN NaN NaN NaN NaN NaN NaN NaN NaN NaN NaN NaN NaN NaN NaN NaN NaN NaN NaN 
NaN NaN NaN NaN NaN NaN NaN NaN NaN NaN NaN NaN NaN NaN NaN NaN NaN NaN NaN NaN NaN NaN NaN NaN NaN NaN NaN NaN NaN NaN NaN NaN NaN NaN NaN NaN NaN NaN NaN NaN 
NaN NaN NaN NaN NaN NaN NaN NaN NaN NaN NaN NaN NaN NaN NaN NaN NaN NaN NaN NaN NaN NaN NaN NaN NaN NaN NaN NaN NaN NaN NaN NaN NaN NaN NaN NaN NaN NaN NaN NaN 
NaN NaN NaN NaN NaN NaN NaN NaN NaN NaN NaN NaN NaN NaN NaN NaN NaN NaN NaN NaN NaN NaN NaN NaN NaN NaN NaN NaN NaN NaN NaN NaN NaN NaN NaN NaN NaN NaN NaN NaN 
NaN NaN NaN NaN NaN NaN NaN NaN NaN NaN NaN NaN NaN NaN NaN NaN NaN NaN NaN NaN NaN NaN NaN NaN NaN NaN NaN NaN NaN NaN NaN NaN NaN NaN NaN NaN NaN NaN NaN NaN 
NaN NaN NaN NaN NaN NaN NaN NaN NaN NaN NaN NaN NaN NaN NaN NaN NaN NaN NaN NaN NaN NaN NaN NaN NaN NaN NaN NaN NaN NaN NaN NaN NaN NaN NaN NaN NaN NaN NaN NaN 
NaN NaN NaN NaN NaN NaN NaN NaN NaN NaN NaN NaN NaN NaN NaN NaN NaN NaN NaN NaN NaN NaN NaN NaN NaN NaN NaN NaN NaN NaN NaN NaN NaN NaN NaN NaN NaN NaN NaN NaN 
NaN NaN NaN NaN NaN NaN NaN NaN NaN NaN NaN NaN NaN NaN NaN NaN NaN NaN NaN NaN NaN NaN NaN NaN NaN NaN NaN NaN NaN NaN NaN NaN NaN NaN NaN NaN NaN NaN NaN NaN 
NaN NaN NaN NaN NaN NaN NaN NaN NaN NaN NaN NaN NaN NaN NaN NaN NaN NaN NaN NaN NaN NaN NaN NaN NaN NaN NaN NaN NaN NaN NaN NaN NaN NaN NaN NaN NaN NaN NaN NaN 
NaN NaN NaN NaN NaN NaN NaN NaN NaN NaN NaN NaN NaN NaN NaN NaN NaN NaN NaN NaN NaN NaN NaN NaN NaN NaN NaN NaN NaN NaN NaN NaN NaN NaN NaN NaN NaN NaN NaN NaN 
NaN NaN NaN NaN NaN NaN NaN NaN NaN NaN NaN NaN NaN NaN NaN NaN NaN NaN NaN NaN NaN NaN NaN NaN NaN NaN NaN NaN NaN NaN NaN NaN NaN NaN NaN NaN NaN NaN NaN NaN 
NaN NaN NaN NaN NaN NaN NaN NaN NaN NaN NaN NaN NaN NaN NaN NaN NaN NaN NaN NaN NaN NaN NaN NaN NaN NaN NaN NaN NaN NaN NaN NaN NaN NaN NaN NaN NaN NaN NaN NaN 
NaN NaN NaN NaN NaN NaN NaN NaN NaN NaN NaN NaN NaN NaN NaN NaN NaN NaN NaN NaN NaN NaN NaN NaN NaN NaN NaN NaN NaN NaN NaN NaN NaN NaN NaN NaN NaN NaN NaN NaN 
NaN NaN NaN NaN NaN NaN NaN NaN NaN NaN NaN NaN NaN NaN NaN NaN NaN NaN NaN NaN NaN NaN NaN NaN NaN NaN NaN NaN NaN NaN NaN NaN NaN NaN NaN NaN NaN NaN NaN NaN 
NaN NaN NaN NaN NaN NaN NaN NaN NaN NaN NaN NaN NaN NaN NaN NaN NaN NaN NaN NaN NaN NaN NaN NaN NaN NaN NaN NaN NaN NaN NaN NaN NaN NaN NaN NaN NaN NaN NaN NaN 
NaN NaN NaN NaN NaN NaN NaN NaN NaN NaN NaN NaN NaN NaN NaN NaN NaN NaN NaN NaN NaN NaN NaN NaN NaN NaN NaN NaN NaN NaN NaN NaN NaN NaN NaN NaN NaN NaN NaN NaN 
NaN NaN NaN NaN NaN NaN NaN NaN NaN NaN NaN NaN NaN NaN NaN NaN NaN NaN NaN NaN NaN NaN NaN NaN NaN NaN NaN NaN NaN NaN NaN NaN NaN NaN NaN NaN NaN NaN NaN NaN 
NaN NaN NaN NaN NaN NaN NaN NaN NaN NaN NaN NaN NaN NaN NaN NaN NaN NaN NaN NaN NaN NaN NaN NaN NaN NaN NaN NaN NaN NaN NaN NaN NaN NaN NaN NaN NaN NaN NaN NaN 
NaN NaN NaN NaN NaN NaN NaN NaN NaN NaN NaN NaN NaN NaN NaN NaN NaN NaN NaN NaN NaN NaN NaN NaN NaN NaN NaN NaN NaN NaN NaN NaN NaN NaN NaN NaN NaN NaN NaN NaN 
NaN NaN NaN NaN NaN NaN NaN NaN NaN NaN NaN NaN NaN NaN NaN NaN NaN NaN NaN NaN NaN NaN NaN NaN NaN NaN NaN NaN NaN NaN NaN NaN NaN NaN NaN NaN NaN NaN NaN NaN 
NaN NaN NaN NaN NaN NaN NaN NaN NaN NaN NaN NaN NaN NaN NaN NaN NaN NaN NaN NaN NaN NaN NaN NaN NaN NaN NaN NaN NaN NaN NaN NaN NaN NaN NaN NaN NaN NaN NaN NaN 
NaN NaN NaN NaN NaN NaN NaN NaN NaN NaN NaN NaN NaN NaN NaN NaN NaN NaN NaN NaN NaN NaN NaN NaN NaN NaN NaN NaN NaN NaN NaN NaN NaN NaN NaN NaN NaN NaN NaN NaN 
NaN NaN NaN NaN NaN NaN NaN NaN NaN NaN NaN NaN NaN NaN NaN NaN NaN NaN NaN NaN NaN NaN NaN NaN NaN NaN NaN NaN NaN NaN NaN NaN NaN NaN NaN NaN NaN NaN NaN NaN 
NaN NaN NaN NaN NaN NaN NaN NaN NaN NaN NaN NaN NaN NaN NaN NaN NaN NaN NaN NaN NaN NaN NaN NaN NaN NaN NaN NaN NaN NaN NaN NaN NaN NaN NaN NaN NaN NaN NaN NaN 
NaN NaN NaN NaN NaN NaN NaN NaN NaN NaN NaN NaN NaN NaN NaN NaN NaN NaN NaN NaN NaN NaN NaN NaN NaN NaN NaN NaN NaN NaN NaN NaN NaN NaN NaN NaN NaN NaN NaN NaN 
NaN NaN NaN NaN NaN NaN NaN NaN NaN NaN NaN NaN NaN NaN NaN NaN NaN NaN NaN NaN NaN NaN NaN NaN NaN NaN NaN NaN NaN NaN NaN NaN NaN NaN NaN NaN NaN NaN NaN NaN 
NaN NaN NaN NaN NaN NaN NaN NaN NaN NaN NaN NaN NaN NaN NaN NaN NaN NaN NaN NaN NaN NaN NaN NaN NaN NaN NaN NaN NaN NaN NaN NaN NaN NaN NaN NaN NaN NaN NaN NaN 
NaN NaN NaN NaN NaN NaN NaN NaN NaN NaN NaN NaN NaN NaN NaN NaN NaN NaN NaN NaN NaN NaN NaN NaN NaN NaN NaN NaN NaN NaN NaN NaN NaN NaN NaN NaN NaN NaN NaN NaN 
NaN NaN NaN NaN NaN NaN NaN NaN NaN NaN NaN NaN NaN NaN NaN NaN NaN NaN NaN NaN NaN NaN NaN NaN NaN NaN NaN NaN NaN NaN NaN NaN NaN NaN NaN NaN NaN NaN NaN NaN 
NaN NaN NaN NaN NaN NaN NaN NaN NaN NaN NaN NaN NaN NaN NaN NaN NaN NaN NaN NaN NaN NaN NaN NaN NaN NaN NaN NaN NaN NaN NaN NaN NaN NaN NaN NaN NaN NaN NaN NaN 
NaN NaN NaN NaN NaN NaN NaN NaN NaN NaN NaN NaN NaN NaN NaN NaN NaN NaN NaN NaN NaN NaN NaN NaN NaN NaN NaN NaN NaN NaN NaN NaN NaN NaN NaN NaN NaN NaN NaN NaN 
NaN NaN NaN NaN NaN NaN NaN NaN NaN NaN NaN NaN NaN NaN NaN NaN NaN NaN NaN NaN NaN NaN NaN NaN NaN NaN NaN NaN NaN NaN NaN NaN NaN NaN NaN NaN NaN NaN NaN NaN 
NaN NaN NaN NaN NaN NaN NaN NaN NaN NaN NaN NaN NaN NaN NaN NaN NaN NaN NaN NaN NaN NaN NaN NaN NaN NaN NaN NaN NaN NaN NaN NaN NaN NaN NaN NaN NaN NaN NaN NaN 
NaN NaN NaN NaN NaN NaN NaN NaN NaN NaN NaN NaN NaN NaN NaN NaN NaN NaN NaN NaN NaN NaN NaN NaN NaN NaN NaN NaN NaN NaN NaN NaN NaN NaN NaN NaN NaN NaN NaN NaN 
NaN NaN NaN NaN NaN NaN NaN NaN NaN NaN NaN NaN NaN NaN NaN NaN NaN NaN NaN NaN NaN NaN NaN NaN NaN NaN NaN NaN NaN NaN NaN NaN NaN NaN NaN NaN NaN NaN NaN NaN 
NaN NaN NaN NaN NaN NaN NaN NaN NaN NaN NaN NaN NaN NaN NaN NaN NaN NaN NaN NaN NaN NaN NaN NaN NaN NaN NaN NaN NaN NaN NaN NaN NaN NaN NaN NaN NaN NaN NaN NaN 
NaN NaN NaN NaN NaN NaN NaN NaN NaN NaN NaN NaN NaN NaN NaN NaN NaN NaN NaN NaN NaN NaN NaN NaN NaN NaN NaN NaN NaN NaN NaN NaN NaN NaN NaN NaN NaN NaN NaN NaN 
NaN NaN NaN NaN NaN NaN NaN NaN NaN NaN NaN NaN NaN NaN NaN NaN NaN NaN NaN NaN NaN NaN NaN NaN NaN NaN NaN NaN NaN NaN NaN NaN NaN NaN NaN NaN NaN NaN NaN NaN 
NaN NaN NaN NaN NaN NaN NaN NaN NaN NaN NaN NaN NaN NaN NaN NaN NaN NaN NaN NaN NaN NaN NaN NaN NaN NaN NaN NaN NaN NaN NaN NaN NaN NaN NaN NaN NaN NaN NaN NaN 
NaN NaN NaN NaN NaN NaN NaN NaN NaN NaN NaN NaN NaN NaN NaN NaN NaN NaN NaN NaN NaN NaN NaN NaN NaN NaN NaN NaN NaN NaN NaN NaN NaN NaN NaN NaN NaN NaN NaN NaN 
NaN NaN NaN NaN NaN NaN NaN NaN NaN NaN NaN NaN NaN NaN NaN NaN NaN NaN NaN NaN NaN NaN NaN NaN NaN NaN NaN NaN NaN NaN NaN NaN NaN NaN NaN NaN NaN NaN NaN NaN 
NaN NaN NaN NaN NaN NaN NaN NaN NaN NaN NaN NaN NaN NaN NaN NaN NaN NaN NaN NaN NaN NaN NaN NaN NaN NaN NaN NaN NaN NaN NaN NaN NaN NaN NaN NaN NaN NaN NaN NaN 
NaN NaN NaN NaN NaN NaN NaN NaN NaN NaN NaN NaN NaN NaN NaN NaN NaN NaN NaN NaN NaN NaN NaN NaN NaN NaN NaN NaN NaN NaN NaN NaN NaN NaN NaN NaN NaN NaN NaN NaN 
-76.512930 -77.431523 -78.988232 -81.597543 -84.887548 -87.686349 -88.786720 -90.300260 -95.370926 -106.670675 -100.136759 -99.626132 -106.165821 -114.163628 -104.543420 -96.777581 -97.669031 -100.459375 -97.177616 -96.106983 -92.766434 -98.901989 -96.005067 -93.518007 -95.158493 -93.182648 -91.688564 -94.454419 -102.692221 -101.457999 -96.925298 -95.518400 -95.331389 -94.248310 -93.603098 -91.711209 -93.454332 -89.945387 -98.031539 -103.012390 
-55.096240 -64.243294 -67.289802 -66.732593 -71.862009 -69.669214 -68.944065 -77.172270 -85.421643 -82.988604 -74.477800 -74.000598 -79.741548 -79.856351 -79.600609 -77.271718 -74.946658 -79.415031 -79.319319 -81.169645 -78.061244 -74.144001 -75.058030 -76.221824 -77.682094 -75.327489 -72.330680 -75.776728 -78.579107 -80.116649 -77.231285 -75.113857 -75.830975 -76.680862 -75.528249 -74.777858 -74.377787 -72.253007 -76.778233 -81.369410 
-53.848998 -74.026632 -75.048592 -70.288228 -65.816679 -73.024255 -71.681171 -70.488842 -70.103824 -72.643025 -69.521460 -68.164266 -74.005629 -76.908730 -74.017620 -72.519025 -69.232993 -72.796166 -76.395791 -71.922665 -71.761195 -69.413353 -76.302852 -72.415375 -72.897329 -72.648011 -75.764346 -76.838571 -71.602636 -73.809661 -72.146805 -73.874490 -73.086801 -75.769457 -76.030530 -72.862704 -73.825959 -73.049547 -73.884712 -74.739249 
-54.719762 -69.876182 -64.848857 -63.431497 -68.714124 -72.217293 -73.478826 -74.314578 -79.116629 -75.842875 -75.636259 -70.423120 -73.823481 -74.777240 -73.627464 -67.917682 -68.989843 -69.029326 -75.805133 -76.478936 -75.324600 -74.141309 -68.961462 -72.744850 -74.025695 -73.472177 -72.783063 -70.207841 -75.308206 -72.769534 -70.940035 -71.734394 -72.875294 -73.513745 -71.813493 -73.912515 -74.682047 -76.913743 -74.172927 -73.988991 
-37.505548 -37.416035 -38.761274 -41.999602 -47.973472 -50.029007 -50.612436 -53.341953 -56.720640 -56.678550 -60.423472 -58.019287 -58.963465 -60.227097 -62.485205 -61.715899 -61.351576 -63.764808 -63.739534 -64.633060 -62.977714 -64.367157 -65.193699 -66.254140 -68.004478 -67.532843 -68.075845 -68.381758 -70.270422 -73.288555 -73.216328 -69.568974 -70.605621 -72.706659 -71.859743 -70.636564 -70.773458 -73.041189 -72.679164 -71.845259 
-20.669942 -19.181407 -24.562169 -35.541018 -41.038841 -43.884732 -43.336834 -45.546798 -49.268708 -51.294348 -52.372032 -51.806787 -52.726497 -52.276436 -55.986731 -56.589188 -55.353584 -57.455372 -57.767639 -57.868305 -55.412443 -57.987953 -58.477183 -59.028263 -61.840108 -61.530164 -60.562377 -60.726509 -62.756058 -61.927434 -62.121730 -62.843203 -65.735074 -66.750133 -65.956947 -64.542967 -62.951370 -65.364677 -67.933907 -65.697257 
-22.869167 -22.239475 -26.738867 -37.572019 -43.177444 -42.934309 -46.442556 -54.434473 -59.451363 -60.608224 -58.782898 -57.679587 -61.403108 -56.587837 -57.650826 -57.842019 -61.678396 -58.876482 -57.792963 -57.434969 -56.658668 -58.839808 -62.013937 -59.768636 -62.349282 -61.548477 -65.019440 -60.043717 -60.416468 -60.808385 -63.448010 -63.265776 -66.197366 -68.194015 -65.122146 -64.447460 -65.095508 -62.341606 -68.336192 -65.973626 
-18.820543 -19.090163 -27.524562 -41.094164 -48.756818 -48.576488 -49.611418 -50.220302 -55.189162 -63.210139 -59.706882 -57.935370 -60.094245 -55.758214 -58.326566 -59.086346 -57.849176 -55.606250 -60.681298 -58.657673 -59.644705 -60.318106 -59.655253 -57.799819 -60.329483 -63.884161 -62.222109 -59.870434 -60.876581 -60.421614 -63.778836 -65.009785 -63.812560 -64.938541 -64.671137 -64.492692 -64.326598 -62.440245 -65.313513 -66.645635 
-16.865631 -21.185135 -32.587276 -40.877644 -42.788238 -48.894220 -52.357379 -47.757134 -52.129244 -62.717277 -59.793778 -63.169343 -60.385891 -63.525969 -58.276628 -61.577968 -64.741358 -59.274638 -62.253776 -65.594358 -61.012786 -58.885327 -57.829136 -56.570714 -53.107360 -59.604728 -58.218979 -59.658081 -57.878647 -62.493580 -64.404686 -63.470206 -62.233981 -62.581844 -61.834287 -61.852708 -61.632690 -60.041929 -65.951334 -66.790154 
-19.483224 -22.773841 -35.328985 -38.142441 -42.257275 -45.234397 -48.566287 -43.671170 -42.167009 -47.649442 -50.596820 -48.612310 -42.004112 -44.707964 -46.926405 -50.296009 -36.228124 -32.112905 -35.990850 -30.301196 -39.572528 -42.686857 -33.379390 -33.355341 -27.544232 -20.872025 -28.682640 -26.076940 -25.411005 -33.861734 -38.333113 -41.109201 -37.024737 -40.867159 -44.012929 -39.596954 -40.718531 -41.891583 -54.433680 -55.995576 
-16.653786 -14.844962 -15.891308 -17.789623 -21.582947 -17.835633 -13.343107 -11.277329 -16.561498 -19.450114 -17.497034 -13.245228 -13.985821 -24.043831 -21.710780 -14.652821 -16.877712 -16.686009 -15.682317 -12.836521 -15.395527 -13.988200 -8.077549 -3.711816 -6.025853 0.303438 -4.093351 -0.217778 -6.770649 -11.983315 -17.599593 -21.375433 -22.583413 -27.009205 -24.394439 -20.336627 -23.003491 -21.711151 -25.777735 -31.058748 
-5.075590 -8.318360 -10.025872 -6.420159 -4.725758 -2.800890 -0.880278 -0.610148 -15.077925 -14.860301 -13.262486 -8.476466 -6.175504 -7.204577 -8.966549 -8.762465 -14.242451 -15.024478 -6.999147 -5.659228 -6.242025 -8.974581 -6.585859 -0.219685 -3.882803 2.425655 -1.566336 4.709600 0.329502 -7.670106 -12.261941 -14.420390 -9.415265 -12.433048 -17.212976 -10.111379 -9.098762 -12.607976 -18.200765 -24.840513 
-0.663020 -4.611282 -13.305848 -15.300344 -5.319594 -5.980784 -7.223427 -7.689232 -8.416154 -15.850826 -8.178699 -8.726893 -19.234653 -14.154704 -15.151404 -15.573723 -15.925667 -15.742635 -13.215502 -7.867909 -8.953811 -11.210285 -12.900319 -11.178491 -1.560150 1.677147 -4.461411 -2.798250 -4.779449 -10.281207 -14.862929 -12.530459 -4.708036 -8.396568 -11.107278 -10.549478 -7.612055 -9.800806 -14.846882 -21.039916 
-2.031581 -6.146404 -11.891202 -6.139344 -4.540524 -4.160261 -6.658601 -10.316086 -16.194826 -16.213234 -17.466168 -15.773295 -16.076663 -22.260606 -20.501723 -19.739598 -22.229344 -12.808652 -14.702764 -13.842288 -14.665106 -5.805139 -11.436752 -12.492570 -10.658031 -4.575235 -5.304612 -6.521528 -9.622823 -15.108515 -18.630801 -14.442524 -9.865457 -7.388711 -10.444506 -10.386058 -10.863082 -11.512621 -13.935239 -16.911283 
-13.187404 -9.178235 -12.862555 -8.268630 -5.410897 -8.603661 -5.382066 -12.748770 -17.335741 -20.720458 -14.106046 -20.783917 -24.277594 -25.148764 -26.223547 -27.007308 -26.593233 -21.534015 -16.894841 -12.130629 -17.088368 -7.383617 -11.717495 -12.276389 -12.864373 -4.266233 -6.735350 -5.805128 -10.837506 -16.573597 -16.500166 -12.688278 -11.192312 -10.607235 -11.933441 -12.420608 -11.288033 -11.650339 -16.701988 -15.653763 
-5.306127 5.695523 7.817864 2.312197 -9.261187 -3.870245 -5.497503 -8.308494 -14.874503 -23.748161 -16.540811 -16.071656 -23.513776 -21.422546 -23.411280 -27.260012 -27.867660 -20.871990 -17.771639 -15.902843 -17.318272 -11.090380 -7.929884 -9.221210 -7.540363 -7.863369 -9.622028 -3.563497 -12.605669 -16.510548 -19.674123 -19.321930 -15.758943 -16.018134 -15.688534 -17.182868 -14.720902 -16.763818 -18.565702 -19.138722 
0.769732 16.952397 24.604907 22.004206 11.490891 10.952649 10.911219 -2.117505 -18.682128 -15.143384 -11.960304 -12.634943 -15.583682 -18.093352 -20.246491 -19.975134 -18.252419 -17.292994 -19.412440 -15.553599 -10.656817 -4.147212 -5.217016 -6.426796 -3.759385 -3.651628 -7.070729 -4.317499 -11.443796 -15.995193 -18.735227 -16.934134 -19.697586 -18.615651 -21.634096 -22.660358 -18.072721 -22.026046 -20.206383 -19.615356 
-2.105258 17.934860 28.441470 23.707258 19.058460 23.684509 14.853786 5.190609 -6.191047 -11.688906 -13.297855 -9.287038 -13.474534 -11.515119 -15.347072 -16.991297 -16.986047 -14.483499 -15.171173 -11.421592 -6.415531 1.707426 1.380585 -1.734993 1.171627 2.612306 -0.413176 2.432590 -4.364983 -12.788111 -23.149401 -23.882840 -21.809713 -24.190803 -26.361324 -31.415324 -24.383273 -28.149692 -24.643589 -23.595651 
-3.718024 17.297883 28.009071 22.536531 21.899547 27.993906 15.076776 3.798561 -6.632639 -7.958160 -14.121878 -9.796779 -11.283478 -10.270388 -13.149559 -15.534033 -15.930253 -14.326836 -13.866839 -12.321843 -4.507791 4.048212 4.093609 -0.809589 1.894799 0.550434 2.597149 4.765068 -2.227521 -13.991165 -23.688387 -25.282927 -25.471446 -28.014118 -29.628402 -29.666351 -26.367745 -28.774336 -25.206185 -23.607391 
-8.727991 15.357401 26.864837 21.893575 21.683045 29.181854 16.738093 -6.317440 -11.947806 -8.181479 -13.080035 -10.746404 -14.950376 -15.922023 -17.165689 -20.414213 -20.198969 -16.496379 -14.418515 -10.384508 -3.114913 4.559730 -0.384362 -4.186660 -0.319370 -1.583001 -1.374449 1.146272 -3.578418 -13.064614 -26.878052 -31.684476 -28.087366 -33.574143 -35.635526 -35.441935 -28.197121 -37.051507 -28.141091 -25.335522 
-4.449511 13.919854 25.817458 21.797985 20.343919 29.715801 18.676737 -6.800784 -8.207709 -6.740068 -9.959398 -8.523848 -16.430833 -17.083873 -15.269836 -18.428890 -20.834661 -12.254596 -12.751170 -8.489771 -1.655207 5.880967 -2.792948 -1.029184 -1.073692 -4.652545 -1.547600 0.628629 -4.402920 -12.518851 -28.922496 -35.499180 -33.892496 -35.750415 -35.957291 -36.572078 -30.222386 -40.433634 -34.274104 -27.924368 
-7.165543 14.728609 25.062157 21.702722 21.544703 28.762834 19.118097 -4.339901 -4.792249 -7.805899 -11.625830 -7.295414 -13.902420 -15.829646 -15.895608 -19.382028 -21.360514 -11.365536 -9.027194 -1.479790 1.990493 3.105622 -3.070175 -3.562238 -9.800716 -14.223892 -10.701173 -9.168742 -14.905030 -20.488870 -32.098608 -32.195338 -34.928662 -36.690767 -37.815253 -36.772174 -30.549721 -37.409823 -37.244790 -32.870219 
-2.943443 14.418381 21.507658 13.695067 14.939350 19.725145 11.032089 -0.812999 -5.721463 -17.767007 -12.306672 -11.906750 -14.495732 -13.821472 -20.078511 -21.254608 -19.826521 -18.275709 -16.228761 -10.324694 -8.035743 -8.387463 -12.483984 -16.886440 -18.714819 -20.327578 -21.545977 -21.195825 -24.966277 -26.065860 -38.442100 -34.623916 -40.029477 -41.233602 -44.012976 -45.337328 -43.060790 -45.437139 -45.352958 -40.883943 
-7.708787 13.961190 22.967031 17.153720 5.007622 8.747407 -4.483224 -3.456119 -13.741723 -19.790173 -21.810953 -22.586678 -24.269448 -23.820491 -24.568988 -25.732153 -27.190534 -24.660169 -26.163162 -20.699489 -16.596968 -20.463252 -26.392700 -26.243440 -30.826489 -31.712589 -30.767675 -29.283609 -31.941927 -34.261428 -36.231775 -36.403750 -37.303512 -37.903453 -38.380735 -38.661580 -39.001094 -39.406330 -39.620487 -39.646819 
-5.597327 13.765502 21.681396 13.578072 4.624449 1.933564 -6.367148 -6.022640 -16.449143 -18.133097 -21.295906 -22.841228 -24.151182 -25.237711 -26.830654 -27.241650 -27.729565 -28.885260 -28.990207 -27.244836 -19.911659 -26.306798 -27.711885 -27.985450 -31.821151 -33.069340 -33.482146 -33.679209 -33.969787 -34.657098 -37.272717 -37.602029 -38.050609 -38.602224 -38.956718 -39.214594 -39.624614 -39.924011 -40.087897 -40.224114 
-7.348634 12.883466 19.503049 9.743692 2.314339 -0.730707 -6.997758 -9.795697 -17.614383 -20.693518 -21.399808 -21.341301 -22.534573 -26.298295 -26.897833 -28.339008 -29.040402 -30.028752 -30.628088 -30.336269 -28.106922 -32.857281 -32.539722 -33.448050 -35.029706 -35.372320 -35.732651 -35.993577 -37.302119 -37.922186 -38.315966 -38.763908 -39.173351 -39.609247 -39.997552 -40.360670 -40.637389 -40.971522 -41.145328 -41.242544 
-6.841231 12.754292 17.748131 6.494325 -1.461052 -7.381793 -9.717219 -13.302049 -20.463225 -22.541785 -26.827858 -22.226830 -22.414109 -22.802754 -30.011926 -35.188868 -36.543641 -36.803576 -37.741257 -38.880388 -39.798626 -39.918431 -40.198497 -41.110635 -42.204152 -42.558278 -43.009310 -43.343901 -44.175538 -44.860823 -45.481827 -45.999698 -45.981349 -46.871171 -47.211031 -47.600421 -47.757664 -47.946719 -48.478456 -48.475685 
-4.759859 12.307346 15.634104 3.745012 -4.370863 -11.120606 -9.925152 -14.522119 -19.980281 -26.619778 -25.633547 -23.324165 -21.448237 -25.009090 -31.377082 -38.782993 -34.831997 -29.374238 -30.921188 -39.000484 -41.122571 -36.677138 -41.729280 -43.425363 -42.371019 -43.800227 -43.735486 -45.958576 -44.140253 -48.011974 -46.962934 -43.194252 -42.947580 -40.497015 -43.360031 -47.562196 -45.491610 -42.632181 -43.845045 -44.961729 
-0.106406 13.379647 15.507540 2.498060 -6.079894 -0.025677 1.118371 -1.748152 -14.694086 -11.383163 -7.979792 -11.893666 -5.175280 -7.702753 -11.654556 -14.714866 -14.772016 -12.902472 -15.226597 -18.031287 -20.342320 -23.273922 -26.861995 -27.737474 -29.573349 -29.189556 -29.723544 -31.742453 -30.573243 -32.435305 -32.800885 -30.077097 -30.170409 -25.574276 -30.349998 -33.928999 -32.314700 -29.761534 -30.920130 -31.045854 
5.801268 16.608768 20.256101 15.106846 16.076547 13.867981 11.863083 7.975135 1.486561 -0.428002 -4.184979 1.959229 3.263864 2.383606 -7.124646 -13.777139 -20.093348 -21.210222 -26.218204 -27.068072 -26.844339 -22.366448 -21.710564 -20.317365 -28.527162 -28.101871 -26.273031 -22.333810 -23.623246 -33.105687 -38.048711 -31.714246 -30.817208 -28.874253 -39.596939 -32.669953 -37.432720 -35.460998 -40.046264 -42.023666 
5.380665 18.270428 19.888342 15.138576 18.151810 13.098760 18.616576 16.376326 7.777420 -3.155030 5.406168 6.257421 8.666250 3.865691 -8.478249 -18.255872 -20.592630 -25.066945 -25.986632 -26.103187 -29.158355 -26.385592 -19.316934 -17.393018 -25.363346 -25.706149 -25.137304 -20.613362 -25.233480 -33.854016 -35.793438 -30.986416 -34.839313 -34.333870 -40.048690 -38.474581 -37.032552 -33.701797 -38.157241 -42.624824 
5.571537 18.611339 18.713022 16.069480 16.505072 13.279798 16.296037 18.612578 13.107350 1.435218 5.953366 7.245338 7.861447 3.624752 -6.625135 -16.768304 -23.403651 -20.993093 -24.600522 -29.571186 -29.101051 -26.696377 -15.690075 -13.673740 -22.263106 -23.670477 -21.203301 -24.587341 -27.416413 -34.761716 -32.192825 -26.452106 -33.394320 -31.050349 -38.577597 -39.534169 -36.639314 -30.904132 -38.539723 -41.080323 
6.018602 18.850986 17.186656 15.747905 15.497852 12.348456 14.529011 22.174519 13.596576 2.714901 8.757672 8.519446 9.510583 3.838207 -6.138899 -19.462583 -22.380649 -21.462110 -26.343501 -30.194830 -30.609777 -25.394146 -16.526603 -11.054799 -21.905650 -25.057391 -19.573299 -20.928207 -22.481127 -36.966088 -33.742161 -28.415210 -36.375525 -32.239264 -49.672142 -52.494509 -39.037733 -32.533082 -46.522451 -50.850235 
4.855415 17.912897 15.197455 15.118813 12.992804 10.402459 14.648801 23.330789 12.768302 2.639389 7.721400 6.523050 8.090964 1.597388 -9.287296 -16.819727 -18.866636 -22.634650 -22.838211 -23.653892 -24.446745 -25.180782 -16.834265 -11.180619 -21.707062 -23.748758 -22.010863 -25.625713 -28.993345 -31.695998 -31.638354 -28.762879 -30.435064 -28.495405 -33.794167 -34.135393 -33.306602 -30.198994 -33.948996 -34.872855 
5.550987 17.389142 13.849624 14.866564 12.001415 6.687126 14.272600 21.748995 12.052343 6.305449 6.433006 6.508040 9.310377 -0.132449 -5.897919 -16.814740 -23.872093 -22.756928 -27.191122 -27.833728 -27.497256 -31.060662 -17.926179 -12.095949 -20.888949 -24.905041 -22.366150 -25.421294 -29.579094 -39.022805 -38.708341 -28.393995 -32.212771 -31.566598 -43.803754 -46.454526 -43.076576 -34.368921 -42.357490 -45.583891 
4.041582 16.075412 12.664850 14.331422 10.890196 5.943925 12.481463 18.497603 10.798739 7.933779 4.331528 5.465468 9.783553 1.490871 -7.544992 -15.225815 -19.083677 -21.341400 -26.786768 -27.419545 -26.977313 -27.212470 -17.449007 -11.826990 -23.017437 -26.801773 -22.505309 -26.422291 -30.320521 -36.454177 -36.241954 -28.688563 -31.411576 -32.452348 -37.762214 -40.119167 -39.806025 -34.835516 -38.692662 -40.525359 
4.167253 15.096278 11.701076 13.738547 9.517757 4.672682 11.503426 14.128818 11.399531 7.531512 1.713349 3.577427 10.483849 5.826982 -3.504878 -14.724778 -15.858315 -19.264762 -28.377280 -26.944061 -23.464047 -19.805892 -14.739490 -12.835632 -24.792121 -26.907312 -23.117369 -23.098115 -26.264919 -34.675746 -38.689087 -32.016377 -34.015085 -35.345121 -41.161930 -43.719400 -43.478973 -37.244507 -39.700198 -44.192001 
3.741175 14.128250 11.217804 12.965999 7.501555 3.334781 8.832072 11.548223 14.327971 6.979165 0.970859 1.915586 7.626851 10.462631 -3.990168 -12.320128 -15.522084 -18.148250 -25.506155 -24.876655 -23.269723 -22.692608 -13.123429 -15.849654 -23.365287 -24.832888 -23.843117 -24.268304 -28.324091 -38.431305 -45.778049 -31.040710 -34.332438 -39.092169 -51.219369 -63.088190 -57.776485 -37.314756 -42.464660 -51.649372 
3.458961 13.487505 10.584860 12.168917 6.367723 2.872528 7.169837 8.705077 14.099395 6.847289 1.987366 0.225854 7.453973 9.785462 5.534972 -8.004863 -14.160128 -18.224161 -18.933747 -22.165386 -23.987897 -15.868672 -13.257169 -19.591567 -23.605500 -26.675400 -18.881123 -19.868636 -27.579214 -36.741557 -42.438259 -31.448085 -35.588078 -39.247642 -46.019879 -53.662437 -52.618628 -34.516224 -38.904618 -48.518997 
2.872347 12.590161 10.259330 11.447603 4.683985 1.412281 4.740544 7.178741 13.601543 10.421048 3.350349 -1.732550 2.439866 4.926200 5.748418 1.289437 -12.030168 -16.746391 -17.405463 -22.819778 -20.664968 -14.341643 -14.087363 -19.141871 -26.016271 -25.762282 -18.425030 -21.871671 -29.106776 -36.021537 -38.177578 -33.901518 -38.453653 -39.765046 -42.947030 -44.924805 -45.228412 -34.403594 -35.632144 -44.459508 
2.619941 11.431868 8.938345 10.517190 2.591863 -3.868332 2.961305 6.817272 10.438543 12.512932 -0.537922 -5.506519 -2.733703 -4.291931 3.270143 5.957721 -3.715352 -16.090964 -16.265116 -19.388223 -18.055704 -9.585077 -9.765867 -22.828994 -24.514487 -23.722308 -19.327330 -24.887560 -28.298782 -33.091154 -35.083470 -35.679414 -38.214805 -39.048645 -39.232808 -40.383430 -40.560146 -33.935145 -34.965956 -41.016250 
2.197670 10.246560 8.262835 9.163339 -0.290107 -4.743986 0.887030 2.854934 9.925725 11.943247 -6.022172 -2.358635 -8.425673 -6.840454 -4.390274 3.312118 1.730042 -9.059461 -15.671374 -18.199086 -14.501540 -8.228841 -12.821774 -27.341236 -28.336718 -24.587787 -18.581277 -25.781922 -32.886317 -35.799342 -37.382303 -40.339176 -42.894961 -43.540213 -44.146941 -46.090949 -46.109876 -33.221747 -37.081286 -44.995403 
2.075950 8.939740 6.871450 7.288036 -4.564823 -3.495659 -0.684907 -1.219024 10.965383 10.602669 -3.523764 -3.409048 -10.011763 -7.890469 -5.896846 0.169683 3.751918 -6.543144 -14.423844 -17.498300 -12.511163 -8.817816 -17.964763 -29.478184 -30.104235 -27.700597 -19.913153 -31.778987 -38.731810 -39.708657 -38.463319 -41.016928 -42.448628 -46.131190 -47.854200 -50.370037 -50.459809 -35.906418 -37.224252 -46.485155 
2.031251 8.608714 6.008803 5.815794 -10.722340 -5.217584 -2.738994 -0.579158 10.289142 4.432985 -7.648790 -7.310918 -12.289657 -8.888678 -10.483229 -7.708256 0.516155 -2.446116 -11.306512 -13.893681 -11.942734 -12.074626 -24.232319 -29.287515 -34.920911 -30.713171 -30.012774 -37.607953 -40.655674 -44.476015 -41.240807 -41.492316 -42.662264 -48.547139 -51.622952 -52.780954 -52.340539 -38.391182 -39.630359 -48.836563 
1.226640 8.119918 5.642929 6.091280 -5.702686 -4.728242 -1.130404 1.670248 8.589578 2.008562 -7.370743 -11.473245 -15.264751 -12.614056 -13.455696 -9.522105 -1.281696 0.974041 -8.349259 -11.229016 -9.844355 -17.689921 -25.036850 -28.965730 -37.514260 -27.585115 -31.011182 -42.529185 -41.163589 -43.346939 -42.748295 -41.361720 -41.882318 -46.395244 -47.625949 -48.232434 -48.105879 -41.263285 -43.029942 -46.757016 
1.364364 8.037901 5.337180 5.653890 -1.868628 -5.637968 0.148327 3.228618 4.952956 0.035578 -8.876868 -15.263572 -15.367714 -15.446530 -14.815222 -11.287427 -7.986122 -0.293316 -6.925736 -12.446860 -9.033786 -20.283938 -26.693129 -31.783662 -39.515663 -28.053289 -36.123587 -44.211637 -45.395837 -45.892341 -45.232580 -46.965916 -48.798699 -52.216623 -56.070257 -57.133466 -55.581064 -46.566684 -50.636955 -49.638928 
-0.029740 7.822513 5.148295 4.848536 -1.378730 -3.932600 0.436007 4.785658 1.357592 -2.167292 -9.116525 -15.780263 -14.916312 -17.055626 -15.544148 -15.662717 -15.518219 -4.524780 -5.792252 -8.289640 -7.508611 -20.190432 -27.804920 -30.654530 -37.339014 -29.679618 -36.210187 -40.788340 -42.689306 -43.870315 -45.013383 -47.011895 -48.003481 -48.409483 -49.414027 -49.810760 -49.968120 -48.670586 -49.396315 -49.263608 
-0.411952 7.497369 5.121934 4.784773 -0.486542 -2.979577 0.992294 5.300132 -3.188741 -13.046575 -12.140595 -17.312890 -19.174911 -18.271295 -19.036070 -23.104362 -17.677119 -6.652899 -8.606959 -9.850833 -12.577408 -22.286694 -31.345782 -31.978404 -35.099738 -35.116129 -46.308966 -50.586139 -51.972500 -49.170433 -50.216530 -49.747729 -51.763132 -54.038291 -54.845599 -55.233814 -55.198821 -49.908618 -53.878068 -51.657150 
-1.395978 6.456659 4.579250 3.795601 -3.149376 -4.559639 -2.498670 -0.419357 -6.553555 -15.213536 -23.601021 -25.211983 -27.177560 -28.593954 -30.020190 -29.866795 -22.413724 -12.402025 -7.658466 -11.905224 -16.469502 -26.300283 -37.859709 -38.609683 -40.758792 -46.178904 -48.765940 -51.744816 -53.036703 -54.141184 -55.052784 -57.192809 -56.383655 -57.521901 -58.274886 -58.749823 -58.571473 -55.888760 -57.993026 -53.428655 
-2.558979 5.160734 3.998188 0.274243 -7.338496 -4.776351 -7.834427 -7.789318 -16.577696 -22.645480 -23.377284 -22.809059 -29.486350 -33.088262 -34.237690 -28.862282 -28.519621 -17.431347 -12.665898 -17.243140 -20.217368 -30.971818 -38.434513 -38.779934 -39.114073 -45.679028 -48.788931 -50.487246 -50.910437 -51.216338 -51.623168 -52.308277 -52.763230 -52.997420 -53.170721 -53.792010 -54.263304 -54.138787 -54.362036 -53.465440 
-12.389649 1.427710 -1.275074 -7.650324 -11.712592 -15.129953 -19.982823 -20.889413 -33.453209 -32.073797 -30.986765 -30.743636 -30.481288 -33.427941 -34.773668 -39.666442 -35.730949 -26.492351 -23.654129 -27.693626 -34.413028 -39.173237 -45.912496 -43.697182 -44.065900 -48.718732 -50.122673 -51.264643 -51.649015 -52.253540 -52.654143 -53.343789 -53.731308 -54.292594 -54.326526 -54.761776 -55.026972 -55.343713 -55.674627 -55.253807 
-9.247836 1.740650 -1.767430 -9.324893 -15.154508 -17.762222 -20.876708 -22.757905 -29.276664 -38.001981 -38.635007 -42.902242 -44.691343 -42.701509 -42.912909 -47.690898 -42.667870 -38.960727 -33.044363 -32.477079 -35.254344 -42.218091 -51.304938 -55.905744 -55.779975 -60.451277 -61.953442 -63.546567 -63.837034 -64.099708 -64.418334 -65.917422 -66.139593 -66.394936 -64.760037 -64.676651 -64.152863 -65.580053 -67.534484 -65.942589 
-12.221963 -1.163899 -1.323001 -13.099666 -21.772654 -26.519915 -24.831618 -28.273393 -36.491881 -37.946416 -40.381460 -50.755048 -50.947803 -51.714381 -51.823932 -52.107050 -43.081964 -38.072966 -33.309274 -37.584127 -45.540698 -53.960432 -59.868412 -60.414784 -60.796679 -62.745179 -63.983743 -65.602112 -65.402486 -63.859365 -65.939462 -67.918978 -68.096312 -68.250243 -65.454208 -62.098097 -66.311549 -69.183070 -70.267736 -70.022445 
-17.737808 -11.292102 -10.194734 -24.135858 -35.734538 -33.520603 -29.129082 -34.871226 -42.336486 -42.316325 -48.952800 -55.327903 -57.039101 -52.539923 -51.351530 -52.557902 -44.600609 -44.717964 -37.380770 -37.916964 -45.513610 -52.095179 -61.929075 -63.950878 -66.423234 -66.428973 -65.302627 -68.228232 -66.097167 -65.752784 -68.256521 -74.041213 -74.498316 -68.824639 -65.372651 -63.004438 -64.879472 -66.673675 -67.348453 -69.237716 
-19.911910 -19.596518 -24.543377 -34.445297 -43.818093 -42.520230 -40.881577 -42.502036 -46.623504 -53.296426 -47.512612 -48.721272 -49.463386 -48.311336 -45.384052 -45.801675 -47.666299 -49.206663 -44.688854 -40.241175 -46.318359 -53.522073 -60.229772 -66.361381 -63.671120 -65.487479 -66.802902 -61.551201 -62.381991 -61.274205 -63.953012 -64.201567 -62.956466 -63.629616 -63.624416 -63.101296 -62.136998 -68.128053 -63.758803 -63.505466 
-15.275990 -16.575632 -18.628426 -21.735368 -25.778095 -28.163596 -24.451242 -22.533212 -28.307610 -36.463284 -34.436076 -32.380234 -28.638280 -28.130131 -31.704857 -28.785806 -28.138592 -27.626021 -32.242188 -28.348787 -34.517879 -37.755475 -36.814840 -44.777077 -54.442516 -50.374810 -49.941019 -43.167352 -43.908896 -45.317888 -49.044583 -41.589023 -44.754962 -56.831283 -58.754067 -58.136845 -53.081872 -49.274274 -49.876975 -46.586107 
-13.868294 -17.932649 -24.988229 -24.338553 -30.021058 -28.326748 -24.364760 -24.369264 -30.794538 -39.688593 -43.643256 -41.562036 -33.073494 -32.119190 -39.026529 -37.328886 -37.008213 -29.987556 -31.953896 -33.223098 -39.442136 -42.505800 -39.593514 -46.849515 -56.335123 -55.624315 -52.991793 -45.690132 -44.055903 -50.219079 -51.584268 -42.152337 -44.281309 -58.313221 -60.447130 -64.312945 -57.703411 -54.922808 -53.849558 -49.481729 
-17.670468 -20.230105 -27.863780 -28.680138 -31.878778 -36.972231 -36.418726 -37.509860 -42.670795 -45.953427 -40.617203 -39.969989 -41.193063 -42.649411 -45.828741 -48.267629 -44.834504 -36.151441 -36.667008 -46.996791 -44.857494 -47.475691 -46.066506 -54.683030 -63.365884 -62.588670 -58.934108 -60.258300 -57.514981 -59.921712 -64.303451 -59.903189 -62.514030 -62.447239 -63.348124 -62.926322 -61.875295 -67.469607 -64.613086 -65.492911 
-33.914285 -27.232987 -39.790386 -45.359116 -45.651540 -42.754261 -38.553213 -40.286226 -45.216308 -44.769247 -41.852477 -37.961734 -37.204255 -47.424007 -47.188043 -46.667021 -41.659262 -36.649631 -40.350562 -47.087773 -46.287761 -44.220372 -46.281093 -55.219296 -58.393863 -60.018921 -60.624958 -62.116332 -60.675353 -62.748765 -70.325283 -67.743690 -64.134588 -63.125570 -66.032497 -67.493974 -62.626928 -64.978616 -64.572887 -63.053090 
-21.984597 -22.829658 -31.608629 -37.682521 -34.097706 -34.785271 -45.170631 -51.911474 -47.144678 -42.151156 -40.021809 -38.774740 -40.680937 -43.856403 -50.469808 -45.565091 -41.981426 -38.766263 -40.170463 -48.821164 -53.162230 -50.490651 -52.387338 -55.708913 -59.510808 -60.894877 -61.466084 -60.935774 -63.826646 -64.060562 -65.751616 -62.981258 -62.042102 -63.741730 -64.590947 -72.260655 -63.946523 -65.092319 -65.326802 -62.806283 
-22.593991 -24.599344 -31.731208 -38.861079 -34.646826 -36.918770 -47.871530 -47.908504 -51.247801 -48.474443 -50.055749 -52.387924 -50.741070 -49.756053 -48.987935 -49.002441 -47.752124 -40.659373 -41.788571 -50.381378 -53.502166 -57.564071 -54.931778 -57.532671 -62.424368 -69.243536 -62.606784 -59.793864 -62.242937 -64.902533 -63.536674 -59.566362 -68.980215 -65.658299 -65.151902 -65.701221 -64.010366 -66.379703 -63.454511 -61.421974 
-42.361355 -42.969625 -46.137806 -50.789722 -52.679791 -57.292368 -55.147406 -56.640547 -58.080595 -61.245746 -60.330188 -60.574416 -59.963898 -61.927985 -60.482429 -61.141325 -59.788844 -59.203146 -60.366132 -61.682766 -66.050068 -65.757442 -64.917003 -64.691575 -70.516701 -75.358355 -75.674897 -71.661837 -70.284025 -75.703496 -71.763767 -68.018765 -74.349331 -73.323642 -72.836403 -67.766374 -72.723895 -72.567910 -70.446226 -71.745032 
-58.700227 -68.218640 -59.863082 -56.115537 -63.385765 -64.555078 -65.424835 -60.181151 -64.012776 -62.404977 -64.495287 -65.839633 -64.297834 -61.836794 -66.365634 -64.026793 -62.193885 -64.466741 -68.265624 -68.683043 -72.443505 -70.039338 -67.865121 -67.620148 -70.075073 -80.234888 -74.441434 -71.510264 -72.149205 -75.542935 -71.824446 -70.113205 -75.992486 -78.059543 -73.791498 -74.322397 -73.571670 -71.604381 -71.359301 -73.487473 
-55.786379 -69.273613 -63.369128 -61.751051 -70.342867 -70.560190 -73.498304 -66.436138 -66.825177 -70.783587 -73.642245 -73.613359 -67.657286 -65.404707 -68.964719 -68.429866 -70.718186 -66.780082 -70.524012 -74.418898 -70.134898 -69.951864 -68.453663 -70.162206 -72.374132 -74.883271 -77.016973 -76.143939 -72.588245 -74.024286 -72.321222 -73.374083 -77.105616 -75.633437 -74.106668 -76.447425 -72.405567 -75.085227 -72.392557 -73.195664 
-57.693151 -74.574319 -71.390099 -72.566029 -76.317089 -77.998410 -76.976843 -81.294688 -80.453765 -75.482161 -71.554431 -77.314235 -74.493973 -72.082197 -76.716417 -72.563145 -75.638387 -73.076469 -73.154295 -74.460746 -70.498642 -77.681774 -72.442324 -73.090636 -74.045909 -75.386868 -75.875556 -71.997334 -73.304746 -75.676639 -74.239034 -76.233512 -75.589036 -75.122295 -75.431867 -72.085026 -71.835837 -73.757603 -72.772511 -75.714862 
-58.358810 -80.459673 -73.227595 -69.240381 -74.831395 -75.750167 -79.860884 -74.997519 -75.201502 -76.135690 -79.897525 -77.386818 -73.481001 -69.069192 -71.536332 -76.756205 -72.031919 -72.546092 -74.345077 -78.098623 -72.576287 -73.891963 -76.883667 -72.919162 -73.440215 -76.616223 -75.451242 -72.709744 -71.472207 -74.172244 -74.118011 -77.428847 -76.402338 -75.251698 -74.613995 -72.041395 -73.826962 -74.180922 -75.214022 -74.966875 
-57.721750 -81.507065 -77.779616 -72.699392 -75.681449 -79.215298 -80.932713 -78.749415 -76.919910 -71.950048 -75.741012 -73.187364 -71.942457 -72.350331 -72.317339 -74.594430 -71.723331 -73.266810 -74.546430 -71.624260 -75.899892 -73.703048 -77.137072 -78.478012 -77.243494 -74.041188 -76.310881 -77.023849 -75.899652 -75.647296 -72.608965 -76.481552 -76.805078 -76.432275 -72.178143 -75.690819 -77.191184 -73.987160 -72.819385 -75.772189 
-57.307682 -72.881141 -69.882322 -69.020325 -68.905405 -74.544683 -74.171917 -80.956873 -73.531774 -71.757856 -74.774547 -81.263153 -84.231498 -77.166327 -73.286206 -75.278879 -73.127459 -70.646862 -78.504520 -75.990419 -76.668674 -76.331951 -77.180928 -77.009832 -76.606932 -73.033614 -74.579735 -75.381394 -73.183950 -75.424203 -78.146974 -75.565097 -76.303352 -74.914602 -73.221613 -71.987855 -76.580549 -74.401730 -73.480968 -77.162681 
-58.463589 -74.475273 -72.448950 -78.852603 -73.586966 -73.122664 -73.009410 -75.098897 -73.349689 -74.644815 -71.346824 -72.374571 -74.705451 -73.154135 -73.092344 -69.332726 -73.452085 -80.744996 -76.500942 -69.587702 -71.508420 -73.787235 -74.436987 -70.084703 -77.939784 -76.703522 -71.601027 -75.714537 -76.518829 -72.854713 -71.275303 -74.302434 -79.408281 -76.639483 -72.249787 -75.793221 -77.173377 -73.417769 -73.674154 -74.326574 
-55.956227 -65.944277 -71.373626 -73.204105 -69.149089 -73.439621 -77.219506 -80.166940 -74.632859 -74.741202 -71.110569 -72.771187 -74.299993 -74.585347 -75.290514 -73.457543 -72.296103 -75.609600 -78.000613 -74.164241 -72.826358 -71.712419 -75.590050 -73.338259 -72.590273 -75.155439 -70.361004 -74.165361 -73.403226 -76.228137 -74.120256 -71.787860 -76.015455 -73.855456 -71.737597 -74.793253 -75.986681 -75.637999 -75.173569 -76.266821 
-61.292477 -64.437258 -68.125180 -72.566003 -81.271094 -80.028033 -77.689592 -78.273438 -76.190482 -79.335254 -83.908684 -85.118266 -81.359516 -84.550406 -77.924158 -78.482352 -75.893988 -81.745525 -81.713874 -74.957061 -73.691951 -72.371509 -77.191068 -75.502512 -75.707851 -82.623860 -77.624920 -79.731134 -76.823692 -82.250002 -81.402131 -75.474988 -78.359401 -79.615297 -80.074933 -78.741284 -78.548133 -80.263752 -82.052545 -81.370293 
-109.121400 -109.065373 -108.978158 -108.847312 -108.696547 -108.530812 -108.384571 -108.267163 -108.203295 -108.224264 -108.341921 -108.565400 -108.864650 -109.193071 -109.453126 -109.536067 -109.406462 -109.148331 -108.939149 -108.962810 -109.335488 -110.020213 -110.680319 -110.845745 -110.547146 -110.477535 -111.235616 -112.697679 -113.493886 -113.136660 -113.772360 -116.671074 -118.594099 -118.170243 -123.011212 -130.801938 -128.668892 -121.737449 -118.366731 -117.644553 
NaN NaN NaN NaN NaN NaN NaN NaN NaN NaN NaN NaN NaN NaN NaN NaN NaN NaN NaN NaN NaN NaN NaN NaN NaN NaN NaN NaN NaN NaN NaN NaN NaN NaN NaN NaN NaN NaN NaN NaN 
NaN NaN NaN NaN NaN NaN NaN NaN NaN NaN NaN NaN NaN NaN NaN NaN NaN NaN NaN NaN NaN NaN NaN NaN NaN NaN NaN NaN NaN NaN NaN NaN NaN NaN NaN NaN NaN NaN NaN NaN 
NaN NaN NaN NaN NaN NaN NaN NaN NaN NaN NaN NaN NaN NaN NaN NaN NaN NaN NaN NaN NaN NaN NaN NaN NaN NaN NaN NaN NaN NaN NaN NaN NaN NaN NaN NaN NaN NaN NaN NaN 
NaN NaN NaN NaN NaN NaN NaN NaN NaN NaN NaN NaN NaN NaN NaN NaN NaN NaN NaN NaN NaN NaN NaN NaN NaN NaN NaN NaN NaN NaN NaN NaN NaN NaN NaN NaN NaN NaN NaN NaN 
NaN NaN NaN NaN NaN NaN NaN NaN NaN NaN NaN NaN NaN NaN NaN NaN NaN NaN NaN NaN NaN NaN NaN NaN NaN NaN NaN NaN NaN NaN NaN NaN NaN NaN NaN NaN NaN NaN NaN NaN 
NaN NaN NaN NaN NaN NaN NaN NaN NaN NaN NaN NaN NaN NaN NaN NaN NaN NaN NaN NaN NaN NaN NaN NaN NaN NaN NaN NaN NaN NaN NaN NaN NaN NaN NaN NaN NaN NaN NaN NaN 
NaN NaN NaN NaN NaN NaN NaN NaN NaN NaN NaN NaN NaN NaN NaN NaN NaN NaN NaN NaN NaN NaN NaN NaN NaN NaN NaN NaN NaN NaN NaN NaN NaN NaN NaN NaN NaN NaN NaN NaN 
NaN NaN NaN NaN NaN NaN NaN NaN NaN NaN NaN NaN NaN NaN NaN NaN NaN NaN NaN NaN NaN NaN NaN NaN NaN NaN NaN NaN NaN NaN NaN NaN NaN NaN NaN NaN NaN NaN NaN NaN 
NaN NaN NaN NaN NaN NaN NaN NaN NaN NaN NaN NaN NaN NaN NaN NaN NaN NaN NaN NaN NaN NaN NaN NaN NaN NaN NaN NaN NaN NaN NaN NaN NaN NaN NaN NaN NaN NaN NaN NaN 
NaN NaN NaN NaN NaN NaN NaN NaN NaN NaN NaN NaN NaN NaN NaN NaN NaN NaN NaN NaN NaN NaN NaN NaN NaN NaN NaN NaN NaN NaN NaN NaN NaN NaN NaN NaN NaN NaN NaN NaN 
NaN NaN NaN NaN NaN NaN NaN NaN NaN NaN NaN NaN NaN NaN NaN NaN NaN NaN NaN NaN NaN NaN NaN NaN NaN NaN NaN NaN NaN NaN NaN NaN NaN NaN NaN NaN NaN NaN NaN NaN 
NaN NaN NaN NaN NaN NaN NaN NaN NaN NaN NaN NaN NaN NaN NaN NaN NaN NaN NaN NaN NaN NaN NaN NaN NaN NaN NaN NaN NaN NaN NaN NaN NaN NaN NaN NaN NaN NaN NaN NaN 
NaN NaN NaN NaN NaN NaN NaN NaN NaN NaN NaN NaN NaN NaN NaN NaN NaN NaN NaN NaN NaN NaN NaN NaN NaN NaN NaN NaN NaN NaN NaN NaN NaN NaN NaN NaN NaN NaN NaN NaN 
NaN NaN NaN NaN NaN NaN NaN NaN NaN NaN NaN NaN NaN NaN NaN NaN NaN NaN NaN NaN NaN NaN NaN NaN NaN NaN NaN NaN NaN NaN NaN NaN NaN NaN NaN NaN NaN NaN NaN NaN 
NaN NaN NaN NaN NaN NaN NaN NaN NaN NaN NaN NaN NaN NaN NaN NaN NaN NaN NaN NaN NaN NaN NaN NaN NaN NaN NaN NaN NaN NaN NaN NaN NaN NaN NaN NaN NaN NaN NaN NaN 
NaN NaN NaN NaN NaN NaN NaN NaN NaN NaN NaN NaN NaN NaN NaN NaN NaN NaN NaN NaN NaN NaN NaN NaN NaN NaN NaN NaN NaN NaN NaN NaN NaN NaN NaN NaN NaN NaN NaN NaN 
NaN NaN NaN NaN NaN NaN NaN NaN NaN NaN NaN NaN NaN NaN NaN NaN NaN NaN NaN NaN NaN NaN NaN NaN NaN NaN NaN NaN NaN NaN NaN NaN NaN NaN NaN NaN NaN NaN NaN NaN 
NaN NaN NaN NaN NaN NaN NaN NaN NaN NaN NaN NaN NaN NaN NaN NaN NaN NaN NaN NaN NaN NaN NaN NaN NaN NaN NaN NaN NaN NaN NaN NaN NaN NaN NaN NaN NaN NaN NaN NaN 
NaN NaN NaN NaN NaN NaN NaN NaN NaN NaN NaN NaN NaN NaN NaN NaN NaN NaN NaN NaN NaN NaN NaN NaN NaN NaN NaN NaN NaN NaN NaN NaN NaN NaN NaN NaN NaN NaN NaN NaN 
NaN NaN NaN NaN NaN NaN NaN NaN NaN NaN NaN NaN NaN NaN NaN NaN NaN NaN NaN NaN NaN NaN NaN NaN NaN NaN NaN NaN NaN NaN NaN NaN NaN NaN NaN NaN NaN NaN NaN NaN 
NaN NaN NaN NaN NaN NaN NaN NaN NaN NaN NaN NaN NaN NaN NaN NaN NaN NaN NaN NaN NaN NaN NaN NaN NaN NaN NaN NaN NaN NaN NaN NaN NaN NaN NaN NaN NaN NaN NaN NaN 
NaN NaN NaN NaN NaN NaN NaN NaN NaN NaN NaN NaN NaN NaN NaN NaN NaN NaN NaN NaN NaN NaN NaN NaN NaN NaN NaN NaN NaN NaN NaN NaN NaN NaN NaN NaN NaN NaN NaN NaN 
NaN NaN NaN NaN NaN NaN NaN NaN NaN NaN NaN NaN NaN NaN NaN NaN NaN NaN NaN NaN NaN NaN NaN NaN NaN NaN NaN NaN NaN NaN NaN NaN NaN NaN NaN NaN NaN NaN NaN NaN 
NaN NaN NaN NaN NaN NaN NaN NaN NaN NaN NaN NaN NaN NaN NaN NaN NaN NaN NaN NaN NaN NaN NaN NaN NaN NaN NaN NaN NaN NaN NaN NaN NaN NaN NaN NaN NaN NaN NaN NaN 
NaN NaN NaN NaN NaN NaN NaN NaN NaN NaN NaN NaN NaN NaN NaN NaN NaN NaN NaN NaN NaN NaN NaN NaN NaN NaN NaN NaN NaN NaN NaN NaN NaN NaN NaN NaN NaN NaN NaN NaN 
NaN NaN NaN NaN NaN NaN NaN NaN NaN NaN NaN NaN NaN NaN NaN NaN NaN NaN NaN NaN NaN NaN NaN NaN NaN NaN NaN NaN NaN NaN NaN NaN NaN NaN NaN NaN NaN NaN NaN NaN 
NaN NaN NaN NaN NaN NaN NaN NaN NaN NaN NaN NaN NaN NaN NaN NaN NaN NaN NaN NaN NaN NaN NaN NaN NaN NaN NaN NaN NaN NaN NaN NaN NaN NaN NaN NaN NaN NaN NaN NaN 
NaN NaN NaN NaN NaN NaN NaN NaN NaN NaN NaN NaN NaN NaN NaN NaN NaN NaN NaN NaN NaN NaN NaN NaN NaN NaN NaN NaN NaN NaN NaN NaN NaN NaN NaN NaN NaN NaN NaN NaN 
NaN NaN NaN NaN NaN NaN NaN NaN NaN NaN NaN NaN NaN NaN NaN NaN NaN NaN NaN NaN NaN NaN NaN NaN NaN NaN NaN NaN NaN NaN NaN NaN NaN NaN NaN NaN NaN NaN NaN NaN 
NaN NaN NaN NaN NaN NaN NaN NaN NaN NaN NaN NaN NaN NaN NaN NaN NaN NaN NaN NaN NaN NaN NaN NaN NaN NaN NaN NaN NaN NaN NaN NaN NaN NaN NaN NaN NaN NaN NaN NaN 
NaN NaN NaN NaN NaN NaN NaN NaN NaN NaN NaN NaN NaN NaN NaN NaN NaN NaN NaN NaN NaN NaN NaN NaN NaN NaN NaN NaN NaN NaN NaN NaN NaN NaN NaN NaN NaN NaN NaN NaN 
NaN NaN NaN NaN NaN NaN NaN NaN NaN NaN NaN NaN NaN NaN NaN NaN NaN NaN NaN NaN NaN NaN NaN NaN NaN NaN NaN NaN NaN NaN NaN NaN NaN NaN NaN NaN NaN NaN NaN NaN 
NaN NaN NaN NaN NaN NaN NaN NaN NaN NaN NaN NaN NaN NaN NaN NaN NaN NaN NaN NaN NaN NaN NaN NaN NaN NaN NaN NaN NaN NaN NaN NaN NaN NaN NaN NaN NaN NaN NaN NaN 
NaN NaN NaN NaN NaN NaN NaN NaN NaN NaN NaN NaN NaN NaN NaN NaN NaN NaN NaN NaN NaN NaN NaN NaN NaN NaN NaN NaN NaN NaN NaN NaN NaN NaN NaN NaN NaN NaN NaN NaN 
NaN NaN NaN NaN NaN NaN NaN NaN NaN NaN NaN NaN NaN NaN NaN NaN NaN NaN NaN NaN NaN NaN NaN NaN NaN NaN NaN NaN NaN NaN NaN NaN NaN NaN NaN NaN NaN NaN NaN NaN 
NaN NaN NaN NaN NaN NaN NaN NaN NaN NaN NaN NaN NaN NaN NaN NaN NaN NaN NaN NaN NaN NaN NaN NaN NaN NaN NaN NaN NaN NaN NaN NaN NaN NaN NaN NaN NaN NaN NaN NaN 
NaN NaN NaN NaN NaN NaN NaN NaN NaN NaN NaN NaN NaN NaN NaN NaN NaN NaN NaN NaN NaN NaN NaN NaN NaN NaN NaN NaN NaN NaN NaN NaN NaN NaN NaN NaN NaN NaN NaN NaN 
NaN NaN NaN NaN NaN NaN NaN NaN NaN NaN NaN NaN NaN NaN NaN NaN NaN NaN NaN NaN NaN NaN NaN NaN NaN NaN NaN NaN NaN NaN NaN NaN NaN NaN NaN NaN NaN NaN NaN NaN 
NaN NaN NaN NaN NaN NaN NaN NaN NaN NaN NaN NaN NaN NaN NaN NaN NaN NaN NaN NaN NaN NaN NaN NaN NaN NaN NaN NaN NaN NaN NaN NaN NaN NaN NaN NaN NaN NaN NaN NaN 
NaN NaN NaN NaN NaN NaN NaN NaN NaN NaN NaN NaN NaN NaN NaN NaN NaN NaN NaN NaN NaN NaN NaN NaN NaN NaN NaN NaN NaN NaN NaN NaN NaN NaN NaN NaN NaN NaN NaN NaN 
NaN NaN NaN NaN NaN NaN NaN NaN NaN NaN NaN NaN NaN NaN NaN NaN NaN NaN NaN NaN NaN NaN NaN NaN NaN NaN NaN NaN NaN NaN NaN NaN NaN NaN NaN NaN NaN NaN NaN NaN 
NaN NaN NaN NaN NaN NaN NaN NaN NaN NaN NaN NaN NaN NaN NaN NaN NaN NaN NaN NaN NaN NaN NaN NaN NaN NaN NaN NaN NaN NaN NaN NaN NaN NaN NaN NaN NaN NaN NaN NaN 
NaN NaN NaN NaN NaN NaN NaN NaN NaN NaN NaN NaN NaN NaN NaN NaN NaN NaN NaN NaN NaN NaN NaN NaN NaN NaN NaN NaN NaN NaN NaN NaN NaN NaN NaN NaN NaN NaN NaN NaN 
NaN NaN NaN NaN NaN NaN NaN NaN NaN NaN NaN NaN NaN NaN NaN NaN NaN NaN NaN NaN NaN NaN NaN NaN NaN NaN NaN NaN NaN NaN NaN NaN NaN NaN NaN NaN NaN NaN NaN NaN 
NaN NaN NaN NaN NaN NaN NaN NaN NaN NaN NaN NaN NaN NaN NaN NaN NaN NaN NaN NaN NaN NaN NaN NaN NaN NaN NaN NaN NaN NaN NaN NaN NaN NaN NaN NaN NaN NaN NaN NaN 
NaN NaN NaN NaN NaN NaN NaN NaN NaN NaN NaN NaN NaN NaN NaN NaN NaN NaN NaN NaN NaN NaN NaN NaN NaN NaN NaN NaN NaN NaN NaN NaN NaN NaN NaN NaN NaN NaN NaN NaN 
NaN NaN NaN NaN NaN NaN NaN NaN NaN NaN NaN NaN NaN NaN NaN NaN NaN NaN NaN NaN NaN NaN NaN NaN NaN NaN NaN NaN NaN NaN NaN NaN NaN NaN NaN NaN NaN NaN NaN NaN 
NaN NaN NaN NaN NaN NaN NaN NaN NaN NaN NaN NaN NaN NaN NaN NaN NaN NaN NaN NaN NaN NaN NaN NaN NaN NaN NaN NaN NaN NaN NaN NaN NaN NaN NaN NaN NaN NaN NaN NaN 
NaN NaN NaN NaN NaN NaN NaN NaN NaN NaN NaN NaN NaN NaN NaN NaN NaN NaN NaN NaN NaN NaN NaN NaN NaN NaN NaN NaN NaN NaN NaN NaN NaN NaN NaN NaN NaN NaN NaN NaN 
NaN NaN NaN NaN NaN NaN NaN NaN NaN NaN NaN NaN NaN NaN NaN NaN NaN NaN NaN NaN NaN NaN NaN NaN NaN NaN NaN NaN NaN NaN NaN NaN NaN NaN NaN NaN NaN NaN NaN NaN 
NaN NaN NaN NaN NaN NaN NaN NaN NaN NaN NaN NaN NaN NaN NaN NaN NaN NaN NaN NaN NaN NaN NaN NaN NaN NaN NaN NaN NaN NaN NaN NaN NaN NaN NaN NaN NaN NaN NaN NaN 
NaN NaN NaN NaN NaN NaN NaN NaN NaN NaN NaN NaN NaN NaN NaN NaN NaN NaN NaN NaN NaN NaN NaN NaN NaN NaN NaN NaN NaN NaN NaN NaN NaN NaN NaN NaN NaN NaN NaN NaN 
NaN NaN NaN NaN NaN NaN NaN NaN NaN NaN NaN NaN NaN NaN NaN NaN NaN NaN NaN NaN NaN NaN NaN NaN NaN NaN NaN NaN NaN NaN NaN NaN NaN NaN NaN NaN NaN NaN NaN NaN 
NaN NaN NaN NaN NaN NaN NaN NaN NaN NaN NaN NaN NaN NaN NaN NaN NaN NaN NaN NaN NaN NaN NaN NaN NaN NaN NaN NaN NaN NaN NaN NaN NaN NaN NaN NaN NaN NaN NaN NaN 
NaN NaN NaN NaN NaN NaN NaN NaN NaN NaN NaN NaN NaN NaN NaN NaN NaN NaN NaN NaN NaN NaN NaN NaN NaN NaN NaN NaN NaN NaN NaN NaN NaN NaN NaN NaN NaN NaN NaN NaN 
NaN NaN NaN NaN NaN NaN NaN NaN NaN NaN NaN NaN NaN NaN NaN NaN NaN NaN NaN NaN NaN NaN NaN NaN NaN NaN NaN NaN NaN NaN NaN NaN NaN NaN NaN NaN NaN NaN NaN NaN 
NaN NaN NaN NaN NaN NaN NaN NaN NaN NaN NaN NaN NaN NaN NaN NaN NaN NaN NaN NaN NaN NaN NaN NaN NaN NaN NaN NaN NaN NaN NaN NaN NaN NaN NaN NaN NaN NaN NaN NaN 
NaN NaN NaN NaN NaN NaN NaN NaN NaN NaN NaN NaN NaN NaN NaN NaN NaN NaN NaN NaN NaN NaN NaN NaN NaN NaN NaN NaN NaN NaN NaN NaN NaN NaN NaN NaN NaN NaN NaN NaN 
NaN NaN NaN NaN NaN NaN NaN NaN NaN NaN NaN NaN NaN NaN NaN NaN NaN NaN NaN NaN NaN NaN NaN NaN NaN NaN NaN NaN NaN NaN NaN NaN NaN NaN NaN NaN NaN NaN NaN NaN 
NaN NaN NaN NaN NaN NaN NaN NaN NaN NaN NaN NaN NaN NaN NaN NaN NaN NaN NaN NaN NaN NaN NaN NaN NaN NaN NaN NaN NaN NaN NaN NaN NaN NaN NaN NaN NaN NaN NaN NaN 
NaN NaN NaN NaN NaN NaN NaN NaN NaN NaN NaN NaN NaN NaN NaN NaN NaN NaN NaN NaN NaN NaN NaN NaN NaN NaN NaN NaN NaN NaN NaN NaN NaN NaN NaN NaN NaN NaN NaN NaN 
NaN NaN NaN NaN NaN NaN NaN NaN NaN NaN NaN NaN NaN NaN NaN NaN NaN NaN NaN NaN NaN NaN NaN NaN NaN NaN NaN NaN NaN NaN NaN NaN NaN NaN NaN NaN NaN NaN NaN NaN 
NaN NaN NaN NaN NaN NaN NaN NaN NaN NaN NaN NaN NaN NaN NaN NaN NaN NaN NaN NaN NaN NaN NaN NaN NaN NaN NaN NaN NaN NaN NaN NaN NaN NaN NaN NaN NaN NaN NaN NaN 
NaN NaN NaN NaN NaN NaN NaN NaN NaN NaN NaN NaN NaN NaN NaN NaN NaN NaN NaN NaN NaN NaN NaN NaN NaN NaN NaN NaN NaN NaN NaN NaN NaN NaN NaN NaN NaN NaN NaN NaN 
NaN NaN NaN NaN NaN NaN NaN NaN NaN NaN NaN NaN NaN NaN NaN NaN NaN NaN NaN NaN NaN NaN NaN NaN NaN NaN NaN NaN NaN NaN NaN NaN NaN NaN NaN NaN NaN NaN NaN NaN 
NaN NaN NaN NaN NaN NaN NaN NaN NaN NaN NaN NaN NaN NaN NaN NaN NaN NaN NaN NaN NaN NaN NaN NaN NaN NaN NaN NaN NaN NaN NaN NaN NaN NaN NaN NaN NaN NaN NaN NaN 
NaN NaN NaN NaN NaN NaN NaN NaN NaN NaN NaN NaN NaN NaN NaN NaN NaN NaN NaN NaN NaN NaN NaN NaN NaN NaN NaN NaN NaN NaN NaN NaN NaN NaN NaN NaN NaN NaN NaN NaN 
NaN NaN NaN NaN NaN NaN NaN NaN NaN NaN NaN NaN NaN NaN NaN NaN NaN NaN NaN NaN NaN NaN NaN NaN NaN NaN NaN NaN NaN NaN NaN NaN NaN NaN NaN NaN NaN NaN NaN NaN 
NaN NaN NaN NaN NaN NaN NaN NaN NaN NaN NaN NaN NaN NaN NaN NaN NaN NaN NaN NaN NaN NaN NaN NaN NaN NaN NaN NaN NaN NaN NaN NaN NaN NaN NaN NaN NaN NaN NaN NaN 
NaN NaN NaN NaN NaN NaN NaN NaN NaN NaN NaN NaN NaN NaN NaN NaN NaN NaN NaN NaN NaN NaN NaN NaN NaN NaN NaN NaN NaN NaN NaN NaN NaN NaN NaN NaN NaN NaN NaN NaN 
NaN NaN NaN NaN NaN NaN NaN NaN NaN NaN NaN NaN NaN NaN NaN NaN NaN NaN NaN NaN NaN NaN NaN NaN NaN NaN NaN NaN NaN NaN NaN NaN NaN NaN NaN NaN NaN NaN NaN NaN 
NaN NaN NaN NaN NaN NaN NaN NaN NaN NaN NaN NaN NaN NaN NaN NaN NaN NaN NaN NaN NaN NaN NaN NaN NaN NaN NaN NaN NaN NaN NaN NaN NaN NaN NaN NaN NaN NaN NaN NaN 
NaN NaN NaN NaN NaN NaN NaN NaN NaN NaN NaN NaN NaN NaN NaN NaN NaN NaN NaN NaN NaN NaN NaN NaN NaN NaN NaN NaN NaN NaN NaN NaN NaN NaN NaN NaN NaN NaN NaN NaN 
NaN NaN NaN NaN NaN NaN NaN NaN NaN NaN NaN NaN NaN NaN NaN NaN NaN NaN NaN NaN NaN NaN NaN NaN NaN NaN NaN NaN NaN NaN NaN NaN NaN NaN NaN NaN NaN NaN NaN NaN 
NaN NaN NaN NaN NaN NaN NaN NaN NaN NaN NaN NaN NaN NaN NaN NaN NaN NaN NaN NaN NaN NaN NaN NaN NaN NaN NaN NaN NaN NaN NaN NaN NaN NaN NaN NaN NaN NaN NaN NaN 
