NaN NaN NaN NaN NaN NaN NaN NaN NaN NaN NaN NaN NaN NaN NaN NaN NaN NaN NaN NaN NaN NaN NaN NaN NaN NaN NaN NaN NaN NaN NaN NaN NaN NaN NaN NaN NaN NaN NaN NaN 
NaN NaN NaN NaN NaN NaN NaN NaN NaN NaN NaN NaN NaN NaN NaN NaN NaN NaN NaN NaN NaN NaN NaN NaN NaN NaN NaN NaN NaN NaN NaN NaN NaN NaN NaN NaN NaN NaN NaN NaN 
NaN NaN NaN NaN NaN NaN NaN NaN NaN NaN NaN NaN NaN NaN NaN NaN NaN NaN NaN NaN NaN NaN NaN NaN NaN NaN NaN NaN NaN NaN NaN NaN NaN NaN NaN NaN NaN NaN NaN NaN 
NaN NaN NaN NaN NaN NaN NaN NaN NaN NaN NaN NaN NaN NaN NaN NaN NaN NaN NaN NaN NaN NaN NaN NaN NaN NaN NaN NaN NaN NaN NaN NaN NaN NaN NaN NaN NaN NaN NaN NaN 
NaN NaN NaN NaN NaN NaN NaN NaN NaN NaN NaN NaN NaN NaN NaN NaN NaN NaN NaN NaN NaN NaN NaN NaN NaN NaN NaN NaN NaN NaN NaN NaN NaN NaN NaN NaN NaN NaN NaN NaN 
NaN NaN NaN NaN NaN NaN NaN NaN NaN NaN NaN NaN NaN NaN NaN NaN NaN NaN NaN NaN NaN NaN NaN NaN NaN NaN NaN NaN NaN NaN NaN NaN NaN NaN NaN NaN NaN NaN NaN NaN 
NaN NaN NaN NaN NaN NaN NaN NaN NaN NaN NaN NaN NaN NaN NaN NaN NaN NaN NaN NaN NaN NaN NaN NaN NaN NaN NaN NaN NaN NaN NaN NaN NaN NaN NaN NaN NaN NaN NaN NaN 
NaN NaN NaN NaN NaN NaN NaN NaN NaN NaN NaN NaN NaN NaN NaN NaN NaN NaN NaN NaN NaN NaN NaN NaN NaN NaN NaN NaN NaN NaN NaN NaN NaN NaN NaN NaN NaN NaN NaN NaN 
NaN NaN NaN NaN NaN NaN NaN NaN NaN NaN NaN NaN NaN NaN NaN NaN NaN NaN NaN NaN NaN NaN NaN NaN NaN NaN NaN NaN NaN NaN NaN NaN NaN NaN NaN NaN NaN NaN NaN NaN 
NaN NaN NaN NaN NaN NaN NaN NaN NaN NaN NaN NaN NaN NaN NaN NaN NaN NaN NaN NaN NaN NaN NaN NaN NaN NaN NaN NaN NaN NaN NaN NaN NaN NaN NaN NaN NaN NaN NaN NaN 
NaN NaN NaN NaN NaN NaN NaN NaN NaN NaN NaN NaN NaN NaN NaN NaN NaN NaN NaN NaN NaN NaN NaN NaN NaN NaN NaN NaN NaN NaN NaN NaN NaN NaN NaN NaN NaN NaN NaN NaN 
NaN NaN NaN NaN NaN NaN NaN NaN NaN NaN NaN NaN NaN NaN NaN NaN NaN NaN NaN NaN NaN NaN NaN NaN NaN NaN NaN NaN NaN NaN NaN NaN NaN NaN NaN NaN NaN NaN NaN NaN 
NaN NaN NaN NaN NaN NaN NaN NaN NaN NaN NaN NaN NaN NaN NaN NaN NaN NaN NaN NaN NaN NaN NaN NaN NaN NaN NaN NaN NaN NaN NaN NaN NaN NaN NaN NaN NaN NaN NaN NaN 
NaN NaN NaN NaN NaN NaN NaN NaN NaN NaN NaN NaN NaN NaN NaN NaN NaN NaN NaN NaN NaN NaN NaN NaN NaN NaN NaN NaN NaN NaN NaN NaN NaN NaN NaN NaN NaN NaN NaN NaN 
NaN NaN NaN NaN NaN NaN NaN NaN NaN NaN NaN NaN NaN NaN NaN NaN NaN NaN NaN NaN NaN NaN NaN NaN NaN NaN NaN NaN NaN NaN NaN NaN NaN NaN NaN NaN NaN NaN NaN NaN 
NaN NaN NaN NaN NaN NaN NaN NaN NaN NaN NaN NaN NaN NaN NaN NaN NaN NaN NaN NaN NaN NaN NaN NaN NaN NaN NaN NaN NaN NaN NaN NaN NaN NaN NaN NaN NaN NaN NaN NaN 
NaN NaN NaN NaN NaN NaN NaN NaN NaN NaN NaN NaN NaN NaN NaN NaN NaN NaN NaN NaN NaN NaN NaN NaN NaN NaN NaN NaN NaN NaN NaN NaN NaN NaN NaN NaN NaN NaN NaN NaN 
NaN NaN NaN NaN NaN NaN NaN NaN NaN NaN NaN NaN NaN NaN NaN NaN NaN NaN NaN NaN NaN NaN NaN NaN NaN NaN NaN NaN NaN NaN NaN NaN NaN NaN NaN NaN NaN NaN NaN NaN 
NaN NaN NaN NaN NaN NaN NaN NaN NaN NaN NaN NaN NaN NaN NaN NaN NaN NaN NaN NaN NaN NaN NaN NaN NaN NaN NaN NaN NaN NaN NaN NaN NaN NaN NaN NaN NaN NaN NaN NaN 
NaN NaN NaN NaN NaN NaN NaN NaN NaN NaN NaN NaN NaN NaN NaN NaN NaN NaN NaN NaN NaN NaN NaN NaN NaN NaN NaN NaN NaN NaN NaN NaN NaN NaN NaN NaN NaN NaN NaN NaN 
NaN NaN NaN NaN NaN NaN NaN NaN NaN NaN NaN NaN NaN NaN NaN NaN NaN NaN NaN NaN NaN NaN NaN NaN NaN NaN NaN NaN NaN NaN NaN NaN NaN NaN NaN NaN NaN NaN NaN NaN 
NaN NaN NaN NaN NaN NaN NaN NaN NaN NaN NaN NaN NaN NaN NaN NaN NaN NaN NaN NaN NaN NaN NaN NaN NaN NaN NaN NaN NaN NaN NaN NaN NaN NaN NaN NaN NaN NaN NaN NaN 
NaN NaN NaN NaN NaN NaN NaN NaN NaN NaN NaN NaN NaN NaN NaN NaN NaN NaN NaN NaN NaN NaN NaN NaN NaN NaN NaN NaN NaN NaN NaN NaN NaN NaN NaN NaN NaN NaN NaN NaN 
NaN NaN NaN NaN NaN NaN NaN NaN NaN NaN NaN NaN NaN NaN NaN NaN NaN NaN NaN NaN NaN NaN NaN NaN NaN NaN NaN NaN NaN NaN NaN NaN NaN NaN NaN NaN NaN NaN NaN NaN 
NaN NaN NaN NaN NaN NaN NaN NaN NaN NaN NaN NaN NaN NaN NaN NaN NaN NaN NaN NaN NaN NaN NaN NaN NaN NaN NaN NaN NaN NaN NaN NaN NaN NaN NaN NaN NaN NaN NaN NaN 
NaN NaN NaN NaN NaN NaN NaN NaN NaN NaN NaN NaN NaN NaN NaN NaN NaN NaN NaN NaN NaN NaN NaN NaN NaN NaN NaN NaN NaN NaN NaN NaN NaN NaN NaN NaN NaN NaN NaN NaN 
NaN NaN NaN NaN NaN NaN NaN NaN NaN NaN NaN NaN NaN NaN NaN NaN NaN NaN NaN NaN NaN NaN NaN NaN NaN NaN NaN NaN NaN NaN NaN NaN NaN NaN NaN NaN NaN NaN NaN NaN 
NaN NaN NaN NaN NaN NaN NaN NaN NaN NaN NaN NaN NaN NaN NaN NaN NaN NaN NaN NaN NaN NaN NaN NaN NaN NaN NaN NaN NaN NaN NaN NaN NaN NaN NaN NaN NaN NaN NaN NaN 
NaN NaN NaN NaN NaN NaN NaN NaN NaN NaN NaN NaN NaN NaN NaN NaN NaN NaN NaN NaN NaN NaN NaN NaN NaN NaN NaN NaN NaN NaN NaN NaN NaN NaN NaN NaN NaN NaN NaN NaN 
NaN NaN NaN NaN NaN NaN NaN NaN NaN NaN NaN NaN NaN NaN NaN NaN NaN NaN NaN NaN NaN NaN NaN NaN NaN NaN NaN NaN NaN NaN NaN NaN NaN NaN NaN NaN NaN NaN NaN NaN 
NaN NaN NaN NaN NaN NaN NaN NaN NaN NaN NaN NaN NaN NaN NaN NaN NaN NaN NaN NaN NaN NaN NaN NaN NaN NaN NaN NaN NaN NaN NaN NaN NaN NaN NaN NaN NaN NaN NaN NaN 
NaN NaN NaN NaN NaN NaN NaN NaN NaN NaN NaN NaN NaN NaN NaN NaN NaN NaN NaN NaN NaN NaN NaN NaN NaN NaN NaN NaN NaN NaN NaN NaN NaN NaN NaN NaN NaN NaN NaN NaN 
NaN NaN NaN NaN NaN NaN NaN NaN NaN NaN NaN NaN NaN NaN NaN NaN NaN NaN NaN NaN NaN NaN NaN NaN NaN NaN NaN NaN NaN NaN NaN NaN NaN NaN NaN NaN NaN NaN NaN NaN 
NaN NaN NaN NaN NaN NaN NaN NaN NaN NaN NaN NaN NaN NaN NaN NaN NaN NaN NaN NaN NaN NaN NaN NaN NaN NaN NaN NaN NaN NaN NaN NaN NaN NaN NaN NaN NaN NaN NaN NaN 
NaN NaN NaN NaN NaN NaN NaN NaN NaN NaN NaN NaN NaN NaN NaN NaN NaN NaN NaN NaN NaN NaN NaN NaN NaN NaN NaN NaN NaN NaN NaN NaN NaN NaN NaN NaN NaN NaN NaN NaN 
NaN NaN NaN NaN NaN NaN NaN NaN NaN NaN NaN NaN NaN NaN NaN NaN NaN NaN NaN NaN NaN NaN NaN NaN NaN NaN NaN NaN NaN NaN NaN NaN NaN NaN NaN NaN NaN NaN NaN NaN 
NaN NaN NaN NaN NaN NaN NaN NaN NaN NaN NaN NaN NaN NaN NaN NaN NaN NaN NaN NaN NaN NaN NaN NaN NaN NaN NaN NaN NaN NaN NaN NaN NaN NaN NaN NaN NaN NaN NaN NaN 
NaN NaN NaN NaN NaN NaN NaN NaN NaN NaN NaN NaN NaN NaN NaN NaN NaN NaN NaN NaN NaN NaN NaN NaN NaN NaN NaN NaN NaN NaN NaN NaN NaN NaN NaN NaN NaN NaN NaN NaN 
NaN NaN NaN NaN NaN NaN NaN NaN NaN NaN NaN NaN NaN NaN NaN NaN NaN NaN NaN NaN NaN NaN NaN NaN NaN NaN NaN NaN NaN NaN NaN NaN NaN NaN NaN NaN NaN NaN NaN NaN 
NaN NaN NaN NaN NaN NaN NaN NaN NaN NaN NaN NaN NaN NaN NaN NaN NaN NaN NaN NaN NaN NaN NaN NaN NaN NaN NaN NaN NaN NaN NaN NaN NaN NaN NaN NaN NaN NaN NaN NaN 
NaN NaN NaN NaN NaN NaN NaN NaN NaN NaN NaN NaN NaN NaN NaN NaN NaN NaN NaN NaN NaN NaN NaN NaN NaN NaN NaN NaN NaN NaN NaN NaN NaN NaN NaN NaN NaN NaN NaN NaN 
NaN NaN NaN NaN NaN NaN NaN NaN NaN NaN NaN NaN NaN NaN NaN NaN NaN NaN NaN NaN NaN NaN NaN NaN NaN NaN NaN NaN NaN NaN NaN NaN NaN NaN NaN NaN NaN NaN NaN NaN 
NaN NaN NaN NaN NaN NaN NaN NaN NaN NaN NaN NaN NaN NaN NaN NaN NaN NaN NaN NaN NaN NaN NaN NaN NaN NaN NaN NaN NaN NaN NaN NaN NaN NaN NaN NaN NaN NaN NaN NaN 
NaN NaN NaN NaN NaN NaN NaN NaN NaN NaN NaN NaN NaN NaN NaN NaN NaN NaN NaN NaN NaN NaN NaN NaN NaN NaN NaN NaN NaN NaN NaN NaN NaN NaN NaN NaN NaN NaN NaN NaN 
NaN NaN NaN NaN NaN NaN NaN NaN NaN NaN NaN NaN NaN NaN NaN NaN NaN NaN NaN NaN NaN NaN NaN NaN NaN NaN NaN NaN NaN NaN NaN NaN NaN NaN NaN NaN NaN NaN NaN NaN 
NaN NaN NaN NaN NaN NaN NaN NaN NaN NaN NaN NaN NaN NaN NaN NaN NaN NaN NaN NaN NaN NaN NaN NaN NaN NaN NaN NaN NaN NaN NaN NaN NaN NaN NaN NaN NaN NaN NaN NaN 
NaN NaN NaN NaN NaN NaN NaN NaN NaN NaN NaN NaN NaN NaN NaN NaN NaN NaN NaN NaN NaN NaN NaN NaN NaN NaN NaN NaN NaN NaN NaN NaN NaN NaN NaN NaN NaN NaN NaN NaN 
NaN NaN NaN NaN NaN NaN NaN NaN NaN NaN NaN NaN NaN NaN NaN NaN NaN NaN NaN NaN NaN NaN NaN NaN NaN NaN NaN NaN NaN NaN NaN NaN NaN NaN NaN NaN NaN NaN NaN NaN 
NaN NaN NaN NaN NaN NaN NaN NaN NaN NaN NaN NaN NaN NaN NaN NaN NaN NaN NaN NaN NaN NaN NaN NaN NaN NaN NaN NaN NaN NaN NaN NaN NaN NaN NaN NaN NaN NaN NaN NaN 
NaN NaN NaN NaN NaN NaN NaN NaN NaN NaN NaN NaN NaN NaN NaN NaN NaN NaN NaN NaN NaN NaN NaN NaN NaN NaN NaN NaN NaN NaN NaN NaN NaN NaN NaN NaN NaN NaN NaN NaN 
NaN NaN NaN NaN NaN NaN NaN NaN NaN NaN NaN NaN NaN NaN NaN NaN NaN NaN NaN NaN NaN NaN NaN NaN NaN NaN NaN NaN NaN NaN NaN NaN NaN NaN NaN NaN NaN NaN NaN NaN 
NaN NaN NaN NaN NaN NaN NaN NaN NaN NaN NaN NaN NaN NaN NaN NaN NaN NaN NaN NaN NaN NaN NaN NaN NaN NaN NaN NaN NaN NaN NaN NaN NaN NaN NaN NaN NaN NaN NaN NaN 
NaN NaN NaN NaN NaN NaN NaN NaN NaN NaN NaN NaN NaN NaN NaN NaN NaN NaN NaN NaN NaN NaN NaN NaN NaN NaN NaN NaN NaN NaN NaN NaN NaN NaN NaN NaN NaN NaN NaN NaN 
NaN NaN NaN NaN NaN NaN NaN NaN NaN NaN NaN NaN NaN NaN NaN NaN NaN NaN NaN NaN NaN NaN NaN NaN NaN NaN NaN NaN NaN NaN NaN NaN NaN NaN NaN NaN NaN NaN NaN NaN 
NaN NaN NaN NaN NaN NaN NaN NaN NaN NaN NaN NaN NaN NaN NaN NaN NaN NaN NaN NaN NaN NaN NaN NaN NaN NaN NaN NaN NaN NaN NaN NaN NaN NaN NaN NaN NaN NaN NaN NaN 
NaN NaN NaN NaN NaN NaN NaN NaN NaN NaN NaN NaN NaN NaN NaN NaN NaN NaN NaN NaN NaN NaN NaN NaN NaN NaN NaN NaN NaN NaN NaN NaN NaN NaN NaN NaN NaN NaN NaN NaN 
NaN NaN NaN NaN NaN NaN NaN NaN NaN NaN NaN NaN NaN NaN NaN NaN NaN NaN NaN NaN NaN NaN NaN NaN NaN NaN NaN NaN NaN NaN NaN NaN NaN NaN NaN NaN NaN NaN NaN NaN 
NaN NaN NaN NaN NaN NaN NaN NaN NaN NaN NaN NaN NaN NaN NaN NaN NaN NaN NaN NaN NaN NaN NaN NaN NaN NaN NaN NaN NaN NaN NaN NaN NaN NaN NaN NaN NaN NaN NaN NaN 
NaN NaN NaN NaN NaN NaN NaN NaN NaN NaN NaN NaN NaN NaN NaN NaN NaN NaN NaN NaN NaN NaN NaN NaN NaN NaN NaN NaN NaN NaN NaN NaN NaN NaN NaN NaN NaN NaN NaN NaN 
NaN NaN NaN NaN NaN NaN NaN NaN NaN NaN NaN NaN NaN NaN NaN NaN NaN NaN NaN NaN NaN NaN NaN NaN NaN NaN NaN NaN NaN NaN NaN NaN NaN NaN NaN NaN NaN NaN NaN NaN 
NaN NaN NaN NaN NaN NaN NaN NaN NaN NaN NaN NaN NaN NaN NaN NaN NaN NaN NaN NaN NaN NaN NaN NaN NaN NaN NaN NaN NaN NaN NaN NaN NaN NaN NaN NaN NaN NaN NaN NaN 
NaN NaN NaN NaN NaN NaN NaN NaN NaN NaN NaN NaN NaN NaN NaN NaN NaN NaN NaN NaN NaN NaN NaN NaN NaN NaN NaN NaN NaN NaN NaN NaN NaN NaN NaN NaN NaN NaN NaN NaN 
NaN NaN NaN NaN NaN NaN NaN NaN NaN NaN NaN NaN NaN NaN NaN NaN NaN NaN NaN NaN NaN NaN NaN NaN NaN NaN NaN NaN NaN NaN NaN NaN NaN NaN NaN NaN NaN NaN NaN NaN 
NaN NaN NaN NaN NaN NaN NaN NaN NaN NaN NaN NaN NaN NaN NaN NaN NaN NaN NaN NaN NaN NaN NaN NaN NaN NaN NaN NaN NaN NaN NaN NaN NaN NaN NaN NaN NaN NaN NaN NaN 
NaN NaN NaN NaN NaN NaN NaN NaN NaN NaN NaN NaN NaN NaN NaN NaN NaN NaN NaN NaN NaN NaN NaN NaN NaN NaN NaN NaN NaN NaN NaN NaN NaN NaN NaN NaN NaN NaN NaN NaN 
NaN NaN NaN NaN NaN NaN NaN NaN NaN NaN NaN NaN NaN NaN NaN NaN NaN NaN NaN NaN NaN NaN NaN NaN NaN NaN NaN NaN NaN NaN NaN NaN NaN NaN NaN NaN NaN NaN NaN NaN 
NaN NaN NaN NaN NaN NaN NaN NaN NaN NaN NaN NaN NaN NaN NaN NaN NaN NaN NaN NaN NaN NaN NaN NaN NaN NaN NaN NaN NaN NaN NaN NaN NaN NaN NaN NaN NaN NaN NaN NaN 
NaN NaN NaN NaN NaN NaN NaN NaN NaN NaN NaN NaN NaN NaN NaN NaN NaN NaN NaN NaN NaN NaN NaN NaN NaN NaN NaN NaN NaN NaN NaN NaN NaN NaN NaN NaN NaN NaN NaN NaN 
NaN NaN NaN NaN NaN NaN NaN NaN NaN NaN NaN NaN NaN NaN NaN NaN NaN NaN NaN NaN NaN NaN NaN NaN NaN NaN NaN NaN NaN NaN NaN NaN NaN NaN NaN NaN NaN NaN NaN NaN 
NaN NaN NaN NaN NaN NaN NaN NaN NaN NaN NaN NaN NaN NaN NaN NaN NaN NaN NaN NaN NaN NaN NaN NaN NaN NaN NaN NaN NaN NaN NaN NaN NaN NaN NaN NaN NaN NaN NaN NaN 
NaN NaN NaN NaN NaN NaN NaN NaN NaN NaN NaN NaN NaN NaN NaN NaN NaN NaN NaN NaN NaN NaN NaN NaN NaN NaN NaN NaN NaN NaN NaN NaN NaN NaN NaN NaN NaN NaN NaN NaN 
NaN NaN NaN NaN NaN NaN NaN NaN NaN NaN NaN NaN NaN NaN NaN NaN NaN NaN NaN NaN NaN NaN NaN NaN NaN NaN NaN NaN NaN NaN NaN NaN NaN NaN NaN NaN NaN NaN NaN NaN 
NaN NaN NaN NaN NaN NaN NaN NaN NaN NaN NaN NaN NaN NaN NaN NaN NaN NaN NaN NaN NaN NaN NaN NaN NaN NaN NaN NaN NaN NaN NaN NaN NaN NaN NaN NaN NaN NaN NaN NaN 
NaN NaN NaN NaN NaN NaN NaN NaN NaN NaN NaN NaN NaN NaN NaN NaN NaN NaN NaN NaN NaN NaN NaN NaN NaN NaN NaN NaN NaN NaN NaN NaN NaN NaN NaN NaN NaN NaN NaN NaN 
NaN NaN NaN NaN NaN NaN NaN NaN NaN NaN NaN NaN NaN NaN NaN NaN NaN NaN NaN NaN NaN NaN NaN NaN NaN NaN NaN NaN NaN NaN NaN NaN NaN NaN NaN NaN NaN NaN NaN NaN 
NaN NaN NaN NaN NaN NaN NaN NaN NaN NaN NaN NaN NaN NaN NaN NaN NaN NaN NaN NaN NaN NaN NaN NaN NaN NaN NaN NaN NaN NaN NaN NaN NaN NaN NaN NaN NaN NaN NaN NaN 
NaN NaN NaN NaN NaN NaN NaN NaN NaN NaN NaN NaN NaN NaN NaN NaN NaN NaN NaN NaN NaN NaN NaN NaN NaN NaN NaN NaN NaN NaN NaN NaN NaN NaN NaN NaN NaN NaN NaN NaN 
NaN NaN NaN NaN NaN NaN NaN NaN NaN NaN NaN NaN NaN NaN NaN NaN NaN NaN NaN NaN NaN NaN NaN NaN NaN NaN NaN NaN NaN NaN NaN NaN NaN NaN NaN NaN NaN NaN NaN NaN 
NaN NaN NaN NaN NaN NaN NaN NaN NaN NaN NaN NaN NaN NaN NaN NaN NaN NaN NaN NaN NaN NaN NaN NaN NaN NaN NaN NaN NaN NaN NaN NaN NaN NaN NaN NaN NaN NaN NaN NaN 
NaN NaN NaN NaN NaN NaN NaN NaN NaN NaN NaN NaN NaN NaN NaN NaN NaN NaN NaN NaN NaN NaN NaN NaN NaN NaN NaN NaN NaN NaN NaN NaN NaN NaN NaN NaN NaN NaN NaN NaN 
NaN NaN NaN NaN NaN NaN NaN NaN NaN NaN NaN NaN NaN NaN NaN NaN NaN NaN NaN NaN NaN NaN NaN NaN NaN NaN NaN NaN NaN NaN NaN NaN NaN NaN NaN NaN NaN NaN NaN NaN 
NaN NaN NaN NaN NaN NaN NaN NaN NaN NaN NaN NaN NaN NaN NaN NaN NaN NaN NaN NaN NaN NaN NaN NaN NaN NaN NaN NaN NaN NaN NaN NaN NaN NaN NaN NaN NaN NaN NaN NaN 
NaN NaN NaN NaN NaN NaN NaN NaN NaN NaN NaN NaN NaN NaN NaN NaN NaN NaN NaN NaN NaN NaN NaN NaN NaN NaN NaN NaN NaN NaN NaN NaN NaN NaN NaN NaN NaN NaN NaN NaN 
NaN NaN NaN NaN NaN NaN NaN NaN NaN NaN NaN NaN NaN NaN NaN NaN NaN NaN NaN NaN NaN NaN NaN NaN NaN NaN NaN NaN NaN NaN NaN NaN NaN NaN NaN NaN NaN NaN NaN NaN 
NaN NaN NaN NaN NaN NaN NaN NaN NaN NaN NaN NaN NaN NaN NaN NaN NaN NaN NaN NaN NaN NaN NaN NaN NaN NaN NaN NaN NaN NaN NaN NaN NaN NaN NaN NaN NaN NaN NaN NaN 
NaN NaN NaN NaN NaN NaN NaN NaN NaN NaN NaN NaN NaN NaN NaN NaN NaN NaN NaN NaN NaN NaN NaN NaN NaN NaN NaN NaN NaN NaN NaN NaN NaN NaN NaN NaN NaN NaN NaN NaN 
NaN NaN NaN NaN NaN NaN NaN NaN NaN NaN NaN NaN NaN NaN NaN NaN NaN NaN NaN NaN NaN NaN NaN NaN NaN NaN NaN NaN NaN NaN NaN NaN NaN NaN NaN NaN NaN NaN NaN NaN 
NaN NaN NaN NaN NaN NaN NaN NaN NaN NaN NaN NaN NaN NaN NaN NaN NaN NaN NaN NaN NaN NaN NaN NaN NaN NaN NaN NaN NaN NaN NaN NaN NaN NaN NaN NaN NaN NaN NaN NaN 
NaN NaN NaN NaN NaN NaN NaN NaN NaN NaN NaN NaN NaN NaN NaN NaN NaN NaN NaN NaN NaN NaN NaN NaN NaN NaN NaN NaN NaN NaN NaN NaN NaN NaN NaN NaN NaN NaN NaN NaN 
NaN NaN NaN NaN NaN NaN NaN NaN NaN NaN NaN NaN NaN NaN NaN NaN NaN NaN NaN NaN NaN NaN NaN NaN NaN NaN NaN NaN NaN NaN NaN NaN NaN NaN NaN NaN NaN NaN NaN NaN 
NaN NaN NaN NaN NaN NaN NaN NaN NaN NaN NaN NaN NaN NaN NaN NaN NaN NaN NaN NaN NaN NaN NaN NaN NaN NaN NaN NaN NaN NaN NaN NaN NaN NaN NaN NaN NaN NaN NaN NaN 
NaN NaN NaN NaN NaN NaN NaN NaN NaN NaN NaN NaN NaN NaN NaN NaN NaN NaN NaN NaN NaN NaN NaN NaN NaN NaN NaN NaN NaN NaN NaN NaN NaN NaN NaN NaN NaN NaN NaN NaN 
NaN NaN NaN NaN NaN NaN NaN NaN NaN NaN NaN NaN NaN NaN NaN NaN NaN NaN NaN NaN NaN NaN NaN NaN NaN NaN NaN NaN NaN NaN NaN NaN NaN NaN NaN NaN NaN NaN NaN NaN 
NaN NaN NaN NaN NaN NaN NaN NaN NaN NaN NaN NaN NaN NaN NaN NaN NaN NaN NaN NaN NaN NaN NaN NaN NaN NaN NaN NaN NaN NaN NaN NaN NaN NaN NaN NaN NaN NaN NaN NaN 
-90.824201 -90.924783 -91.093007 -91.379132 -91.772339 -92.333852 -93.038294 -93.974622 -95.280813 -96.940752 -99.126456 -102.062958 -105.366077 -106.863349 -105.152481 -103.051559 -101.847716 -101.712448 -102.664206 -104.553471 -105.946907 -104.530370 -102.203019 -101.028144 -101.610208 -104.443757 -107.708272 -104.728253 -101.768778 -102.076944 -106.192985 -107.573172 -103.337913 -103.927974 -111.720383 -107.098131 -103.344514 -106.374171 -111.809981 -114.602901 
-57.710932 -64.549393 -69.627960 -69.213757 -71.140435 -71.247170 -71.867262 -76.668872 -89.027268 -88.005595 -79.107315 -75.934320 -75.772201 -84.825701 -80.953423 -75.644510 -77.323918 -79.642380 -82.652412 -82.258697 -81.173645 -77.733072 -79.356213 -76.131682 -79.890233 -79.082070 -77.439678 -75.921068 -76.974415 -82.691825 -78.086021 -76.090596 -77.779092 -76.661662 -74.338774 -75.837076 -81.657195 -78.506016 -78.588640 -80.708721 
-53.890326 -77.647851 -74.578411 -68.234735 -70.314100 -74.104602 -71.322117 -77.256627 -73.850286 -79.372273 -72.526158 -71.419584 -71.926524 -73.970874 -75.933736 -70.851644 -70.215087 -72.723118 -74.127546 -72.333862 -71.418924 -74.017431 -74.416561 -72.781683 -75.692504 -71.479223 -74.402635 -70.215711 -72.428700 -74.860817 -72.027098 -72.123777 -74.029319 -73.378079 -73.394488 -74.149382 -75.582588 -74.293829 -72.432931 -74.675757 
-54.467270 -83.257986 -74.437493 -75.404766 -75.535803 -73.163538 -75.091300 -77.113746 -74.615071 -76.508424 -69.350853 -74.166604 -78.140132 -74.326653 -73.771752 -70.280019 -69.267314 -71.478972 -71.715479 -74.212026 -70.546197 -70.374843 -71.220637 -71.636584 -75.668066 -70.652283 -70.144276 -71.300719 -72.707892 -73.909382 -73.116168 -75.308356 -71.441759 -74.301247 -72.734847 -69.519124 -72.000505 -73.644548 -72.126282 -74.027600 
-50.950707 -59.998206 -61.426572 -64.310490 -64.612099 -66.241902 -65.332650 -65.131881 -65.581993 -72.096982 -68.095848 -68.134262 -68.558898 -70.420531 -75.151028 -69.364175 -70.391283 -72.387134 -69.937625 -74.492874 -70.541313 -72.492178 -68.753089 -72.695320 -73.829860 -71.633456 -71.218142 -69.878627 -69.921918 -70.339500 -69.765669 -74.561221 -71.504807 -73.410696 -72.549822 -70.090594 -73.243064 -74.491261 -70.576675 -72.599354 
-30.103905 -29.783203 -33.276977 -38.345523 -40.408229 -40.046562 -46.024593 -48.142532 -46.200728 -53.006721 -63.607050 -58.643218 -56.237439 -53.859515 -55.756629 -57.948632 -62.647834 -54.460244 -56.499577 -53.772995 -57.401874 -59.297735 -57.375856 -60.437734 -65.449318 -58.842195 -62.455686 -66.774622 -62.445929 -61.534640 -64.909313 -64.054655 -65.692639 -67.270858 -70.446017 -66.014812 -64.997979 -67.808038 -68.868320 -71.477266 
-20.391538 -24.163812 -33.881069 -33.073532 -35.519158 -35.725608 -45.368212 -47.101476 -49.479454 -56.154610 -62.503167 -63.313845 -58.708464 -58.352094 -59.701039 -54.566918 -55.884398 -52.300003 -54.357328 -50.450983 -51.188548 -49.876214 -52.284527 -53.234212 -61.564806 -60.888222 -59.102423 -59.008838 -58.861404 -61.182883 -57.968143 -57.684686 -62.822387 -64.046631 -67.385183 -65.903880 -62.285814 -63.146028 -64.534597 -67.064945 
-22.329126 -30.583465 -30.846829 -35.654510 -32.611579 -32.663676 -38.281865 -47.088428 -51.646503 -51.934917 -56.420503 -56.008439 -57.041802 -55.248983 -54.264761 -54.243704 -49.822603 -46.524501 -48.357439 -49.984012 -51.684888 -49.004735 -46.470291 -48.579519 -59.380298 -63.172068 -64.216148 -61.183621 -61.540813 -60.515297 -51.329882 -49.404694 -63.205212 -64.630645 -65.171379 -64.569188 -65.554843 -64.084212 -63.342683 -65.868529 
-23.140325 -14.769524 -15.419313 -22.720980 -25.699010 -28.221752 -37.140711 -45.215149 -45.346786 -49.240319 -51.568411 -54.009389 -52.856120 -54.198007 -54.549138 -53.375483 -45.083273 -38.378248 -43.495564 -50.309246 -51.312122 -48.518803 -45.627937 -44.097211 -60.287823 -63.486173 -63.414179 -61.610838 -59.054273 -57.240453 -51.450730 -48.743163 -58.468013 -65.488248 -66.150002 -65.629531 -63.515143 -62.901213 -61.415194 -65.670667 
-13.692976 -4.003284 -1.923557 -9.924520 -16.602860 -22.623108 -23.958949 -24.604918 -25.502152 -27.724348 -29.035519 -30.489896 -31.673523 -32.313435 -33.061813 -34.082734 -34.139945 -33.789709 -36.311860 -36.517327 -37.307708 -38.600952 -35.689942 -36.897765 -40.876750 -41.496070 -42.004931 -42.565390 -43.198193 -43.323519 -41.185346 -41.585285 -44.565658 -45.522547 -45.888504 -46.207344 -46.334313 -46.668145 -46.901557 -47.135909 
0.540450 13.850930 17.889934 12.632570 1.402810 -3.005330 -11.480258 -12.573249 -23.859563 -29.579078 -33.775612 -33.190886 -32.697365 -37.587006 -44.158510 -42.429823 -39.492765 -34.202595 -36.668277 -37.746051 -36.236630 -31.651583 -31.017727 -32.973533 -42.563270 -47.623924 -52.039718 -51.039400 -51.304867 -51.346848 -44.922189 -44.854176 -55.667153 -60.808194 -61.319264 -61.712547 -54.346195 -54.630862 -57.345738 -58.600664 
3.934473 19.685211 21.125454 16.373798 11.521886 5.691782 0.817831 -5.878191 -11.155307 -20.699929 -29.646106 -25.171365 -25.848685 -29.847086 -31.254173 -31.809477 -26.938416 -20.582973 -26.656335 -26.800851 -27.373326 -21.203184 -18.509404 -18.640436 -33.052749 -39.800969 -43.910845 -41.328024 -39.476034 -45.247334 -35.695204 -38.561087 -50.602159 -52.504711 -52.835484 -53.157540 -52.504240 -50.169786 -51.988461 -53.016011 
5.247943 20.717901 20.376988 14.094762 14.702976 4.772563 1.970745 -3.784585 -9.434948 -17.356653 -25.066938 -26.071556 -26.171045 -30.086819 -32.088602 -27.527321 -22.602018 -14.656801 -21.839605 -23.833227 -26.205335 -22.008980 -17.979171 -15.392298 -31.233629 -36.284245 -42.263990 -40.726251 -38.191732 -46.754006 -37.674405 -38.358765 -50.974820 -56.490187 -56.875704 -57.207899 -53.672301 -48.366263 -54.461449 -56.711859 
6.070202 21.423352 21.094888 15.219215 15.760536 5.309472 2.323484 -2.346349 -7.239676 -14.844980 -18.670152 -22.597254 -22.425076 -26.444865 -26.162077 -23.930473 -19.727100 -13.622794 -19.032677 -21.549757 -23.036693 -21.909701 -18.702007 -15.709991 -29.690305 -34.232937 -36.963249 -34.888538 -32.581125 -38.688302 -34.028102 -36.679148 -40.635833 -41.546469 -41.913085 -42.234948 -42.054423 -41.711433 -42.751998 -43.027853 
6.394705 21.858901 21.363318 16.162108 16.510256 6.205282 2.882942 -1.229913 -7.697646 -17.778494 -18.511558 -21.459985 -22.655381 -29.038387 -26.361218 -24.980332 -17.441040 -13.513594 -14.855847 -18.208228 -22.597244 -23.149849 -15.609446 -15.039131 -33.292557 -41.561994 -46.721748 -44.271727 -40.885661 -44.244109 -33.362788 -34.659583 -45.926996 -54.650095 -54.308991 -54.785917 -52.366996 -50.291889 -54.893877 -55.471829 
6.142966 22.000804 21.953055 16.168975 17.352616 6.611366 4.578267 -0.339530 -1.858313 -11.476013 -10.769827 -17.958248 -21.663667 -31.831881 -22.561396 -17.717138 -14.112877 -10.713137 -15.983528 -18.411506 -20.954773 -20.067659 -16.190795 -13.954472 -25.395862 -33.499222 -30.048634 -21.581512 -22.721582 -32.556367 -31.092705 -34.758597 -36.481299 -38.202044 -38.838231 -36.830671 -34.848982 -32.847486 -35.021919 -41.332486 
6.260845 21.627876 22.593491 13.382237 18.932042 11.240123 8.860909 6.039499 12.180442 4.517830 3.990507 1.942806 -7.402461 -5.382322 -8.958138 -8.438226 -7.209199 4.772665 0.384004 -9.735959 -13.628847 -12.558380 -5.482076 -3.312230 -12.386515 -23.323031 -19.359418 -7.486286 -4.944104 -18.858831 -28.583575 -34.469496 -40.069940 -34.779767 -31.348896 -27.710381 -25.495293 -23.402170 -25.952235 -34.994854 
5.380641 21.718502 22.599168 16.079633 19.412323 9.719957 8.380547 11.692218 17.714283 17.756930 12.797916 9.246728 1.607729 3.353001 0.702789 -1.629977 0.216114 11.054120 5.338340 -2.264842 -5.510278 -5.884228 -3.054364 1.559258 -6.572105 -14.390141 -11.924057 -4.088007 -3.832003 -18.006801 -32.960129 -40.063145 -42.238807 -43.817385 -43.874915 -37.245295 -31.667649 -23.543958 -28.925642 -36.348968 
4.711670 21.109622 22.534345 15.416266 18.802495 8.068761 6.731900 9.007157 13.156733 17.796344 16.524352 16.815193 8.398053 6.944552 5.143462 4.232417 4.292584 11.158593 7.553412 -1.518764 -2.546611 -5.542659 -3.641839 0.678623 -1.233398 -9.755570 -9.847304 -5.805051 -6.781704 -16.592506 -24.570086 -28.778235 -29.035973 -29.717761 -29.909471 -28.490201 -25.611686 -21.260304 -22.769803 -30.184168 
4.391224 20.119808 21.358722 14.364791 18.181937 8.071154 5.092968 7.488947 9.959230 15.157140 15.962866 21.663822 11.205135 9.589002 7.421070 7.395718 8.875525 12.248315 8.495562 1.247479 -2.830325 -5.639106 -5.656672 0.657479 -2.133485 -10.186061 -9.237648 -8.568575 -10.970540 -19.205047 -28.438912 -29.712446 -29.011629 -30.395182 -31.513596 -32.759961 -28.363241 -21.328449 -23.823620 -32.034461 
1.595899 18.402339 19.989635 13.363100 17.506415 7.659250 3.678720 7.393446 10.124889 11.560596 15.773018 22.208655 10.013954 11.635831 11.173414 10.753687 12.423392 12.839032 8.597139 0.266681 -3.317909 -4.252538 -4.765183 -0.569603 -0.452929 -10.754076 -9.289048 -11.131410 -11.374702 -19.988541 -30.566238 -29.545918 -26.903753 -30.849942 -35.100746 -43.448255 -32.458577 -22.870863 -28.498299 -35.701453 
0.833349 17.222037 19.073963 13.013901 16.670057 5.433626 1.912253 5.759490 9.702403 10.693726 14.902290 19.944777 13.873517 13.006855 11.409843 12.367463 14.518644 12.150701 5.228575 -0.036875 -4.914244 -4.191368 -6.289104 0.742480 -2.260159 -9.915427 -13.077888 -8.583008 -9.082174 -19.171500 -28.703632 -35.040332 -27.608586 -30.096890 -35.361097 -41.401812 -34.663866 -23.667562 -26.098201 -34.134702 
0.340716 16.511941 18.511572 11.621146 15.819738 4.684610 2.539409 5.290757 9.052826 8.442771 13.151533 18.310663 16.478838 12.386397 10.546970 11.913275 13.108456 9.115462 1.465400 -2.076761 -4.112633 -4.370971 -6.535325 -1.789634 -3.033369 -9.704559 -13.414724 -8.557649 -10.076650 -16.647189 -27.822386 -37.676015 -28.288366 -30.997717 -37.109798 -44.333391 -39.075289 -26.149453 -27.866494 -34.569291 
-0.503444 16.005848 17.787732 11.233400 15.381154 4.263752 1.928547 5.208750 8.428013 7.720547 12.311705 17.086100 17.341726 12.240541 11.466489 11.278038 10.998401 8.347659 -0.902286 -5.127989 -5.886501 -3.867964 -7.544899 -3.474217 -3.177472 -9.043715 -10.759461 -6.718475 -7.152370 -15.697168 -26.622225 -35.570430 -26.172829 -26.134589 -32.631906 -42.920649 -36.702263 -25.308583 -27.549801 -34.319188 
0.481079 15.843460 17.520083 11.912074 15.267447 4.767111 1.359402 3.710513 6.874430 7.660345 11.878643 17.181760 17.979084 9.473978 10.256123 10.373206 11.461033 7.559513 -1.378516 -6.444237 -6.072533 -8.179325 -7.846214 -2.605035 0.000337 -5.151541 -8.097720 -5.443473 -5.712090 -16.493489 -29.082391 -38.016501 -30.979966 -27.886457 -36.732948 -50.202915 -41.498729 -28.024124 -29.577354 -37.827557 
0.096568 15.913518 16.830828 12.125309 14.747892 3.546148 0.824810 5.635740 5.124949 7.298292 12.734807 15.634854 17.991350 6.830205 8.038619 7.223823 10.089133 7.138789 4.006447 -3.038248 -5.712673 -6.622658 -5.050966 -1.573721 -0.913697 -5.974270 -6.190828 -3.775831 -5.792426 -17.271404 -32.594898 -36.824184 -26.642126 -26.376850 -38.586891 -45.365321 -40.552150 -27.707173 -30.750977 -37.298424 
0.223633 15.757234 16.086385 12.032318 13.701855 2.284830 -1.172760 6.192738 4.784191 6.166296 12.832514 15.361124 16.907178 9.182245 8.678756 8.361137 11.316929 10.267154 5.681674 -2.509025 -6.447732 -6.438411 -8.842553 -1.599296 -4.046979 -9.845650 -5.713037 -3.301644 -4.418737 -16.725243 -31.349331 -37.267865 -29.844480 -27.842823 -40.863601 -49.701088 -45.337171 -27.581968 -26.507069 -35.778434 
-0.335129 15.555437 15.105310 12.190306 13.062486 1.605154 -2.923112 5.600438 2.980474 5.808114 12.634642 14.267385 15.417817 10.026246 5.797760 5.808840 8.886611 10.713971 1.770824 -4.170345 -8.289671 -10.780612 -12.277659 -4.502631 -6.974980 -10.795027 -6.206282 -3.328312 -4.253538 -17.386875 -32.451216 -33.276345 -27.211417 -30.682857 -35.136315 -37.687398 -36.933060 -28.875102 -25.532962 -32.014084 
0.922643 15.386203 14.730338 12.341032 12.510470 0.779601 -1.776189 5.879173 2.575013 6.529767 11.618269 14.423249 12.964125 7.291461 5.270702 2.951128 6.380820 10.048472 4.685751 -5.146900 -10.832918 -15.175625 -9.267949 -4.553522 -11.122617 -15.551530 -9.740343 -2.946038 -4.709717 -17.380594 -33.048673 -34.759432 -28.693542 -28.936553 -38.792933 -50.714126 -42.176967 -26.059116 -27.872142 -34.487501 
1.289464 15.158468 14.011785 12.281599 10.917374 -2.136414 -2.462497 5.040147 2.921802 5.076728 10.739457 11.793805 8.201459 4.287372 2.049899 0.088941 2.139881 6.885768 3.686880 -2.102231 -11.400017 -13.576189 -7.996805 -4.276339 -12.596862 -15.439879 -13.541114 -7.439478 -8.368141 -20.176584 -37.063275 -34.945261 -28.640675 -30.978589 -38.723467 -44.521461 -42.026144 -28.399538 -29.865136 -36.511052 
1.483309 14.568511 12.857761 12.242421 9.279141 -3.892930 -2.594160 2.983570 3.064283 5.284236 10.653310 9.216959 4.295662 2.415220 -0.812151 -1.326253 1.046688 5.484234 6.761974 0.408201 -6.688762 -10.960069 -6.504554 -3.499932 -16.357683 -17.735586 -15.104152 -9.872963 -10.090493 -21.771119 -36.811627 -32.268707 -25.556210 -28.078466 -38.617801 -43.931995 -38.639664 -27.297747 -32.941267 -38.787945 
1.394284 14.044190 12.417406 12.427928 9.276648 -3.253415 -3.029093 2.389834 4.156491 7.807700 9.280781 7.054450 -0.906131 -3.255529 -2.499177 -5.543339 -5.680457 -6.323110 -4.330736 -4.389295 -6.468625 -8.543922 -3.836204 -8.510470 -16.997728 -21.038320 -18.756139 -11.589563 -11.343712 -23.696980 -35.875650 -33.645983 -27.623577 -28.411011 -42.850283 -67.374361 -46.991104 -29.184110 -33.281313 -39.036544 
1.908662 13.713317 11.792101 12.533352 8.290587 -3.288893 -1.955461 0.631043 3.566557 8.477613 5.020543 2.820466 -2.089360 -5.834170 -7.074279 -10.429148 -7.251134 -7.195590 -0.640802 1.466587 -6.051194 -7.570257 -6.766442 -7.739134 -18.424309 -22.595630 -23.303104 -12.476060 -13.051297 -21.042282 -34.088593 -36.308374 -33.546248 -33.429286 -43.959935 -64.841289 -48.064899 -31.576448 -34.842555 -39.355447 
2.795218 13.654084 12.119973 12.429838 6.974890 -3.585540 -2.626240 -1.397610 2.565335 7.664248 3.333802 -1.289212 -3.069380 -12.542872 -15.269325 -14.825985 -15.013028 -13.908114 -9.161999 -0.775436 -6.086643 -10.578230 -11.229724 -11.698625 -23.403320 -24.479744 -25.206822 -21.443145 -21.377721 -24.791384 -34.984206 -32.397790 -29.429701 -36.796069 -45.068409 -55.646594 -47.472052 -35.705692 -39.240673 -39.444253 
2.092760 12.802928 10.460144 10.567193 5.099640 -5.726907 -5.175347 -0.234937 2.009512 4.072624 -2.031964 -5.455184 -9.495864 -11.681049 -16.636102 -16.893258 -16.166707 -11.939271 -10.600734 -4.826739 -4.472262 -8.404266 -9.607602 -17.936030 -26.723460 -29.825063 -27.588243 -23.370190 -23.253930 -28.861274 -33.584182 -34.916343 -32.883970 -35.104083 -44.533629 -52.709891 -45.311792 -34.469621 -39.956733 -39.968107 
2.135010 12.608914 9.868314 8.397502 3.237125 -2.538624 -5.135308 -2.414477 -0.055861 -2.333113 -5.859629 -9.933442 -15.224277 -15.180292 -21.425544 -21.173229 -21.664755 -16.967197 -13.347999 -10.472132 -8.693240 -17.106214 -16.784677 -12.659949 -25.614376 -31.778941 -31.412535 -33.425594 -27.628702 -28.082859 -37.143710 -34.859838 -31.281432 -36.555363 -45.523598 -49.413185 -46.511030 -39.629375 -41.121724 -39.206102 
2.293409 12.568326 9.435954 4.922230 0.933059 -0.712441 -7.331562 -5.281943 -5.745730 -10.953984 -12.317611 -15.704854 -16.002826 -22.494345 -25.367699 -29.967773 -26.044268 -20.116942 -20.350238 -14.629760 -10.855087 -19.050659 -14.600396 -14.454576 -27.559784 -30.631846 -34.549526 -35.893449 -29.711938 -32.530879 -38.873352 -36.260988 -34.128413 -37.795820 -45.143573 -47.458999 -45.069811 -40.228440 -43.408719 -42.273157 
2.598298 12.167216 8.389965 -3.537452 -6.211525 -1.585434 -10.503454 -11.725310 -16.176501 -14.496496 -16.074437 -15.561020 -18.998964 -23.077716 -30.932779 -31.095706 -28.309740 -24.891156 -24.326979 -12.440835 -10.199165 -11.836701 -11.198415 -21.028416 -28.436112 -32.094358 -35.054956 -29.843036 -27.951464 -35.939490 -40.535346 -35.983726 -32.319631 -38.904685 -43.383333 -48.527532 -48.123581 -44.507179 -47.339010 -44.633586 
0.235027 10.355137 5.554638 -0.863529 -3.284875 -11.943287 -13.523689 -6.450227 -10.199393 -14.869832 -14.355891 -16.180765 -21.574102 -25.602631 -28.347828 -26.541838 -29.910173 -27.183593 -25.695518 -20.350158 -15.613273 -17.421898 -14.715145 -17.859192 -27.929995 -31.007944 -34.200607 -30.046141 -28.016777 -34.775716 -45.200510 -39.130257 -36.394641 -41.621614 -45.232440 -46.402170 -46.099411 -44.569591 -47.027398 -44.336745 
-1.872068 6.370999 2.519667 -1.876936 -13.832870 -20.358318 -11.709685 -14.522377 -18.502733 -20.989562 -21.891279 -24.614344 -24.251378 -29.600378 -27.398913 -29.579658 -28.978319 -27.825219 -22.624755 -17.944142 -15.935863 -23.326385 -23.360224 -19.586974 -32.336461 -36.008498 -34.017721 -31.565238 -28.019370 -40.376802 -43.795664 -41.625650 -39.279048 -40.394916 -45.049851 -44.577870 -43.211950 -49.257711 -48.168327 -43.404526 
-8.690154 -0.138697 -2.517406 -8.114677 -14.587644 -17.907535 -11.416847 -14.139285 -18.763289 -20.950527 -15.181576 -20.775802 -24.372375 -24.494567 -26.459581 -25.254738 -25.238060 -23.618633 -24.730644 -16.634174 -23.001327 -21.530173 -23.044560 -29.078063 -30.687043 -34.818943 -32.584483 -32.787144 -31.447167 -40.933326 -39.939251 -37.835805 -37.419189 -41.149019 -43.760276 -43.397536 -41.354876 -42.101072 -45.198795 -44.027877 
-12.474296 -8.352032 -13.719006 -21.602414 -20.949350 -23.476541 -20.424028 -21.082271 -27.877090 -29.008628 -27.048500 -25.366647 -29.460142 -28.058986 -34.430214 -27.981775 -27.706218 -26.555406 -24.552106 -19.619422 -22.358754 -28.278785 -23.959716 -27.735464 -31.774246 -35.425471 -33.132614 -33.255897 -35.111208 -39.141465 -38.585274 -37.459746 -35.145642 -37.625805 -37.856609 -36.281860 -36.395385 -37.299861 -40.676578 -41.537097 
-20.531385 -18.124886 -21.597253 -25.202773 -27.163459 -27.168057 -28.875963 -21.959531 -28.227651 -39.013781 -33.704696 -30.580583 -30.811542 -38.754709 -36.440043 -32.528861 -27.189087 -26.610852 -24.068267 -21.159573 -23.857923 -26.197469 -23.023463 -25.744945 -31.279473 -31.055953 -31.895357 -27.472364 -28.128165 -32.711237 -34.040839 -34.924102 -33.801475 -34.242103 -31.605500 -34.112621 -30.474248 -29.964335 -34.632078 -35.437447 
-23.597571 -28.042270 -35.859283 -29.975596 -29.710121 -33.122944 -25.231265 -25.588183 -35.890607 -38.811268 -34.633920 -33.307878 -33.582657 -33.091095 -30.212829 -33.706712 -28.887908 -25.020010 -24.406579 -22.325378 -23.363391 -22.614759 -24.964652 -28.028088 -26.659320 -26.015126 -29.452779 -27.262394 -27.721336 -30.786997 -31.872878 -30.958817 -31.325519 -31.633356 -27.499664 -32.664113 -28.023561 -27.332072 -29.801357 -29.923570 
-33.752959 -40.053690 -34.205495 -32.275107 -31.575588 -31.310189 -27.254445 -31.305059 -32.950669 -40.317069 -33.537067 -31.317940 -24.694939 -25.328045 -31.262042 -32.912121 -29.644557 -22.594244 -20.206533 -21.725280 -22.112352 -21.641809 -26.878611 -26.245564 -26.749331 -29.856215 -30.287215 -25.120455 -26.903803 -29.510252 -31.882427 -30.660377 -29.222362 -30.971996 -30.444115 -31.652947 -29.788245 -24.882358 -25.929774 -29.705299 
-27.850279 -28.124570 -33.623164 -50.521150 -46.272655 -38.056636 -30.719162 -31.236722 -31.746246 -37.003262 -35.818635 -28.846017 -24.969506 -29.242553 -34.132855 -31.739273 -28.021572 -28.915558 -27.122227 -23.308572 -21.359104 -25.068521 -29.931726 -26.126533 -28.051125 -30.343652 -28.273107 -24.410564 -28.517939 -30.683235 -30.846144 -26.394059 -27.439474 -28.740726 -26.312178 -27.989242 -23.956791 -22.513215 -25.666310 -27.326722 
-27.937231 -25.967521 -28.950391 -36.808718 -37.719320 -33.626951 -32.208739 -29.556589 -33.613650 -32.534129 -31.535312 -34.242174 -25.378715 -27.691650 -33.276458 -30.567391 -28.059759 -24.569489 -24.688081 -22.473819 -24.084916 -24.978564 -25.228069 -25.266984 -27.140812 -28.954339 -29.043402 -26.083343 -31.445287 -34.782850 -33.612360 -30.786534 -29.515812 -28.964203 -25.270042 -23.236512 -22.260714 -20.351234 -24.508597 -29.823863 
-25.113735 -32.781801 -28.988573 -32.420230 -35.955341 -36.031183 -37.359860 -34.494453 -28.404678 -31.893799 -34.816051 -33.905345 -26.801422 -31.180243 -36.134151 -27.962210 -27.166400 -25.145848 -25.656023 -23.127107 -27.616109 -28.880238 -27.673957 -26.108985 -27.151235 -27.578599 -26.720163 -28.176540 -28.618676 -32.762058 -36.350293 -27.815437 -28.602425 -26.898098 -24.898320 -24.661215 -23.526922 -24.745654 -26.651827 -30.155532 
-31.801718 -30.372055 -27.448608 -30.889475 -31.976008 -27.363823 -24.475387 -29.944882 -32.936085 -28.731597 -25.125707 -27.401596 -31.771682 -30.215303 -25.883800 -27.733835 -31.839911 -23.747976 -19.824012 -24.001340 -25.714685 -30.954378 -31.692586 -26.300303 -28.172110 -30.525125 -29.844183 -31.038467 -31.526521 -33.207246 -34.321492 -28.905978 -26.484872 -29.065834 -27.841580 -27.543672 -26.473979 -25.826447 -26.158044 -30.122552 
-31.123955 -32.675586 -29.045715 -34.227371 -31.274386 -28.564192 -30.809181 -32.201556 -26.001188 -29.592324 -28.485719 -31.011008 -32.616794 -26.304712 -30.076779 -36.433986 -33.311476 -23.092286 -24.329447 -25.531740 -24.491639 -30.649777 -25.380288 -27.375432 -32.190191 -26.989568 -29.146902 -23.689128 -22.919898 -30.865003 -36.667493 -26.733129 -26.881635 -28.285177 -26.230588 -26.475585 -23.764196 -24.463658 -26.317545 -27.860938 
-26.108637 -27.663624 -39.398525 -36.622368 -28.938686 -33.236571 -30.484929 -37.411071 -36.456599 -31.023572 -33.045995 -29.529095 -25.946310 -26.366114 -31.936026 -33.082743 -31.746881 -21.280559 -23.246813 -23.270801 -26.359970 -28.641229 -25.530000 -25.807551 -28.543511 -33.159329 -32.313926 -23.266864 -24.450945 -31.300481 -34.695573 -28.649680 -28.640854 -28.291865 -28.340596 -28.497917 -26.576187 -25.638106 -27.830094 -27.969256 
-20.167261 -21.652262 -28.047194 -33.276201 -35.292047 -33.675063 -25.114103 -30.483545 -35.782824 -29.816191 -30.928684 -25.601481 -28.699175 -26.472807 -35.348471 -34.878106 -22.946134 -22.384132 -23.304365 -22.463887 -25.024687 -31.508601 -28.696846 -23.753898 -27.344385 -33.060159 -30.069214 -26.122501 -26.515817 -32.849998 -35.822801 -30.722350 -30.287126 -27.721591 -28.305265 -27.928795 -26.344306 -24.938494 -27.808858 -28.831435 
-30.195388 -38.780240 -35.498922 -36.321138 -33.135885 -33.663733 -29.896814 -28.029451 -28.270469 -33.479404 -29.539021 -26.861991 -22.525425 -25.733557 -35.827613 -37.441888 -21.631416 -18.029762 -23.538468 -23.173521 -24.452047 -27.188389 -27.512995 -25.294009 -31.596669 -33.670030 -30.657245 -25.935898 -30.059742 -33.804740 -35.846741 -30.542302 -28.775586 -27.045853 -28.458566 -28.168458 -26.575952 -24.059358 -26.490464 -27.763316 
-29.422474 -28.117182 -40.459059 -50.099274 -41.728625 -36.806434 -40.302734 -40.748926 -34.258587 -34.967069 -30.319834 -28.585711 -23.920149 -28.289974 -35.114401 -35.256416 -23.332848 -21.077659 -27.407350 -21.899121 -25.828255 -32.117877 -22.683870 -24.775515 -28.910338 -30.858583 -29.436970 -28.241116 -27.275556 -36.299281 -35.051019 -32.066241 -29.847133 -30.993003 -29.842072 -28.671361 -28.036116 -25.602612 -27.191375 -31.981154 
-23.840480 -25.060234 -34.484779 -36.720728 -37.818702 -35.381069 -32.437436 -34.730894 -33.400196 -35.832633 -36.806982 -34.222613 -23.741621 -27.728816 -34.360456 -35.196605 -29.438161 -25.898719 -31.880640 -33.072647 -30.127101 -28.511151 -29.339377 -30.991801 -31.640487 -33.241851 -34.165021 -26.953471 -29.499045 -39.656094 -36.877941 -33.923998 -34.206535 -32.459049 -28.624273 -31.010250 -31.712407 -29.997384 -30.895609 -35.618941 
-27.728727 -29.469245 -39.141446 -40.519313 -44.246540 -35.002209 -31.467032 -31.295036 -34.261940 -33.369001 -35.209866 -33.585685 -28.582689 -34.865194 -35.789045 -30.828244 -28.753897 -30.980017 -28.441862 -28.237952 -30.654205 -32.259256 -27.578346 -27.592253 -34.290962 -34.904374 -34.797029 -29.613306 -31.006730 -37.771837 -39.900974 -38.113836 -35.267440 -35.773781 -34.544674 -35.714051 -33.319115 -35.344791 -35.454555 -39.088303 
-32.598631 -37.508444 -41.163216 -37.709313 -36.949578 -36.126527 -31.592152 -36.358645 -30.807608 -32.648294 -32.720626 -29.413053 -31.243551 -36.303792 -43.660335 -35.191284 -29.259114 -25.636310 -25.301119 -33.126671 -36.694127 -34.278338 -32.105297 -29.752301 -36.844079 -41.346078 -34.809701 -34.813729 -38.093644 -43.179748 -44.478112 -36.835951 -38.115998 -37.331208 -37.095031 -39.941295 -35.084261 -37.353006 -37.677894 -40.206928 
-25.792766 -28.351752 -34.567499 -40.763121 -37.140451 -34.477694 -35.328787 -35.396146 -38.647310 -39.405689 -36.978968 -37.045189 -35.507142 -38.637665 -40.847977 -31.738011 -32.717774 -29.285388 -32.553156 -36.105700 -37.537957 -39.162245 -30.631902 -32.017395 -43.088541 -40.252550 -38.312201 -34.521948 -39.557322 -42.361149 -46.278944 -43.451983 -42.041504 -41.567926 -37.956218 -44.409239 -46.343272 -44.543712 -42.339836 -46.331604 
-24.250715 -25.502306 -33.631857 -39.700029 -40.674736 -43.651496 -42.536648 -42.958499 -42.217132 -40.793342 -41.060398 -39.891057 -38.904947 -42.379835 -44.642735 -37.208214 -34.842712 -32.485523 -34.329538 -34.920689 -39.881549 -40.726464 -43.938301 -43.470190 -53.498869 -47.723894 -41.778226 -37.604316 -41.329863 -47.437153 -51.486239 -46.394593 -45.196454 -44.094203 -44.469683 -48.607350 -49.689837 -47.832387 -48.099678 -49.881456 
-22.069017 -23.885916 -33.452376 -35.477156 -34.449102 -42.402418 -36.031565 -33.086572 -38.170729 -46.705164 -45.469756 -39.952078 -39.821153 -42.478644 -48.291494 -38.934479 -35.689606 -35.273923 -36.347266 -43.569912 -47.068311 -46.616065 -46.482356 -44.643204 -53.906119 -52.241163 -49.927603 -43.841729 -47.922250 -52.122742 -52.671741 -48.825840 -54.749743 -52.211384 -51.591712 -55.747250 -54.923315 -53.477704 -54.862482 -56.066515 
-27.202637 -29.705113 -37.016041 -30.407225 -30.728481 -37.071875 -41.172116 -37.887414 -40.445922 -42.561796 -46.446420 -42.313008 -46.933656 -50.963541 -44.064657 -42.985886 -44.207843 -39.609529 -46.644133 -47.572741 -49.551838 -48.741551 -46.685850 -55.340164 -56.987231 -57.282896 -53.764126 -50.103201 -53.518559 -54.328507 -56.736533 -58.524472 -58.213174 -58.282209 -58.535168 -59.158427 -60.768440 -60.024868 -62.277310 -63.123201 
-26.419315 -27.797587 -36.241498 -46.241010 -40.170733 -41.620585 -43.296198 -41.681624 -42.963789 -50.093411 -51.491212 -45.401864 -48.907409 -52.937339 -50.907142 -49.085170 -50.034150 -47.868571 -50.936533 -55.994819 -53.735263 -51.543056 -52.573687 -58.869197 -60.503162 -62.626975 -61.920051 -61.322423 -63.143195 -61.348743 -59.973052 -60.802522 -62.757938 -61.729114 -64.855163 -63.366774 -62.780591 -63.409476 -66.812881 -65.738751 
-44.516265 -42.980236 -47.156408 -55.120303 -56.938275 -62.329234 -65.715729 -54.060456 -59.773770 -62.617329 -62.247530 -69.737953 -70.860302 -67.184707 -63.369942 -65.236370 -62.381783 -63.697514 -66.016731 -62.551284 -59.868032 -60.207588 -62.331114 -65.186514 -69.472426 -70.175234 -70.526016 -70.138471 -64.984887 -64.234580 -66.813850 -67.339908 -66.273165 -67.469249 -67.983512 -67.004650 -68.104945 -67.550732 -69.406113 -69.084360 
-63.071871 -69.140455 -72.585928 -72.643630 -68.729259 -72.068748 -72.093719 -68.431200 -68.294452 -69.316195 -69.064144 -71.362684 -70.766125 -68.732163 -67.487269 -70.263786 -70.822227 -67.799450 -66.657471 -67.931566 -72.601190 -68.731988 -71.037019 -70.908182 -71.870371 -71.051355 -72.819091 -73.279936 -73.511366 -72.055442 -73.656242 -71.277135 -73.603793 -77.773059 -73.115031 -72.569250 -72.079120 -74.020621 -73.141684 -74.303551 
-55.141148 -73.545765 -80.633373 -71.375678 -70.148551 -77.428880 -75.333531 -71.735970 -67.634068 -79.178299 -76.398788 -75.004282 -73.291367 -68.250872 -71.727406 -70.494718 -71.564032 -70.185107 -70.631375 -70.511782 -72.737909 -71.120148 -72.865143 -74.530995 -73.204759 -74.841202 -72.656177 -72.262643 -73.340912 -73.349650 -74.500872 -75.025290 -75.244054 -75.351536 -74.185955 -74.208436 -73.052091 -73.536399 -75.157486 -73.880421 
-57.083065 -71.612208 -77.167652 -77.752920 -82.297743 -77.360764 -75.010915 -74.011564 -69.573069 -76.576749 -81.785921 -73.219743 -70.435341 -76.800100 -73.272025 -74.611137 -70.905888 -68.635272 -73.152568 -74.646678 -74.856203 -74.743052 -74.604919 -74.945814 -73.937088 -70.991781 -72.957246 -76.644533 -75.929730 -75.422643 -75.380270 -74.431361 -74.951726 -73.924229 -70.901197 -72.173899 -72.253295 -73.960925 -73.315827 -73.605637 
-55.905311 -76.504157 -74.885999 -70.206605 -71.052716 -73.643935 -75.705192 -70.600145 -65.847004 -74.580656 -76.150141 -77.204145 -73.416077 -70.480610 -78.542341 -79.560933 -72.420752 -71.717011 -75.831035 -71.650151 -70.528880 -73.110389 -73.274099 -73.301537 -74.063398 -73.608838 -75.053584 -75.543335 -73.513358 -80.260205 -73.125689 -73.230510 -73.706835 -73.278001 -71.844927 -73.745392 -73.722370 -73.934586 -72.847324 -76.726937 
-56.431093 -77.417786 -74.522686 -69.460588 -77.299238 -71.883940 -71.563668 -72.251308 -68.939838 -73.928756 -77.386797 -79.227442 -77.114136 -69.945719 -75.921475 -72.251111 -73.738146 -72.253668 -69.616967 -71.048407 -75.058678 -73.443169 -73.693252 -73.544652 -74.207373 -72.734979 -77.092452 -75.855865 -74.227236 -74.643955 -74.754555 -72.135229 -72.492615 -71.454566 -71.704272 -73.553925 -73.320589 -71.984825 -73.984350 -76.046822 
-57.381001 -72.572294 -73.590877 -72.285889 -71.890785 -78.005387 -74.123590 -74.728291 -80.355288 -75.628340 -75.432396 -73.860307 -74.202233 -78.628686 -78.508841 -74.560997 -69.616061 -72.728706 -76.327405 -75.783552 -73.048244 -73.914387 -72.442068 -72.088361 -74.014946 -72.512802 -73.797554 -75.728041 -76.953356 -74.550316 -73.661730 -73.327441 -73.556577 -72.804304 -72.917602 -75.059205 -73.558521 -75.361980 -75.392342 -75.381834 
-55.460428 -68.742074 -69.520500 -76.808640 -77.205548 -78.013289 -76.176837 -80.977749 -79.632711 -74.942359 -70.900871 -71.722073 -73.975275 -78.029154 -73.393710 -70.084142 -70.696238 -70.402388 -73.847405 -78.053481 -74.871574 -77.079403 -75.490774 -76.320085 -74.553485 -73.739574 -74.527463 -74.561014 -74.111437 -73.519524 -72.815302 -72.505350 -74.500337 -74.050269 -75.089937 -75.369879 -75.226793 -74.677704 -76.124370 -75.822665 
-56.045190 -72.168673 -74.610192 -71.231377 -75.626258 -72.521939 -70.101399 -81.527417 -78.162007 -71.308560 -70.849701 -80.113300 -71.697480 -73.907312 -74.790214 -74.033200 -75.005319 -74.706938 -78.645543 -75.592725 -80.518150 -77.022364 -74.159568 -74.612543 -75.344157 -70.705028 -71.143513 -74.707528 -76.090352 -75.819107 -73.496108 -74.364751 -74.727563 -73.692765 -72.129008 -72.389212 -72.275193 -73.117029 -74.431282 -75.061030 
-55.357994 -64.208666 -66.440214 -68.346205 -78.173137 -82.123129 -76.863814 -75.773881 -79.805778 -74.651911 -70.395224 -71.973063 -77.448967 -75.957403 -70.883444 -73.520876 -71.049769 -73.850738 -78.246818 -75.091810 -76.478309 -69.441419 -76.952028 -78.294780 -80.858781 -75.546057 -68.355090 -73.449650 -67.897047 -73.173936 -73.743026 -74.650955 -76.505017 -76.954443 -75.019597 -75.142972 -74.746571 -75.440732 -76.115219 -76.178077 
-74.415217 -75.854687 -78.415882 -83.189536 -89.866631 -90.838142 -89.461086 -91.711563 -94.529210 -89.321491 -86.111116 -86.056396 -87.591898 -86.607806 -84.654184 -85.499711 -85.784632 -86.222154 -91.298734 -89.718232 -88.470302 -84.722887 -90.723081 -93.801129 -95.642403 -92.543943 -88.203297 -86.865084 -83.138394 -87.444360 -88.590515 -89.892208 -93.553676 -90.958205 -89.599497 -89.183756 -87.179627 -88.780327 -93.582203 -90.679698 
NaN NaN NaN NaN NaN NaN NaN NaN NaN NaN NaN NaN NaN NaN NaN NaN NaN NaN NaN NaN NaN NaN NaN NaN NaN NaN NaN NaN NaN NaN NaN NaN NaN NaN NaN NaN NaN NaN NaN NaN 
NaN NaN NaN NaN NaN NaN NaN NaN NaN NaN NaN NaN NaN NaN NaN NaN NaN NaN NaN NaN NaN NaN NaN NaN NaN NaN NaN NaN NaN NaN NaN NaN NaN NaN NaN NaN NaN NaN NaN NaN 
NaN NaN NaN NaN NaN NaN NaN NaN NaN NaN NaN NaN NaN NaN NaN NaN NaN NaN NaN NaN NaN NaN NaN NaN NaN NaN NaN NaN NaN NaN NaN NaN NaN NaN NaN NaN NaN NaN NaN NaN 
NaN NaN NaN NaN NaN NaN NaN NaN NaN NaN NaN NaN NaN NaN NaN NaN NaN NaN NaN NaN NaN NaN NaN NaN NaN NaN NaN NaN NaN NaN NaN NaN NaN NaN NaN NaN NaN NaN NaN NaN 
NaN NaN NaN NaN NaN NaN NaN NaN NaN NaN NaN NaN NaN NaN NaN NaN NaN NaN NaN NaN NaN NaN NaN NaN NaN NaN NaN NaN NaN NaN NaN NaN NaN NaN NaN NaN NaN NaN NaN NaN 
NaN NaN NaN NaN NaN NaN NaN NaN NaN NaN NaN NaN NaN NaN NaN NaN NaN NaN NaN NaN NaN NaN NaN NaN NaN NaN NaN NaN NaN NaN NaN NaN NaN NaN NaN NaN NaN NaN NaN NaN 
NaN NaN NaN NaN NaN NaN NaN NaN NaN NaN NaN NaN NaN NaN NaN NaN NaN NaN NaN NaN NaN NaN NaN NaN NaN NaN NaN NaN NaN NaN NaN NaN NaN NaN NaN NaN NaN NaN NaN NaN 
NaN NaN NaN NaN NaN NaN NaN NaN NaN NaN NaN NaN NaN NaN NaN NaN NaN NaN NaN NaN NaN NaN NaN NaN NaN NaN NaN NaN NaN NaN NaN NaN NaN NaN NaN NaN NaN NaN NaN NaN 
NaN NaN NaN NaN NaN NaN NaN NaN NaN NaN NaN NaN NaN NaN NaN NaN NaN NaN NaN NaN NaN NaN NaN NaN NaN NaN NaN NaN NaN NaN NaN NaN NaN NaN NaN NaN NaN NaN NaN NaN 
NaN NaN NaN NaN NaN NaN NaN NaN NaN NaN NaN NaN NaN NaN NaN NaN NaN NaN NaN NaN NaN NaN NaN NaN NaN NaN NaN NaN NaN NaN NaN NaN NaN NaN NaN NaN NaN NaN NaN NaN 
NaN NaN NaN NaN NaN NaN NaN NaN NaN NaN NaN NaN NaN NaN NaN NaN NaN NaN NaN NaN NaN NaN NaN NaN NaN NaN NaN NaN NaN NaN NaN NaN NaN NaN NaN NaN NaN NaN NaN NaN 
NaN NaN NaN NaN NaN NaN NaN NaN NaN NaN NaN NaN NaN NaN NaN NaN NaN NaN NaN NaN NaN NaN NaN NaN NaN NaN NaN NaN NaN NaN NaN NaN NaN NaN NaN NaN NaN NaN NaN NaN 
NaN NaN NaN NaN NaN NaN NaN NaN NaN NaN NaN NaN NaN NaN NaN NaN NaN NaN NaN NaN NaN NaN NaN NaN NaN NaN NaN NaN NaN NaN NaN NaN NaN NaN NaN NaN NaN NaN NaN NaN 
NaN NaN NaN NaN NaN NaN NaN NaN NaN NaN NaN NaN NaN NaN NaN NaN NaN NaN NaN NaN NaN NaN NaN NaN NaN NaN NaN NaN NaN NaN NaN NaN NaN NaN NaN NaN NaN NaN NaN NaN 
NaN NaN NaN NaN NaN NaN NaN NaN NaN NaN NaN NaN NaN NaN NaN NaN NaN NaN NaN NaN NaN NaN NaN NaN NaN NaN NaN NaN NaN NaN NaN NaN NaN NaN NaN NaN NaN NaN NaN NaN 
NaN NaN NaN NaN NaN NaN NaN NaN NaN NaN NaN NaN NaN NaN NaN NaN NaN NaN NaN NaN NaN NaN NaN NaN NaN NaN NaN NaN NaN NaN NaN NaN NaN NaN NaN NaN NaN NaN NaN NaN 
NaN NaN NaN NaN NaN NaN NaN NaN NaN NaN NaN NaN NaN NaN NaN NaN NaN NaN NaN NaN NaN NaN NaN NaN NaN NaN NaN NaN NaN NaN NaN NaN NaN NaN NaN NaN NaN NaN NaN NaN 
NaN NaN NaN NaN NaN NaN NaN NaN NaN NaN NaN NaN NaN NaN NaN NaN NaN NaN NaN NaN NaN NaN NaN NaN NaN NaN NaN NaN NaN NaN NaN NaN NaN NaN NaN NaN NaN NaN NaN NaN 
NaN NaN NaN NaN NaN NaN NaN NaN NaN NaN NaN NaN NaN NaN NaN NaN NaN NaN NaN NaN NaN NaN NaN NaN NaN NaN NaN NaN NaN NaN NaN NaN NaN NaN NaN NaN NaN NaN NaN NaN 
NaN NaN NaN NaN NaN NaN NaN NaN NaN NaN NaN NaN NaN NaN NaN NaN NaN NaN NaN NaN NaN NaN NaN NaN NaN NaN NaN NaN NaN NaN NaN NaN NaN NaN NaN NaN NaN NaN NaN NaN 
NaN NaN NaN NaN NaN NaN NaN NaN NaN NaN NaN NaN NaN NaN NaN NaN NaN NaN NaN NaN NaN NaN NaN NaN NaN NaN NaN NaN NaN NaN NaN NaN NaN NaN NaN NaN NaN NaN NaN NaN 
NaN NaN NaN NaN NaN NaN NaN NaN NaN NaN NaN NaN NaN NaN NaN NaN NaN NaN NaN NaN NaN NaN NaN NaN NaN NaN NaN NaN NaN NaN NaN NaN NaN NaN NaN NaN NaN NaN NaN NaN 
NaN NaN NaN NaN NaN NaN NaN NaN NaN NaN NaN NaN NaN NaN NaN NaN NaN NaN NaN NaN NaN NaN NaN NaN NaN NaN NaN NaN NaN NaN NaN NaN NaN NaN NaN NaN NaN NaN NaN NaN 
NaN NaN NaN NaN NaN NaN NaN NaN NaN NaN NaN NaN NaN NaN NaN NaN NaN NaN NaN NaN NaN NaN NaN NaN NaN NaN NaN NaN NaN NaN NaN NaN NaN NaN NaN NaN NaN NaN NaN NaN 
NaN NaN NaN NaN NaN NaN NaN NaN NaN NaN NaN NaN NaN NaN NaN NaN NaN NaN NaN NaN NaN NaN NaN NaN NaN NaN NaN NaN NaN NaN NaN NaN NaN NaN NaN NaN NaN NaN NaN NaN 
NaN NaN NaN NaN NaN NaN NaN NaN NaN NaN NaN NaN NaN NaN NaN NaN NaN NaN NaN NaN NaN NaN NaN NaN NaN NaN NaN NaN NaN NaN NaN NaN NaN NaN NaN NaN NaN NaN NaN NaN 
NaN NaN NaN NaN NaN NaN NaN NaN NaN NaN NaN NaN NaN NaN NaN NaN NaN NaN NaN NaN NaN NaN NaN NaN NaN NaN NaN NaN NaN NaN NaN NaN NaN NaN NaN NaN NaN NaN NaN NaN 
NaN NaN NaN NaN NaN NaN NaN NaN NaN NaN NaN NaN NaN NaN NaN NaN NaN NaN NaN NaN NaN NaN NaN NaN NaN NaN NaN NaN NaN NaN NaN NaN NaN NaN NaN NaN NaN NaN NaN NaN 
NaN NaN NaN NaN NaN NaN NaN NaN NaN NaN NaN NaN NaN NaN NaN NaN NaN NaN NaN NaN NaN NaN NaN NaN NaN NaN NaN NaN NaN NaN NaN NaN NaN NaN NaN NaN NaN NaN NaN NaN 
NaN NaN NaN NaN NaN NaN NaN NaN NaN NaN NaN NaN NaN NaN NaN NaN NaN NaN NaN NaN NaN NaN NaN NaN NaN NaN NaN NaN NaN NaN NaN NaN NaN NaN NaN NaN NaN NaN NaN NaN 
NaN NaN NaN NaN NaN NaN NaN NaN NaN NaN NaN NaN NaN NaN NaN NaN NaN NaN NaN NaN NaN NaN NaN NaN NaN NaN NaN NaN NaN NaN NaN NaN NaN NaN NaN NaN NaN NaN NaN NaN 
NaN NaN NaN NaN NaN NaN NaN NaN NaN NaN NaN NaN NaN NaN NaN NaN NaN NaN NaN NaN NaN NaN NaN NaN NaN NaN NaN NaN NaN NaN NaN NaN NaN NaN NaN NaN NaN NaN NaN NaN 
NaN NaN NaN NaN NaN NaN NaN NaN NaN NaN NaN NaN NaN NaN NaN NaN NaN NaN NaN NaN NaN NaN NaN NaN NaN NaN NaN NaN NaN NaN NaN NaN NaN NaN NaN NaN NaN NaN NaN NaN 
NaN NaN NaN NaN NaN NaN NaN NaN NaN NaN NaN NaN NaN NaN NaN NaN NaN NaN NaN NaN NaN NaN NaN NaN NaN NaN NaN NaN NaN NaN NaN NaN NaN NaN NaN NaN NaN NaN NaN NaN 
NaN NaN NaN NaN NaN NaN NaN NaN NaN NaN NaN NaN NaN NaN NaN NaN NaN NaN NaN NaN NaN NaN NaN NaN NaN NaN NaN NaN NaN NaN NaN NaN NaN NaN NaN NaN NaN NaN NaN NaN 
NaN NaN NaN NaN NaN NaN NaN NaN NaN NaN NaN NaN NaN NaN NaN NaN NaN NaN NaN NaN NaN NaN NaN NaN NaN NaN NaN NaN NaN NaN NaN NaN NaN NaN NaN NaN NaN NaN NaN NaN 
NaN NaN NaN NaN NaN NaN NaN NaN NaN NaN NaN NaN NaN NaN NaN NaN NaN NaN NaN NaN NaN NaN NaN NaN NaN NaN NaN NaN NaN NaN NaN NaN NaN NaN NaN NaN NaN NaN NaN NaN 
NaN NaN NaN NaN NaN NaN NaN NaN NaN NaN NaN NaN NaN NaN NaN NaN NaN NaN NaN NaN NaN NaN NaN NaN NaN NaN NaN NaN NaN NaN NaN NaN NaN NaN NaN NaN NaN NaN NaN NaN 
NaN NaN NaN NaN NaN NaN NaN NaN NaN NaN NaN NaN NaN NaN NaN NaN NaN NaN NaN NaN NaN NaN NaN NaN NaN NaN NaN NaN NaN NaN NaN NaN NaN NaN NaN NaN NaN NaN NaN NaN 
NaN NaN NaN NaN NaN NaN NaN NaN NaN NaN NaN NaN NaN NaN NaN NaN NaN NaN NaN NaN NaN NaN NaN NaN NaN NaN NaN NaN NaN NaN NaN NaN NaN NaN NaN NaN NaN NaN NaN NaN 
NaN NaN NaN NaN NaN NaN NaN NaN NaN NaN NaN NaN NaN NaN NaN NaN NaN NaN NaN NaN NaN NaN NaN NaN NaN NaN NaN NaN NaN NaN NaN NaN NaN NaN NaN NaN NaN NaN NaN NaN 
NaN NaN NaN NaN NaN NaN NaN NaN NaN NaN NaN NaN NaN NaN NaN NaN NaN NaN NaN NaN NaN NaN NaN NaN NaN NaN NaN NaN NaN NaN NaN NaN NaN NaN NaN NaN NaN NaN NaN NaN 
NaN NaN NaN NaN NaN NaN NaN NaN NaN NaN NaN NaN NaN NaN NaN NaN NaN NaN NaN NaN NaN NaN NaN NaN NaN NaN NaN NaN NaN NaN NaN NaN NaN NaN NaN NaN NaN NaN NaN NaN 
NaN NaN NaN NaN NaN NaN NaN NaN NaN NaN NaN NaN NaN NaN NaN NaN NaN NaN NaN NaN NaN NaN NaN NaN NaN NaN NaN NaN NaN NaN NaN NaN NaN NaN NaN NaN NaN NaN NaN NaN 
NaN NaN NaN NaN NaN NaN NaN NaN NaN NaN NaN NaN NaN NaN NaN NaN NaN NaN NaN NaN NaN NaN NaN NaN NaN NaN NaN NaN NaN NaN NaN NaN NaN NaN NaN NaN NaN NaN NaN NaN 
NaN NaN NaN NaN NaN NaN NaN NaN NaN NaN NaN NaN NaN NaN NaN NaN NaN NaN NaN NaN NaN NaN NaN NaN NaN NaN NaN NaN NaN NaN NaN NaN NaN NaN NaN NaN NaN NaN NaN NaN 
NaN NaN NaN NaN NaN NaN NaN NaN NaN NaN NaN NaN NaN NaN NaN NaN NaN NaN NaN NaN NaN NaN NaN NaN NaN NaN NaN NaN NaN NaN NaN NaN NaN NaN NaN NaN NaN NaN NaN NaN 
NaN NaN NaN NaN NaN NaN NaN NaN NaN NaN NaN NaN NaN NaN NaN NaN NaN NaN NaN NaN NaN NaN NaN NaN NaN NaN NaN NaN NaN NaN NaN NaN NaN NaN NaN NaN NaN NaN NaN NaN 
NaN NaN NaN NaN NaN NaN NaN NaN NaN NaN NaN NaN NaN NaN NaN NaN NaN NaN NaN NaN NaN NaN NaN NaN NaN NaN NaN NaN NaN NaN NaN NaN NaN NaN NaN NaN NaN NaN NaN NaN 
NaN NaN NaN NaN NaN NaN NaN NaN NaN NaN NaN NaN NaN NaN NaN NaN NaN NaN NaN NaN NaN NaN NaN NaN NaN NaN NaN NaN NaN NaN NaN NaN NaN NaN NaN NaN NaN NaN NaN NaN 
NaN NaN NaN NaN NaN NaN NaN NaN NaN NaN NaN NaN NaN NaN NaN NaN NaN NaN NaN NaN NaN NaN NaN NaN NaN NaN NaN NaN NaN NaN NaN NaN NaN NaN NaN NaN NaN NaN NaN NaN 
NaN NaN NaN NaN NaN NaN NaN NaN NaN NaN NaN NaN NaN NaN NaN NaN NaN NaN NaN NaN NaN NaN NaN NaN NaN NaN NaN NaN NaN NaN NaN NaN NaN NaN NaN NaN NaN NaN NaN NaN 
NaN NaN NaN NaN NaN NaN NaN NaN NaN NaN NaN NaN NaN NaN NaN NaN NaN NaN NaN NaN NaN NaN NaN NaN NaN NaN NaN NaN NaN NaN NaN NaN NaN NaN NaN NaN NaN NaN NaN NaN 
NaN NaN NaN NaN NaN NaN NaN NaN NaN NaN NaN NaN NaN NaN NaN NaN NaN NaN NaN NaN NaN NaN NaN NaN NaN NaN NaN NaN NaN NaN NaN NaN NaN NaN NaN NaN NaN NaN NaN NaN 
NaN NaN NaN NaN NaN NaN NaN NaN NaN NaN NaN NaN NaN NaN NaN NaN NaN NaN NaN NaN NaN NaN NaN NaN NaN NaN NaN NaN NaN NaN NaN NaN NaN NaN NaN NaN NaN NaN NaN NaN 
NaN NaN NaN NaN NaN NaN NaN NaN NaN NaN NaN NaN NaN NaN NaN NaN NaN NaN NaN NaN NaN NaN NaN NaN NaN NaN NaN NaN NaN NaN NaN NaN NaN NaN NaN NaN NaN NaN NaN NaN 
NaN NaN NaN NaN NaN NaN NaN NaN NaN NaN NaN NaN NaN NaN NaN NaN NaN NaN NaN NaN NaN NaN NaN NaN NaN NaN NaN NaN NaN NaN NaN NaN NaN NaN NaN NaN NaN NaN NaN NaN 
NaN NaN NaN NaN NaN NaN NaN NaN NaN NaN NaN NaN NaN NaN NaN NaN NaN NaN NaN NaN NaN NaN NaN NaN NaN NaN NaN NaN NaN NaN NaN NaN NaN NaN NaN NaN NaN NaN NaN NaN 
NaN NaN NaN NaN NaN NaN NaN NaN NaN NaN NaN NaN NaN NaN NaN NaN NaN NaN NaN NaN NaN NaN NaN NaN NaN NaN NaN NaN NaN NaN NaN NaN NaN NaN NaN NaN NaN NaN NaN NaN 
NaN NaN NaN NaN NaN NaN NaN NaN NaN NaN NaN NaN NaN NaN NaN NaN NaN NaN NaN NaN NaN NaN NaN NaN NaN NaN NaN NaN NaN NaN NaN NaN NaN NaN NaN NaN NaN NaN NaN NaN 
NaN NaN NaN NaN NaN NaN NaN NaN NaN NaN NaN NaN NaN NaN NaN NaN NaN NaN NaN NaN NaN NaN NaN NaN NaN NaN NaN NaN NaN NaN NaN NaN NaN NaN NaN NaN NaN NaN NaN NaN 
NaN NaN NaN NaN NaN NaN NaN NaN NaN NaN NaN NaN NaN NaN NaN NaN NaN NaN NaN NaN NaN NaN NaN NaN NaN NaN NaN NaN NaN NaN NaN NaN NaN NaN NaN NaN NaN NaN NaN NaN 
NaN NaN NaN NaN NaN NaN NaN NaN NaN NaN NaN NaN NaN NaN NaN NaN NaN NaN NaN NaN NaN NaN NaN NaN NaN NaN NaN NaN NaN NaN NaN NaN NaN NaN NaN NaN NaN NaN NaN NaN 
NaN NaN NaN NaN NaN NaN NaN NaN NaN NaN NaN NaN NaN NaN NaN NaN NaN NaN NaN NaN NaN NaN NaN NaN NaN NaN NaN NaN NaN NaN NaN NaN NaN NaN NaN NaN NaN NaN NaN NaN 
NaN NaN NaN NaN NaN NaN NaN NaN NaN NaN NaN NaN NaN NaN NaN NaN NaN NaN NaN NaN NaN NaN NaN NaN NaN NaN NaN NaN NaN NaN NaN NaN NaN NaN NaN NaN NaN NaN NaN NaN 
NaN NaN NaN NaN NaN NaN NaN NaN NaN NaN NaN NaN NaN NaN NaN NaN NaN NaN NaN NaN NaN NaN NaN NaN NaN NaN NaN NaN NaN NaN NaN NaN NaN NaN NaN NaN NaN NaN NaN NaN 
NaN NaN NaN NaN NaN NaN NaN NaN NaN NaN NaN NaN NaN NaN NaN NaN NaN NaN NaN NaN NaN NaN NaN NaN NaN NaN NaN NaN NaN NaN NaN NaN NaN NaN NaN NaN NaN NaN NaN NaN 
NaN NaN NaN NaN NaN NaN NaN NaN NaN NaN NaN NaN NaN NaN NaN NaN NaN NaN NaN NaN NaN NaN NaN NaN NaN NaN NaN NaN NaN NaN NaN NaN NaN NaN NaN NaN NaN NaN NaN NaN 
NaN NaN NaN NaN NaN NaN NaN NaN NaN NaN NaN NaN NaN NaN NaN NaN NaN NaN NaN NaN NaN NaN NaN NaN NaN NaN NaN NaN NaN NaN NaN NaN NaN NaN NaN NaN NaN NaN NaN NaN 
NaN NaN NaN NaN NaN NaN NaN NaN NaN NaN NaN NaN NaN NaN NaN NaN NaN NaN NaN NaN NaN NaN NaN NaN NaN NaN NaN NaN NaN NaN NaN NaN NaN NaN NaN NaN NaN NaN NaN NaN 
NaN NaN NaN NaN NaN NaN NaN NaN NaN NaN NaN NaN NaN NaN NaN NaN NaN NaN NaN NaN NaN NaN NaN NaN NaN NaN NaN NaN NaN NaN NaN NaN NaN NaN NaN NaN NaN NaN NaN NaN 
NaN NaN NaN NaN NaN NaN NaN NaN NaN NaN NaN NaN NaN NaN NaN NaN NaN NaN NaN NaN NaN NaN NaN NaN NaN NaN NaN NaN NaN NaN NaN NaN NaN NaN NaN NaN NaN NaN NaN NaN 
NaN NaN NaN NaN NaN NaN NaN NaN NaN NaN NaN NaN NaN NaN NaN NaN NaN NaN NaN NaN NaN NaN NaN NaN NaN NaN NaN NaN NaN NaN NaN NaN NaN NaN NaN NaN NaN NaN NaN NaN 
NaN NaN NaN NaN NaN NaN NaN NaN NaN NaN NaN NaN NaN NaN NaN NaN NaN NaN NaN NaN NaN NaN NaN NaN NaN NaN NaN NaN NaN NaN NaN NaN NaN NaN NaN NaN NaN NaN NaN NaN 
NaN NaN NaN NaN NaN NaN NaN NaN NaN NaN NaN NaN NaN NaN NaN NaN NaN NaN NaN NaN NaN NaN NaN NaN NaN NaN NaN NaN NaN NaN NaN NaN NaN NaN NaN NaN NaN NaN NaN NaN 
NaN NaN NaN NaN NaN NaN NaN NaN NaN NaN NaN NaN NaN NaN NaN NaN NaN NaN NaN NaN NaN NaN NaN NaN NaN NaN NaN NaN NaN NaN NaN NaN NaN NaN NaN NaN NaN NaN NaN NaN 
