NaN NaN NaN NaN NaN NaN NaN NaN NaN NaN NaN NaN NaN NaN NaN NaN NaN NaN NaN NaN NaN NaN NaN NaN NaN NaN NaN NaN NaN NaN NaN NaN NaN NaN NaN NaN NaN NaN NaN NaN 
NaN NaN NaN NaN NaN NaN NaN NaN NaN NaN NaN NaN NaN NaN NaN NaN NaN NaN NaN NaN NaN NaN NaN NaN NaN NaN NaN NaN NaN NaN NaN NaN NaN NaN NaN NaN NaN NaN NaN NaN 
NaN NaN NaN NaN NaN NaN NaN NaN NaN NaN NaN NaN NaN NaN NaN NaN NaN NaN NaN NaN NaN NaN NaN NaN NaN NaN NaN NaN NaN NaN NaN NaN NaN NaN NaN NaN NaN NaN NaN NaN 
NaN NaN NaN NaN NaN NaN NaN NaN NaN NaN NaN NaN NaN NaN NaN NaN NaN NaN NaN NaN NaN NaN NaN NaN NaN NaN NaN NaN NaN NaN NaN NaN NaN NaN NaN NaN NaN NaN NaN NaN 
NaN NaN NaN NaN NaN NaN NaN NaN NaN NaN NaN NaN NaN NaN NaN NaN NaN NaN NaN NaN NaN NaN NaN NaN NaN NaN NaN NaN NaN NaN NaN NaN NaN NaN NaN NaN NaN NaN NaN NaN 
NaN NaN NaN NaN NaN NaN NaN NaN NaN NaN NaN NaN NaN NaN NaN NaN NaN NaN NaN NaN NaN NaN NaN NaN NaN NaN NaN NaN NaN NaN NaN NaN NaN NaN NaN NaN NaN NaN NaN NaN 
NaN NaN NaN NaN NaN NaN NaN NaN NaN NaN NaN NaN NaN NaN NaN NaN NaN NaN NaN NaN NaN NaN NaN NaN NaN NaN NaN NaN NaN NaN NaN NaN NaN NaN NaN NaN NaN NaN NaN NaN 
NaN NaN NaN NaN NaN NaN NaN NaN NaN NaN NaN NaN NaN NaN NaN NaN NaN NaN NaN NaN NaN NaN NaN NaN NaN NaN NaN NaN NaN NaN NaN NaN NaN NaN NaN NaN NaN NaN NaN NaN 
NaN NaN NaN NaN NaN NaN NaN NaN NaN NaN NaN NaN NaN NaN NaN NaN NaN NaN NaN NaN NaN NaN NaN NaN NaN NaN NaN NaN NaN NaN NaN NaN NaN NaN NaN NaN NaN NaN NaN NaN 
NaN NaN NaN NaN NaN NaN NaN NaN NaN NaN NaN NaN NaN NaN NaN NaN NaN NaN NaN NaN NaN NaN NaN NaN NaN NaN NaN NaN NaN NaN NaN NaN NaN NaN NaN NaN NaN NaN NaN NaN 
NaN NaN NaN NaN NaN NaN NaN NaN NaN NaN NaN NaN NaN NaN NaN NaN NaN NaN NaN NaN NaN NaN NaN NaN NaN NaN NaN NaN NaN NaN NaN NaN NaN NaN NaN NaN NaN NaN NaN NaN 
NaN NaN NaN NaN NaN NaN NaN NaN NaN NaN NaN NaN NaN NaN NaN NaN NaN NaN NaN NaN NaN NaN NaN NaN NaN NaN NaN NaN NaN NaN NaN NaN NaN NaN NaN NaN NaN NaN NaN NaN 
NaN NaN NaN NaN NaN NaN NaN NaN NaN NaN NaN NaN NaN NaN NaN NaN NaN NaN NaN NaN NaN NaN NaN NaN NaN NaN NaN NaN NaN NaN NaN NaN NaN NaN NaN NaN NaN NaN NaN NaN 
NaN NaN NaN NaN NaN NaN NaN NaN NaN NaN NaN NaN NaN NaN NaN NaN NaN NaN NaN NaN NaN NaN NaN NaN NaN NaN NaN NaN NaN NaN NaN NaN NaN NaN NaN NaN NaN NaN NaN NaN 
NaN NaN NaN NaN NaN NaN NaN NaN NaN NaN NaN NaN NaN NaN NaN NaN NaN NaN NaN NaN NaN NaN NaN NaN NaN NaN NaN NaN NaN NaN NaN NaN NaN NaN NaN NaN NaN NaN NaN NaN 
NaN NaN NaN NaN NaN NaN NaN NaN NaN NaN NaN NaN NaN NaN NaN NaN NaN NaN NaN NaN NaN NaN NaN NaN NaN NaN NaN NaN NaN NaN NaN NaN NaN NaN NaN NaN NaN NaN NaN NaN 
NaN NaN NaN NaN NaN NaN NaN NaN NaN NaN NaN NaN NaN NaN NaN NaN NaN NaN NaN NaN NaN NaN NaN NaN NaN NaN NaN NaN NaN NaN NaN NaN NaN NaN NaN NaN NaN NaN NaN NaN 
NaN NaN NaN NaN NaN NaN NaN NaN NaN NaN NaN NaN NaN NaN NaN NaN NaN NaN NaN NaN NaN NaN NaN NaN NaN NaN NaN NaN NaN NaN NaN NaN NaN NaN NaN NaN NaN NaN NaN NaN 
NaN NaN NaN NaN NaN NaN NaN NaN NaN NaN NaN NaN NaN NaN NaN NaN NaN NaN NaN NaN NaN NaN NaN NaN NaN NaN NaN NaN NaN NaN NaN NaN NaN NaN NaN NaN NaN NaN NaN NaN 
NaN NaN NaN NaN NaN NaN NaN NaN NaN NaN NaN NaN NaN NaN NaN NaN NaN NaN NaN NaN NaN NaN NaN NaN NaN NaN NaN NaN NaN NaN NaN NaN NaN NaN NaN NaN NaN NaN NaN NaN 
NaN NaN NaN NaN NaN NaN NaN NaN NaN NaN NaN NaN NaN NaN NaN NaN NaN NaN NaN NaN NaN NaN NaN NaN NaN NaN NaN NaN NaN NaN NaN NaN NaN NaN NaN NaN NaN NaN NaN NaN 
NaN NaN NaN NaN NaN NaN NaN NaN NaN NaN NaN NaN NaN NaN NaN NaN NaN NaN NaN NaN NaN NaN NaN NaN NaN NaN NaN NaN NaN NaN NaN NaN NaN NaN NaN NaN NaN NaN NaN NaN 
NaN NaN NaN NaN NaN NaN NaN NaN NaN NaN NaN NaN NaN NaN NaN NaN NaN NaN NaN NaN NaN NaN NaN NaN NaN NaN NaN NaN NaN NaN NaN NaN NaN NaN NaN NaN NaN NaN NaN NaN 
NaN NaN NaN NaN NaN NaN NaN NaN NaN NaN NaN NaN NaN NaN NaN NaN NaN NaN NaN NaN NaN NaN NaN NaN NaN NaN NaN NaN NaN NaN NaN NaN NaN NaN NaN NaN NaN NaN NaN NaN 
NaN NaN NaN NaN NaN NaN NaN NaN NaN NaN NaN NaN NaN NaN NaN NaN NaN NaN NaN NaN NaN NaN NaN NaN NaN NaN NaN NaN NaN NaN NaN NaN NaN NaN NaN NaN NaN NaN NaN NaN 
NaN NaN NaN NaN NaN NaN NaN NaN NaN NaN NaN NaN NaN NaN NaN NaN NaN NaN NaN NaN NaN NaN NaN NaN NaN NaN NaN NaN NaN NaN NaN NaN NaN NaN NaN NaN NaN NaN NaN NaN 
NaN NaN NaN NaN NaN NaN NaN NaN NaN NaN NaN NaN NaN NaN NaN NaN NaN NaN NaN NaN NaN NaN NaN NaN NaN NaN NaN NaN NaN NaN NaN NaN NaN NaN NaN NaN NaN NaN NaN NaN 
NaN NaN NaN NaN NaN NaN NaN NaN NaN NaN NaN NaN NaN NaN NaN NaN NaN NaN NaN NaN NaN NaN NaN NaN NaN NaN NaN NaN NaN NaN NaN NaN NaN NaN NaN NaN NaN NaN NaN NaN 
NaN NaN NaN NaN NaN NaN NaN NaN NaN NaN NaN NaN NaN NaN NaN NaN NaN NaN NaN NaN NaN NaN NaN NaN NaN NaN NaN NaN NaN NaN NaN NaN NaN NaN NaN NaN NaN NaN NaN NaN 
NaN NaN NaN NaN NaN NaN NaN NaN NaN NaN NaN NaN NaN NaN NaN NaN NaN NaN NaN NaN NaN NaN NaN NaN NaN NaN NaN NaN NaN NaN NaN NaN NaN NaN NaN NaN NaN NaN NaN NaN 
NaN NaN NaN NaN NaN NaN NaN NaN NaN NaN NaN NaN NaN NaN NaN NaN NaN NaN NaN NaN NaN NaN NaN NaN NaN NaN NaN NaN NaN NaN NaN NaN NaN NaN NaN NaN NaN NaN NaN NaN 
NaN NaN NaN NaN NaN NaN NaN NaN NaN NaN NaN NaN NaN NaN NaN NaN NaN NaN NaN NaN NaN NaN NaN NaN NaN NaN NaN NaN NaN NaN NaN NaN NaN NaN NaN NaN NaN NaN NaN NaN 
NaN NaN NaN NaN NaN NaN NaN NaN NaN NaN NaN NaN NaN NaN NaN NaN NaN NaN NaN NaN NaN NaN NaN NaN NaN NaN NaN NaN NaN NaN NaN NaN NaN NaN NaN NaN NaN NaN NaN NaN 
NaN NaN NaN NaN NaN NaN NaN NaN NaN NaN NaN NaN NaN NaN NaN NaN NaN NaN NaN NaN NaN NaN NaN NaN NaN NaN NaN NaN NaN NaN NaN NaN NaN NaN NaN NaN NaN NaN NaN NaN 
NaN NaN NaN NaN NaN NaN NaN NaN NaN NaN NaN NaN NaN NaN NaN NaN NaN NaN NaN NaN NaN NaN NaN NaN NaN NaN NaN NaN NaN NaN NaN NaN NaN NaN NaN NaN NaN NaN NaN NaN 
NaN NaN NaN NaN NaN NaN NaN NaN NaN NaN NaN NaN NaN NaN NaN NaN NaN NaN NaN NaN NaN NaN NaN NaN NaN NaN NaN NaN NaN NaN NaN NaN NaN NaN NaN NaN NaN NaN NaN NaN 
NaN NaN NaN NaN NaN NaN NaN NaN NaN NaN NaN NaN NaN NaN NaN NaN NaN NaN NaN NaN NaN NaN NaN NaN NaN NaN NaN NaN NaN NaN NaN NaN NaN NaN NaN NaN NaN NaN NaN NaN 
NaN NaN NaN NaN NaN NaN NaN NaN NaN NaN NaN NaN NaN NaN NaN NaN NaN NaN NaN NaN NaN NaN NaN NaN NaN NaN NaN NaN NaN NaN NaN NaN NaN NaN NaN NaN NaN NaN NaN NaN 
NaN NaN NaN NaN NaN NaN NaN NaN NaN NaN NaN NaN NaN NaN NaN NaN NaN NaN NaN NaN NaN NaN NaN NaN NaN NaN NaN NaN NaN NaN NaN NaN NaN NaN NaN NaN NaN NaN NaN NaN 
NaN NaN NaN NaN NaN NaN NaN NaN NaN NaN NaN NaN NaN NaN NaN NaN NaN NaN NaN NaN NaN NaN NaN NaN NaN NaN NaN NaN NaN NaN NaN NaN NaN NaN NaN NaN NaN NaN NaN NaN 
NaN NaN NaN NaN NaN NaN NaN NaN NaN NaN NaN NaN NaN NaN NaN NaN NaN NaN NaN NaN NaN NaN NaN NaN NaN NaN NaN NaN NaN NaN NaN NaN NaN NaN NaN NaN NaN NaN NaN NaN 
NaN NaN NaN NaN NaN NaN NaN NaN NaN NaN NaN NaN NaN NaN NaN NaN NaN NaN NaN NaN NaN NaN NaN NaN NaN NaN NaN NaN NaN NaN NaN NaN NaN NaN NaN NaN NaN NaN NaN NaN 
NaN NaN NaN NaN NaN NaN NaN NaN NaN NaN NaN NaN NaN NaN NaN NaN NaN NaN NaN NaN NaN NaN NaN NaN NaN NaN NaN NaN NaN NaN NaN NaN NaN NaN NaN NaN NaN NaN NaN NaN 
NaN NaN NaN NaN NaN NaN NaN NaN NaN NaN NaN NaN NaN NaN NaN NaN NaN NaN NaN NaN NaN NaN NaN NaN NaN NaN NaN NaN NaN NaN NaN NaN NaN NaN NaN NaN NaN NaN NaN NaN 
NaN NaN NaN NaN NaN NaN NaN NaN NaN NaN NaN NaN NaN NaN NaN NaN NaN NaN NaN NaN NaN NaN NaN NaN NaN NaN NaN NaN NaN NaN NaN NaN NaN NaN NaN NaN NaN NaN NaN NaN 
NaN NaN NaN NaN NaN NaN NaN NaN NaN NaN NaN NaN NaN NaN NaN NaN NaN NaN NaN NaN NaN NaN NaN NaN NaN NaN NaN NaN NaN NaN NaN NaN NaN NaN NaN NaN NaN NaN NaN NaN 
NaN NaN NaN NaN NaN NaN NaN NaN NaN NaN NaN NaN NaN NaN NaN NaN NaN NaN NaN NaN NaN NaN NaN NaN NaN NaN NaN NaN NaN NaN NaN NaN NaN NaN NaN NaN NaN NaN NaN NaN 
NaN NaN NaN NaN NaN NaN NaN NaN NaN NaN NaN NaN NaN NaN NaN NaN NaN NaN NaN NaN NaN NaN NaN NaN NaN NaN NaN NaN NaN NaN NaN NaN NaN NaN NaN NaN NaN NaN NaN NaN 
NaN NaN NaN NaN NaN NaN NaN NaN NaN NaN NaN NaN NaN NaN NaN NaN NaN NaN NaN NaN NaN NaN NaN NaN NaN NaN NaN NaN NaN NaN NaN NaN NaN NaN NaN NaN NaN NaN NaN NaN 
NaN NaN NaN NaN NaN NaN NaN NaN NaN NaN NaN NaN NaN NaN NaN NaN NaN NaN NaN NaN NaN NaN NaN NaN NaN NaN NaN NaN NaN NaN NaN NaN NaN NaN NaN NaN NaN NaN NaN NaN 
NaN NaN NaN NaN NaN NaN NaN NaN NaN NaN NaN NaN NaN NaN NaN NaN NaN NaN NaN NaN NaN NaN NaN NaN NaN NaN NaN NaN NaN NaN NaN NaN NaN NaN NaN NaN NaN NaN NaN NaN 
NaN NaN NaN NaN NaN NaN NaN NaN NaN NaN NaN NaN NaN NaN NaN NaN NaN NaN NaN NaN NaN NaN NaN NaN NaN NaN NaN NaN NaN NaN NaN NaN NaN NaN NaN NaN NaN NaN NaN NaN 
NaN NaN NaN NaN NaN NaN NaN NaN NaN NaN NaN NaN NaN NaN NaN NaN NaN NaN NaN NaN NaN NaN NaN NaN NaN NaN NaN NaN NaN NaN NaN NaN NaN NaN NaN NaN NaN NaN NaN NaN 
NaN NaN NaN NaN NaN NaN NaN NaN NaN NaN NaN NaN NaN NaN NaN NaN NaN NaN NaN NaN NaN NaN NaN NaN NaN NaN NaN NaN NaN NaN NaN NaN NaN NaN NaN NaN NaN NaN NaN NaN 
NaN NaN NaN NaN NaN NaN NaN NaN NaN NaN NaN NaN NaN NaN NaN NaN NaN NaN NaN NaN NaN NaN NaN NaN NaN NaN NaN NaN NaN NaN NaN NaN NaN NaN NaN NaN NaN NaN NaN NaN 
NaN NaN NaN NaN NaN NaN NaN NaN NaN NaN NaN NaN NaN NaN NaN NaN NaN NaN NaN NaN NaN NaN NaN NaN NaN NaN NaN NaN NaN NaN NaN NaN NaN NaN NaN NaN NaN NaN NaN NaN 
NaN NaN NaN NaN NaN NaN NaN NaN NaN NaN NaN NaN NaN NaN NaN NaN NaN NaN NaN NaN NaN NaN NaN NaN NaN NaN NaN NaN NaN NaN NaN NaN NaN NaN NaN NaN NaN NaN NaN NaN 
NaN NaN NaN NaN NaN NaN NaN NaN NaN NaN NaN NaN NaN NaN NaN NaN NaN NaN NaN NaN NaN NaN NaN NaN NaN NaN NaN NaN NaN NaN NaN NaN NaN NaN NaN NaN NaN NaN NaN NaN 
NaN NaN NaN NaN NaN NaN NaN NaN NaN NaN NaN NaN NaN NaN NaN NaN NaN NaN NaN NaN NaN NaN NaN NaN NaN NaN NaN NaN NaN NaN NaN NaN NaN NaN NaN NaN NaN NaN NaN NaN 
NaN NaN NaN NaN NaN NaN NaN NaN NaN NaN NaN NaN NaN NaN NaN NaN NaN NaN NaN NaN NaN NaN NaN NaN NaN NaN NaN NaN NaN NaN NaN NaN NaN NaN NaN NaN NaN NaN NaN NaN 
NaN NaN NaN NaN NaN NaN NaN NaN NaN NaN NaN NaN NaN NaN NaN NaN NaN NaN NaN NaN NaN NaN NaN NaN NaN NaN NaN NaN NaN NaN NaN NaN NaN NaN NaN NaN NaN NaN NaN NaN 
NaN NaN NaN NaN NaN NaN NaN NaN NaN NaN NaN NaN NaN NaN NaN NaN NaN NaN NaN NaN NaN NaN NaN NaN NaN NaN NaN NaN NaN NaN NaN NaN NaN NaN NaN NaN NaN NaN NaN NaN 
NaN NaN NaN NaN NaN NaN NaN NaN NaN NaN NaN NaN NaN NaN NaN NaN NaN NaN NaN NaN NaN NaN NaN NaN NaN NaN NaN NaN NaN NaN NaN NaN NaN NaN NaN NaN NaN NaN NaN NaN 
NaN NaN NaN NaN NaN NaN NaN NaN NaN NaN NaN NaN NaN NaN NaN NaN NaN NaN NaN NaN NaN NaN NaN NaN NaN NaN NaN NaN NaN NaN NaN NaN NaN NaN NaN NaN NaN NaN NaN NaN 
NaN NaN NaN NaN NaN NaN NaN NaN NaN NaN NaN NaN NaN NaN NaN NaN NaN NaN NaN NaN NaN NaN NaN NaN NaN NaN NaN NaN NaN NaN NaN NaN NaN NaN NaN NaN NaN NaN NaN NaN 
NaN NaN NaN NaN NaN NaN NaN NaN NaN NaN NaN NaN NaN NaN NaN NaN NaN NaN NaN NaN NaN NaN NaN NaN NaN NaN NaN NaN NaN NaN NaN NaN NaN NaN NaN NaN NaN NaN NaN NaN 
NaN NaN NaN NaN NaN NaN NaN NaN NaN NaN NaN NaN NaN NaN NaN NaN NaN NaN NaN NaN NaN NaN NaN NaN NaN NaN NaN NaN NaN NaN NaN NaN NaN NaN NaN NaN NaN NaN NaN NaN 
NaN NaN NaN NaN NaN NaN NaN NaN NaN NaN NaN NaN NaN NaN NaN NaN NaN NaN NaN NaN NaN NaN NaN NaN NaN NaN NaN NaN NaN NaN NaN NaN NaN NaN NaN NaN NaN NaN NaN NaN 
NaN NaN NaN NaN NaN NaN NaN NaN NaN NaN NaN NaN NaN NaN NaN NaN NaN NaN NaN NaN NaN NaN NaN NaN NaN NaN NaN NaN NaN NaN NaN NaN NaN NaN NaN NaN NaN NaN NaN NaN 
NaN NaN NaN NaN NaN NaN NaN NaN NaN NaN NaN NaN NaN NaN NaN NaN NaN NaN NaN NaN NaN NaN NaN NaN NaN NaN NaN NaN NaN NaN NaN NaN NaN NaN NaN NaN NaN NaN NaN NaN 
NaN NaN NaN NaN NaN NaN NaN NaN NaN NaN NaN NaN NaN NaN NaN NaN NaN NaN NaN NaN NaN NaN NaN NaN NaN NaN NaN NaN NaN NaN NaN NaN NaN NaN NaN NaN NaN NaN NaN NaN 
NaN NaN NaN NaN NaN NaN NaN NaN NaN NaN NaN NaN NaN NaN NaN NaN NaN NaN NaN NaN NaN NaN NaN NaN NaN NaN NaN NaN NaN NaN NaN NaN NaN NaN NaN NaN NaN NaN NaN NaN 
NaN NaN NaN NaN NaN NaN NaN NaN NaN NaN NaN NaN NaN NaN NaN NaN NaN NaN NaN NaN NaN NaN NaN NaN NaN NaN NaN NaN NaN NaN NaN NaN NaN NaN NaN NaN NaN NaN NaN NaN 
NaN NaN NaN NaN NaN NaN NaN NaN NaN NaN NaN NaN NaN NaN NaN NaN NaN NaN NaN NaN NaN NaN NaN NaN NaN NaN NaN NaN NaN NaN NaN NaN NaN NaN NaN NaN NaN NaN NaN NaN 
NaN NaN NaN NaN NaN NaN NaN NaN NaN NaN NaN NaN NaN NaN NaN NaN NaN NaN NaN NaN NaN NaN NaN NaN NaN NaN NaN NaN NaN NaN NaN NaN NaN NaN NaN NaN NaN NaN NaN NaN 
NaN NaN NaN NaN NaN NaN NaN NaN NaN NaN NaN NaN NaN NaN NaN NaN NaN NaN NaN NaN NaN NaN NaN NaN NaN NaN NaN NaN NaN NaN NaN NaN NaN NaN NaN NaN NaN NaN NaN NaN 
NaN NaN NaN NaN NaN NaN NaN NaN NaN NaN NaN NaN NaN NaN NaN NaN NaN NaN NaN NaN NaN NaN NaN NaN NaN NaN NaN NaN NaN NaN NaN NaN NaN NaN NaN NaN NaN NaN NaN NaN 
NaN NaN NaN NaN NaN NaN NaN NaN NaN NaN NaN NaN NaN NaN NaN NaN NaN NaN NaN NaN NaN NaN NaN NaN NaN NaN NaN NaN NaN NaN NaN NaN NaN NaN NaN NaN NaN NaN NaN NaN 
NaN NaN NaN NaN NaN NaN NaN NaN NaN NaN NaN NaN NaN NaN NaN NaN NaN NaN NaN NaN NaN NaN NaN NaN NaN NaN NaN NaN NaN NaN NaN NaN NaN NaN NaN NaN NaN NaN NaN NaN 
NaN NaN NaN NaN NaN NaN NaN NaN NaN NaN NaN NaN NaN NaN NaN NaN NaN NaN NaN NaN NaN NaN NaN NaN NaN NaN NaN NaN NaN NaN NaN NaN NaN NaN NaN NaN NaN NaN NaN NaN 
NaN NaN NaN NaN NaN NaN NaN NaN NaN NaN NaN NaN NaN NaN NaN NaN NaN NaN NaN NaN NaN NaN NaN NaN NaN NaN NaN NaN NaN NaN NaN NaN NaN NaN NaN NaN NaN NaN NaN NaN 
NaN NaN NaN NaN NaN NaN NaN NaN NaN NaN NaN NaN NaN NaN NaN NaN NaN NaN NaN NaN NaN NaN NaN NaN NaN NaN NaN NaN NaN NaN NaN NaN NaN NaN NaN NaN NaN NaN NaN NaN 
NaN NaN NaN NaN NaN NaN NaN NaN NaN NaN NaN NaN NaN NaN NaN NaN NaN NaN NaN NaN NaN NaN NaN NaN NaN NaN NaN NaN NaN NaN NaN NaN NaN NaN NaN NaN NaN NaN NaN NaN 
NaN NaN NaN NaN NaN NaN NaN NaN NaN NaN NaN NaN NaN NaN NaN NaN NaN NaN NaN NaN NaN NaN NaN NaN NaN NaN NaN NaN NaN NaN NaN NaN NaN NaN NaN NaN NaN NaN NaN NaN 
NaN NaN NaN NaN NaN NaN NaN NaN NaN NaN NaN NaN NaN NaN NaN NaN NaN NaN NaN NaN NaN NaN NaN NaN NaN NaN NaN NaN NaN NaN NaN NaN NaN NaN NaN NaN NaN NaN NaN NaN 
NaN NaN NaN NaN NaN NaN NaN NaN NaN NaN NaN NaN NaN NaN NaN NaN NaN NaN NaN NaN NaN NaN NaN NaN NaN NaN NaN NaN NaN NaN NaN NaN NaN NaN NaN NaN NaN NaN NaN NaN 
NaN NaN NaN NaN NaN NaN NaN NaN NaN NaN NaN NaN NaN NaN NaN NaN NaN NaN NaN NaN NaN NaN NaN NaN NaN NaN NaN NaN NaN NaN NaN NaN NaN NaN NaN NaN NaN NaN NaN NaN 
-90.215253 -90.321994 -90.500766 -90.805585 -91.226080 -91.830122 -92.594480 -93.623617 -95.090668 -97.027098 -99.771379 -104.185654 -112.850293 -114.503397 -106.011984 -102.459093 -100.872866 -100.668364 -101.830034 -104.832083 -110.547719 -110.676991 -105.197143 -102.767501 -103.050915 -106.581198 -111.359660 -105.913599 -102.426766 -103.224127 -110.220934 -108.975264 -102.281307 -102.040687 -105.880632 -105.140030 -102.246761 -102.528351 -104.977037 -112.135755 
-57.724101 -64.885019 -69.525725 -68.808917 -71.098698 -71.549067 -73.603753 -80.029951 -85.894112 -80.338047 -77.164628 -74.056837 -75.920621 -86.972116 -82.876848 -75.760819 -76.630685 -80.803916 -80.249168 -80.360983 -78.861293 -80.134720 -82.484145 -77.634084 -79.391025 -79.340432 -77.262035 -76.382466 -77.617508 -81.300895 -77.731454 -76.475070 -77.564415 -76.215283 -75.113414 -75.624448 -79.683113 -77.449290 -77.888384 -80.884560 
-53.846331 -73.865832 -78.669634 -68.546165 -69.383926 -71.695226 -76.170521 -81.619614 -73.487898 -77.171668 -75.813901 -72.506209 -69.031048 -71.132898 -73.563361 -71.785114 -71.118819 -75.410459 -77.434306 -72.035536 -72.030948 -74.468134 -75.504481 -71.397339 -75.573933 -72.307546 -72.468702 -70.415315 -72.758209 -74.606629 -72.240037 -71.221333 -75.161543 -71.676937 -74.267809 -74.940589 -76.226673 -73.001570 -74.177078 -75.399470 
-55.143481 -75.325125 -78.637946 -80.402867 -79.692157 -72.092801 -77.073952 -83.185598 -79.771129 -70.405185 -71.201467 -75.421902 -79.961633 -76.341159 -72.390643 -70.496762 -67.302827 -71.144821 -75.616399 -74.167053 -70.980823 -70.146742 -71.755863 -73.855305 -78.147679 -70.992841 -71.138009 -71.072531 -71.312804 -72.478973 -72.291921 -73.083880 -75.026835 -76.298762 -75.620056 -72.157650 -72.320969 -72.932327 -74.008031 -75.406135 
-46.339451 -50.544255 -51.971885 -54.698602 -56.158554 -63.600792 -62.041872 -64.605380 -63.979557 -65.953130 -65.707618 -66.732944 -65.498723 -67.418054 -67.936665 -69.413101 -69.191249 -70.717458 -73.645983 -74.406602 -71.672307 -73.210217 -68.879874 -75.282671 -73.385197 -72.236066 -71.725451 -70.503294 -69.867927 -71.508029 -72.824932 -75.188075 -71.300371 -72.501003 -71.508551 -72.707530 -73.634297 -73.262810 -71.733738 -72.434131 
-27.065025 -27.084888 -31.888349 -35.840318 -39.790493 -35.632044 -37.832042 -40.900054 -44.672621 -55.125000 -54.277729 -53.661574 -50.585545 -50.944740 -52.445011 -52.588423 -54.577888 -52.629802 -57.426678 -58.529985 -63.613072 -62.381961 -58.683376 -60.420943 -63.573211 -59.626655 -63.256211 -64.284180 -63.172113 -64.506832 -71.131055 -67.859040 -68.392052 -67.092290 -66.548616 -66.554885 -63.600797 -66.307908 -66.694895 -72.844224 
-19.337478 -23.453374 -40.927496 -35.562663 -35.217229 -31.173349 -36.497822 -38.294252 -44.762844 -43.468030 -45.720937 -45.336780 -47.986890 -49.978347 -48.090350 -43.014223 -47.659367 -51.990906 -56.715878 -57.022159 -62.823494 -62.835407 -56.242931 -56.384452 -54.381851 -60.286808 -59.564081 -63.975653 -64.426501 -60.896272 -67.892114 -60.555405 -59.014272 -62.406673 -70.506177 -75.225668 -68.698899 -60.134216 -62.777031 -70.169696 
-23.685619 -26.685711 -33.188204 -33.400818 -32.960279 -34.624486 -29.538847 -27.383781 -36.104963 -41.377564 -40.102091 -41.611774 -46.076939 -46.461746 -43.120171 -39.723051 -46.502483 -53.558328 -63.061488 -56.296622 -63.625503 -62.048227 -57.037236 -53.278371 -55.197718 -61.137437 -66.624322 -63.568916 -62.928035 -61.818624 -57.326368 -50.613271 -55.508178 -57.901655 -74.494395 -72.172941 -61.660736 -56.373711 -61.618977 -62.231912 
-26.038296 -28.915039 -36.425635 -38.457807 -32.546067 -24.036246 -23.890850 -30.668379 -31.410010 -37.896990 -42.300903 -44.980503 -47.807462 -44.646846 -45.132076 -36.953335 -40.308105 -51.135942 -53.136646 -50.137475 -51.816680 -57.451044 -49.607495 -44.910445 -48.556677 -61.231207 -59.999409 -56.039385 -55.895235 -60.767421 -59.883199 -52.474968 -51.774389 -50.824842 -70.204260 -57.611659 -50.202599 -48.098350 -51.740115 -54.148106 
-24.268327 -14.770433 -14.422841 -22.718910 -22.277623 -24.057165 -30.178548 -35.134488 -35.484809 -36.436592 -37.828444 -43.862567 -42.782685 -39.720095 -41.092454 -33.552503 -36.462168 -42.013663 -49.008925 -48.534928 -51.230980 -48.561350 -47.471080 -47.218191 -43.768148 -49.508653 -50.272579 -49.112685 -47.431535 -53.757277 -53.751333 -53.368323 -49.725937 -49.788418 -58.796331 -52.016902 -48.775954 -45.901580 -44.385573 -46.398601 
-9.513230 3.527650 9.092866 6.381150 -3.457605 -8.808999 -8.598953 -16.049845 -25.209834 -23.560113 -24.436178 -30.809364 -27.829666 -33.783471 -29.945679 -24.970945 -27.114915 -32.410621 -37.255427 -38.739228 -39.425243 -39.105155 -39.288289 -37.386046 -37.205435 -40.290878 -42.120057 -42.104144 -41.510927 -41.979712 -42.767670 -44.811416 -42.707315 -44.066068 -47.657337 -44.992959 -46.899273 -45.874992 -42.698717 -42.214935 
-0.255428 13.593016 15.491398 11.744127 14.716545 10.813042 8.751174 -1.409087 -9.939404 -18.243434 -16.513785 -22.029051 -17.911795 -20.603870 -20.744321 -11.947188 -10.322145 -24.606029 -32.722854 -32.890371 -34.097815 -33.870081 -33.995138 -24.576225 -25.592811 -33.517163 -33.124785 -31.873394 -28.761070 -34.988839 -38.904269 -41.104654 -37.591023 -37.119937 -43.789586 -42.765770 -44.115384 -44.065690 -44.010053 -43.439721 
0.428788 15.536295 15.513443 13.788497 16.813958 9.835809 11.466717 2.994918 -3.459507 -13.937053 -15.624140 -15.480327 -13.708714 -15.376818 -15.256744 -7.507892 -5.746277 -18.428901 -29.502893 -31.632443 -32.863736 -31.979131 -33.559891 -23.808445 -26.389058 -33.217566 -31.761474 -27.295655 -21.516757 -31.585584 -39.839317 -43.863047 -40.184555 -37.815778 -47.329523 -45.142626 -45.501812 -39.722252 -46.588885 -44.173146 
0.503420 16.675283 17.339218 15.256129 18.131980 13.100623 14.263296 3.828054 -2.301419 -13.888548 -13.085554 -12.726059 -11.189946 -13.969647 -12.926114 -6.494164 -5.923997 -14.961858 -29.513946 -29.982232 -30.951756 -28.658661 -30.831505 -22.350890 -20.959695 -29.072759 -29.881455 -26.967699 -22.223435 -31.946358 -38.264085 -39.668016 -37.655929 -38.301418 -41.447987 -40.448286 -39.747566 -33.279602 -41.473544 -37.625970 
1.136803 17.889232 18.937531 15.717847 19.756390 14.205669 15.512109 3.625657 0.197683 -14.114988 -11.628799 -9.848765 -10.737918 -13.749225 -13.982790 -7.389011 -5.875772 -14.751853 -23.046776 -24.872655 -25.496962 -26.007203 -23.947495 -16.359959 -14.251006 -22.786252 -27.259665 -25.915835 -26.578953 -30.283291 -35.596063 -34.704591 -34.572807 -35.022566 -39.337130 -37.631412 -36.542205 -32.952138 -35.682097 -37.557872 
2.440092 18.526743 20.713680 14.452494 21.006082 13.694718 17.268374 14.885950 5.279637 -2.584278 -2.781636 0.418611 -10.495304 -7.048498 -6.358013 -4.683625 0.601867 -5.165436 -10.408875 -14.998334 -17.644642 -20.007493 -18.187765 -12.258048 -13.688475 -17.175599 -19.675197 -16.981557 -13.826626 -22.166356 -29.341860 -29.417963 -26.076106 -23.568695 -29.292231 -27.264584 -25.896557 -27.783924 -27.165435 -32.961603 
0.838111 19.087716 21.603001 14.348094 20.106789 12.835820 15.995761 19.963221 23.617713 15.032322 6.605998 9.158123 2.742710 -0.533053 0.965388 2.428882 6.223667 2.786540 -5.505012 -9.801899 -12.426437 -14.886397 -12.651698 -2.617357 -2.180661 -10.765724 -12.286846 -10.147483 -5.504627 -13.328524 -27.900658 -26.663128 -25.268982 -21.863487 -26.762778 -29.485112 -27.534590 -21.226429 -25.211759 -33.732825 
2.641038 19.176700 21.643103 15.122403 20.354821 11.465137 12.324299 13.534428 26.583906 21.749228 19.297092 14.469948 7.302620 4.227106 5.230899 5.020289 8.389995 8.439628 -1.374687 -7.041275 -10.190140 -9.394963 -7.728584 0.906056 2.710009 -7.660996 -6.947731 -4.920585 -2.854285 -8.913075 -27.927187 -28.253175 -23.641438 -17.541843 -28.001490 -32.331341 -29.170897 -21.087121 -25.844715 -30.396767 
3.053803 18.641255 20.928408 14.072946 19.153960 9.995045 10.415152 10.314538 19.884278 21.139478 23.346325 12.938364 8.046548 6.976210 4.757746 6.710331 11.261081 12.372057 -1.768122 -7.580001 -6.274732 -7.206937 -5.243380 1.837597 2.407820 -6.712261 -5.522459 -4.036022 -2.570002 -11.136167 -32.796205 -33.208669 -25.603360 -19.814709 -29.171396 -35.297828 -31.051293 -16.716745 -20.022488 -30.815230 
-0.870514 16.831988 19.778144 13.091927 18.522242 10.492318 10.332887 9.912557 16.169826 20.400934 23.390812 19.282793 13.731443 10.592620 6.848322 9.109231 12.851866 14.524579 -0.232366 -4.330637 -7.313677 -8.903480 -4.258102 3.715171 2.316734 -7.177597 -7.034473 -5.929128 -5.455356 -16.108303 -33.396295 -32.362911 -27.493892 -25.161642 -32.228639 -35.795777 -34.087418 -20.750449 -24.830571 -31.552337 
-1.042563 15.851833 18.657005 11.682467 18.156419 9.496471 9.947352 7.972436 15.322889 17.776825 21.269254 22.758517 17.057880 11.716734 3.168801 9.477745 11.083256 14.226252 0.752068 -2.440452 -7.147503 -4.569478 -5.067330 3.730470 1.863048 -6.063096 -3.809577 -3.191064 -6.327649 -19.229782 -30.216595 -25.819374 -24.101277 -25.779624 -33.604399 -34.148189 -38.753940 -25.636929 -26.066240 -33.304137 
-3.510969 14.381349 17.947193 11.157042 17.190192 9.451618 9.099492 6.820802 14.233210 16.152584 20.387364 23.683034 18.903790 12.920082 4.096578 10.581964 9.499540 14.047636 2.656135 -1.599422 -3.630894 -4.409632 -1.833472 6.177985 2.150227 -7.087330 -5.940135 -3.352387 -6.875062 -19.955190 -25.260932 -24.114455 -24.410686 -26.688492 -27.208254 -28.074128 -28.864756 -23.955313 -24.937688 -29.040104 
-4.205528 12.613585 16.316912 8.299054 15.506449 8.572163 6.625234 4.352793 12.861247 13.692789 17.906706 24.227637 19.353713 13.486562 2.316774 11.208887 12.313955 13.475699 5.742375 -1.960657 -5.670180 -4.223919 0.280428 4.319844 0.240407 -6.369216 -4.950989 -3.686354 -4.635859 -17.451580 -27.956602 -23.439082 -21.490687 -27.759201 -29.118304 -30.912379 -33.784691 -25.892992 -27.555559 -30.925682 
-4.611746 11.783118 16.588301 7.396685 14.870951 9.057055 5.595572 2.755114 12.909959 12.568838 17.329116 23.696753 18.642405 12.789431 2.380606 12.365205 10.823457 13.819374 7.036510 -1.732483 -4.695354 -8.931639 -3.746193 6.294590 -2.214335 -6.559883 -7.859213 -5.456359 -6.826427 -17.240350 -32.170662 -23.507264 -21.575096 -22.958123 -29.183450 -36.195829 -40.689530 -27.385743 -27.113665 -33.245589 
-6.480622 11.595778 16.419923 7.889742 14.892469 9.789119 4.655988 2.802123 13.702143 12.693010 17.320540 20.838521 18.414002 13.058978 7.442593 9.697801 12.569784 13.203989 5.823819 -1.186819 -4.938591 -11.128718 -2.615529 4.294870 -2.850522 -11.121382 -8.950669 -6.063863 -7.481760 -17.583970 -28.704534 -24.762158 -22.411146 -26.712905 -30.526470 -32.436254 -33.238220 -25.825438 -26.501371 -31.812874 
-5.794661 11.571864 16.677845 7.409691 14.219466 9.731426 3.194735 1.173441 14.868047 15.344787 15.621894 16.986493 14.057709 6.688477 6.749657 6.682034 11.939999 6.631159 1.606111 -3.510327 -7.527828 -9.287648 -2.030155 1.098616 -9.565172 -14.679515 -14.319766 -12.084202 -14.477097 -20.537756 -31.985259 -27.874326 -27.553788 -30.317651 -35.923597 -41.621628 -40.561751 -30.863930 -26.918029 -36.424060 
-1.987807 12.291433 16.136978 10.045208 12.695782 9.751886 1.191317 6.893258 13.733166 14.983329 12.892762 2.221057 4.743776 -0.211318 4.704336 6.684918 9.942027 5.646076 -1.604528 -8.072117 -11.640902 -12.896760 -6.146089 -4.282117 -15.405874 -24.222315 -19.531555 -14.530508 -17.975458 -30.579931 -33.296042 -33.056452 -33.351571 -34.360871 -41.032461 -43.360250 -40.968098 -32.537122 -35.597356 -43.656702 
0.358386 10.831187 9.819473 0.450344 -3.291669 -0.008883 -7.261791 -8.107512 -0.407894 2.278665 3.884731 -5.636983 -5.549206 -17.236049 -10.929842 -8.958502 -8.231111 -7.359929 -20.740088 -22.348357 -26.492897 -23.188244 -18.650883 -17.059721 -24.000224 -27.771598 -24.629797 -26.144784 -32.028290 -37.454366 -37.190303 -36.291941 -38.609202 -42.103336 -44.441753 -46.014828 -45.136555 -37.892512 -40.491739 -47.975433 
-4.671786 5.211800 7.224401 -2.176008 -11.235365 -18.936243 -20.417543 -16.140190 -5.759643 -5.229048 -2.017143 -10.703207 -15.293279 -21.050184 -19.278369 -17.026558 -13.259237 -16.018309 -24.076224 -29.812532 -30.842338 -28.172040 -22.890006 -22.303614 -31.489650 -38.189149 -33.423781 -33.663807 -35.237140 -44.264505 -43.354795 -48.250291 -48.798533 -53.986537 -56.561761 -55.293533 -51.392809 -47.450668 -48.797259 -51.503392 
-5.421887 -1.938972 -3.508872 -11.396602 -22.734182 -23.582084 -21.928221 -16.056154 -8.776199 -13.617947 -14.981609 -15.745758 -20.171506 -30.499694 -27.249713 -22.791261 -21.302335 -19.433171 -25.250410 -32.935552 -39.450851 -43.067084 -32.954584 -34.874157 -42.757261 -44.392013 -41.209920 -39.394668 -45.021735 -51.144204 -47.761433 -46.746352 -51.174921 -52.652194 -49.424507 -49.351347 -46.057585 -45.094917 -45.110583 -46.030494 
-19.038981 -20.615034 -17.693188 -20.620813 -17.734800 -21.260326 -27.504375 -21.497595 -15.716233 -19.418595 -15.882083 -16.360866 -29.893287 -31.305591 -28.493528 -20.920633 -21.922319 -23.517077 -25.122107 -30.454296 -40.377522 -48.507302 -37.819367 -32.592668 -38.575948 -41.595713 -40.724173 -36.156666 -45.360165 -45.803175 -44.712912 -43.622640 -45.480715 -45.097539 -43.983512 -41.358547 -41.248124 -41.990704 -40.946576 -42.509684 
-11.870997 -15.145108 -10.923430 -12.796085 -12.939476 -13.742691 -22.780900 -24.028108 -13.071005 -19.332723 -19.020661 -19.815902 -18.900017 -27.028241 -30.289252 -20.930616 -20.749724 -20.952106 -28.362207 -27.089666 -38.450103 -44.147967 -46.829799 -29.868170 -34.726869 -35.782665 -38.013646 -31.398075 -40.041178 -36.298885 -33.803822 -34.719826 -38.025937 -34.988887 -33.448801 -30.075944 -29.799378 -32.558463 -32.927318 -34.271388 
-3.415196 -2.076376 -5.469846 -10.007605 -13.851375 -15.765793 -21.140567 -24.060094 -18.602858 -21.930730 -27.412845 -24.112627 -19.529334 -25.885141 -31.764852 -27.643116 -31.290701 -27.846622 -28.119510 -31.801790 -36.818113 -38.728783 -40.566560 -31.419595 -34.369816 -40.402140 -38.737492 -35.462729 -39.062903 -43.544959 -41.868215 -40.370795 -41.156084 -40.337852 -40.317206 -37.921204 -37.231274 -38.571150 -39.664516 -44.804101 
-7.801214 -11.205693 -22.364034 -26.641578 -32.990103 -41.309378 -33.481913 -37.133623 -30.914396 -23.736217 -29.710130 -30.595794 -27.945743 -33.469066 -37.166896 -37.618342 -31.864897 -33.241903 -34.927862 -39.294616 -39.992774 -39.000235 -42.464879 -42.198569 -40.545330 -43.570328 -43.542278 -46.128094 -48.872599 -50.913874 -48.209875 -49.119082 -52.934428 -48.785599 -49.725748 -51.372051 -50.650151 -49.504754 -51.954224 -54.790110 
-14.449101 -23.188258 -32.826197 -37.792472 -42.506143 -50.211863 -47.632877 -41.722509 -31.950638 -30.536116 -33.601436 -31.143069 -32.863247 -38.301716 -37.936974 -35.435407 -31.050994 -38.170335 -42.695627 -44.000270 -45.286947 -49.323376 -50.800753 -44.690265 -48.494580 -57.375596 -51.483787 -51.709936 -51.402693 -54.452203 -58.348521 -54.468950 -53.213810 -56.651329 -54.964983 -52.573078 -51.170922 -53.706681 -56.956853 -63.946668 
-19.201440 -23.446529 -31.562671 -43.374624 -48.839660 -53.773941 -50.071991 -43.367826 -36.155536 -34.146729 -36.758596 -37.931610 -34.908337 -41.819739 -41.309996 -36.471306 -34.007108 -39.866024 -45.190481 -48.663036 -52.817932 -54.842810 -53.223376 -50.397380 -54.347429 -60.402298 -59.285515 -55.167593 -57.893411 -62.685543 -65.304461 -58.786610 -56.705580 -60.580685 -60.368897 -57.702044 -56.599122 -59.718682 -62.106555 -65.687596 
-22.431467 -38.766554 -38.536765 -37.316919 -41.438715 -50.537023 -53.148976 -45.230496 -45.182647 -43.771892 -38.536329 -38.742644 -40.834675 -43.052664 -41.605944 -34.278529 -39.518191 -45.713127 -53.845822 -56.523485 -54.611020 -55.664238 -56.512021 -51.580502 -52.874229 -55.965440 -55.832920 -58.978300 -57.305259 -56.299986 -50.666040 -49.925956 -48.775859 -52.266494 -58.077511 -61.502221 -58.577569 -60.931526 -64.854432 -65.400367 
-17.099307 -20.779979 -21.691232 -21.943533 -22.972872 -22.519713 -22.886268 -19.894058 -20.844578 -23.053047 -24.213638 -26.682519 -31.432965 -26.031980 -22.818539 -22.917211 -23.387411 -27.048496 -29.504363 -25.238003 -26.965853 -31.330183 -27.869081 -24.982164 -26.373510 -22.072693 -19.153713 -20.263829 -18.095085 -21.352360 -23.773998 -24.121225 -27.299862 -30.588355 -34.647892 -39.818865 -35.075700 -32.691398 -35.788503 -40.859340 
-2.081634 -1.883930 -7.131990 -4.033641 -0.292005 2.360432 0.640905 -7.365307 -2.990116 -7.621870 -11.101449 -7.340310 -8.840987 -11.658782 -5.468179 -9.074897 -8.535695 -14.782543 -16.916501 -6.672343 -14.344521 -18.946992 -13.134362 -11.835245 -13.298054 -8.784420 -5.284660 -7.222988 -3.519328 -7.967868 -9.770836 -5.597015 -9.828503 -12.434354 -11.334380 -13.451155 -12.321403 -12.503869 -16.594550 -15.941281 
6.450855 5.394349 -3.275996 -11.068637 -7.258269 -0.774126 -2.148561 -3.077698 -5.801632 -11.660044 -18.738190 -10.542602 -10.295757 -10.281540 -12.288828 -14.251314 -14.288822 -19.895196 -15.586082 -5.901364 -13.612112 -17.337702 -14.750874 -9.854922 -12.554985 -13.796743 -9.415695 -7.397522 -5.627154 -11.231792 -8.212964 -1.552595 -5.028333 -10.103270 -9.093047 -9.845394 -8.171179 -10.607852 -15.494179 -14.145328 
4.463993 -0.212817 -1.747308 -5.551080 -8.208844 -8.823211 -5.510778 -12.597280 -13.714012 -6.767442 -14.519916 -16.110515 -18.244893 -17.528879 -15.803104 -18.345490 -19.671050 -15.847098 -10.431950 -15.615573 -18.312649 -19.373562 -19.595750 -5.520364 -13.666041 -24.525310 -21.488462 -18.432390 -8.710802 -15.023442 -19.769872 -12.636907 -13.723949 -16.849803 -16.624513 -18.088547 -14.731550 -15.462510 -18.941192 -21.965254 
1.655073 13.342888 16.700950 12.457469 3.073658 7.407447 3.790143 8.024272 5.516357 6.750713 0.314233 -7.054406 -9.514917 -8.591804 -7.924573 -11.201753 -7.691358 -3.256252 -6.864843 -14.827573 -15.737620 -23.128544 -17.918171 -13.419889 -22.612039 -25.366582 -23.294990 -23.647067 -14.954938 -22.353048 -28.994781 -22.647589 -23.415724 -22.846573 -24.259836 -26.884108 -24.437991 -20.968691 -26.015799 -29.110199 
0.324690 16.112208 18.192164 11.036718 14.429981 7.785314 8.495516 9.793456 16.275460 11.691386 8.844482 6.315781 -1.796944 -4.956973 -1.603151 -4.064330 0.023984 1.233656 -4.373938 -8.421238 -14.521824 -17.750129 -12.611364 -9.386288 -17.322198 -24.111142 -21.352054 -18.976508 -12.592024 -22.148731 -31.949573 -26.668990 -29.677259 -31.577850 -31.381198 -33.551016 -29.742457 -23.669633 -28.191216 -34.154204 
-0.450188 15.346461 15.876619 12.147365 13.999575 3.787271 4.300734 11.511003 13.577796 16.851624 10.965882 4.174412 3.137704 -0.384651 -1.000625 -0.756467 1.080362 -1.847183 -9.224727 -14.507759 -15.667778 -21.056538 -20.762873 -17.714838 -22.088740 -22.159821 -17.847044 -17.707581 -13.993053 -21.498411 -30.927721 -31.396986 -32.826512 -34.901825 -36.958431 -36.468052 -35.057220 -28.278569 -30.651055 -36.410623 
1.568429 14.510744 13.477575 12.126665 11.600487 3.172304 3.372328 9.952363 12.000532 19.131757 16.964054 13.409832 4.220300 -0.080281 1.438338 5.246111 3.877757 3.414587 -1.363597 -12.078910 -12.844702 -13.780912 -10.752752 -9.973676 -18.223302 -17.526942 -16.478377 -11.058897 -10.684251 -21.825145 -31.537760 -28.588908 -30.718188 -30.456530 -34.341924 -35.981437 -32.764060 -25.948803 -27.137083 -34.497565 
-0.271250 12.752199 11.348911 11.368575 9.380763 2.428408 2.477360 6.760660 10.146799 14.630318 19.305439 12.048135 0.211453 3.762570 2.124428 6.260418 5.576635 2.009079 -3.171876 -16.486268 -12.177103 -10.986769 -4.951099 -5.887303 -14.855441 -16.336385 -14.118229 -8.363747 -9.487142 -20.415182 -31.775111 -30.063743 -27.467754 -24.378128 -29.408596 -34.466459 -32.381060 -27.881937 -22.695509 -32.064978 
-1.206929 11.495944 9.959063 10.507515 7.333497 -0.221216 0.443144 5.259902 6.379150 9.105570 14.336601 14.889623 4.861489 4.358924 1.331165 8.714569 10.066879 0.949527 -6.265696 -12.406741 -12.971952 -14.406210 -7.194359 -4.313342 -13.576908 -14.863198 -11.521090 -5.507704 -9.847788 -26.043370 -32.486393 -29.511311 -27.841869 -31.266871 -33.415663 -35.651738 -33.632274 -28.801119 -28.688713 -35.247797 
-0.920757 10.145913 8.083978 8.891899 4.333203 -1.774156 0.151846 1.913392 1.751197 9.671129 15.241933 17.091318 4.553230 7.216443 3.920488 9.382833 9.755701 -3.156179 -8.983844 -13.474812 -11.807352 -15.228007 -7.393875 -4.688542 -13.318059 -14.289691 -9.793949 -5.297962 -9.579151 -26.265294 -36.870628 -35.666929 -35.201456 -35.393916 -39.570595 -44.061431 -42.197766 -35.951540 -33.484442 -44.268841 
-1.870941 8.983147 6.905107 8.299791 3.374360 -1.390081 -0.532482 -1.340270 1.056074 9.725803 16.628374 16.557730 9.236430 8.354453 6.264024 9.792308 7.122722 -0.638479 -11.582410 -13.599234 -14.024765 -13.465391 -9.051597 -2.937980 -7.648184 -13.208868 -6.377897 -4.721505 -6.914022 -26.676289 -46.245297 -37.003437 -34.395518 -33.880131 -40.327090 -59.385505 -43.247084 -36.192786 -36.569113 -50.944235 
-1.781686 8.384025 6.412332 7.205863 1.230555 -4.313221 -2.676400 -0.308800 4.275825 9.409591 16.231225 13.190054 10.984847 6.492353 5.482935 10.617588 7.384844 -1.276564 -9.892629 -13.497791 -16.414793 -12.858623 -7.579017 -1.028687 -7.100442 -13.105254 -10.130141 -5.577618 -7.232420 -26.559125 -42.524610 -35.061225 -35.155421 -32.564335 -38.497865 -50.929162 -49.505091 -39.298902 -37.929108 -48.076283 
-1.041689 7.793046 6.229478 6.956687 -0.914949 -4.719703 -1.684634 -0.715301 0.098269 7.233222 14.007528 14.135873 10.982838 3.636433 4.432752 10.695482 6.331309 -4.858640 -8.621389 -11.683960 -18.370734 -15.629124 -11.185034 -2.272318 -6.348998 -13.457691 -10.827032 -3.497600 -7.572579 -25.867209 -38.720842 -33.231369 -35.614113 -37.405478 -39.820788 -46.787358 -47.077482 -40.001789 -38.476535 -46.820493 
-0.883864 6.850389 5.384756 6.088141 -1.886021 -6.745351 -2.861326 -2.078476 0.965071 6.457027 11.490514 14.399451 6.641752 1.413082 5.292031 8.139644 2.549357 -10.201449 -14.865345 -20.693611 -20.430950 -18.886660 -14.862959 -5.961765 -10.625863 -14.521661 -14.459402 -7.470774 -9.194502 -21.390277 -36.063706 -32.804181 -35.403467 -36.114157 -39.115681 -47.701830 -47.974747 -42.126429 -38.824032 -47.709163 
-1.779103 6.028584 4.693441 3.842558 -6.205248 -7.358455 -2.705513 -2.876781 0.537751 5.412016 9.186626 10.291033 1.570349 2.680985 7.013341 6.051069 -1.979218 -10.186727 -17.331559 -21.528436 -23.322818 -23.607765 -18.992432 -8.880119 -14.410895 -18.822249 -13.729066 -12.133926 -13.841322 -22.639819 -29.683391 -30.080414 -36.167567 -39.119559 -42.144087 -51.886394 -51.922623 -46.698606 -45.727042 -50.343629 
-2.582863 5.065112 3.446267 2.954078 -5.750375 -6.201013 -2.554670 -4.690918 -0.638001 4.641234 7.152908 6.524726 -3.209404 0.703598 1.881634 4.607622 -8.507674 -15.637535 -20.006276 -23.062916 -29.206547 -27.161946 -25.056755 -14.614402 -17.935051 -23.993119 -22.670918 -18.274230 -20.959166 -29.090664 -32.845169 -33.303507 -32.947635 -36.120088 -42.160018 -50.733233 -50.983175 -47.851035 -45.778746 -49.482408 
-2.797603 4.081065 2.762685 1.628609 -12.383765 -7.287376 -4.590011 -7.322977 -1.641504 0.676375 3.990139 -0.164879 -4.932008 -4.732663 0.612552 -0.212105 -13.354972 -18.995459 -24.554473 -29.287035 -29.273632 -26.883700 -23.669828 -16.389278 -22.719587 -30.898538 -28.696958 -22.136858 -23.913407 -34.593409 -36.772283 -30.629232 -32.541314 -40.754980 -49.247776 -55.283206 -55.757517 -51.681341 -50.506950 -54.893891 
-1.886174 3.124048 0.901415 0.088557 -12.943388 -7.174097 -8.774630 -10.905624 -4.797184 -2.291200 -0.164563 -7.877853 -9.479889 -10.371088 -2.211713 -5.066355 -19.660765 -25.123528 -32.635770 -34.986422 -31.318642 -30.222745 -25.809610 -18.581897 -25.306371 -32.442873 -34.061123 -27.380308 -30.201240 -38.850455 -41.313526 -35.403388 -36.061580 -43.213066 -48.782687 -52.225665 -52.406441 -51.052765 -50.441396 -51.539422 
-6.028457 2.897038 0.243359 -0.558805 -9.806300 -13.699650 -10.489802 -11.382044 -9.570880 -7.419380 -7.838847 -13.518693 -16.566897 -17.629202 -12.127837 -15.263001 -26.309697 -30.665689 -34.197797 -36.148175 -32.923357 -33.947969 -27.043033 -25.223751 -30.885254 -38.098770 -39.223939 -34.042689 -35.906175 -46.072493 -50.471602 -43.835756 -44.064820 -50.789853 -56.771666 -62.512322 -63.990991 -58.807979 -57.355506 -58.073748 
-6.725037 -1.420681 -1.001591 -3.790012 -11.419627 -13.060819 -14.881299 -15.963675 -20.473695 -19.946887 -23.821367 -22.973563 -30.030726 -31.157692 -24.293797 -25.586219 -35.204411 -34.400771 -38.468856 -40.223615 -38.540533 -39.096214 -33.365474 -35.438276 -42.538628 -43.059648 -48.486047 -45.049899 -46.669918 -51.178905 -51.543484 -46.421397 -53.817794 -58.108175 -59.324032 -59.371193 -58.939690 -56.155972 -59.098200 -59.992370 
-15.846473 -20.295219 -16.694051 -18.231497 -21.904410 -32.614254 -32.232161 -27.934926 -25.492437 -26.379298 -25.480774 -27.273613 -31.991815 -34.660343 -33.539801 -38.211534 -40.975032 -47.815556 -51.196650 -52.615709 -51.758616 -49.350621 -42.226373 -42.966520 -51.134717 -49.339119 -53.019392 -54.931353 -53.655712 -61.260253 -64.816668 -58.247947 -57.567049 -62.971311 -62.679697 -61.874593 -62.389930 -61.560698 -62.560363 -61.957511 
-21.771029 -17.194768 -21.843038 -32.722877 -41.550864 -37.639178 -37.184133 -41.088357 -30.977864 -31.292141 -37.039065 -38.568056 -35.704761 -41.564997 -38.062858 -38.759561 -40.961009 -53.215790 -55.864725 -57.724832 -58.294423 -55.676011 -55.298293 -57.074231 -58.326141 -58.048543 -57.842465 -59.828528 -58.933893 -64.952430 -65.872054 -65.621928 -64.895910 -69.064658 -69.789592 -66.353741 -63.396521 -66.293144 -66.155010 -66.388349 
-31.604614 -32.027025 -29.840418 -32.720589 -45.194153 -48.582290 -42.982723 -47.395318 -37.175617 -34.733421 -31.684222 -31.671881 -43.476335 -41.731000 -41.670938 -45.568930 -44.706952 -53.041131 -57.446116 -57.695962 -63.744397 -64.033361 -60.706653 -53.763265 -62.688231 -62.652586 -63.712294 -63.629102 -65.801495 -65.778172 -66.499726 -65.759631 -66.600567 -69.591842 -68.120659 -68.663227 -66.655808 -69.375678 -69.107762 -70.017089 
-20.334507 -28.190425 -39.301907 -37.264027 -42.958239 -46.087806 -49.839803 -51.820971 -44.789883 -34.716749 -33.684061 -38.409302 -47.974471 -48.354781 -50.488550 -47.263783 -48.472928 -56.055988 -61.484756 -58.643900 -64.800792 -68.390666 -60.322972 -53.892376 -61.761715 -62.857827 -66.439828 -64.771641 -65.619474 -65.116792 -66.366002 -67.775958 -67.336111 -68.099745 -67.567907 -67.063228 -66.536792 -70.748058 -69.867392 -70.710882 
-19.792385 -25.195404 -38.425520 -51.393712 -51.404670 -52.926508 -53.796984 -54.845170 -49.348747 -47.592100 -44.486443 -47.579572 -48.797542 -53.160090 -50.264043 -51.823102 -51.232520 -57.042970 -63.246923 -61.423462 -64.649325 -71.699141 -64.427766 -60.835015 -67.591265 -63.306817 -66.806728 -66.061059 -65.729334 -64.079109 -68.180757 -67.993082 -63.112188 -66.454463 -66.351247 -68.703058 -70.359437 -69.707887 -68.291408 -72.271554 
-21.503495 -23.770418 -37.895127 -46.580377 -55.578018 -50.160499 -50.035092 -53.824732 -51.273819 -57.061242 -55.023314 -55.831425 -52.105544 -55.566578 -55.900029 -53.028404 -56.204122 -59.793450 -63.073665 -62.690273 -65.123502 -68.109870 -63.360116 -62.773533 -63.847028 -66.842126 -68.739426 -66.185443 -66.791214 -61.096763 -64.590360 -66.723532 -66.657333 -66.592826 -65.499892 -66.649408 -67.233485 -70.676288 -67.080181 -69.913665 
-19.412472 -20.272096 -34.827967 -48.041894 -48.373170 -55.088518 -53.539635 -48.337253 -48.596138 -53.546978 -58.934596 -59.495050 -61.049379 -61.285951 -56.565836 -53.886049 -58.926125 -59.589305 -59.377362 -63.244077 -65.486087 -64.676964 -58.287829 -62.415195 -62.991266 -67.296495 -65.868968 -63.455503 -63.911033 -65.492611 -63.561597 -69.939737 -68.782952 -67.475940 -63.808822 -66.148335 -66.277367 -68.742384 -68.392479 -67.823949 
-17.253296 -20.948619 -36.291863 -49.924351 -53.683906 -53.126684 -51.045215 -51.000925 -54.529304 -58.736213 -61.259439 -62.421807 -57.369794 -62.808881 -62.492251 -58.526401 -56.534697 -57.942499 -61.007570 -62.114746 -63.125605 -64.833094 -59.424011 -63.446263 -66.275766 -62.251760 -63.997166 -67.715339 -64.821578 -67.159081 -64.711286 -70.165735 -67.300725 -65.804523 -64.095288 -68.098554 -64.792435 -69.204124 -66.803762 -70.423881 
-23.131154 -24.274899 -35.354235 -43.417130 -49.702671 -47.880217 -52.149266 -50.187672 -48.789911 -55.949090 -59.323579 -63.031886 -58.658267 -55.799564 -60.615436 -58.743298 -56.379221 -55.947726 -59.080727 -63.364050 -66.567626 -66.198114 -64.512027 -67.642506 -67.878861 -68.817520 -73.661583 -69.547399 -70.255722 -68.799458 -65.268896 -68.591615 -68.954757 -68.007033 -65.797285 -66.719896 -63.057918 -68.425003 -68.433893 -66.838393 
-7.229809 -5.978976 -9.133168 -16.009409 -16.846657 -14.991636 -13.972364 -15.611270 -19.342316 -24.871350 -25.276437 -24.398345 -28.797632 -26.228123 -28.201223 -36.993328 -37.556291 -29.907859 -30.596013 -34.090395 -36.778649 -37.714305 -35.711081 -34.053466 -33.880583 -33.488377 -39.619953 -35.807247 -38.456604 -44.734237 -43.082561 -38.652992 -37.203783 -33.821238 -36.750206 -33.375580 -37.372541 -36.978498 -38.903133 -44.740507 
5.877059 5.323635 -3.638354 -17.831204 -16.197998 -10.868451 -10.297877 -9.606971 -16.802231 -27.098364 -24.301925 -16.749200 -22.012534 -20.311835 -22.082808 -24.989322 -21.397553 -27.267055 -29.001828 -32.223913 -34.649621 -30.894241 -25.157303 -26.308396 -32.756788 -31.868805 -31.069693 -26.781077 -34.170397 -39.821006 -38.195509 -34.983013 -32.655183 -33.721152 -32.990191 -32.796418 -31.788594 -31.256876 -34.882462 -39.313545 
7.391862 1.327797 -18.115033 -23.302375 -24.622774 -20.207583 -15.855804 -14.248243 -17.001487 -19.367628 -23.662334 -14.916640 -14.125533 -19.006166 -26.153628 -24.542882 -21.667090 -30.433624 -35.251781 -33.066508 -32.371138 -33.607657 -29.373412 -30.276204 -39.014222 -40.908062 -31.847706 -26.813322 -34.805346 -41.686826 -39.529652 -34.177199 -33.296761 -34.103813 -35.827625 -36.836448 -32.722154 -34.142241 -42.308238 -43.288341 
1.932651 -5.250454 -16.578103 -21.751127 -19.448887 -23.919516 -24.389389 -18.359139 -23.622962 -25.144328 -14.988796 -19.220133 -18.773888 -19.622765 -22.713133 -18.812731 -22.524647 -23.859006 -30.861602 -32.103171 -30.110273 -31.938026 -35.856389 -34.988059 -34.388957 -36.213481 -32.761799 -26.341205 -29.781483 -39.061497 -38.905296 -34.801220 -34.550463 -36.490868 -37.778757 -38.637145 -34.823686 -35.447294 -44.332980 -44.476769 
-7.478802 -19.685217 -18.809234 -18.640129 -21.224589 -22.981751 -18.537375 -14.512677 -24.616435 -28.783261 -20.833928 -17.469769 -21.103972 -25.749964 -22.550634 -23.073778 -20.505492 -26.599881 -33.782254 -32.853456 -33.249811 -30.292919 -32.508899 -36.872875 -35.850910 -39.857855 -35.780264 -29.988029 -32.250972 -39.025714 -35.861488 -34.410690 -36.000833 -39.256285 -41.071310 -40.519098 -40.881332 -41.077701 -44.449858 -48.587418 
-18.711899 -20.266209 -24.033892 -27.316069 -31.465689 -29.504697 -22.486853 -18.675368 -24.554525 -25.950507 -27.854734 -23.721171 -22.374815 -30.342498 -38.064910 -30.513520 -21.827362 -26.175662 -27.941951 -29.531240 -29.836008 -32.967394 -34.486432 -33.732661 -36.856056 -39.393284 -39.633034 -29.816910 -34.416644 -39.206572 -41.003839 -39.992154 -40.648706 -41.777502 -42.504725 -43.319268 -43.612389 -42.574210 -48.633691 -52.450621 
-12.877787 -16.989039 -25.794295 -22.879375 -27.556450 -32.422562 -32.330856 -30.889749 -25.937493 -33.440689 -34.139949 -27.181017 -28.569624 -33.080540 -33.047504 -31.261369 -30.177124 -28.108513 -36.077393 -35.086071 -38.453191 -34.839475 -36.970641 -35.884537 -39.013577 -42.893428 -39.948584 -36.004029 -37.140064 -46.539418 -46.423835 -46.184801 -41.952521 -46.804533 -48.416849 -50.981894 -48.684712 -48.488224 -52.034555 -55.459465 
-18.921735 -22.247781 -17.784022 -14.751189 -18.700284 -22.922894 -23.433772 -22.290101 -24.609641 -33.480348 -36.828545 -28.255946 -27.563526 -35.412159 -36.478025 -28.806474 -27.513192 -29.859567 -32.447955 -29.798861 -36.148001 -38.214624 -41.640020 -38.548733 -43.931340 -47.634903 -48.702938 -36.756880 -39.283098 -46.037995 -41.734105 -36.975220 -40.492230 -44.283126 -43.881830 -41.616492 -38.915296 -40.588438 -46.085913 -51.407791 
-24.570950 -22.477660 -21.861490 -20.287060 -26.842849 -28.912794 -31.627145 -26.718653 -31.118158 -33.644221 -39.924310 -38.365430 -34.452564 -34.635440 -40.201079 -28.586956 -28.982904 -38.386709 -40.779305 -40.744677 -45.164784 -43.754683 -42.692650 -41.622733 -54.139279 -55.446490 -50.902035 -44.187730 -45.950324 -50.841038 -49.840232 -44.505099 -48.671882 -52.892531 -52.938367 -51.441141 -47.647822 -49.785707 -54.798811 -59.326005 
-27.536833 -26.951056 -26.689867 -28.306396 -32.564881 -31.066272 -39.276671 -34.357659 -34.990403 -46.814799 -40.714957 -36.004206 -33.326520 -37.148668 -36.898710 -34.142907 -39.517761 -42.702198 -41.924530 -43.053293 -53.640571 -52.398777 -52.273406 -48.808652 -53.963580 -64.795695 -55.470938 -45.772363 -50.159174 -58.461856 -59.627629 -61.882984 -58.643258 -59.880223 -64.731318 -63.578546 -60.651077 -62.788531 -64.341249 -65.866772 
-24.388030 -23.724361 -25.663154 -33.226007 -40.840084 -37.824924 -45.364171 -48.492591 -44.173637 -43.503010 -52.816810 -43.819932 -39.420485 -48.792883 -47.616512 -44.257051 -48.626000 -45.125917 -49.523275 -54.298335 -55.634762 -55.706921 -53.554216 -53.866715 -55.712081 -63.593094 -61.646512 -53.276209 -55.090763 -61.619289 -64.224884 -61.958831 -66.695535 -64.994608 -66.609147 -64.995700 -63.413473 -65.366398 -64.227894 -68.225776 
-27.048405 -22.127282 -24.073020 -33.373530 -42.738991 -42.828746 -46.428249 -46.137727 -43.869590 -46.051479 -52.960996 -45.494151 -40.447806 -45.690338 -45.250456 -51.781435 -50.425778 -46.531739 -52.285631 -53.438387 -59.250604 -58.606065 -57.321839 -57.545630 -59.810831 -64.755457 -66.588172 -62.154478 -59.529840 -65.290395 -67.012524 -63.897494 -65.040008 -69.008657 -66.535221 -66.181365 -66.822320 -66.579644 -65.622257 -69.477971 
-20.765641 -22.369069 -31.520435 -38.760370 -47.967195 -52.082924 -57.072908 -45.298464 -47.154709 -48.787400 -56.882136 -51.461022 -43.344494 -50.908326 -55.299594 -56.672919 -51.869078 -56.243202 -60.869889 -56.830379 -57.496288 -56.464725 -58.446126 -58.175637 -60.217718 -58.693424 -60.325042 -63.836141 -64.707834 -63.906687 -64.221071 -67.494803 -64.496385 -65.656049 -63.411855 -66.360753 -66.616168 -66.812570 -65.158548 -67.333067 
-33.081820 -36.220155 -40.186565 -46.920395 -52.371336 -59.340132 -62.386928 -57.808554 -58.319120 -60.856955 -63.694129 -63.449925 -65.929929 -63.030838 -62.553021 -69.689723 -63.944811 -67.562625 -70.094597 -67.032867 -65.844566 -66.124356 -67.743502 -68.433919 -71.657451 -66.617809 -69.033434 -70.195939 -70.772716 -71.850713 -72.425195 -73.075370 -71.298087 -72.367177 -71.321534 -71.559615 -70.643990 -71.160033 -71.437882 -72.140664 
-58.264229 -72.664138 -80.648096 -72.845252 -71.332555 -77.159898 -70.027611 -67.744286 -69.493201 -71.751775 -73.728686 -79.737882 -76.480336 -71.138099 -71.852651 -77.492819 -70.249792 -69.084734 -73.205288 -75.928892 -77.318688 -73.096765 -71.108568 -70.830117 -75.140123 -69.358045 -70.693514 -70.232227 -67.995767 -73.027801 -73.697731 -73.404610 -76.187670 -75.390743 -73.501065 -73.391804 -72.606963 -71.862166 -73.399808 -73.890872 
-53.517354 -61.674824 -65.782860 -74.906095 -73.352185 -72.319146 -73.068603 -75.566693 -70.261527 -77.703959 -72.386526 -69.091351 -72.626992 -75.155513 -75.284691 -76.684413 -73.384253 -74.181854 -71.595243 -73.744381 -74.161665 -75.347714 -72.349541 -73.519842 -77.404923 -73.823305 -72.009752 -71.492384 -75.076149 -74.929704 -75.769660 -71.618080 -73.507281 -73.326786 -70.438389 -73.058703 -72.478181 -76.011310 -74.581117 -73.492556 
-57.196598 -65.464962 -67.567460 -72.478158 -72.235779 -71.398780 -70.277896 -70.680898 -70.027420 -73.866043 -76.448923 -78.078725 -68.806688 -74.870305 -78.601726 -75.552390 -70.387923 -69.458104 -70.388843 -72.237768 -72.290582 -72.900436 -81.692153 -72.482887 -73.431780 -75.188965 -74.823880 -72.747271 -73.939000 -78.700003 -74.654630 -73.120042 -73.923379 -73.668292 -71.152825 -72.274159 -71.903706 -73.915486 -73.095618 -73.348916 
-58.049438 -77.855531 -76.574290 -72.931118 -76.343351 -76.304114 -73.052186 -74.451628 -68.660793 -68.514264 -70.281513 -71.607488 -70.886158 -71.320331 -77.740406 -72.413859 -75.173794 -71.515073 -72.842948 -70.198627 -71.760702 -73.193830 -75.049164 -74.985040 -76.075425 -71.911225 -76.895034 -74.298489 -73.331526 -78.928233 -73.744947 -76.124485 -76.123624 -74.639294 -73.377533 -72.202692 -72.276196 -73.858245 -74.360002 -73.050948 
-56.174217 -70.980261 -69.530449 -66.530170 -66.778205 -71.271659 -70.514562 -78.025838 -80.281628 -74.453442 -71.270903 -77.436127 -72.939737 -73.377316 -75.034023 -72.833893 -72.743944 -74.189521 -72.826709 -72.006062 -71.561676 -68.974217 -73.910801 -72.697918 -73.985269 -73.130189 -71.920512 -75.351607 -74.871836 -75.859380 -74.886745 -72.063565 -76.076175 -72.232933 -72.225327 -73.589804 -71.525338 -73.005987 -75.539426 -74.927814 
-56.825166 -74.723299 -70.685050 -71.108508 -71.603804 -78.781928 -78.515925 -77.882334 -81.011240 -72.384494 -71.659634 -76.936230 -78.972928 -80.996851 -72.269152 -72.231476 -72.649243 -68.121997 -74.000375 -71.948969 -75.682016 -70.857588 -73.229918 -73.422631 -74.653842 -70.363035 -70.952460 -73.371649 -72.561382 -71.791351 -74.660595 -71.880736 -75.450441 -74.280745 -74.811808 -76.512548 -75.028398 -72.029347 -74.421261 -74.863932 
-56.581825 -68.965907 -70.974140 -77.487523 -72.458331 -71.864551 -71.938542 -77.335453 -72.544474 -69.719033 -70.816529 -77.639064 -74.404176 -76.512191 -76.530820 -67.845102 -70.765187 -72.241217 -79.701675 -74.967287 -74.697089 -71.243957 -72.476620 -72.292346 -71.474903 -72.303833 -72.733891 -74.270636 -72.438522 -75.482376 -73.991134 -74.139148 -76.941106 -71.464296 -71.645977 -70.885183 -71.599628 -73.091417 -72.982082 -75.540720 
-53.633971 -69.971712 -67.410933 -67.025399 -75.088519 -80.947131 -73.698122 -77.729781 -73.471714 -70.145115 -68.114034 -70.299784 -74.326932 -76.526584 -71.198109 -70.135878 -73.391824 -76.542339 -75.186630 -72.893980 -77.019008 -71.869287 -76.328073 -75.144884 -75.197391 -73.817851 -69.174732 -73.876213 -70.670761 -71.950432 -73.008736 -72.625392 -69.318866 -72.500383 -69.778856 -70.340360 -72.418068 -77.691164 -73.420495 -75.941545 
-61.032465 -63.900199 -66.184846 -70.595835 -79.197525 -81.568258 -77.690046 -82.438936 -79.961680 -72.871599 -69.360502 -72.944224 -79.996721 -75.538381 -70.867122 -73.779630 -78.748562 -75.553625 -81.962408 -80.277524 -77.971285 -77.217901 -81.036752 -78.945761 -82.904296 -80.794974 -75.503609 -74.942728 -71.420149 -73.080847 -76.109778 -76.379412 -75.056097 -74.416313 -76.516655 -74.861823 -76.209380 -77.702348 -74.654802 -77.978649 
-93.725432 -98.725104 -95.733157 -98.007433 -95.916252 -87.745820 -87.802094 -85.783464 -85.106619 -83.892256 -89.509410 -90.453758 -90.034257 -85.872551 -89.158753 -87.279089 -90.661149 -91.391901 -87.036892 -90.729926 -88.100161 -85.243827 -84.127297 -89.672001 -87.640972 -90.987190 -86.863593 -86.823719 -89.819163 -88.327880 -91.538502 -90.631946 -86.073632 -88.886329 -87.943075 -85.253583 -85.797231 -89.537310 -89.509117 -87.913755 
-113.067085 -115.161239 -119.348396 -120.556948 -114.073958 -109.104502 -106.216981 -104.487773 -103.806180 -104.303352 -106.034358 -108.591550 -109.152803 -107.385037 -106.860779 -109.479703 -116.381266 -112.107820 -108.229918 -109.352145 -108.359689 -104.395635 -104.814481 -111.619401 -113.532411 -116.419641 -107.584055 -105.489671 -107.481132 -107.721975 -112.955404 -109.958334 -105.197376 -108.820685 -113.107007 -107.270180 -106.645824 -110.986546 -109.539276 -108.655481 
NaN NaN NaN NaN NaN NaN NaN NaN NaN NaN NaN NaN NaN NaN NaN NaN NaN NaN NaN NaN NaN NaN NaN NaN NaN NaN NaN NaN NaN NaN NaN NaN NaN NaN NaN NaN NaN NaN NaN NaN 
NaN NaN NaN NaN NaN NaN NaN NaN NaN NaN NaN NaN NaN NaN NaN NaN NaN NaN NaN NaN NaN NaN NaN NaN NaN NaN NaN NaN NaN NaN NaN NaN NaN NaN NaN NaN NaN NaN NaN NaN 
NaN NaN NaN NaN NaN NaN NaN NaN NaN NaN NaN NaN NaN NaN NaN NaN NaN NaN NaN NaN NaN NaN NaN NaN NaN NaN NaN NaN NaN NaN NaN NaN NaN NaN NaN NaN NaN NaN NaN NaN 
NaN NaN NaN NaN NaN NaN NaN NaN NaN NaN NaN NaN NaN NaN NaN NaN NaN NaN NaN NaN NaN NaN NaN NaN NaN NaN NaN NaN NaN NaN NaN NaN NaN NaN NaN NaN NaN NaN NaN NaN 
NaN NaN NaN NaN NaN NaN NaN NaN NaN NaN NaN NaN NaN NaN NaN NaN NaN NaN NaN NaN NaN NaN NaN NaN NaN NaN NaN NaN NaN NaN NaN NaN NaN NaN NaN NaN NaN NaN NaN NaN 
NaN NaN NaN NaN NaN NaN NaN NaN NaN NaN NaN NaN NaN NaN NaN NaN NaN NaN NaN NaN NaN NaN NaN NaN NaN NaN NaN NaN NaN NaN NaN NaN NaN NaN NaN NaN NaN NaN NaN NaN 
NaN NaN NaN NaN NaN NaN NaN NaN NaN NaN NaN NaN NaN NaN NaN NaN NaN NaN NaN NaN NaN NaN NaN NaN NaN NaN NaN NaN NaN NaN NaN NaN NaN NaN NaN NaN NaN NaN NaN NaN 
NaN NaN NaN NaN NaN NaN NaN NaN NaN NaN NaN NaN NaN NaN NaN NaN NaN NaN NaN NaN NaN NaN NaN NaN NaN NaN NaN NaN NaN NaN NaN NaN NaN NaN NaN NaN NaN NaN NaN NaN 
NaN NaN NaN NaN NaN NaN NaN NaN NaN NaN NaN NaN NaN NaN NaN NaN NaN NaN NaN NaN NaN NaN NaN NaN NaN NaN NaN NaN NaN NaN NaN NaN NaN NaN NaN NaN NaN NaN NaN NaN 
NaN NaN NaN NaN NaN NaN NaN NaN NaN NaN NaN NaN NaN NaN NaN NaN NaN NaN NaN NaN NaN NaN NaN NaN NaN NaN NaN NaN NaN NaN NaN NaN NaN NaN NaN NaN NaN NaN NaN NaN 
NaN NaN NaN NaN NaN NaN NaN NaN NaN NaN NaN NaN NaN NaN NaN NaN NaN NaN NaN NaN NaN NaN NaN NaN NaN NaN NaN NaN NaN NaN NaN NaN NaN NaN NaN NaN NaN NaN NaN NaN 
NaN NaN NaN NaN NaN NaN NaN NaN NaN NaN NaN NaN NaN NaN NaN NaN NaN NaN NaN NaN NaN NaN NaN NaN NaN NaN NaN NaN NaN NaN NaN NaN NaN NaN NaN NaN NaN NaN NaN NaN 
NaN NaN NaN NaN NaN NaN NaN NaN NaN NaN NaN NaN NaN NaN NaN NaN NaN NaN NaN NaN NaN NaN NaN NaN NaN NaN NaN NaN NaN NaN NaN NaN NaN NaN NaN NaN NaN NaN NaN NaN 
NaN NaN NaN NaN NaN NaN NaN NaN NaN NaN NaN NaN NaN NaN NaN NaN NaN NaN NaN NaN NaN NaN NaN NaN NaN NaN NaN NaN NaN NaN NaN NaN NaN NaN NaN NaN NaN NaN NaN NaN 
NaN NaN NaN NaN NaN NaN NaN NaN NaN NaN NaN NaN NaN NaN NaN NaN NaN NaN NaN NaN NaN NaN NaN NaN NaN NaN NaN NaN NaN NaN NaN NaN NaN NaN NaN NaN NaN NaN NaN NaN 
NaN NaN NaN NaN NaN NaN NaN NaN NaN NaN NaN NaN NaN NaN NaN NaN NaN NaN NaN NaN NaN NaN NaN NaN NaN NaN NaN NaN NaN NaN NaN NaN NaN NaN NaN NaN NaN NaN NaN NaN 
NaN NaN NaN NaN NaN NaN NaN NaN NaN NaN NaN NaN NaN NaN NaN NaN NaN NaN NaN NaN NaN NaN NaN NaN NaN NaN NaN NaN NaN NaN NaN NaN NaN NaN NaN NaN NaN NaN NaN NaN 
NaN NaN NaN NaN NaN NaN NaN NaN NaN NaN NaN NaN NaN NaN NaN NaN NaN NaN NaN NaN NaN NaN NaN NaN NaN NaN NaN NaN NaN NaN NaN NaN NaN NaN NaN NaN NaN NaN NaN NaN 
NaN NaN NaN NaN NaN NaN NaN NaN NaN NaN NaN NaN NaN NaN NaN NaN NaN NaN NaN NaN NaN NaN NaN NaN NaN NaN NaN NaN NaN NaN NaN NaN NaN NaN NaN NaN NaN NaN NaN NaN 
NaN NaN NaN NaN NaN NaN NaN NaN NaN NaN NaN NaN NaN NaN NaN NaN NaN NaN NaN NaN NaN NaN NaN NaN NaN NaN NaN NaN NaN NaN NaN NaN NaN NaN NaN NaN NaN NaN NaN NaN 
NaN NaN NaN NaN NaN NaN NaN NaN NaN NaN NaN NaN NaN NaN NaN NaN NaN NaN NaN NaN NaN NaN NaN NaN NaN NaN NaN NaN NaN NaN NaN NaN NaN NaN NaN NaN NaN NaN NaN NaN 
NaN NaN NaN NaN NaN NaN NaN NaN NaN NaN NaN NaN NaN NaN NaN NaN NaN NaN NaN NaN NaN NaN NaN NaN NaN NaN NaN NaN NaN NaN NaN NaN NaN NaN NaN NaN NaN NaN NaN NaN 
NaN NaN NaN NaN NaN NaN NaN NaN NaN NaN NaN NaN NaN NaN NaN NaN NaN NaN NaN NaN NaN NaN NaN NaN NaN NaN NaN NaN NaN NaN NaN NaN NaN NaN NaN NaN NaN NaN NaN NaN 
NaN NaN NaN NaN NaN NaN NaN NaN NaN NaN NaN NaN NaN NaN NaN NaN NaN NaN NaN NaN NaN NaN NaN NaN NaN NaN NaN NaN NaN NaN NaN NaN NaN NaN NaN NaN NaN NaN NaN NaN 
NaN NaN NaN NaN NaN NaN NaN NaN NaN NaN NaN NaN NaN NaN NaN NaN NaN NaN NaN NaN NaN NaN NaN NaN NaN NaN NaN NaN NaN NaN NaN NaN NaN NaN NaN NaN NaN NaN NaN NaN 
NaN NaN NaN NaN NaN NaN NaN NaN NaN NaN NaN NaN NaN NaN NaN NaN NaN NaN NaN NaN NaN NaN NaN NaN NaN NaN NaN NaN NaN NaN NaN NaN NaN NaN NaN NaN NaN NaN NaN NaN 
NaN NaN NaN NaN NaN NaN NaN NaN NaN NaN NaN NaN NaN NaN NaN NaN NaN NaN NaN NaN NaN NaN NaN NaN NaN NaN NaN NaN NaN NaN NaN NaN NaN NaN NaN NaN NaN NaN NaN NaN 
NaN NaN NaN NaN NaN NaN NaN NaN NaN NaN NaN NaN NaN NaN NaN NaN NaN NaN NaN NaN NaN NaN NaN NaN NaN NaN NaN NaN NaN NaN NaN NaN NaN NaN NaN NaN NaN NaN NaN NaN 
NaN NaN NaN NaN NaN NaN NaN NaN NaN NaN NaN NaN NaN NaN NaN NaN NaN NaN NaN NaN NaN NaN NaN NaN NaN NaN NaN NaN NaN NaN NaN NaN NaN NaN NaN NaN NaN NaN NaN NaN 
NaN NaN NaN NaN NaN NaN NaN NaN NaN NaN NaN NaN NaN NaN NaN NaN NaN NaN NaN NaN NaN NaN NaN NaN NaN NaN NaN NaN NaN NaN NaN NaN NaN NaN NaN NaN NaN NaN NaN NaN 
NaN NaN NaN NaN NaN NaN NaN NaN NaN NaN NaN NaN NaN NaN NaN NaN NaN NaN NaN NaN NaN NaN NaN NaN NaN NaN NaN NaN NaN NaN NaN NaN NaN NaN NaN NaN NaN NaN NaN NaN 
NaN NaN NaN NaN NaN NaN NaN NaN NaN NaN NaN NaN NaN NaN NaN NaN NaN NaN NaN NaN NaN NaN NaN NaN NaN NaN NaN NaN NaN NaN NaN NaN NaN NaN NaN NaN NaN NaN NaN NaN 
NaN NaN NaN NaN NaN NaN NaN NaN NaN NaN NaN NaN NaN NaN NaN NaN NaN NaN NaN NaN NaN NaN NaN NaN NaN NaN NaN NaN NaN NaN NaN NaN NaN NaN NaN NaN NaN NaN NaN NaN 
NaN NaN NaN NaN NaN NaN NaN NaN NaN NaN NaN NaN NaN NaN NaN NaN NaN NaN NaN NaN NaN NaN NaN NaN NaN NaN NaN NaN NaN NaN NaN NaN NaN NaN NaN NaN NaN NaN NaN NaN 
NaN NaN NaN NaN NaN NaN NaN NaN NaN NaN NaN NaN NaN NaN NaN NaN NaN NaN NaN NaN NaN NaN NaN NaN NaN NaN NaN NaN NaN NaN NaN NaN NaN NaN NaN NaN NaN NaN NaN NaN 
NaN NaN NaN NaN NaN NaN NaN NaN NaN NaN NaN NaN NaN NaN NaN NaN NaN NaN NaN NaN NaN NaN NaN NaN NaN NaN NaN NaN NaN NaN NaN NaN NaN NaN NaN NaN NaN NaN NaN NaN 
NaN NaN NaN NaN NaN NaN NaN NaN NaN NaN NaN NaN NaN NaN NaN NaN NaN NaN NaN NaN NaN NaN NaN NaN NaN NaN NaN NaN NaN NaN NaN NaN NaN NaN NaN NaN NaN NaN NaN NaN 
NaN NaN NaN NaN NaN NaN NaN NaN NaN NaN NaN NaN NaN NaN NaN NaN NaN NaN NaN NaN NaN NaN NaN NaN NaN NaN NaN NaN NaN NaN NaN NaN NaN NaN NaN NaN NaN NaN NaN NaN 
NaN NaN NaN NaN NaN NaN NaN NaN NaN NaN NaN NaN NaN NaN NaN NaN NaN NaN NaN NaN NaN NaN NaN NaN NaN NaN NaN NaN NaN NaN NaN NaN NaN NaN NaN NaN NaN NaN NaN NaN 
NaN NaN NaN NaN NaN NaN NaN NaN NaN NaN NaN NaN NaN NaN NaN NaN NaN NaN NaN NaN NaN NaN NaN NaN NaN NaN NaN NaN NaN NaN NaN NaN NaN NaN NaN NaN NaN NaN NaN NaN 
NaN NaN NaN NaN NaN NaN NaN NaN NaN NaN NaN NaN NaN NaN NaN NaN NaN NaN NaN NaN NaN NaN NaN NaN NaN NaN NaN NaN NaN NaN NaN NaN NaN NaN NaN NaN NaN NaN NaN NaN 
NaN NaN NaN NaN NaN NaN NaN NaN NaN NaN NaN NaN NaN NaN NaN NaN NaN NaN NaN NaN NaN NaN NaN NaN NaN NaN NaN NaN NaN NaN NaN NaN NaN NaN NaN NaN NaN NaN NaN NaN 
NaN NaN NaN NaN NaN NaN NaN NaN NaN NaN NaN NaN NaN NaN NaN NaN NaN NaN NaN NaN NaN NaN NaN NaN NaN NaN NaN NaN NaN NaN NaN NaN NaN NaN NaN NaN NaN NaN NaN NaN 
NaN NaN NaN NaN NaN NaN NaN NaN NaN NaN NaN NaN NaN NaN NaN NaN NaN NaN NaN NaN NaN NaN NaN NaN NaN NaN NaN NaN NaN NaN NaN NaN NaN NaN NaN NaN NaN NaN NaN NaN 
NaN NaN NaN NaN NaN NaN NaN NaN NaN NaN NaN NaN NaN NaN NaN NaN NaN NaN NaN NaN NaN NaN NaN NaN NaN NaN NaN NaN NaN NaN NaN NaN NaN NaN NaN NaN NaN NaN NaN NaN 
NaN NaN NaN NaN NaN NaN NaN NaN NaN NaN NaN NaN NaN NaN NaN NaN NaN NaN NaN NaN NaN NaN NaN NaN NaN NaN NaN NaN NaN NaN NaN NaN NaN NaN NaN NaN NaN NaN NaN NaN 
NaN NaN NaN NaN NaN NaN NaN NaN NaN NaN NaN NaN NaN NaN NaN NaN NaN NaN NaN NaN NaN NaN NaN NaN NaN NaN NaN NaN NaN NaN NaN NaN NaN NaN NaN NaN NaN NaN NaN NaN 
NaN NaN NaN NaN NaN NaN NaN NaN NaN NaN NaN NaN NaN NaN NaN NaN NaN NaN NaN NaN NaN NaN NaN NaN NaN NaN NaN NaN NaN NaN NaN NaN NaN NaN NaN NaN NaN NaN NaN NaN 
NaN NaN NaN NaN NaN NaN NaN NaN NaN NaN NaN NaN NaN NaN NaN NaN NaN NaN NaN NaN NaN NaN NaN NaN NaN NaN NaN NaN NaN NaN NaN NaN NaN NaN NaN NaN NaN NaN NaN NaN 
NaN NaN NaN NaN NaN NaN NaN NaN NaN NaN NaN NaN NaN NaN NaN NaN NaN NaN NaN NaN NaN NaN NaN NaN NaN NaN NaN NaN NaN NaN NaN NaN NaN NaN NaN NaN NaN NaN NaN NaN 
NaN NaN NaN NaN NaN NaN NaN NaN NaN NaN NaN NaN NaN NaN NaN NaN NaN NaN NaN NaN NaN NaN NaN NaN NaN NaN NaN NaN NaN NaN NaN NaN NaN NaN NaN NaN NaN NaN NaN NaN 
NaN NaN NaN NaN NaN NaN NaN NaN NaN NaN NaN NaN NaN NaN NaN NaN NaN NaN NaN NaN NaN NaN NaN NaN NaN NaN NaN NaN NaN NaN NaN NaN NaN NaN NaN NaN NaN NaN NaN NaN 
NaN NaN NaN NaN NaN NaN NaN NaN NaN NaN NaN NaN NaN NaN NaN NaN NaN NaN NaN NaN NaN NaN NaN NaN NaN NaN NaN NaN NaN NaN NaN NaN NaN NaN NaN NaN NaN NaN NaN NaN 
NaN NaN NaN NaN NaN NaN NaN NaN NaN NaN NaN NaN NaN NaN NaN NaN NaN NaN NaN NaN NaN NaN NaN NaN NaN NaN NaN NaN NaN NaN NaN NaN NaN NaN NaN NaN NaN NaN NaN NaN 
NaN NaN NaN NaN NaN NaN NaN NaN NaN NaN NaN NaN NaN NaN NaN NaN NaN NaN NaN NaN NaN NaN NaN NaN NaN NaN NaN NaN NaN NaN NaN NaN NaN NaN NaN NaN NaN NaN NaN NaN 
NaN NaN NaN NaN NaN NaN NaN NaN NaN NaN NaN NaN NaN NaN NaN NaN NaN NaN NaN NaN NaN NaN NaN NaN NaN NaN NaN NaN NaN NaN NaN NaN NaN NaN NaN NaN NaN NaN NaN NaN 
NaN NaN NaN NaN NaN NaN NaN NaN NaN NaN NaN NaN NaN NaN NaN NaN NaN NaN NaN NaN NaN NaN NaN NaN NaN NaN NaN NaN NaN NaN NaN NaN NaN NaN NaN NaN NaN NaN NaN NaN 
NaN NaN NaN NaN NaN NaN NaN NaN NaN NaN NaN NaN NaN NaN NaN NaN NaN NaN NaN NaN NaN NaN NaN NaN NaN NaN NaN NaN NaN NaN NaN NaN NaN NaN NaN NaN NaN NaN NaN NaN 
NaN NaN NaN NaN NaN NaN NaN NaN NaN NaN NaN NaN NaN NaN NaN NaN NaN NaN NaN NaN NaN NaN NaN NaN NaN NaN NaN NaN NaN NaN NaN NaN NaN NaN NaN NaN NaN NaN NaN NaN 
NaN NaN NaN NaN NaN NaN NaN NaN NaN NaN NaN NaN NaN NaN NaN NaN NaN NaN NaN NaN NaN NaN NaN NaN NaN NaN NaN NaN NaN NaN NaN NaN NaN NaN NaN NaN NaN NaN NaN NaN 
NaN NaN NaN NaN NaN NaN NaN NaN NaN NaN NaN NaN NaN NaN NaN NaN NaN NaN NaN NaN NaN NaN NaN NaN NaN NaN NaN NaN NaN NaN NaN NaN NaN NaN NaN NaN NaN NaN NaN NaN 
NaN NaN NaN NaN NaN NaN NaN NaN NaN NaN NaN NaN NaN NaN NaN NaN NaN NaN NaN NaN NaN NaN NaN NaN NaN NaN NaN NaN NaN NaN NaN NaN NaN NaN NaN NaN NaN NaN NaN NaN 
NaN NaN NaN NaN NaN NaN NaN NaN NaN NaN NaN NaN NaN NaN NaN NaN NaN NaN NaN NaN NaN NaN NaN NaN NaN NaN NaN NaN NaN NaN NaN NaN NaN NaN NaN NaN NaN NaN NaN NaN 
NaN NaN NaN NaN NaN NaN NaN NaN NaN NaN NaN NaN NaN NaN NaN NaN NaN NaN NaN NaN NaN NaN NaN NaN NaN NaN NaN NaN NaN NaN NaN NaN NaN NaN NaN NaN NaN NaN NaN NaN 
NaN NaN NaN NaN NaN NaN NaN NaN NaN NaN NaN NaN NaN NaN NaN NaN NaN NaN NaN NaN NaN NaN NaN NaN NaN NaN NaN NaN NaN NaN NaN NaN NaN NaN NaN NaN NaN NaN NaN NaN 
NaN NaN NaN NaN NaN NaN NaN NaN NaN NaN NaN NaN NaN NaN NaN NaN NaN NaN NaN NaN NaN NaN NaN NaN NaN NaN NaN NaN NaN NaN NaN NaN NaN NaN NaN NaN NaN NaN NaN NaN 
NaN NaN NaN NaN NaN NaN NaN NaN NaN NaN NaN NaN NaN NaN NaN NaN NaN NaN NaN NaN NaN NaN NaN NaN NaN NaN NaN NaN NaN NaN NaN NaN NaN NaN NaN NaN NaN NaN NaN NaN 
NaN NaN NaN NaN NaN NaN NaN NaN NaN NaN NaN NaN NaN NaN NaN NaN NaN NaN NaN NaN NaN NaN NaN NaN NaN NaN NaN NaN NaN NaN NaN NaN NaN NaN NaN NaN NaN NaN NaN NaN 
NaN NaN NaN NaN NaN NaN NaN NaN NaN NaN NaN NaN NaN NaN NaN NaN NaN NaN NaN NaN NaN NaN NaN NaN NaN NaN NaN NaN NaN NaN NaN NaN NaN NaN NaN NaN NaN NaN NaN NaN 
NaN NaN NaN NaN NaN NaN NaN NaN NaN NaN NaN NaN NaN NaN NaN NaN NaN NaN NaN NaN NaN NaN NaN NaN NaN NaN NaN NaN NaN NaN NaN NaN NaN NaN NaN NaN NaN NaN NaN NaN 
NaN NaN NaN NaN NaN NaN NaN NaN NaN NaN NaN NaN NaN NaN NaN NaN NaN NaN NaN NaN NaN NaN NaN NaN NaN NaN NaN NaN NaN NaN NaN NaN NaN NaN NaN NaN NaN NaN NaN NaN 
NaN NaN NaN NaN NaN NaN NaN NaN NaN NaN NaN NaN NaN NaN NaN NaN NaN NaN NaN NaN NaN NaN NaN NaN NaN NaN NaN NaN NaN NaN NaN NaN NaN NaN NaN NaN NaN NaN NaN NaN 
NaN NaN NaN NaN NaN NaN NaN NaN NaN NaN NaN NaN NaN NaN NaN NaN NaN NaN NaN NaN NaN NaN NaN NaN NaN NaN NaN NaN NaN NaN NaN NaN NaN NaN NaN NaN NaN NaN NaN NaN 
NaN NaN NaN NaN NaN NaN NaN NaN NaN NaN NaN NaN NaN NaN NaN NaN NaN NaN NaN NaN NaN NaN NaN NaN NaN NaN NaN NaN NaN NaN NaN NaN NaN NaN NaN NaN NaN NaN NaN NaN 
NaN NaN NaN NaN NaN NaN NaN NaN NaN NaN NaN NaN NaN NaN NaN NaN NaN NaN NaN NaN NaN NaN NaN NaN NaN NaN NaN NaN NaN NaN NaN NaN NaN NaN NaN NaN NaN NaN NaN NaN 
NaN NaN NaN NaN NaN NaN NaN NaN NaN NaN NaN NaN NaN NaN NaN NaN NaN NaN NaN NaN NaN NaN NaN NaN NaN NaN NaN NaN NaN NaN NaN NaN NaN NaN NaN NaN NaN NaN NaN NaN 
NaN NaN NaN NaN NaN NaN NaN NaN NaN NaN NaN NaN NaN NaN NaN NaN NaN NaN NaN NaN NaN NaN NaN NaN NaN NaN NaN NaN NaN NaN NaN NaN NaN NaN NaN NaN NaN NaN NaN NaN 
