6.250353 8.882561 14.492510 18.682640 15.579599 5.649952 -2.935694 -1.404877 -4.034926 -11.810781 -10.323675 -11.969200 -11.272086 -12.843955 -13.924493 -15.977171 -17.364386 -18.870448 -19.833444 -18.530214 -19.720832 -20.549879 -22.458753 -21.792473 -23.526069 -26.225686 -25.810190 -26.282462 -27.240042 -27.033555 -27.458900 -28.614919 -29.351472 -30.020647 -30.812216 -31.354502 -32.266184 -32.706088 -33.919824 -36.387206 
-7.902707 -8.526514 11.827228 24.006505 18.225082 -8.817820 3.031943 3.175446 -23.541347 -7.228476 -12.366141 -19.033025 -18.769035 -29.348950 -23.055454 -24.880824 -29.037172 -28.051742 -23.431401 -22.775513 -31.164440 -29.212777 -31.535832 -28.359983 -27.831053 -26.299556 -36.417453 -35.494983 -37.114265 -34.159700 -35.607839 -37.700925 -39.356607 -40.105305 -40.500134 -40.410128 -41.050292 -40.195458 -38.947176 -40.718804 
-20.324649 -23.576944 11.400644 24.960868 19.362487 -9.147701 3.639413 4.031773 -22.379005 -8.019641 -13.254202 -20.253359 -18.273026 -25.441509 -23.699239 -27.479739 -28.963532 -27.064936 -25.063327 -22.195793 -29.524083 -31.388615 -29.777435 -30.583627 -28.058169 -27.582384 -36.106851 -37.018800 -37.171640 -37.191549 -36.600548 -38.207907 -40.041659 -40.415279 -40.787454 -41.060660 -40.959346 -40.129659 -39.531002 -40.553470 
-12.985178 -20.997826 11.755334 25.535084 19.944341 -10.232415 3.548515 5.466260 -17.472022 -8.731158 -13.857106 -20.173581 -16.646458 -27.406661 -24.061436 -29.904678 -29.927455 -27.807162 -26.576989 -21.289765 -29.807465 -32.292524 -32.460611 -29.834437 -27.560901 -27.150927 -39.649928 -42.317739 -41.442455 -37.644701 -41.419568 -43.149311 -45.644466 -45.978720 -46.452864 -46.814868 -45.790899 -42.969035 -40.273238 -44.951761 
-12.373932 -14.232612 11.506832 25.862722 20.757040 -8.054768 3.407126 6.273818 -15.167874 -9.404390 -11.383936 -19.302422 -16.838379 -26.471249 -24.227331 -29.872404 -29.099446 -25.504785 -25.360416 -21.349263 -31.480354 -32.474041 -30.882706 -29.191231 -27.096261 -25.641403 -34.750663 -37.951947 -38.640683 -34.862270 -37.402416 -38.941457 -41.541237 -42.009311 -42.119371 -42.612856 -41.801099 -39.208007 -38.170633 -41.997600 
-20.559438 -13.634615 10.656399 25.920626 21.835218 -5.262669 1.945655 7.046618 -12.329331 -10.329486 -10.608555 -16.595725 -13.842844 -18.881835 -18.683429 -20.911608 -23.436460 -20.089763 -19.899577 -18.248338 -24.382630 -25.516298 -25.194827 -24.943356 -23.710149 -25.057752 -30.089919 -30.808953 -31.109955 -30.905245 -31.508554 -32.062455 -33.097112 -33.369324 -33.799224 -34.150940 -34.098139 -34.165851 -34.300862 -34.704482 
-18.906518 -11.192400 9.136373 25.943911 22.861897 -2.664527 2.651996 8.151607 -9.650321 -8.505037 -8.073029 -16.920845 -12.915580 -18.254517 -19.436575 -21.232210 -21.745079 -18.243599 -17.949373 -19.901994 -21.237618 -21.789233 -23.959241 -22.159497 -19.995641 -24.895735 -29.054692 -29.181371 -29.860802 -29.617327 -31.194348 -31.111588 -32.576987 -33.593690 -33.778369 -34.312130 -34.121872 -33.876228 -34.022275 -34.193302 
-8.475671 -9.604737 7.153573 25.457279 24.864079 10.122909 5.832460 13.318233 10.288103 6.934451 3.939327 -8.283086 -6.307032 -13.939268 -12.737069 -18.113836 -13.980629 -17.019280 -12.074310 -8.505158 -8.045998 -8.777958 -16.101627 -21.029505 -17.146709 -18.061311 -25.501069 -25.974756 -27.351166 -24.202861 -29.694696 -32.470343 -39.443751 -48.942530 -49.697338 -52.842723 -47.333297 -37.733786 -32.690735 -33.831045 
-11.507841 -16.594596 0.246106 23.800522 24.172378 6.145662 9.272367 19.074171 10.080893 8.050861 14.973271 0.124194 2.298468 -3.845073 -5.244189 -7.419176 -9.812710 -15.997805 -10.249860 -5.696300 -6.746730 1.106118 -1.089899 -6.151156 -8.421767 -7.722212 -10.164480 -15.432193 -19.266417 -12.648196 -19.225465 -27.228746 -29.890816 -32.054748 -32.398839 -32.977867 -33.221085 -29.235561 -24.688795 -22.914221 
-9.677302 -11.687304 1.487025 23.622131 22.925081 2.170966 6.558798 18.630007 5.801575 6.362938 18.009575 1.014927 3.526700 -1.479882 -8.189835 -9.641700 -12.404924 -16.476232 -14.409286 -17.563165 -16.462869 -9.167879 -5.681926 -3.832684 -3.314900 -5.910476 -4.554979 -12.312151 -18.449897 -16.451366 -16.874946 -23.109606 -29.213876 -34.159594 -34.278234 -50.135493 -52.850076 -30.764819 -19.709086 -21.939164 
-11.690354 -23.404708 2.440409 23.505734 22.778265 0.317196 7.012791 18.267766 4.618211 7.557744 18.227512 0.204134 4.366734 -1.381903 -8.755090 -10.657978 -11.700123 -15.108924 -14.797358 -18.216879 -16.218027 -11.528416 -9.487823 -2.274854 -0.044889 -4.215200 -4.099692 -6.263900 -11.190808 -16.915959 -15.728599 -21.116437 -27.053551 -30.855001 -29.739186 -39.395250 -41.367976 -31.584992 -22.025138 -20.815136 
-9.669509 -10.177584 0.182970 23.379134 23.179675 2.609506 5.413304 17.886438 5.488869 5.097589 17.430040 0.927496 3.139643 -0.416759 -9.118872 -8.736158 -12.829852 -14.474762 -13.347545 -16.479712 -15.517186 -12.427036 -10.312940 -2.980789 1.491733 -1.483003 -3.798965 -5.117686 -11.166283 -18.182774 -18.159538 -22.592127 -31.423533 -31.023176 -26.928858 -35.467587 -37.298084 -31.546974 -23.624660 -21.696090 
-14.242623 -15.259896 0.284966 23.311332 23.473744 3.116965 4.738724 17.317824 6.302739 4.796516 16.323051 1.384592 1.152063 -0.925575 -10.857192 -10.288003 -15.353035 -16.290144 -15.377976 -19.498553 -18.006255 -16.433594 -14.187192 -6.862341 0.171431 2.012299 -1.106159 -3.156513 -14.223780 -18.202518 -17.508288 -21.944565 -29.833117 -29.408839 -30.750347 -35.764610 -36.966194 -32.325221 -20.684518 -20.675950 
-13.413252 -16.290557 -2.826476 22.889834 23.420741 2.950943 3.210537 17.351481 5.580108 1.748592 14.989302 -1.310097 -1.175588 -1.960712 -13.174405 -10.866523 -18.144632 -17.918541 -15.466827 -19.709275 -19.247614 -17.380537 -16.895356 -8.249611 -1.702414 1.108896 -2.935246 -1.079463 -12.879117 -15.040732 -15.820305 -19.931075 -31.423276 -29.478373 -33.847493 -42.488604 -44.851084 -41.149019 -22.630076 -21.503765 
-14.288089 -15.580724 0.649316 22.894060 23.419207 3.336821 2.985715 17.282215 6.525530 0.821356 13.757430 -0.959782 -1.130023 -1.847730 -14.249403 -10.581784 -16.610541 -17.605677 -16.263616 -20.962076 -19.886708 -17.312386 -16.039388 -9.415804 -1.758264 1.901308 -1.688298 -3.066815 -10.918909 -17.249657 -19.572413 -23.383217 -32.100371 -33.303222 -37.192054 -43.075586 -45.092202 -37.608608 -17.036757 -20.364618 
-11.942315 -11.710651 -1.333831 22.467573 23.074813 2.922676 2.837104 17.010550 6.037914 -0.038890 13.773196 -0.814503 -0.566545 -1.974991 -12.004275 -9.915715 -16.135698 -15.655631 -14.845313 -18.691041 -18.364343 -16.038105 -15.922629 -11.460674 -1.982118 1.563100 -2.289315 -2.019954 -11.476517 -17.621278 -18.312664 -21.873399 -28.425601 -32.965936 -34.010561 -36.690400 -37.202791 -32.715773 -18.374652 -21.818747 
-17.456917 -13.904699 -1.434214 21.932348 22.471448 2.060537 2.749346 16.644390 5.748558 -0.961666 13.927363 0.292762 -0.700907 -1.104874 -11.650153 -9.324378 -15.267577 -15.919370 -15.370418 -19.042215 -18.107393 -15.979622 -15.775957 -9.036011 -1.676935 1.393843 -1.639018 -3.250770 -10.880139 -17.803741 -19.111697 -22.982291 -25.554022 -29.191144 -32.871148 -35.604081 -36.033714 -33.760782 -18.816720 -21.281982 
-15.312138 -15.632222 -3.979673 21.204268 22.132396 2.234054 1.760072 16.471085 5.873222 -2.365488 14.660129 0.684018 0.075074 -0.541845 -12.430861 -7.952688 -16.883766 -16.872924 -16.110430 -18.962158 -18.183607 -14.534920 -13.906207 -7.856812 -1.903068 0.707819 -3.217036 -2.176432 -9.555010 -18.409794 -18.918337 -22.907828 -28.124526 -31.250100 -36.964340 -49.491490 -60.376353 -38.233806 -22.093444 -24.434496 
-12.941473 -14.263509 -2.014919 21.163713 21.625990 0.934453 0.984814 16.113627 5.204091 0.211160 15.719026 1.036041 2.518793 0.266202 -7.678947 -6.190163 -13.450298 -13.850005 -13.297987 -17.897767 -15.893953 -15.503625 -12.204979 -3.428935 -0.081454 -1.083026 -2.319196 -2.646948 -13.874266 -20.246882 -19.887741 -24.958869 -29.107814 -29.209880 -32.356717 -38.109352 -39.593877 -33.748454 -23.302623 -23.184012 
-9.186668 -9.787007 -1.504343 21.166590 21.087201 0.839831 3.676246 15.748910 2.746590 2.932765 16.573214 0.799913 4.587832 -0.215233 -5.852448 -5.283551 -9.858148 -12.619728 -11.184923 -14.195131 -13.689552 -12.758300 -8.206023 -4.321497 -2.062627 -3.860024 -3.790586 -6.363050 -13.101052 -20.136110 -20.058339 -24.806715 -26.948809 -31.143578 -31.534735 -36.066986 -38.119247 -32.939300 -23.831331 -22.389807 
-14.107793 -10.648824 -0.863686 20.987036 20.514810 -0.930107 4.739453 15.131136 1.969737 6.198340 17.214861 1.741406 6.988544 0.595826 -2.766408 -4.419465 -6.215192 -11.505086 -9.314040 -11.124156 -10.482874 -9.860409 -5.635019 -1.561448 -1.010888 -2.975510 -1.768547 -6.876488 -13.827707 -17.029004 -19.500738 -24.331401 -26.864246 -31.422069 -33.438252 -40.002856 -45.406828 -36.797341 -24.075552 -21.877013 
-17.186795 -17.397012 2.532367 21.280422 19.375317 -3.668111 6.001323 14.795694 -1.700717 8.675915 15.357762 -2.005006 9.403450 -0.322550 0.243891 -6.189039 -3.482213 -11.581867 -8.562798 -6.697070 -9.840712 -7.453242 -3.126499 -4.835201 -4.002935 -3.781836 -3.715982 -6.800672 -13.694166 -18.566551 -18.119451 -22.517361 -25.109636 -30.540020 -30.480457 -34.107280 -35.269462 -31.933101 -22.810080 -20.697233 
-12.715032 -16.339612 3.263363 21.217386 18.287055 -5.914501 6.303064 12.762369 -4.932404 9.675182 12.363827 -0.649078 11.036640 -1.932281 2.793410 -5.113902 -1.934654 -8.082921 -7.372575 -5.242106 -5.743879 -3.929128 -2.383962 -8.829820 -9.212016 -7.141104 -1.764257 -5.267129 -16.568514 -20.144069 -20.307696 -20.218594 -24.502010 -31.377573 -34.698607 -41.989291 -45.311145 -39.581230 -23.006084 -23.986913 
-20.846269 -13.540415 5.608734 20.895264 17.087506 -7.920645 6.957126 11.404045 -10.905667 9.866574 9.139454 1.436050 12.017001 -2.345912 2.678321 -4.738156 0.331867 -4.808626 -6.123896 -2.601217 -3.277101 -3.636524 -6.317688 -13.033394 -14.688967 -8.867857 -4.400144 -8.233756 -16.537582 -22.626548 -23.052021 -22.173399 -25.729531 -29.431295 -32.301496 -36.524378 -37.454282 -36.149136 -23.255251 -23.065631 
-22.710966 -12.627114 7.264341 20.388366 15.181732 -6.037364 8.817613 8.940405 -8.269383 11.095781 6.044267 7.241981 12.187984 -3.557243 -0.141431 -1.047520 -0.246317 -2.579501 -3.302204 -1.342582 -0.726364 -2.613044 -6.694266 -13.182043 -11.152528 -9.002598 -5.314577 -8.542889 -16.573156 -21.198280 -24.953392 -26.362510 -30.237949 -34.423861 -35.590544 -42.155789 -51.241576 -47.272231 -25.593226 -23.940938 
-22.625714 -17.145759 8.771003 19.264166 11.446755 -3.851357 10.515092 7.237553 -2.678242 11.529116 1.657845 11.215648 9.856909 0.304196 -1.939855 2.416244 -2.790206 -3.843169 -0.556505 -0.821253 1.137726 0.164116 -8.616985 -13.111082 -13.247040 -10.860498 -6.994873 -9.441559 -15.732834 -21.927880 -25.227192 -22.669644 -31.300556 -40.273228 -39.427402 -45.842252 -59.436744 -57.288109 -27.868460 -23.979853 
-19.087123 -18.033365 10.200910 17.987369 7.257327 -1.097922 11.989577 4.562612 3.997239 9.941969 0.126724 14.184468 4.595084 3.344604 -1.348803 4.698634 -2.005074 -4.050643 -0.484481 1.446207 1.601073 -1.343748 -12.127256 -11.874825 -11.311851 -11.141887 -6.287703 -9.136380 -16.525363 -20.398419 -24.981706 -23.185406 -29.350059 -34.709625 -32.594028 -35.371655 -37.649987 -37.946656 -26.976728 -22.786279 
-18.512591 -9.707755 11.844932 16.735971 3.344463 4.424514 11.338243 -0.646580 8.336950 5.085544 8.217223 13.207599 4.041701 3.851906 3.974124 2.282249 -0.112061 -3.123963 -2.164135 1.704450 4.843580 -3.755137 -10.048719 -15.071751 -13.960936 -12.603469 -7.306560 -9.937643 -17.172017 -20.672047 -25.972539 -23.181713 -29.716907 -39.979294 -36.803008 -43.414412 -53.577979 -48.357099 -29.731883 -23.267241 
-20.783806 -6.407175 12.550025 15.229403 -0.057217 7.698512 9.997549 -1.941592 9.432667 2.485224 10.432632 8.221375 8.607276 3.113574 4.319812 -0.538984 -1.554856 -3.655122 -1.913985 0.129560 1.964195 -1.903665 -11.387739 -15.412600 -16.644958 -12.205219 -7.915489 -9.513372 -17.995780 -23.610748 -25.604037 -23.691023 -28.755330 -40.894941 -39.944489 -41.193252 -47.176099 -41.650910 -27.315934 -22.232252 
-18.924862 -2.163243 13.269176 13.387025 0.696766 9.542277 8.162430 1.561112 8.337090 1.641839 10.932059 4.589985 8.041397 1.385444 0.999234 0.342668 -2.237124 -4.111136 -1.755115 -0.082267 3.435835 -1.141933 -13.083621 -13.597007 -15.054571 -11.683989 -10.004718 -11.441870 -19.323740 -22.516973 -27.759754 -24.501094 -28.670819 -36.783913 -38.159364 -40.424467 -43.602275 -36.556242 -28.357301 -26.259219 
-18.701626 -1.493846 13.265655 13.811694 2.937319 9.306106 8.334472 2.212483 7.444587 3.683161 8.935893 5.478424 3.968772 -2.150285 -1.873669 -2.091947 -3.624044 -4.781930 -7.027698 -2.660990 0.994318 -2.142648 -12.919102 -16.214985 -16.326861 -15.253850 -13.652289 -13.269587 -19.707021 -21.639965 -25.684388 -24.798609 -29.757280 -37.854531 -40.128617 -48.252887 -65.717906 -37.933306 -29.484376 -29.069763 
-24.846356 -1.251813 13.502856 12.675714 -0.390763 8.521741 6.348436 0.197107 6.582062 2.392156 8.037693 4.678740 3.348120 -3.059820 -1.431230 -4.462625 -7.570319 -10.065016 -8.455740 -6.121327 -0.737843 -4.748872 -16.416597 -17.975447 -18.232476 -18.174077 -13.832167 -13.696875 -19.558005 -23.834093 -25.947622 -24.546721 -28.692263 -38.516867 -42.765498 -49.244231 -51.492441 -42.741579 -33.085449 -30.284433 
-22.564274 0.029880 13.226743 10.767014 -2.550552 6.864009 0.646338 4.117758 4.664902 6.359779 3.757988 1.015446 -4.119152 -5.543222 -8.642266 -11.276656 -12.320449 -14.482060 -13.638998 -11.246825 -6.110667 -10.116194 -16.053025 -18.783287 -19.205754 -17.082314 -13.741469 -15.674026 -21.182974 -27.877854 -32.189980 -31.414079 -33.056933 -41.184263 -43.804139 -45.294015 -46.901515 -45.127218 -37.903776 -34.532641 
-25.619692 0.082566 13.509724 11.264971 5.712835 4.235046 1.160349 3.216279 -7.952879 -4.178650 -8.299984 -14.348540 -15.589805 -14.678261 -16.047621 -21.628411 -23.034268 -21.706562 -22.078715 -17.041307 -14.165866 -22.412634 -25.694664 -23.184559 -23.729582 -24.762144 -25.276750 -27.583046 -32.490986 -34.058385 -36.046197 -39.177780 -37.274527 -45.509283 -51.934976 -52.183731 -57.230170 -55.437665 -45.718067 -42.182979 
-21.967813 -2.210538 14.103457 14.902898 6.942647 4.892889 2.708806 0.492291 -2.199434 -7.079465 -17.082003 -20.321570 -25.899381 -15.876378 -19.404035 -23.875298 -31.726536 -31.249596 -30.151211 -26.646801 -21.462817 -26.046227 -30.903072 -30.327650 -26.346883 -25.281952 -28.871132 -34.515020 -38.736385 -41.590927 -39.293395 -40.463873 -41.491366 -50.910893 -53.916702 -54.190195 -61.045298 -58.588293 -52.705909 -50.869608 
-20.536771 -1.156192 14.314176 16.002796 8.670214 3.529560 1.884885 0.376040 -6.197603 -6.709346 -13.921202 -22.561944 -23.642658 -18.034556 -23.476035 -26.130747 -30.429243 -30.760216 -29.304283 -27.272049 -26.627016 -26.004804 -32.793829 -32.322738 -30.553903 -25.978272 -27.811158 -33.628613 -38.012716 -38.052275 -38.523467 -38.153571 -38.982045 -40.745823 -41.319512 -41.762544 -42.038389 -42.269062 -42.154309 -41.656613 
-10.041400 -2.542242 13.579311 15.749504 9.450208 3.352475 0.445150 0.017372 -9.515245 -9.400959 -18.778221 -30.514653 -26.320019 -19.790268 -23.317027 -28.133350 -38.361833 -37.646820 -35.536768 -28.105065 -22.827116 -28.181196 -32.820344 -32.586025 -31.447173 -27.917454 -30.563362 -38.210785 -43.379580 -44.997065 -45.197366 -43.890998 -41.561950 -48.857948 -53.317477 -56.333394 -58.112965 -55.194426 -55.384872 -48.489491 
-15.949497 -2.274047 12.815285 15.485978 9.800533 2.060547 0.031858 -0.632759 -8.842406 -9.707318 -19.445551 -28.419619 -23.758472 -21.747060 -24.257116 -28.581400 -31.856671 -32.210504 -32.503476 -27.624353 -22.808038 -27.402148 -32.171432 -33.403334 -32.583421 -30.505724 -31.917108 -37.627373 -40.030362 -39.443892 -40.274265 -40.887935 -40.940357 -42.653560 -43.190476 -43.583950 -43.891051 -44.159039 -44.439157 -44.126338 
-9.711333 -2.111772 10.172719 14.875178 7.153328 1.951873 -3.389115 -4.805248 -9.438172 -13.103411 -22.662082 -24.731319 -26.952551 -23.608441 -26.148196 -30.067335 -43.608490 -39.104475 -40.378599 -33.409277 -27.960353 -33.499597 -37.755846 -36.142580 -36.236810 -32.735180 -34.937302 -40.972123 -48.267316 -42.768954 -44.175071 -45.536997 -46.727579 -51.877545 -53.970798 -52.179381 -53.735620 -55.322075 -55.605237 -52.325089 
-12.481882 -4.780206 11.960407 16.880676 7.447034 0.338660 -0.497265 -8.274427 -8.955674 -11.719274 -21.654021 -31.225887 -29.709652 -24.098392 -28.121707 -30.520189 -39.036262 -40.487659 -40.238362 -36.169080 -29.028149 -34.645307 -36.715182 -34.788507 -33.480334 -29.671143 -35.546964 -42.482463 -50.249034 -42.232786 -43.960508 -47.183547 -48.093369 -52.073182 -53.962956 -54.223551 -56.192818 -55.945999 -55.624211 -53.476213 
-12.832749 -5.716479 10.309831 17.481106 9.713568 0.989126 -0.657263 -6.416294 -8.748056 -12.602301 -25.496785 -28.684172 -25.810046 -28.805715 -26.032770 -28.048280 -33.973750 -34.865845 -34.031412 -31.319096 -28.698890 -34.257335 -36.433882 -35.313308 -34.047736 -36.226871 -36.518685 -39.815241 -41.430044 -39.240026 -40.135202 -41.769716 -42.401594 -43.356361 -44.146805 -44.200240 -44.844817 -45.033520 -45.257697 -45.228057 
-15.293052 -8.379310 10.473813 18.479072 7.933268 -9.254042 -2.567916 -7.779134 -19.350808 -14.504574 -28.285250 -30.774020 -31.177839 -33.167811 -34.919297 -34.372334 -37.584981 -40.511289 -38.644449 -37.651104 -33.352390 -36.877494 -40.440326 -42.611178 -40.706218 -35.000354 -36.726901 -41.310875 -45.910551 -42.223761 -44.087201 -45.813853 -48.712913 -50.494394 -50.751741 -51.209202 -52.378702 -52.142849 -51.670358 -47.374294 
-19.581530 -14.848077 8.994263 19.513067 12.665837 -11.168717 -4.502422 -6.554712 -23.493378 -15.616696 -24.400602 -29.178952 -35.062865 -32.210189 -28.262340 -35.252492 -41.988103 -42.222152 -38.643114 -32.703140 -29.000227 -34.690505 -41.864244 -41.335553 -38.279840 -31.112465 -33.066407 -40.595563 -46.471571 -42.673607 -44.157688 -46.143112 -47.860530 -54.069425 -56.132157 -55.900523 -57.952256 -56.450764 -56.880790 -49.890059 
-22.447488 -24.756405 4.651631 18.027451 13.419586 -13.305158 -12.532698 -10.618083 -22.670216 -19.404210 -22.904126 -27.072535 -26.871721 -27.389633 -26.640592 -31.587204 -36.121662 -33.255552 -30.281631 -26.067123 -25.175932 -27.621620 -39.493495 -37.381976 -35.480345 -36.439305 -34.659939 -38.039302 -43.691634 -41.867761 -42.757499 -42.995982 -45.307627 -46.226962 -47.640753 -48.129495 -48.641151 -48.932675 -49.138820 -46.478637 
-18.123819 -17.385950 2.651582 14.224360 9.112181 -9.277387 -16.611674 -18.339047 -19.314492 -22.256614 -26.857484 -24.656812 -24.928459 -25.484596 -23.434573 -29.726814 -32.941771 -35.298061 -29.496305 -28.531937 -23.896114 -24.291958 -35.607078 -39.016540 -38.442082 -38.993821 -37.194302 -35.634941 -39.925365 -43.106709 -44.859248 -47.336711 -49.439822 -47.992349 -50.713070 -53.094584 -53.353037 -53.562343 -52.142444 -47.900945 
-24.660921 -20.416404 -3.440897 7.127465 1.137345 -16.071107 -19.521595 -21.194100 -23.049018 -19.374738 -22.171440 -24.330288 -21.786421 -22.244272 -24.563278 -28.737040 -32.783441 -38.529549 -36.833551 -34.855287 -26.602564 -23.954261 -34.289851 -38.532139 -40.152621 -39.066816 -40.568237 -35.840267 -38.918156 -41.336918 -41.321592 -45.501152 -48.276992 -51.370906 -55.243924 -52.525734 -54.519024 -55.165688 -52.126462 -49.706872 
-23.064929 -21.989930 -13.258379 -1.777583 -7.159477 -21.245068 -21.257554 -23.901074 -31.392443 -20.374685 -22.317993 -32.917051 -25.683724 -24.164992 -26.263186 -28.565172 -32.773483 -36.551260 -35.309254 -29.756165 -26.329637 -29.060995 -37.757898 -38.078198 -39.384749 -45.221343 -41.287533 -37.685564 -40.211727 -37.239671 -41.242151 -47.569325 -51.792978 -51.328888 -54.100451 -51.418933 -53.764665 -53.034914 -49.146706 -46.239093 
-26.717678 -32.142374 -21.091969 -9.539495 -11.771852 -21.097951 -22.322629 -24.951534 -33.885220 -31.279749 -33.953657 -27.308664 -25.893774 -26.140125 -28.508223 -30.568728 -35.799671 -35.654257 -36.067019 -35.214332 -33.739844 -35.604980 -40.646197 -43.108908 -44.849479 -43.608533 -41.400155 -41.692052 -43.413648 -37.581798 -38.096350 -44.603959 -52.337410 -51.166626 -52.629786 -51.788257 -56.402783 -54.041826 -47.208672 -50.307888 
-19.683224 -23.479817 -20.976168 -12.307104 -15.451105 -28.689032 -31.806903 -22.501516 -22.753103 -29.091141 -27.088118 -24.652182 -28.655219 -26.592018 -32.052748 -31.126998 -30.616618 -35.056807 -30.737607 -32.263856 -36.277919 -34.648686 -36.105669 -34.676910 -42.565012 -41.940323 -42.132511 -40.347605 -42.236763 -38.994849 -44.078889 -48.553233 -50.353967 -48.200416 -49.994453 -50.971828 -52.838163 -57.178886 -53.526614 -54.396311 
-29.228805 -23.855897 -17.899234 -15.326255 -18.963546 -25.572008 -26.727531 -24.441741 -25.330850 -27.792870 -25.653574 -26.261271 -33.070970 -35.356383 -36.276405 -36.952031 -38.332953 -39.367862 -37.947566 -32.358354 -31.062342 -34.216479 -40.520006 -37.834062 -44.563904 -43.642139 -41.101939 -42.458133 -45.268709 -43.188298 -41.112120 -52.741919 -52.001827 -50.451844 -49.131068 -55.701035 -56.974897 -60.268501 -58.744391 -58.612583 
-35.436150 -41.536367 -42.898849 -42.453024 -45.143193 -49.559026 -53.287543 -51.104478 -55.912113 -45.719233 -45.328449 -47.039961 -50.541887 -48.563475 -53.268616 -48.098072 -53.164485 -45.688899 -44.821358 -48.257599 -48.507335 -52.556073 -54.891572 -49.123491 -60.787521 -57.563426 -60.358641 -56.599725 -55.331029 -60.970067 -55.872594 -62.164020 -66.008173 -64.832275 -65.133019 -62.999012 -66.547387 -70.635818 -66.360927 -63.614989 
-52.741241 -56.034634 -62.309567 -59.064227 -57.856500 -58.659708 -55.876824 -55.353609 -58.852205 -60.197261 -54.203073 -50.388437 -54.105509 -56.942602 -58.700314 -57.430704 -55.856168 -55.004328 -54.725787 -61.539738 -57.886500 -61.979751 -62.212295 -58.315761 -62.766031 -64.470600 -66.954050 -68.289566 -70.367660 -67.453188 -62.245681 -70.881084 -72.604486 -68.779944 -65.670104 -67.533445 -71.599429 -72.872262 -70.047961 -70.506324 
-66.933225 -81.323130 -82.083307 -79.090573 -74.605852 -74.356316 -72.234476 -77.787620 -72.342896 -73.092059 -71.759208 -67.903165 -67.668066 -71.602960 -69.987152 -69.895762 -71.049936 -73.477736 -72.496839 -74.380476 -75.694995 -73.444802 -73.448797 -69.743444 -67.745758 -71.758448 -72.509088 -73.911361 -72.319631 -78.296800 -75.679435 -76.099923 -73.098557 -72.153316 -73.564837 -75.336516 -72.862780 -72.528101 -74.930155 -76.267572 
-68.865845 -79.666181 -76.387936 -74.946072 -77.858604 -78.403029 -81.802959 -78.301030 -77.650311 -71.612584 -77.018984 -74.106216 -72.779140 -71.639055 -64.319471 -63.768094 -72.314163 -73.190065 -70.255754 -69.168431 -69.062608 -71.376569 -73.032465 -74.497053 -70.502413 -74.560883 -77.384481 -75.275188 -73.028930 -72.353288 -76.850518 -77.029914 -76.070201 -75.231851 -73.512497 -76.903785 -73.722076 -75.038972 -77.775674 -76.267164 
-84.733196 -80.256942 -78.672911 -75.191392 -78.371470 -82.331831 -78.971430 -73.655474 -74.419051 -75.088788 -75.427604 -75.768425 -76.071497 -75.825664 -73.885028 -68.191236 -72.605443 -69.656050 -76.608433 -78.706383 -76.536361 -75.009756 -73.755204 -75.701735 -73.991292 -74.134401 -79.043545 -75.562201 -72.865495 -74.682528 -75.436350 -75.876443 -78.420805 -77.455490 -78.165553 -75.249134 -74.850252 -76.886496 -80.100462 -79.302150 
-72.893987 -72.571796 -72.403484 -74.621387 -79.095092 -78.994171 -76.146749 -77.559394 -71.321065 -72.155546 -74.395542 -71.622964 -74.157044 -73.296979 -71.776912 -69.106748 -70.492728 -69.087197 -70.142308 -70.321893 -74.746426 -75.618976 -74.767276 -78.179885 -75.788711 -72.221206 -76.385001 -78.410378 -77.097521 -75.129883 -75.490796 -73.210062 -76.088781 -76.937671 -77.006799 -76.261962 -76.979296 -75.168390 -76.483074 -76.860798 
-71.619072 -78.959599 -73.684298 -73.831044 -74.566489 -77.837199 -79.316612 -77.936236 -72.416822 -66.911178 -72.357419 -76.092190 -74.817057 -75.391301 -73.274003 -68.073254 -70.472442 -70.134476 -70.030167 -74.719668 -74.620650 -72.995096 -74.283389 -81.556569 -72.507357 -72.924681 -75.884635 -75.399504 -75.818765 -75.576809 -73.122592 -75.383288 -76.030206 -74.441047 -74.673558 -71.921743 -74.893725 -76.048439 -78.535906 -79.381848 
-71.237061 -74.073567 -78.729160 -70.210745 -67.960351 -76.515138 -75.054457 -74.402231 -76.585365 -75.994073 -75.397535 -80.505461 -74.827853 -70.344335 -73.576530 -68.086145 -72.306097 -67.910473 -70.236444 -70.513443 -75.744726 -81.356432 -75.729512 -81.416358 -74.440483 -74.246334 -82.030752 -78.082020 -74.025359 -73.611570 -75.273093 -74.983831 -75.023801 -73.738452 -75.111279 -73.539829 -73.055928 -75.969419 -77.573838 -77.087275 
-73.443532 -70.744085 -71.846440 -75.877313 -68.619958 -71.313053 -69.260875 -72.839646 -76.308054 -76.825542 -74.589653 -71.002585 -68.995998 -70.036839 -66.662772 -66.404973 -70.189572 -68.065903 -73.690366 -74.117990 -75.540462 -75.420178 -74.438310 -72.967756 -72.962181 -74.884357 -76.001159 -75.885364 -75.276503 -73.192160 -76.047172 -75.803586 -76.857475 -77.351103 -76.815137 -75.007459 -73.629350 -76.003002 -81.379941 -79.518368 
-72.573620 -72.070328 -71.737995 -72.111087 -71.888207 -72.511634 -73.901361 -78.542940 -82.559275 -79.454566 -74.212771 -70.551886 -68.612448 -67.976352 -67.529542 -72.940865 -73.936688 -71.003984 -78.284034 -76.096105 -74.808125 -75.433675 -75.857375 -79.120011 -81.428190 -80.471728 -76.135315 -77.353030 -82.467793 -81.791183 -78.529362 -82.877643 -84.510142 -84.446978 -83.434287 -82.128862 -77.515840 -78.909977 -83.883995 -84.688416 
NaN NaN NaN NaN NaN NaN NaN NaN NaN NaN NaN NaN NaN NaN NaN NaN NaN NaN NaN NaN NaN NaN NaN NaN NaN NaN NaN NaN NaN NaN NaN NaN NaN NaN NaN NaN NaN NaN NaN NaN 
NaN NaN NaN NaN NaN NaN NaN NaN NaN NaN NaN NaN NaN NaN NaN NaN NaN NaN NaN NaN NaN NaN NaN NaN NaN NaN NaN NaN NaN NaN NaN NaN NaN NaN NaN NaN NaN NaN NaN NaN 
NaN NaN NaN NaN NaN NaN NaN NaN NaN NaN NaN NaN NaN NaN NaN NaN NaN NaN NaN NaN NaN NaN NaN NaN NaN NaN NaN NaN NaN NaN NaN NaN NaN NaN NaN NaN NaN NaN NaN NaN 
NaN NaN NaN NaN NaN NaN NaN NaN NaN NaN NaN NaN NaN NaN NaN NaN NaN NaN NaN NaN NaN NaN NaN NaN NaN NaN NaN NaN NaN NaN NaN NaN NaN NaN NaN NaN NaN NaN NaN NaN 
NaN NaN NaN NaN NaN NaN NaN NaN NaN NaN NaN NaN NaN NaN NaN NaN NaN NaN NaN NaN NaN NaN NaN NaN NaN NaN NaN NaN NaN NaN NaN NaN NaN NaN NaN NaN NaN NaN NaN NaN 
NaN NaN NaN NaN NaN NaN NaN NaN NaN NaN NaN NaN NaN NaN NaN NaN NaN NaN NaN NaN NaN NaN NaN NaN NaN NaN NaN NaN NaN NaN NaN NaN NaN NaN NaN NaN NaN NaN NaN NaN 
NaN NaN NaN NaN NaN NaN NaN NaN NaN NaN NaN NaN NaN NaN NaN NaN NaN NaN NaN NaN NaN NaN NaN NaN NaN NaN NaN NaN NaN NaN NaN NaN NaN NaN NaN NaN NaN NaN NaN NaN 
NaN NaN NaN NaN NaN NaN NaN NaN NaN NaN NaN NaN NaN NaN NaN NaN NaN NaN NaN NaN NaN NaN NaN NaN NaN NaN NaN NaN NaN NaN NaN NaN NaN NaN NaN NaN NaN NaN NaN NaN 
NaN NaN NaN NaN NaN NaN NaN NaN NaN NaN NaN NaN NaN NaN NaN NaN NaN NaN NaN NaN NaN NaN NaN NaN NaN NaN NaN NaN NaN NaN NaN NaN NaN NaN NaN NaN NaN NaN NaN NaN 
NaN NaN NaN NaN NaN NaN NaN NaN NaN NaN NaN NaN NaN NaN NaN NaN NaN NaN NaN NaN NaN NaN NaN NaN NaN NaN NaN NaN NaN NaN NaN NaN NaN NaN NaN NaN NaN NaN NaN NaN 
NaN NaN NaN NaN NaN NaN NaN NaN NaN NaN NaN NaN NaN NaN NaN NaN NaN NaN NaN NaN NaN NaN NaN NaN NaN NaN NaN NaN NaN NaN NaN NaN NaN NaN NaN NaN NaN NaN NaN NaN 
NaN NaN NaN NaN NaN NaN NaN NaN NaN NaN NaN NaN NaN NaN NaN NaN NaN NaN NaN NaN NaN NaN NaN NaN NaN NaN NaN NaN NaN NaN NaN NaN NaN NaN NaN NaN NaN NaN NaN NaN 
NaN NaN NaN NaN NaN NaN NaN NaN NaN NaN NaN NaN NaN NaN NaN NaN NaN NaN NaN NaN NaN NaN NaN NaN NaN NaN NaN NaN NaN NaN NaN NaN NaN NaN NaN NaN NaN NaN NaN NaN 
NaN NaN NaN NaN NaN NaN NaN NaN NaN NaN NaN NaN NaN NaN NaN NaN NaN NaN NaN NaN NaN NaN NaN NaN NaN NaN NaN NaN NaN NaN NaN NaN NaN NaN NaN NaN NaN NaN NaN NaN 
NaN NaN NaN NaN NaN NaN NaN NaN NaN NaN NaN NaN NaN NaN NaN NaN NaN NaN NaN NaN NaN NaN NaN NaN NaN NaN NaN NaN NaN NaN NaN NaN NaN NaN NaN NaN NaN NaN NaN NaN 
NaN NaN NaN NaN NaN NaN NaN NaN NaN NaN NaN NaN NaN NaN NaN NaN NaN NaN NaN NaN NaN NaN NaN NaN NaN NaN NaN NaN NaN NaN NaN NaN NaN NaN NaN NaN NaN NaN NaN NaN 
NaN NaN NaN NaN NaN NaN NaN NaN NaN NaN NaN NaN NaN NaN NaN NaN NaN NaN NaN NaN NaN NaN NaN NaN NaN NaN NaN NaN NaN NaN NaN NaN NaN NaN NaN NaN NaN NaN NaN NaN 
NaN NaN NaN NaN NaN NaN NaN NaN NaN NaN NaN NaN NaN NaN NaN NaN NaN NaN NaN NaN NaN NaN NaN NaN NaN NaN NaN NaN NaN NaN NaN NaN NaN NaN NaN NaN NaN NaN NaN NaN 
NaN NaN NaN NaN NaN NaN NaN NaN NaN NaN NaN NaN NaN NaN NaN NaN NaN NaN NaN NaN NaN NaN NaN NaN NaN NaN NaN NaN NaN NaN NaN NaN NaN NaN NaN NaN NaN NaN NaN NaN 
NaN NaN NaN NaN NaN NaN NaN NaN NaN NaN NaN NaN NaN NaN NaN NaN NaN NaN NaN NaN NaN NaN NaN NaN NaN NaN NaN NaN NaN NaN NaN NaN NaN NaN NaN NaN NaN NaN NaN NaN 
NaN NaN NaN NaN NaN NaN NaN NaN NaN NaN NaN NaN NaN NaN NaN NaN NaN NaN NaN NaN NaN NaN NaN NaN NaN NaN NaN NaN NaN NaN NaN NaN NaN NaN NaN NaN NaN NaN NaN NaN 
NaN NaN NaN NaN NaN NaN NaN NaN NaN NaN NaN NaN NaN NaN NaN NaN NaN NaN NaN NaN NaN NaN NaN NaN NaN NaN NaN NaN NaN NaN NaN NaN NaN NaN NaN NaN NaN NaN NaN NaN 
NaN NaN NaN NaN NaN NaN NaN NaN NaN NaN NaN NaN NaN NaN NaN NaN NaN NaN NaN NaN NaN NaN NaN NaN NaN NaN NaN NaN NaN NaN NaN NaN NaN NaN NaN NaN NaN NaN NaN NaN 
NaN NaN NaN NaN NaN NaN NaN NaN NaN NaN NaN NaN NaN NaN NaN NaN NaN NaN NaN NaN NaN NaN NaN NaN NaN NaN NaN NaN NaN NaN NaN NaN NaN NaN NaN NaN NaN NaN NaN NaN 
NaN NaN NaN NaN NaN NaN NaN NaN NaN NaN NaN NaN NaN NaN NaN NaN NaN NaN NaN NaN NaN NaN NaN NaN NaN NaN NaN NaN NaN NaN NaN NaN NaN NaN NaN NaN NaN NaN NaN NaN 
NaN NaN NaN NaN NaN NaN NaN NaN NaN NaN NaN NaN NaN NaN NaN NaN NaN NaN NaN NaN NaN NaN NaN NaN NaN NaN NaN NaN NaN NaN NaN NaN NaN NaN NaN NaN NaN NaN NaN NaN 
NaN NaN NaN NaN NaN NaN NaN NaN NaN NaN NaN NaN NaN NaN NaN NaN NaN NaN NaN NaN NaN NaN NaN NaN NaN NaN NaN NaN NaN NaN NaN NaN NaN NaN NaN NaN NaN NaN NaN NaN 
NaN NaN NaN NaN NaN NaN NaN NaN NaN NaN NaN NaN NaN NaN NaN NaN NaN NaN NaN NaN NaN NaN NaN NaN NaN NaN NaN NaN NaN NaN NaN NaN NaN NaN NaN NaN NaN NaN NaN NaN 
NaN NaN NaN NaN NaN NaN NaN NaN NaN NaN NaN NaN NaN NaN NaN NaN NaN NaN NaN NaN NaN NaN NaN NaN NaN NaN NaN NaN NaN NaN NaN NaN NaN NaN NaN NaN NaN NaN NaN NaN 
NaN NaN NaN NaN NaN NaN NaN NaN NaN NaN NaN NaN NaN NaN NaN NaN NaN NaN NaN NaN NaN NaN NaN NaN NaN NaN NaN NaN NaN NaN NaN NaN NaN NaN NaN NaN NaN NaN NaN NaN 
NaN NaN NaN NaN NaN NaN NaN NaN NaN NaN NaN NaN NaN NaN NaN NaN NaN NaN NaN NaN NaN NaN NaN NaN NaN NaN NaN NaN NaN NaN NaN NaN NaN NaN NaN NaN NaN NaN NaN NaN 
NaN NaN NaN NaN NaN NaN NaN NaN NaN NaN NaN NaN NaN NaN NaN NaN NaN NaN NaN NaN NaN NaN NaN NaN NaN NaN NaN NaN NaN NaN NaN NaN NaN NaN NaN NaN NaN NaN NaN NaN 
NaN NaN NaN NaN NaN NaN NaN NaN NaN NaN NaN NaN NaN NaN NaN NaN NaN NaN NaN NaN NaN NaN NaN NaN NaN NaN NaN NaN NaN NaN NaN NaN NaN NaN NaN NaN NaN NaN NaN NaN 
NaN NaN NaN NaN NaN NaN NaN NaN NaN NaN NaN NaN NaN NaN NaN NaN NaN NaN NaN NaN NaN NaN NaN NaN NaN NaN NaN NaN NaN NaN NaN NaN NaN NaN NaN NaN NaN NaN NaN NaN 
NaN NaN NaN NaN NaN NaN NaN NaN NaN NaN NaN NaN NaN NaN NaN NaN NaN NaN NaN NaN NaN NaN NaN NaN NaN NaN NaN NaN NaN NaN NaN NaN NaN NaN NaN NaN NaN NaN NaN NaN 
NaN NaN NaN NaN NaN NaN NaN NaN NaN NaN NaN NaN NaN NaN NaN NaN NaN NaN NaN NaN NaN NaN NaN NaN NaN NaN NaN NaN NaN NaN NaN NaN NaN NaN NaN NaN NaN NaN NaN NaN 
NaN NaN NaN NaN NaN NaN NaN NaN NaN NaN NaN NaN NaN NaN NaN NaN NaN NaN NaN NaN NaN NaN NaN NaN NaN NaN NaN NaN NaN NaN NaN NaN NaN NaN NaN NaN NaN NaN NaN NaN 
NaN NaN NaN NaN NaN NaN NaN NaN NaN NaN NaN NaN NaN NaN NaN NaN NaN NaN NaN NaN NaN NaN NaN NaN NaN NaN NaN NaN NaN NaN NaN NaN NaN NaN NaN NaN NaN NaN NaN NaN 
NaN NaN NaN NaN NaN NaN NaN NaN NaN NaN NaN NaN NaN NaN NaN NaN NaN NaN NaN NaN NaN NaN NaN NaN NaN NaN NaN NaN NaN NaN NaN NaN NaN NaN NaN NaN NaN NaN NaN NaN 
NaN NaN NaN NaN NaN NaN NaN NaN NaN NaN NaN NaN NaN NaN NaN NaN NaN NaN NaN NaN NaN NaN NaN NaN NaN NaN NaN NaN NaN NaN NaN NaN NaN NaN NaN NaN NaN NaN NaN NaN 
NaN NaN NaN NaN NaN NaN NaN NaN NaN NaN NaN NaN NaN NaN NaN NaN NaN NaN NaN NaN NaN NaN NaN NaN NaN NaN NaN NaN NaN NaN NaN NaN NaN NaN NaN NaN NaN NaN NaN NaN 
NaN NaN NaN NaN NaN NaN NaN NaN NaN NaN NaN NaN NaN NaN NaN NaN NaN NaN NaN NaN NaN NaN NaN NaN NaN NaN NaN NaN NaN NaN NaN NaN NaN NaN NaN NaN NaN NaN NaN NaN 
NaN NaN NaN NaN NaN NaN NaN NaN NaN NaN NaN NaN NaN NaN NaN NaN NaN NaN NaN NaN NaN NaN NaN NaN NaN NaN NaN NaN NaN NaN NaN NaN NaN NaN NaN NaN NaN NaN NaN NaN 
NaN NaN NaN NaN NaN NaN NaN NaN NaN NaN NaN NaN NaN NaN NaN NaN NaN NaN NaN NaN NaN NaN NaN NaN NaN NaN NaN NaN NaN NaN NaN NaN NaN NaN NaN NaN NaN NaN NaN NaN 
NaN NaN NaN NaN NaN NaN NaN NaN NaN NaN NaN NaN NaN NaN NaN NaN NaN NaN NaN NaN NaN NaN NaN NaN NaN NaN NaN NaN NaN NaN NaN NaN NaN NaN NaN NaN NaN NaN NaN NaN 
NaN NaN NaN NaN NaN NaN NaN NaN NaN NaN NaN NaN NaN NaN NaN NaN NaN NaN NaN NaN NaN NaN NaN NaN NaN NaN NaN NaN NaN NaN NaN NaN NaN NaN NaN NaN NaN NaN NaN NaN 
NaN NaN NaN NaN NaN NaN NaN NaN NaN NaN NaN NaN NaN NaN NaN NaN NaN NaN NaN NaN NaN NaN NaN NaN NaN NaN NaN NaN NaN NaN NaN NaN NaN NaN NaN NaN NaN NaN NaN NaN 
NaN NaN NaN NaN NaN NaN NaN NaN NaN NaN NaN NaN NaN NaN NaN NaN NaN NaN NaN NaN NaN NaN NaN NaN NaN NaN NaN NaN NaN NaN NaN NaN NaN NaN NaN NaN NaN NaN NaN NaN 
NaN NaN NaN NaN NaN NaN NaN NaN NaN NaN NaN NaN NaN NaN NaN NaN NaN NaN NaN NaN NaN NaN NaN NaN NaN NaN NaN NaN NaN NaN NaN NaN NaN NaN NaN NaN NaN NaN NaN NaN 
NaN NaN NaN NaN NaN NaN NaN NaN NaN NaN NaN NaN NaN NaN NaN NaN NaN NaN NaN NaN NaN NaN NaN NaN NaN NaN NaN NaN NaN NaN NaN NaN NaN NaN NaN NaN NaN NaN NaN NaN 
NaN NaN NaN NaN NaN NaN NaN NaN NaN NaN NaN NaN NaN NaN NaN NaN NaN NaN NaN NaN NaN NaN NaN NaN NaN NaN NaN NaN NaN NaN NaN NaN NaN NaN NaN NaN NaN NaN NaN NaN 
NaN NaN NaN NaN NaN NaN NaN NaN NaN NaN NaN NaN NaN NaN NaN NaN NaN NaN NaN NaN NaN NaN NaN NaN NaN NaN NaN NaN NaN NaN NaN NaN NaN NaN NaN NaN NaN NaN NaN NaN 
NaN NaN NaN NaN NaN NaN NaN NaN NaN NaN NaN NaN NaN NaN NaN NaN NaN NaN NaN NaN NaN NaN NaN NaN NaN NaN NaN NaN NaN NaN NaN NaN NaN NaN NaN NaN NaN NaN NaN NaN 
NaN NaN NaN NaN NaN NaN NaN NaN NaN NaN NaN NaN NaN NaN NaN NaN NaN NaN NaN NaN NaN NaN NaN NaN NaN NaN NaN NaN NaN NaN NaN NaN NaN NaN NaN NaN NaN NaN NaN NaN 
NaN NaN NaN NaN NaN NaN NaN NaN NaN NaN NaN NaN NaN NaN NaN NaN NaN NaN NaN NaN NaN NaN NaN NaN NaN NaN NaN NaN NaN NaN NaN NaN NaN NaN NaN NaN NaN NaN NaN NaN 
NaN NaN NaN NaN NaN NaN NaN NaN NaN NaN NaN NaN NaN NaN NaN NaN NaN NaN NaN NaN NaN NaN NaN NaN NaN NaN NaN NaN NaN NaN NaN NaN NaN NaN NaN NaN NaN NaN NaN NaN 
NaN NaN NaN NaN NaN NaN NaN NaN NaN NaN NaN NaN NaN NaN NaN NaN NaN NaN NaN NaN NaN NaN NaN NaN NaN NaN NaN NaN NaN NaN NaN NaN NaN NaN NaN NaN NaN NaN NaN NaN 
NaN NaN NaN NaN NaN NaN NaN NaN NaN NaN NaN NaN NaN NaN NaN NaN NaN NaN NaN NaN NaN NaN NaN NaN NaN NaN NaN NaN NaN NaN NaN NaN NaN NaN NaN NaN NaN NaN NaN NaN 
NaN NaN NaN NaN NaN NaN NaN NaN NaN NaN NaN NaN NaN NaN NaN NaN NaN NaN NaN NaN NaN NaN NaN NaN NaN NaN NaN NaN NaN NaN NaN NaN NaN NaN NaN NaN NaN NaN NaN NaN 
NaN NaN NaN NaN NaN NaN NaN NaN NaN NaN NaN NaN NaN NaN NaN NaN NaN NaN NaN NaN NaN NaN NaN NaN NaN NaN NaN NaN NaN NaN NaN NaN NaN NaN NaN NaN NaN NaN NaN NaN 
NaN NaN NaN NaN NaN NaN NaN NaN NaN NaN NaN NaN NaN NaN NaN NaN NaN NaN NaN NaN NaN NaN NaN NaN NaN NaN NaN NaN NaN NaN NaN NaN NaN NaN NaN NaN NaN NaN NaN NaN 
NaN NaN NaN NaN NaN NaN NaN NaN NaN NaN NaN NaN NaN NaN NaN NaN NaN NaN NaN NaN NaN NaN NaN NaN NaN NaN NaN NaN NaN NaN NaN NaN NaN NaN NaN NaN NaN NaN NaN NaN 
NaN NaN NaN NaN NaN NaN NaN NaN NaN NaN NaN NaN NaN NaN NaN NaN NaN NaN NaN NaN NaN NaN NaN NaN NaN NaN NaN NaN NaN NaN NaN NaN NaN NaN NaN NaN NaN NaN NaN NaN 
NaN NaN NaN NaN NaN NaN NaN NaN NaN NaN NaN NaN NaN NaN NaN NaN NaN NaN NaN NaN NaN NaN NaN NaN NaN NaN NaN NaN NaN NaN NaN NaN NaN NaN NaN NaN NaN NaN NaN NaN 
NaN NaN NaN NaN NaN NaN NaN NaN NaN NaN NaN NaN NaN NaN NaN NaN NaN NaN NaN NaN NaN NaN NaN NaN NaN NaN NaN NaN NaN NaN NaN NaN NaN NaN NaN NaN NaN NaN NaN NaN 
NaN NaN NaN NaN NaN NaN NaN NaN NaN NaN NaN NaN NaN NaN NaN NaN NaN NaN NaN NaN NaN NaN NaN NaN NaN NaN NaN NaN NaN NaN NaN NaN NaN NaN NaN NaN NaN NaN NaN NaN 
NaN NaN NaN NaN NaN NaN NaN NaN NaN NaN NaN NaN NaN NaN NaN NaN NaN NaN NaN NaN NaN NaN NaN NaN NaN NaN NaN NaN NaN NaN NaN NaN NaN NaN NaN NaN NaN NaN NaN NaN 
NaN NaN NaN NaN NaN NaN NaN NaN NaN NaN NaN NaN NaN NaN NaN NaN NaN NaN NaN NaN NaN NaN NaN NaN NaN NaN NaN NaN NaN NaN NaN NaN NaN NaN NaN NaN NaN NaN NaN NaN 
NaN NaN NaN NaN NaN NaN NaN NaN NaN NaN NaN NaN NaN NaN NaN NaN NaN NaN NaN NaN NaN NaN NaN NaN NaN NaN NaN NaN NaN NaN NaN NaN NaN NaN NaN NaN NaN NaN NaN NaN 
NaN NaN NaN NaN NaN NaN NaN NaN NaN NaN NaN NaN NaN NaN NaN NaN NaN NaN NaN NaN NaN NaN NaN NaN NaN NaN NaN NaN NaN NaN NaN NaN NaN NaN NaN NaN NaN NaN NaN NaN 
NaN NaN NaN NaN NaN NaN NaN NaN NaN NaN NaN NaN NaN NaN NaN NaN NaN NaN NaN NaN NaN NaN NaN NaN NaN NaN NaN NaN NaN NaN NaN NaN NaN NaN NaN NaN NaN NaN NaN NaN 
NaN NaN NaN NaN NaN NaN NaN NaN NaN NaN NaN NaN NaN NaN NaN NaN NaN NaN NaN NaN NaN NaN NaN NaN NaN NaN NaN NaN NaN NaN NaN NaN NaN NaN NaN NaN NaN NaN NaN NaN 
NaN NaN NaN NaN NaN NaN NaN NaN NaN NaN NaN NaN NaN NaN NaN NaN NaN NaN NaN NaN NaN NaN NaN NaN NaN NaN NaN NaN NaN NaN NaN NaN NaN NaN NaN NaN NaN NaN NaN NaN 
NaN NaN NaN NaN NaN NaN NaN NaN NaN NaN NaN NaN NaN NaN NaN NaN NaN NaN NaN NaN NaN NaN NaN NaN NaN NaN NaN NaN NaN NaN NaN NaN NaN NaN NaN NaN NaN NaN NaN NaN 
NaN NaN NaN NaN NaN NaN NaN NaN NaN NaN NaN NaN NaN NaN NaN NaN NaN NaN NaN NaN NaN NaN NaN NaN NaN NaN NaN NaN NaN NaN NaN NaN NaN NaN NaN NaN NaN NaN NaN NaN 
NaN NaN NaN NaN NaN NaN NaN NaN NaN NaN NaN NaN NaN NaN NaN NaN NaN NaN NaN NaN NaN NaN NaN NaN NaN NaN NaN NaN NaN NaN NaN NaN NaN NaN NaN NaN NaN NaN NaN NaN 
NaN NaN NaN NaN NaN NaN NaN NaN NaN NaN NaN NaN NaN NaN NaN NaN NaN NaN NaN NaN NaN NaN NaN NaN NaN NaN NaN NaN NaN NaN NaN NaN NaN NaN NaN NaN NaN NaN NaN NaN 
NaN NaN NaN NaN NaN NaN NaN NaN NaN NaN NaN NaN NaN NaN NaN NaN NaN NaN NaN NaN NaN NaN NaN NaN NaN NaN NaN NaN NaN NaN NaN NaN NaN NaN NaN NaN NaN NaN NaN NaN 
NaN NaN NaN NaN NaN NaN NaN NaN NaN NaN NaN NaN NaN NaN NaN NaN NaN NaN NaN NaN NaN NaN NaN NaN NaN NaN NaN NaN NaN NaN NaN NaN NaN NaN NaN NaN NaN NaN NaN NaN 
NaN NaN NaN NaN NaN NaN NaN NaN NaN NaN NaN NaN NaN NaN NaN NaN NaN NaN NaN NaN NaN NaN NaN NaN NaN NaN NaN NaN NaN NaN NaN NaN NaN NaN NaN NaN NaN NaN NaN NaN 
NaN NaN NaN NaN NaN NaN NaN NaN NaN NaN NaN NaN NaN NaN NaN NaN NaN NaN NaN NaN NaN NaN NaN NaN NaN NaN NaN NaN NaN NaN NaN NaN NaN NaN NaN NaN NaN NaN NaN NaN 
NaN NaN NaN NaN NaN NaN NaN NaN NaN NaN NaN NaN NaN NaN NaN NaN NaN NaN NaN NaN NaN NaN NaN NaN NaN NaN NaN NaN NaN NaN NaN NaN NaN NaN NaN NaN NaN NaN NaN NaN 
NaN NaN NaN NaN NaN NaN NaN NaN NaN NaN NaN NaN NaN NaN NaN NaN NaN NaN NaN NaN NaN NaN NaN NaN NaN NaN NaN NaN NaN NaN NaN NaN NaN NaN NaN NaN NaN NaN NaN NaN 
NaN NaN NaN NaN NaN NaN NaN NaN NaN NaN NaN NaN NaN NaN NaN NaN NaN NaN NaN NaN NaN NaN NaN NaN NaN NaN NaN NaN NaN NaN NaN NaN NaN NaN NaN NaN NaN NaN NaN NaN 
NaN NaN NaN NaN NaN NaN NaN NaN NaN NaN NaN NaN NaN NaN NaN NaN NaN NaN NaN NaN NaN NaN NaN NaN NaN NaN NaN NaN NaN NaN NaN NaN NaN NaN NaN NaN NaN NaN NaN NaN 
NaN NaN NaN NaN NaN NaN NaN NaN NaN NaN NaN NaN NaN NaN NaN NaN NaN NaN NaN NaN NaN NaN NaN NaN NaN NaN NaN NaN NaN NaN NaN NaN NaN NaN NaN NaN NaN NaN NaN NaN 
NaN NaN NaN NaN NaN NaN NaN NaN NaN NaN NaN NaN NaN NaN NaN NaN NaN NaN NaN NaN NaN NaN NaN NaN NaN NaN NaN NaN NaN NaN NaN NaN NaN NaN NaN NaN NaN NaN NaN NaN 
NaN NaN NaN NaN NaN NaN NaN NaN NaN NaN NaN NaN NaN NaN NaN NaN NaN NaN NaN NaN NaN NaN NaN NaN NaN NaN NaN NaN NaN NaN NaN NaN NaN NaN NaN NaN NaN NaN NaN NaN 
NaN NaN NaN NaN NaN NaN NaN NaN NaN NaN NaN NaN NaN NaN NaN NaN NaN NaN NaN NaN NaN NaN NaN NaN NaN NaN NaN NaN NaN NaN NaN NaN NaN NaN NaN NaN NaN NaN NaN NaN 
NaN NaN NaN NaN NaN NaN NaN NaN NaN NaN NaN NaN NaN NaN NaN NaN NaN NaN NaN NaN NaN NaN NaN NaN NaN NaN NaN NaN NaN NaN NaN NaN NaN NaN NaN NaN NaN NaN NaN NaN 
NaN NaN NaN NaN NaN NaN NaN NaN NaN NaN NaN NaN NaN NaN NaN NaN NaN NaN NaN NaN NaN NaN NaN NaN NaN NaN NaN NaN NaN NaN NaN NaN NaN NaN NaN NaN NaN NaN NaN NaN 
NaN NaN NaN NaN NaN NaN NaN NaN NaN NaN NaN NaN NaN NaN NaN NaN NaN NaN NaN NaN NaN NaN NaN NaN NaN NaN NaN NaN NaN NaN NaN NaN NaN NaN NaN NaN NaN NaN NaN NaN 
NaN NaN NaN NaN NaN NaN NaN NaN NaN NaN NaN NaN NaN NaN NaN NaN NaN NaN NaN NaN NaN NaN NaN NaN NaN NaN NaN NaN NaN NaN NaN NaN NaN NaN NaN NaN NaN NaN NaN NaN 
NaN NaN NaN NaN NaN NaN NaN NaN NaN NaN NaN NaN NaN NaN NaN NaN NaN NaN NaN NaN NaN NaN NaN NaN NaN NaN NaN NaN NaN NaN NaN NaN NaN NaN NaN NaN NaN NaN NaN NaN 
NaN NaN NaN NaN NaN NaN NaN NaN NaN NaN NaN NaN NaN NaN NaN NaN NaN NaN NaN NaN NaN NaN NaN NaN NaN NaN NaN NaN NaN NaN NaN NaN NaN NaN NaN NaN NaN NaN NaN NaN 
NaN NaN NaN NaN NaN NaN NaN NaN NaN NaN NaN NaN NaN NaN NaN NaN NaN NaN NaN NaN NaN NaN NaN NaN NaN NaN NaN NaN NaN NaN NaN NaN NaN NaN NaN NaN NaN NaN NaN NaN 
NaN NaN NaN NaN NaN NaN NaN NaN NaN NaN NaN NaN NaN NaN NaN NaN NaN NaN NaN NaN NaN NaN NaN NaN NaN NaN NaN NaN NaN NaN NaN NaN NaN NaN NaN NaN NaN NaN NaN NaN 
NaN NaN NaN NaN NaN NaN NaN NaN NaN NaN NaN NaN NaN NaN NaN NaN NaN NaN NaN NaN NaN NaN NaN NaN NaN NaN NaN NaN NaN NaN NaN NaN NaN NaN NaN NaN NaN NaN NaN NaN 
NaN NaN NaN NaN NaN NaN NaN NaN NaN NaN NaN NaN NaN NaN NaN NaN NaN NaN NaN NaN NaN NaN NaN NaN NaN NaN NaN NaN NaN NaN NaN NaN NaN NaN NaN NaN NaN NaN NaN NaN 
NaN NaN NaN NaN NaN NaN NaN NaN NaN NaN NaN NaN NaN NaN NaN NaN NaN NaN NaN NaN NaN NaN NaN NaN NaN NaN NaN NaN NaN NaN NaN NaN NaN NaN NaN NaN NaN NaN NaN NaN 
NaN NaN NaN NaN NaN NaN NaN NaN NaN NaN NaN NaN NaN NaN NaN NaN NaN NaN NaN NaN NaN NaN NaN NaN NaN NaN NaN NaN NaN NaN NaN NaN NaN NaN NaN NaN NaN NaN NaN NaN 
NaN NaN NaN NaN NaN NaN NaN NaN NaN NaN NaN NaN NaN NaN NaN NaN NaN NaN NaN NaN NaN NaN NaN NaN NaN NaN NaN NaN NaN NaN NaN NaN NaN NaN NaN NaN NaN NaN NaN NaN 
NaN NaN NaN NaN NaN NaN NaN NaN NaN NaN NaN NaN NaN NaN NaN NaN NaN NaN NaN NaN NaN NaN NaN NaN NaN NaN NaN NaN NaN NaN NaN NaN NaN NaN NaN NaN NaN NaN NaN NaN 
NaN NaN NaN NaN NaN NaN NaN NaN NaN NaN NaN NaN NaN NaN NaN NaN NaN NaN NaN NaN NaN NaN NaN NaN NaN NaN NaN NaN NaN NaN NaN NaN NaN NaN NaN NaN NaN NaN NaN NaN 
NaN NaN NaN NaN NaN NaN NaN NaN NaN NaN NaN NaN NaN NaN NaN NaN NaN NaN NaN NaN NaN NaN NaN NaN NaN NaN NaN NaN NaN NaN NaN NaN NaN NaN NaN NaN NaN NaN NaN NaN 
NaN NaN NaN NaN NaN NaN NaN NaN NaN NaN NaN NaN NaN NaN NaN NaN NaN NaN NaN NaN NaN NaN NaN NaN NaN NaN NaN NaN NaN NaN NaN NaN NaN NaN NaN NaN NaN NaN NaN NaN 
NaN NaN NaN NaN NaN NaN NaN NaN NaN NaN NaN NaN NaN NaN NaN NaN NaN NaN NaN NaN NaN NaN NaN NaN NaN NaN NaN NaN NaN NaN NaN NaN NaN NaN NaN NaN NaN NaN NaN NaN 
NaN NaN NaN NaN NaN NaN NaN NaN NaN NaN NaN NaN NaN NaN NaN NaN NaN NaN NaN NaN NaN NaN NaN NaN NaN NaN NaN NaN NaN NaN NaN NaN NaN NaN NaN NaN NaN NaN NaN NaN 
NaN NaN NaN NaN NaN NaN NaN NaN NaN NaN NaN NaN NaN NaN NaN NaN NaN NaN NaN NaN NaN NaN NaN NaN NaN NaN NaN NaN NaN NaN NaN NaN NaN NaN NaN NaN NaN NaN NaN NaN 
NaN NaN NaN NaN NaN NaN NaN NaN NaN NaN NaN NaN NaN NaN NaN NaN NaN NaN NaN NaN NaN NaN NaN NaN NaN NaN NaN NaN NaN NaN NaN NaN NaN NaN NaN NaN NaN NaN NaN NaN 
NaN NaN NaN NaN NaN NaN NaN NaN NaN NaN NaN NaN NaN NaN NaN NaN NaN NaN NaN NaN NaN NaN NaN NaN NaN NaN NaN NaN NaN NaN NaN NaN NaN NaN NaN NaN NaN NaN NaN NaN 
NaN NaN NaN NaN NaN NaN NaN NaN NaN NaN NaN NaN NaN NaN NaN NaN NaN NaN NaN NaN NaN NaN NaN NaN NaN NaN NaN NaN NaN NaN NaN NaN NaN NaN NaN NaN NaN NaN NaN NaN 
NaN NaN NaN NaN NaN NaN NaN NaN NaN NaN NaN NaN NaN NaN NaN NaN NaN NaN NaN NaN NaN NaN NaN NaN NaN NaN NaN NaN NaN NaN NaN NaN NaN NaN NaN NaN NaN NaN NaN NaN 
NaN NaN NaN NaN NaN NaN NaN NaN NaN NaN NaN NaN NaN NaN NaN NaN NaN NaN NaN NaN NaN NaN NaN NaN NaN NaN NaN NaN NaN NaN NaN NaN NaN NaN NaN NaN NaN NaN NaN NaN 
NaN NaN NaN NaN NaN NaN NaN NaN NaN NaN NaN NaN NaN NaN NaN NaN NaN NaN NaN NaN NaN NaN NaN NaN NaN NaN NaN NaN NaN NaN NaN NaN NaN NaN NaN NaN NaN NaN NaN NaN 
NaN NaN NaN NaN NaN NaN NaN NaN NaN NaN NaN NaN NaN NaN NaN NaN NaN NaN NaN NaN NaN NaN NaN NaN NaN NaN NaN NaN NaN NaN NaN NaN NaN NaN NaN NaN NaN NaN NaN NaN 
NaN NaN NaN NaN NaN NaN NaN NaN NaN NaN NaN NaN NaN NaN NaN NaN NaN NaN NaN NaN NaN NaN NaN NaN NaN NaN NaN NaN NaN NaN NaN NaN NaN NaN NaN NaN NaN NaN NaN NaN 
NaN NaN NaN NaN NaN NaN NaN NaN NaN NaN NaN NaN NaN NaN NaN NaN NaN NaN NaN NaN NaN NaN NaN NaN NaN NaN NaN NaN NaN NaN NaN NaN NaN NaN NaN NaN NaN NaN NaN NaN 
-78.512584 -79.418433 -81.001893 -83.672631 -86.367918 -87.260878 -87.254607 -86.384386 -85.674609 -85.424827 -82.996596 -85.852458 -85.202261 -81.849212 -82.318735 -84.981158 -86.537697 -83.817244 -84.729131 -84.933258 -87.716287 -87.180605 -84.365504 -84.281186 -86.598463 -93.449183 -95.104404 -89.414193 -84.155556 -84.513487 -91.173130 -89.702643 -85.655261 -86.857651 -90.412541 -90.653859 -93.625641 -92.162420 -94.351711 -89.215626 
-68.658541 -70.312855 -71.753194 -77.381806 -81.488316 -77.918029 -73.286963 -71.232008 -74.437175 -78.092528 -71.407171 -75.449565 -77.213067 -68.396191 -70.504159 -67.757564 -71.866825 -75.762452 -77.465584 -78.491125 -79.661584 -77.932817 -75.984850 -75.782655 -77.405605 -77.752104 -79.516749 -78.766399 -75.403927 -75.439971 -78.626454 -77.408556 -73.854944 -74.019479 -76.856091 -75.234948 -78.941321 -78.776456 -81.125924 -77.103375 
-74.211202 -82.515363 -81.011095 -77.295575 -80.714207 -83.019393 -80.734916 -77.608675 -80.884630 -83.290435 -80.601856 -81.843329 -83.150005 -71.172013 -75.274068 -74.422614 -79.011407 -78.294948 -75.590077 -81.134181 -77.554221 -76.641182 -75.607773 -76.666118 -75.795969 -76.372201 -77.263924 -76.560137 -75.206877 -72.645036 -76.213013 -79.724619 -80.796824 -79.127193 -77.476443 -77.486715 -81.137667 -76.465210 -79.865214 -81.891086 
-80.382230 -79.976913 -76.075759 -77.608363 -81.439604 -79.883589 -80.413595 -80.294376 -82.650920 -76.094309 -77.302220 -82.966571 -80.281861 -77.165446 -72.212203 -71.443763 -75.448484 -75.352829 -77.321461 -73.879005 -75.476439 -76.427006 -77.083129 -80.850380 -74.490475 -77.362350 -79.749253 -82.808863 -76.818806 -73.115908 -75.151169 -78.535717 -75.526198 -75.301123 -74.888347 -76.923696 -79.839357 -76.481581 -79.033993 -79.755364 
-67.689328 -70.804190 -73.297578 -70.720380 -74.789474 -77.450528 -74.270894 -73.017663 -80.072621 -73.781323 -75.353570 -77.888974 -79.715709 -71.217713 -77.133489 -74.431061 -72.407460 -72.419633 -73.441882 -69.882143 -74.952663 -77.462711 -77.471655 -75.641036 -69.776347 -76.617939 -79.883387 -77.965995 -74.588257 -75.859767 -74.956169 -76.040698 -72.664718 -77.189960 -74.129708 -72.793664 -75.521830 -75.449584 -76.672421 -77.815877 
-34.500113 -29.767099 -28.446509 -32.268378 -39.244354 -42.265099 -45.417097 -52.129019 -58.983218 -62.196983 -63.952166 -58.992243 -57.471483 -57.210071 -59.804398 -66.229109 -66.623020 -68.146357 -65.482246 -67.404036 -68.256318 -69.265355 -72.027242 -70.236526 -66.302870 -66.965339 -70.968259 -69.762832 -70.065956 -68.666647 -68.377966 -69.525904 -70.060932 -70.839615 -72.428717 -69.745136 -72.666423 -71.540010 -73.368430 -76.157270 
-24.556459 -19.656242 -19.995931 -24.913905 -36.752079 -40.372636 -40.186726 -46.338276 -52.870573 -56.315242 -57.422674 -55.155986 -55.010719 -56.032485 -57.393844 -64.454865 -62.334748 -63.693208 -59.284100 -61.078559 -63.441562 -63.248476 -68.775331 -68.701160 -61.801245 -63.835393 -66.267465 -63.948493 -65.194113 -65.237527 -65.875200 -70.322597 -68.577123 -65.555529 -71.561710 -70.148297 -67.899918 -64.468638 -67.259487 -67.838313 
-23.137892 -24.417296 -24.769588 -31.214262 -38.424935 -41.516408 -42.963161 -46.035307 -49.291392 -54.886737 -59.622361 -55.561625 -55.576389 -58.337872 -58.383360 -58.472814 -64.325795 -61.901507 -63.918055 -64.316515 -65.061737 -65.748967 -64.263281 -62.621812 -60.842055 -60.759103 -62.535022 -64.292409 -64.731710 -65.983206 -67.571572 -68.770419 -69.982584 -66.897957 -69.057806 -69.597431 -66.627192 -63.849933 -64.477941 -67.973322 
-25.632360 -26.544736 -27.123780 -32.081524 -40.161512 -46.689941 -48.302149 -55.864643 -59.177207 -55.421253 -55.667767 -57.643294 -59.834799 -63.180649 -56.464982 -58.224733 -69.855412 -69.054237 -67.912618 -65.747390 -66.226779 -70.035649 -64.912470 -63.779677 -64.785318 -62.277573 -62.122739 -62.167393 -66.147890 -70.297350 -66.527980 -72.044559 -71.146860 -69.428682 -71.355690 -68.544890 -70.627672 -64.730146 -66.465853 -73.470814 
