-31.343686 -25.688419 -17.760131 -9.775648 -13.471880 -22.595158 -26.323194 -24.280410 -26.260782 -29.826570 -33.911007 -35.903840 -38.883702 -38.844013 -39.859521 -40.596633 -41.838818 -42.932226 -43.496372 -43.884635 -44.805797 -45.773761 -46.591788 -47.016169 -47.351746 -47.341894 -47.205277 -48.785226 -49.657446 -50.309160 -50.962784 -50.980837 -51.644850 -52.120701 -52.516739 -53.119619 -53.357060 -53.589697 -53.683607 -53.717640 
-21.061004 -21.617625 -9.934948 8.000125 11.822087 5.621815 -5.132196 -9.943828 -11.386270 -22.455031 -14.104591 -17.199956 -29.669767 -35.018281 -38.069832 -40.090905 -39.970590 -40.475687 -39.954014 -39.182129 -44.223141 -42.219708 -42.434484 -41.398890 -34.771787 -28.776643 -32.196590 -44.870170 -48.601572 -50.185956 -50.638222 -48.992245 -47.873565 -49.005231 -49.952679 -51.576668 -52.481234 -52.311063 -52.567499 -51.898109 
-23.141006 -20.582979 -0.999354 18.005169 20.333921 6.553840 -5.418614 0.631264 -5.795727 -18.210658 -4.546211 -11.547314 -21.737561 -21.271001 -26.761094 -28.089071 -29.802099 -30.114211 -30.431294 -32.161506 -31.743948 -32.811666 -33.553107 -32.174372 -27.250489 -21.329049 -25.611599 -34.322106 -37.945822 -38.487973 -39.173240 -39.038652 -37.093340 -40.026941 -40.864883 -41.232353 -41.653316 -41.900668 -41.936927 -42.013895 
-16.440618 -15.989574 -5.243597 20.615959 22.440349 4.191365 -8.619464 6.868919 -0.044333 -16.110151 -1.171399 -11.348064 -20.899431 -20.285159 -29.852261 -29.895406 -31.848085 -32.264857 -31.784974 -33.196027 -31.879690 -32.869561 -33.672896 -32.644251 -28.224894 -23.278292 -28.294396 -33.770855 -40.445473 -40.535094 -41.093014 -39.622456 -37.676335 -41.717661 -43.170739 -43.432439 -44.405261 -44.650666 -44.132059 -43.521338 
-21.892838 -19.029975 -5.958237 21.425832 23.423311 4.766887 -7.946835 9.410523 1.607058 -16.281816 -0.914459 -11.930910 -20.705565 -19.120610 -29.582192 -29.563551 -31.030225 -29.710583 -31.251666 -31.992983 -29.959166 -30.164316 -31.524591 -31.631518 -25.955703 -19.682316 -24.605864 -34.148117 -39.631380 -39.312233 -38.485922 -39.504046 -36.320324 -40.390151 -41.491530 -41.837532 -42.805164 -43.174051 -42.494274 -41.402780 
-13.383367 -14.812050 -1.721132 22.166299 23.526400 4.502992 -6.365936 10.572758 3.980084 -13.450319 0.853183 -8.635000 -18.953435 -19.131147 -24.331428 -24.222342 -25.979232 -27.537261 -24.325903 -25.577489 -27.923249 -26.685147 -27.193013 -28.938091 -23.872266 -18.943895 -25.284737 -33.129712 -35.819596 -35.678581 -36.533469 -37.067686 -34.032098 -37.524441 -39.064952 -39.091043 -39.591816 -39.971298 -40.067024 -38.579702 
-14.542675 -15.236762 -4.225199 21.428598 23.603058 5.442760 -8.134459 9.970161 5.374208 -14.022888 3.114931 -2.800496 -23.487067 -21.853651 -28.527512 -28.045710 -26.411665 -25.569213 -24.883545 -24.906523 -23.837237 -26.570195 -26.517116 -26.214932 -21.428519 -19.636281 -26.206580 -34.399114 -39.892300 -36.574970 -37.554944 -37.547169 -32.782414 -38.401254 -42.499264 -42.660473 -46.288080 -45.484442 -46.687844 -45.655963 
-26.861017 -21.875881 -11.481360 20.067873 23.746750 7.507081 -1.355065 9.711400 7.173714 -0.558133 3.998594 3.051676 -11.605629 -14.684130 -16.794316 -18.764928 -15.943409 -18.993033 -16.565644 -11.794308 -9.440960 -12.065151 -17.085891 -19.036093 -15.673727 -14.727950 -19.955772 -24.503601 -29.802463 -27.215602 -26.191232 -23.689950 -26.051477 -28.715175 -31.776207 -34.928336 -36.780933 -36.167338 -36.948884 -37.235875 
-19.689856 -15.833562 -5.272634 17.394844 23.470261 12.382151 4.662017 13.998647 23.222740 14.442485 2.701765 10.755391 -1.942083 -3.976953 -6.259398 -12.043579 -4.800144 -12.107102 -4.137049 -2.416109 4.510547 -0.274782 -2.500451 -7.536053 -8.175937 -10.439684 -13.074184 -13.767828 -16.787834 -17.297769 -15.870298 -10.891129 -15.105561 -18.573235 -23.610220 -34.258025 -40.697125 -38.761549 -40.323580 -40.688874 
-17.985482 -14.585009 -8.564619 7.735931 21.260759 14.466544 -3.230274 8.692057 25.065565 16.674400 -3.407965 13.130968 8.377466 -10.168205 2.774932 -9.041744 -1.768850 -7.903934 -2.562158 -5.611715 -0.422782 0.014907 6.605771 -0.894452 -5.383206 -7.977088 -9.932174 -8.244169 -10.275463 -12.062663 -12.885319 -9.112334 -11.302425 -16.977510 -20.202555 -26.900530 -33.284433 -34.052157 -34.662218 -33.904169 
-16.975971 -11.467426 -9.235058 6.111816 20.800892 15.515718 -8.896113 -0.782378 21.363821 14.035362 -10.522310 13.027258 11.732362 -8.191642 5.526898 -5.121836 -3.183597 -5.542567 -5.397388 -6.679536 -1.730937 -1.656983 6.150155 4.318975 0.230225 -7.511480 -4.756750 -3.582062 -9.667167 -9.933710 -13.543695 -8.764442 -8.729203 -13.317741 -19.174035 -26.732675 -30.361036 -30.966674 -31.650184 -31.227591 
-27.577610 -15.789850 -10.954479 3.581059 20.114872 15.989412 -7.068232 -8.875617 18.547569 14.232283 -7.936146 11.928023 14.108294 -12.146904 3.825332 -3.234763 -8.250373 -6.142627 -4.630945 -2.425623 -3.083009 -5.079434 3.775248 4.669947 1.529729 -13.860028 -2.947443 -2.971768 -7.721988 -8.888589 -11.862624 -7.155778 -8.138859 -12.258369 -20.266989 -27.618126 -36.631918 -38.159053 -36.471831 -36.037309 
-29.095434 -19.000404 -16.875529 2.425222 19.741804 16.234110 -5.331108 -8.292036 17.892928 13.962411 -9.764981 11.922509 14.962269 -10.622770 3.872196 -3.294848 -8.155679 -5.200478 -6.701480 -3.210024 -3.111632 -4.399381 3.099734 1.798098 0.603795 -13.690368 -8.196520 -4.570107 -7.905793 -10.339919 -11.512293 -11.418300 -9.758068 -15.320562 -23.905808 -31.318628 -41.063607 -36.748184 -32.311956 -35.053273 
-14.514061 -13.569807 -14.358767 2.760094 19.606609 15.660638 -5.965332 -6.775813 17.217086 11.490267 -11.251521 12.717543 13.062066 -11.405482 3.904184 -4.815482 -6.964602 -7.042047 -6.377442 -5.456740 -6.484191 -8.099936 0.899872 2.122823 -0.540999 -8.727309 -6.602788 -5.453979 -9.650694 -9.753588 -12.021725 -10.064833 -10.488124 -13.757524 -22.329476 -36.178651 -38.824038 -36.249401 -34.053885 -33.615569 
-17.138979 -16.605959 -19.513016 4.078967 19.300071 13.956567 -8.838612 -4.950401 17.100085 9.560704 -11.202929 12.852975 11.402045 -10.547697 3.289413 -9.753289 -7.641882 -11.959540 -6.906715 -10.430472 -5.937040 -6.816872 -0.523905 1.452308 -2.368222 -7.475825 -8.599491 -4.619146 -10.384101 -10.015074 -12.888994 -8.061972 -8.597411 -12.236686 -19.398716 -33.703523 -39.804901 -37.680774 -34.366783 -33.085885 
-21.435426 -20.393884 -24.252306 3.883568 19.066854 13.233601 -8.751609 -2.920032 16.952249 7.881203 -14.429498 12.321472 8.791081 -10.176295 4.567310 -9.332170 -5.310208 -11.861305 -4.846212 -10.750988 -6.013553 -7.889728 -2.391060 3.726554 -2.329059 -6.126991 -9.839828 -6.096862 -9.762207 -11.294870 -12.043875 -8.390983 -10.206943 -13.685393 -20.120816 -32.783133 -48.769133 -41.365774 -38.455114 -38.399872 
-14.954380 -14.992078 -16.222500 4.447527 19.096422 13.276900 -9.785296 -1.009868 17.068427 6.438779 -7.278526 11.271183 6.230277 -8.533832 4.805138 -11.292876 -3.342674 -7.906006 -2.931065 -8.814071 -5.503374 -6.507940 -2.919434 4.160241 -1.661701 -4.403299 -10.530023 -7.082819 -10.164263 -13.107648 -18.215170 -12.226156 -12.674070 -14.551545 -18.238828 -28.487514 -44.277987 -41.463329 -37.797423 -37.231431 
-19.489392 -20.074058 -19.588864 5.697568 18.871308 11.965847 -13.674843 1.755550 17.751305 4.860278 -5.367675 13.390222 4.692164 -2.257132 5.722023 -11.193455 -1.857656 -9.466635 -1.175339 -10.156424 -6.234388 -5.625275 -2.297462 5.492151 -1.489896 -6.920066 -5.836435 -3.973745 -5.557505 -8.397441 -15.623324 -13.090066 -14.524235 -13.632787 -19.822595 -30.370180 -41.268106 -38.806119 -35.312712 -34.072839 
-32.384500 -27.163083 -23.604807 7.489104 18.424693 8.854829 -15.131968 6.381191 18.701191 3.825145 -4.445240 14.063770 1.250062 1.736731 6.801612 -9.989930 0.144472 -8.310937 -0.379450 -8.338333 -5.595396 -3.818716 -1.427341 4.122541 0.959451 -7.828649 -6.144296 -5.504780 -5.144827 -8.275121 -12.121478 -12.947912 -13.628636 -15.380045 -22.043446 -29.796825 -33.606913 -33.563205 -33.405859 -32.978550 
-20.982168 -22.230028 -18.543317 7.842119 18.305123 8.917475 -13.926147 8.232043 18.655462 0.846220 -0.408702 14.890565 0.376888 4.649766 6.980334 -6.207443 1.309927 -6.930297 0.577483 -4.160125 -3.598791 -2.946655 0.292455 4.639747 3.537957 -4.819228 -3.762104 -4.734028 -7.647429 -9.206139 -11.707766 -14.100315 -12.796964 -15.366292 -21.664393 -28.008378 -40.810796 -39.599459 -35.422537 -34.166023 
-22.598453 -23.222276 -20.794004 8.660390 18.273456 7.159955 -13.612072 11.105944 18.535483 -1.628874 2.725899 15.026672 -1.988411 7.449411 7.645274 -3.693801 3.288265 -4.789547 1.460855 -2.799309 -3.591804 -1.479062 2.453482 3.801948 3.054163 -4.722644 -6.361250 -7.957037 -10.134363 -9.492274 -9.576810 -10.729398 -14.266403 -17.185774 -24.340796 -29.707251 -36.397141 -36.261516 -34.209336 -32.620152 
-22.125259 -22.952999 -17.803109 9.533609 18.869807 8.818832 -14.077692 9.704505 17.930820 -2.603102 3.263182 15.603242 -0.211546 9.318101 8.053122 -2.259818 3.730984 -3.083064 1.298868 -2.219426 -2.560663 0.533982 3.804285 4.282442 4.062187 -3.373366 -3.942162 -5.917719 -8.442617 -9.412526 -7.684299 -10.066499 -10.982365 -19.266480 -26.112200 -31.100252 -43.206941 -44.468212 -37.367369 -34.176310 
-22.888895 -20.791676 -18.210612 10.144372 18.734196 6.806403 -16.167543 11.800579 17.767317 -3.820609 5.165919 14.664118 -6.464281 12.233954 9.085005 1.601596 3.779108 -0.693572 0.597190 1.104341 -2.703842 0.149689 4.367501 2.560391 1.228061 -4.413398 -3.700443 -5.746586 -9.497170 -11.336169 -10.555078 -10.889160 -11.038915 -17.244021 -23.237856 -30.537996 -34.538510 -34.530540 -32.532792 -34.033941 
-20.158229 -19.186387 -15.462792 11.347890 18.753195 6.311558 -10.244483 14.081467 17.629803 -8.246291 8.030734 13.916255 -5.768636 15.786017 8.479455 4.306188 3.761679 1.177012 0.115112 2.430792 -1.020176 2.555735 8.104230 4.422767 1.622063 -5.819063 -4.475641 -5.075208 -9.556128 -9.615235 -10.822916 -11.252563 -14.408194 -18.932031 -25.905149 -30.863200 -42.561556 -42.758621 -34.945010 -34.970624 
-26.093994 -19.427756 -16.773713 12.231433 18.413170 4.298093 -10.263737 16.230111 17.040799 -8.057983 10.414654 11.909890 -1.905279 17.348625 6.403650 6.622829 2.261122 -0.028057 -2.931149 3.055426 0.346670 3.937020 9.937377 3.078805 0.514478 -3.381667 -4.569169 -6.765088 -9.990777 -10.417173 -10.594906 -10.159669 -19.864905 -21.405386 -27.961821 -31.567431 -38.579096 -41.784564 -35.881069 -33.239214 
-33.425279 -22.940289 -13.411723 13.233352 18.258702 3.106306 -8.681146 17.021086 15.709098 -13.303974 11.318725 8.968601 3.442681 17.947960 2.955580 6.803527 -3.159814 1.232594 -3.884147 1.492948 3.677966 4.299148 9.777168 3.914628 -0.011848 -3.909085 -5.696030 -4.606008 -8.604925 -10.829053 -10.111189 -9.871150 -17.676051 -21.970741 -27.104074 -31.273573 -41.545029 -47.180648 -38.824516 -33.750184 
-35.888094 -27.138318 -16.610491 13.756952 18.338412 2.131695 -4.256846 17.631290 13.733427 -10.867738 10.473166 4.008242 6.503137 17.514067 0.131819 5.671660 -5.789296 0.409760 -1.981690 -0.388415 3.819499 6.122168 7.419995 2.879602 -0.204476 -7.301775 -8.709604 -7.675306 -12.011637 -10.009873 -12.092448 -12.613013 -14.844735 -20.590302 -25.569266 -31.416103 -38.645719 -40.933815 -37.454901 -33.905298 
-21.037494 -20.120488 -15.412935 15.106197 18.687308 2.267371 -1.810515 17.763378 12.602756 -9.551997 10.905961 3.698023 8.581670 16.397791 -0.413326 6.029055 -3.108066 1.523884 0.351017 1.973410 5.226122 6.836535 6.345935 0.947467 -2.293110 -7.630853 -9.443538 -4.474111 -10.113628 -9.286343 -8.491208 -12.877283 -15.734840 -20.394892 -26.499915 -31.722926 -36.582424 -39.517954 -35.444069 -33.486362 
-23.174111 -20.025679 -12.067388 15.666197 18.142359 0.590447 2.008697 17.646401 9.528784 -3.526106 11.636619 -0.689196 11.399222 13.186513 2.196415 4.902449 0.456891 2.397001 3.473529 2.054788 7.199089 10.085751 4.458789 0.043391 -2.849298 -7.463019 -10.759500 -9.701889 -8.645101 -10.999455 -12.153038 -11.323990 -16.629424 -22.156744 -25.798825 -30.833132 -34.698687 -39.369117 -37.108993 -35.341058 
-17.350922 -20.586862 -4.712628 16.778830 16.562862 -4.029050 4.921899 16.888718 3.693889 3.184540 11.057965 -1.746189 13.329141 7.919092 7.668136 4.234589 5.086182 1.004637 4.709295 3.173397 3.791255 9.359540 2.541047 -0.160360 -1.544107 -8.131716 -9.133850 -9.094329 -10.240742 -9.703458 -11.609426 -12.247509 -19.073725 -22.584213 -24.398550 -28.102212 -30.717632 -34.574418 -34.355176 -32.406936 
-29.303249 -17.881307 -2.036425 17.003946 15.123554 -6.537966 9.509070 15.010931 0.549831 9.690737 8.588049 3.568730 12.846330 4.333773 10.623012 2.419032 5.442348 1.254857 1.453211 4.752699 7.384160 8.134437 4.706948 -0.834737 -1.957095 -6.344417 -7.802522 -8.681439 -11.887017 -9.928072 -10.736014 -10.710459 -18.710879 -23.196601 -25.031739 -29.059691 -32.733187 -34.892065 -34.358597 -31.110881 
-22.787331 -13.551840 5.878760 18.153623 13.115065 -1.016770 12.953704 10.423288 -0.039795 12.139327 3.239453 7.738996 7.372813 11.416814 8.976049 2.805241 -1.050302 -2.200753 1.773865 1.733072 6.736611 9.349868 0.690406 -3.369956 -5.063556 -7.431043 -7.526149 -6.812111 -12.072207 -10.318125 -10.040585 -10.359425 -15.983727 -20.484549 -23.536084 -29.453587 -36.497663 -42.634575 -37.741849 -33.073727 
-27.816946 -14.204841 7.730313 17.137441 9.130407 3.314588 13.665985 4.333863 6.011572 9.330422 1.968562 8.686173 5.683952 11.987250 2.639918 0.208837 -1.821327 -1.778667 3.710903 0.607118 6.918630 8.496942 2.428873 -1.598521 -3.901312 -11.017136 -10.466453 -9.339214 -14.566000 -13.118733 -14.260217 -14.145880 -17.010862 -21.739747 -26.493506 -31.900957 -37.967532 -42.079667 -39.169601 -38.380479 
-22.834111 -16.328931 9.620144 15.926196 3.578131 7.905632 12.637846 -0.489901 10.899629 5.541363 4.980852 4.022445 10.476772 8.462952 1.712686 -2.390100 -0.528439 -2.058986 -2.314961 -2.118268 2.885592 7.359743 0.871304 -3.272398 -5.813376 -7.962452 -8.933061 -7.480854 -13.096762 -12.967248 -14.996711 -14.455476 -18.756377 -22.463834 -25.850239 -34.770835 -39.713158 -42.925838 -37.986350 -36.210762 
-20.984787 -5.096945 12.921952 15.720184 1.235449 10.413839 11.121136 1.905876 12.803699 1.177619 6.641298 1.566782 10.654054 4.855184 4.825355 -0.054418 -4.279736 -4.092155 -0.888149 -2.331645 4.204351 3.816935 0.376566 -3.369946 -6.043745 -7.824791 -8.146250 -6.850129 -14.164001 -14.934368 -16.210582 -15.080282 -18.886399 -26.203227 -29.867205 -34.745222 -42.029840 -45.513611 -40.251976 -38.342675 
-22.564621 -2.113183 14.203453 15.010169 -0.226866 12.429393 10.209302 4.644032 13.096174 -0.732900 5.598523 1.930087 10.299586 2.770448 1.364724 -1.201148 -5.938551 -2.603052 0.854788 -3.314977 3.077437 2.334470 -4.182270 -6.802963 -9.842099 -13.769603 -11.042370 -10.059493 -16.036668 -15.607391 -18.247944 -14.101037 -19.329711 -23.111083 -30.268119 -32.835408 -42.172194 -48.199279 -41.465996 -36.424590 
-27.521781 -2.013764 14.067601 14.111587 -0.131831 13.089151 9.600968 6.570597 12.862118 -0.761274 4.689653 2.117199 7.723157 0.588920 -1.340839 -5.036487 -9.031009 -6.617607 -2.378602 -4.758495 -0.259772 1.524772 -6.992568 -9.053803 -11.064459 -14.866710 -11.591002 -9.265481 -13.896742 -17.209913 -17.081672 -14.433568 -18.948768 -24.357763 -28.828243 -33.442813 -40.769197 -43.650083 -39.682688 -36.768172 
-22.178235 -0.665779 14.674093 13.274829 -0.960960 13.066266 8.562041 7.556611 12.746086 0.412196 3.738977 2.085643 4.590674 -2.489854 -6.093475 -6.187926 -10.516550 -9.359688 -8.360704 -6.169421 -2.495724 0.189085 -6.658476 -11.494643 -12.352726 -16.558556 -16.458746 -11.278899 -13.521557 -15.935939 -17.951532 -15.973037 -21.095159 -22.625975 -27.048641 -31.365386 -38.044762 -39.462910 -38.475284 -36.512722 
-32.157569 0.292883 14.965894 13.484468 0.389752 13.025588 7.613094 8.694719 11.290318 -0.783150 1.777025 -0.706053 0.356925 -5.833492 -8.662627 -9.590589 -15.079378 -15.803927 -15.352866 -13.917190 -8.689015 -4.383768 -8.497643 -13.018784 -13.234398 -18.894948 -18.406073 -13.926520 -17.449362 -18.885759 -21.308055 -17.484025 -25.573709 -27.000080 -30.526527 -35.297034 -45.142582 -46.795063 -45.735382 -45.033400 
-25.518937 0.276802 14.859748 13.236498 4.356825 12.875686 6.590584 11.212866 6.460097 -3.131961 -3.280984 -3.869445 -7.188504 -11.892014 -15.655534 -17.135325 -21.695251 -25.894291 -20.863519 -20.180864 -12.236980 -9.702971 -12.732620 -19.486897 -21.641777 -24.593516 -19.265787 -20.802901 -25.100903 -28.161584 -27.786181 -24.742997 -27.866757 -32.144468 -35.886134 -44.208963 -50.865337 -55.925311 -55.846485 -53.500034 
-22.649393 0.772716 14.395656 12.048494 8.002823 12.418016 5.666530 7.309735 -1.247833 -1.391044 -6.028493 -10.174289 -16.514022 -20.227983 -23.358391 -24.840647 -27.677731 -27.920016 -24.351618 -26.025984 -19.984254 -18.028751 -24.625302 -25.650685 -27.090608 -26.998039 -25.201646 -28.736386 -32.772186 -33.126584 -31.822755 -33.879774 -36.963746 -38.625456 -40.478969 -42.136704 -42.978032 -43.287944 -43.495180 -43.645052 
-33.799170 2.608290 15.017748 11.142326 4.399259 13.376786 4.246658 2.199260 -1.559797 -1.885799 -5.920741 -12.255097 -17.387153 -27.224867 -34.428519 -33.767741 -34.806797 -35.347883 -30.363617 -28.621813 -21.421680 -24.760147 -30.447814 -29.032160 -31.177829 -28.974900 -29.384955 -34.616600 -39.300599 -39.846062 -38.364771 -39.490842 -39.835996 -43.183036 -46.353566 -49.507264 -56.833474 -65.438593 -60.884890 -56.124932 
-22.130475 3.988763 15.985645 11.997980 4.573078 12.125156 0.411133 2.612427 -3.219895 -3.411568 -11.396148 -12.379259 -24.734494 -33.259400 -39.739211 -39.398667 -43.573636 -43.145545 -38.863004 -34.250656 -26.057205 -30.663237 -37.261334 -34.922297 -33.212542 -32.524639 -34.264840 -39.668940 -50.749315 -52.582579 -51.658786 -45.825143 -43.305948 -46.834518 -49.399166 -49.518023 -54.113592 -56.579804 -55.504119 -53.808466 
-23.195085 3.771046 15.504570 10.556543 4.976636 10.969669 -0.390947 3.193938 -6.386033 -6.068255 -14.188876 -13.038868 -31.043540 -35.283861 -37.484726 -45.012699 -47.767939 -44.454630 -37.876816 -38.140308 -30.599102 -33.046821 -40.738986 -38.722148 -36.954041 -36.194527 -34.752123 -40.701879 -53.380533 -56.812359 -59.466308 -48.261938 -43.690799 -45.229697 -49.249802 -53.018390 -56.829867 -60.302475 -60.069662 -54.074887 
-23.278637 4.213196 14.978414 9.407595 5.194496 9.835090 -1.899596 1.999940 -8.625586 -9.007378 -16.515395 -14.039558 -30.698595 -40.887017 -43.069590 -43.938483 -43.733791 -45.271117 -42.387024 -39.442101 -32.273956 -34.631437 -45.028922 -43.603334 -41.560060 -37.479074 -35.588654 -41.607158 -53.490938 -55.856159 -56.700160 -49.676692 -43.701705 -46.142498 -48.068673 -49.921974 -55.091384 -56.290724 -59.696053 -54.681750 
-20.205954 4.470606 14.580936 8.208734 4.347804 8.126000 -3.410193 1.436756 -10.511039 -11.610557 -18.256180 -14.812418 -33.216913 -40.450864 -43.484474 -44.231865 -44.749319 -46.377961 -44.406020 -41.151462 -33.454854 -34.635933 -43.077678 -42.785762 -39.935184 -38.241346 -36.564119 -43.107227 -56.693049 -58.858657 -55.782899 -52.969898 -49.399277 -50.820344 -51.030703 -52.787923 -55.806901 -57.139280 -59.271182 -57.422579 
-24.136179 4.581320 14.226425 7.640884 3.838137 6.366721 -3.700348 -0.402484 -13.416007 -15.114550 -19.584835 -16.620894 -31.082862 -42.542820 -45.219345 -47.413065 -45.089268 -46.168642 -47.059913 -43.711336 -34.428270 -33.201789 -41.443489 -45.681304 -45.325945 -43.068552 -38.390199 -43.687147 -57.057201 -57.602101 -56.403207 -51.577645 -47.381137 -48.010393 -49.237172 -50.845785 -54.058911 -55.949930 -58.369504 -56.511985 
-19.777529 4.697992 13.902109 6.689220 0.644239 3.273241 -6.759007 -2.184112 -16.270539 -22.323765 -22.509746 -20.420920 -35.020712 -41.402212 -44.887195 -47.400046 -49.508940 -47.491719 -44.570622 -44.500679 -36.929126 -31.285833 -38.976177 -43.310743 -40.751078 -41.815869 -38.908747 -43.275056 -55.960057 -54.762121 -54.301211 -51.693881 -49.206379 -49.582838 -54.371632 -53.326587 -55.121969 -55.631712 -56.731121 -58.089875 
-20.951854 4.418744 13.393527 6.387566 -1.186186 -1.491131 -7.523600 -4.242020 -18.273038 -24.646119 -27.433083 -25.687622 -40.817644 -41.620679 -47.019042 -45.767779 -44.769037 -42.779867 -44.062037 -43.313606 -35.644399 -34.593250 -38.542609 -40.985506 -43.216757 -40.746374 -39.106349 -41.569356 -52.184273 -48.493327 -49.999434 -48.517612 -47.642449 -48.598204 -50.067712 -50.765982 -52.233815 -57.479184 -59.589210 -62.925639 
-19.625430 3.865761 12.354808 4.782913 -6.159518 -10.884413 -13.071684 -8.342185 -18.417932 -23.018163 -25.801582 -27.834302 -34.484324 -37.325036 -37.489677 -40.917431 -37.798559 -35.549488 -34.388059 -35.941282 -29.711690 -31.039498 -36.514383 -43.149365 -39.494309 -40.579729 -42.180978 -44.283680 -49.948556 -47.315429 -47.528959 -46.008856 -45.131354 -46.756661 -48.975709 -47.564547 -50.544583 -52.019870 -53.635968 -54.330681 
-18.640479 2.960486 10.397913 2.417091 -6.880986 -13.583025 -20.822572 -18.265319 -18.813873 -25.588939 -29.171027 -28.415716 -28.004141 -29.987604 -34.284170 -36.223201 -36.143501 -37.451565 -36.962059 -27.052801 -28.079375 -30.907565 -34.797460 -39.968964 -39.001503 -43.211545 -41.774905 -41.155576 -45.556015 -38.774304 -44.200941 -46.246711 -46.204586 -46.129559 -44.138848 -44.746146 -49.660014 -50.200984 -50.930502 -51.898332 
-18.004321 1.461520 7.220550 -4.496015 -11.429086 -16.200776 -18.473717 -18.284508 -17.179783 -27.091941 -24.395313 -26.789737 -23.497905 -23.437184 -30.447788 -35.570397 -31.780082 -35.208480 -27.367507 -24.327387 -27.306905 -27.333928 -29.282421 -34.076878 -39.929049 -36.988087 -36.926010 -37.112455 -39.805129 -34.007676 -36.691604 -38.043349 -45.893596 -43.089653 -44.570904 -47.048731 -49.933519 -51.149357 -52.583106 -52.620032 
-20.121916 -0.244421 4.969637 -6.016798 -19.871395 -24.746202 -20.999694 -16.407962 -23.819547 -36.897787 -21.810901 -25.543805 -22.137560 -25.117580 -31.744689 -35.670822 -40.463611 -36.746177 -29.796646 -25.627901 -25.000294 -22.846847 -27.619841 -31.858439 -33.367003 -34.878051 -34.826191 -34.951646 -37.704096 -34.614691 -36.328320 -38.213236 -40.970772 -45.216185 -46.698523 -45.637702 -50.936417 -52.606443 -54.660001 -56.733499 
-23.417283 -2.582400 2.575832 -8.879088 -28.107826 -32.460742 -25.845593 -27.581655 -32.905207 -33.737865 -22.956666 -27.717485 -29.681385 -31.467985 -36.371595 -40.753184 -41.105386 -34.382028 -29.136746 -26.523788 -32.625218 -31.573772 -29.883106 -29.477030 -32.495138 -40.611792 -40.531470 -35.295317 -37.927441 -38.461064 -41.134038 -38.763550 -44.313626 -46.736763 -46.951721 -47.188910 -51.264832 -53.865749 -57.459197 -60.458531 
-23.756208 -4.510718 0.097966 -11.456424 -31.694950 -31.160811 -30.772437 -30.116244 -31.816352 -29.326242 -27.616132 -36.464330 -36.847238 -32.021510 -33.320102 -36.450275 -39.242225 -36.709160 -26.237105 -29.381056 -30.993292 -32.351325 -38.917861 -33.967525 -33.605652 -40.755338 -44.376056 -37.920527 -40.777990 -43.368758 -43.451484 -40.324950 -49.109242 -46.870836 -44.785630 -47.544897 -50.298322 -54.469723 -55.684753 -55.093665 
-26.918331 -8.254691 -3.846584 -14.135623 -24.572126 -29.836492 -34.807986 -33.178952 -29.676760 -34.591968 -30.787830 -28.692249 -29.023617 -28.428235 -33.432324 -38.661597 -40.740952 -36.200669 -37.639397 -38.819100 -27.477364 -29.757510 -38.693281 -38.886465 -39.761116 -43.729704 -44.274318 -40.312843 -40.413045 -40.857898 -45.330933 -46.431875 -45.400301 -43.363607 -47.156511 -47.775935 -53.222368 -55.554667 -54.349501 -54.702465 
-33.229818 -15.217304 -11.221169 -23.639564 -27.165468 -25.116157 -31.361700 -32.305142 -41.024155 -34.448769 -35.230620 -28.874938 -30.755028 -31.374186 -36.597546 -40.056582 -42.633877 -40.323354 -39.429075 -42.379375 -30.703315 -33.600435 -38.701807 -40.784601 -43.177401 -45.451350 -43.227371 -45.685899 -47.068644 -46.749877 -50.133045 -48.466882 -46.929315 -49.857372 -47.410002 -47.556420 -53.180189 -54.265312 -53.866783 -56.910712 
-38.498749 -28.849363 -22.557159 -22.269971 -32.018079 -34.696964 -31.873362 -30.276246 -29.415134 -32.251517 -32.972853 -33.810920 -33.674432 -38.483908 -34.060911 -35.828851 -43.104297 -37.327167 -34.892328 -36.511449 -35.099343 -39.567069 -41.601437 -43.046236 -39.205660 -48.267072 -49.404809 -53.853533 -49.847773 -48.155302 -53.488391 -48.396555 -49.942270 -52.784657 -48.840557 -45.594204 -55.272039 -57.076891 -56.173849 -59.175931 
-49.067386 -36.860909 -30.083409 -30.956170 -40.631852 -42.398067 -40.469523 -37.439667 -34.942745 -43.090931 -49.021155 -47.402923 -50.137457 -46.366659 -48.660057 -53.012653 -55.058085 -49.880697 -49.031175 -50.526152 -48.329308 -49.208998 -53.019401 -54.739895 -55.478975 -58.903419 -60.815458 -60.853368 -58.854861 -59.094625 -59.926681 -58.601394 -61.135433 -59.278378 -57.850290 -56.101020 -62.730715 -64.486225 -64.938821 -64.471794 
-56.212474 -52.258923 -51.748931 -53.590320 -56.358428 -56.329802 -60.553187 -58.783068 -57.308545 -63.851917 -62.390219 -63.296029 -66.289689 -69.026294 -64.755146 -64.276394 -68.057117 -64.140601 -65.866744 -64.646620 -70.029942 -67.952461 -68.085476 -67.684681 -66.461697 -68.648098 -66.905247 -68.209490 -69.898425 -67.955717 -67.847785 -63.461867 -67.383559 -70.354795 -68.006696 -64.987279 -69.610752 -70.195598 -69.273180 -71.247897 
-63.540174 -67.519142 -59.958869 -54.463518 -60.538346 -62.402898 -62.169808 -58.806101 -62.096354 -74.476669 -67.769867 -64.805254 -68.955229 -69.144094 -67.529577 -65.479067 -68.081145 -70.838789 -69.308947 -69.694759 -68.628946 -67.580636 -71.429553 -71.441169 -73.945059 -77.037511 -69.927277 -70.020868 -75.580525 -69.864438 -66.592604 -68.866831 -68.512689 -72.884622 -69.776497 -64.137118 -70.090210 -71.838575 -70.838503 -75.084362 
-61.469323 -69.820429 -69.069456 -62.669201 -60.101875 -61.276967 -69.433536 -70.234601 -76.537959 -72.046683 -72.380447 -74.528244 -69.593899 -67.593224 -72.199188 -69.946823 -74.692302 -72.879203 -77.123164 -77.446628 -73.239007 -75.559974 -74.938090 -74.357441 -77.624004 -80.837958 -78.570034 -78.740999 -79.262324 -76.496818 -72.382758 -76.090387 -73.410418 -79.741311 -77.450067 -72.538277 -72.587335 -74.652848 -75.256979 -74.381515 
-44.733796 -44.615383 -44.895721 -46.506103 -50.489608 -56.727862 -60.850428 -63.112721 -71.124692 -67.882802 -63.669589 -68.100426 -66.593856 -64.107215 -65.949513 -68.763734 -68.629981 -72.165775 -74.331136 -70.893050 -72.856127 -75.718737 -69.950229 -67.910464 -75.924597 -77.706744 -75.932859 -75.894029 -75.280871 -77.487597 -72.541770 -73.814314 -73.608912 -73.420416 -72.678784 -71.211867 -73.644960 -73.919968 -72.316704 -74.593652 
-43.841644 -38.399568 -41.058146 -42.342657 -44.088898 -51.664929 -59.546142 -64.641992 -67.761720 -65.485587 -63.065020 -66.420036 -62.393443 -57.007817 -62.501512 -63.227278 -65.982467 -73.038564 -72.406392 -71.037455 -71.788494 -70.107833 -72.069426 -73.985971 -77.864133 -71.294526 -73.228099 -73.368220 -74.210424 -74.162964 -72.583015 -75.030287 -74.001049 -71.545779 -71.405067 -70.071754 -75.274639 -74.500652 -75.123219 -76.114189 
-31.407418 -29.409354 -33.949997 -44.800610 -47.401655 -56.022128 -58.009756 -59.219598 -61.638829 -61.524973 -63.904782 -61.917100 -61.215044 -64.036377 -62.333851 -61.461040 -64.227268 -66.654414 -69.287982 -70.008173 -68.010861 -70.382362 -68.493875 -75.175906 -74.142791 -72.169235 -67.737288 -70.218145 -72.537323 -71.151298 -73.240478 -73.461287 -74.692095 -74.333021 -70.040783 -72.679657 -77.351906 -74.640888 -74.143582 -74.927445 
-35.486005 -34.563175 -43.283107 -44.497329 -50.123168 -59.619236 -63.180452 -60.243111 -58.970747 -62.382585 -62.009229 -58.979686 -62.287150 -56.019305 -57.913195 -62.722788 -68.341329 -71.188800 -70.328473 -68.852693 -66.089689 -68.816501 -69.713736 -74.778255 -76.742459 -70.873687 -69.570800 -73.794354 -76.684468 -76.792958 -74.359236 -74.619133 -72.846725 -72.470204 -71.396903 -68.441192 -70.863713 -72.037107 -71.468956 -73.086601 
-42.891094 -40.976344 -47.754047 -57.288177 -55.347563 -57.625208 -60.609439 -59.686510 -61.250745 -61.887999 -63.014891 -59.045234 -63.217957 -60.529387 -60.665405 -63.001567 -66.450010 -67.844353 -68.521270 -72.343707 -67.602659 -66.304993 -68.977117 -72.490074 -73.990355 -71.795471 -71.487854 -70.738490 -73.422492 -73.076587 -71.792517 -72.189073 -66.376798 -69.882389 -73.451685 -70.771039 -72.501379 -72.780967 -71.837580 -74.561085 
-54.299462 -58.452079 -56.539374 -59.146827 -58.104068 -62.126509 -63.833882 -60.585754 -58.850754 -62.161721 -60.290716 -61.496258 -58.976926 -59.702397 -62.297063 -63.873831 -58.976477 -65.083783 -70.469510 -64.821884 -66.333579 -66.923244 -66.105617 -67.510096 -69.959547 -66.703478 -70.904929 -70.226510 -74.831933 -77.179204 -70.824715 -69.571074 -69.944015 -73.568084 -73.699045 -76.445629 -75.428815 -73.774186 -70.932557 -74.543611 
-70.416317 -66.594478 -65.664172 -66.453092 -69.021020 -76.661899 -74.518968 -68.002586 -65.967954 -66.444865 -68.900587 -75.866714 -69.140610 -66.504861 -69.013124 -69.525286 -67.044863 -71.584972 -73.722381 -69.779186 -70.428238 -71.227658 -71.068479 -72.643542 -74.251527 -73.990043 -77.792447 -83.117652 -82.796962 -80.671571 -75.315067 -76.313324 -78.778416 -80.831415 -82.486211 -85.610724 -83.965550 -83.482593 -86.003005 -87.981635 
NaN NaN NaN NaN NaN NaN NaN NaN NaN NaN NaN NaN NaN NaN NaN NaN NaN NaN NaN NaN NaN NaN NaN NaN NaN NaN NaN NaN NaN NaN NaN NaN NaN NaN NaN NaN NaN NaN NaN NaN 
NaN NaN NaN NaN NaN NaN NaN NaN NaN NaN NaN NaN NaN NaN NaN NaN NaN NaN NaN NaN NaN NaN NaN NaN NaN NaN NaN NaN NaN NaN NaN NaN NaN NaN NaN NaN NaN NaN NaN NaN 
NaN NaN NaN NaN NaN NaN NaN NaN NaN NaN NaN NaN NaN NaN NaN NaN NaN NaN NaN NaN NaN NaN NaN NaN NaN NaN NaN NaN NaN NaN NaN NaN NaN NaN NaN NaN NaN NaN NaN NaN 
NaN NaN NaN NaN NaN NaN NaN NaN NaN NaN NaN NaN NaN NaN NaN NaN NaN NaN NaN NaN NaN NaN NaN NaN NaN NaN NaN NaN NaN NaN NaN NaN NaN NaN NaN NaN NaN NaN NaN NaN 
NaN NaN NaN NaN NaN NaN NaN NaN NaN NaN NaN NaN NaN NaN NaN NaN NaN NaN NaN NaN NaN NaN NaN NaN NaN NaN NaN NaN NaN NaN NaN NaN NaN NaN NaN NaN NaN NaN NaN NaN 
NaN NaN NaN NaN NaN NaN NaN NaN NaN NaN NaN NaN NaN NaN NaN NaN NaN NaN NaN NaN NaN NaN NaN NaN NaN NaN NaN NaN NaN NaN NaN NaN NaN NaN NaN NaN NaN NaN NaN NaN 
NaN NaN NaN NaN NaN NaN NaN NaN NaN NaN NaN NaN NaN NaN NaN NaN NaN NaN NaN NaN NaN NaN NaN NaN NaN NaN NaN NaN NaN NaN NaN NaN NaN NaN NaN NaN NaN NaN NaN NaN 
NaN NaN NaN NaN NaN NaN NaN NaN NaN NaN NaN NaN NaN NaN NaN NaN NaN NaN NaN NaN NaN NaN NaN NaN NaN NaN NaN NaN NaN NaN NaN NaN NaN NaN NaN NaN NaN NaN NaN NaN 
NaN NaN NaN NaN NaN NaN NaN NaN NaN NaN NaN NaN NaN NaN NaN NaN NaN NaN NaN NaN NaN NaN NaN NaN NaN NaN NaN NaN NaN NaN NaN NaN NaN NaN NaN NaN NaN NaN NaN NaN 
NaN NaN NaN NaN NaN NaN NaN NaN NaN NaN NaN NaN NaN NaN NaN NaN NaN NaN NaN NaN NaN NaN NaN NaN NaN NaN NaN NaN NaN NaN NaN NaN NaN NaN NaN NaN NaN NaN NaN NaN 
NaN NaN NaN NaN NaN NaN NaN NaN NaN NaN NaN NaN NaN NaN NaN NaN NaN NaN NaN NaN NaN NaN NaN NaN NaN NaN NaN NaN NaN NaN NaN NaN NaN NaN NaN NaN NaN NaN NaN NaN 
NaN NaN NaN NaN NaN NaN NaN NaN NaN NaN NaN NaN NaN NaN NaN NaN NaN NaN NaN NaN NaN NaN NaN NaN NaN NaN NaN NaN NaN NaN NaN NaN NaN NaN NaN NaN NaN NaN NaN NaN 
NaN NaN NaN NaN NaN NaN NaN NaN NaN NaN NaN NaN NaN NaN NaN NaN NaN NaN NaN NaN NaN NaN NaN NaN NaN NaN NaN NaN NaN NaN NaN NaN NaN NaN NaN NaN NaN NaN NaN NaN 
NaN NaN NaN NaN NaN NaN NaN NaN NaN NaN NaN NaN NaN NaN NaN NaN NaN NaN NaN NaN NaN NaN NaN NaN NaN NaN NaN NaN NaN NaN NaN NaN NaN NaN NaN NaN NaN NaN NaN NaN 
NaN NaN NaN NaN NaN NaN NaN NaN NaN NaN NaN NaN NaN NaN NaN NaN NaN NaN NaN NaN NaN NaN NaN NaN NaN NaN NaN NaN NaN NaN NaN NaN NaN NaN NaN NaN NaN NaN NaN NaN 
NaN NaN NaN NaN NaN NaN NaN NaN NaN NaN NaN NaN NaN NaN NaN NaN NaN NaN NaN NaN NaN NaN NaN NaN NaN NaN NaN NaN NaN NaN NaN NaN NaN NaN NaN NaN NaN NaN NaN NaN 
NaN NaN NaN NaN NaN NaN NaN NaN NaN NaN NaN NaN NaN NaN NaN NaN NaN NaN NaN NaN NaN NaN NaN NaN NaN NaN NaN NaN NaN NaN NaN NaN NaN NaN NaN NaN NaN NaN NaN NaN 
NaN NaN NaN NaN NaN NaN NaN NaN NaN NaN NaN NaN NaN NaN NaN NaN NaN NaN NaN NaN NaN NaN NaN NaN NaN NaN NaN NaN NaN NaN NaN NaN NaN NaN NaN NaN NaN NaN NaN NaN 
NaN NaN NaN NaN NaN NaN NaN NaN NaN NaN NaN NaN NaN NaN NaN NaN NaN NaN NaN NaN NaN NaN NaN NaN NaN NaN NaN NaN NaN NaN NaN NaN NaN NaN NaN NaN NaN NaN NaN NaN 
NaN NaN NaN NaN NaN NaN NaN NaN NaN NaN NaN NaN NaN NaN NaN NaN NaN NaN NaN NaN NaN NaN NaN NaN NaN NaN NaN NaN NaN NaN NaN NaN NaN NaN NaN NaN NaN NaN NaN NaN 
NaN NaN NaN NaN NaN NaN NaN NaN NaN NaN NaN NaN NaN NaN NaN NaN NaN NaN NaN NaN NaN NaN NaN NaN NaN NaN NaN NaN NaN NaN NaN NaN NaN NaN NaN NaN NaN NaN NaN NaN 
NaN NaN NaN NaN NaN NaN NaN NaN NaN NaN NaN NaN NaN NaN NaN NaN NaN NaN NaN NaN NaN NaN NaN NaN NaN NaN NaN NaN NaN NaN NaN NaN NaN NaN NaN NaN NaN NaN NaN NaN 
NaN NaN NaN NaN NaN NaN NaN NaN NaN NaN NaN NaN NaN NaN NaN NaN NaN NaN NaN NaN NaN NaN NaN NaN NaN NaN NaN NaN NaN NaN NaN NaN NaN NaN NaN NaN NaN NaN NaN NaN 
NaN NaN NaN NaN NaN NaN NaN NaN NaN NaN NaN NaN NaN NaN NaN NaN NaN NaN NaN NaN NaN NaN NaN NaN NaN NaN NaN NaN NaN NaN NaN NaN NaN NaN NaN NaN NaN NaN NaN NaN 
NaN NaN NaN NaN NaN NaN NaN NaN NaN NaN NaN NaN NaN NaN NaN NaN NaN NaN NaN NaN NaN NaN NaN NaN NaN NaN NaN NaN NaN NaN NaN NaN NaN NaN NaN NaN NaN NaN NaN NaN 
NaN NaN NaN NaN NaN NaN NaN NaN NaN NaN NaN NaN NaN NaN NaN NaN NaN NaN NaN NaN NaN NaN NaN NaN NaN NaN NaN NaN NaN NaN NaN NaN NaN NaN NaN NaN NaN NaN NaN NaN 
NaN NaN NaN NaN NaN NaN NaN NaN NaN NaN NaN NaN NaN NaN NaN NaN NaN NaN NaN NaN NaN NaN NaN NaN NaN NaN NaN NaN NaN NaN NaN NaN NaN NaN NaN NaN NaN NaN NaN NaN 
NaN NaN NaN NaN NaN NaN NaN NaN NaN NaN NaN NaN NaN NaN NaN NaN NaN NaN NaN NaN NaN NaN NaN NaN NaN NaN NaN NaN NaN NaN NaN NaN NaN NaN NaN NaN NaN NaN NaN NaN 
NaN NaN NaN NaN NaN NaN NaN NaN NaN NaN NaN NaN NaN NaN NaN NaN NaN NaN NaN NaN NaN NaN NaN NaN NaN NaN NaN NaN NaN NaN NaN NaN NaN NaN NaN NaN NaN NaN NaN NaN 
NaN NaN NaN NaN NaN NaN NaN NaN NaN NaN NaN NaN NaN NaN NaN NaN NaN NaN NaN NaN NaN NaN NaN NaN NaN NaN NaN NaN NaN NaN NaN NaN NaN NaN NaN NaN NaN NaN NaN NaN 
NaN NaN NaN NaN NaN NaN NaN NaN NaN NaN NaN NaN NaN NaN NaN NaN NaN NaN NaN NaN NaN NaN NaN NaN NaN NaN NaN NaN NaN NaN NaN NaN NaN NaN NaN NaN NaN NaN NaN NaN 
NaN NaN NaN NaN NaN NaN NaN NaN NaN NaN NaN NaN NaN NaN NaN NaN NaN NaN NaN NaN NaN NaN NaN NaN NaN NaN NaN NaN NaN NaN NaN NaN NaN NaN NaN NaN NaN NaN NaN NaN 
NaN NaN NaN NaN NaN NaN NaN NaN NaN NaN NaN NaN NaN NaN NaN NaN NaN NaN NaN NaN NaN NaN NaN NaN NaN NaN NaN NaN NaN NaN NaN NaN NaN NaN NaN NaN NaN NaN NaN NaN 
NaN NaN NaN NaN NaN NaN NaN NaN NaN NaN NaN NaN NaN NaN NaN NaN NaN NaN NaN NaN NaN NaN NaN NaN NaN NaN NaN NaN NaN NaN NaN NaN NaN NaN NaN NaN NaN NaN NaN NaN 
NaN NaN NaN NaN NaN NaN NaN NaN NaN NaN NaN NaN NaN NaN NaN NaN NaN NaN NaN NaN NaN NaN NaN NaN NaN NaN NaN NaN NaN NaN NaN NaN NaN NaN NaN NaN NaN NaN NaN NaN 
NaN NaN NaN NaN NaN NaN NaN NaN NaN NaN NaN NaN NaN NaN NaN NaN NaN NaN NaN NaN NaN NaN NaN NaN NaN NaN NaN NaN NaN NaN NaN NaN NaN NaN NaN NaN NaN NaN NaN NaN 
NaN NaN NaN NaN NaN NaN NaN NaN NaN NaN NaN NaN NaN NaN NaN NaN NaN NaN NaN NaN NaN NaN NaN NaN NaN NaN NaN NaN NaN NaN NaN NaN NaN NaN NaN NaN NaN NaN NaN NaN 
NaN NaN NaN NaN NaN NaN NaN NaN NaN NaN NaN NaN NaN NaN NaN NaN NaN NaN NaN NaN NaN NaN NaN NaN NaN NaN NaN NaN NaN NaN NaN NaN NaN NaN NaN NaN NaN NaN NaN NaN 
NaN NaN NaN NaN NaN NaN NaN NaN NaN NaN NaN NaN NaN NaN NaN NaN NaN NaN NaN NaN NaN NaN NaN NaN NaN NaN NaN NaN NaN NaN NaN NaN NaN NaN NaN NaN NaN NaN NaN NaN 
NaN NaN NaN NaN NaN NaN NaN NaN NaN NaN NaN NaN NaN NaN NaN NaN NaN NaN NaN NaN NaN NaN NaN NaN NaN NaN NaN NaN NaN NaN NaN NaN NaN NaN NaN NaN NaN NaN NaN NaN 
NaN NaN NaN NaN NaN NaN NaN NaN NaN NaN NaN NaN NaN NaN NaN NaN NaN NaN NaN NaN NaN NaN NaN NaN NaN NaN NaN NaN NaN NaN NaN NaN NaN NaN NaN NaN NaN NaN NaN NaN 
NaN NaN NaN NaN NaN NaN NaN NaN NaN NaN NaN NaN NaN NaN NaN NaN NaN NaN NaN NaN NaN NaN NaN NaN NaN NaN NaN NaN NaN NaN NaN NaN NaN NaN NaN NaN NaN NaN NaN NaN 
NaN NaN NaN NaN NaN NaN NaN NaN NaN NaN NaN NaN NaN NaN NaN NaN NaN NaN NaN NaN NaN NaN NaN NaN NaN NaN NaN NaN NaN NaN NaN NaN NaN NaN NaN NaN NaN NaN NaN NaN 
NaN NaN NaN NaN NaN NaN NaN NaN NaN NaN NaN NaN NaN NaN NaN NaN NaN NaN NaN NaN NaN NaN NaN NaN NaN NaN NaN NaN NaN NaN NaN NaN NaN NaN NaN NaN NaN NaN NaN NaN 
NaN NaN NaN NaN NaN NaN NaN NaN NaN NaN NaN NaN NaN NaN NaN NaN NaN NaN NaN NaN NaN NaN NaN NaN NaN NaN NaN NaN NaN NaN NaN NaN NaN NaN NaN NaN NaN NaN NaN NaN 
NaN NaN NaN NaN NaN NaN NaN NaN NaN NaN NaN NaN NaN NaN NaN NaN NaN NaN NaN NaN NaN NaN NaN NaN NaN NaN NaN NaN NaN NaN NaN NaN NaN NaN NaN NaN NaN NaN NaN NaN 
NaN NaN NaN NaN NaN NaN NaN NaN NaN NaN NaN NaN NaN NaN NaN NaN NaN NaN NaN NaN NaN NaN NaN NaN NaN NaN NaN NaN NaN NaN NaN NaN NaN NaN NaN NaN NaN NaN NaN NaN 
NaN NaN NaN NaN NaN NaN NaN NaN NaN NaN NaN NaN NaN NaN NaN NaN NaN NaN NaN NaN NaN NaN NaN NaN NaN NaN NaN NaN NaN NaN NaN NaN NaN NaN NaN NaN NaN NaN NaN NaN 
NaN NaN NaN NaN NaN NaN NaN NaN NaN NaN NaN NaN NaN NaN NaN NaN NaN NaN NaN NaN NaN NaN NaN NaN NaN NaN NaN NaN NaN NaN NaN NaN NaN NaN NaN NaN NaN NaN NaN NaN 
NaN NaN NaN NaN NaN NaN NaN NaN NaN NaN NaN NaN NaN NaN NaN NaN NaN NaN NaN NaN NaN NaN NaN NaN NaN NaN NaN NaN NaN NaN NaN NaN NaN NaN NaN NaN NaN NaN NaN NaN 
NaN NaN NaN NaN NaN NaN NaN NaN NaN NaN NaN NaN NaN NaN NaN NaN NaN NaN NaN NaN NaN NaN NaN NaN NaN NaN NaN NaN NaN NaN NaN NaN NaN NaN NaN NaN NaN NaN NaN NaN 
NaN NaN NaN NaN NaN NaN NaN NaN NaN NaN NaN NaN NaN NaN NaN NaN NaN NaN NaN NaN NaN NaN NaN NaN NaN NaN NaN NaN NaN NaN NaN NaN NaN NaN NaN NaN NaN NaN NaN NaN 
NaN NaN NaN NaN NaN NaN NaN NaN NaN NaN NaN NaN NaN NaN NaN NaN NaN NaN NaN NaN NaN NaN NaN NaN NaN NaN NaN NaN NaN NaN NaN NaN NaN NaN NaN NaN NaN NaN NaN NaN 
NaN NaN NaN NaN NaN NaN NaN NaN NaN NaN NaN NaN NaN NaN NaN NaN NaN NaN NaN NaN NaN NaN NaN NaN NaN NaN NaN NaN NaN NaN NaN NaN NaN NaN NaN NaN NaN NaN NaN NaN 
NaN NaN NaN NaN NaN NaN NaN NaN NaN NaN NaN NaN NaN NaN NaN NaN NaN NaN NaN NaN NaN NaN NaN NaN NaN NaN NaN NaN NaN NaN NaN NaN NaN NaN NaN NaN NaN NaN NaN NaN 
NaN NaN NaN NaN NaN NaN NaN NaN NaN NaN NaN NaN NaN NaN NaN NaN NaN NaN NaN NaN NaN NaN NaN NaN NaN NaN NaN NaN NaN NaN NaN NaN NaN NaN NaN NaN NaN NaN NaN NaN 
NaN NaN NaN NaN NaN NaN NaN NaN NaN NaN NaN NaN NaN NaN NaN NaN NaN NaN NaN NaN NaN NaN NaN NaN NaN NaN NaN NaN NaN NaN NaN NaN NaN NaN NaN NaN NaN NaN NaN NaN 
NaN NaN NaN NaN NaN NaN NaN NaN NaN NaN NaN NaN NaN NaN NaN NaN NaN NaN NaN NaN NaN NaN NaN NaN NaN NaN NaN NaN NaN NaN NaN NaN NaN NaN NaN NaN NaN NaN NaN NaN 
NaN NaN NaN NaN NaN NaN NaN NaN NaN NaN NaN NaN NaN NaN NaN NaN NaN NaN NaN NaN NaN NaN NaN NaN NaN NaN NaN NaN NaN NaN NaN NaN NaN NaN NaN NaN NaN NaN NaN NaN 
NaN NaN NaN NaN NaN NaN NaN NaN NaN NaN NaN NaN NaN NaN NaN NaN NaN NaN NaN NaN NaN NaN NaN NaN NaN NaN NaN NaN NaN NaN NaN NaN NaN NaN NaN NaN NaN NaN NaN NaN 
NaN NaN NaN NaN NaN NaN NaN NaN NaN NaN NaN NaN NaN NaN NaN NaN NaN NaN NaN NaN NaN NaN NaN NaN NaN NaN NaN NaN NaN NaN NaN NaN NaN NaN NaN NaN NaN NaN NaN NaN 
NaN NaN NaN NaN NaN NaN NaN NaN NaN NaN NaN NaN NaN NaN NaN NaN NaN NaN NaN NaN NaN NaN NaN NaN NaN NaN NaN NaN NaN NaN NaN NaN NaN NaN NaN NaN NaN NaN NaN NaN 
NaN NaN NaN NaN NaN NaN NaN NaN NaN NaN NaN NaN NaN NaN NaN NaN NaN NaN NaN NaN NaN NaN NaN NaN NaN NaN NaN NaN NaN NaN NaN NaN NaN NaN NaN NaN NaN NaN NaN NaN 
NaN NaN NaN NaN NaN NaN NaN NaN NaN NaN NaN NaN NaN NaN NaN NaN NaN NaN NaN NaN NaN NaN NaN NaN NaN NaN NaN NaN NaN NaN NaN NaN NaN NaN NaN NaN NaN NaN NaN NaN 
NaN NaN NaN NaN NaN NaN NaN NaN NaN NaN NaN NaN NaN NaN NaN NaN NaN NaN NaN NaN NaN NaN NaN NaN NaN NaN NaN NaN NaN NaN NaN NaN NaN NaN NaN NaN NaN NaN NaN NaN 
NaN NaN NaN NaN NaN NaN NaN NaN NaN NaN NaN NaN NaN NaN NaN NaN NaN NaN NaN NaN NaN NaN NaN NaN NaN NaN NaN NaN NaN NaN NaN NaN NaN NaN NaN NaN NaN NaN NaN NaN 
NaN NaN NaN NaN NaN NaN NaN NaN NaN NaN NaN NaN NaN NaN NaN NaN NaN NaN NaN NaN NaN NaN NaN NaN NaN NaN NaN NaN NaN NaN NaN NaN NaN NaN NaN NaN NaN NaN NaN NaN 
NaN NaN NaN NaN NaN NaN NaN NaN NaN NaN NaN NaN NaN NaN NaN NaN NaN NaN NaN NaN NaN NaN NaN NaN NaN NaN NaN NaN NaN NaN NaN NaN NaN NaN NaN NaN NaN NaN NaN NaN 
NaN NaN NaN NaN NaN NaN NaN NaN NaN NaN NaN NaN NaN NaN NaN NaN NaN NaN NaN NaN NaN NaN NaN NaN NaN NaN NaN NaN NaN NaN NaN NaN NaN NaN NaN NaN NaN NaN NaN NaN 
NaN NaN NaN NaN NaN NaN NaN NaN NaN NaN NaN NaN NaN NaN NaN NaN NaN NaN NaN NaN NaN NaN NaN NaN NaN NaN NaN NaN NaN NaN NaN NaN NaN NaN NaN NaN NaN NaN NaN NaN 
NaN NaN NaN NaN NaN NaN NaN NaN NaN NaN NaN NaN NaN NaN NaN NaN NaN NaN NaN NaN NaN NaN NaN NaN NaN NaN NaN NaN NaN NaN NaN NaN NaN NaN NaN NaN NaN NaN NaN NaN 
NaN NaN NaN NaN NaN NaN NaN NaN NaN NaN NaN NaN NaN NaN NaN NaN NaN NaN NaN NaN NaN NaN NaN NaN NaN NaN NaN NaN NaN NaN NaN NaN NaN NaN NaN NaN NaN NaN NaN NaN 
NaN NaN NaN NaN NaN NaN NaN NaN NaN NaN NaN NaN NaN NaN NaN NaN NaN NaN NaN NaN NaN NaN NaN NaN NaN NaN NaN NaN NaN NaN NaN NaN NaN NaN NaN NaN NaN NaN NaN NaN 
NaN NaN NaN NaN NaN NaN NaN NaN NaN NaN NaN NaN NaN NaN NaN NaN NaN NaN NaN NaN NaN NaN NaN NaN NaN NaN NaN NaN NaN NaN NaN NaN NaN NaN NaN NaN NaN NaN NaN NaN 
NaN NaN NaN NaN NaN NaN NaN NaN NaN NaN NaN NaN NaN NaN NaN NaN NaN NaN NaN NaN NaN NaN NaN NaN NaN NaN NaN NaN NaN NaN NaN NaN NaN NaN NaN NaN NaN NaN NaN NaN 
NaN NaN NaN NaN NaN NaN NaN NaN NaN NaN NaN NaN NaN NaN NaN NaN NaN NaN NaN NaN NaN NaN NaN NaN NaN NaN NaN NaN NaN NaN NaN NaN NaN NaN NaN NaN NaN NaN NaN NaN 
NaN NaN NaN NaN NaN NaN NaN NaN NaN NaN NaN NaN NaN NaN NaN NaN NaN NaN NaN NaN NaN NaN NaN NaN NaN NaN NaN NaN NaN NaN NaN NaN NaN NaN NaN NaN NaN NaN NaN NaN 
NaN NaN NaN NaN NaN NaN NaN NaN NaN NaN NaN NaN NaN NaN NaN NaN NaN NaN NaN NaN NaN NaN NaN NaN NaN NaN NaN NaN NaN NaN NaN NaN NaN NaN NaN NaN NaN NaN NaN NaN 
NaN NaN NaN NaN NaN NaN NaN NaN NaN NaN NaN NaN NaN NaN NaN NaN NaN NaN NaN NaN NaN NaN NaN NaN NaN NaN NaN NaN NaN NaN NaN NaN NaN NaN NaN NaN NaN NaN NaN NaN 
NaN NaN NaN NaN NaN NaN NaN NaN NaN NaN NaN NaN NaN NaN NaN NaN NaN NaN NaN NaN NaN NaN NaN NaN NaN NaN NaN NaN NaN NaN NaN NaN NaN NaN NaN NaN NaN NaN NaN NaN 
NaN NaN NaN NaN NaN NaN NaN NaN NaN NaN NaN NaN NaN NaN NaN NaN NaN NaN NaN NaN NaN NaN NaN NaN NaN NaN NaN NaN NaN NaN NaN NaN NaN NaN NaN NaN NaN NaN NaN NaN 
NaN NaN NaN NaN NaN NaN NaN NaN NaN NaN NaN NaN NaN NaN NaN NaN NaN NaN NaN NaN NaN NaN NaN NaN NaN NaN NaN NaN NaN NaN NaN NaN NaN NaN NaN NaN NaN NaN NaN NaN 
NaN NaN NaN NaN NaN NaN NaN NaN NaN NaN NaN NaN NaN NaN NaN NaN NaN NaN NaN NaN NaN NaN NaN NaN NaN NaN NaN NaN NaN NaN NaN NaN NaN NaN NaN NaN NaN NaN NaN NaN 
NaN NaN NaN NaN NaN NaN NaN NaN NaN NaN NaN NaN NaN NaN NaN NaN NaN NaN NaN NaN NaN NaN NaN NaN NaN NaN NaN NaN NaN NaN NaN NaN NaN NaN NaN NaN NaN NaN NaN NaN 
NaN NaN NaN NaN NaN NaN NaN NaN NaN NaN NaN NaN NaN NaN NaN NaN NaN NaN NaN NaN NaN NaN NaN NaN NaN NaN NaN NaN NaN NaN NaN NaN NaN NaN NaN NaN NaN NaN NaN NaN 
NaN NaN NaN NaN NaN NaN NaN NaN NaN NaN NaN NaN NaN NaN NaN NaN NaN NaN NaN NaN NaN NaN NaN NaN NaN NaN NaN NaN NaN NaN NaN NaN NaN NaN NaN NaN NaN NaN NaN NaN 
NaN NaN NaN NaN NaN NaN NaN NaN NaN NaN NaN NaN NaN NaN NaN NaN NaN NaN NaN NaN NaN NaN NaN NaN NaN NaN NaN NaN NaN NaN NaN NaN NaN NaN NaN NaN NaN NaN NaN NaN 
NaN NaN NaN NaN NaN NaN NaN NaN NaN NaN NaN NaN NaN NaN NaN NaN NaN NaN NaN NaN NaN NaN NaN NaN NaN NaN NaN NaN NaN NaN NaN NaN NaN NaN NaN NaN NaN NaN NaN NaN 
NaN NaN NaN NaN NaN NaN NaN NaN NaN NaN NaN NaN NaN NaN NaN NaN NaN NaN NaN NaN NaN NaN NaN NaN NaN NaN NaN NaN NaN NaN NaN NaN NaN NaN NaN NaN NaN NaN NaN NaN 
NaN NaN NaN NaN NaN NaN NaN NaN NaN NaN NaN NaN NaN NaN NaN NaN NaN NaN NaN NaN NaN NaN NaN NaN NaN NaN NaN NaN NaN NaN NaN NaN NaN NaN NaN NaN NaN NaN NaN NaN 
NaN NaN NaN NaN NaN NaN NaN NaN NaN NaN NaN NaN NaN NaN NaN NaN NaN NaN NaN NaN NaN NaN NaN NaN NaN NaN NaN NaN NaN NaN NaN NaN NaN NaN NaN NaN NaN NaN NaN NaN 
NaN NaN NaN NaN NaN NaN NaN NaN NaN NaN NaN NaN NaN NaN NaN NaN NaN NaN NaN NaN NaN NaN NaN NaN NaN NaN NaN NaN NaN NaN NaN NaN NaN NaN NaN NaN NaN NaN NaN NaN 
NaN NaN NaN NaN NaN NaN NaN NaN NaN NaN NaN NaN NaN NaN NaN NaN NaN NaN NaN NaN NaN NaN NaN NaN NaN NaN NaN NaN NaN NaN NaN NaN NaN NaN NaN NaN NaN NaN NaN NaN 
NaN NaN NaN NaN NaN NaN NaN NaN NaN NaN NaN NaN NaN NaN NaN NaN NaN NaN NaN NaN NaN NaN NaN NaN NaN NaN NaN NaN NaN NaN NaN NaN NaN NaN NaN NaN NaN NaN NaN NaN 
NaN NaN NaN NaN NaN NaN NaN NaN NaN NaN NaN NaN NaN NaN NaN NaN NaN NaN NaN NaN NaN NaN NaN NaN NaN NaN NaN NaN NaN NaN NaN NaN NaN NaN NaN NaN NaN NaN NaN NaN 
NaN NaN NaN NaN NaN NaN NaN NaN NaN NaN NaN NaN NaN NaN NaN NaN NaN NaN NaN NaN NaN NaN NaN NaN NaN NaN NaN NaN NaN NaN NaN NaN NaN NaN NaN NaN NaN NaN NaN NaN 
NaN NaN NaN NaN NaN NaN NaN NaN NaN NaN NaN NaN NaN NaN NaN NaN NaN NaN NaN NaN NaN NaN NaN NaN NaN NaN NaN NaN NaN NaN NaN NaN NaN NaN NaN NaN NaN NaN NaN NaN 
NaN NaN NaN NaN NaN NaN NaN NaN NaN NaN NaN NaN NaN NaN NaN NaN NaN NaN NaN NaN NaN NaN NaN NaN NaN NaN NaN NaN NaN NaN NaN NaN NaN NaN NaN NaN NaN NaN NaN NaN 
NaN NaN NaN NaN NaN NaN NaN NaN NaN NaN NaN NaN NaN NaN NaN NaN NaN NaN NaN NaN NaN NaN NaN NaN NaN NaN NaN NaN NaN NaN NaN NaN NaN NaN NaN NaN NaN NaN NaN NaN 
NaN NaN NaN NaN NaN NaN NaN NaN NaN NaN NaN NaN NaN NaN NaN NaN NaN NaN NaN NaN NaN NaN NaN NaN NaN NaN NaN NaN NaN NaN NaN NaN NaN NaN NaN NaN NaN NaN NaN NaN 
NaN NaN NaN NaN NaN NaN NaN NaN NaN NaN NaN NaN NaN NaN NaN NaN NaN NaN NaN NaN NaN NaN NaN NaN NaN NaN NaN NaN NaN NaN NaN NaN NaN NaN NaN NaN NaN NaN NaN NaN 
NaN NaN NaN NaN NaN NaN NaN NaN NaN NaN NaN NaN NaN NaN NaN NaN NaN NaN NaN NaN NaN NaN NaN NaN NaN NaN NaN NaN NaN NaN NaN NaN NaN NaN NaN NaN NaN NaN NaN NaN 
NaN NaN NaN NaN NaN NaN NaN NaN NaN NaN NaN NaN NaN NaN NaN NaN NaN NaN NaN NaN NaN NaN NaN NaN NaN NaN NaN NaN NaN NaN NaN NaN NaN NaN NaN NaN NaN NaN NaN NaN 
NaN NaN NaN NaN NaN NaN NaN NaN NaN NaN NaN NaN NaN NaN NaN NaN NaN NaN NaN NaN NaN NaN NaN NaN NaN NaN NaN NaN NaN NaN NaN NaN NaN NaN NaN NaN NaN NaN NaN NaN 
NaN NaN NaN NaN NaN NaN NaN NaN NaN NaN NaN NaN NaN NaN NaN NaN NaN NaN NaN NaN NaN NaN NaN NaN NaN NaN NaN NaN NaN NaN NaN NaN NaN NaN NaN NaN NaN NaN NaN NaN 
NaN NaN NaN NaN NaN NaN NaN NaN NaN NaN NaN NaN NaN NaN NaN NaN NaN NaN NaN NaN NaN NaN NaN NaN NaN NaN NaN NaN NaN NaN NaN NaN NaN NaN NaN NaN NaN NaN NaN NaN 
NaN NaN NaN NaN NaN NaN NaN NaN NaN NaN NaN NaN NaN NaN NaN NaN NaN NaN NaN NaN NaN NaN NaN NaN NaN NaN NaN NaN NaN NaN NaN NaN NaN NaN NaN NaN NaN NaN NaN NaN 
NaN NaN NaN NaN NaN NaN NaN NaN NaN NaN NaN NaN NaN NaN NaN NaN NaN NaN NaN NaN NaN NaN NaN NaN NaN NaN NaN NaN NaN NaN NaN NaN NaN NaN NaN NaN NaN NaN NaN NaN 
NaN NaN NaN NaN NaN NaN NaN NaN NaN NaN NaN NaN NaN NaN NaN NaN NaN NaN NaN NaN NaN NaN NaN NaN NaN NaN NaN NaN NaN NaN NaN NaN NaN NaN NaN NaN NaN NaN NaN NaN 
NaN NaN NaN NaN NaN NaN NaN NaN NaN NaN NaN NaN NaN NaN NaN NaN NaN NaN NaN NaN NaN NaN NaN NaN NaN NaN NaN NaN NaN NaN NaN NaN NaN NaN NaN NaN NaN NaN NaN NaN 
NaN NaN NaN NaN NaN NaN NaN NaN NaN NaN NaN NaN NaN NaN NaN NaN NaN NaN NaN NaN NaN NaN NaN NaN NaN NaN NaN NaN NaN NaN NaN NaN NaN NaN NaN NaN NaN NaN NaN NaN 
NaN NaN NaN NaN NaN NaN NaN NaN NaN NaN NaN NaN NaN NaN NaN NaN NaN NaN NaN NaN NaN NaN NaN NaN NaN NaN NaN NaN NaN NaN NaN NaN NaN NaN NaN NaN NaN NaN NaN NaN 
NaN NaN NaN NaN NaN NaN NaN NaN NaN NaN NaN NaN NaN NaN NaN NaN NaN NaN NaN NaN NaN NaN NaN NaN NaN NaN NaN NaN NaN NaN NaN NaN NaN NaN NaN NaN NaN NaN NaN NaN 
NaN NaN NaN NaN NaN NaN NaN NaN NaN NaN NaN NaN NaN NaN NaN NaN NaN NaN NaN NaN NaN NaN NaN NaN NaN NaN NaN NaN NaN NaN NaN NaN NaN NaN NaN NaN NaN NaN NaN NaN 
NaN NaN NaN NaN NaN NaN NaN NaN NaN NaN NaN NaN NaN NaN NaN NaN NaN NaN NaN NaN NaN NaN NaN NaN NaN NaN NaN NaN NaN NaN NaN NaN NaN NaN NaN NaN NaN NaN NaN NaN 
NaN NaN NaN NaN NaN NaN NaN NaN NaN NaN NaN NaN NaN NaN NaN NaN NaN NaN NaN NaN NaN NaN NaN NaN NaN NaN NaN NaN NaN NaN NaN NaN NaN NaN NaN NaN NaN NaN NaN NaN 
NaN NaN NaN NaN NaN NaN NaN NaN NaN NaN NaN NaN NaN NaN NaN NaN NaN NaN NaN NaN NaN NaN NaN NaN NaN NaN NaN NaN NaN NaN NaN NaN NaN NaN NaN NaN NaN NaN NaN NaN 
NaN NaN NaN NaN NaN NaN NaN NaN NaN NaN NaN NaN NaN NaN NaN NaN NaN NaN NaN NaN NaN NaN NaN NaN NaN NaN NaN NaN NaN NaN NaN NaN NaN NaN NaN NaN NaN NaN NaN NaN 
-59.725408 -58.142920 -57.442359 -56.576100 -55.800002 -56.663013 -59.641588 -62.946889 -64.287609 -67.593247 -70.344994 -71.005288 -68.227958 -68.357840 -67.457617 -65.541298 -67.336888 -73.139566 -74.262908 -70.789975 -75.001015 -75.006426 -72.889873 -73.387963 -79.092671 -78.246674 -70.742440 -71.039345 -80.915428 -81.949196 -81.994050 -82.425828 -78.462813 -81.905847 -83.679748 -82.731429 -84.602164 -81.520206 -79.831279 -77.763069 
-55.371101 -58.223990 -56.477123 -56.839692 -52.434249 -53.600403 -58.297517 -65.687030 -62.008084 -68.367024 -66.231549 -65.192333 -63.015148 -65.669092 -66.010999 -62.670027 -65.075974 -74.496626 -75.898342 -68.284843 -69.119552 -70.643357 -70.306391 -72.823034 -72.917646 -71.630258 -68.551827 -69.132353 -76.026844 -73.504506 -71.646238 -73.472128 -71.881132 -74.255691 -75.294697 -72.075030 -71.925949 -74.912084 -74.001264 -74.141905 
-57.676816 -63.565792 -62.408292 -56.900496 -59.141267 -60.087927 -64.099603 -71.258693 -66.908898 -71.966305 -65.374272 -67.783215 -68.875234 -72.042888 -66.716412 -71.328623 -72.975025 -73.357275 -73.039316 -73.276448 -71.007693 -70.250751 -69.142218 -72.260968 -74.685876 -74.080104 -73.427007 -75.943510 -78.906305 -72.964365 -71.699645 -71.064238 -73.956824 -75.805820 -74.261243 -71.173152 -70.836302 -73.748188 -76.158094 -76.483861 
-57.748347 -61.270666 -51.194447 -53.409091 -54.838759 -61.853675 -63.322495 -63.644132 -66.952912 -65.439496 -63.327459 -61.980046 -67.502541 -67.619247 -69.506953 -70.455913 -73.089228 -72.113564 -71.258324 -68.998119 -74.236307 -72.956193 -71.793180 -72.570568 -78.889903 -75.253892 -74.673327 -72.135584 -75.733703 -75.493230 -72.310366 -73.063787 -73.048542 -72.492346 -72.245176 -72.505169 -72.412436 -71.794515 -73.819430 -71.876234 
-59.316015 -53.642804 -46.382168 -48.087579 -58.644318 -58.442933 -59.865968 -61.328448 -65.289038 -65.622699 -61.754886 -64.290745 -64.767218 -68.187535 -77.124640 -71.476473 -69.782217 -67.178912 -70.890390 -69.521847 -69.205071 -67.402355 -69.348781 -67.361878 -69.830915 -69.912454 -71.968149 -70.282579 -71.177745 -70.942134 -69.282118 -69.273206 -69.798985 -71.799461 -70.792238 -68.251364 -70.114361 -73.098366 -72.683080 -71.899511 
-57.483141 -51.529154 -51.462292 -48.274073 -53.646326 -57.334288 -58.310716 -56.593214 -57.560188 -67.494494 -58.190744 -59.861279 -65.387755 -66.431766 -74.131813 -67.009905 -64.666077 -62.516699 -64.412874 -64.203806 -67.541328 -75.215912 -68.453470 -67.568633 -68.635214 -68.192854 -66.682327 -62.587780 -64.472967 -62.908754 -64.868536 -67.312746 -71.455231 -69.837901 -69.101499 -67.936320 -68.736666 -71.767180 -69.543095 -68.981582 
-55.265672 -52.873890 -55.181820 -60.469655 -56.367379 -62.215678 -58.834245 -54.670201 -59.971662 -68.778719 -62.501677 -65.258408 -62.870441 -66.032298 -71.287816 -63.679926 -63.343353 -71.648782 -68.740369 -64.869965 -64.266416 -69.073559 -71.190786 -71.352203 -68.660584 -70.401017 -72.185689 -68.073776 -70.220895 -66.022617 -67.332887 -62.387542 -64.794826 -72.663927 -75.282481 -73.546506 -71.287173 -70.641433 -70.931786 -70.506222 
