1.186158 8.583201 17.473114 21.544759 18.472097 14.015595 13.290515 4.603870 -14.846807 -6.457886 -5.058465 -8.890691 -8.620750 -9.245926 -9.206455 -10.484493 -11.162996 -11.017672 -11.466567 -14.193763 -16.062006 -15.997275 -15.380067 -14.753237 -15.254512 -19.410431 -17.490937 -18.158144 -19.396954 -19.949830 -20.572044 -21.242919 -21.783006 -22.480285 -23.091953 -23.734728 -24.625440 -25.311950 -26.546872 -28.360519 
-11.649632 -6.342509 19.442197 27.443726 17.913319 2.916117 17.273701 10.672924 -10.480400 -4.201622 -16.058231 -10.951456 -15.059883 -16.466049 -20.998987 -21.112147 -22.534777 -26.679906 -19.957187 -19.448337 -21.097300 -21.680302 -24.344759 -22.492531 -23.719264 -24.210247 -27.291159 -31.227516 -34.311404 -33.991166 -34.030660 -35.288695 -35.952341 -36.560167 -36.964236 -37.092239 -37.477665 -38.593018 -39.443587 -39.805928 
-13.239813 -12.761558 19.817611 28.721118 19.220366 2.843621 18.088507 11.837074 -13.159093 -3.351995 -18.923657 -12.107118 -19.318710 -15.390325 -21.210016 -24.767771 -26.728197 -26.103784 -18.073051 -19.807448 -19.567990 -20.300215 -23.129010 -21.412312 -22.533408 -23.807257 -26.523833 -34.322951 -37.476073 -37.087203 -37.614011 -38.150123 -39.768908 -40.433951 -41.006059 -40.701688 -39.537804 -41.218867 -42.057463 -42.135819 
-15.112570 -8.578654 20.119327 29.586680 20.484981 2.583065 18.563945 13.213794 -12.535855 -2.714764 -18.212529 -11.598707 -18.107186 -16.172959 -19.861447 -25.121644 -27.152102 -27.163958 -16.794767 -17.493256 -18.215677 -19.055551 -20.529858 -20.016364 -20.576561 -22.962590 -26.876055 -35.248247 -38.846813 -37.845320 -38.532473 -40.018167 -41.462590 -42.155822 -42.622174 -41.967453 -40.553796 -42.615704 -43.629003 -43.188508 
-11.827129 -12.854671 19.632438 30.145108 22.065029 2.413400 18.431204 14.599122 -13.393779 -3.462314 -16.317608 -12.904898 -16.432843 -16.880930 -17.794800 -24.110817 -29.216623 -25.731340 -16.368906 -17.428150 -18.886056 -21.113318 -20.232739 -19.678684 -21.150798 -25.765435 -28.631828 -37.882678 -44.037226 -42.322102 -41.595857 -41.524747 -48.513556 -51.795470 -53.042231 -41.706408 -42.518348 -49.851825 -52.151677 -51.042420 
-13.804448 -18.287700 19.393505 30.456884 22.697519 1.428785 18.143277 14.842372 -19.177286 -6.551127 -17.289918 -13.834908 -15.913102 -18.012073 -19.380959 -31.318575 -29.911098 -24.557984 -18.618417 -17.019977 -18.823380 -19.285956 -20.815400 -21.790602 -21.623656 -26.876310 -28.268860 -34.018902 -42.279881 -40.861616 -38.748447 -36.877652 -44.667586 -51.803986 -50.487754 -43.523448 -45.786167 -49.035977 -49.700749 -47.925337 
-18.258173 -11.968061 19.617221 30.349089 22.458679 -0.299918 18.245894 15.296933 -14.323338 -6.351020 -16.431002 -13.534989 -13.532116 -16.717039 -19.311607 -23.756735 -26.821202 -23.748256 -16.516539 -17.422908 -16.065008 -17.729021 -20.703811 -20.200497 -23.705456 -26.147517 -27.195409 -29.172299 -35.410882 -37.784871 -36.910514 -36.980510 -39.917833 -44.440484 -51.146900 -41.648800 -40.792414 -49.207688 -48.993354 -44.075645 
-12.827487 -12.293474 18.565477 29.777905 21.851634 4.553743 18.231705 15.820047 -9.290198 -4.967405 -9.352008 -9.481078 -10.414653 -15.039545 -17.758292 -24.464235 -22.411220 -20.032081 -13.351159 -17.212255 -17.258944 -16.643592 -19.907387 -18.476192 -21.765309 -23.952155 -21.654897 -23.507993 -30.640519 -33.132933 -30.799918 -33.123243 -34.227648 -34.985984 -40.096388 -38.923218 -39.323799 -40.740263 -40.345699 -37.570147 
-10.061348 -7.723563 16.020923 29.104488 25.114991 16.346730 15.614958 18.128323 6.552306 5.674649 5.968950 -1.448749 3.475979 -3.088063 -1.775655 -8.099364 -10.569269 -13.154754 -13.143901 -12.970450 -4.617200 -3.111691 -8.037992 -10.826238 -14.370805 -21.680091 -21.808729 -16.470410 -19.682574 -21.180803 -21.838529 -25.099071 -27.609477 -34.092776 -40.892003 -44.209024 -45.932634 -46.208860 -41.215125 -35.730257 
-6.976802 -9.335602 11.356428 27.129354 22.704289 3.690341 15.677550 19.418803 1.749712 12.439285 15.955630 0.692157 8.625456 -3.120393 3.439790 -4.263654 -2.550324 -8.596035 -7.241695 -10.035043 -4.845632 -1.930118 1.330229 -3.652219 -9.003221 -14.353308 -11.948924 -4.998706 -10.546891 -17.371055 -19.500867 -16.730350 -20.357094 -32.498495 -36.681485 -41.124775 -47.091010 -47.323614 -37.968805 -31.298393 
-18.651415 -15.808506 8.909861 26.311746 23.790472 -0.307291 12.148109 19.669362 2.220065 12.205817 17.981447 -0.595329 11.620608 0.781903 3.539432 -4.501946 -2.226197 -7.329047 -4.888331 -10.977840 -10.499323 -6.948769 -0.251204 0.909102 -5.745136 -11.340813 -13.355937 -4.534480 -5.925636 -10.938918 -21.223033 -17.468677 -15.592286 -25.363684 -29.096986 -33.872684 -37.108422 -37.179270 -33.337416 -27.700778 
-16.528312 -12.089446 7.270914 25.390657 23.156887 -2.330370 10.540116 18.558393 2.771450 10.911241 17.093068 -1.852380 13.036922 3.895054 3.674907 -3.677590 -1.890073 -8.634330 -5.471782 -11.010772 -10.481940 -6.489543 0.310066 2.648341 -3.751455 -9.701515 -10.066078 -3.552164 -4.158111 -10.182607 -17.323231 -17.900045 -13.612382 -20.200862 -23.373402 -29.462199 -31.553853 -32.752379 -29.705939 -28.138509 
-8.224608 -10.477157 3.945740 24.641171 23.249278 0.383169 6.601382 17.042461 2.253606 7.697693 16.445899 -1.772944 13.476998 6.029434 2.952099 -1.390424 -2.166486 -8.109938 -4.147698 -12.014784 -10.881823 -3.758482 1.753396 1.193911 -2.229176 -7.239788 -9.058842 -4.688367 -4.843418 -8.527277 -15.476113 -18.730733 -12.367306 -20.426046 -23.178525 -24.108859 -28.818639 -35.411446 -27.797833 -25.609420 
-18.244441 -8.926393 3.312204 23.912796 22.993412 0.169022 4.302223 15.444860 1.400975 7.051893 16.463711 -1.003388 14.169421 6.632475 2.527674 -0.946609 -2.245098 -6.374606 -3.488009 -11.445720 -10.416107 -3.894840 0.550186 -0.278540 -3.799572 -7.500632 -10.939511 -7.544647 -6.133299 -9.959281 -15.144053 -20.068512 -13.195160 -18.165758 -21.274328 -21.394278 -26.260891 -31.712667 -25.573858 -21.139656 
-11.369912 -8.174549 3.883682 24.166885 23.203987 0.737378 4.968550 15.314367 0.034072 7.449118 16.390029 -1.700171 13.676528 6.962262 2.642593 -0.263054 -1.825210 -6.172121 -3.479578 -12.817647 -12.117939 -6.422979 0.135354 0.287045 -3.205187 -10.486050 -11.933697 -9.160518 -5.956526 -8.311946 -13.119547 -19.428328 -14.393400 -18.522311 -24.067091 -27.584690 -28.929820 -32.262419 -27.718693 -24.257581 
-11.648690 -14.591360 4.962391 24.473973 23.589439 1.508766 4.518610 15.434825 2.134216 5.804312 16.167134 -1.135066 12.619977 6.275578 2.774894 1.395325 -3.455520 -7.528857 -4.248480 -12.057888 -12.754004 -6.388456 -2.779684 -0.279227 -2.058761 -11.193701 -9.647079 -8.020344 -4.374176 -9.369994 -11.805611 -16.751522 -12.842084 -15.859893 -24.202199 -31.264299 -33.386718 -36.607137 -29.251786 -25.952569 
-10.361662 -12.426036 5.099731 24.515923 23.541774 1.311134 5.276148 15.642374 1.780970 5.738928 16.044109 -1.113091 11.598909 5.116356 3.255361 1.505202 -2.648155 -7.490921 -3.573759 -10.553679 -10.759799 -6.343292 -4.419731 0.297637 -2.453626 -10.981767 -10.866045 -8.254434 -2.252457 -6.755214 -8.671085 -17.126370 -13.123830 -15.153546 -24.755930 -27.426360 -28.553618 -31.370922 -28.138527 -27.926094 
-10.226034 -7.691917 1.864205 24.172515 23.319979 -0.157844 4.456489 15.944489 1.793114 5.715853 15.545674 -0.884426 11.271890 4.485927 3.314776 0.131031 -3.451230 -8.163993 -3.591688 -11.594218 -11.332814 -6.573746 -3.603575 -0.098200 -1.693109 -10.181654 -13.793596 -10.955755 -5.393572 -9.707989 -11.419519 -19.853128 -15.772222 -17.342414 -22.288515 -25.549573 -30.379292 -35.276774 -26.872268 -25.816886 
-20.623991 -10.663556 5.617922 24.665180 23.370658 1.861159 4.857077 16.316657 2.825655 6.761433 15.212434 -1.138528 12.090477 4.765804 3.078379 -0.087555 -2.286461 -7.645652 -4.187272 -13.102658 -12.966359 -7.133194 -3.304997 0.105272 -2.402740 -10.962588 -16.234837 -11.172371 -6.321744 -12.781810 -12.619946 -20.175114 -15.891114 -13.076891 -16.811036 -22.843888 -26.843874 -31.955759 -26.257436 -25.774879 
-8.895594 -12.043334 4.725226 24.460748 22.597686 0.335424 7.827919 16.445110 -0.221069 7.846649 13.783459 -1.537217 12.716327 3.137669 3.990649 -3.559233 -1.184648 -8.637937 -5.871845 -9.753605 -11.478633 -9.019666 -3.509738 1.337487 -1.768861 -10.760244 -14.418255 -11.771651 -5.109542 -14.019462 -14.720383 -19.606536 -15.724920 -15.031648 -21.192562 -28.878042 -33.564030 -45.387675 -27.421639 -22.448234 
-19.912727 -15.035707 7.190032 24.310817 21.245531 -2.729890 10.365674 16.999992 -1.925018 9.140555 12.091083 0.375126 13.739718 1.395074 4.107083 -3.911943 -0.029010 -10.351143 -10.364407 -10.076211 -11.162530 -10.072590 -6.311129 1.835682 -4.660630 -13.127465 -10.775946 -9.555761 -2.732594 -11.922081 -12.679508 -19.449750 -14.645272 -16.950760 -25.844327 -30.040058 -31.183339 -38.892925 -28.048486 -25.953562 
-24.812774 -16.984235 8.838149 24.295386 20.164902 -5.611436 12.097562 16.898487 -4.090221 9.630598 11.245688 3.220562 14.203634 0.320320 4.047030 -3.765259 1.678868 -11.002055 -12.394603 -6.984877 -9.972008 -6.486057 -1.897654 -1.882325 -5.844660 -13.249734 -11.915632 -9.729872 -4.854180 -11.730636 -14.357151 -18.592113 -16.340626 -16.722319 -23.347565 -29.368853 -31.871330 -35.228103 -28.036842 -24.874176 
-25.753320 -18.527951 8.903658 24.034460 19.769046 -5.272339 11.596294 16.475180 -4.250888 8.971951 8.976131 4.071244 14.114588 -0.014780 5.282451 -3.877536 1.627660 -12.242103 -14.219773 -6.081701 -13.006223 -6.029401 -2.283400 -4.593748 -4.016539 -7.308088 -10.958637 -11.090352 -5.712390 -11.312329 -11.378621 -16.922343 -16.920077 -16.348547 -22.140406 -28.434912 -32.281382 -36.087754 -26.769548 -22.186471 
-24.009458 -15.560880 9.936823 23.723781 18.459069 -3.703370 14.438757 16.485754 -5.000835 9.011384 5.330443 6.266869 13.309332 0.923919 6.648126 -1.048228 1.156228 -11.191574 -9.408117 -3.124110 -10.564970 -5.847154 -4.240573 -5.251034 -3.843727 -6.697838 -8.593646 -10.736358 -5.422799 -9.296640 -10.501971 -16.329738 -15.642771 -16.262800 -21.487881 -28.112111 -32.260754 -32.605321 -25.877728 -22.428408 
-21.770449 -19.136847 11.745078 23.512445 16.545990 -0.561335 17.559493 15.917293 -7.922159 7.593929 -0.244664 10.594941 11.072051 6.332689 7.744369 4.088224 0.419838 -4.949102 -3.888145 -2.710155 -9.631597 -8.561997 -4.219315 -2.407680 -7.887402 -9.742180 -11.178964 -11.574977 -5.658312 -11.452128 -12.611120 -15.792675 -18.072971 -17.973520 -26.236993 -28.252183 -30.592064 -31.194326 -28.605368 -26.769421 
-17.108030 -13.813499 13.253510 23.251290 14.961892 0.992536 18.823722 14.922243 -3.248258 6.762328 -5.144060 12.376690 7.634770 6.783406 4.647196 4.941535 -1.738990 -2.891389 -4.732945 -8.235317 -9.336553 -9.427514 -0.328058 -6.152246 -8.735160 -10.516534 -13.717429 -17.651613 -7.634816 -11.617158 -15.487408 -21.413977 -19.147326 -22.152090 -29.122314 -30.962194 -31.880361 -34.415570 -30.807925 -28.847048 
-28.245856 -17.372382 13.760096 22.634068 12.883691 5.056048 20.028813 13.817194 -2.509125 4.628257 -4.788851 14.154131 5.721125 7.363266 0.227419 4.264221 -2.472907 -3.276679 -5.576592 -10.720644 -10.863889 -5.186938 1.002240 -8.060353 -11.215539 -14.434054 -13.968542 -17.745672 -8.523262 -12.875637 -15.174736 -21.078074 -20.356275 -20.773009 -27.121973 -30.209133 -31.326862 -34.048644 -29.253990 -26.444535 
-27.003695 -9.905851 14.867371 21.803501 10.410356 8.863976 20.756026 11.564861 -0.395608 2.551721 2.843556 14.733143 3.423331 7.436159 3.352146 5.582001 0.772304 -2.565244 -4.491338 -5.738040 -9.104284 -3.467351 -2.271415 -3.934674 -10.546020 -15.238023 -17.514141 -16.652241 -8.601555 -13.271005 -15.524777 -21.772372 -18.036643 -22.384516 -27.682622 -30.586119 -31.356924 -36.532455 -32.637564 -31.844231 
-22.821759 -6.003046 15.513674 20.417221 6.519299 13.023595 20.666933 6.924252 -0.157007 -2.439027 6.123510 12.063245 1.746632 2.172031 5.953914 3.812588 3.481507 -2.211601 -3.681636 -3.824697 -6.750982 -2.245805 -1.895257 -5.283379 -11.836691 -18.545868 -18.313877 -15.436081 -9.352338 -15.156813 -18.990163 -19.730860 -18.847495 -24.073522 -29.584922 -29.100702 -31.121575 -36.639750 -33.237889 -29.125881 
-13.612965 -1.890391 16.315544 19.391049 3.652158 14.882555 19.729940 3.662119 0.822749 -4.880364 8.205380 8.469328 2.848360 2.192869 7.254431 4.076849 4.214545 -2.981820 -6.490440 -7.444813 -5.237511 -4.490287 -4.155815 -9.960645 -13.977907 -15.752045 -16.809222 -15.695006 -9.982863 -15.942940 -17.891988 -18.114088 -17.071241 -25.221691 -28.125021 -30.413255 -33.111215 -38.026715 -36.878098 -32.110607 
-19.954875 0.228481 16.967272 18.138530 3.034069 17.151601 18.217177 -0.002844 -1.098786 -6.398262 9.134648 2.982841 3.952982 0.672902 6.077817 3.096693 2.111579 -0.619542 -4.355866 -6.549635 -5.407565 -2.175509 -3.615581 -8.940221 -12.217269 -14.583880 -18.711246 -15.887498 -12.725324 -17.492214 -20.353454 -23.397520 -23.091925 -31.266495 -30.972278 -31.345083 -33.370219 -37.177438 -36.813399 -35.450611 
-24.513659 1.353332 17.096152 17.012438 0.741708 17.488345 16.542226 -3.843213 -2.576239 -6.125337 8.185155 -0.830126 4.408562 1.233073 4.728054 3.118158 -0.440458 -1.884133 -4.208936 -4.767896 -4.359139 -2.856604 -6.419071 -9.816583 -13.874030 -19.456694 -21.335184 -17.111851 -14.677837 -19.093660 -22.797562 -23.404547 -22.343244 -28.300474 -30.332144 -29.707169 -33.803471 -40.593684 -42.344926 -39.987279 
-20.142934 2.294391 17.343596 16.673233 3.100805 18.105808 14.938397 -6.649745 -3.545771 -3.082045 7.388043 -0.178755 4.559500 2.932453 3.276935 1.799749 -2.377372 -4.782709 -7.561563 -6.274927 -4.454715 -3.856467 -9.406227 -10.968181 -18.937847 -23.201508 -22.724381 -17.038709 -16.487059 -20.374894 -25.719941 -25.239127 -24.172231 -31.260395 -30.458069 -32.504590 -33.580413 -35.021523 -36.312557 -36.446445 
-28.755415 2.871179 17.572229 16.275125 4.994295 17.693466 13.271331 -4.028350 -5.964518 -1.304875 5.721323 2.616118 4.111384 2.563643 -0.050798 -0.302010 0.626122 -4.054421 -4.727371 -5.813883 -4.606132 -3.249345 -11.612025 -13.628651 -20.389155 -26.760898 -25.284100 -18.589549 -17.827790 -21.469444 -26.295950 -25.321919 -25.456908 -32.569418 -32.797676 -32.640257 -33.951951 -36.765828 -40.024238 -39.423939 
-23.959828 3.828876 17.488313 14.477457 7.008996 17.283734 8.733134 -2.408292 -8.486680 -0.496152 -0.003593 5.240017 1.294129 1.571703 -0.840137 -1.825808 -0.562377 -8.654006 -8.953189 -9.584634 -9.238192 -10.684549 -16.093354 -14.118741 -23.238122 -28.967350 -27.038616 -22.735137 -20.499500 -21.372404 -25.303022 -27.113371 -23.467950 -30.671365 -33.824581 -35.291985 -36.202153 -37.372598 -44.580791 -40.728178 
-18.000381 5.495123 17.593319 13.356730 7.422118 16.512777 5.347682 -2.466173 -7.686296 -3.004818 -6.048582 5.005953 -3.550533 -2.195767 -1.624705 -3.108311 -3.235029 -8.043713 -8.492289 -11.997255 -5.088965 -9.007765 -16.119752 -17.772005 -25.807314 -27.002950 -21.909370 -21.062611 -17.156154 -21.467397 -26.573324 -26.445659 -25.586223 -33.153698 -36.983552 -40.757176 -37.739157 -39.087617 -44.915791 -42.336622 
-25.957059 5.696702 17.319679 12.717327 7.708002 16.269528 5.681751 -1.870376 -7.724829 -2.328445 -3.317060 5.371792 -2.497550 -2.919634 -2.111027 -2.833449 -4.753735 -10.709042 -9.699034 -13.381891 -6.686104 -11.798370 -19.188419 -17.625984 -28.867846 -31.254092 -25.140263 -23.445755 -19.955098 -26.546182 -31.266209 -28.619876 -27.560642 -34.829342 -39.144219 -44.133789 -40.339408 -40.869528 -43.515318 -45.028769 
-21.123393 5.351954 16.897777 11.775106 7.074757 14.332392 2.979730 0.150272 -7.085907 -5.262561 -6.957181 3.530582 -4.366821 -9.493612 -5.376978 -7.643480 -8.326262 -12.502095 -14.481805 -16.302326 -9.159464 -14.117601 -21.967016 -20.464558 -26.633211 -29.248996 -29.457886 -27.113869 -25.475643 -29.483093 -33.528165 -26.456410 -25.734607 -36.132231 -39.262810 -40.282958 -39.185200 -40.827745 -41.498322 -42.548361 
-20.864846 5.837208 16.717684 11.540087 9.557483 10.958228 0.361218 3.560628 -9.207197 -15.603624 -12.038135 -2.943711 -12.700345 -13.403182 -8.571744 -12.098042 -12.592402 -17.163497 -17.883021 -16.391894 -14.081997 -20.216766 -24.888876 -23.142531 -28.875056 -31.674566 -32.264058 -28.816830 -27.529331 -31.510292 -34.102396 -29.654839 -28.184182 -38.223771 -48.447939 -48.852877 -47.961036 -47.226016 -48.069955 -50.395468 
-26.292822 5.831855 16.733195 11.308907 9.469813 13.461863 2.415271 1.920599 -10.757328 -15.376906 -15.844420 -15.298729 -20.066892 -18.292142 -15.088246 -24.377769 -21.991060 -24.515895 -25.833571 -23.176426 -15.286722 -23.201668 -28.459000 -28.441775 -29.870573 -32.827602 -33.581458 -33.225233 -28.753697 -34.284757 -35.999050 -35.333202 -35.307814 -38.462962 -39.364163 -39.719576 -39.862322 -40.227787 -40.292480 -40.406259 
-14.601127 7.690151 17.326171 11.164931 9.529808 16.147647 5.127632 -1.225811 -9.539874 -21.941254 -21.355982 -17.232382 -25.442119 -24.814758 -16.513367 -24.963481 -29.210210 -32.721267 -30.945218 -29.841384 -22.773376 -25.974153 -31.743919 -34.058944 -34.116367 -38.359093 -40.933932 -43.895489 -39.861246 -43.013296 -46.036101 -42.380333 -39.506138 -49.504432 -52.118589 -49.410488 -47.190451 -48.566002 -50.591955 -52.377100 
-14.161702 7.663115 17.283246 10.887036 11.664691 16.161614 0.476487 -2.147758 -11.436666 -20.085275 -18.052086 -16.790392 -22.543717 -20.365626 -16.863256 -24.512141 -27.037577 -27.408911 -28.500584 -25.296515 -22.761897 -26.619433 -28.938167 -30.329388 -30.566445 -33.101836 -33.692364 -34.159152 -34.057025 -35.556155 -35.909091 -36.148684 -36.409556 -37.501919 -37.833619 -38.037424 -38.097762 -38.664778 -38.893596 -39.046623 
-14.295359 7.719400 17.004883 10.427061 12.646498 16.220604 1.033429 -2.793681 -16.598683 -23.195235 -24.858978 -21.610681 -28.098808 -23.462877 -19.892682 -37.729780 -39.787692 -39.349899 -39.532606 -25.829381 -22.149421 -24.712991 -30.856583 -36.074954 -34.986952 -44.826544 -42.133875 -40.470802 -37.064923 -46.736470 -51.920844 -49.280193 -47.734469 -59.083059 -61.255798 -48.899948 -47.293934 -52.674623 -55.337893 -57.490799 
-15.188954 8.276299 16.689528 9.410478 12.849297 15.531757 -0.067006 -2.830241 -20.219803 -18.459614 -19.846982 -20.832660 -21.745216 -19.738216 -19.310127 -26.449018 -27.338507 -27.939175 -28.564024 -25.423407 -20.720037 -23.664815 -30.476680 -29.702004 -30.399343 -34.089565 -34.255238 -34.428447 -34.259104 -36.085808 -36.786757 -37.063799 -37.374369 -38.058099 -38.486704 -38.550043 -38.627825 -39.122114 -39.560356 -39.668852 
-12.273051 8.706249 16.306455 8.582105 12.981340 13.380461 -1.885632 -2.367191 -18.892141 -26.434570 -26.620898 -24.565076 -23.060952 -20.689912 -23.344462 -34.464950 -36.178297 -33.783170 -32.494784 -29.636574 -23.806017 -28.243430 -35.362965 -33.043787 -34.341660 -40.683312 -42.468073 -41.835692 -40.718298 -43.457780 -44.827143 -44.093620 -44.406843 -46.273366 -46.515516 -45.139502 -43.681042 -45.832777 -47.457865 -47.921420 
-15.508011 8.027418 15.805365 8.290696 12.284091 11.651415 -2.327919 -2.246934 -19.966848 -25.470086 -21.051447 -24.461946 -23.549844 -20.798256 -25.736940 -34.061570 -37.173107 -35.771281 -33.378883 -30.064730 -23.218134 -28.619458 -32.785272 -35.589332 -36.492905 -42.876038 -42.798673 -43.170803 -39.860098 -43.121279 -45.943533 -44.596041 -45.879834 -47.258178 -47.727635 -47.170066 -46.013343 -47.851567 -48.155372 -48.620570 
-16.200717 7.552711 15.407542 8.149224 10.068041 9.399151 -1.229525 -3.390914 -19.162237 -29.188696 -22.448704 -27.195736 -27.424649 -22.085623 -24.050655 -32.179826 -37.510681 -39.533272 -37.201460 -32.956630 -22.867325 -28.783529 -31.547067 -33.944933 -38.093961 -40.432722 -44.486796 -43.824381 -39.931035 -44.323027 -49.354729 -46.666017 -46.105884 -49.729512 -50.856838 -49.006643 -46.929899 -50.482422 -51.635023 -51.848089 
-16.459799 6.669730 14.438292 6.501704 7.526705 7.164911 -1.012102 -4.210620 -18.031235 -27.290841 -24.842194 -27.969347 -29.810052 -23.151593 -26.612370 -33.629239 -38.188131 -37.778997 -34.637462 -36.512349 -23.264456 -28.135744 -32.481092 -34.884875 -37.516690 -40.326991 -41.510072 -44.899164 -44.341075 -47.307850 -48.992650 -46.888446 -48.437853 -50.619591 -51.290220 -50.021540 -48.863674 -50.857435 -52.352714 -52.081540 
-10.409281 7.493507 13.049890 6.773328 7.630876 1.080392 -2.707949 -8.183994 -19.830600 -29.177588 -30.116923 -24.847359 -26.011835 -25.527743 -33.341769 -37.485161 -39.640762 -42.132665 -36.127143 -32.921648 -23.609934 -27.607279 -33.074997 -32.313150 -33.760817 -40.642698 -46.451659 -47.121688 -47.145242 -56.817404 -56.190820 -50.574906 -52.622847 -56.016599 -56.475990 -53.227482 -50.136997 -52.541327 -55.877133 -56.915158 
-14.085416 0.305685 7.209157 7.118640 8.471913 3.377812 -5.084390 -15.085659 -22.951113 -31.074797 -26.672694 -27.397849 -30.181208 -26.791918 -32.418322 -35.709203 -36.293980 -36.880566 -36.535818 -29.482681 -23.699348 -28.613097 -39.757885 -35.711738 -37.495672 -44.263875 -45.821323 -48.398877 -49.374888 -52.271955 -51.821691 -52.274461 -52.588565 -53.628647 -55.187260 -52.329552 -52.555834 -55.744623 -55.268691 -54.910185 
-17.212178 -0.376094 6.227734 0.057090 -4.212389 3.327249 -3.459382 -11.440011 -19.452297 -35.507579 -32.876056 -32.767959 -30.109822 -34.323812 -31.656392 -32.892765 -39.724197 -41.925969 -38.164281 -29.927044 -19.055860 -23.598915 -34.000365 -33.786325 -33.764232 -42.217996 -41.614831 -46.974667 -44.131298 -49.330815 -48.361035 -46.802916 -52.845265 -52.752174 -54.535984 -52.386668 -50.801261 -50.987313 -52.827241 -52.340215 
-13.639242 3.548640 8.408600 -0.892190 -7.504983 3.856350 -1.214541 -16.875737 -28.292854 -36.350477 -33.460639 -25.962752 -26.344050 -25.159794 -27.017763 -28.356680 -30.457451 -36.013301 -38.217504 -33.023480 -20.911728 -25.010010 -38.388500 -32.441465 -34.559236 -41.318319 -47.515767 -49.320747 -46.570779 -48.404597 -47.739041 -48.451294 -49.633734 -46.266624 -51.890009 -49.783321 -50.070726 -52.614249 -51.747260 -51.290893 
-15.573486 -0.402875 4.456745 -6.411410 -10.537180 -1.872159 -4.497807 -16.223816 -25.989821 -28.826657 -27.088056 -26.756610 -23.140551 -26.687916 -24.588606 -28.852335 -33.264294 -32.045338 -30.839805 -28.487905 -21.179785 -24.362280 -35.669004 -33.058547 -35.665729 -44.770167 -45.285010 -44.237236 -41.126312 -47.405063 -44.777959 -43.469777 -46.310427 -47.307514 -53.813205 -52.301016 -53.979055 -53.917767 -53.592972 -54.934696 
-23.535780 -7.848906 -2.324341 -8.313722 -13.198018 -7.315622 -9.901513 -17.384463 -32.910316 -29.834001 -24.483146 -29.901199 -27.499489 -27.423988 -30.079390 -33.535169 -32.408145 -32.103904 -33.454114 -28.817439 -26.589405 -29.131067 -37.000165 -34.463614 -37.259502 -47.067529 -52.578065 -51.065606 -47.588746 -45.358034 -44.613655 -43.322113 -42.777050 -47.071229 -54.115541 -54.874869 -55.965773 -55.496988 -53.836039 -55.738824 
-25.277115 -16.330035 -15.426183 -13.394396 -14.310012 -7.366130 -12.217251 -18.908586 -31.916356 -28.499882 -23.029539 -21.216867 -26.985638 -26.459556 -29.379732 -32.081024 -30.645849 -37.865394 -34.330467 -35.522283 -29.977571 -33.699247 -38.432848 -33.902310 -35.977579 -43.428156 -48.857491 -47.681467 -45.813724 -45.771558 -44.997902 -44.923552 -44.251362 -49.945191 -53.210971 -54.732414 -57.427639 -55.817686 -53.936953 -55.737210 
-26.942450 -20.376836 -18.421159 -20.565420 -20.737883 -13.041449 -12.541960 -20.924732 -30.295942 -32.041496 -26.590977 -25.877699 -28.269581 -25.859985 -27.676359 -32.083370 -34.435207 -34.146728 -33.481132 -32.180991 -29.398356 -32.582057 -41.188376 -38.148515 -44.159959 -48.575877 -51.031782 -49.155914 -47.104033 -48.172765 -46.354097 -48.652411 -48.999044 -54.380691 -57.894289 -55.255748 -56.030246 -54.791294 -55.332118 -57.262251 
-21.087922 -14.642593 -15.376724 -24.273526 -27.271322 -21.967188 -27.337128 -29.700077 -37.171761 -38.101488 -36.184343 -28.694559 -27.788537 -29.139084 -32.655843 -32.849048 -34.808431 -39.567156 -35.244058 -38.490857 -30.150991 -34.246564 -41.946542 -43.485912 -41.373504 -48.346815 -48.839233 -50.881865 -45.509390 -47.659629 -48.116561 -50.895710 -49.208310 -55.558046 -57.876299 -57.828938 -58.720448 -54.471705 -54.750634 -60.472160 
-23.801396 -23.064575 -24.255374 -28.352289 -31.288348 -21.575654 -21.242605 -28.381429 -38.775309 -37.940703 -30.544246 -23.728310 -31.603806 -28.097393 -30.754094 -32.107324 -39.567575 -40.289198 -41.896720 -42.275918 -36.303371 -38.389949 -39.500407 -42.246677 -46.579714 -49.351261 -52.023992 -49.827748 -46.028007 -48.038978 -47.460857 -49.749534 -54.956818 -60.405076 -56.477357 -58.026609 -61.192832 -57.558216 -58.831539 -60.125660 
-32.633916 -30.112583 -35.793688 -31.754805 -31.024210 -26.437261 -24.810331 -38.408017 -46.286749 -36.141300 -32.576875 -32.664466 -29.704618 -30.623207 -34.402773 -33.133039 -43.615342 -41.371112 -39.202832 -41.347513 -38.056846 -41.358995 -42.417539 -39.484840 -46.670696 -48.206051 -50.866503 -53.410498 -57.122177 -55.823406 -55.801315 -58.008254 -59.467235 -60.541164 -61.509087 -61.186390 -57.978339 -61.574719 -59.929608 -62.385100 
-37.388941 -30.418079 -30.622460 -34.083620 -34.940108 -31.387471 -36.402609 -44.102708 -47.798197 -47.907889 -43.195754 -35.208248 -38.178760 -43.442696 -42.592092 -44.460585 -52.431311 -51.193336 -53.704910 -52.729200 -45.147058 -47.977860 -51.916048 -52.702337 -57.724205 -56.829378 -57.298372 -60.124420 -58.358718 -56.970091 -60.365465 -59.859227 -64.752104 -64.747986 -64.637243 -63.743843 -62.182097 -64.484104 -63.883853 -69.214641 
-45.014611 -40.283150 -39.696165 -43.529646 -49.319092 -56.352883 -45.463523 -48.216907 -55.861407 -55.381218 -55.339933 -51.901557 -61.014662 -57.634443 -53.644515 -61.466644 -57.604388 -60.017494 -62.782690 -63.222268 -62.702936 -66.427954 -63.270063 -62.674542 -63.630214 -65.539736 -64.384304 -64.499046 -65.486917 -68.071944 -69.102295 -64.543459 -69.633452 -72.466401 -69.533994 -66.688020 -63.986027 -65.949747 -67.725396 -71.988528 
-61.607968 -58.969011 -52.274224 -54.929512 -63.219637 -61.766835 -59.342311 -59.518736 -66.914913 -64.068776 -62.731240 -74.527840 -69.973008 -66.535195 -67.454847 -69.416401 -69.380549 -70.406629 -71.096149 -71.593259 -68.845533 -64.382559 -71.035958 -73.300393 -70.774236 -64.851354 -69.144220 -70.990813 -74.291061 -70.926965 -72.105597 -70.331977 -72.609525 -70.584606 -71.958128 -74.285802 -70.876727 -70.213189 -71.294495 -75.098999 
-62.059585 -62.286454 -61.447491 -66.815104 -73.409439 -70.257581 -72.904423 -74.668689 -76.579767 -73.458869 -73.443617 -76.868397 -70.802666 -71.895078 -71.854097 -71.439308 -73.925858 -70.904450 -75.810662 -74.557400 -74.564625 -74.837407 -72.638921 -79.729870 -79.410461 -74.723589 -78.828010 -77.013395 -74.058168 -73.901074 -74.861792 -74.382372 -73.677984 -77.916218 -76.824564 -78.762386 -76.002403 -74.078651 -75.529058 -76.067561 
-64.668617 -71.092534 -65.435394 -69.675016 -71.870473 -72.817044 -69.653957 -72.372768 -73.896475 -78.136460 -83.165220 -75.466904 -75.768680 -74.583423 -73.412603 -76.350592 -74.989523 -75.212360 -75.916423 -74.796080 -78.438559 -82.544960 -77.577191 -76.601092 -80.693180 -78.914525 -80.264882 -79.656840 -75.511286 -75.061336 -78.549647 -76.356639 -75.871048 -74.718443 -76.125818 -79.840446 -79.876621 -78.537121 -77.898852 -74.867565 
-65.804661 -71.634863 -74.791771 -72.992634 -73.811404 -80.707855 -78.592678 -79.665344 -73.463681 -76.388096 -77.153258 -71.318861 -73.369084 -77.150132 -79.000966 -76.694143 -78.153936 -74.851344 -76.777012 -76.245333 -76.410804 -78.875848 -80.341401 -81.255548 -83.277952 -77.530946 -79.192014 -77.655943 -77.806031 -77.280382 -79.404353 -77.512435 -77.817716 -79.605815 -82.278199 -77.536646 -80.427523 -77.616025 -77.402257 -76.954732 
-65.064875 -83.085847 -77.539062 -75.240774 -76.177325 -81.810145 -86.153968 -75.814783 -77.450392 -82.312325 -70.842734 -69.635562 -78.788143 -73.882526 -79.798104 -81.519036 -78.103820 -75.181129 -75.509981 -71.426637 -78.140709 -78.026829 -76.078065 -73.632048 -73.118512 -74.604336 -76.213021 -74.561211 -74.895634 -77.733592 -79.977456 -77.999625 -74.391381 -79.797361 -78.314568 -76.986998 -78.837191 -77.981229 -77.328272 -75.727889 
-66.528181 -80.795690 -81.863094 -79.614798 -72.255136 -74.119756 -81.742318 -75.349042 -76.334522 -76.723414 -76.776014 -76.251292 -80.202603 -72.235350 -75.942878 -81.362622 -76.311554 -79.289611 -80.941249 -78.703144 -79.925517 -77.533139 -76.554227 -80.625759 -73.591959 -75.751557 -78.998259 -76.897078 -77.276032 -73.622504 -77.254399 -75.779044 -74.419577 -77.931304 -77.203107 -79.110061 -77.519532 -78.047561 -78.275552 -76.713584 
-64.008444 -79.006891 -78.937169 -77.442007 -75.405748 -68.029136 -67.267949 -71.177684 -74.314428 -72.370980 -72.173753 -73.327181 -72.491737 -69.928461 -72.647930 -78.022479 -78.573150 -75.350378 -77.552827 -75.532753 -77.391875 -73.015590 -74.470636 -77.031245 -75.259130 -75.737544 -76.872788 -76.879295 -75.552846 -75.719771 -77.633577 -77.213150 -75.084124 -74.397956 -75.750918 -76.633453 -73.650623 -77.809618 -77.720437 -78.890294 
-59.974089 -69.965412 -67.045681 -73.989872 -72.288833 -62.847229 -66.759567 -72.228673 -70.480027 -71.925079 -69.422598 -70.620762 -69.768752 -70.292252 -65.552825 -68.398838 -68.612028 -70.262693 -73.172603 -71.520295 -69.768065 -74.770210 -76.661282 -71.834002 -72.002395 -73.361829 -73.808979 -74.875507 -76.913484 -73.040652 -75.776309 -76.160654 -74.287438 -75.989690 -76.136922 -74.788184 -76.087560 -77.535742 -75.648372 -77.343727 
-66.136186 -69.348547 -70.072658 -71.643844 -71.541762 -69.700140 -71.460630 -75.961237 -81.040701 -84.166879 -79.271016 -78.142989 -78.972744 -83.175756 -74.539198 -71.637637 -75.521936 -77.392587 -80.989932 -74.335618 -72.632513 -80.822235 -76.835787 -74.640578 -78.635818 -76.106328 -75.453339 -80.120237 -78.948359 -80.323380 -80.583997 -88.427749 -81.060317 -80.649703 -81.998981 -83.335219 -81.419626 -80.520850 -82.920763 -81.080531 
-148.499917 -148.501701 -148.504586 -148.509212 -148.515041 -148.522333 -148.529947 -148.537737 -148.544799 -148.548657 -148.547300 -148.537531 -148.516466 -148.479428 -148.422920 -148.345419 -148.243377 -148.120726 -147.981647 -147.836470 -147.696840 -147.577463 -147.494268 -147.453632 -147.451198 -147.459362 -147.419138 -147.248099 -146.875630 -146.298815 -145.605616 -144.939414 -144.410962 -144.015558 -143.536835 -142.558094 -140.877489 -138.857565 -137.045847 -135.812210 
NaN NaN NaN NaN NaN NaN NaN NaN NaN NaN NaN NaN NaN NaN NaN NaN NaN NaN NaN NaN NaN NaN NaN NaN NaN NaN NaN NaN NaN NaN NaN NaN NaN NaN NaN NaN NaN NaN NaN NaN 
NaN NaN NaN NaN NaN NaN NaN NaN NaN NaN NaN NaN NaN NaN NaN NaN NaN NaN NaN NaN NaN NaN NaN NaN NaN NaN NaN NaN NaN NaN NaN NaN NaN NaN NaN NaN NaN NaN NaN NaN 
NaN NaN NaN NaN NaN NaN NaN NaN NaN NaN NaN NaN NaN NaN NaN NaN NaN NaN NaN NaN NaN NaN NaN NaN NaN NaN NaN NaN NaN NaN NaN NaN NaN NaN NaN NaN NaN NaN NaN NaN 
NaN NaN NaN NaN NaN NaN NaN NaN NaN NaN NaN NaN NaN NaN NaN NaN NaN NaN NaN NaN NaN NaN NaN NaN NaN NaN NaN NaN NaN NaN NaN NaN NaN NaN NaN NaN NaN NaN NaN NaN 
NaN NaN NaN NaN NaN NaN NaN NaN NaN NaN NaN NaN NaN NaN NaN NaN NaN NaN NaN NaN NaN NaN NaN NaN NaN NaN NaN NaN NaN NaN NaN NaN NaN NaN NaN NaN NaN NaN NaN NaN 
NaN NaN NaN NaN NaN NaN NaN NaN NaN NaN NaN NaN NaN NaN NaN NaN NaN NaN NaN NaN NaN NaN NaN NaN NaN NaN NaN NaN NaN NaN NaN NaN NaN NaN NaN NaN NaN NaN NaN NaN 
NaN NaN NaN NaN NaN NaN NaN NaN NaN NaN NaN NaN NaN NaN NaN NaN NaN NaN NaN NaN NaN NaN NaN NaN NaN NaN NaN NaN NaN NaN NaN NaN NaN NaN NaN NaN NaN NaN NaN NaN 
NaN NaN NaN NaN NaN NaN NaN NaN NaN NaN NaN NaN NaN NaN NaN NaN NaN NaN NaN NaN NaN NaN NaN NaN NaN NaN NaN NaN NaN NaN NaN NaN NaN NaN NaN NaN NaN NaN NaN NaN 
NaN NaN NaN NaN NaN NaN NaN NaN NaN NaN NaN NaN NaN NaN NaN NaN NaN NaN NaN NaN NaN NaN NaN NaN NaN NaN NaN NaN NaN NaN NaN NaN NaN NaN NaN NaN NaN NaN NaN NaN 
NaN NaN NaN NaN NaN NaN NaN NaN NaN NaN NaN NaN NaN NaN NaN NaN NaN NaN NaN NaN NaN NaN NaN NaN NaN NaN NaN NaN NaN NaN NaN NaN NaN NaN NaN NaN NaN NaN NaN NaN 
NaN NaN NaN NaN NaN NaN NaN NaN NaN NaN NaN NaN NaN NaN NaN NaN NaN NaN NaN NaN NaN NaN NaN NaN NaN NaN NaN NaN NaN NaN NaN NaN NaN NaN NaN NaN NaN NaN NaN NaN 
NaN NaN NaN NaN NaN NaN NaN NaN NaN NaN NaN NaN NaN NaN NaN NaN NaN NaN NaN NaN NaN NaN NaN NaN NaN NaN NaN NaN NaN NaN NaN NaN NaN NaN NaN NaN NaN NaN NaN NaN 
NaN NaN NaN NaN NaN NaN NaN NaN NaN NaN NaN NaN NaN NaN NaN NaN NaN NaN NaN NaN NaN NaN NaN NaN NaN NaN NaN NaN NaN NaN NaN NaN NaN NaN NaN NaN NaN NaN NaN NaN 
NaN NaN NaN NaN NaN NaN NaN NaN NaN NaN NaN NaN NaN NaN NaN NaN NaN NaN NaN NaN NaN NaN NaN NaN NaN NaN NaN NaN NaN NaN NaN NaN NaN NaN NaN NaN NaN NaN NaN NaN 
NaN NaN NaN NaN NaN NaN NaN NaN NaN NaN NaN NaN NaN NaN NaN NaN NaN NaN NaN NaN NaN NaN NaN NaN NaN NaN NaN NaN NaN NaN NaN NaN NaN NaN NaN NaN NaN NaN NaN NaN 
NaN NaN NaN NaN NaN NaN NaN NaN NaN NaN NaN NaN NaN NaN NaN NaN NaN NaN NaN NaN NaN NaN NaN NaN NaN NaN NaN NaN NaN NaN NaN NaN NaN NaN NaN NaN NaN NaN NaN NaN 
NaN NaN NaN NaN NaN NaN NaN NaN NaN NaN NaN NaN NaN NaN NaN NaN NaN NaN NaN NaN NaN NaN NaN NaN NaN NaN NaN NaN NaN NaN NaN NaN NaN NaN NaN NaN NaN NaN NaN NaN 
NaN NaN NaN NaN NaN NaN NaN NaN NaN NaN NaN NaN NaN NaN NaN NaN NaN NaN NaN NaN NaN NaN NaN NaN NaN NaN NaN NaN NaN NaN NaN NaN NaN NaN NaN NaN NaN NaN NaN NaN 
NaN NaN NaN NaN NaN NaN NaN NaN NaN NaN NaN NaN NaN NaN NaN NaN NaN NaN NaN NaN NaN NaN NaN NaN NaN NaN NaN NaN NaN NaN NaN NaN NaN NaN NaN NaN NaN NaN NaN NaN 
NaN NaN NaN NaN NaN NaN NaN NaN NaN NaN NaN NaN NaN NaN NaN NaN NaN NaN NaN NaN NaN NaN NaN NaN NaN NaN NaN NaN NaN NaN NaN NaN NaN NaN NaN NaN NaN NaN NaN NaN 
NaN NaN NaN NaN NaN NaN NaN NaN NaN NaN NaN NaN NaN NaN NaN NaN NaN NaN NaN NaN NaN NaN NaN NaN NaN NaN NaN NaN NaN NaN NaN NaN NaN NaN NaN NaN NaN NaN NaN NaN 
NaN NaN NaN NaN NaN NaN NaN NaN NaN NaN NaN NaN NaN NaN NaN NaN NaN NaN NaN NaN NaN NaN NaN NaN NaN NaN NaN NaN NaN NaN NaN NaN NaN NaN NaN NaN NaN NaN NaN NaN 
NaN NaN NaN NaN NaN NaN NaN NaN NaN NaN NaN NaN NaN NaN NaN NaN NaN NaN NaN NaN NaN NaN NaN NaN NaN NaN NaN NaN NaN NaN NaN NaN NaN NaN NaN NaN NaN NaN NaN NaN 
NaN NaN NaN NaN NaN NaN NaN NaN NaN NaN NaN NaN NaN NaN NaN NaN NaN NaN NaN NaN NaN NaN NaN NaN NaN NaN NaN NaN NaN NaN NaN NaN NaN NaN NaN NaN NaN NaN NaN NaN 
NaN NaN NaN NaN NaN NaN NaN NaN NaN NaN NaN NaN NaN NaN NaN NaN NaN NaN NaN NaN NaN NaN NaN NaN NaN NaN NaN NaN NaN NaN NaN NaN NaN NaN NaN NaN NaN NaN NaN NaN 
NaN NaN NaN NaN NaN NaN NaN NaN NaN NaN NaN NaN NaN NaN NaN NaN NaN NaN NaN NaN NaN NaN NaN NaN NaN NaN NaN NaN NaN NaN NaN NaN NaN NaN NaN NaN NaN NaN NaN NaN 
NaN NaN NaN NaN NaN NaN NaN NaN NaN NaN NaN NaN NaN NaN NaN NaN NaN NaN NaN NaN NaN NaN NaN NaN NaN NaN NaN NaN NaN NaN NaN NaN NaN NaN NaN NaN NaN NaN NaN NaN 
NaN NaN NaN NaN NaN NaN NaN NaN NaN NaN NaN NaN NaN NaN NaN NaN NaN NaN NaN NaN NaN NaN NaN NaN NaN NaN NaN NaN NaN NaN NaN NaN NaN NaN NaN NaN NaN NaN NaN NaN 
NaN NaN NaN NaN NaN NaN NaN NaN NaN NaN NaN NaN NaN NaN NaN NaN NaN NaN NaN NaN NaN NaN NaN NaN NaN NaN NaN NaN NaN NaN NaN NaN NaN NaN NaN NaN NaN NaN NaN NaN 
NaN NaN NaN NaN NaN NaN NaN NaN NaN NaN NaN NaN NaN NaN NaN NaN NaN NaN NaN NaN NaN NaN NaN NaN NaN NaN NaN NaN NaN NaN NaN NaN NaN NaN NaN NaN NaN NaN NaN NaN 
NaN NaN NaN NaN NaN NaN NaN NaN NaN NaN NaN NaN NaN NaN NaN NaN NaN NaN NaN NaN NaN NaN NaN NaN NaN NaN NaN NaN NaN NaN NaN NaN NaN NaN NaN NaN NaN NaN NaN NaN 
NaN NaN NaN NaN NaN NaN NaN NaN NaN NaN NaN NaN NaN NaN NaN NaN NaN NaN NaN NaN NaN NaN NaN NaN NaN NaN NaN NaN NaN NaN NaN NaN NaN NaN NaN NaN NaN NaN NaN NaN 
NaN NaN NaN NaN NaN NaN NaN NaN NaN NaN NaN NaN NaN NaN NaN NaN NaN NaN NaN NaN NaN NaN NaN NaN NaN NaN NaN NaN NaN NaN NaN NaN NaN NaN NaN NaN NaN NaN NaN NaN 
NaN NaN NaN NaN NaN NaN NaN NaN NaN NaN NaN NaN NaN NaN NaN NaN NaN NaN NaN NaN NaN NaN NaN NaN NaN NaN NaN NaN NaN NaN NaN NaN NaN NaN NaN NaN NaN NaN NaN NaN 
NaN NaN NaN NaN NaN NaN NaN NaN NaN NaN NaN NaN NaN NaN NaN NaN NaN NaN NaN NaN NaN NaN NaN NaN NaN NaN NaN NaN NaN NaN NaN NaN NaN NaN NaN NaN NaN NaN NaN NaN 
NaN NaN NaN NaN NaN NaN NaN NaN NaN NaN NaN NaN NaN NaN NaN NaN NaN NaN NaN NaN NaN NaN NaN NaN NaN NaN NaN NaN NaN NaN NaN NaN NaN NaN NaN NaN NaN NaN NaN NaN 
NaN NaN NaN NaN NaN NaN NaN NaN NaN NaN NaN NaN NaN NaN NaN NaN NaN NaN NaN NaN NaN NaN NaN NaN NaN NaN NaN NaN NaN NaN NaN NaN NaN NaN NaN NaN NaN NaN NaN NaN 
NaN NaN NaN NaN NaN NaN NaN NaN NaN NaN NaN NaN NaN NaN NaN NaN NaN NaN NaN NaN NaN NaN NaN NaN NaN NaN NaN NaN NaN NaN NaN NaN NaN NaN NaN NaN NaN NaN NaN NaN 
NaN NaN NaN NaN NaN NaN NaN NaN NaN NaN NaN NaN NaN NaN NaN NaN NaN NaN NaN NaN NaN NaN NaN NaN NaN NaN NaN NaN NaN NaN NaN NaN NaN NaN NaN NaN NaN NaN NaN NaN 
NaN NaN NaN NaN NaN NaN NaN NaN NaN NaN NaN NaN NaN NaN NaN NaN NaN NaN NaN NaN NaN NaN NaN NaN NaN NaN NaN NaN NaN NaN NaN NaN NaN NaN NaN NaN NaN NaN NaN NaN 
NaN NaN NaN NaN NaN NaN NaN NaN NaN NaN NaN NaN NaN NaN NaN NaN NaN NaN NaN NaN NaN NaN NaN NaN NaN NaN NaN NaN NaN NaN NaN NaN NaN NaN NaN NaN NaN NaN NaN NaN 
NaN NaN NaN NaN NaN NaN NaN NaN NaN NaN NaN NaN NaN NaN NaN NaN NaN NaN NaN NaN NaN NaN NaN NaN NaN NaN NaN NaN NaN NaN NaN NaN NaN NaN NaN NaN NaN NaN NaN NaN 
NaN NaN NaN NaN NaN NaN NaN NaN NaN NaN NaN NaN NaN NaN NaN NaN NaN NaN NaN NaN NaN NaN NaN NaN NaN NaN NaN NaN NaN NaN NaN NaN NaN NaN NaN NaN NaN NaN NaN NaN 
NaN NaN NaN NaN NaN NaN NaN NaN NaN NaN NaN NaN NaN NaN NaN NaN NaN NaN NaN NaN NaN NaN NaN NaN NaN NaN NaN NaN NaN NaN NaN NaN NaN NaN NaN NaN NaN NaN NaN NaN 
NaN NaN NaN NaN NaN NaN NaN NaN NaN NaN NaN NaN NaN NaN NaN NaN NaN NaN NaN NaN NaN NaN NaN NaN NaN NaN NaN NaN NaN NaN NaN NaN NaN NaN NaN NaN NaN NaN NaN NaN 
NaN NaN NaN NaN NaN NaN NaN NaN NaN NaN NaN NaN NaN NaN NaN NaN NaN NaN NaN NaN NaN NaN NaN NaN NaN NaN NaN NaN NaN NaN NaN NaN NaN NaN NaN NaN NaN NaN NaN NaN 
NaN NaN NaN NaN NaN NaN NaN NaN NaN NaN NaN NaN NaN NaN NaN NaN NaN NaN NaN NaN NaN NaN NaN NaN NaN NaN NaN NaN NaN NaN NaN NaN NaN NaN NaN NaN NaN NaN NaN NaN 
NaN NaN NaN NaN NaN NaN NaN NaN NaN NaN NaN NaN NaN NaN NaN NaN NaN NaN NaN NaN NaN NaN NaN NaN NaN NaN NaN NaN NaN NaN NaN NaN NaN NaN NaN NaN NaN NaN NaN NaN 
NaN NaN NaN NaN NaN NaN NaN NaN NaN NaN NaN NaN NaN NaN NaN NaN NaN NaN NaN NaN NaN NaN NaN NaN NaN NaN NaN NaN NaN NaN NaN NaN NaN NaN NaN NaN NaN NaN NaN NaN 
NaN NaN NaN NaN NaN NaN NaN NaN NaN NaN NaN NaN NaN NaN NaN NaN NaN NaN NaN NaN NaN NaN NaN NaN NaN NaN NaN NaN NaN NaN NaN NaN NaN NaN NaN NaN NaN NaN NaN NaN 
NaN NaN NaN NaN NaN NaN NaN NaN NaN NaN NaN NaN NaN NaN NaN NaN NaN NaN NaN NaN NaN NaN NaN NaN NaN NaN NaN NaN NaN NaN NaN NaN NaN NaN NaN NaN NaN NaN NaN NaN 
NaN NaN NaN NaN NaN NaN NaN NaN NaN NaN NaN NaN NaN NaN NaN NaN NaN NaN NaN NaN NaN NaN NaN NaN NaN NaN NaN NaN NaN NaN NaN NaN NaN NaN NaN NaN NaN NaN NaN NaN 
NaN NaN NaN NaN NaN NaN NaN NaN NaN NaN NaN NaN NaN NaN NaN NaN NaN NaN NaN NaN NaN NaN NaN NaN NaN NaN NaN NaN NaN NaN NaN NaN NaN NaN NaN NaN NaN NaN NaN NaN 
NaN NaN NaN NaN NaN NaN NaN NaN NaN NaN NaN NaN NaN NaN NaN NaN NaN NaN NaN NaN NaN NaN NaN NaN NaN NaN NaN NaN NaN NaN NaN NaN NaN NaN NaN NaN NaN NaN NaN NaN 
NaN NaN NaN NaN NaN NaN NaN NaN NaN NaN NaN NaN NaN NaN NaN NaN NaN NaN NaN NaN NaN NaN NaN NaN NaN NaN NaN NaN NaN NaN NaN NaN NaN NaN NaN NaN NaN NaN NaN NaN 
NaN NaN NaN NaN NaN NaN NaN NaN NaN NaN NaN NaN NaN NaN NaN NaN NaN NaN NaN NaN NaN NaN NaN NaN NaN NaN NaN NaN NaN NaN NaN NaN NaN NaN NaN NaN NaN NaN NaN NaN 
NaN NaN NaN NaN NaN NaN NaN NaN NaN NaN NaN NaN NaN NaN NaN NaN NaN NaN NaN NaN NaN NaN NaN NaN NaN NaN NaN NaN NaN NaN NaN NaN NaN NaN NaN NaN NaN NaN NaN NaN 
NaN NaN NaN NaN NaN NaN NaN NaN NaN NaN NaN NaN NaN NaN NaN NaN NaN NaN NaN NaN NaN NaN NaN NaN NaN NaN NaN NaN NaN NaN NaN NaN NaN NaN NaN NaN NaN NaN NaN NaN 
NaN NaN NaN NaN NaN NaN NaN NaN NaN NaN NaN NaN NaN NaN NaN NaN NaN NaN NaN NaN NaN NaN NaN NaN NaN NaN NaN NaN NaN NaN NaN NaN NaN NaN NaN NaN NaN NaN NaN NaN 
NaN NaN NaN NaN NaN NaN NaN NaN NaN NaN NaN NaN NaN NaN NaN NaN NaN NaN NaN NaN NaN NaN NaN NaN NaN NaN NaN NaN NaN NaN NaN NaN NaN NaN NaN NaN NaN NaN NaN NaN 
NaN NaN NaN NaN NaN NaN NaN NaN NaN NaN NaN NaN NaN NaN NaN NaN NaN NaN NaN NaN NaN NaN NaN NaN NaN NaN NaN NaN NaN NaN NaN NaN NaN NaN NaN NaN NaN NaN NaN NaN 
NaN NaN NaN NaN NaN NaN NaN NaN NaN NaN NaN NaN NaN NaN NaN NaN NaN NaN NaN NaN NaN NaN NaN NaN NaN NaN NaN NaN NaN NaN NaN NaN NaN NaN NaN NaN NaN NaN NaN NaN 
NaN NaN NaN NaN NaN NaN NaN NaN NaN NaN NaN NaN NaN NaN NaN NaN NaN NaN NaN NaN NaN NaN NaN NaN NaN NaN NaN NaN NaN NaN NaN NaN NaN NaN NaN NaN NaN NaN NaN NaN 
NaN NaN NaN NaN NaN NaN NaN NaN NaN NaN NaN NaN NaN NaN NaN NaN NaN NaN NaN NaN NaN NaN NaN NaN NaN NaN NaN NaN NaN NaN NaN NaN NaN NaN NaN NaN NaN NaN NaN NaN 
NaN NaN NaN NaN NaN NaN NaN NaN NaN NaN NaN NaN NaN NaN NaN NaN NaN NaN NaN NaN NaN NaN NaN NaN NaN NaN NaN NaN NaN NaN NaN NaN NaN NaN NaN NaN NaN NaN NaN NaN 
NaN NaN NaN NaN NaN NaN NaN NaN NaN NaN NaN NaN NaN NaN NaN NaN NaN NaN NaN NaN NaN NaN NaN NaN NaN NaN NaN NaN NaN NaN NaN NaN NaN NaN NaN NaN NaN NaN NaN NaN 
NaN NaN NaN NaN NaN NaN NaN NaN NaN NaN NaN NaN NaN NaN NaN NaN NaN NaN NaN NaN NaN NaN NaN NaN NaN NaN NaN NaN NaN NaN NaN NaN NaN NaN NaN NaN NaN NaN NaN NaN 
NaN NaN NaN NaN NaN NaN NaN NaN NaN NaN NaN NaN NaN NaN NaN NaN NaN NaN NaN NaN NaN NaN NaN NaN NaN NaN NaN NaN NaN NaN NaN NaN NaN NaN NaN NaN NaN NaN NaN NaN 
NaN NaN NaN NaN NaN NaN NaN NaN NaN NaN NaN NaN NaN NaN NaN NaN NaN NaN NaN NaN NaN NaN NaN NaN NaN NaN NaN NaN NaN NaN NaN NaN NaN NaN NaN NaN NaN NaN NaN NaN 
NaN NaN NaN NaN NaN NaN NaN NaN NaN NaN NaN NaN NaN NaN NaN NaN NaN NaN NaN NaN NaN NaN NaN NaN NaN NaN NaN NaN NaN NaN NaN NaN NaN NaN NaN NaN NaN NaN NaN NaN 
NaN NaN NaN NaN NaN NaN NaN NaN NaN NaN NaN NaN NaN NaN NaN NaN NaN NaN NaN NaN NaN NaN NaN NaN NaN NaN NaN NaN NaN NaN NaN NaN NaN NaN NaN NaN NaN NaN NaN NaN 
NaN NaN NaN NaN NaN NaN NaN NaN NaN NaN NaN NaN NaN NaN NaN NaN NaN NaN NaN NaN NaN NaN NaN NaN NaN NaN NaN NaN NaN NaN NaN NaN NaN NaN NaN NaN NaN NaN NaN NaN 
NaN NaN NaN NaN NaN NaN NaN NaN NaN NaN NaN NaN NaN NaN NaN NaN NaN NaN NaN NaN NaN NaN NaN NaN NaN NaN NaN NaN NaN NaN NaN NaN NaN NaN NaN NaN NaN NaN NaN NaN 
NaN NaN NaN NaN NaN NaN NaN NaN NaN NaN NaN NaN NaN NaN NaN NaN NaN NaN NaN NaN NaN NaN NaN NaN NaN NaN NaN NaN NaN NaN NaN NaN NaN NaN NaN NaN NaN NaN NaN NaN 
NaN NaN NaN NaN NaN NaN NaN NaN NaN NaN NaN NaN NaN NaN NaN NaN NaN NaN NaN NaN NaN NaN NaN NaN NaN NaN NaN NaN NaN NaN NaN NaN NaN NaN NaN NaN NaN NaN NaN NaN 
NaN NaN NaN NaN NaN NaN NaN NaN NaN NaN NaN NaN NaN NaN NaN NaN NaN NaN NaN NaN NaN NaN NaN NaN NaN NaN NaN NaN NaN NaN NaN NaN NaN NaN NaN NaN NaN NaN NaN NaN 
NaN NaN NaN NaN NaN NaN NaN NaN NaN NaN NaN NaN NaN NaN NaN NaN NaN NaN NaN NaN NaN NaN NaN NaN NaN NaN NaN NaN NaN NaN NaN NaN NaN NaN NaN NaN NaN NaN NaN NaN 
NaN NaN NaN NaN NaN NaN NaN NaN NaN NaN NaN NaN NaN NaN NaN NaN NaN NaN NaN NaN NaN NaN NaN NaN NaN NaN NaN NaN NaN NaN NaN NaN NaN NaN NaN NaN NaN NaN NaN NaN 
NaN NaN NaN NaN NaN NaN NaN NaN NaN NaN NaN NaN NaN NaN NaN NaN NaN NaN NaN NaN NaN NaN NaN NaN NaN NaN NaN NaN NaN NaN NaN NaN NaN NaN NaN NaN NaN NaN NaN NaN 
NaN NaN NaN NaN NaN NaN NaN NaN NaN NaN NaN NaN NaN NaN NaN NaN NaN NaN NaN NaN NaN NaN NaN NaN NaN NaN NaN NaN NaN NaN NaN NaN NaN NaN NaN NaN NaN NaN NaN NaN 
NaN NaN NaN NaN NaN NaN NaN NaN NaN NaN NaN NaN NaN NaN NaN NaN NaN NaN NaN NaN NaN NaN NaN NaN NaN NaN NaN NaN NaN NaN NaN NaN NaN NaN NaN NaN NaN NaN NaN NaN 
NaN NaN NaN NaN NaN NaN NaN NaN NaN NaN NaN NaN NaN NaN NaN NaN NaN NaN NaN NaN NaN NaN NaN NaN NaN NaN NaN NaN NaN NaN NaN NaN NaN NaN NaN NaN NaN NaN NaN NaN 
NaN NaN NaN NaN NaN NaN NaN NaN NaN NaN NaN NaN NaN NaN NaN NaN NaN NaN NaN NaN NaN NaN NaN NaN NaN NaN NaN NaN NaN NaN NaN NaN NaN NaN NaN NaN NaN NaN NaN NaN 
NaN NaN NaN NaN NaN NaN NaN NaN NaN NaN NaN NaN NaN NaN NaN NaN NaN NaN NaN NaN NaN NaN NaN NaN NaN NaN NaN NaN NaN NaN NaN NaN NaN NaN NaN NaN NaN NaN NaN NaN 
NaN NaN NaN NaN NaN NaN NaN NaN NaN NaN NaN NaN NaN NaN NaN NaN NaN NaN NaN NaN NaN NaN NaN NaN NaN NaN NaN NaN NaN NaN NaN NaN NaN NaN NaN NaN NaN NaN NaN NaN 
NaN NaN NaN NaN NaN NaN NaN NaN NaN NaN NaN NaN NaN NaN NaN NaN NaN NaN NaN NaN NaN NaN NaN NaN NaN NaN NaN NaN NaN NaN NaN NaN NaN NaN NaN NaN NaN NaN NaN NaN 
NaN NaN NaN NaN NaN NaN NaN NaN NaN NaN NaN NaN NaN NaN NaN NaN NaN NaN NaN NaN NaN NaN NaN NaN NaN NaN NaN NaN NaN NaN NaN NaN NaN NaN NaN NaN NaN NaN NaN NaN 
NaN NaN NaN NaN NaN NaN NaN NaN NaN NaN NaN NaN NaN NaN NaN NaN NaN NaN NaN NaN NaN NaN NaN NaN NaN NaN NaN NaN NaN NaN NaN NaN NaN NaN NaN NaN NaN NaN NaN NaN 
NaN NaN NaN NaN NaN NaN NaN NaN NaN NaN NaN NaN NaN NaN NaN NaN NaN NaN NaN NaN NaN NaN NaN NaN NaN NaN NaN NaN NaN NaN NaN NaN NaN NaN NaN NaN NaN NaN NaN NaN 
NaN NaN NaN NaN NaN NaN NaN NaN NaN NaN NaN NaN NaN NaN NaN NaN NaN NaN NaN NaN NaN NaN NaN NaN NaN NaN NaN NaN NaN NaN NaN NaN NaN NaN NaN NaN NaN NaN NaN NaN 
NaN NaN NaN NaN NaN NaN NaN NaN NaN NaN NaN NaN NaN NaN NaN NaN NaN NaN NaN NaN NaN NaN NaN NaN NaN NaN NaN NaN NaN NaN NaN NaN NaN NaN NaN NaN NaN NaN NaN NaN 
NaN NaN NaN NaN NaN NaN NaN NaN NaN NaN NaN NaN NaN NaN NaN NaN NaN NaN NaN NaN NaN NaN NaN NaN NaN NaN NaN NaN NaN NaN NaN NaN NaN NaN NaN NaN NaN NaN NaN NaN 
NaN NaN NaN NaN NaN NaN NaN NaN NaN NaN NaN NaN NaN NaN NaN NaN NaN NaN NaN NaN NaN NaN NaN NaN NaN NaN NaN NaN NaN NaN NaN NaN NaN NaN NaN NaN NaN NaN NaN NaN 
NaN NaN NaN NaN NaN NaN NaN NaN NaN NaN NaN NaN NaN NaN NaN NaN NaN NaN NaN NaN NaN NaN NaN NaN NaN NaN NaN NaN NaN NaN NaN NaN NaN NaN NaN NaN NaN NaN NaN NaN 
NaN NaN NaN NaN NaN NaN NaN NaN NaN NaN NaN NaN NaN NaN NaN NaN NaN NaN NaN NaN NaN NaN NaN NaN NaN NaN NaN NaN NaN NaN NaN NaN NaN NaN NaN NaN NaN NaN NaN NaN 
NaN NaN NaN NaN NaN NaN NaN NaN NaN NaN NaN NaN NaN NaN NaN NaN NaN NaN NaN NaN NaN NaN NaN NaN NaN NaN NaN NaN NaN NaN NaN NaN NaN NaN NaN NaN NaN NaN NaN NaN 
NaN NaN NaN NaN NaN NaN NaN NaN NaN NaN NaN NaN NaN NaN NaN NaN NaN NaN NaN NaN NaN NaN NaN NaN NaN NaN NaN NaN NaN NaN NaN NaN NaN NaN NaN NaN NaN NaN NaN NaN 
NaN NaN NaN NaN NaN NaN NaN NaN NaN NaN NaN NaN NaN NaN NaN NaN NaN NaN NaN NaN NaN NaN NaN NaN NaN NaN NaN NaN NaN NaN NaN NaN NaN NaN NaN NaN NaN NaN NaN NaN 
NaN NaN NaN NaN NaN NaN NaN NaN NaN NaN NaN NaN NaN NaN NaN NaN NaN NaN NaN NaN NaN NaN NaN NaN NaN NaN NaN NaN NaN NaN NaN NaN NaN NaN NaN NaN NaN NaN NaN NaN 
NaN NaN NaN NaN NaN NaN NaN NaN NaN NaN NaN NaN NaN NaN NaN NaN NaN NaN NaN NaN NaN NaN NaN NaN NaN NaN NaN NaN NaN NaN NaN NaN NaN NaN NaN NaN NaN NaN NaN NaN 
NaN NaN NaN NaN NaN NaN NaN NaN NaN NaN NaN NaN NaN NaN NaN NaN NaN NaN NaN NaN NaN NaN NaN NaN NaN NaN NaN NaN NaN NaN NaN NaN NaN NaN NaN NaN NaN NaN NaN NaN 
NaN NaN NaN NaN NaN NaN NaN NaN NaN NaN NaN NaN NaN NaN NaN NaN NaN NaN NaN NaN NaN NaN NaN NaN NaN NaN NaN NaN NaN NaN NaN NaN NaN NaN NaN NaN NaN NaN NaN NaN 
NaN NaN NaN NaN NaN NaN NaN NaN NaN NaN NaN NaN NaN NaN NaN NaN NaN NaN NaN NaN NaN NaN NaN NaN NaN NaN NaN NaN NaN NaN NaN NaN NaN NaN NaN NaN NaN NaN NaN NaN 
NaN NaN NaN NaN NaN NaN NaN NaN NaN NaN NaN NaN NaN NaN NaN NaN NaN NaN NaN NaN NaN NaN NaN NaN NaN NaN NaN NaN NaN NaN NaN NaN NaN NaN NaN NaN NaN NaN NaN NaN 
NaN NaN NaN NaN NaN NaN NaN NaN NaN NaN NaN NaN NaN NaN NaN NaN NaN NaN NaN NaN NaN NaN NaN NaN NaN NaN NaN NaN NaN NaN NaN NaN NaN NaN NaN NaN NaN NaN NaN NaN 
NaN NaN NaN NaN NaN NaN NaN NaN NaN NaN NaN NaN NaN NaN NaN NaN NaN NaN NaN NaN NaN NaN NaN NaN NaN NaN NaN NaN NaN NaN NaN NaN NaN NaN NaN NaN NaN NaN NaN NaN 
NaN NaN NaN NaN NaN NaN NaN NaN NaN NaN NaN NaN NaN NaN NaN NaN NaN NaN NaN NaN NaN NaN NaN NaN NaN NaN NaN NaN NaN NaN NaN NaN NaN NaN NaN NaN NaN NaN NaN NaN 
NaN NaN NaN NaN NaN NaN NaN NaN NaN NaN NaN NaN NaN NaN NaN NaN NaN NaN NaN NaN NaN NaN NaN NaN NaN NaN NaN NaN NaN NaN NaN NaN NaN NaN NaN NaN NaN NaN NaN NaN 
NaN NaN NaN NaN NaN NaN NaN NaN NaN NaN NaN NaN NaN NaN NaN NaN NaN NaN NaN NaN NaN NaN NaN NaN NaN NaN NaN NaN NaN NaN NaN NaN NaN NaN NaN NaN NaN NaN NaN NaN 
NaN NaN NaN NaN NaN NaN NaN NaN NaN NaN NaN NaN NaN NaN NaN NaN NaN NaN NaN NaN NaN NaN NaN NaN NaN NaN NaN NaN NaN NaN NaN NaN NaN NaN NaN NaN NaN NaN NaN NaN 
NaN NaN NaN NaN NaN NaN NaN NaN NaN NaN NaN NaN NaN NaN NaN NaN NaN NaN NaN NaN NaN NaN NaN NaN NaN NaN NaN NaN NaN NaN NaN NaN NaN NaN NaN NaN NaN NaN NaN NaN 
NaN NaN NaN NaN NaN NaN NaN NaN NaN NaN NaN NaN NaN NaN NaN NaN NaN NaN NaN NaN NaN NaN NaN NaN NaN NaN NaN NaN NaN NaN NaN NaN NaN NaN NaN NaN NaN NaN NaN NaN 
NaN NaN NaN NaN NaN NaN NaN NaN NaN NaN NaN NaN NaN NaN NaN NaN NaN NaN NaN NaN NaN NaN NaN NaN NaN NaN NaN NaN NaN NaN NaN NaN NaN NaN NaN NaN NaN NaN NaN NaN 
NaN NaN NaN NaN NaN NaN NaN NaN NaN NaN NaN NaN NaN NaN NaN NaN NaN NaN NaN NaN NaN NaN NaN NaN NaN NaN NaN NaN NaN NaN NaN NaN NaN NaN NaN NaN NaN NaN NaN NaN 
NaN NaN NaN NaN NaN NaN NaN NaN NaN NaN NaN NaN NaN NaN NaN NaN NaN NaN NaN NaN NaN NaN NaN NaN NaN NaN NaN NaN NaN NaN NaN NaN NaN NaN NaN NaN NaN NaN NaN NaN 
NaN NaN NaN NaN NaN NaN NaN NaN NaN NaN NaN NaN NaN NaN NaN NaN NaN NaN NaN NaN NaN NaN NaN NaN NaN NaN NaN NaN NaN NaN NaN NaN NaN NaN NaN NaN NaN NaN NaN NaN 
NaN NaN NaN NaN NaN NaN NaN NaN NaN NaN NaN NaN NaN NaN NaN NaN NaN NaN NaN NaN NaN NaN NaN NaN NaN NaN NaN NaN NaN NaN NaN NaN NaN NaN NaN NaN NaN NaN NaN NaN 
-73.720535 -74.629156 -76.406855 -79.970577 -85.191641 -86.548590 -82.168987 -77.939234 -75.676125 -76.358344 -77.838562 -75.640155 -74.547527 -76.667398 -80.573390 -82.565451 -82.171793 -76.116545 -75.424084 -76.495348 -77.888412 -82.970876 -81.269633 -83.916847 -81.044081 -76.104303 -79.074945 -81.621235 -85.330173 -80.290707 -82.436913 -84.492946 -79.270278 -86.653529 -91.787170 -88.312027 -87.525291 -90.486497 -89.479696 -88.777638 
-59.776664 -60.219422 -64.194223 -68.489621 -75.406998 -71.362506 -69.773940 -69.339523 -65.977236 -65.149702 -67.107830 -65.765334 -65.324476 -67.000104 -68.764537 -68.195011 -69.995656 -66.564034 -68.391531 -70.569628 -69.906858 -73.943613 -73.219216 -73.587368 -68.667445 -65.315649 -69.928790 -73.400130 -72.553216 -69.993887 -75.360641 -74.992955 -70.764537 -77.884631 -76.399260 -77.983575 -72.373801 -76.713294 -77.550484 -77.213687 
-60.789803 -71.377923 -74.693704 -73.551827 -73.201245 -75.644979 -77.757782 -73.432475 -70.629189 -74.144338 -67.845813 -69.982627 -72.554623 -73.213457 -71.401478 -76.907734 -77.201505 -76.015550 -72.908459 -76.082865 -71.153889 -67.068239 -74.267330 -79.569315 -74.111333 -69.537574 -75.960861 -74.279532 -71.739118 -72.741933 -76.848089 -76.772722 -74.790512 -75.334088 -77.683538 -76.108160 -73.120305 -74.026153 -76.486078 -76.687862 
-64.856854 -65.975481 -69.954710 -77.237864 -73.904965 -74.214341 -77.472736 -68.806437 -68.443218 -74.453183 -71.491014 -73.145103 -70.534173 -69.320445 -73.151031 -71.908297 -74.280502 -76.177121 -72.373439 -69.559455 -69.127001 -69.151666 -73.934981 -73.611854 -73.432780 -69.314942 -70.989670 -72.529235 -71.203275 -70.778759 -76.233610 -74.780899 -72.207080 -73.916377 -75.330774 -76.001594 -72.232522 -73.287908 -74.627302 -74.647947 
-60.777981 -62.562724 -64.424244 -69.899212 -70.097895 -70.477429 -68.574448 -77.746163 -70.777257 -66.709104 -69.132305 -75.346746 -68.090065 -70.618431 -70.402777 -73.918825 -78.444216 -77.011574 -75.316683 -73.013015 -72.380578 -70.949365 -72.700808 -74.420874 -74.462410 -71.936480 -73.285340 -72.998422 -75.779834 -70.288508 -75.208497 -75.109377 -72.991209 -74.880363 -76.693363 -72.241814 -71.795737 -72.322719 -72.591809 -74.809078 
-63.618742 -62.215427 -61.007452 -62.651214 -66.776904 -75.459918 -68.969555 -68.609061 -72.346355 -69.347804 -66.381874 -69.541431 -75.299602 -76.710650 -71.648665 -72.766928 -78.477902 -71.867465 -69.548247 -78.781749 -77.411616 -74.272505 -81.915612 -76.656274 -74.068392 -75.849628 -76.492161 -76.456564 -77.561193 -78.400760 -79.537410 -75.257530 -79.182080 -77.883385 -79.901360 -75.897983 -72.353421 -74.588191 -76.308067 -79.258152 
