5.146956 9.540178 7.261142 3.455667 5.623273 0.661597 -9.704753 -11.599751 -22.873818 -17.699772 -18.659056 -20.331878 -21.139454 -22.705090 -24.252336 -22.248147 -18.734528 -23.304975 -25.054679 -26.650358 -28.756025 -31.132009 -23.139135 -24.164932 -30.941446 -30.946497 -31.106797 -31.956105 -32.593533 -32.851307 -34.075932 -34.714338 -35.316512 -35.859202 -36.799015 -37.358059 -37.771754 -38.931659 -39.277486 -40.924357 
4.386654 15.647313 12.487514 13.825053 10.789848 0.501061 -1.998144 -1.771654 -10.334699 -18.488537 -31.922362 -29.310900 -34.617182 -27.257951 -21.268013 -18.423036 -16.739186 -26.653614 -29.113785 -26.080390 -25.785042 -20.778947 -14.274287 -14.682825 -24.132214 -33.820145 -33.248809 -28.637912 -28.804788 -40.708483 -45.651125 -47.449752 -49.554219 -48.828032 -47.214682 -43.143139 -44.774513 -46.674551 -47.550749 -47.625693 
2.280179 16.970116 14.474276 15.551357 12.922685 5.278318 1.803481 -1.009948 -9.678213 -16.518277 -27.107191 -27.254115 -30.952257 -23.119864 -20.295071 -16.508178 -12.967572 -20.952319 -24.278457 -23.957991 -23.364064 -20.904006 -16.849239 -17.081722 -26.574750 -36.505588 -36.073373 -29.678843 -28.998695 -38.528874 -41.327658 -44.727339 -48.401643 -48.649713 -46.478985 -41.794151 -38.333524 -43.875704 -47.372271 -40.404285 
6.007455 18.971828 17.867197 16.095827 15.158291 5.700462 3.630656 -0.356436 -7.358434 -13.859886 -21.151773 -25.032162 -22.717049 -20.856343 -16.649783 -15.094418 -11.627099 -16.663577 -22.437287 -23.003734 -20.916200 -17.281227 -14.667612 -15.336283 -23.846846 -32.505096 -34.450351 -29.715070 -28.437904 -35.113467 -37.218561 -38.510856 -40.018850 -40.391353 -39.964477 -35.246219 -32.371610 -36.428470 -41.389221 -38.943324 
4.021833 19.441925 19.176575 17.065051 18.370158 6.806030 4.838921 -0.812084 -7.394732 -17.455250 -22.421728 -24.292936 -21.956589 -17.307467 -17.752251 -13.211988 -9.702363 -17.567117 -19.044180 -21.134426 -18.189558 -14.365198 -12.341105 -11.572587 -23.116380 -31.127843 -30.708042 -25.905686 -23.801967 -34.366076 -40.324807 -41.849411 -42.515449 -42.737874 -41.413039 -33.312423 -33.022375 -34.115611 -43.113543 -42.711989 
3.668421 19.649884 19.965912 17.223101 19.182021 8.540545 6.567823 -2.141425 -7.472343 -21.000707 -28.186073 -26.724027 -21.222145 -16.902873 -19.552698 -13.352040 -9.400697 -16.561744 -18.719639 -17.860151 -14.807250 -13.778781 -14.602112 -10.686993 -20.244753 -31.596244 -32.442455 -26.412598 -24.223374 -32.762315 -45.364741 -42.187234 -44.122515 -40.915841 -38.653399 -31.596764 -33.345878 -35.194172 -44.237857 -37.853745 
3.841336 19.111315 19.349526 18.067713 18.664464 9.914455 6.871995 -1.393197 -9.610929 -12.459569 -21.801337 -19.549238 -16.185515 -12.958314 -13.573559 -7.146016 -7.424612 -14.064554 -15.249363 -17.251440 -13.827940 -18.096454 -12.910434 -9.401601 -13.414377 -21.358120 -27.480675 -21.299690 -23.048089 -30.526425 -35.302359 -35.760910 -34.707552 -35.616387 -32.366367 -30.634099 -29.783477 -32.720343 -36.661333 -33.771143 
5.882144 18.534281 17.079659 16.636713 16.098927 10.038681 3.980961 -4.289002 -5.635909 -7.954669 -12.575602 -17.516725 -16.426465 -12.151475 -7.773978 -8.825561 -6.127004 -5.945091 -15.414325 -15.518541 -14.338603 -13.908044 -9.235742 -11.704723 -12.625558 -17.558564 -26.561811 -18.466797 -17.174549 -25.797961 -34.914940 -35.730977 -32.146115 -32.848736 -33.007457 -28.985857 -27.945934 -27.655834 -33.195186 -32.080534 
3.255616 17.448465 15.148193 14.506200 20.392189 15.695279 8.848987 3.834688 7.444612 7.180617 -1.497830 -1.298878 -2.638574 -6.631641 -3.252039 -2.967682 3.317582 4.424393 -2.600044 -5.071277 -8.909923 -9.145892 -7.023701 -5.534829 -5.866686 -12.696862 -16.444248 -11.497878 -12.118588 -15.230824 -24.154142 -30.323250 -27.272758 -26.315048 -26.706874 -21.617261 -20.775599 -20.860454 -26.135709 -25.380329 
1.653466 17.257500 18.060815 14.216513 15.357852 9.980790 8.376680 -2.430194 0.252288 11.637916 9.184431 6.968980 3.477750 3.766400 -2.467508 -2.334265 3.287428 7.203213 6.782430 -2.919929 -4.683277 -5.703608 -8.421496 -4.545300 -0.354442 -4.529001 -9.090948 -6.726635 -4.703504 -8.910708 -18.524853 -26.016391 -26.254792 -24.519873 -28.656215 -30.648165 -24.055195 -19.340494 -20.882453 -22.756994 
0.355992 16.874985 18.565742 12.944175 16.744440 9.465364 8.481713 0.010613 0.468195 11.508873 8.706944 7.232343 2.872420 4.326349 0.140710 -2.636911 1.132243 2.258868 6.358183 1.039732 -2.450124 -3.443803 -6.280640 -6.114037 0.122387 -0.519336 -4.368685 -2.647320 -3.292408 -6.516274 -17.237457 -27.167981 -27.228707 -25.696951 -36.127857 -31.188580 -19.287799 -13.248170 -14.667700 -20.154859 
-1.634417 15.840843 18.748849 11.973818 16.219543 6.540615 8.139601 0.960364 -4.434599 9.715538 8.114146 8.688191 1.594489 2.757468 1.619736 -2.642143 -2.302382 -2.027964 2.654648 2.175367 0.683184 -1.163531 -5.646001 -5.109271 -0.067056 -0.326028 -3.193004 -2.629185 -4.053495 -7.329133 -16.950310 -26.026955 -26.882752 -23.779388 -30.115041 -23.470853 -15.787597 -15.044250 -14.326764 -19.816404 
-1.827010 15.649845 18.743230 10.616163 14.881273 6.577633 9.265215 0.768913 -2.700574 6.195058 7.651642 9.381899 3.255925 0.478512 -0.576815 -4.134844 -0.403277 -1.366209 2.957141 3.114747 1.082143 -0.399715 -3.759359 -5.738390 -2.047855 -0.665121 -3.388038 -4.218955 -4.183978 -8.381009 -16.691992 -24.434608 -22.916716 -22.176271 -24.681594 -21.344295 -15.495182 -13.803061 -15.735044 -20.957428 
-3.365501 15.565078 19.289437 10.033271 14.184515 7.338641 8.083038 3.109599 3.182125 5.773978 6.577420 10.367451 3.717135 -0.038178 -0.482014 -4.787743 -0.089573 -1.933517 -0.710287 1.092849 0.065115 -1.101911 -6.658100 -9.369554 -2.533833 2.610022 -2.235116 -3.877003 -5.654255 -9.828928 -15.172209 -24.393639 -22.568281 -22.773069 -24.433986 -20.034470 -15.802970 -13.320493 -12.447486 -20.578190 
-2.865295 14.859611 19.099865 8.692372 13.473571 5.933141 5.789131 1.196106 4.517062 1.864710 4.756174 8.280981 0.823644 -1.719211 -2.364757 -3.419910 -0.842873 -1.269300 -1.013341 1.979254 0.514901 -1.644420 -4.672847 -5.416382 -0.140197 1.908284 -0.951301 -3.540665 -6.944868 -9.902407 -14.361249 -26.194553 -21.759707 -20.793380 -24.479797 -18.767554 -15.448254 -9.923380 -11.386523 -20.162594 
-1.546253 14.963649 18.971128 9.685720 13.305057 6.621062 5.678558 2.241962 4.475340 1.890454 5.126542 7.480315 4.439616 0.425732 -1.044716 -5.327780 -1.276794 -3.658484 -1.703813 3.369188 -0.478519 -1.255578 -5.044532 -3.329155 1.068764 1.319107 -2.235952 -5.674528 -4.944367 -9.419615 -17.305869 -25.318457 -25.510881 -23.585429 -24.752091 -19.392613 -17.106809 -14.379753 -11.139812 -18.326747 
-2.829060 14.820087 18.490285 8.176877 12.713976 6.713442 4.678901 0.653815 5.923693 3.784336 2.998212 5.667389 2.677442 0.233178 -0.601088 -3.949079 -0.632853 -3.459405 1.721033 3.705514 1.001201 0.212756 -2.768183 -3.948805 -2.371927 0.738785 -4.249180 -6.295223 -8.889993 -10.976356 -20.025887 -28.691494 -26.398932 -23.421673 -26.244840 -19.157284 -14.740496 -11.978663 -14.613803 -21.314333 
-1.971003 14.518260 18.112664 7.753464 12.694219 6.270842 6.098690 2.279679 3.929525 1.601256 4.479024 8.427159 1.310804 -1.627197 -2.580380 -3.846125 -1.169704 -4.935008 -4.869812 -0.663615 -0.703931 0.399624 -3.745707 -3.055442 -0.201565 0.785774 -3.945594 -7.550915 -6.324783 -8.159707 -19.821947 -27.750681 -26.850491 -25.146235 -29.540102 -20.143803 -13.900814 -12.783176 -15.371356 -20.696710 
-2.172494 14.809980 16.927774 8.455742 12.224322 4.198771 6.398580 -1.051379 1.087739 2.527151 4.033252 7.138364 -1.782930 -0.717148 -1.829844 -4.825813 -3.405412 -5.248703 -3.386329 1.807644 -0.502362 -1.048439 -4.563760 -3.625757 -2.277995 -0.848133 -3.436874 -5.025532 -6.601154 -11.183579 -17.928341 -26.491597 -26.698097 -26.669831 -27.769277 -20.235522 -15.795822 -13.611528 -17.708298 -22.120965 
-1.605024 14.902431 16.985195 8.941987 11.307719 4.141424 6.912351 -0.613693 -0.079924 4.316514 6.006302 7.622619 -1.385787 0.604481 -2.929218 -4.193818 -2.695121 -5.414731 -4.011645 0.923482 0.954772 -1.310688 -6.018934 -7.133711 -1.822463 0.806005 -4.799613 -6.552278 -7.046327 -11.403993 -19.994232 -28.631331 -27.206900 -26.651796 -27.147246 -21.226061 -18.899061 -14.697148 -18.783910 -23.637474 
-1.473128 15.560199 17.321076 9.149790 12.205904 5.973472 7.542247 -1.021681 -1.576148 2.501099 3.081865 7.179921 -4.409932 -1.218060 -3.670713 -7.866679 -4.336809 -4.327567 -4.941488 -0.077822 -0.070685 -1.958004 -6.879217 -6.195543 -2.531140 0.174648 -5.471773 -4.916492 -6.772083 -8.728219 -19.315594 -31.583911 -29.361317 -27.206797 -28.213658 -20.082511 -17.651368 -14.258988 -19.731707 -25.639722 
-1.128062 16.061928 17.944268 9.116164 12.335149 4.537782 6.165099 -2.617577 -1.845718 3.111592 3.814930 7.353889 -2.546696 -0.044253 -2.885536 -6.284803 -2.482872 -2.250043 -1.990555 -0.017586 0.027263 -4.013167 -9.110339 -5.439751 -2.402157 -0.038731 -4.258868 -5.789048 -9.247833 -14.586366 -17.994438 -28.292363 -26.206198 -22.977289 -26.311252 -21.429459 -22.117469 -15.564916 -17.154894 -22.725929 
0.710053 16.328726 17.782159 9.902151 12.743755 4.693637 6.915204 -3.145775 -2.006330 3.274959 4.130873 7.387541 -0.895236 -0.242412 -2.417024 -6.257789 -5.399723 -5.994686 -1.554622 1.760658 -0.065751 -1.038800 -10.287126 -4.817361 -0.082770 -0.974658 -5.747275 -7.927082 -8.318382 -9.558038 -17.078956 -26.376300 -27.071311 -24.199497 -27.533333 -22.286428 -18.909747 -17.624609 -19.904706 -22.183607 
-0.152615 16.072734 17.203027 10.025572 12.970674 5.927224 7.574190 -1.506464 -3.378536 5.566568 5.455804 6.297537 -5.205325 0.358796 -3.561453 -7.275006 -1.935722 -2.127157 -1.255310 0.091235 -2.157174 -4.722841 -9.675778 -8.167841 -1.532061 -1.250797 -5.539348 -8.233145 -7.574943 -8.367182 -15.231920 -24.204803 -30.428078 -26.236958 -28.452690 -24.865140 -21.194674 -19.286413 -17.714513 -21.272140 
-0.098139 16.201541 16.526433 10.032465 12.407986 6.710300 7.751962 -1.598090 -3.455739 5.091988 6.764636 6.361956 -2.424194 2.015566 -3.329356 -7.001630 -1.607924 -0.928905 -0.567355 0.622163 -5.571780 -5.000647 -6.253930 -8.239545 -2.336331 -0.561539 -6.226097 -8.005749 -8.047932 -8.181471 -16.141878 -24.700021 -31.945231 -28.505257 -30.542785 -27.685526 -22.167185 -20.075442 -20.728177 -20.966726 
0.646832 16.124559 15.756600 10.416610 11.398883 7.249381 7.414542 -0.755271 -0.634351 5.069155 6.222637 3.560768 1.363014 1.804706 -1.801433 -3.932631 -0.192671 -1.826778 0.629753 1.524453 -3.055344 -5.012322 -7.290952 -5.820068 -2.417536 -2.142696 -5.734218 -9.121986 -8.116233 -7.973275 -21.200955 -25.540283 -32.386364 -26.005646 -30.142802 -25.942658 -23.128859 -19.727435 -19.402567 -23.933043 
2.741570 16.644626 15.023221 10.266323 10.111589 8.536093 6.718849 -0.313162 1.103682 3.795150 5.902323 6.109030 2.513331 -1.089414 -3.595766 -7.238018 -2.756235 0.013347 2.351137 0.156775 -5.000836 -5.718193 -7.850520 -7.979650 -3.716406 -6.968204 -10.733198 -7.746166 -10.761036 -14.482472 -24.062665 -27.957312 -32.349455 -30.388700 -31.372269 -22.296554 -21.548189 -20.372880 -20.049565 -25.740778 
5.026064 16.881696 13.339565 10.355955 8.872492 9.715532 5.335086 -2.800418 0.404897 2.151024 5.024401 6.713383 -1.297003 -0.331653 -1.658528 -5.556158 -2.093249 -2.554844 1.052298 -0.657693 -4.223077 -6.177537 -11.682462 -9.133228 -2.899215 -6.233297 -11.956130 -10.753137 -9.829966 -13.737646 -23.414789 -28.412446 -30.082683 -31.980963 -35.340048 -30.598047 -26.767774 -21.259331 -22.744288 -27.727173 
6.759915 16.903219 12.145776 9.809903 7.507685 8.733221 2.977616 -2.609587 -1.218294 0.931206 5.750945 7.806495 -0.313090 1.684463 -0.824826 -5.269196 -1.575034 -0.951259 1.903673 -1.078273 -5.322242 -5.129423 -11.529066 -12.046513 -4.059072 -4.935144 -13.444367 -12.180344 -10.558011 -14.465289 -23.262012 -34.379120 -31.223005 -32.370629 -35.638196 -28.752016 -23.474754 -20.012225 -23.123279 -29.259324 
6.669944 16.587814 12.408979 10.308465 5.995778 6.312532 -1.007769 -3.861940 -0.655397 -0.875132 5.362572 5.371329 1.064364 -1.085052 -3.739630 -7.189364 -1.514314 0.505767 2.698474 -3.106420 -6.880641 -6.644204 -9.955049 -10.333842 -6.312302 -6.884611 -11.005568 -14.466281 -11.572584 -14.863296 -22.793987 -36.048367 -32.916981 -33.112929 -32.324877 -29.643193 -25.144598 -22.010618 -22.990799 -27.623417 
8.809496 16.515256 11.890190 9.674362 4.614045 5.362967 2.739081 -3.626198 -4.859632 0.401569 3.218009 3.786102 0.296496 -2.823095 -6.360752 -7.989574 -4.983758 -1.436295 4.361805 -3.776308 -9.623635 -7.030724 -9.376971 -11.924035 -8.464654 -7.534957 -11.821728 -17.236836 -14.730595 -17.438052 -23.302791 -34.869778 -36.304961 -35.756040 -33.942241 -32.358515 -26.742911 -23.053644 -23.458148 -28.588415 
9.534594 16.550437 12.050372 9.416014 4.563104 4.305883 4.880427 -2.103194 -3.553971 0.837993 1.992755 3.108579 -0.785104 -3.943738 -5.195947 -9.854454 -2.745106 -0.869856 2.720461 -6.159213 -11.489311 -8.647485 -11.528741 -11.947933 -8.522490 -7.192541 -17.217612 -18.860825 -17.363314 -19.896818 -29.262708 -33.894252 -40.688814 -37.654920 -34.486843 -32.166414 -28.016102 -27.154351 -26.529713 -28.795503 
9.704886 16.092505 10.883022 8.327443 3.548610 4.713159 5.454029 -0.325733 -5.702036 0.927537 3.154075 2.064987 -2.852947 -4.382476 -3.733605 -7.195388 -4.621047 -2.616688 2.478669 -4.382576 -10.849389 -11.305750 -12.114457 -12.784683 -11.953356 -8.283057 -16.118735 -18.513091 -17.114989 -18.808089 -30.182143 -34.716881 -40.718221 -42.017051 -39.576329 -32.670057 -29.996172 -29.326665 -31.742053 -31.935977 
9.670146 15.987479 10.194131 6.933305 4.176565 4.971936 5.502194 0.870173 -4.706536 1.226046 2.684249 2.539225 -4.796686 -5.800274 -5.681206 -8.043353 -4.600345 -7.104165 -0.391236 -5.147676 -12.710951 -15.256529 -16.302624 -17.199495 -13.553873 -13.171807 -18.534974 -16.592334 -18.350775 -23.504258 -30.721460 -35.859367 -41.780347 -38.034066 -33.798487 -32.775394 -27.257924 -28.436597 -31.465212 -31.913627 
10.209126 15.474848 9.921664 6.631150 2.536607 5.418533 5.173432 -0.451314 -2.285033 -0.197356 -2.599275 0.177978 -4.765917 -7.149008 -10.927252 -10.215337 -4.682700 -9.009719 -3.090934 -10.909441 -15.796298 -13.487949 -14.865087 -16.919041 -12.882664 -14.524394 -26.346412 -19.867674 -18.895852 -18.631406 -26.043975 -36.226164 -48.520241 -38.815632 -34.557522 -32.489952 -30.245806 -27.576025 -32.670120 -33.802765 
10.509565 15.690065 10.791730 5.793314 -1.378909 5.856530 4.903303 -1.020802 -2.622929 -1.739283 -6.814063 -3.264457 -9.181671 -8.615428 -10.455462 -11.580205 -8.143069 -10.201746 -5.732821 -13.799540 -16.112864 -17.638449 -16.267298 -19.574492 -15.480617 -16.893397 -26.500669 -28.143951 -26.081276 -24.455994 -28.763965 -36.985287 -43.398283 -40.486389 -38.251792 -36.564644 -33.743020 -32.025332 -33.971252 -36.244434 
10.475546 15.760613 11.111404 4.659318 -1.656581 7.077515 3.688756 -4.207995 -7.290522 -6.542962 -9.399235 -7.915761 -13.895006 -14.011370 -14.408077 -17.306711 -13.186826 -11.431217 -11.922788 -19.038397 -20.180551 -19.762246 -22.743604 -22.293616 -20.852817 -20.606955 -28.919182 -32.320532 -27.662072 -26.722996 -32.971152 -37.359447 -45.237716 -44.856271 -40.994005 -41.959504 -37.494453 -39.492787 -40.956482 -42.869586 
10.271956 15.521290 10.325044 1.481566 -0.086911 5.367528 2.071220 -5.799948 -15.770237 -16.992447 -24.109542 -22.325527 -18.079183 -18.548360 -17.383215 -19.542247 -15.876766 -12.320619 -19.622209 -25.423089 -27.249798 -24.340227 -22.182901 -24.003660 -25.949344 -25.282176 -36.352790 -39.079320 -35.766654 -34.514256 -42.053443 -43.752712 -49.389347 -50.584567 -45.439101 -46.296275 -40.394122 -42.218736 -47.424973 -46.948144 
10.515421 15.253189 10.244742 6.714662 0.565708 3.758884 -0.031274 -11.330473 -16.351018 -22.550559 -23.085327 -26.443735 -28.051455 -25.060409 -22.251036 -25.447288 -17.420767 -19.332130 -26.469163 -31.179177 -29.089222 -24.478698 -20.611185 -21.331525 -24.390364 -29.489358 -38.878249 -41.468695 -39.732357 -39.661068 -44.540539 -46.315303 -50.675145 -44.210124 -41.567191 -46.724420 -41.457792 -43.682773 -46.663550 -46.115931 
10.625590 14.810148 9.425689 6.845912 0.241187 4.902741 1.926702 -10.487888 -17.734018 -28.461695 -33.305387 -32.322978 -36.770436 -28.967042 -23.823440 -26.456208 -17.781295 -13.713650 -21.788830 -29.247969 -30.178617 -23.741538 -22.403359 -21.744471 -26.050714 -29.966692 -40.470663 -43.433712 -42.934976 -44.264661 -51.316191 -47.928443 -55.452134 -47.966795 -45.746162 -50.427926 -45.861444 -45.838040 -47.737924 -48.700675 
10.654886 15.021638 10.048446 6.732427 -1.018983 4.001359 1.652319 -8.417330 -15.013326 -24.313072 -27.664626 -28.641760 -31.461050 -24.532250 -19.355440 -21.620554 -15.837660 -12.908382 -21.925145 -29.914241 -27.043968 -21.385505 -21.502536 -23.033977 -21.903479 -29.809109 -39.440133 -40.755855 -41.987724 -44.833357 -45.755727 -46.093980 -48.323604 -46.246171 -45.526348 -46.790025 -44.844633 -44.927266 -46.812902 -49.475814 
10.344665 15.296048 10.874512 6.750968 -1.700716 3.521826 1.858248 -9.069965 -15.176370 -22.941122 -29.444843 -31.059381 -28.920422 -26.624728 -20.782602 -20.091366 -17.465605 -14.599301 -24.571044 -29.146393 -25.245477 -20.295913 -22.243161 -25.794187 -26.723415 -33.398559 -41.379779 -44.748200 -45.706425 -49.461122 -46.680508 -46.695231 -51.563321 -49.953506 -47.396867 -48.890330 -45.856140 -50.760415 -49.520627 -50.657737 
9.935048 15.267256 11.143563 6.071069 -5.591425 1.677682 0.547761 -13.692921 -19.397396 -25.674864 -35.448673 -35.125675 -30.538027 -24.441811 -24.809386 -27.390082 -15.291548 -14.288357 -29.685261 -28.427359 -25.821793 -25.197743 -23.250159 -25.424826 -26.573276 -31.717011 -44.829067 -46.382659 -47.960501 -46.636370 -48.346235 -48.408223 -51.471176 -51.519036 -48.788845 -49.837487 -50.854538 -51.159310 -50.975410 -51.765377 
9.444083 14.806434 10.193293 4.366175 -9.012646 -0.653941 -2.056977 -21.414831 -22.945495 -31.402655 -34.654578 -31.154083 -28.315529 -25.453567 -25.114116 -26.040677 -15.996470 -12.971920 -21.256248 -28.356580 -25.512536 -24.220747 -26.054716 -28.779878 -26.185520 -31.156406 -42.530460 -46.870060 -46.891094 -45.553755 -48.856826 -48.346688 -50.309802 -50.329395 -48.042527 -50.216001 -46.347926 -49.511729 -49.412025 -51.620397 
8.875404 14.013100 8.770694 4.076394 -9.043905 -2.997819 -3.066585 -19.225575 -24.910927 -28.122181 -32.193302 -34.850971 -31.583007 -26.439468 -25.386504 -27.502527 -18.599989 -17.550049 -22.231777 -31.422573 -29.308442 -26.163049 -27.586848 -26.986896 -26.024928 -33.676433 -44.191705 -47.957404 -44.920240 -43.670676 -49.351905 -47.608440 -50.675590 -50.608040 -48.087808 -49.218423 -44.653283 -45.025644 -49.353063 -51.478376 
8.213574 12.922600 7.093817 3.250612 -10.787786 -4.641312 -5.384062 -22.247464 -24.148838 -29.708140 -35.940843 -35.881485 -34.861671 -29.047402 -24.474080 -29.543052 -18.987937 -18.974915 -24.697183 -31.891208 -33.277768 -30.059013 -28.910020 -30.408809 -27.857167 -35.849716 -45.593365 -47.407816 -44.898436 -45.561625 -49.836485 -49.398970 -53.182586 -52.062148 -49.894873 -51.472965 -47.125131 -48.762492 -48.469762 -49.053736 
7.378669 11.938281 5.434885 1.408231 -12.566952 -6.781238 -7.989898 -25.164524 -25.754030 -30.788421 -35.983773 -39.124829 -39.539267 -29.838572 -25.423033 -28.759322 -21.624675 -21.903523 -25.542689 -33.118589 -32.539177 -28.034696 -28.394447 -30.996451 -26.251761 -34.501715 -43.328554 -45.287981 -43.189285 -45.942179 -53.671485 -48.583366 -49.512993 -51.557862 -50.174799 -53.455822 -47.437101 -51.149937 -49.415647 -51.211828 
6.168114 10.908290 4.008350 -3.872343 -7.070272 -8.834955 -11.378174 -23.973235 -25.203248 -31.525525 -33.076984 -30.410257 -28.526846 -26.955489 -27.678593 -29.596509 -21.965494 -19.938834 -29.091892 -36.499821 -30.428803 -27.155307 -32.497911 -26.593932 -25.023333 -31.484692 -40.195465 -44.801121 -43.944614 -46.930770 -49.549783 -46.871164 -48.117098 -49.264682 -47.890529 -50.600426 -46.848246 -50.361781 -51.785759 -51.639775 
4.747926 9.397777 2.249030 -9.872267 -5.344970 -9.078486 -15.802130 -14.926452 -25.034657 -22.736671 -26.723581 -24.351015 -24.358408 -28.960364 -28.137216 -28.120000 -28.061256 -23.024782 -19.530474 -28.453110 -32.891603 -25.541060 -27.111552 -26.356730 -24.753890 -29.929888 -38.920571 -39.477572 -39.739494 -41.963233 -42.944729 -43.091901 -46.781545 -44.763671 -46.681377 -50.735050 -48.113123 -50.676501 -47.199914 -50.346436 
2.852338 6.321032 -4.058603 -8.291478 -4.404039 -12.540349 -14.502342 -17.374602 -22.520534 -18.531160 -23.166499 -18.718000 -21.419405 -31.075867 -30.605770 -32.322349 -23.084543 -16.441231 -19.460097 -28.254542 -27.498037 -24.968001 -28.048763 -35.133954 -23.635384 -25.939404 -31.877707 -40.341058 -34.028805 -34.615935 -38.732652 -41.058318 -46.020980 -45.258430 -46.977557 -46.455689 -45.478835 -50.108857 -46.859748 -47.516391 
-0.120948 3.212056 -6.988067 -8.272208 -7.633731 -21.405547 -15.704109 -18.367573 -25.048719 -24.053324 -24.608994 -27.733070 -23.180372 -19.818058 -20.559274 -24.036793 -19.454820 -17.430063 -17.516378 -26.907454 -27.851134 -26.392111 -31.457785 -35.180936 -27.498915 -27.010430 -32.616650 -37.681267 -33.985864 -36.753400 -40.162065 -42.530293 -46.801702 -46.414052 -49.994719 -47.943964 -42.605114 -47.262470 -48.286656 -47.764679 
-3.239479 0.394376 -7.500627 -15.494835 -11.476649 -9.195708 -10.866946 -16.025845 -18.708568 -15.181894 -21.044728 -20.964356 -21.478714 -24.955104 -27.541075 -23.696730 -13.708077 -15.794208 -18.339737 -28.146565 -27.295300 -28.858753 -29.514665 -32.227318 -34.786534 -33.029576 -35.206011 -36.718050 -30.305643 -35.107115 -38.378136 -40.228033 -42.680932 -44.195891 -46.122329 -47.881872 -47.900426 -45.342536 -47.789067 -51.033820 
-8.355601 -3.013376 -10.198477 -20.702896 -19.188506 -18.232296 -14.904665 -23.755484 -24.517396 -22.674672 -14.435768 -11.169772 -21.000026 -28.840665 -33.078003 -33.024092 -17.661525 -21.387889 -19.100106 -23.769278 -29.584610 -31.666325 -36.358424 -34.467409 -36.809401 -32.182499 -36.094991 -38.871622 -36.810872 -38.173080 -41.630368 -40.706087 -40.947960 -45.536748 -50.235434 -51.946697 -51.069240 -50.365665 -51.326147 -51.637882 
-13.734605 -8.239598 -18.210982 -29.246069 -28.747185 -25.017657 -23.571015 -26.199827 -28.608288 -24.751706 -26.112427 -15.438950 -21.407928 -24.880671 -29.995229 -27.652036 -21.638939 -20.211058 -27.105101 -31.290969 -29.723741 -28.610060 -38.073184 -44.937594 -32.459217 -32.151423 -36.377529 -40.265255 -41.525232 -41.778018 -45.204829 -44.475602 -43.201611 -44.158775 -53.237996 -52.780232 -48.957719 -51.102596 -56.240285 -52.736790 
-12.521209 -8.829554 -15.788271 -29.926101 -28.774804 -20.625102 -24.905065 -31.543384 -31.540853 -23.102282 -23.922676 -25.494997 -25.971815 -24.695993 -31.919318 -34.582664 -25.283822 -26.397344 -24.766537 -30.697973 -34.671734 -33.743498 -41.894220 -43.777138 -40.185126 -39.125456 -40.683339 -44.843862 -44.693427 -44.373466 -46.892371 -49.204789 -49.947276 -55.791975 -57.337115 -54.974721 -51.902683 -50.396368 -55.566330 -57.949695 
-19.896381 -15.694737 -26.340475 -32.845806 -27.489107 -23.055988 -21.087633 -32.529966 -35.275760 -31.797206 -30.760045 -25.822034 -23.789971 -33.875207 -39.752543 -35.567430 -31.610300 -34.790291 -35.715946 -37.861321 -36.671716 -39.072460 -45.679341 -52.528048 -45.255399 -38.956099 -42.368749 -46.315250 -43.703276 -45.018394 -48.033858 -50.447777 -51.673402 -55.624053 -58.639928 -56.002937 -53.330169 -54.480399 -56.881757 -64.064642 
-25.131677 -21.877576 -29.261614 -33.705934 -32.749792 -29.818080 -28.489724 -37.483358 -41.141351 -39.410791 -34.232842 -31.890549 -31.656922 -39.394731 -43.850430 -42.383690 -40.955157 -38.015697 -38.831604 -44.814117 -41.478474 -41.962760 -50.385528 -56.237733 -51.434972 -46.603164 -46.647266 -49.617225 -53.470527 -52.660214 -52.108273 -54.920052 -54.748775 -55.470149 -60.375726 -59.557977 -58.314374 -59.801417 -61.402144 -69.213833 
-39.592866 -35.991618 -42.407369 -41.887834 -37.259140 -44.664539 -46.640314 -45.969362 -50.795032 -46.133980 -49.932918 -39.081500 -45.348512 -51.104284 -49.483352 -48.379617 -47.743812 -48.114372 -48.070517 -52.556548 -53.205125 -54.735591 -59.972902 -60.162503 -54.926423 -53.584420 -54.693149 -57.212516 -61.810654 -59.643326 -58.256164 -58.729729 -60.418580 -63.085673 -65.679980 -65.474765 -65.288105 -68.067843 -67.431982 -70.367330 
-54.992225 -51.885895 -56.820925 -57.946200 -51.418932 -56.084671 -59.607021 -60.228682 -61.889187 -59.358348 -59.781075 -54.273382 -59.129348 -64.107518 -63.201308 -60.093029 -56.010091 -60.119366 -61.493703 -60.902743 -61.642063 -66.324415 -67.653204 -68.433323 -66.234245 -64.144669 -64.122062 -66.349487 -68.519663 -66.527308 -65.806071 -68.006704 -68.703042 -68.659346 -73.779684 -73.873944 -70.985923 -71.783140 -71.133451 -74.532051 
-54.869549 -70.791659 -70.329749 -67.745371 -63.472565 -67.184446 -74.371518 -71.857174 -74.380460 -68.050225 -65.358532 -69.859606 -69.571072 -66.666134 -62.822075 -70.542931 -70.729357 -68.457760 -70.835194 -72.494451 -67.773583 -66.318154 -68.638789 -72.452227 -70.666756 -70.937945 -70.392066 -68.344453 -71.224159 -66.603633 -65.523878 -67.506667 -72.240571 -71.630170 -71.271834 -73.016353 -71.538802 -73.486755 -74.396921 -72.180817 
-57.731155 -79.031790 -73.997959 -64.032093 -61.742436 -66.965511 -69.541986 -70.445767 -74.475869 -72.404750 -65.701386 -63.843369 -70.291384 -74.634001 -69.598903 -70.455618 -66.395917 -67.912443 -70.702107 -70.360800 -73.181537 -75.153604 -75.871117 -68.732188 -71.242568 -68.844976 -69.821003 -72.652189 -72.767285 -69.109544 -68.085852 -68.130717 -72.823571 -70.671510 -73.266634 -72.617573 -73.388668 -74.805653 -74.507088 -71.335061 
-60.840714 -77.549767 -84.107977 -76.057801 -71.346488 -70.862853 -75.327652 -67.847254 -71.406562 -67.269697 -68.211996 -66.470395 -70.883353 -73.896684 -69.705739 -72.711949 -76.190582 -68.712169 -70.827439 -74.060075 -78.125636 -77.317744 -74.424107 -73.566378 -73.912903 -72.131221 -73.974779 -74.727333 -73.014595 -72.980529 -72.108197 -74.673941 -77.849607 -74.624692 -75.624449 -74.435194 -71.815985 -77.520853 -74.079870 -73.244429 
-60.573220 -73.129785 -74.405353 -72.877525 -64.950133 -68.517365 -72.847077 -68.086900 -74.854186 -73.556642 -74.878133 -72.988895 -70.619406 -74.188101 -71.043669 -78.537570 -74.136951 -71.845554 -71.690656 -75.231951 -70.531789 -73.033883 -73.460765 -67.917528 -71.047707 -71.548331 -72.296944 -75.316352 -72.974677 -71.637317 -73.834818 -78.195398 -77.148606 -74.679632 -76.090041 -74.336349 -71.370818 -74.087417 -74.355962 -74.899319 
-57.150647 -75.098138 -73.553840 -65.939790 -67.349348 -72.843345 -74.059053 -69.991662 -78.510453 -81.168053 -77.111253 -73.832753 -68.831509 -72.168019 -74.127978 -78.227286 -73.978671 -72.215260 -74.469538 -76.669567 -73.265199 -71.911782 -71.799536 -72.356995 -74.175852 -74.622181 -72.832340 -70.626221 -71.787308 -67.826797 -68.796756 -68.680533 -76.857228 -78.468103 -76.444449 -73.393402 -70.726767 -72.493766 -71.418913 -73.662053 
-57.532877 -67.890996 -73.273519 -73.857938 -78.532978 -75.950890 -71.912850 -73.023335 -78.688775 -82.928423 -77.493168 -71.099569 -69.549737 -71.271135 -76.851574 -73.952271 -76.155341 -69.163081 -70.936795 -72.914029 -71.424791 -69.369211 -70.494225 -69.336739 -75.487443 -76.721699 -73.130749 -73.614633 -72.986471 -68.953389 -69.947577 -71.054512 -73.641432 -75.226841 -75.662082 -73.755591 -72.136009 -72.122027 -75.635636 -80.903673 
-59.026491 -67.742095 -73.878715 -73.905690 -71.952861 -67.030705 -64.581672 -67.575020 -75.334803 -73.257742 -72.648593 -72.722741 -73.329332 -70.214676 -70.824995 -67.465266 -70.098144 -67.621266 -68.614803 -73.584875 -77.120518 -74.055347 -72.459594 -73.850219 -77.231166 -74.382529 -69.132407 -70.946752 -69.656378 -70.114266 -70.102490 -74.388718 -73.616780 -72.502966 -73.567667 -72.616700 -72.614124 -71.853215 -73.723313 -76.882483 
-56.356001 -55.731006 -57.672138 -59.656777 -60.347858 -57.668273 -59.196451 -67.257994 -65.773535 -66.613412 -71.859185 -71.668438 -68.555764 -68.122437 -71.861879 -71.925103 -74.963000 -72.652333 -69.310636 -78.232414 -74.856586 -70.481151 -76.666592 -75.399054 -71.597310 -78.187323 -80.945552 -77.934566 -72.953184 -74.146595 -77.365837 -75.504439 -73.368571 -74.418065 -75.634929 -73.427690 -74.513251 -75.255604 -74.403016 -78.969282 
-69.829745 -70.466754 -71.086882 -71.398578 -71.589062 -71.758543 -74.335574 -77.339178 -76.862623 -79.363904 -86.062489 -84.978968 -82.285674 -84.709577 -85.667572 -89.355851 -90.781256 -88.550720 -86.954638 -88.682542 -86.305571 -86.804702 -88.346458 -92.310027 -88.152895 -89.997596 -90.486081 -89.351387 -87.745162 -88.206952 -90.046211 -87.405527 -86.194176 -89.678887 -89.413342 -87.628344 -90.852760 -91.164706 -89.195463 -90.425048 
-111.521079 -111.521079 -111.521079 -111.521079 -111.521079 -111.521079 -111.521079 -111.521079 -111.521079 -111.521079 -111.521079 -111.521079 -111.521079 -111.521079 -111.521079 -111.521079 -111.521079 -111.521079 -111.521079 -111.521079 -111.521079 -111.521079 -111.521079 -111.521079 -111.521079 -111.521079 -111.521079 -111.521079 -111.521079 -111.521079 -111.521079 -111.521079 -111.521079 -111.521079 -111.521079 -111.521079 -111.521079 -111.521079 -111.521079 -111.521079 
NaN NaN NaN NaN NaN NaN NaN NaN NaN NaN NaN NaN NaN NaN NaN NaN NaN NaN NaN NaN NaN NaN NaN NaN NaN NaN NaN NaN NaN NaN NaN NaN NaN NaN NaN NaN NaN NaN NaN NaN 
NaN NaN NaN NaN NaN NaN NaN NaN NaN NaN NaN NaN NaN NaN NaN NaN NaN NaN NaN NaN NaN NaN NaN NaN NaN NaN NaN NaN NaN NaN NaN NaN NaN NaN NaN NaN NaN NaN NaN NaN 
NaN NaN NaN NaN NaN NaN NaN NaN NaN NaN NaN NaN NaN NaN NaN NaN NaN NaN NaN NaN NaN NaN NaN NaN NaN NaN NaN NaN NaN NaN NaN NaN NaN NaN NaN NaN NaN NaN NaN NaN 
NaN NaN NaN NaN NaN NaN NaN NaN NaN NaN NaN NaN NaN NaN NaN NaN NaN NaN NaN NaN NaN NaN NaN NaN NaN NaN NaN NaN NaN NaN NaN NaN NaN NaN NaN NaN NaN NaN NaN NaN 
NaN NaN NaN NaN NaN NaN NaN NaN NaN NaN NaN NaN NaN NaN NaN NaN NaN NaN NaN NaN NaN NaN NaN NaN NaN NaN NaN NaN NaN NaN NaN NaN NaN NaN NaN NaN NaN NaN NaN NaN 
NaN NaN NaN NaN NaN NaN NaN NaN NaN NaN NaN NaN NaN NaN NaN NaN NaN NaN NaN NaN NaN NaN NaN NaN NaN NaN NaN NaN NaN NaN NaN NaN NaN NaN NaN NaN NaN NaN NaN NaN 
NaN NaN NaN NaN NaN NaN NaN NaN NaN NaN NaN NaN NaN NaN NaN NaN NaN NaN NaN NaN NaN NaN NaN NaN NaN NaN NaN NaN NaN NaN NaN NaN NaN NaN NaN NaN NaN NaN NaN NaN 
NaN NaN NaN NaN NaN NaN NaN NaN NaN NaN NaN NaN NaN NaN NaN NaN NaN NaN NaN NaN NaN NaN NaN NaN NaN NaN NaN NaN NaN NaN NaN NaN NaN NaN NaN NaN NaN NaN NaN NaN 
NaN NaN NaN NaN NaN NaN NaN NaN NaN NaN NaN NaN NaN NaN NaN NaN NaN NaN NaN NaN NaN NaN NaN NaN NaN NaN NaN NaN NaN NaN NaN NaN NaN NaN NaN NaN NaN NaN NaN NaN 
NaN NaN NaN NaN NaN NaN NaN NaN NaN NaN NaN NaN NaN NaN NaN NaN NaN NaN NaN NaN NaN NaN NaN NaN NaN NaN NaN NaN NaN NaN NaN NaN NaN NaN NaN NaN NaN NaN NaN NaN 
NaN NaN NaN NaN NaN NaN NaN NaN NaN NaN NaN NaN NaN NaN NaN NaN NaN NaN NaN NaN NaN NaN NaN NaN NaN NaN NaN NaN NaN NaN NaN NaN NaN NaN NaN NaN NaN NaN NaN NaN 
NaN NaN NaN NaN NaN NaN NaN NaN NaN NaN NaN NaN NaN NaN NaN NaN NaN NaN NaN NaN NaN NaN NaN NaN NaN NaN NaN NaN NaN NaN NaN NaN NaN NaN NaN NaN NaN NaN NaN NaN 
NaN NaN NaN NaN NaN NaN NaN NaN NaN NaN NaN NaN NaN NaN NaN NaN NaN NaN NaN NaN NaN NaN NaN NaN NaN NaN NaN NaN NaN NaN NaN NaN NaN NaN NaN NaN NaN NaN NaN NaN 
NaN NaN NaN NaN NaN NaN NaN NaN NaN NaN NaN NaN NaN NaN NaN NaN NaN NaN NaN NaN NaN NaN NaN NaN NaN NaN NaN NaN NaN NaN NaN NaN NaN NaN NaN NaN NaN NaN NaN NaN 
NaN NaN NaN NaN NaN NaN NaN NaN NaN NaN NaN NaN NaN NaN NaN NaN NaN NaN NaN NaN NaN NaN NaN NaN NaN NaN NaN NaN NaN NaN NaN NaN NaN NaN NaN NaN NaN NaN NaN NaN 
NaN NaN NaN NaN NaN NaN NaN NaN NaN NaN NaN NaN NaN NaN NaN NaN NaN NaN NaN NaN NaN NaN NaN NaN NaN NaN NaN NaN NaN NaN NaN NaN NaN NaN NaN NaN NaN NaN NaN NaN 
NaN NaN NaN NaN NaN NaN NaN NaN NaN NaN NaN NaN NaN NaN NaN NaN NaN NaN NaN NaN NaN NaN NaN NaN NaN NaN NaN NaN NaN NaN NaN NaN NaN NaN NaN NaN NaN NaN NaN NaN 
NaN NaN NaN NaN NaN NaN NaN NaN NaN NaN NaN NaN NaN NaN NaN NaN NaN NaN NaN NaN NaN NaN NaN NaN NaN NaN NaN NaN NaN NaN NaN NaN NaN NaN NaN NaN NaN NaN NaN NaN 
NaN NaN NaN NaN NaN NaN NaN NaN NaN NaN NaN NaN NaN NaN NaN NaN NaN NaN NaN NaN NaN NaN NaN NaN NaN NaN NaN NaN NaN NaN NaN NaN NaN NaN NaN NaN NaN NaN NaN NaN 
NaN NaN NaN NaN NaN NaN NaN NaN NaN NaN NaN NaN NaN NaN NaN NaN NaN NaN NaN NaN NaN NaN NaN NaN NaN NaN NaN NaN NaN NaN NaN NaN NaN NaN NaN NaN NaN NaN NaN NaN 
NaN NaN NaN NaN NaN NaN NaN NaN NaN NaN NaN NaN NaN NaN NaN NaN NaN NaN NaN NaN NaN NaN NaN NaN NaN NaN NaN NaN NaN NaN NaN NaN NaN NaN NaN NaN NaN NaN NaN NaN 
NaN NaN NaN NaN NaN NaN NaN NaN NaN NaN NaN NaN NaN NaN NaN NaN NaN NaN NaN NaN NaN NaN NaN NaN NaN NaN NaN NaN NaN NaN NaN NaN NaN NaN NaN NaN NaN NaN NaN NaN 
NaN NaN NaN NaN NaN NaN NaN NaN NaN NaN NaN NaN NaN NaN NaN NaN NaN NaN NaN NaN NaN NaN NaN NaN NaN NaN NaN NaN NaN NaN NaN NaN NaN NaN NaN NaN NaN NaN NaN NaN 
NaN NaN NaN NaN NaN NaN NaN NaN NaN NaN NaN NaN NaN NaN NaN NaN NaN NaN NaN NaN NaN NaN NaN NaN NaN NaN NaN NaN NaN NaN NaN NaN NaN NaN NaN NaN NaN NaN NaN NaN 
NaN NaN NaN NaN NaN NaN NaN NaN NaN NaN NaN NaN NaN NaN NaN NaN NaN NaN NaN NaN NaN NaN NaN NaN NaN NaN NaN NaN NaN NaN NaN NaN NaN NaN NaN NaN NaN NaN NaN NaN 
NaN NaN NaN NaN NaN NaN NaN NaN NaN NaN NaN NaN NaN NaN NaN NaN NaN NaN NaN NaN NaN NaN NaN NaN NaN NaN NaN NaN NaN NaN NaN NaN NaN NaN NaN NaN NaN NaN NaN NaN 
NaN NaN NaN NaN NaN NaN NaN NaN NaN NaN NaN NaN NaN NaN NaN NaN NaN NaN NaN NaN NaN NaN NaN NaN NaN NaN NaN NaN NaN NaN NaN NaN NaN NaN NaN NaN NaN NaN NaN NaN 
NaN NaN NaN NaN NaN NaN NaN NaN NaN NaN NaN NaN NaN NaN NaN NaN NaN NaN NaN NaN NaN NaN NaN NaN NaN NaN NaN NaN NaN NaN NaN NaN NaN NaN NaN NaN NaN NaN NaN NaN 
NaN NaN NaN NaN NaN NaN NaN NaN NaN NaN NaN NaN NaN NaN NaN NaN NaN NaN NaN NaN NaN NaN NaN NaN NaN NaN NaN NaN NaN NaN NaN NaN NaN NaN NaN NaN NaN NaN NaN NaN 
NaN NaN NaN NaN NaN NaN NaN NaN NaN NaN NaN NaN NaN NaN NaN NaN NaN NaN NaN NaN NaN NaN NaN NaN NaN NaN NaN NaN NaN NaN NaN NaN NaN NaN NaN NaN NaN NaN NaN NaN 
NaN NaN NaN NaN NaN NaN NaN NaN NaN NaN NaN NaN NaN NaN NaN NaN NaN NaN NaN NaN NaN NaN NaN NaN NaN NaN NaN NaN NaN NaN NaN NaN NaN NaN NaN NaN NaN NaN NaN NaN 
NaN NaN NaN NaN NaN NaN NaN NaN NaN NaN NaN NaN NaN NaN NaN NaN NaN NaN NaN NaN NaN NaN NaN NaN NaN NaN NaN NaN NaN NaN NaN NaN NaN NaN NaN NaN NaN NaN NaN NaN 
NaN NaN NaN NaN NaN NaN NaN NaN NaN NaN NaN NaN NaN NaN NaN NaN NaN NaN NaN NaN NaN NaN NaN NaN NaN NaN NaN NaN NaN NaN NaN NaN NaN NaN NaN NaN NaN NaN NaN NaN 
NaN NaN NaN NaN NaN NaN NaN NaN NaN NaN NaN NaN NaN NaN NaN NaN NaN NaN NaN NaN NaN NaN NaN NaN NaN NaN NaN NaN NaN NaN NaN NaN NaN NaN NaN NaN NaN NaN NaN NaN 
NaN NaN NaN NaN NaN NaN NaN NaN NaN NaN NaN NaN NaN NaN NaN NaN NaN NaN NaN NaN NaN NaN NaN NaN NaN NaN NaN NaN NaN NaN NaN NaN NaN NaN NaN NaN NaN NaN NaN NaN 
NaN NaN NaN NaN NaN NaN NaN NaN NaN NaN NaN NaN NaN NaN NaN NaN NaN NaN NaN NaN NaN NaN NaN NaN NaN NaN NaN NaN NaN NaN NaN NaN NaN NaN NaN NaN NaN NaN NaN NaN 
NaN NaN NaN NaN NaN NaN NaN NaN NaN NaN NaN NaN NaN NaN NaN NaN NaN NaN NaN NaN NaN NaN NaN NaN NaN NaN NaN NaN NaN NaN NaN NaN NaN NaN NaN NaN NaN NaN NaN NaN 
NaN NaN NaN NaN NaN NaN NaN NaN NaN NaN NaN NaN NaN NaN NaN NaN NaN NaN NaN NaN NaN NaN NaN NaN NaN NaN NaN NaN NaN NaN NaN NaN NaN NaN NaN NaN NaN NaN NaN NaN 
NaN NaN NaN NaN NaN NaN NaN NaN NaN NaN NaN NaN NaN NaN NaN NaN NaN NaN NaN NaN NaN NaN NaN NaN NaN NaN NaN NaN NaN NaN NaN NaN NaN NaN NaN NaN NaN NaN NaN NaN 
NaN NaN NaN NaN NaN NaN NaN NaN NaN NaN NaN NaN NaN NaN NaN NaN NaN NaN NaN NaN NaN NaN NaN NaN NaN NaN NaN NaN NaN NaN NaN NaN NaN NaN NaN NaN NaN NaN NaN NaN 
NaN NaN NaN NaN NaN NaN NaN NaN NaN NaN NaN NaN NaN NaN NaN NaN NaN NaN NaN NaN NaN NaN NaN NaN NaN NaN NaN NaN NaN NaN NaN NaN NaN NaN NaN NaN NaN NaN NaN NaN 
NaN NaN NaN NaN NaN NaN NaN NaN NaN NaN NaN NaN NaN NaN NaN NaN NaN NaN NaN NaN NaN NaN NaN NaN NaN NaN NaN NaN NaN NaN NaN NaN NaN NaN NaN NaN NaN NaN NaN NaN 
NaN NaN NaN NaN NaN NaN NaN NaN NaN NaN NaN NaN NaN NaN NaN NaN NaN NaN NaN NaN NaN NaN NaN NaN NaN NaN NaN NaN NaN NaN NaN NaN NaN NaN NaN NaN NaN NaN NaN NaN 
NaN NaN NaN NaN NaN NaN NaN NaN NaN NaN NaN NaN NaN NaN NaN NaN NaN NaN NaN NaN NaN NaN NaN NaN NaN NaN NaN NaN NaN NaN NaN NaN NaN NaN NaN NaN NaN NaN NaN NaN 
NaN NaN NaN NaN NaN NaN NaN NaN NaN NaN NaN NaN NaN NaN NaN NaN NaN NaN NaN NaN NaN NaN NaN NaN NaN NaN NaN NaN NaN NaN NaN NaN NaN NaN NaN NaN NaN NaN NaN NaN 
NaN NaN NaN NaN NaN NaN NaN NaN NaN NaN NaN NaN NaN NaN NaN NaN NaN NaN NaN NaN NaN NaN NaN NaN NaN NaN NaN NaN NaN NaN NaN NaN NaN NaN NaN NaN NaN NaN NaN NaN 
NaN NaN NaN NaN NaN NaN NaN NaN NaN NaN NaN NaN NaN NaN NaN NaN NaN NaN NaN NaN NaN NaN NaN NaN NaN NaN NaN NaN NaN NaN NaN NaN NaN NaN NaN NaN NaN NaN NaN NaN 
NaN NaN NaN NaN NaN NaN NaN NaN NaN NaN NaN NaN NaN NaN NaN NaN NaN NaN NaN NaN NaN NaN NaN NaN NaN NaN NaN NaN NaN NaN NaN NaN NaN NaN NaN NaN NaN NaN NaN NaN 
NaN NaN NaN NaN NaN NaN NaN NaN NaN NaN NaN NaN NaN NaN NaN NaN NaN NaN NaN NaN NaN NaN NaN NaN NaN NaN NaN NaN NaN NaN NaN NaN NaN NaN NaN NaN NaN NaN NaN NaN 
NaN NaN NaN NaN NaN NaN NaN NaN NaN NaN NaN NaN NaN NaN NaN NaN NaN NaN NaN NaN NaN NaN NaN NaN NaN NaN NaN NaN NaN NaN NaN NaN NaN NaN NaN NaN NaN NaN NaN NaN 
NaN NaN NaN NaN NaN NaN NaN NaN NaN NaN NaN NaN NaN NaN NaN NaN NaN NaN NaN NaN NaN NaN NaN NaN NaN NaN NaN NaN NaN NaN NaN NaN NaN NaN NaN NaN NaN NaN NaN NaN 
NaN NaN NaN NaN NaN NaN NaN NaN NaN NaN NaN NaN NaN NaN NaN NaN NaN NaN NaN NaN NaN NaN NaN NaN NaN NaN NaN NaN NaN NaN NaN NaN NaN NaN NaN NaN NaN NaN NaN NaN 
NaN NaN NaN NaN NaN NaN NaN NaN NaN NaN NaN NaN NaN NaN NaN NaN NaN NaN NaN NaN NaN NaN NaN NaN NaN NaN NaN NaN NaN NaN NaN NaN NaN NaN NaN NaN NaN NaN NaN NaN 
NaN NaN NaN NaN NaN NaN NaN NaN NaN NaN NaN NaN NaN NaN NaN NaN NaN NaN NaN NaN NaN NaN NaN NaN NaN NaN NaN NaN NaN NaN NaN NaN NaN NaN NaN NaN NaN NaN NaN NaN 
NaN NaN NaN NaN NaN NaN NaN NaN NaN NaN NaN NaN NaN NaN NaN NaN NaN NaN NaN NaN NaN NaN NaN NaN NaN NaN NaN NaN NaN NaN NaN NaN NaN NaN NaN NaN NaN NaN NaN NaN 
NaN NaN NaN NaN NaN NaN NaN NaN NaN NaN NaN NaN NaN NaN NaN NaN NaN NaN NaN NaN NaN NaN NaN NaN NaN NaN NaN NaN NaN NaN NaN NaN NaN NaN NaN NaN NaN NaN NaN NaN 
NaN NaN NaN NaN NaN NaN NaN NaN NaN NaN NaN NaN NaN NaN NaN NaN NaN NaN NaN NaN NaN NaN NaN NaN NaN NaN NaN NaN NaN NaN NaN NaN NaN NaN NaN NaN NaN NaN NaN NaN 
NaN NaN NaN NaN NaN NaN NaN NaN NaN NaN NaN NaN NaN NaN NaN NaN NaN NaN NaN NaN NaN NaN NaN NaN NaN NaN NaN NaN NaN NaN NaN NaN NaN NaN NaN NaN NaN NaN NaN NaN 
NaN NaN NaN NaN NaN NaN NaN NaN NaN NaN NaN NaN NaN NaN NaN NaN NaN NaN NaN NaN NaN NaN NaN NaN NaN NaN NaN NaN NaN NaN NaN NaN NaN NaN NaN NaN NaN NaN NaN NaN 
NaN NaN NaN NaN NaN NaN NaN NaN NaN NaN NaN NaN NaN NaN NaN NaN NaN NaN NaN NaN NaN NaN NaN NaN NaN NaN NaN NaN NaN NaN NaN NaN NaN NaN NaN NaN NaN NaN NaN NaN 
NaN NaN NaN NaN NaN NaN NaN NaN NaN NaN NaN NaN NaN NaN NaN NaN NaN NaN NaN NaN NaN NaN NaN NaN NaN NaN NaN NaN NaN NaN NaN NaN NaN NaN NaN NaN NaN NaN NaN NaN 
NaN NaN NaN NaN NaN NaN NaN NaN NaN NaN NaN NaN NaN NaN NaN NaN NaN NaN NaN NaN NaN NaN NaN NaN NaN NaN NaN NaN NaN NaN NaN NaN NaN NaN NaN NaN NaN NaN NaN NaN 
NaN NaN NaN NaN NaN NaN NaN NaN NaN NaN NaN NaN NaN NaN NaN NaN NaN NaN NaN NaN NaN NaN NaN NaN NaN NaN NaN NaN NaN NaN NaN NaN NaN NaN NaN NaN NaN NaN NaN NaN 
NaN NaN NaN NaN NaN NaN NaN NaN NaN NaN NaN NaN NaN NaN NaN NaN NaN NaN NaN NaN NaN NaN NaN NaN NaN NaN NaN NaN NaN NaN NaN NaN NaN NaN NaN NaN NaN NaN NaN NaN 
NaN NaN NaN NaN NaN NaN NaN NaN NaN NaN NaN NaN NaN NaN NaN NaN NaN NaN NaN NaN NaN NaN NaN NaN NaN NaN NaN NaN NaN NaN NaN NaN NaN NaN NaN NaN NaN NaN NaN NaN 
NaN NaN NaN NaN NaN NaN NaN NaN NaN NaN NaN NaN NaN NaN NaN NaN NaN NaN NaN NaN NaN NaN NaN NaN NaN NaN NaN NaN NaN NaN NaN NaN NaN NaN NaN NaN NaN NaN NaN NaN 
NaN NaN NaN NaN NaN NaN NaN NaN NaN NaN NaN NaN NaN NaN NaN NaN NaN NaN NaN NaN NaN NaN NaN NaN NaN NaN NaN NaN NaN NaN NaN NaN NaN NaN NaN NaN NaN NaN NaN NaN 
NaN NaN NaN NaN NaN NaN NaN NaN NaN NaN NaN NaN NaN NaN NaN NaN NaN NaN NaN NaN NaN NaN NaN NaN NaN NaN NaN NaN NaN NaN NaN NaN NaN NaN NaN NaN NaN NaN NaN NaN 
NaN NaN NaN NaN NaN NaN NaN NaN NaN NaN NaN NaN NaN NaN NaN NaN NaN NaN NaN NaN NaN NaN NaN NaN NaN NaN NaN NaN NaN NaN NaN NaN NaN NaN NaN NaN NaN NaN NaN NaN 
NaN NaN NaN NaN NaN NaN NaN NaN NaN NaN NaN NaN NaN NaN NaN NaN NaN NaN NaN NaN NaN NaN NaN NaN NaN NaN NaN NaN NaN NaN NaN NaN NaN NaN NaN NaN NaN NaN NaN NaN 
NaN NaN NaN NaN NaN NaN NaN NaN NaN NaN NaN NaN NaN NaN NaN NaN NaN NaN NaN NaN NaN NaN NaN NaN NaN NaN NaN NaN NaN NaN NaN NaN NaN NaN NaN NaN NaN NaN NaN NaN 
NaN NaN NaN NaN NaN NaN NaN NaN NaN NaN NaN NaN NaN NaN NaN NaN NaN NaN NaN NaN NaN NaN NaN NaN NaN NaN NaN NaN NaN NaN NaN NaN NaN NaN NaN NaN NaN NaN NaN NaN 
NaN NaN NaN NaN NaN NaN NaN NaN NaN NaN NaN NaN NaN NaN NaN NaN NaN NaN NaN NaN NaN NaN NaN NaN NaN NaN NaN NaN NaN NaN NaN NaN NaN NaN NaN NaN NaN NaN NaN NaN 
NaN NaN NaN NaN NaN NaN NaN NaN NaN NaN NaN NaN NaN NaN NaN NaN NaN NaN NaN NaN NaN NaN NaN NaN NaN NaN NaN NaN NaN NaN NaN NaN NaN NaN NaN NaN NaN NaN NaN NaN 
NaN NaN NaN NaN NaN NaN NaN NaN NaN NaN NaN NaN NaN NaN NaN NaN NaN NaN NaN NaN NaN NaN NaN NaN NaN NaN NaN NaN NaN NaN NaN NaN NaN NaN NaN NaN NaN NaN NaN NaN 
NaN NaN NaN NaN NaN NaN NaN NaN NaN NaN NaN NaN NaN NaN NaN NaN NaN NaN NaN NaN NaN NaN NaN NaN NaN NaN NaN NaN NaN NaN NaN NaN NaN NaN NaN NaN NaN NaN NaN NaN 
NaN NaN NaN NaN NaN NaN NaN NaN NaN NaN NaN NaN NaN NaN NaN NaN NaN NaN NaN NaN NaN NaN NaN NaN NaN NaN NaN NaN NaN NaN NaN NaN NaN NaN NaN NaN NaN NaN NaN NaN 
NaN NaN NaN NaN NaN NaN NaN NaN NaN NaN NaN NaN NaN NaN NaN NaN NaN NaN NaN NaN NaN NaN NaN NaN NaN NaN NaN NaN NaN NaN NaN NaN NaN NaN NaN NaN NaN NaN NaN NaN 
NaN NaN NaN NaN NaN NaN NaN NaN NaN NaN NaN NaN NaN NaN NaN NaN NaN NaN NaN NaN NaN NaN NaN NaN NaN NaN NaN NaN NaN NaN NaN NaN NaN NaN NaN NaN NaN NaN NaN NaN 
NaN NaN NaN NaN NaN NaN NaN NaN NaN NaN NaN NaN NaN NaN NaN NaN NaN NaN NaN NaN NaN NaN NaN NaN NaN NaN NaN NaN NaN NaN NaN NaN NaN NaN NaN NaN NaN NaN NaN NaN 
NaN NaN NaN NaN NaN NaN NaN NaN NaN NaN NaN NaN NaN NaN NaN NaN NaN NaN NaN NaN NaN NaN NaN NaN NaN NaN NaN NaN NaN NaN NaN NaN NaN NaN NaN NaN NaN NaN NaN NaN 
NaN NaN NaN NaN NaN NaN NaN NaN NaN NaN NaN NaN NaN NaN NaN NaN NaN NaN NaN NaN NaN NaN NaN NaN NaN NaN NaN NaN NaN NaN NaN NaN NaN NaN NaN NaN NaN NaN NaN NaN 
NaN NaN NaN NaN NaN NaN NaN NaN NaN NaN NaN NaN NaN NaN NaN NaN NaN NaN NaN NaN NaN NaN NaN NaN NaN NaN NaN NaN NaN NaN NaN NaN NaN NaN NaN NaN NaN NaN NaN NaN 
NaN NaN NaN NaN NaN NaN NaN NaN NaN NaN NaN NaN NaN NaN NaN NaN NaN NaN NaN NaN NaN NaN NaN NaN NaN NaN NaN NaN NaN NaN NaN NaN NaN NaN NaN NaN NaN NaN NaN NaN 
NaN NaN NaN NaN NaN NaN NaN NaN NaN NaN NaN NaN NaN NaN NaN NaN NaN NaN NaN NaN NaN NaN NaN NaN NaN NaN NaN NaN NaN NaN NaN NaN NaN NaN NaN NaN NaN NaN NaN NaN 
NaN NaN NaN NaN NaN NaN NaN NaN NaN NaN NaN NaN NaN NaN NaN NaN NaN NaN NaN NaN NaN NaN NaN NaN NaN NaN NaN NaN NaN NaN NaN NaN NaN NaN NaN NaN NaN NaN NaN NaN 
NaN NaN NaN NaN NaN NaN NaN NaN NaN NaN NaN NaN NaN NaN NaN NaN NaN NaN NaN NaN NaN NaN NaN NaN NaN NaN NaN NaN NaN NaN NaN NaN NaN NaN NaN NaN NaN NaN NaN NaN 
NaN NaN NaN NaN NaN NaN NaN NaN NaN NaN NaN NaN NaN NaN NaN NaN NaN NaN NaN NaN NaN NaN NaN NaN NaN NaN NaN NaN NaN NaN NaN NaN NaN NaN NaN NaN NaN NaN NaN NaN 
NaN NaN NaN NaN NaN NaN NaN NaN NaN NaN NaN NaN NaN NaN NaN NaN NaN NaN NaN NaN NaN NaN NaN NaN NaN NaN NaN NaN NaN NaN NaN NaN NaN NaN NaN NaN NaN NaN NaN NaN 
NaN NaN NaN NaN NaN NaN NaN NaN NaN NaN NaN NaN NaN NaN NaN NaN NaN NaN NaN NaN NaN NaN NaN NaN NaN NaN NaN NaN NaN NaN NaN NaN NaN NaN NaN NaN NaN NaN NaN NaN 
NaN NaN NaN NaN NaN NaN NaN NaN NaN NaN NaN NaN NaN NaN NaN NaN NaN NaN NaN NaN NaN NaN NaN NaN NaN NaN NaN NaN NaN NaN NaN NaN NaN NaN NaN NaN NaN NaN NaN NaN 
NaN NaN NaN NaN NaN NaN NaN NaN NaN NaN NaN NaN NaN NaN NaN NaN NaN NaN NaN NaN NaN NaN NaN NaN NaN NaN NaN NaN NaN NaN NaN NaN NaN NaN NaN NaN NaN NaN NaN NaN 
NaN NaN NaN NaN NaN NaN NaN NaN NaN NaN NaN NaN NaN NaN NaN NaN NaN NaN NaN NaN NaN NaN NaN NaN NaN NaN NaN NaN NaN NaN NaN NaN NaN NaN NaN NaN NaN NaN NaN NaN 
NaN NaN NaN NaN NaN NaN NaN NaN NaN NaN NaN NaN NaN NaN NaN NaN NaN NaN NaN NaN NaN NaN NaN NaN NaN NaN NaN NaN NaN NaN NaN NaN NaN NaN NaN NaN NaN NaN NaN NaN 
NaN NaN NaN NaN NaN NaN NaN NaN NaN NaN NaN NaN NaN NaN NaN NaN NaN NaN NaN NaN NaN NaN NaN NaN NaN NaN NaN NaN NaN NaN NaN NaN NaN NaN NaN NaN NaN NaN NaN NaN 
NaN NaN NaN NaN NaN NaN NaN NaN NaN NaN NaN NaN NaN NaN NaN NaN NaN NaN NaN NaN NaN NaN NaN NaN NaN NaN NaN NaN NaN NaN NaN NaN NaN NaN NaN NaN NaN NaN NaN NaN 
NaN NaN NaN NaN NaN NaN NaN NaN NaN NaN NaN NaN NaN NaN NaN NaN NaN NaN NaN NaN NaN NaN NaN NaN NaN NaN NaN NaN NaN NaN NaN NaN NaN NaN NaN NaN NaN NaN NaN NaN 
NaN NaN NaN NaN NaN NaN NaN NaN NaN NaN NaN NaN NaN NaN NaN NaN NaN NaN NaN NaN NaN NaN NaN NaN NaN NaN NaN NaN NaN NaN NaN NaN NaN NaN NaN NaN NaN NaN NaN NaN 
NaN NaN NaN NaN NaN NaN NaN NaN NaN NaN NaN NaN NaN NaN NaN NaN NaN NaN NaN NaN NaN NaN NaN NaN NaN NaN NaN NaN NaN NaN NaN NaN NaN NaN NaN NaN NaN NaN NaN NaN 
NaN NaN NaN NaN NaN NaN NaN NaN NaN NaN NaN NaN NaN NaN NaN NaN NaN NaN NaN NaN NaN NaN NaN NaN NaN NaN NaN NaN NaN NaN NaN NaN NaN NaN NaN NaN NaN NaN NaN NaN 
NaN NaN NaN NaN NaN NaN NaN NaN NaN NaN NaN NaN NaN NaN NaN NaN NaN NaN NaN NaN NaN NaN NaN NaN NaN NaN NaN NaN NaN NaN NaN NaN NaN NaN NaN NaN NaN NaN NaN NaN 
NaN NaN NaN NaN NaN NaN NaN NaN NaN NaN NaN NaN NaN NaN NaN NaN NaN NaN NaN NaN NaN NaN NaN NaN NaN NaN NaN NaN NaN NaN NaN NaN NaN NaN NaN NaN NaN NaN NaN NaN 
NaN NaN NaN NaN NaN NaN NaN NaN NaN NaN NaN NaN NaN NaN NaN NaN NaN NaN NaN NaN NaN NaN NaN NaN NaN NaN NaN NaN NaN NaN NaN NaN NaN NaN NaN NaN NaN NaN NaN NaN 
NaN NaN NaN NaN NaN NaN NaN NaN NaN NaN NaN NaN NaN NaN NaN NaN NaN NaN NaN NaN NaN NaN NaN NaN NaN NaN NaN NaN NaN NaN NaN NaN NaN NaN NaN NaN NaN NaN NaN NaN 
NaN NaN NaN NaN NaN NaN NaN NaN NaN NaN NaN NaN NaN NaN NaN NaN NaN NaN NaN NaN NaN NaN NaN NaN NaN NaN NaN NaN NaN NaN NaN NaN NaN NaN NaN NaN NaN NaN NaN NaN 
NaN NaN NaN NaN NaN NaN NaN NaN NaN NaN NaN NaN NaN NaN NaN NaN NaN NaN NaN NaN NaN NaN NaN NaN NaN NaN NaN NaN NaN NaN NaN NaN NaN NaN NaN NaN NaN NaN NaN NaN 
NaN NaN NaN NaN NaN NaN NaN NaN NaN NaN NaN NaN NaN NaN NaN NaN NaN NaN NaN NaN NaN NaN NaN NaN NaN NaN NaN NaN NaN NaN NaN NaN NaN NaN NaN NaN NaN NaN NaN NaN 
NaN NaN NaN NaN NaN NaN NaN NaN NaN NaN NaN NaN NaN NaN NaN NaN NaN NaN NaN NaN NaN NaN NaN NaN NaN NaN NaN NaN NaN NaN NaN NaN NaN NaN NaN NaN NaN NaN NaN NaN 
NaN NaN NaN NaN NaN NaN NaN NaN NaN NaN NaN NaN NaN NaN NaN NaN NaN NaN NaN NaN NaN NaN NaN NaN NaN NaN NaN NaN NaN NaN NaN NaN NaN NaN NaN NaN NaN NaN NaN NaN 
NaN NaN NaN NaN NaN NaN NaN NaN NaN NaN NaN NaN NaN NaN NaN NaN NaN NaN NaN NaN NaN NaN NaN NaN NaN NaN NaN NaN NaN NaN NaN NaN NaN NaN NaN NaN NaN NaN NaN NaN 
NaN NaN NaN NaN NaN NaN NaN NaN NaN NaN NaN NaN NaN NaN NaN NaN NaN NaN NaN NaN NaN NaN NaN NaN NaN NaN NaN NaN NaN NaN NaN NaN NaN NaN NaN NaN NaN NaN NaN NaN 
NaN NaN NaN NaN NaN NaN NaN NaN NaN NaN NaN NaN NaN NaN NaN NaN NaN NaN NaN NaN NaN NaN NaN NaN NaN NaN NaN NaN NaN NaN NaN NaN NaN NaN NaN NaN NaN NaN NaN NaN 
NaN NaN NaN NaN NaN NaN NaN NaN NaN NaN NaN NaN NaN NaN NaN NaN NaN NaN NaN NaN NaN NaN NaN NaN NaN NaN NaN NaN NaN NaN NaN NaN NaN NaN NaN NaN NaN NaN NaN NaN 
NaN NaN NaN NaN NaN NaN NaN NaN NaN NaN NaN NaN NaN NaN NaN NaN NaN NaN NaN NaN NaN NaN NaN NaN NaN NaN NaN NaN NaN NaN NaN NaN NaN NaN NaN NaN NaN NaN NaN NaN 
NaN NaN NaN NaN NaN NaN NaN NaN NaN NaN NaN NaN NaN NaN NaN NaN NaN NaN NaN NaN NaN NaN NaN NaN NaN NaN NaN NaN NaN NaN NaN NaN NaN NaN NaN NaN NaN NaN NaN NaN 
NaN NaN NaN NaN NaN NaN NaN NaN NaN NaN NaN NaN NaN NaN NaN NaN NaN NaN NaN NaN NaN NaN NaN NaN NaN NaN NaN NaN NaN NaN NaN NaN NaN NaN NaN NaN NaN NaN NaN NaN 
-90.575053 -90.599611 -90.641638 -90.715991 -90.822916 -90.985138 -91.201425 -91.506774 -91.959876 -92.568672 -93.408728 -94.602885 -96.222503 -98.454036 -101.034706 -101.845668 -99.399417 -96.278263 -93.817178 -92.101931 -91.035678 -90.571894 -90.693759 -91.394263 -92.658525 -94.423801 -96.572798 -98.798057 -100.245491 -100.106568 -99.668375 -100.730486 -104.115014 -107.686097 -108.610171 -108.863612 -104.718963 -103.436218 -108.195569 -109.626797 
-58.888034 -63.750713 -68.426824 -70.559800 -68.849089 -66.269988 -68.372423 -75.679776 -82.147060 -78.667269 -71.651298 -70.318528 -73.392198 -78.714282 -81.219236 -73.563984 -66.524141 -68.096447 -70.217886 -70.735905 -68.368059 -67.005359 -68.848756 -72.892059 -70.861166 -72.129562 -72.842500 -74.965621 -74.593339 -75.265515 -77.456603 -79.394965 -78.924513 -79.569598 -78.810785 -75.979730 -73.313126 -76.887828 -78.132549 -77.311470 
-58.796430 -68.640569 -72.414448 -75.489452 -72.522152 -67.960056 -69.184383 -72.215158 -69.650209 -66.730676 -69.069111 -73.803126 -73.086347 -76.258552 -74.091685 -75.299709 -68.408901 -65.867935 -70.041006 -75.061814 -72.978798 -72.637847 -71.490538 -67.740003 -72.162396 -71.047030 -71.061567 -73.262311 -69.933227 -71.075727 -70.811075 -71.414705 -72.973382 -76.063893 -72.902389 -76.224701 -72.620014 -72.979813 -71.811118 -73.534937 
-58.056216 -71.504726 -70.746003 -70.870683 -66.092094 -66.475697 -72.694048 -70.125969 -70.965993 -72.492590 -78.837615 -76.908569 -75.596434 -75.942551 -72.085883 -70.049515 -74.173037 -74.276396 -72.135097 -76.206616 -72.130045 -72.343920 -70.377169 -69.690756 -70.270494 -70.738675 -70.801196 -73.116916 -71.223712 -70.423399 -73.505456 -76.566413 -78.577268 -82.855146 -75.842153 -76.810766 -73.852122 -71.225756 -68.911707 -72.669718 
-46.539821 -51.068291 -52.854823 -63.148442 -72.626241 -62.178918 -60.019016 -63.671507 -66.602945 -68.226108 -70.308354 -63.863243 -64.851215 -69.759913 -71.155215 -69.738388 -71.187523 -74.146578 -77.039040 -76.431269 -73.227801 -73.767404 -73.500577 -72.686590 -69.483469 -73.611199 -70.682643 -68.684783 -69.768336 -69.855593 -74.924573 -76.223422 -74.047021 -76.906246 -73.645428 -75.462569 -73.180255 -73.054891 -70.169877 -75.268410 
-51.100572 -54.690276 -52.329020 -57.011849 -61.285289 -58.524257 -59.445120 -61.208133 -63.398408 -68.937097 -70.935296 -65.132581 -68.179924 -70.809091 -73.852076 -71.229888 -70.991610 -74.778789 -79.561919 -74.369496 -75.616554 -77.520076 -77.558474 -74.234688 -71.300226 -76.682387 -80.529443 -72.717634 -74.008106 -72.312420 -72.752362 -79.726327 -79.296759 -81.065937 -78.077130 -80.331160 -77.925212 -79.394153 -78.373514 -79.805888 
