-29.146982 -24.089629 -14.680158 -11.726574 -18.681147 -22.464757 -30.832859 -32.438355 -36.519472 -37.143886 -38.406218 -39.316523 -40.491978 -41.233041 -42.550759 -42.972611 -43.962096 -45.208219 -45.004319 -43.789516 -46.316756 -47.638733 -48.248099 -49.968632 -49.799644 -50.128620 -51.027757 -51.591884 -52.291904 -53.156218 -53.271913 -53.903505 -54.173299 -54.440911 -54.872944 -55.381863 -55.497173 -55.940565 -55.891772 -56.428939 
-19.593543 -18.237646 -1.298186 9.282597 6.421025 -7.614266 -16.597278 -17.582073 -20.757126 -24.335376 -25.182293 -27.316197 -29.558584 -29.513216 -30.698910 -31.481815 -31.989745 -33.386453 -33.514679 -34.870603 -36.249784 -37.128137 -37.022855 -36.687806 -38.148633 -39.356145 -40.731870 -40.781657 -41.549602 -41.844946 -42.448662 -43.007806 -43.147868 -43.604694 -44.130389 -44.315097 -44.647468 -44.942331 -45.093211 -45.254254 
-15.386367 -17.036743 5.401359 20.635957 19.624777 2.785097 -7.766305 -0.046066 -10.927196 -19.779255 -18.639178 -26.489537 -23.168081 -27.416342 -29.681381 -28.398003 -24.436278 -27.893272 -27.495690 -30.750325 -32.187554 -31.796712 -32.026924 -29.904471 -30.347247 -30.469629 -34.226515 -37.236166 -39.420266 -40.055406 -40.465823 -40.595896 -41.163049 -42.062228 -42.496684 -42.560321 -42.996825 -43.320859 -43.647808 -43.725660 
-23.661074 -22.529045 6.530120 24.616133 23.283666 1.337962 -4.364352 6.242510 -5.641118 -15.045546 -12.123919 -18.558639 -18.430039 -20.862997 -21.499640 -24.063910 -18.724677 -21.498732 -20.585787 -24.951484 -24.535824 -24.395821 -26.122973 -26.520171 -24.162639 -24.120560 -26.605954 -31.386888 -32.753232 -33.242526 -33.642666 -33.819548 -34.408233 -35.163550 -35.593915 -35.761526 -36.190256 -36.405834 -36.697270 -36.851303 
-9.193409 -12.486974 5.468367 25.490473 23.964911 1.556237 -1.406574 8.275875 -6.296047 -18.065595 -13.372134 -25.163776 -19.508824 -26.052171 -24.785494 -26.207618 -18.016148 -21.835530 -17.407713 -22.766124 -25.352218 -24.947009 -27.783281 -31.121031 -25.334887 -23.962975 -27.694650 -36.519044 -43.459472 -44.107443 -42.219269 -41.897673 -44.727543 -48.222318 -48.981269 -47.546530 -46.904993 -45.094002 -48.685389 -53.293701 
-15.094888 -15.837283 6.229539 25.672748 24.146239 1.377703 0.565383 9.452146 -3.973753 -12.718994 -14.003348 -16.615737 -14.596819 -17.241666 -19.196691 -19.099447 -16.681019 -17.695170 -14.291061 -21.243246 -22.330211 -22.455697 -25.390226 -24.971280 -22.579432 -22.979670 -24.900328 -28.237573 -30.035630 -30.596972 -30.750053 -31.519594 -31.889019 -32.647430 -32.980742 -33.276535 -33.784722 -33.690397 -34.229107 -34.251475 
-10.291562 -12.521970 5.420216 25.498881 24.205807 1.023764 0.853987 10.130817 -4.036581 -15.266878 -12.676948 -19.164763 -16.055882 -18.678670 -16.561570 -18.120338 -15.044088 -17.536531 -14.197232 -21.348469 -22.106203 -19.731193 -24.411612 -26.617641 -25.082067 -23.377809 -24.505218 -29.049938 -30.465656 -31.701618 -32.420943 -32.680828 -33.159884 -33.688365 -33.728303 -34.468862 -35.269780 -35.899265 -36.378063 -35.578185 
-14.467448 -16.707964 2.655854 24.919907 24.613689 3.780904 4.950967 10.359145 -3.223633 -12.442996 -14.827202 -14.828574 -15.234020 -16.316144 -14.944824 -18.482723 -13.389170 -15.060864 -13.418723 -13.465334 -14.594229 -15.478540 -16.844840 -15.751841 -19.102987 -18.574178 -19.382022 -24.020815 -23.268686 -26.240409 -27.265860 -25.708855 -27.765948 -29.850464 -28.921809 -30.507041 -31.645757 -35.817568 -36.963001 -33.438899 
-15.615689 -12.678760 -1.228081 23.499672 26.594269 15.699843 9.472155 4.945153 6.077177 0.019024 4.661409 3.885892 -4.597270 -1.872845 -6.592069 -6.907062 -13.560946 -5.248727 -7.785700 -0.466635 -1.408123 -9.228473 -6.314876 -5.036625 -10.259330 -10.049757 -14.252160 -15.461221 -16.298509 -17.363782 -18.405810 -18.631528 -21.975503 -25.108858 -24.104236 -24.711680 -28.728109 -33.637508 -33.187933 -31.660751 
-24.178986 -16.405313 -3.997975 22.122953 25.277244 10.415125 -3.454393 7.487952 4.962491 -1.680356 11.669086 7.390430 -2.604647 4.990528 -8.635973 -9.400493 -14.018719 -8.061782 -7.818896 -2.308115 -1.907834 -2.817758 -7.732354 -11.288296 -13.624538 -12.677878 -9.092201 -11.649915 -18.313606 -22.767859 -23.434042 -21.678022 -21.397316 -23.709845 -29.245247 -25.517732 -25.698785 -29.324139 -26.396964 -26.587901 
-16.739518 -15.912165 -11.070346 20.372299 25.347258 10.102778 -7.892141 7.426365 6.385649 -15.354478 10.398069 9.949070 -9.657870 5.650993 -5.891499 -9.718026 -13.427492 -3.699705 -6.238876 -1.912835 -6.403253 -4.648296 -2.744789 -7.523159 -9.313262 -12.387427 -6.413335 -5.435628 -17.161879 -20.836378 -20.682029 -17.639822 -21.065375 -24.456404 -26.371197 -20.625284 -20.763570 -22.538580 -21.138019 -20.602471 
-18.166547 -16.901803 -15.324572 19.218808 24.810039 9.756202 -14.140052 5.209119 6.729302 -14.675915 9.414379 10.238280 -9.758394 4.623188 -4.972030 -10.109861 -13.346449 -3.412284 -8.095543 -3.627827 -6.325690 -4.298081 -1.151732 -11.312192 -9.983687 -11.492821 -7.205992 -8.358660 -18.522803 -18.916147 -19.138484 -20.220792 -24.395627 -22.418768 -21.920165 -21.284306 -20.384414 -21.738718 -24.366374 -23.070212 
-22.484197 -19.614373 -16.946090 17.947904 24.390685 10.355798 -10.818921 5.008094 6.754701 -17.858193 7.296397 10.466758 -9.152129 5.825356 -3.714857 -12.989665 -14.835413 -5.836575 -9.165999 -3.667997 -4.974772 -5.815644 -1.406098 -6.942131 -12.156148 -10.969702 -10.352328 -9.121796 -15.200109 -16.396104 -18.596051 -15.752377 -19.695835 -22.713697 -23.210014 -19.709761 -20.601835 -20.211934 -21.784766 -25.146113 
-24.133026 -16.983922 -11.932365 17.435420 23.974314 10.147059 -10.517588 3.627398 6.368386 -14.906484 4.982437 10.219729 -6.379105 5.394216 -2.609606 -11.134001 -14.477527 -8.247219 -7.106508 -6.937702 -10.264255 -12.249610 -1.202020 -4.818220 -8.120763 -11.753558 -10.651204 -8.903770 -15.210621 -12.630887 -15.751472 -16.055471 -21.552358 -23.196918 -21.592233 -18.879406 -23.875754 -19.308120 -20.533885 -20.990050 
-27.279466 -18.935411 -14.628411 16.648191 23.873664 11.185916 -15.827923 1.948065 6.189379 -15.250849 4.532047 9.923395 -9.470541 3.277508 -2.626384 -11.223879 -12.588117 -8.882478 -10.126349 -7.712868 -13.559385 -14.636143 -1.291007 -2.590897 -5.732742 -9.369603 -10.030276 -9.868222 -12.629976 -17.384850 -17.810824 -15.325886 -20.657981 -22.283204 -18.977229 -17.232684 -19.849357 -20.449709 -19.057400 -24.069459 
-25.197929 -18.876919 -18.890160 16.561314 23.878709 10.680331 -12.184688 2.586927 6.409526 -14.077091 2.975834 9.709749 -8.792579 3.465859 -3.776876 -14.813467 -14.051143 -8.088885 -8.920081 -6.488273 -13.056723 -12.880447 -2.569276 -5.748946 -8.837824 -10.045937 -10.819262 -7.167228 -14.444444 -15.084707 -13.817057 -13.266612 -23.042773 -25.934948 -20.822663 -16.537909 -17.406195 -19.047736 -23.512466 -23.883730 
-29.300497 -19.705169 -11.160999 16.548615 24.047550 11.730662 -13.183269 3.424518 6.730412 -16.476844 2.602983 8.416185 -9.736538 2.497378 -4.818377 -14.146080 -14.983075 -6.889792 -9.938829 -8.695834 -11.726518 -11.381923 -2.126088 -4.951301 -7.644940 -10.025203 -10.881426 -9.735713 -14.863056 -17.163621 -16.948920 -15.963624 -23.728278 -21.881665 -21.184314 -16.303667 -19.427157 -16.414597 -18.155450 -23.686991 
-21.308455 -16.902850 -11.555388 17.455189 24.088503 10.406479 -17.058141 4.651603 7.477602 -15.715533 3.955593 8.561924 -11.343827 3.421616 -3.852034 -13.049953 -12.407733 -8.775212 -12.968060 -6.059023 -11.210038 -9.883524 0.488673 -6.046668 -7.896933 -12.208342 -8.277780 -4.681772 -12.511777 -16.297660 -20.966131 -18.500556 -23.301405 -22.245769 -22.993520 -17.237462 -21.966281 -20.921858 -22.565322 -24.743268 
-25.772738 -20.367944 -9.807638 17.936727 24.048273 9.811402 -15.105957 6.074800 6.705845 -17.479404 6.148975 7.830411 -11.412626 4.005537 -7.203126 -10.712675 -15.615207 -14.026772 -13.495138 -6.349825 -11.384614 -12.272162 -5.304970 -3.930423 -7.605843 -10.124110 -10.183460 -6.239642 -14.928184 -14.551386 -21.086974 -19.713554 -21.155567 -19.593251 -24.353157 -18.660440 -22.851142 -21.805191 -21.508909 -24.577140 
-27.201575 -21.029313 -16.512545 18.132320 23.564415 8.529972 -13.500519 7.541664 5.568983 -18.898581 8.032861 6.959711 -10.725533 4.273313 -9.823451 -8.109497 -15.058626 -12.505291 -13.330214 -5.979599 -9.857180 -8.193380 -3.225063 -1.641306 -5.724912 -8.077986 -8.410049 -7.585537 -12.259442 -14.319692 -16.422556 -20.381766 -20.441905 -19.716981 -25.105167 -21.155729 -27.305226 -22.394601 -17.498932 -27.583656 
-27.065638 -19.940691 -9.042862 18.876001 22.870804 6.771660 -10.027085 8.187682 3.753968 -12.663434 10.128636 5.469392 -5.704646 4.406156 -12.530779 -8.484973 -15.803127 -10.932997 -13.796101 -7.674514 -13.229455 -10.750694 -6.516918 -0.253819 -5.765603 -6.981556 -4.600185 -6.779106 -10.577172 -15.755191 -15.709617 -17.637283 -21.437398 -23.154195 -28.953760 -23.962082 -32.780272 -24.945496 -24.205066 -29.097170 
-28.311433 -20.696721 -6.094974 19.754879 22.498104 4.893810 -9.396390 9.195390 3.244009 -14.932487 11.038793 3.608515 -3.277628 4.301890 -11.211160 -9.016161 -18.198172 -10.446957 -9.928424 -9.250390 -9.256914 -7.622332 -2.652407 -0.992322 -5.188649 -6.444951 -6.093896 -6.007859 -12.055622 -17.942512 -18.347550 -18.699687 -21.335797 -23.312378 -25.412737 -21.427257 -25.906148 -20.006942 -21.313777 -31.728100 
-18.501552 -20.928207 -14.006576 19.721875 22.384123 4.374697 -7.312165 10.182551 3.279179 -8.641156 12.254811 2.936272 -1.873206 4.377441 -10.964823 -7.700021 -18.873530 -13.760032 -8.749048 -9.758522 -13.060073 -8.142331 -3.904930 -0.971416 -4.509104 -9.241951 -7.272437 -6.542395 -11.468657 -15.189830 -15.969296 -17.276921 -24.550727 -22.647878 -21.954413 -19.446590 -22.062379 -17.770413 -18.472586 -29.018833 
-23.143206 -19.814178 -5.523559 20.564467 22.215154 3.160218 -5.667772 10.376700 2.147780 -5.805338 12.728853 1.864056 1.458010 4.116470 -10.989227 -8.560190 -19.700129 -16.761220 -8.167413 -11.221938 -13.373140 -11.176060 -1.353829 0.959879 -4.021789 -10.327883 -9.934408 -6.187877 -13.996311 -12.603158 -15.613138 -19.854643 -23.996565 -25.566754 -22.906266 -18.799339 -20.480100 -19.593629 -19.364601 -26.026027 
-14.846503 -16.699504 -5.606607 20.745733 21.951495 2.405113 -3.143849 10.762145 1.375280 -3.465311 13.003000 1.306236 3.385222 3.521648 -8.760395 -6.539681 -17.136506 -16.924592 -5.787411 -10.129509 -12.434420 -14.087208 -0.676653 -1.786544 -6.918937 -10.140058 -11.088981 -4.876295 -14.048197 -14.938171 -18.038440 -15.880829 -20.816264 -33.002061 -26.324020 -17.529543 -18.446130 -20.315771 -25.155502 -28.034201 
-15.876590 -17.238491 -3.552590 21.061721 21.427916 0.738907 -2.357624 10.902500 -2.774650 0.104620 12.627340 -1.708724 3.753403 1.136475 -5.359044 -6.579584 -17.583765 -13.374090 -5.778801 -11.611154 -11.609575 -11.143487 -0.355995 -0.432421 -3.895828 -10.822943 -5.723540 -3.041054 -8.790002 -7.394636 -16.145057 -16.361923 -20.354393 -39.426205 -25.625752 -17.387460 -20.783821 -19.692362 -25.886298 -25.572828 
-13.485223 -12.477613 2.793285 21.690041 20.528980 -1.708172 1.761248 12.112819 -1.669302 3.973557 13.056611 -2.923386 5.536321 -0.810643 -4.627972 -8.211883 -17.344056 -14.594966 -6.370623 -10.591969 -10.423322 -5.121382 0.088354 -0.126702 -5.171456 -10.451842 -7.837177 -5.140149 -10.829697 -15.369579 -17.977814 -14.443967 -18.360668 -34.587185 -26.789295 -18.765803 -17.949790 -17.056991 -23.415369 -24.304687 
-23.494357 -17.495099 3.881612 21.666662 18.991307 -4.561029 4.972762 12.081271 -4.694540 6.696029 10.705142 -4.753208 7.180192 -3.861214 -3.146149 -9.924726 -11.862876 -11.797232 -8.489581 -10.866608 -9.520526 -6.030078 -0.076268 -0.011533 -7.098987 -11.070270 -9.264575 -7.609684 -12.220141 -15.595270 -17.630502 -15.817406 -17.292451 -32.219470 -26.155671 -22.309768 -23.625640 -19.987409 -21.525982 -21.917454 
-16.206357 -15.103237 7.375074 22.209248 18.072771 -4.027317 8.450561 12.269882 -7.204087 8.725389 8.999662 -2.021079 7.742079 -4.385575 -0.864256 -13.534835 -13.797165 -12.572694 -10.724190 -8.699527 -6.460909 -3.359665 -3.269469 -4.413562 -6.597197 -11.557131 -10.965704 -8.114306 -14.782532 -16.446103 -17.513041 -15.993576 -17.794256 -32.384923 -26.890018 -25.817527 -22.748865 -24.718260 -24.713321 -22.648189 
-18.771463 -19.916947 10.108900 22.105955 15.340038 -4.975734 13.013059 11.078274 -5.322190 10.373783 5.531368 4.261029 3.992144 -1.658725 -2.158667 -9.873762 -16.792044 -15.902006 -12.554302 -9.668519 -7.145191 -5.045970 -2.005201 -3.583923 -6.953544 -10.544828 -6.036763 -7.438847 -14.150684 -15.530049 -20.129710 -20.981443 -22.018363 -33.314969 -29.504967 -24.424074 -21.736766 -23.442089 -24.673614 -25.201157 
-17.204497 -11.232611 13.794877 21.446192 11.509598 4.678218 16.196312 9.047570 -2.673581 6.064201 -2.252135 8.674248 -0.917658 3.285581 -3.686822 -5.061762 -14.823423 -11.116788 -8.193181 -8.109493 -9.177265 -3.397809 -0.242563 -3.182649 -6.326216 -11.275707 -13.934257 -12.002019 -14.838435 -18.218779 -24.028797 -22.446640 -22.225800 -33.382537 -31.015001 -24.561824 -22.472205 -20.207624 -20.687063 -23.448661 
-18.591362 -6.337530 15.506771 19.849718 6.210775 10.338073 16.853780 2.453266 0.527248 -3.779320 5.303641 8.128956 2.479020 3.077409 -1.263460 -5.397477 -9.154699 -8.937904 -8.116201 -7.849593 -7.555546 -1.571823 -3.768190 -12.057574 -11.100627 -12.599859 -14.858693 -11.446293 -13.845362 -21.617907 -23.224881 -21.627735 -24.441757 -33.354194 -30.814093 -29.404622 -26.542355 -23.580562 -25.107988 -24.557911 
-23.806231 -0.417222 16.831680 18.108774 3.027369 15.379019 16.449393 -0.243799 0.418696 -6.237929 9.421637 4.819143 4.959965 -0.973570 -0.551135 -8.105703 -11.477599 -10.817710 -7.120001 -8.362894 -4.906864 -1.372615 -4.057965 -11.843593 -14.676715 -17.115585 -16.501387 -13.404478 -15.794535 -18.372396 -23.532567 -19.737871 -27.600783 -33.032805 -32.857441 -29.174950 -29.814530 -24.670964 -25.334264 -26.243400 
-21.329076 2.981857 17.657317 16.546529 1.414967 16.770569 14.054328 -3.626530 -2.065571 -0.360674 9.793915 0.929769 4.341492 -1.660249 -3.684460 -9.029523 -12.781941 -10.749860 -8.411290 -6.905573 -7.283434 -0.637500 -6.143788 -13.551510 -15.503636 -17.260488 -13.848476 -11.601262 -16.480428 -19.972295 -23.273160 -25.001741 -29.531775 -33.353401 -33.088930 -31.378044 -30.098883 -26.113870 -28.429923 -29.116086 
-16.057436 4.643153 18.298806 15.445666 4.942494 17.770454 11.735789 -0.923347 -0.582351 2.898707 7.127740 3.483169 3.686145 -0.422585 -5.904449 -9.815089 -8.074011 -7.381715 -9.104350 -6.782301 -5.573940 -3.109092 -11.839784 -14.900511 -20.941069 -23.115626 -15.284102 -12.707285 -19.154803 -20.820401 -22.790582 -22.585102 -29.109078 -32.327852 -30.842713 -31.113379 -30.259578 -30.373736 -34.366568 -29.346991 
-24.393840 5.916263 18.536331 14.853405 6.777717 17.306718 8.710713 2.509140 -1.632895 4.665301 3.820255 3.916861 -0.022412 -1.301613 -7.578272 -10.510364 -10.893016 -11.495945 -9.892044 -6.608509 -6.596817 -6.175915 -12.349519 -17.040601 -24.835289 -23.044422 -17.240796 -16.678287 -22.930862 -23.003705 -25.095776 -25.778456 -30.881367 -32.609108 -34.048335 -33.052272 -30.040867 -31.329515 -38.575804 -29.412948 
-22.701825 6.609751 18.232823 13.501556 7.773093 16.103859 4.370794 4.142806 -1.737674 4.460279 -0.422072 4.228620 -2.788819 -1.558142 -5.266436 -10.691133 -12.668115 -14.789714 -9.340301 -9.206755 -8.872928 -7.007611 -18.611485 -20.309421 -23.951009 -20.258291 -17.640479 -18.537750 -25.626208 -25.648895 -24.875418 -23.348577 -27.467061 -34.761292 -37.573465 -37.012618 -31.529640 -31.001633 -35.601734 -33.362025 
-15.627557 7.224616 17.655733 11.909308 9.774163 15.410895 3.659235 5.076762 -3.966166 2.957060 -2.379397 1.136086 -4.751822 -7.275780 -7.636839 -12.890233 -13.647664 -17.011899 -13.707957 -12.062272 -11.083339 -9.723660 -19.454619 -22.540469 -27.794543 -25.195194 -22.763472 -19.974278 -25.564313 -28.062114 -28.799629 -27.294291 -31.279462 -39.252346 -43.800676 -44.843058 -36.102334 -35.080483 -36.552062 -37.322490 
-19.059328 6.677280 16.790001 11.050822 9.603123 14.448652 0.482301 4.491130 -3.369549 0.122597 -6.696700 -3.009747 -9.116512 -11.206599 -11.443805 -14.113186 -16.283841 -17.442972 -14.776486 -15.823787 -11.274251 -11.004401 -20.621053 -26.229050 -29.147543 -29.513558 -20.545972 -21.056153 -32.120720 -33.631051 -34.434250 -31.317474 -35.001689 -39.810174 -40.437221 -40.442942 -39.059724 -37.102890 -37.703370 -35.133018 
-15.937268 5.759661 15.338616 6.228144 10.580155 11.110170 4.911440 2.719724 -6.655564 -7.805253 -14.582244 -12.692574 -20.000850 -18.745477 -17.511659 -19.561152 -19.454330 -23.186134 -22.662696 -21.034282 -17.573326 -20.410198 -24.342299 -25.444914 -32.294495 -33.945101 -26.773458 -26.847925 -34.251533 -36.746424 -42.259391 -34.804743 -36.888519 -46.243380 -50.296059 -50.308504 -46.366378 -42.540247 -47.187752 -41.767698 
-16.531716 7.142878 15.951183 9.841962 8.790080 11.547768 -0.262870 -0.845785 -8.949496 -11.400032 -22.882869 -19.675431 -24.117560 -22.614193 -22.760373 -21.141410 -23.562170 -26.252878 -29.457195 -24.408907 -18.824515 -27.045676 -32.730742 -31.600839 -35.056867 -35.507663 -30.776846 -32.119766 -37.140202 -38.776352 -39.691644 -35.971765 -37.035137 -40.897744 -41.263098 -41.742796 -41.898000 -41.672442 -42.112700 -41.072578 
-15.316377 7.466080 15.613790 7.883108 9.964490 11.515137 -1.282235 1.176339 -11.573937 -13.165557 -24.281360 -23.951225 -32.219642 -26.484535 -25.327968 -25.251385 -24.747849 -29.735430 -31.419944 -29.236987 -26.786019 -28.703415 -33.555175 -36.843124 -40.806811 -38.852053 -35.696898 -37.650020 -46.579082 -51.013065 -49.596315 -43.963847 -42.787419 -52.596229 -52.817944 -52.969349 -54.261017 -53.112003 -53.041346 -51.992705 
-15.759479 7.440380 15.674377 8.102861 9.202944 10.904309 -1.441381 1.293858 -12.288861 -13.180861 -24.034918 -25.775656 -31.410500 -28.270878 -28.470169 -27.178492 -25.281114 -36.452150 -37.464163 -40.070852 -30.731199 -30.125009 -34.244239 -37.130899 -41.387893 -39.018798 -40.161971 -42.137321 -45.815756 -46.721715 -46.923907 -43.352894 -42.661859 -48.533715 -48.221462 -49.037690 -50.114257 -50.199407 -50.380858 -50.096638 
-15.270967 7.627864 14.890103 6.506210 9.736180 8.296934 -0.716683 -0.336741 -12.120789 -13.986689 -28.017880 -29.963246 -33.104393 -32.440939 -34.400445 -28.331007 -26.132626 -35.073048 -38.240993 -36.468203 -29.890077 -30.294115 -35.413279 -37.514330 -41.252243 -42.857662 -45.053765 -46.926785 -51.447445 -54.449294 -55.654911 -41.255168 -44.631658 -49.685826 -52.479953 -51.568657 -55.283963 -56.013679 -58.189635 -58.677744 
-13.469494 7.510166 13.951440 5.324453 8.965734 6.239367 -0.948790 -0.761717 -13.114346 -15.715837 -28.539882 -28.807062 -29.504697 -30.629532 -31.108921 -30.688914 -28.815971 -33.013525 -37.832323 -39.194885 -32.339455 -33.615934 -41.178357 -39.920766 -40.831103 -39.137998 -36.791505 -42.306858 -45.601632 -46.221595 -46.055200 -41.623060 -45.746808 -47.268528 -48.113791 -48.306506 -49.011597 -49.749708 -49.908927 -49.992062 
-13.756761 6.863508 13.264906 4.454938 8.217378 6.034821 -3.312365 -2.443886 -15.107989 -16.456857 -24.666526 -30.806500 -28.067242 -30.323827 -30.575190 -31.362472 -29.074576 -33.318005 -35.471717 -34.792595 -32.443592 -31.993003 -36.925374 -36.983870 -36.769934 -39.118113 -39.233967 -40.909476 -42.583124 -43.162875 -43.504778 -41.902495 -43.986461 -44.895764 -45.355984 -45.227949 -45.882738 -46.350339 -46.493952 -46.669878 
-15.350454 6.127068 12.630711 3.967409 8.880542 6.861576 -3.203704 -3.439032 -15.316303 -17.951605 -25.528079 -29.576719 -31.261941 -31.495404 -32.222455 -32.715782 -31.467613 -36.349932 -39.600727 -36.994108 -31.212886 -30.991950 -37.745029 -36.167421 -36.388280 -40.167683 -39.568786 -42.891590 -46.472605 -47.453431 -47.413816 -44.257913 -44.934791 -46.955725 -49.420707 -49.647597 -50.606579 -50.498854 -50.850871 -51.154886 
-17.041730 5.400305 11.683622 1.908494 6.713242 4.479672 -3.312015 -5.166001 -16.581544 -19.057893 -25.891903 -31.668726 -38.401390 -35.961223 -38.545295 -35.223095 -35.634222 -40.220199 -40.055751 -36.591473 -32.695594 -33.672378 -37.358438 -35.429206 -36.156031 -42.014061 -39.936367 -44.574005 -52.613085 -54.430291 -54.692985 -47.940317 -43.999655 -50.018613 -54.226461 -52.060236 -54.379053 -55.790122 -56.575332 -56.926978 
-16.144077 4.962215 10.908214 2.036384 7.715263 2.826732 -2.045869 -5.284938 -13.901708 -19.435156 -26.942135 -28.750073 -30.396513 -32.426197 -33.713374 -31.445773 -31.380890 -37.275419 -35.428307 -33.939640 -30.390117 -31.232045 -36.343908 -38.434424 -35.657367 -37.231581 -34.766144 -39.821229 -45.108809 -46.170740 -45.428945 -42.896157 -43.228464 -47.263105 -47.509796 -47.999980 -48.083208 -49.146087 -49.208581 -49.305990 
-16.302535 3.550755 10.299498 1.211635 4.665069 1.668940 -3.678799 -8.789867 -20.480308 -26.567170 -29.251530 -31.565754 -32.677037 -31.951367 -34.058486 -35.630857 -36.024104 -36.886072 -36.238567 -36.627706 -29.667453 -30.018735 -33.772108 -38.789708 -38.894254 -38.093880 -35.931049 -42.051498 -46.074177 -46.317378 -44.952997 -43.031035 -45.278360 -46.887900 -48.197743 -48.383394 -48.666269 -49.726684 -49.622841 -49.865614 
-17.051381 3.192704 8.962751 5.193727 2.695682 1.285514 -3.587491 -9.800022 -17.709302 -23.463350 -32.667517 -34.000036 -35.701407 -38.660902 -36.820825 -35.224749 -36.241979 -41.281654 -39.843621 -35.773324 -29.215228 -28.626295 -33.670671 -35.509714 -38.751563 -41.888812 -35.099712 -37.800338 -47.901576 -49.445631 -47.065951 -42.212791 -42.928220 -49.113985 -50.940537 -50.915952 -51.087652 -54.998926 -53.501534 -54.473684 
-23.459510 0.511846 7.893067 3.322881 -5.045399 -5.291006 -9.490131 -14.794406 -26.479379 -29.761225 -31.604463 -32.582445 -35.986922 -34.414101 -34.295527 -31.086617 -38.430744 -39.013930 -36.667843 -28.611895 -27.876350 -33.263347 -37.644641 -35.396466 -35.086692 -37.798150 -34.199379 -34.795521 -46.203992 -45.373685 -43.346681 -43.698451 -50.447460 -56.106371 -54.739622 -55.667557 -57.430204 -57.602399 -54.947983 -54.303048 
-21.882271 -0.090388 6.732784 -2.524185 -4.558955 -10.618420 -12.725737 -16.426195 -21.675137 -25.897258 -30.342225 -33.061599 -31.899394 -22.223820 -25.784587 -33.796519 -37.233499 -34.249034 -31.370527 -20.894807 -18.086604 -23.616098 -29.232995 -31.164910 -33.674610 -36.988513 -33.171720 -33.928628 -40.335513 -41.040958 -39.610587 -40.581326 -43.599545 -51.149385 -53.193949 -52.704851 -54.507627 -53.778348 -55.868981 -53.248448 
-21.357714 -2.137791 3.721493 -6.812104 -9.952827 -12.953153 -22.434931 -23.935126 -24.607019 -23.368181 -24.426300 -32.252652 -26.548747 -22.173745 -19.926524 -27.332905 -31.350210 -33.540549 -27.480031 -27.304074 -17.446426 -15.448823 -22.932395 -27.069198 -35.506324 -37.018304 -31.158257 -33.491733 -38.552884 -37.625824 -35.946249 -34.234260 -41.455456 -49.608018 -49.719165 -49.848758 -51.933452 -49.800597 -55.027178 -52.792128 
-24.249867 -5.612510 0.608278 -8.636429 -14.698740 -16.330093 -24.269635 -23.835115 -27.239845 -34.285547 -27.551467 -23.603149 -23.777287 -25.115443 -25.021612 -34.435355 -33.426992 -33.887042 -26.029087 -28.258461 -24.444103 -20.050357 -28.543341 -34.763652 -35.294728 -36.591132 -34.585016 -34.393400 -40.126942 -39.340574 -35.261567 -35.190051 -41.337420 -50.905877 -50.987329 -51.456545 -52.832778 -54.002326 -55.644245 -54.408262 
-36.058882 -11.941647 -3.175159 -8.548111 -22.420183 -26.219004 -27.154376 -25.309701 -28.415277 -32.243616 -30.909759 -19.735562 -20.855739 -28.218429 -33.811842 -32.502341 -30.545061 -38.431131 -24.813197 -21.486884 -24.666742 -22.293982 -23.500820 -28.829439 -31.644963 -36.954825 -35.864827 -32.980339 -41.062347 -42.733235 -40.705257 -37.577314 -46.266083 -47.972307 -48.389003 -50.986195 -54.520790 -55.691675 -56.844424 -47.895130 
-41.181894 -18.444219 -9.537642 -17.388050 -34.624493 -24.242851 -18.613314 -26.873444 -33.136071 -35.783826 -28.300196 -25.322179 -25.484706 -27.950800 -24.455943 -27.538958 -30.917549 -32.792258 -23.977440 -24.061754 -28.383354 -19.752582 -26.080820 -31.311487 -35.130409 -38.209810 -37.002050 -36.774998 -39.651525 -40.694579 -40.866739 -42.202831 -45.478495 -48.237942 -47.961405 -51.620510 -53.870237 -52.824438 -57.727414 -51.746419 
-40.464697 -22.679684 -15.412887 -21.810970 -33.193825 -23.274792 -23.553273 -31.222245 -37.310580 -31.427919 -28.697547 -29.253784 -29.431519 -27.910569 -25.787236 -27.597811 -31.632451 -33.172325 -24.784576 -24.986428 -27.493267 -24.502295 -32.734893 -32.723966 -36.163297 -44.646408 -43.187202 -40.036858 -42.845220 -46.338787 -40.091639 -44.281130 -49.579892 -57.041255 -54.595962 -56.815040 -54.931693 -59.922276 -57.103728 -54.150845 
-48.796768 -33.368565 -23.178607 -28.870663 -35.321445 -30.644081 -31.343597 -34.073279 -47.966312 -30.699821 -29.007172 -33.094257 -32.501804 -30.447920 -29.154297 -29.967333 -33.269238 -31.179713 -32.845822 -31.773227 -29.762612 -30.682803 -35.624267 -36.348919 -38.551587 -41.921173 -44.294723 -40.590375 -44.074921 -48.072075 -45.610490 -48.283571 -54.020789 -58.032046 -56.201154 -58.061203 -59.260301 -64.095706 -59.037147 -59.263806 
-56.056748 -37.687842 -31.326238 -35.372875 -38.457134 -33.723761 -32.479564 -36.203824 -45.786250 -46.695446 -43.344700 -47.463980 -39.126070 -41.718462 -42.367882 -43.859790 -43.220761 -47.278720 -44.362912 -41.097370 -40.149883 -38.359273 -44.631897 -46.755884 -47.191002 -50.217087 -53.924502 -48.835116 -49.805380 -53.867068 -55.387355 -59.389455 -61.062639 -63.337737 -63.533504 -64.248711 -62.023933 -66.804757 -61.496509 -63.802138 
-60.353957 -52.177942 -49.230908 -56.426695 -55.500753 -59.322637 -54.829882 -59.609526 -63.252777 -63.620934 -58.077240 -53.296596 -56.100959 -52.605236 -49.845148 -50.433160 -48.447032 -54.282840 -60.536714 -52.575508 -57.334011 -54.263918 -53.245474 -59.904600 -56.511399 -62.694810 -62.229704 -59.852954 -58.699107 -59.671939 -67.208560 -70.480643 -70.069229 -69.952809 -71.393397 -71.260192 -71.132057 -72.536240 -71.302463 -69.962044 
-63.082720 -61.355326 -66.289107 -66.258476 -61.982565 -68.637271 -70.848940 -66.642289 -66.256386 -63.401676 -64.645810 -62.142002 -63.648464 -65.117176 -72.646549 -73.278121 -68.582052 -70.261252 -67.203084 -66.297424 -67.115830 -65.587494 -68.777203 -65.342883 -70.813634 -71.928437 -71.193017 -67.808242 -69.001883 -75.698141 -74.209249 -73.936889 -77.965549 -71.115017 -72.087993 -74.188636 -71.975680 -75.940448 -74.467595 -75.615769 
-70.399089 -70.355303 -74.393054 -70.436612 -66.294628 -70.463754 -72.707774 -81.588258 -74.688312 -68.683133 -68.693048 -67.934789 -70.115322 -69.391044 -75.172062 -75.722065 -74.102955 -73.732345 -73.151855 -74.063192 -72.819799 -74.581738 -71.580775 -72.579510 -77.444654 -72.092921 -74.067829 -72.688837 -75.339877 -76.697059 -75.436989 -75.167376 -77.001076 -72.197955 -71.233363 -78.019458 -74.089568 -77.050683 -73.638521 -74.802754 
-70.522693 -75.728160 -75.264908 -68.371704 -67.902337 -75.779624 -74.478963 -71.100035 -70.642148 -72.567422 -71.128047 -69.254174 -69.037721 -69.522191 -82.258746 -72.290034 -73.735083 -77.463296 -78.102631 -75.078792 -75.439920 -74.126097 -73.586949 -72.526100 -79.340984 -74.407270 -73.580594 -74.742488 -77.847986 -75.724611 -77.920119 -76.841800 -78.838628 -74.803541 -70.055133 -78.020877 -77.085544 -75.658558 -75.284392 -76.322472 
-71.840754 -70.889640 -76.700205 -74.603032 -71.136140 -70.217285 -71.704385 -72.197194 -73.462959 -77.334942 -74.582598 -70.333386 -72.131437 -71.489426 -74.531939 -76.792420 -79.548027 -75.583301 -77.777880 -73.954374 -73.312474 -68.572689 -70.838196 -69.749717 -74.521611 -74.307980 -74.368520 -72.931423 -71.578082 -72.281496 -77.337290 -74.123227 -76.263063 -72.536482 -72.561373 -72.362920 -75.789718 -76.898302 -78.694709 -77.906504 
-65.904140 -69.435804 -73.082468 -72.092101 -70.176605 -73.753142 -72.184133 -75.077395 -73.563895 -80.247143 -76.624936 -77.916199 -72.464986 -77.771357 -74.422828 -72.467812 -76.986327 -74.568094 -73.836637 -72.502264 -73.204698 -72.129362 -70.091598 -69.521115 -74.063351 -74.327358 -72.004215 -74.041407 -74.747685 -72.501804 -76.413155 -77.483439 -76.565298 -73.867014 -76.059471 -75.210372 -75.134492 -76.805236 -75.146214 -77.611335 
-59.690473 -70.109264 -74.214758 -73.673989 -80.190579 -72.850532 -74.787035 -76.248782 -79.549447 -80.279430 -74.421644 -68.009594 -65.739457 -71.319506 -76.320789 -72.251015 -75.272666 -71.436874 -73.407522 -75.763381 -75.602087 -69.039247 -69.044904 -68.823686 -71.431461 -69.712098 -70.046005 -73.158752 -76.885370 -71.609018 -74.008868 -75.727167 -73.374567 -76.788177 -76.098239 -73.980797 -77.300398 -79.407112 -74.460382 -74.552272 
-56.801065 -62.768494 -69.553457 -69.220675 -66.003073 -63.893884 -66.184856 -69.663166 -69.150916 -79.058111 -77.576313 -69.063752 -63.119458 -69.997058 -69.881803 -68.098898 -77.483297 -78.405415 -75.159750 -70.264380 -73.219760 -73.698806 -73.193250 -74.714217 -71.734978 -70.981124 -70.618002 -70.706820 -74.397666 -76.468803 -71.965754 -71.459538 -74.157597 -76.280415 -75.960560 -74.711584 -77.184814 -78.216723 -74.497488 -75.093944 
-62.664985 -60.474220 -59.072490 -63.386497 -73.416786 -68.568877 -66.346614 -64.420388 -73.549574 -74.429542 -75.462918 -71.656869 -68.185854 -66.701897 -71.357740 -69.320936 -74.618716 -72.979165 -73.647524 -69.103422 -70.742028 -71.998853 -72.179049 -72.381225 -73.745327 -72.175089 -68.536786 -72.718935 -71.708256 -68.333619 -74.350729 -72.006862 -73.400408 -71.849246 -72.711584 -72.446068 -75.778653 -75.652965 -73.488019 -74.865031 
-75.950028 -75.311893 -71.579711 -70.888767 -70.023914 -68.005558 -65.493297 -67.540271 -70.132751 -71.886277 -77.443175 -74.463783 -68.194455 -66.806223 -69.129503 -69.178221 -74.670911 -75.393385 -74.202797 -70.706078 -74.973950 -75.524771 -72.891092 -74.137563 -74.360736 -75.833597 -75.595670 -76.594624 -72.948657 -75.264827 -80.940343 -77.944648 -78.434622 -74.187247 -76.658935 -79.554811 -79.526645 -78.687027 -75.061269 -82.353828 
-99.602117 -95.940458 -93.747464 -93.788486 -96.521551 -96.030201 -91.623835 -89.712196 -90.478867 -93.365519 -99.588906 -99.842378 -92.370932 -88.957980 -89.108106 -93.097667 -94.802015 -95.101643 -98.465485 -92.490880 -94.105909 -98.682678 -97.804228 -91.882047 -88.562517 -89.787944 -90.014221 -88.790370 -94.918531 -95.066222 -96.730554 -96.389075 -98.678085 -92.341954 -94.646978 -94.974559 -97.676326 -92.687566 -89.426350 -99.466322 
NaN NaN NaN NaN NaN NaN NaN NaN NaN NaN NaN NaN NaN NaN NaN NaN NaN NaN NaN NaN NaN NaN NaN NaN NaN NaN NaN NaN NaN NaN NaN NaN NaN NaN NaN NaN NaN NaN NaN NaN 
NaN NaN NaN NaN NaN NaN NaN NaN NaN NaN NaN NaN NaN NaN NaN NaN NaN NaN NaN NaN NaN NaN NaN NaN NaN NaN NaN NaN NaN NaN NaN NaN NaN NaN NaN NaN NaN NaN NaN NaN 
NaN NaN NaN NaN NaN NaN NaN NaN NaN NaN NaN NaN NaN NaN NaN NaN NaN NaN NaN NaN NaN NaN NaN NaN NaN NaN NaN NaN NaN NaN NaN NaN NaN NaN NaN NaN NaN NaN NaN NaN 
NaN NaN NaN NaN NaN NaN NaN NaN NaN NaN NaN NaN NaN NaN NaN NaN NaN NaN NaN NaN NaN NaN NaN NaN NaN NaN NaN NaN NaN NaN NaN NaN NaN NaN NaN NaN NaN NaN NaN NaN 
NaN NaN NaN NaN NaN NaN NaN NaN NaN NaN NaN NaN NaN NaN NaN NaN NaN NaN NaN NaN NaN NaN NaN NaN NaN NaN NaN NaN NaN NaN NaN NaN NaN NaN NaN NaN NaN NaN NaN NaN 
NaN NaN NaN NaN NaN NaN NaN NaN NaN NaN NaN NaN NaN NaN NaN NaN NaN NaN NaN NaN NaN NaN NaN NaN NaN NaN NaN NaN NaN NaN NaN NaN NaN NaN NaN NaN NaN NaN NaN NaN 
NaN NaN NaN NaN NaN NaN NaN NaN NaN NaN NaN NaN NaN NaN NaN NaN NaN NaN NaN NaN NaN NaN NaN NaN NaN NaN NaN NaN NaN NaN NaN NaN NaN NaN NaN NaN NaN NaN NaN NaN 
NaN NaN NaN NaN NaN NaN NaN NaN NaN NaN NaN NaN NaN NaN NaN NaN NaN NaN NaN NaN NaN NaN NaN NaN NaN NaN NaN NaN NaN NaN NaN NaN NaN NaN NaN NaN NaN NaN NaN NaN 
NaN NaN NaN NaN NaN NaN NaN NaN NaN NaN NaN NaN NaN NaN NaN NaN NaN NaN NaN NaN NaN NaN NaN NaN NaN NaN NaN NaN NaN NaN NaN NaN NaN NaN NaN NaN NaN NaN NaN NaN 
NaN NaN NaN NaN NaN NaN NaN NaN NaN NaN NaN NaN NaN NaN NaN NaN NaN NaN NaN NaN NaN NaN NaN NaN NaN NaN NaN NaN NaN NaN NaN NaN NaN NaN NaN NaN NaN NaN NaN NaN 
NaN NaN NaN NaN NaN NaN NaN NaN NaN NaN NaN NaN NaN NaN NaN NaN NaN NaN NaN NaN NaN NaN NaN NaN NaN NaN NaN NaN NaN NaN NaN NaN NaN NaN NaN NaN NaN NaN NaN NaN 
NaN NaN NaN NaN NaN NaN NaN NaN NaN NaN NaN NaN NaN NaN NaN NaN NaN NaN NaN NaN NaN NaN NaN NaN NaN NaN NaN NaN NaN NaN NaN NaN NaN NaN NaN NaN NaN NaN NaN NaN 
NaN NaN NaN NaN NaN NaN NaN NaN NaN NaN NaN NaN NaN NaN NaN NaN NaN NaN NaN NaN NaN NaN NaN NaN NaN NaN NaN NaN NaN NaN NaN NaN NaN NaN NaN NaN NaN NaN NaN NaN 
NaN NaN NaN NaN NaN NaN NaN NaN NaN NaN NaN NaN NaN NaN NaN NaN NaN NaN NaN NaN NaN NaN NaN NaN NaN NaN NaN NaN NaN NaN NaN NaN NaN NaN NaN NaN NaN NaN NaN NaN 
NaN NaN NaN NaN NaN NaN NaN NaN NaN NaN NaN NaN NaN NaN NaN NaN NaN NaN NaN NaN NaN NaN NaN NaN NaN NaN NaN NaN NaN NaN NaN NaN NaN NaN NaN NaN NaN NaN NaN NaN 
NaN NaN NaN NaN NaN NaN NaN NaN NaN NaN NaN NaN NaN NaN NaN NaN NaN NaN NaN NaN NaN NaN NaN NaN NaN NaN NaN NaN NaN NaN NaN NaN NaN NaN NaN NaN NaN NaN NaN NaN 
NaN NaN NaN NaN NaN NaN NaN NaN NaN NaN NaN NaN NaN NaN NaN NaN NaN NaN NaN NaN NaN NaN NaN NaN NaN NaN NaN NaN NaN NaN NaN NaN NaN NaN NaN NaN NaN NaN NaN NaN 
NaN NaN NaN NaN NaN NaN NaN NaN NaN NaN NaN NaN NaN NaN NaN NaN NaN NaN NaN NaN NaN NaN NaN NaN NaN NaN NaN NaN NaN NaN NaN NaN NaN NaN NaN NaN NaN NaN NaN NaN 
NaN NaN NaN NaN NaN NaN NaN NaN NaN NaN NaN NaN NaN NaN NaN NaN NaN NaN NaN NaN NaN NaN NaN NaN NaN NaN NaN NaN NaN NaN NaN NaN NaN NaN NaN NaN NaN NaN NaN NaN 
NaN NaN NaN NaN NaN NaN NaN NaN NaN NaN NaN NaN NaN NaN NaN NaN NaN NaN NaN NaN NaN NaN NaN NaN NaN NaN NaN NaN NaN NaN NaN NaN NaN NaN NaN NaN NaN NaN NaN NaN 
NaN NaN NaN NaN NaN NaN NaN NaN NaN NaN NaN NaN NaN NaN NaN NaN NaN NaN NaN NaN NaN NaN NaN NaN NaN NaN NaN NaN NaN NaN NaN NaN NaN NaN NaN NaN NaN NaN NaN NaN 
NaN NaN NaN NaN NaN NaN NaN NaN NaN NaN NaN NaN NaN NaN NaN NaN NaN NaN NaN NaN NaN NaN NaN NaN NaN NaN NaN NaN NaN NaN NaN NaN NaN NaN NaN NaN NaN NaN NaN NaN 
NaN NaN NaN NaN NaN NaN NaN NaN NaN NaN NaN NaN NaN NaN NaN NaN NaN NaN NaN NaN NaN NaN NaN NaN NaN NaN NaN NaN NaN NaN NaN NaN NaN NaN NaN NaN NaN NaN NaN NaN 
NaN NaN NaN NaN NaN NaN NaN NaN NaN NaN NaN NaN NaN NaN NaN NaN NaN NaN NaN NaN NaN NaN NaN NaN NaN NaN NaN NaN NaN NaN NaN NaN NaN NaN NaN NaN NaN NaN NaN NaN 
NaN NaN NaN NaN NaN NaN NaN NaN NaN NaN NaN NaN NaN NaN NaN NaN NaN NaN NaN NaN NaN NaN NaN NaN NaN NaN NaN NaN NaN NaN NaN NaN NaN NaN NaN NaN NaN NaN NaN NaN 
NaN NaN NaN NaN NaN NaN NaN NaN NaN NaN NaN NaN NaN NaN NaN NaN NaN NaN NaN NaN NaN NaN NaN NaN NaN NaN NaN NaN NaN NaN NaN NaN NaN NaN NaN NaN NaN NaN NaN NaN 
NaN NaN NaN NaN NaN NaN NaN NaN NaN NaN NaN NaN NaN NaN NaN NaN NaN NaN NaN NaN NaN NaN NaN NaN NaN NaN NaN NaN NaN NaN NaN NaN NaN NaN NaN NaN NaN NaN NaN NaN 
NaN NaN NaN NaN NaN NaN NaN NaN NaN NaN NaN NaN NaN NaN NaN NaN NaN NaN NaN NaN NaN NaN NaN NaN NaN NaN NaN NaN NaN NaN NaN NaN NaN NaN NaN NaN NaN NaN NaN NaN 
NaN NaN NaN NaN NaN NaN NaN NaN NaN NaN NaN NaN NaN NaN NaN NaN NaN NaN NaN NaN NaN NaN NaN NaN NaN NaN NaN NaN NaN NaN NaN NaN NaN NaN NaN NaN NaN NaN NaN NaN 
NaN NaN NaN NaN NaN NaN NaN NaN NaN NaN NaN NaN NaN NaN NaN NaN NaN NaN NaN NaN NaN NaN NaN NaN NaN NaN NaN NaN NaN NaN NaN NaN NaN NaN NaN NaN NaN NaN NaN NaN 
NaN NaN NaN NaN NaN NaN NaN NaN NaN NaN NaN NaN NaN NaN NaN NaN NaN NaN NaN NaN NaN NaN NaN NaN NaN NaN NaN NaN NaN NaN NaN NaN NaN NaN NaN NaN NaN NaN NaN NaN 
NaN NaN NaN NaN NaN NaN NaN NaN NaN NaN NaN NaN NaN NaN NaN NaN NaN NaN NaN NaN NaN NaN NaN NaN NaN NaN NaN NaN NaN NaN NaN NaN NaN NaN NaN NaN NaN NaN NaN NaN 
NaN NaN NaN NaN NaN NaN NaN NaN NaN NaN NaN NaN NaN NaN NaN NaN NaN NaN NaN NaN NaN NaN NaN NaN NaN NaN NaN NaN NaN NaN NaN NaN NaN NaN NaN NaN NaN NaN NaN NaN 
NaN NaN NaN NaN NaN NaN NaN NaN NaN NaN NaN NaN NaN NaN NaN NaN NaN NaN NaN NaN NaN NaN NaN NaN NaN NaN NaN NaN NaN NaN NaN NaN NaN NaN NaN NaN NaN NaN NaN NaN 
NaN NaN NaN NaN NaN NaN NaN NaN NaN NaN NaN NaN NaN NaN NaN NaN NaN NaN NaN NaN NaN NaN NaN NaN NaN NaN NaN NaN NaN NaN NaN NaN NaN NaN NaN NaN NaN NaN NaN NaN 
NaN NaN NaN NaN NaN NaN NaN NaN NaN NaN NaN NaN NaN NaN NaN NaN NaN NaN NaN NaN NaN NaN NaN NaN NaN NaN NaN NaN NaN NaN NaN NaN NaN NaN NaN NaN NaN NaN NaN NaN 
NaN NaN NaN NaN NaN NaN NaN NaN NaN NaN NaN NaN NaN NaN NaN NaN NaN NaN NaN NaN NaN NaN NaN NaN NaN NaN NaN NaN NaN NaN NaN NaN NaN NaN NaN NaN NaN NaN NaN NaN 
NaN NaN NaN NaN NaN NaN NaN NaN NaN NaN NaN NaN NaN NaN NaN NaN NaN NaN NaN NaN NaN NaN NaN NaN NaN NaN NaN NaN NaN NaN NaN NaN NaN NaN NaN NaN NaN NaN NaN NaN 
NaN NaN NaN NaN NaN NaN NaN NaN NaN NaN NaN NaN NaN NaN NaN NaN NaN NaN NaN NaN NaN NaN NaN NaN NaN NaN NaN NaN NaN NaN NaN NaN NaN NaN NaN NaN NaN NaN NaN NaN 
NaN NaN NaN NaN NaN NaN NaN NaN NaN NaN NaN NaN NaN NaN NaN NaN NaN NaN NaN NaN NaN NaN NaN NaN NaN NaN NaN NaN NaN NaN NaN NaN NaN NaN NaN NaN NaN NaN NaN NaN 
NaN NaN NaN NaN NaN NaN NaN NaN NaN NaN NaN NaN NaN NaN NaN NaN NaN NaN NaN NaN NaN NaN NaN NaN NaN NaN NaN NaN NaN NaN NaN NaN NaN NaN NaN NaN NaN NaN NaN NaN 
NaN NaN NaN NaN NaN NaN NaN NaN NaN NaN NaN NaN NaN NaN NaN NaN NaN NaN NaN NaN NaN NaN NaN NaN NaN NaN NaN NaN NaN NaN NaN NaN NaN NaN NaN NaN NaN NaN NaN NaN 
NaN NaN NaN NaN NaN NaN NaN NaN NaN NaN NaN NaN NaN NaN NaN NaN NaN NaN NaN NaN NaN NaN NaN NaN NaN NaN NaN NaN NaN NaN NaN NaN NaN NaN NaN NaN NaN NaN NaN NaN 
NaN NaN NaN NaN NaN NaN NaN NaN NaN NaN NaN NaN NaN NaN NaN NaN NaN NaN NaN NaN NaN NaN NaN NaN NaN NaN NaN NaN NaN NaN NaN NaN NaN NaN NaN NaN NaN NaN NaN NaN 
NaN NaN NaN NaN NaN NaN NaN NaN NaN NaN NaN NaN NaN NaN NaN NaN NaN NaN NaN NaN NaN NaN NaN NaN NaN NaN NaN NaN NaN NaN NaN NaN NaN NaN NaN NaN NaN NaN NaN NaN 
NaN NaN NaN NaN NaN NaN NaN NaN NaN NaN NaN NaN NaN NaN NaN NaN NaN NaN NaN NaN NaN NaN NaN NaN NaN NaN NaN NaN NaN NaN NaN NaN NaN NaN NaN NaN NaN NaN NaN NaN 
NaN NaN NaN NaN NaN NaN NaN NaN NaN NaN NaN NaN NaN NaN NaN NaN NaN NaN NaN NaN NaN NaN NaN NaN NaN NaN NaN NaN NaN NaN NaN NaN NaN NaN NaN NaN NaN NaN NaN NaN 
NaN NaN NaN NaN NaN NaN NaN NaN NaN NaN NaN NaN NaN NaN NaN NaN NaN NaN NaN NaN NaN NaN NaN NaN NaN NaN NaN NaN NaN NaN NaN NaN NaN NaN NaN NaN NaN NaN NaN NaN 
NaN NaN NaN NaN NaN NaN NaN NaN NaN NaN NaN NaN NaN NaN NaN NaN NaN NaN NaN NaN NaN NaN NaN NaN NaN NaN NaN NaN NaN NaN NaN NaN NaN NaN NaN NaN NaN NaN NaN NaN 
NaN NaN NaN NaN NaN NaN NaN NaN NaN NaN NaN NaN NaN NaN NaN NaN NaN NaN NaN NaN NaN NaN NaN NaN NaN NaN NaN NaN NaN NaN NaN NaN NaN NaN NaN NaN NaN NaN NaN NaN 
NaN NaN NaN NaN NaN NaN NaN NaN NaN NaN NaN NaN NaN NaN NaN NaN NaN NaN NaN NaN NaN NaN NaN NaN NaN NaN NaN NaN NaN NaN NaN NaN NaN NaN NaN NaN NaN NaN NaN NaN 
NaN NaN NaN NaN NaN NaN NaN NaN NaN NaN NaN NaN NaN NaN NaN NaN NaN NaN NaN NaN NaN NaN NaN NaN NaN NaN NaN NaN NaN NaN NaN NaN NaN NaN NaN NaN NaN NaN NaN NaN 
NaN NaN NaN NaN NaN NaN NaN NaN NaN NaN NaN NaN NaN NaN NaN NaN NaN NaN NaN NaN NaN NaN NaN NaN NaN NaN NaN NaN NaN NaN NaN NaN NaN NaN NaN NaN NaN NaN NaN NaN 
NaN NaN NaN NaN NaN NaN NaN NaN NaN NaN NaN NaN NaN NaN NaN NaN NaN NaN NaN NaN NaN NaN NaN NaN NaN NaN NaN NaN NaN NaN NaN NaN NaN NaN NaN NaN NaN NaN NaN NaN 
NaN NaN NaN NaN NaN NaN NaN NaN NaN NaN NaN NaN NaN NaN NaN NaN NaN NaN NaN NaN NaN NaN NaN NaN NaN NaN NaN NaN NaN NaN NaN NaN NaN NaN NaN NaN NaN NaN NaN NaN 
NaN NaN NaN NaN NaN NaN NaN NaN NaN NaN NaN NaN NaN NaN NaN NaN NaN NaN NaN NaN NaN NaN NaN NaN NaN NaN NaN NaN NaN NaN NaN NaN NaN NaN NaN NaN NaN NaN NaN NaN 
NaN NaN NaN NaN NaN NaN NaN NaN NaN NaN NaN NaN NaN NaN NaN NaN NaN NaN NaN NaN NaN NaN NaN NaN NaN NaN NaN NaN NaN NaN NaN NaN NaN NaN NaN NaN NaN NaN NaN NaN 
NaN NaN NaN NaN NaN NaN NaN NaN NaN NaN NaN NaN NaN NaN NaN NaN NaN NaN NaN NaN NaN NaN NaN NaN NaN NaN NaN NaN NaN NaN NaN NaN NaN NaN NaN NaN NaN NaN NaN NaN 
NaN NaN NaN NaN NaN NaN NaN NaN NaN NaN NaN NaN NaN NaN NaN NaN NaN NaN NaN NaN NaN NaN NaN NaN NaN NaN NaN NaN NaN NaN NaN NaN NaN NaN NaN NaN NaN NaN NaN NaN 
NaN NaN NaN NaN NaN NaN NaN NaN NaN NaN NaN NaN NaN NaN NaN NaN NaN NaN NaN NaN NaN NaN NaN NaN NaN NaN NaN NaN NaN NaN NaN NaN NaN NaN NaN NaN NaN NaN NaN NaN 
NaN NaN NaN NaN NaN NaN NaN NaN NaN NaN NaN NaN NaN NaN NaN NaN NaN NaN NaN NaN NaN NaN NaN NaN NaN NaN NaN NaN NaN NaN NaN NaN NaN NaN NaN NaN NaN NaN NaN NaN 
NaN NaN NaN NaN NaN NaN NaN NaN NaN NaN NaN NaN NaN NaN NaN NaN NaN NaN NaN NaN NaN NaN NaN NaN NaN NaN NaN NaN NaN NaN NaN NaN NaN NaN NaN NaN NaN NaN NaN NaN 
NaN NaN NaN NaN NaN NaN NaN NaN NaN NaN NaN NaN NaN NaN NaN NaN NaN NaN NaN NaN NaN NaN NaN NaN NaN NaN NaN NaN NaN NaN NaN NaN NaN NaN NaN NaN NaN NaN NaN NaN 
NaN NaN NaN NaN NaN NaN NaN NaN NaN NaN NaN NaN NaN NaN NaN NaN NaN NaN NaN NaN NaN NaN NaN NaN NaN NaN NaN NaN NaN NaN NaN NaN NaN NaN NaN NaN NaN NaN NaN NaN 
NaN NaN NaN NaN NaN NaN NaN NaN NaN NaN NaN NaN NaN NaN NaN NaN NaN NaN NaN NaN NaN NaN NaN NaN NaN NaN NaN NaN NaN NaN NaN NaN NaN NaN NaN NaN NaN NaN NaN NaN 
NaN NaN NaN NaN NaN NaN NaN NaN NaN NaN NaN NaN NaN NaN NaN NaN NaN NaN NaN NaN NaN NaN NaN NaN NaN NaN NaN NaN NaN NaN NaN NaN NaN NaN NaN NaN NaN NaN NaN NaN 
NaN NaN NaN NaN NaN NaN NaN NaN NaN NaN NaN NaN NaN NaN NaN NaN NaN NaN NaN NaN NaN NaN NaN NaN NaN NaN NaN NaN NaN NaN NaN NaN NaN NaN NaN NaN NaN NaN NaN NaN 
NaN NaN NaN NaN NaN NaN NaN NaN NaN NaN NaN NaN NaN NaN NaN NaN NaN NaN NaN NaN NaN NaN NaN NaN NaN NaN NaN NaN NaN NaN NaN NaN NaN NaN NaN NaN NaN NaN NaN NaN 
NaN NaN NaN NaN NaN NaN NaN NaN NaN NaN NaN NaN NaN NaN NaN NaN NaN NaN NaN NaN NaN NaN NaN NaN NaN NaN NaN NaN NaN NaN NaN NaN NaN NaN NaN NaN NaN NaN NaN NaN 
NaN NaN NaN NaN NaN NaN NaN NaN NaN NaN NaN NaN NaN NaN NaN NaN NaN NaN NaN NaN NaN NaN NaN NaN NaN NaN NaN NaN NaN NaN NaN NaN NaN NaN NaN NaN NaN NaN NaN NaN 
NaN NaN NaN NaN NaN NaN NaN NaN NaN NaN NaN NaN NaN NaN NaN NaN NaN NaN NaN NaN NaN NaN NaN NaN NaN NaN NaN NaN NaN NaN NaN NaN NaN NaN NaN NaN NaN NaN NaN NaN 
NaN NaN NaN NaN NaN NaN NaN NaN NaN NaN NaN NaN NaN NaN NaN NaN NaN NaN NaN NaN NaN NaN NaN NaN NaN NaN NaN NaN NaN NaN NaN NaN NaN NaN NaN NaN NaN NaN NaN NaN 
NaN NaN NaN NaN NaN NaN NaN NaN NaN NaN NaN NaN NaN NaN NaN NaN NaN NaN NaN NaN NaN NaN NaN NaN NaN NaN NaN NaN NaN NaN NaN NaN NaN NaN NaN NaN NaN NaN NaN NaN 
NaN NaN NaN NaN NaN NaN NaN NaN NaN NaN NaN NaN NaN NaN NaN NaN NaN NaN NaN NaN NaN NaN NaN NaN NaN NaN NaN NaN NaN NaN NaN NaN NaN NaN NaN NaN NaN NaN NaN NaN 
NaN NaN NaN NaN NaN NaN NaN NaN NaN NaN NaN NaN NaN NaN NaN NaN NaN NaN NaN NaN NaN NaN NaN NaN NaN NaN NaN NaN NaN NaN NaN NaN NaN NaN NaN NaN NaN NaN NaN NaN 
NaN NaN NaN NaN NaN NaN NaN NaN NaN NaN NaN NaN NaN NaN NaN NaN NaN NaN NaN NaN NaN NaN NaN NaN NaN NaN NaN NaN NaN NaN NaN NaN NaN NaN NaN NaN NaN NaN NaN NaN 
NaN NaN NaN NaN NaN NaN NaN NaN NaN NaN NaN NaN NaN NaN NaN NaN NaN NaN NaN NaN NaN NaN NaN NaN NaN NaN NaN NaN NaN NaN NaN NaN NaN NaN NaN NaN NaN NaN NaN NaN 
NaN NaN NaN NaN NaN NaN NaN NaN NaN NaN NaN NaN NaN NaN NaN NaN NaN NaN NaN NaN NaN NaN NaN NaN NaN NaN NaN NaN NaN NaN NaN NaN NaN NaN NaN NaN NaN NaN NaN NaN 
NaN NaN NaN NaN NaN NaN NaN NaN NaN NaN NaN NaN NaN NaN NaN NaN NaN NaN NaN NaN NaN NaN NaN NaN NaN NaN NaN NaN NaN NaN NaN NaN NaN NaN NaN NaN NaN NaN NaN NaN 
NaN NaN NaN NaN NaN NaN NaN NaN NaN NaN NaN NaN NaN NaN NaN NaN NaN NaN NaN NaN NaN NaN NaN NaN NaN NaN NaN NaN NaN NaN NaN NaN NaN NaN NaN NaN NaN NaN NaN NaN 
NaN NaN NaN NaN NaN NaN NaN NaN NaN NaN NaN NaN NaN NaN NaN NaN NaN NaN NaN NaN NaN NaN NaN NaN NaN NaN NaN NaN NaN NaN NaN NaN NaN NaN NaN NaN NaN NaN NaN NaN 
NaN NaN NaN NaN NaN NaN NaN NaN NaN NaN NaN NaN NaN NaN NaN NaN NaN NaN NaN NaN NaN NaN NaN NaN NaN NaN NaN NaN NaN NaN NaN NaN NaN NaN NaN NaN NaN NaN NaN NaN 
NaN NaN NaN NaN NaN NaN NaN NaN NaN NaN NaN NaN NaN NaN NaN NaN NaN NaN NaN NaN NaN NaN NaN NaN NaN NaN NaN NaN NaN NaN NaN NaN NaN NaN NaN NaN NaN NaN NaN NaN 
NaN NaN NaN NaN NaN NaN NaN NaN NaN NaN NaN NaN NaN NaN NaN NaN NaN NaN NaN NaN NaN NaN NaN NaN NaN NaN NaN NaN NaN NaN NaN NaN NaN NaN NaN NaN NaN NaN NaN NaN 
NaN NaN NaN NaN NaN NaN NaN NaN NaN NaN NaN NaN NaN NaN NaN NaN NaN NaN NaN NaN NaN NaN NaN NaN NaN NaN NaN NaN NaN NaN NaN NaN NaN NaN NaN NaN NaN NaN NaN NaN 
NaN NaN NaN NaN NaN NaN NaN NaN NaN NaN NaN NaN NaN NaN NaN NaN NaN NaN NaN NaN NaN NaN NaN NaN NaN NaN NaN NaN NaN NaN NaN NaN NaN NaN NaN NaN NaN NaN NaN NaN 
NaN NaN NaN NaN NaN NaN NaN NaN NaN NaN NaN NaN NaN NaN NaN NaN NaN NaN NaN NaN NaN NaN NaN NaN NaN NaN NaN NaN NaN NaN NaN NaN NaN NaN NaN NaN NaN NaN NaN NaN 
NaN NaN NaN NaN NaN NaN NaN NaN NaN NaN NaN NaN NaN NaN NaN NaN NaN NaN NaN NaN NaN NaN NaN NaN NaN NaN NaN NaN NaN NaN NaN NaN NaN NaN NaN NaN NaN NaN NaN NaN 
NaN NaN NaN NaN NaN NaN NaN NaN NaN NaN NaN NaN NaN NaN NaN NaN NaN NaN NaN NaN NaN NaN NaN NaN NaN NaN NaN NaN NaN NaN NaN NaN NaN NaN NaN NaN NaN NaN NaN NaN 
NaN NaN NaN NaN NaN NaN NaN NaN NaN NaN NaN NaN NaN NaN NaN NaN NaN NaN NaN NaN NaN NaN NaN NaN NaN NaN NaN NaN NaN NaN NaN NaN NaN NaN NaN NaN NaN NaN NaN NaN 
NaN NaN NaN NaN NaN NaN NaN NaN NaN NaN NaN NaN NaN NaN NaN NaN NaN NaN NaN NaN NaN NaN NaN NaN NaN NaN NaN NaN NaN NaN NaN NaN NaN NaN NaN NaN NaN NaN NaN NaN 
NaN NaN NaN NaN NaN NaN NaN NaN NaN NaN NaN NaN NaN NaN NaN NaN NaN NaN NaN NaN NaN NaN NaN NaN NaN NaN NaN NaN NaN NaN NaN NaN NaN NaN NaN NaN NaN NaN NaN NaN 
NaN NaN NaN NaN NaN NaN NaN NaN NaN NaN NaN NaN NaN NaN NaN NaN NaN NaN NaN NaN NaN NaN NaN NaN NaN NaN NaN NaN NaN NaN NaN NaN NaN NaN NaN NaN NaN NaN NaN NaN 
NaN NaN NaN NaN NaN NaN NaN NaN NaN NaN NaN NaN NaN NaN NaN NaN NaN NaN NaN NaN NaN NaN NaN NaN NaN NaN NaN NaN NaN NaN NaN NaN NaN NaN NaN NaN NaN NaN NaN NaN 
NaN NaN NaN NaN NaN NaN NaN NaN NaN NaN NaN NaN NaN NaN NaN NaN NaN NaN NaN NaN NaN NaN NaN NaN NaN NaN NaN NaN NaN NaN NaN NaN NaN NaN NaN NaN NaN NaN NaN NaN 
NaN NaN NaN NaN NaN NaN NaN NaN NaN NaN NaN NaN NaN NaN NaN NaN NaN NaN NaN NaN NaN NaN NaN NaN NaN NaN NaN NaN NaN NaN NaN NaN NaN NaN NaN NaN NaN NaN NaN NaN 
NaN NaN NaN NaN NaN NaN NaN NaN NaN NaN NaN NaN NaN NaN NaN NaN NaN NaN NaN NaN NaN NaN NaN NaN NaN NaN NaN NaN NaN NaN NaN NaN NaN NaN NaN NaN NaN NaN NaN NaN 
NaN NaN NaN NaN NaN NaN NaN NaN NaN NaN NaN NaN NaN NaN NaN NaN NaN NaN NaN NaN NaN NaN NaN NaN NaN NaN NaN NaN NaN NaN NaN NaN NaN NaN NaN NaN NaN NaN NaN NaN 
NaN NaN NaN NaN NaN NaN NaN NaN NaN NaN NaN NaN NaN NaN NaN NaN NaN NaN NaN NaN NaN NaN NaN NaN NaN NaN NaN NaN NaN NaN NaN NaN NaN NaN NaN NaN NaN NaN NaN NaN 
NaN NaN NaN NaN NaN NaN NaN NaN NaN NaN NaN NaN NaN NaN NaN NaN NaN NaN NaN NaN NaN NaN NaN NaN NaN NaN NaN NaN NaN NaN NaN NaN NaN NaN NaN NaN NaN NaN NaN NaN 
NaN NaN NaN NaN NaN NaN NaN NaN NaN NaN NaN NaN NaN NaN NaN NaN NaN NaN NaN NaN NaN NaN NaN NaN NaN NaN NaN NaN NaN NaN NaN NaN NaN NaN NaN NaN NaN NaN NaN NaN 
NaN NaN NaN NaN NaN NaN NaN NaN NaN NaN NaN NaN NaN NaN NaN NaN NaN NaN NaN NaN NaN NaN NaN NaN NaN NaN NaN NaN NaN NaN NaN NaN NaN NaN NaN NaN NaN NaN NaN NaN 
NaN NaN NaN NaN NaN NaN NaN NaN NaN NaN NaN NaN NaN NaN NaN NaN NaN NaN NaN NaN NaN NaN NaN NaN NaN NaN NaN NaN NaN NaN NaN NaN NaN NaN NaN NaN NaN NaN NaN NaN 
NaN NaN NaN NaN NaN NaN NaN NaN NaN NaN NaN NaN NaN NaN NaN NaN NaN NaN NaN NaN NaN NaN NaN NaN NaN NaN NaN NaN NaN NaN NaN NaN NaN NaN NaN NaN NaN NaN NaN NaN 
NaN NaN NaN NaN NaN NaN NaN NaN NaN NaN NaN NaN NaN NaN NaN NaN NaN NaN NaN NaN NaN NaN NaN NaN NaN NaN NaN NaN NaN NaN NaN NaN NaN NaN NaN NaN NaN NaN NaN NaN 
NaN NaN NaN NaN NaN NaN NaN NaN NaN NaN NaN NaN NaN NaN NaN NaN NaN NaN NaN NaN NaN NaN NaN NaN NaN NaN NaN NaN NaN NaN NaN NaN NaN NaN NaN NaN NaN NaN NaN NaN 
NaN NaN NaN NaN NaN NaN NaN NaN NaN NaN NaN NaN NaN NaN NaN NaN NaN NaN NaN NaN NaN NaN NaN NaN NaN NaN NaN NaN NaN NaN NaN NaN NaN NaN NaN NaN NaN NaN NaN NaN 
NaN NaN NaN NaN NaN NaN NaN NaN NaN NaN NaN NaN NaN NaN NaN NaN NaN NaN NaN NaN NaN NaN NaN NaN NaN NaN NaN NaN NaN NaN NaN NaN NaN NaN NaN NaN NaN NaN NaN NaN 
NaN NaN NaN NaN NaN NaN NaN NaN NaN NaN NaN NaN NaN NaN NaN NaN NaN NaN NaN NaN NaN NaN NaN NaN NaN NaN NaN NaN NaN NaN NaN NaN NaN NaN NaN NaN NaN NaN NaN NaN 
NaN NaN NaN NaN NaN NaN NaN NaN NaN NaN NaN NaN NaN NaN NaN NaN NaN NaN NaN NaN NaN NaN NaN NaN NaN NaN NaN NaN NaN NaN NaN NaN NaN NaN NaN NaN NaN NaN NaN NaN 
NaN NaN NaN NaN NaN NaN NaN NaN NaN NaN NaN NaN NaN NaN NaN NaN NaN NaN NaN NaN NaN NaN NaN NaN NaN NaN NaN NaN NaN NaN NaN NaN NaN NaN NaN NaN NaN NaN NaN NaN 
NaN NaN NaN NaN NaN NaN NaN NaN NaN NaN NaN NaN NaN NaN NaN NaN NaN NaN NaN NaN NaN NaN NaN NaN NaN NaN NaN NaN NaN NaN NaN NaN NaN NaN NaN NaN NaN NaN NaN NaN 
NaN NaN NaN NaN NaN NaN NaN NaN NaN NaN NaN NaN NaN NaN NaN NaN NaN NaN NaN NaN NaN NaN NaN NaN NaN NaN NaN NaN NaN NaN NaN NaN NaN NaN NaN NaN NaN NaN NaN NaN 
NaN NaN NaN NaN NaN NaN NaN NaN NaN NaN NaN NaN NaN NaN NaN NaN NaN NaN NaN NaN NaN NaN NaN NaN NaN NaN NaN NaN NaN NaN NaN NaN NaN NaN NaN NaN NaN NaN NaN NaN 
NaN NaN NaN NaN NaN NaN NaN NaN NaN NaN NaN NaN NaN NaN NaN NaN NaN NaN NaN NaN NaN NaN NaN NaN NaN NaN NaN NaN NaN NaN NaN NaN NaN NaN NaN NaN NaN NaN NaN NaN 
NaN NaN NaN NaN NaN NaN NaN NaN NaN NaN NaN NaN NaN NaN NaN NaN NaN NaN NaN NaN NaN NaN NaN NaN NaN NaN NaN NaN NaN NaN NaN NaN NaN NaN NaN NaN NaN NaN NaN NaN 
NaN NaN NaN NaN NaN NaN NaN NaN NaN NaN NaN NaN NaN NaN NaN NaN NaN NaN NaN NaN NaN NaN NaN NaN NaN NaN NaN NaN NaN NaN NaN NaN NaN NaN NaN NaN NaN NaN NaN NaN 
-69.828079 -70.777964 -71.014212 -70.556057 -70.394718 -70.007347 -69.416914 -70.032750 -70.632715 -68.672977 -67.494773 -68.179843 -71.851690 -75.875932 -74.793938 -76.513256 -79.831718 -79.969793 -81.832212 -89.253080 -80.561994 -77.117365 -77.564217 -85.448934 -82.147441 -75.854889 -78.716950 -87.223872 -90.339405 -84.206897 -83.714062 -85.328511 -86.163959 -84.323740 -82.950448 -88.861436 -92.782592 -91.859923 -91.070693 -89.903863 
-62.972386 -69.941024 -64.676587 -65.565889 -65.393017 -64.340979 -62.364804 -63.970463 -68.149779 -61.294715 -59.662031 -60.018467 -63.999924 -70.090226 -67.472214 -68.794507 -71.192417 -73.883205 -70.851229 -77.547224 -72.391736 -69.811073 -68.214034 -71.648973 -69.425840 -66.848385 -70.667839 -71.361549 -71.870745 -73.848200 -75.028120 -73.561918 -74.554000 -74.804710 -71.181742 -76.071744 -77.592197 -77.238915 -75.978783 -78.367233 
-66.268002 -68.580614 -67.234733 -68.825812 -70.976575 -70.096610 -79.117768 -76.552997 -71.619439 -72.093128 -78.055762 -72.813237 -74.342772 -73.852400 -78.200205 -74.771190 -74.882190 -78.130923 -77.771576 -71.928034 -77.614954 -72.831667 -71.997938 -71.763586 -75.024097 -74.487486 -77.630685 -73.602463 -73.773661 -75.540851 -75.834452 -74.486936 -75.175086 -74.729092 -76.364241 -74.449831 -75.674053 -76.581359 -75.618547 -79.686443 
-67.596551 -62.018574 -66.197651 -72.441988 -71.174775 -69.495278 -66.573045 -75.019506 -75.363165 -71.004540 -71.238920 -76.669832 -71.263094 -72.978526 -77.448801 -72.455997 -72.744951 -75.290709 -76.801070 -72.695667 -76.904898 -74.582511 -72.793003 -75.230671 -74.098091 -74.786855 -74.486790 -74.634400 -78.417872 -77.034133 -76.230596 -75.670537 -74.775017 -72.714792 -78.778554 -75.053432 -74.684037 -77.356573 -76.990722 -78.471138 
-60.734909 -56.226904 -53.893262 -55.162445 -61.857592 -69.497104 -65.097337 -69.171781 -78.486461 -71.902026 -69.963362 -71.466385 -69.039704 -73.158017 -68.689397 -69.734683 -69.533290 -73.753832 -73.601991 -74.844067 -74.654740 -74.501656 -71.343954 -75.609321 -78.864295 -74.822426 -72.185407 -72.786940 -72.945710 -73.317584 -72.391840 -73.486568 -75.158921 -73.709366 -73.671499 -77.550243 -77.028550 -75.329766 -75.963685 -76.556365 
-61.346793 -53.695262 -50.628530 -52.704030 -61.474991 -66.325827 -69.831232 -71.031786 -71.949273 -68.613128 -73.975800 -77.804424 -72.840548 -70.729272 -63.633502 -65.762936 -74.810843 -76.656314 -72.442233 -68.904301 -71.870244 -73.196293 -72.410300 -71.494520 -71.899806 -70.921564 -69.185991 -72.101083 -74.205839 -72.306135 -74.664606 -72.718533 -70.997430 -74.412994 -74.289186 -74.545146 -75.939475 -72.380692 -73.903413 -75.195010 
-59.742762 -55.123021 -52.453126 -51.735406 -56.679687 -60.170546 -62.485235 -65.788491 -62.734376 -61.129492 -66.193115 -71.367560 -67.244158 -66.162929 -69.850942 -76.139611 -78.841776 -74.044290 -69.732389 -70.488243 -71.672859 -72.697676 -73.032914 -69.837528 -76.932580 -78.530177 -73.074108 -74.635413 -75.129332 -73.765826 -74.878327 -76.615575 -78.563352 -73.597077 -77.974140 -75.110314 -74.600385 -77.861946 -78.056726 -77.918574 
