-5.480359 -0.199271 9.384097 15.154326 12.709352 4.411832 2.217881 2.614105 -2.711767 -4.635711 -7.619789 -8.712433 -9.265777 -10.870276 -11.148466 -12.251799 -13.476404 -14.512556 -14.742125 -14.894449 -17.200554 -17.844507 -18.785711 -19.676411 -20.138829 -20.132021 -20.908905 -21.685233 -22.243100 -23.113001 -23.943132 -24.427959 -24.912227 -25.490765 -26.296118 -26.899806 -27.578474 -28.507499 -29.556971 -31.535008 
-19.357112 -22.056192 9.480469 20.737490 13.922789 -12.048593 2.028190 1.221602 -25.909585 -13.505354 -17.628579 -20.021077 -20.840033 -25.309659 -22.551138 -24.364795 -28.462525 -32.266087 -24.571102 -22.129642 -26.639169 -28.582560 -33.015337 -31.862871 -34.454642 -32.111141 -35.101701 -35.417318 -37.339521 -37.208276 -37.837593 -39.018195 -39.819159 -40.086283 -40.840928 -41.413636 -41.929475 -42.622038 -42.920987 -44.153768 
-27.049059 -28.564521 9.572885 21.815508 15.238896 -12.592783 4.495368 4.043364 -24.122387 -12.536482 -18.792002 -25.752552 -22.218570 -26.628415 -22.235132 -35.300133 -38.478695 -39.588939 -23.615908 -17.749102 -23.322901 -31.697768 -34.981221 -37.406132 -34.810825 -32.806671 -36.051080 -44.978000 -51.837618 -43.656576 -44.592552 -49.839848 -54.994509 -54.930361 -55.497300 -67.221455 -58.340766 -47.456630 -45.531635 -51.174165 
-20.014509 -16.857391 9.532904 22.222658 15.938459 -12.968871 5.343692 5.789454 -21.183263 -12.506245 -18.913147 -22.168746 -17.706907 -26.411739 -20.240084 -35.249601 -37.821389 -42.221736 -22.227023 -16.605769 -26.075244 -34.662660 -37.342216 -36.522141 -35.463791 -31.652483 -36.766896 -46.386783 -51.425721 -39.562380 -37.087181 -45.346424 -51.481727 -50.734740 -47.894315 -57.069238 -54.806751 -49.141756 -46.736448 -52.762021 
-19.505913 -17.803697 9.143157 22.431157 16.667753 -14.079727 5.019014 7.408413 -15.110941 -12.223822 -17.343408 -20.888673 -16.080022 -24.879678 -18.983653 -31.328108 -30.450650 -36.275570 -22.782960 -13.456103 -28.770412 -35.577526 -36.878790 -36.420542 -34.366510 -31.896709 -33.731065 -44.581144 -43.386966 -34.900513 -34.328084 -41.709095 -47.332295 -46.183689 -45.974293 -48.967703 -48.685242 -47.280099 -45.143046 -48.313320 
-33.890037 -21.008160 7.893393 22.480435 17.878044 -9.641736 4.858058 9.579014 -10.059667 -12.117829 -14.453228 -19.427621 -14.622934 -22.283616 -18.385986 -24.000568 -23.678387 -24.001384 -20.805521 -14.913625 -27.088222 -30.605369 -30.613017 -28.255226 -28.372564 -28.875417 -32.247487 -34.958211 -34.981640 -31.318276 -31.846396 -36.411062 -37.574100 -37.871138 -37.927706 -38.645252 -38.991838 -39.221783 -39.241056 -39.302088 
-14.455111 -15.405292 5.429819 22.512804 19.397313 -4.901358 5.106227 11.932271 -7.119007 -12.952673 -12.531434 -20.094847 -13.120578 -19.560430 -17.994805 -20.861717 -19.321849 -18.952283 -17.395052 -20.362927 -26.655207 -29.906511 -28.126458 -27.190561 -24.668196 -28.620260 -30.693548 -31.670707 -31.797811 -30.265516 -31.567296 -34.811446 -36.161287 -36.216863 -36.547097 -37.177900 -37.618958 -37.872393 -38.080190 -37.774778 
-10.355453 -14.483840 4.675591 22.472172 21.173647 3.563665 4.739772 14.024052 4.663403 -5.194438 -4.265816 -5.600041 -7.222770 -11.703145 -14.467960 -19.964130 -15.823689 -18.586229 -14.019884 -16.811304 -16.992693 -15.298185 -20.291382 -23.078581 -17.434792 -19.123174 -21.303997 -26.496538 -27.344323 -23.424729 -26.715380 -35.022453 -44.452693 -43.634365 -35.216804 -42.085620 -48.976593 -48.844090 -47.790731 -43.091622 
-11.939122 -6.677697 -3.942845 19.587744 22.108819 7.624635 4.552015 17.387915 12.665541 2.807934 10.972764 4.393545 2.693040 0.663558 -8.385430 -7.702073 -16.296021 -19.792927 -11.190671 -13.772089 -6.263897 -4.182340 -3.747667 -4.994463 -7.546298 -8.431948 -5.267133 -9.177807 -14.563659 -14.298207 -16.130384 -24.942604 -29.945182 -30.279024 -24.359277 -33.103193 -35.902737 -36.137212 -35.618741 -32.556726 
-17.493835 -17.953095 -8.919433 18.975713 20.740082 2.415025 2.725321 18.637492 10.710507 -5.297874 12.407947 3.738954 1.561502 4.189610 -10.805708 -4.779042 -22.072360 -21.328964 -16.304470 -17.694262 -12.529264 -10.771127 -7.470616 0.145216 -1.532471 -7.761516 -4.949003 -1.652203 -9.456604 -14.824909 -15.382783 -17.151169 -21.333897 -28.736533 -22.415188 -27.174894 -35.213924 -35.554644 -33.613725 -29.506768 
-14.873842 -14.361023 -11.636149 18.227318 21.031788 3.762088 -2.691371 16.905549 11.362685 -11.000350 10.879148 2.813868 -2.249410 4.643047 -13.959476 -4.746930 -19.884369 -21.174358 -20.090957 -21.819388 -19.338581 -15.270303 -8.229391 -0.302914 4.183106 -1.885030 -1.531870 2.919791 -2.815571 -12.156837 -13.996818 -15.147183 -19.819833 -28.816597 -18.414744 -25.650655 -47.133202 -47.834641 -36.081246 -23.420926 
-13.847841 -19.349698 -14.039502 17.213005 21.077485 4.663407 -8.362135 15.094442 11.878984 -13.414794 10.314551 6.114106 -7.661058 2.823983 -12.080625 -5.870093 -18.739456 -20.281430 -25.146823 -19.688792 -16.100650 -13.933978 -10.029298 -2.086861 4.756943 0.934569 -3.303893 0.136939 -1.609790 -8.372899 -13.415353 -11.524948 -16.550653 -23.691002 -18.767455 -27.445511 -40.779540 -45.581167 -32.696285 -20.649450 
-23.267892 -22.170920 -19.745675 16.066447 21.717534 7.460267 -7.266808 12.090461 12.129084 -11.895698 8.410662 8.249948 -16.033694 1.581836 -9.347653 -9.029004 -14.054102 -19.549927 -21.787833 -16.505837 -18.438223 -15.477982 -11.119892 -6.671867 1.749962 4.037666 0.384348 -2.711838 -3.234899 -8.454176 -18.261103 -14.447100 -17.958194 -19.931120 -18.149231 -24.323680 -36.744765 -47.166447 -35.324782 -20.531144 
-26.002338 -26.433283 -13.239314 15.016808 21.976090 9.021731 -12.388757 8.205831 11.800533 -10.741164 2.999721 8.260583 -13.516201 -0.703335 -6.951801 -11.288778 -12.411704 -22.872743 -24.874677 -23.244628 -22.182297 -19.625426 -13.546238 -7.177854 -3.845527 2.856200 0.961124 1.373032 -2.289703 -7.561440 -15.758091 -12.892572 -16.549591 -16.506387 -17.617504 -23.821528 -32.380561 -47.618356 -39.367652 -26.429781 
-13.284330 -16.357051 -13.054601 12.948204 21.710380 10.190296 -13.928088 4.409884 11.604753 -7.948123 -2.384760 7.839997 -10.245962 -4.860422 -5.846188 -15.496168 -11.311347 -26.665414 -27.446697 -28.213579 -23.839468 -20.898689 -14.495502 -11.462040 -4.892180 0.623334 0.250614 1.234053 -3.798819 -11.214306 -16.526586 -12.342459 -14.823534 -17.067972 -16.327371 -21.778060 -32.507946 -35.653259 -31.276258 -22.654064 
-16.686081 -16.004636 -9.320534 10.949304 21.642120 12.349916 -13.602568 -0.859357 11.501828 -3.810095 -7.614546 6.804955 -6.504052 -8.258729 -4.095782 -20.858111 -10.783772 -26.619270 -25.215965 -32.901033 -31.675290 -24.924100 -16.322465 -10.242372 -5.325394 0.082915 1.120212 0.727245 -2.397228 -10.661770 -20.375840 -16.195471 -16.965179 -18.721019 -16.757817 -21.658752 -38.277845 -43.842440 -30.361556 -24.495635 
-16.962917 -18.158231 -17.453903 8.992413 21.248277 13.180239 -9.333806 -3.401930 11.242987 -2.120343 -12.644780 5.679912 -4.845397 -11.487166 -5.066348 -20.679619 -11.611710 -20.835929 -21.202676 -26.117005 -24.955835 -23.438358 -19.451605 -12.000257 -10.547015 -3.171927 1.620790 2.956949 -3.903348 -9.469292 -18.059348 -14.975781 -16.245070 -19.853443 -19.014327 -22.979796 -34.189679 -37.878325 -28.242084 -24.471409 
-23.223881 -21.124192 -20.992310 6.999225 20.639950 13.655355 -9.923457 -4.913319 11.315743 -0.910192 -15.250661 4.248824 -3.967033 -14.513367 -4.818019 -20.027865 -12.541335 -21.348645 -21.542672 -26.338986 -26.391380 -22.437955 -20.005328 -13.754877 -10.003728 -3.749117 2.125327 4.180750 -1.490970 -8.545820 -14.969390 -15.644414 -18.591875 -21.744384 -17.603654 -23.797624 -37.467446 -44.570646 -28.989344 -24.576703 
-18.266538 -15.415353 -19.663139 6.922155 20.678513 14.066034 -10.141233 -5.455341 10.284668 0.295856 -16.571802 2.929462 -3.403397 -15.660911 -3.476237 -18.362205 -14.085337 -21.901567 -22.582528 -29.502965 -32.225882 -28.981677 -24.362766 -14.021946 -12.064338 -4.301674 1.948037 6.120047 -2.171129 -12.144138 -19.404670 -18.869772 -21.640863 -23.402707 -18.444202 -25.452115 -40.521207 -45.288066 -26.706854 -24.330875 
-15.921150 -15.580332 -19.197765 6.481995 20.596321 14.093282 -8.194760 -9.431529 8.938604 -1.660291 -24.485130 0.815702 -4.225133 -18.767684 -4.180429 -18.328013 -14.760762 -22.330565 -22.987547 -29.665594 -34.264933 -25.728925 -21.917664 -14.387953 -12.633093 -6.467635 1.636863 6.346421 -1.157670 -9.982068 -21.065455 -19.283619 -20.790460 -21.687818 -18.460820 -30.441777 -42.513955 -44.863138 -25.668914 -26.480518 
-28.824933 -20.770313 -19.276546 6.931942 20.562478 14.119549 -10.831615 -7.151277 9.690730 -0.912412 -19.307324 1.715891 -3.218808 -15.220272 -4.119106 -17.882606 -14.534683 -20.259694 -21.472590 -25.771098 -29.730650 -24.746828 -22.134769 -17.128759 -16.165575 -6.499808 -0.239507 5.357804 -3.371313 -8.042267 -16.785086 -21.034454 -21.924585 -22.445974 -18.355421 -33.518716 -36.192066 -36.278837 -26.690494 -25.756183 
-19.659860 -20.130888 -20.209764 6.425625 20.238600 13.427345 -11.886925 -4.801989 10.410830 -1.277408 -17.484526 3.907337 -2.772613 -14.668568 -4.768699 -19.844612 -12.935520 -21.194171 -20.767001 -27.106684 -29.034005 -23.923262 -21.847036 -16.844814 -15.740139 -8.086957 -0.301498 4.104928 -2.604078 -7.771582 -19.519919 -22.013773 -25.443712 -24.438751 -19.201898 -34.601683 -40.754596 -42.230221 -31.810252 -26.873031 
-14.439374 -17.613337 -15.326470 8.346980 20.432491 12.622107 -10.121143 -5.986477 10.653060 -0.713465 -12.841614 6.041823 -2.199958 -13.047564 -3.822183 -22.782546 -13.530777 -24.419803 -21.695509 -30.568705 -31.072061 -25.214210 -22.267612 -14.602248 -11.920746 -4.032894 -0.113015 0.922292 -3.448780 -8.397781 -21.923437 -21.475858 -25.483471 -25.242902 -21.356974 -32.511299 -41.297160 -46.558027 -30.602348 -23.086112 
-15.865163 -15.639277 -16.249774 7.198796 20.469788 13.045234 -8.557235 -2.513226 11.845313 -0.147690 -10.081667 7.104408 -1.020490 -8.798086 -1.915239 -22.413472 -12.660513 -25.368407 -23.743048 -33.995116 -30.168683 -23.739130 -20.804335 -12.674083 -6.717276 -2.064344 -3.019538 -3.953104 -5.541178 -11.594863 -24.512651 -19.438869 -24.680690 -23.701851 -21.407160 -27.591742 -36.814865 -43.079593 -31.229436 -22.570047 
-17.315054 -16.978118 -14.892557 9.246045 20.818092 12.220979 -9.951332 0.379800 13.329925 0.100334 -9.035341 8.443709 -3.238665 -5.648437 0.660428 -18.365599 -10.082979 -22.787056 -21.388810 -26.722666 -25.425913 -20.455692 -19.213778 -12.400095 -7.262478 0.104190 -3.482066 -4.719425 -7.149092 -13.918648 -24.403384 -19.975400 -25.433798 -26.222732 -21.790841 -25.494614 -32.965000 -37.403060 -29.599893 -21.622256 
-19.672080 -17.596354 -17.469963 10.861141 21.217617 11.253500 -10.791074 2.703815 13.520746 -3.211576 -5.899385 8.593700 -4.482187 0.172202 2.784374 -17.391421 -8.972627 -21.940489 -19.469461 -24.879549 -24.190017 -21.782252 -17.135190 -11.698260 -3.498828 -1.329918 -5.145452 -4.727448 -5.161758 -12.700103 -24.228274 -22.718114 -25.531020 -27.931717 -20.638849 -24.053114 -32.573505 -40.066684 -29.216875 -21.716987 
-22.084234 -20.125520 -15.369895 12.633938 21.439556 10.356139 -12.961959 5.324605 13.385164 -5.370997 -1.327141 8.006351 -8.647658 5.086752 4.734258 -14.764335 -9.595261 -18.333457 -17.067490 -18.376676 -22.315439 -16.749616 -11.883948 -8.808473 -1.631031 0.289623 -3.817879 -2.704888 -2.736558 -10.760926 -25.847214 -24.746314 -26.384617 -28.806262 -23.563673 -25.648010 -32.353616 -46.888166 -30.424459 -21.247052 
-27.110451 -16.551631 -15.332615 14.134084 20.765452 8.190546 -9.489880 11.070402 12.852595 -10.466029 3.198640 7.008458 -8.691400 9.148012 1.940315 -6.390083 -12.066687 -13.811338 -18.143161 -12.156612 -16.407092 -12.573104 -5.847935 -3.625988 -1.421204 2.090936 -0.628600 -1.556641 -4.701451 -12.403316 -25.271497 -25.731383 -30.249546 -31.331617 -22.551206 -22.874843 -32.371042 -46.494450 -35.396275 -22.928777 
-27.208856 -26.884696 -13.217978 15.630890 20.312512 5.336085 -9.286606 13.591735 10.962810 -15.368990 5.248716 4.779486 -0.512434 11.510800 -3.253458 -1.540149 -12.546388 -9.048734 -14.920038 -10.003173 -12.786478 -10.819231 -5.728035 -0.753486 -2.658049 -3.562150 -5.201909 -3.327027 -4.477267 -11.399785 -21.398732 -22.854656 -28.719694 -32.064686 -25.083726 -22.266236 -34.045102 -54.959512 -42.740508 -24.188943 
-23.617152 -26.541927 -6.884099 17.490480 19.718235 1.698055 -0.413695 16.079455 8.806367 -13.049220 6.215110 -1.056532 6.532978 11.214377 -2.102769 4.006912 -8.237865 -4.533809 -8.496740 -11.943178 -11.110686 -9.896599 -2.180567 1.429932 -9.407743 -10.364543 -10.419391 -6.400085 -3.536037 -8.642829 -21.196483 -26.243972 -30.098616 -28.221893 -26.068411 -23.932166 -37.673640 -59.619574 -42.061291 -28.365183 
-18.624795 -14.215334 -3.363075 17.948907 17.982141 -2.406616 5.526505 17.695644 6.495189 -2.151806 6.956733 -5.273053 11.436016 8.798162 5.349615 5.182526 -1.984825 -5.195519 -4.110860 -7.250726 -8.879319 -8.194354 -1.800607 -4.583777 -12.856538 -14.284786 -13.150423 -7.563552 -4.598870 -11.796766 -19.751256 -23.873338 -28.782225 -28.927892 -24.552451 -25.331287 -36.239232 -40.603124 -38.532924 -29.381504 
-28.287714 -19.499129 2.270342 18.418984 15.372779 -4.901978 11.004921 16.458397 -0.167273 2.877114 2.508388 2.475139 13.120720 5.121727 11.504235 2.088795 0.379815 -4.847871 -5.704184 -7.017682 -3.123647 -1.831374 -4.325545 -7.113436 -11.365525 -14.013632 -9.721234 -7.278850 -4.500974 -13.295646 -20.174735 -23.724210 -29.420443 -27.524341 -22.503886 -26.122271 -33.787938 -44.908339 -42.251485 -26.343295 
-32.781247 -26.232032 6.397472 18.182015 11.423079 -3.845401 13.784279 13.243168 -4.645876 4.808044 -2.894877 9.149258 10.303788 7.028414 9.602680 2.727829 -1.298479 -3.776624 -5.318890 -9.514899 -3.906187 -0.641510 -3.599725 -8.268973 -11.517240 -11.827703 -11.477624 -5.392521 -7.400550 -17.058829 -20.476200 -23.240758 -34.719223 -27.415116 -26.210535 -28.264121 -34.489124 -50.369603 -45.055220 -28.466633 
-24.810790 -19.287177 8.428642 17.537437 7.776245 -0.403689 14.142355 7.065663 -2.502743 5.007278 -5.912093 10.175342 3.865880 8.539106 2.321934 4.199952 -2.825676 -2.498930 -1.883842 -2.317604 -0.831382 0.018143 -5.324992 -8.203579 -15.006092 -13.802288 -12.338691 -8.918795 -7.160402 -14.471855 -21.728150 -21.015842 -38.165921 -32.929946 -27.953733 -28.215171 -34.152755 -48.932501 -44.864324 -29.196628 
-27.147617 -13.469160 11.065750 17.559250 5.723968 2.611527 13.797063 4.752064 0.144503 2.628619 -4.295152 8.410540 0.951904 6.619408 0.570499 4.425838 2.402368 -3.072209 -2.311296 -2.787810 -0.401588 -3.309326 -7.438067 -10.518050 -18.811069 -17.940763 -13.105815 -9.926088 -9.414706 -15.723249 -22.772727 -25.736493 -41.436005 -31.233917 -26.930793 -28.303404 -38.508610 -55.752051 -48.693537 -31.120618 
-15.224176 -8.717993 12.197806 17.068130 3.017000 4.253127 11.952475 -1.533093 2.969565 1.250894 -0.071484 4.458164 2.611097 4.290458 4.151939 1.897767 2.415716 -2.475934 -2.436077 -1.931025 -1.239725 -1.480457 -8.934155 -11.343274 -14.682525 -16.871099 -14.666454 -9.563829 -9.066577 -17.025406 -27.419661 -27.489374 -36.716368 -30.285690 -27.517829 -29.050078 -39.142148 -49.181698 -46.258333 -31.304847 
-14.211031 -7.165195 12.578177 16.349588 0.725822 5.337273 9.962411 -4.758876 3.373252 -3.667720 0.406569 -0.037677 4.378578 3.499513 5.116640 -0.153185 -0.062857 -2.426910 -2.172146 -2.474788 -3.297620 -3.088766 -12.547224 -12.764027 -14.571204 -16.359054 -12.744235 -7.086510 -8.549997 -17.565118 -25.883041 -26.466867 -34.841913 -33.677567 -29.051847 -27.850722 -37.263285 -45.113198 -44.447019 -31.465004 
-23.538822 -7.094231 13.260978 16.185890 0.308013 5.782971 9.147861 -6.762005 4.286836 -2.641981 -0.526981 -2.488481 6.185790 2.108241 5.613640 -1.025754 -1.609287 -1.876300 -0.960270 -3.701507 -2.258434 -2.878633 -11.491632 -11.624315 -16.346408 -16.777122 -14.586105 -7.984171 -10.787749 -17.097316 -26.431426 -24.038496 -31.478141 -31.133813 -27.709100 -29.094284 -41.081816 -54.760417 -51.187375 -35.281244 
-19.811078 -4.873229 13.065202 15.704259 -0.445302 6.331013 8.961297 -5.978847 4.265708 -5.382801 0.540383 -3.066477 6.265329 1.716259 5.295874 -1.534337 -2.561114 -2.819701 -2.131114 -2.101693 -1.514900 -1.495616 -11.646245 -13.834490 -15.978801 -16.731235 -14.997717 -8.891813 -11.871355 -19.006087 -26.022332 -25.272808 -28.709943 -28.352088 -26.166834 -30.453039 -37.873749 -40.926657 -40.807930 -30.383121 
-17.062930 -7.143542 12.417731 15.024458 -0.859609 6.218912 8.213899 -7.536571 4.633653 -6.004401 1.131639 -2.084927 6.306134 0.708117 4.137518 -2.867472 -3.407187 -3.832096 -3.379824 -3.289120 -2.150219 -3.008855 -10.763590 -14.485007 -18.042062 -21.594862 -18.186930 -12.997004 -11.969300 -18.770645 -23.993318 -26.204834 -28.344278 -28.606212 -28.513770 -31.579702 -47.006965 -54.692619 -50.245884 -34.576303 
-23.180343 -3.953667 12.998518 14.060455 -3.453333 7.221837 7.127670 -5.839308 5.127401 -5.373162 1.829442 -3.360334 8.059997 1.768000 3.644128 -1.536132 -5.287324 -5.556902 -4.691037 -3.733086 0.730011 -2.446025 -8.833861 -14.621861 -17.729438 -18.592708 -16.230917 -10.985778 -8.722311 -16.961962 -21.530940 -26.173292 -28.175415 -28.922013 -27.069761 -28.060103 -40.570943 -46.517735 -43.473385 -33.020301 
-25.091574 -2.681641 13.198529 13.281141 -2.994033 8.462759 6.388882 -3.684298 4.869403 -7.362285 1.687520 -0.845428 8.729177 1.684946 2.168118 -0.952525 -6.308745 -6.939873 -6.284115 -6.314445 -0.678878 -3.280454 -10.177996 -17.421539 -18.006661 -20.185491 -21.472155 -12.734665 -10.541827 -17.954287 -23.646659 -24.700729 -25.605936 -28.924935 -29.789717 -30.733628 -40.533722 -53.400700 -44.521287 -31.677869 
-18.793017 -1.638342 13.353930 12.565067 -4.366601 8.585070 4.945678 -2.298261 4.308348 -7.366633 1.738315 0.900565 7.815713 0.522330 -1.114521 -2.585053 -8.977458 -9.246763 -9.163419 -7.763965 -5.331638 -4.874254 -15.815560 -15.083245 -19.485164 -23.845781 -22.216115 -15.489061 -13.373084 -19.978273 -27.214291 -25.954066 -24.405196 -28.354292 -30.066619 -31.360617 -38.806179 -43.069343 -40.801791 -33.697771 
-21.547509 -1.011175 13.303763 11.852759 -2.213958 9.370543 4.205170 -1.269304 2.551075 -4.836168 2.123634 2.851095 6.004167 -1.136285 -4.624619 -4.970756 -12.189789 -11.412140 -11.326888 -11.367802 -8.432879 -5.704217 -14.507593 -15.575434 -20.548163 -24.063364 -21.229367 -17.446216 -13.766653 -20.729844 -28.126004 -28.756479 -26.528667 -27.906786 -29.581999 -27.652861 -38.662932 -49.636091 -45.871864 -34.897695 
-23.468531 -0.963512 13.000384 10.687017 -2.560997 9.419216 3.160058 0.368225 0.345420 -3.382156 -0.139245 2.126834 3.055704 -2.505762 -6.725436 -8.445378 -14.045258 -15.274775 -15.503110 -14.826789 -10.000743 -7.926153 -12.751650 -19.123112 -23.051849 -27.470098 -24.889637 -23.000944 -19.105277 -22.214132 -32.090420 -34.509316 -31.173241 -31.726206 -30.444295 -33.052085 -42.222755 -64.724608 -53.377829 -36.727847 
-21.580150 0.151366 12.950605 9.344794 -0.873411 7.485168 -1.122271 0.791345 -5.357575 -5.248319 -4.814816 -2.424970 -4.847976 -7.728738 -14.674643 -16.321675 -18.362689 -20.640498 -19.041639 -19.896675 -17.089749 -14.954045 -18.290183 -24.843190 -27.463910 -30.485574 -30.821640 -26.574769 -22.564432 -27.549591 -37.471019 -35.631214 -35.110510 -33.550554 -37.169362 -39.817628 -44.733686 -52.088428 -50.653800 -38.968913 
-31.703890 -0.126320 13.373805 10.469609 -0.476005 6.889512 -1.273009 -1.540258 -4.134683 -12.270738 -14.563442 -12.873214 -14.798081 -17.616473 -23.022295 -23.431388 -24.817143 -31.795358 -30.740437 -23.507940 -20.083097 -22.826278 -29.695121 -30.177239 -33.546099 -37.929059 -35.732893 -33.211177 -33.171798 -39.227742 -43.520578 -42.440179 -35.623528 -33.585620 -39.345012 -49.319425 -54.079248 -65.076081 -63.298918 -45.386681 
-27.377063 0.245651 13.966037 11.104931 -2.003850 8.062060 0.259988 -1.979033 -1.134941 -17.919277 -20.494392 -18.109731 -19.730241 -21.353101 -23.862679 -23.749393 -29.931711 -34.483452 -35.590672 -24.875547 -20.077977 -24.377587 -33.047517 -33.132532 -34.290280 -39.981499 -36.826048 -32.742943 -33.967372 -44.967075 -45.592582 -44.613040 -34.716165 -32.170530 -40.350818 -52.676532 -53.421365 -57.136986 -56.692380 -47.570016 
-33.041345 0.671557 14.140010 11.043426 -2.126977 8.682762 1.149705 -0.805136 -1.271217 -19.158955 -20.153928 -18.866405 -20.994489 -20.628757 -22.211160 -22.972910 -27.543460 -36.646670 -39.223428 -25.773216 -22.340775 -25.001725 -32.956481 -32.857368 -34.384065 -40.780603 -36.896614 -33.231099 -37.718558 -48.840476 -50.791769 -50.978252 -35.118009 -31.548659 -40.954830 -55.005683 -56.172567 -61.888169 -60.526204 -48.572121 
-22.248945 0.754404 14.078132 10.930163 -1.964850 8.833517 0.841992 -0.834261 -1.709795 -19.525496 -20.492839 -19.090355 -21.365817 -21.053128 -23.299854 -23.539142 -29.046376 -38.672609 -45.465527 -27.833709 -22.571852 -26.140273 -33.527495 -35.793437 -34.698392 -41.094488 -37.368147 -33.477541 -40.118853 -51.165657 -61.831572 -49.442516 -33.466369 -32.899671 -41.293317 -50.141871 -57.084026 -62.985183 -57.709021 -48.342892 
-37.483514 0.715322 14.034890 10.693206 -1.977002 8.729984 0.692203 -1.194947 -2.396438 -20.581654 -21.302055 -19.375040 -22.412095 -21.114497 -23.641149 -24.484878 -30.041111 -44.121875 -44.848579 -27.452558 -23.758901 -27.447900 -35.810815 -37.371529 -36.100927 -41.199216 -38.093376 -32.881104 -39.946106 -58.663911 -68.416378 -52.540044 -34.860471 -33.135126 -37.740936 -49.128214 -56.912656 -62.262326 -58.448307 -49.278479 
-32.456871 0.500009 13.825230 10.410951 -2.002780 8.352362 -0.012141 -1.788435 -3.112685 -20.137594 -22.561170 -19.931595 -22.505632 -22.027788 -25.111456 -26.168394 -30.278720 -45.930606 -42.123813 -28.193288 -24.500932 -28.557699 -35.735461 -36.232337 -34.570946 -38.306868 -37.367088 -33.849190 -43.188591 -61.842779 -70.402635 -51.876518 -33.250492 -34.092480 -41.404722 -53.176572 -61.847506 -65.498611 -62.716100 -47.578520 
-21.241926 0.577730 13.664006 10.427370 -1.911780 8.097798 -0.375582 -2.562482 -3.564150 -20.307723 -21.159528 -21.747911 -24.015956 -23.281510 -26.795203 -27.385095 -32.378930 -47.488478 -48.234364 -29.581459 -25.544004 -29.823083 -36.980578 -39.527995 -36.809504 -39.433042 -41.224076 -36.291893 -45.227267 -61.502868 -64.095080 -50.483109 -35.462869 -37.224606 -47.527658 -55.369980 -59.504168 -63.447356 -58.545579 -48.854379 
-26.224597 0.151749 13.481812 10.507937 -3.012759 7.636476 0.047667 -3.876009 -3.902100 -20.805219 -21.074214 -22.414154 -23.524263 -23.734739 -27.220506 -27.808478 -33.121639 -45.285773 -46.282616 -30.504604 -26.604170 -30.221644 -37.429624 -39.879494 -37.128147 -39.514317 -42.306217 -34.845780 -42.568379 -59.255958 -69.444536 -50.632216 -34.968098 -36.208474 -50.490330 -60.435901 -59.792670 -61.325947 -58.327544 -50.224127 
-22.183663 -0.586622 13.106964 10.376412 -3.879766 7.024728 0.186390 -5.913602 -5.002656 -21.315083 -20.283964 -23.449963 -23.107147 -23.284696 -27.102786 -27.891767 -34.193814 -46.918830 -48.127222 -32.017638 -25.448830 -26.632643 -36.870193 -40.714350 -36.484992 -38.646031 -41.380198 -32.877331 -39.136195 -58.316031 -64.572086 -50.738357 -34.993045 -36.150478 -48.054594 -60.963391 -56.333886 -59.863331 -57.651950 -48.266551 
-23.991806 -1.413633 12.729707 10.439385 -5.499394 5.958456 0.068186 -8.962123 -6.298433 -21.920463 -18.778856 -23.449929 -23.469358 -25.180893 -29.494654 -30.374022 -35.956067 -40.234627 -42.141008 -34.678924 -28.307445 -28.096789 -35.970500 -40.050226 -38.625940 -41.098157 -43.812101 -37.394113 -42.300364 -48.739805 -49.564443 -44.592494 -35.224041 -38.295885 -44.941055 -52.353893 -52.256421 -53.158345 -52.470830 -50.092712 
-21.846473 -2.037438 12.075904 10.580352 -6.379326 4.290579 -0.032637 -11.690437 -8.081925 -22.885487 -18.423474 -25.252655 -22.233029 -25.922665 -29.326624 -33.227784 -38.141763 -42.560950 -45.252936 -38.403098 -30.886032 -29.011689 -36.098073 -40.622688 -40.274589 -41.656571 -43.398993 -39.043435 -44.829336 -52.328499 -53.251430 -50.707001 -42.466073 -39.568319 -49.577884 -53.805595 -54.366060 -55.461401 -53.007541 -50.133398 
-31.703916 -3.976965 11.098084 10.108006 -9.193950 1.200551 -1.007251 -15.940520 -12.124295 -26.386695 -21.601198 -27.100582 -22.926948 -30.010364 -31.012894 -39.034512 -38.438139 -42.312077 -44.983545 -40.816021 -31.550421 -31.643712 -37.157323 -38.265062 -40.119826 -41.133902 -44.602941 -37.439892 -41.659833 -53.911204 -50.742781 -51.418798 -35.838492 -39.556286 -50.815450 -54.773549 -54.008051 -54.944505 -55.849472 -51.863200 
-20.727120 -6.152691 9.122159 9.930585 -8.101865 -2.633591 -0.898376 -15.899801 -19.570020 -29.887503 -24.138188 -24.600066 -25.996489 -31.589501 -32.323794 -37.244668 -37.992341 -38.327662 -39.782863 -35.502232 -31.971282 -31.421276 -35.055697 -38.445983 -38.359345 -41.418584 -44.531526 -38.865486 -42.016052 -47.093581 -46.433701 -45.322832 -37.411140 -39.470209 -47.652053 -49.403552 -49.745140 -50.117181 -50.246597 -49.425841 
-24.106474 -9.539332 6.825657 8.825400 -6.742866 -6.662087 -5.449520 -9.983206 -18.880433 -25.393816 -22.691250 -20.134271 -28.185941 -25.362541 -28.161789 -32.762337 -32.262382 -38.821720 -37.721666 -37.780222 -31.991303 -30.905107 -35.195183 -38.277661 -40.114589 -40.464552 -44.189909 -36.789225 -33.424811 -42.600499 -45.042285 -45.530044 -39.987890 -43.134426 -48.448392 -50.513497 -51.064874 -50.102928 -51.448740 -50.118512 
-19.908916 -10.744691 4.247799 6.927394 -7.230128 -10.323654 -7.222079 -8.374120 -17.574018 -24.767922 -20.013898 -14.107271 -18.482983 -19.662318 -25.774102 -31.044867 -30.284044 -36.856219 -35.704583 -41.926237 -32.632807 -29.780964 -35.057760 -38.574406 -36.735151 -40.625848 -39.153762 -32.741735 -28.335584 -37.842680 -38.996541 -41.302375 -41.889076 -46.491584 -48.456018 -49.134923 -50.119924 -49.748105 -50.774491 -47.297403 
-16.995743 -13.854157 -0.580543 2.760269 -9.328744 -23.142953 -15.780251 -16.114285 -26.712022 -29.535843 -23.160979 -15.077399 -22.912001 -32.354724 -31.067889 -33.817511 -35.943048 -36.061895 -34.590263 -36.380127 -25.481526 -26.472584 -31.097834 -37.074916 -40.244126 -42.305244 -42.843765 -34.879310 -32.119800 -41.597479 -46.720688 -45.881686 -47.249403 -43.860879 -47.494364 -54.414854 -55.467990 -53.224823 -55.414940 -52.161229 
-21.895727 -22.598413 -7.968828 -4.268314 -18.488459 -25.147745 -22.183324 -23.119733 -31.153712 -25.870868 -24.041025 -17.974631 -17.144587 -24.883400 -32.911844 -34.004542 -37.636407 -37.017407 -33.194812 -31.616064 -22.803122 -30.242815 -37.319832 -41.932710 -44.586317 -45.558614 -40.200239 -39.299731 -37.020990 -40.528351 -45.319776 -44.980615 -48.075466 -46.383934 -49.484146 -55.781867 -54.254344 -51.424031 -52.470998 -53.519888 
-31.030293 -19.972426 -15.653717 -10.874382 -21.570913 -24.785784 -24.696117 -28.090719 -36.329871 -32.882782 -29.938681 -24.062605 -24.324786 -25.361269 -29.835688 -37.825538 -43.586961 -37.966560 -33.670797 -33.601437 -28.687016 -26.844106 -33.114658 -42.738162 -47.182002 -45.281155 -40.821812 -36.304948 -34.449716 -40.040993 -45.870498 -46.938419 -51.787452 -49.690723 -54.048688 -66.767156 -59.943684 -56.098489 -57.352591 -58.292668 
-26.781787 -28.100809 -22.625705 -18.332118 -22.686892 -30.021045 -27.558098 -27.434640 -35.999028 -37.174162 -39.138942 -34.355655 -35.021459 -36.686614 -34.580810 -46.042321 -41.038384 -38.140882 -36.978210 -34.655619 -33.130173 -33.621411 -36.953091 -42.689879 -44.767381 -43.040248 -43.904763 -39.220976 -39.802858 -42.337057 -44.336105 -51.151588 -57.251593 -53.080949 -55.559973 -69.995829 -61.852287 -58.342987 -58.243484 -59.439547 
-40.929411 -38.082165 -35.887433 -42.237569 -49.259895 -52.434888 -50.344451 -47.409824 -50.402443 -52.455599 -50.803277 -46.798389 -43.801293 -47.141316 -51.240988 -56.249366 -50.586012 -49.958309 -48.906206 -43.867419 -44.185032 -47.254208 -47.729188 -53.813342 -52.981415 -54.818259 -52.054674 -51.202551 -52.303743 -51.714412 -53.035124 -60.192293 -62.725048 -59.845900 -61.241541 -74.410555 -69.079907 -65.209127 -63.877712 -65.672195 
-60.620955 -58.476483 -54.224951 -57.523578 -56.039418 -56.041334 -55.028174 -51.567694 -54.650424 -56.361870 -58.989897 -58.285770 -55.970842 -60.618928 -61.387541 -58.056363 -59.903320 -60.446739 -62.803681 -53.987066 -61.344988 -59.673862 -59.289296 -56.184427 -61.259970 -61.732732 -64.377512 -59.132265 -60.250030 -60.457128 -62.755753 -67.472102 -69.307574 -71.331629 -68.927067 -75.673020 -70.892640 -71.969877 -71.323545 -75.738404 
-63.075019 -65.823157 -68.853256 -63.237339 -59.416036 -61.130931 -56.379623 -60.010372 -57.839620 -63.532438 -65.400481 -59.019464 -61.990997 -65.149335 -64.515588 -63.973939 -65.995813 -65.505091 -71.556595 -64.135616 -62.965370 -63.964275 -60.392755 -65.906464 -66.435649 -65.219200 -69.105220 -63.729224 -63.831405 -67.320255 -68.886679 -69.335721 -72.137450 -73.599912 -74.130068 -76.720846 -72.810808 -73.170020 -73.756053 -79.360746 
-62.847346 -81.738598 -79.295803 -73.438610 -71.742128 -70.382973 -72.148668 -68.540081 -69.531047 -71.647267 -77.894469 -75.731333 -71.297039 -73.013529 -70.061007 -72.071527 -69.746412 -72.458219 -71.701885 -67.045724 -73.059549 -75.862196 -74.355780 -70.003092 -72.270291 -72.649263 -72.476734 -71.753479 -73.355696 -72.413579 -74.439540 -76.638026 -77.852850 -75.307578 -76.408268 -76.780389 -75.195162 -76.133033 -77.528787 -76.618754 
-64.772601 -80.052971 -82.245951 -78.826835 -79.481167 -76.000124 -71.600801 -73.122185 -72.145323 -79.816705 -76.370201 -76.596600 -80.450334 -76.813419 -76.580763 -78.787124 -78.934249 -77.876148 -75.732840 -75.885514 -78.720508 -75.381462 -75.161035 -73.792833 -75.452571 -77.812433 -79.935151 -77.222480 -73.962571 -77.429333 -75.144564 -75.648922 -79.418834 -76.617264 -77.651177 -75.077734 -75.268612 -75.535378 -76.483816 -75.581375 
-66.867036 -76.857795 -78.178811 -79.250287 -77.525198 -72.029515 -72.561221 -71.800390 -77.167222 -78.229602 -78.227170 -74.197725 -78.434331 -80.701874 -83.032592 -80.661473 -77.100469 -75.191277 -77.846305 -76.670571 -74.853348 -74.261925 -77.947712 -76.138390 -74.762596 -76.866336 -76.254687 -77.470348 -75.996062 -75.192220 -75.661967 -74.067778 -77.785277 -74.971263 -74.309841 -76.268746 -75.252511 -72.999065 -75.939096 -78.532232 
-62.334639 -74.525025 -77.077697 -75.035347 -75.498158 -73.283523 -72.582052 -82.133175 -79.146582 -73.844092 -74.120974 -76.000377 -78.984781 -75.593934 -77.362939 -73.255414 -72.835360 -77.763493 -80.137362 -76.552972 -75.474993 -72.664242 -74.058375 -73.486474 -77.104471 -77.374373 -76.409231 -75.447049 -78.230846 -73.132442 -74.851006 -76.839120 -75.759431 -75.851104 -73.706311 -74.603500 -75.047310 -75.889589 -74.680108 -77.041863 
-62.441968 -75.900739 -82.183919 -79.612047 -78.835895 -77.210867 -73.554390 -78.114896 -78.507609 -74.332280 -77.000002 -74.348794 -72.112956 -75.330398 -71.851628 -74.663954 -76.053877 -76.438107 -75.266502 -73.888820 -72.567523 -75.985119 -73.725522 -79.587629 -79.236074 -78.964335 -77.995644 -79.827838 -75.904044 -75.369772 -74.906441 -75.601540 -73.894042 -75.482087 -75.357671 -74.185612 -77.247974 -74.977239 -74.699547 -80.010347 
-63.488972 -73.284088 -79.195716 -80.146523 -76.245988 -79.551997 -72.590835 -76.091302 -78.369206 -79.091657 -81.231984 -77.918877 -72.862037 -77.263402 -73.819060 -71.721601 -76.013024 -78.373142 -76.718951 -77.490572 -77.418650 -79.726472 -79.252467 -84.002716 -82.387805 -81.233044 -75.169488 -77.383224 -79.108762 -76.389223 -76.912527 -80.189489 -75.834216 -77.395578 -78.994293 -79.143246 -79.836539 -78.837589 -79.548831 -81.569537 
-68.996543 -73.194901 -77.819601 -84.410538 -90.475210 -82.149956 -80.561714 -82.770005 -81.830548 -82.067620 -86.821441 -87.532393 -86.689260 -84.026107 -79.072731 -80.118232 -84.510683 -89.418300 -82.816495 -83.575028 -85.536553 -87.092820 -90.978784 -86.762498 -88.565258 -87.834598 -82.826025 -85.005044 -86.601933 -83.869516 -86.185465 -85.485497 -81.727724 -84.517206 -88.478582 -86.416326 -88.697442 -86.445938 -87.415532 -91.385457 
NaN NaN NaN NaN NaN NaN NaN NaN NaN NaN NaN NaN NaN NaN NaN NaN NaN NaN NaN NaN NaN NaN NaN NaN NaN NaN NaN NaN NaN NaN NaN NaN NaN NaN NaN NaN NaN NaN NaN NaN 
NaN NaN NaN NaN NaN NaN NaN NaN NaN NaN NaN NaN NaN NaN NaN NaN NaN NaN NaN NaN NaN NaN NaN NaN NaN NaN NaN NaN NaN NaN NaN NaN NaN NaN NaN NaN NaN NaN NaN NaN 
NaN NaN NaN NaN NaN NaN NaN NaN NaN NaN NaN NaN NaN NaN NaN NaN NaN NaN NaN NaN NaN NaN NaN NaN NaN NaN NaN NaN NaN NaN NaN NaN NaN NaN NaN NaN NaN NaN NaN NaN 
NaN NaN NaN NaN NaN NaN NaN NaN NaN NaN NaN NaN NaN NaN NaN NaN NaN NaN NaN NaN NaN NaN NaN NaN NaN NaN NaN NaN NaN NaN NaN NaN NaN NaN NaN NaN NaN NaN NaN NaN 
NaN NaN NaN NaN NaN NaN NaN NaN NaN NaN NaN NaN NaN NaN NaN NaN NaN NaN NaN NaN NaN NaN NaN NaN NaN NaN NaN NaN NaN NaN NaN NaN NaN NaN NaN NaN NaN NaN NaN NaN 
NaN NaN NaN NaN NaN NaN NaN NaN NaN NaN NaN NaN NaN NaN NaN NaN NaN NaN NaN NaN NaN NaN NaN NaN NaN NaN NaN NaN NaN NaN NaN NaN NaN NaN NaN NaN NaN NaN NaN NaN 
NaN NaN NaN NaN NaN NaN NaN NaN NaN NaN NaN NaN NaN NaN NaN NaN NaN NaN NaN NaN NaN NaN NaN NaN NaN NaN NaN NaN NaN NaN NaN NaN NaN NaN NaN NaN NaN NaN NaN NaN 
NaN NaN NaN NaN NaN NaN NaN NaN NaN NaN NaN NaN NaN NaN NaN NaN NaN NaN NaN NaN NaN NaN NaN NaN NaN NaN NaN NaN NaN NaN NaN NaN NaN NaN NaN NaN NaN NaN NaN NaN 
NaN NaN NaN NaN NaN NaN NaN NaN NaN NaN NaN NaN NaN NaN NaN NaN NaN NaN NaN NaN NaN NaN NaN NaN NaN NaN NaN NaN NaN NaN NaN NaN NaN NaN NaN NaN NaN NaN NaN NaN 
NaN NaN NaN NaN NaN NaN NaN NaN NaN NaN NaN NaN NaN NaN NaN NaN NaN NaN NaN NaN NaN NaN NaN NaN NaN NaN NaN NaN NaN NaN NaN NaN NaN NaN NaN NaN NaN NaN NaN NaN 
NaN NaN NaN NaN NaN NaN NaN NaN NaN NaN NaN NaN NaN NaN NaN NaN NaN NaN NaN NaN NaN NaN NaN NaN NaN NaN NaN NaN NaN NaN NaN NaN NaN NaN NaN NaN NaN NaN NaN NaN 
NaN NaN NaN NaN NaN NaN NaN NaN NaN NaN NaN NaN NaN NaN NaN NaN NaN NaN NaN NaN NaN NaN NaN NaN NaN NaN NaN NaN NaN NaN NaN NaN NaN NaN NaN NaN NaN NaN NaN NaN 
NaN NaN NaN NaN NaN NaN NaN NaN NaN NaN NaN NaN NaN NaN NaN NaN NaN NaN NaN NaN NaN NaN NaN NaN NaN NaN NaN NaN NaN NaN NaN NaN NaN NaN NaN NaN NaN NaN NaN NaN 
NaN NaN NaN NaN NaN NaN NaN NaN NaN NaN NaN NaN NaN NaN NaN NaN NaN NaN NaN NaN NaN NaN NaN NaN NaN NaN NaN NaN NaN NaN NaN NaN NaN NaN NaN NaN NaN NaN NaN NaN 
NaN NaN NaN NaN NaN NaN NaN NaN NaN NaN NaN NaN NaN NaN NaN NaN NaN NaN NaN NaN NaN NaN NaN NaN NaN NaN NaN NaN NaN NaN NaN NaN NaN NaN NaN NaN NaN NaN NaN NaN 
NaN NaN NaN NaN NaN NaN NaN NaN NaN NaN NaN NaN NaN NaN NaN NaN NaN NaN NaN NaN NaN NaN NaN NaN NaN NaN NaN NaN NaN NaN NaN NaN NaN NaN NaN NaN NaN NaN NaN NaN 
NaN NaN NaN NaN NaN NaN NaN NaN NaN NaN NaN NaN NaN NaN NaN NaN NaN NaN NaN NaN NaN NaN NaN NaN NaN NaN NaN NaN NaN NaN NaN NaN NaN NaN NaN NaN NaN NaN NaN NaN 
NaN NaN NaN NaN NaN NaN NaN NaN NaN NaN NaN NaN NaN NaN NaN NaN NaN NaN NaN NaN NaN NaN NaN NaN NaN NaN NaN NaN NaN NaN NaN NaN NaN NaN NaN NaN NaN NaN NaN NaN 
NaN NaN NaN NaN NaN NaN NaN NaN NaN NaN NaN NaN NaN NaN NaN NaN NaN NaN NaN NaN NaN NaN NaN NaN NaN NaN NaN NaN NaN NaN NaN NaN NaN NaN NaN NaN NaN NaN NaN NaN 
NaN NaN NaN NaN NaN NaN NaN NaN NaN NaN NaN NaN NaN NaN NaN NaN NaN NaN NaN NaN NaN NaN NaN NaN NaN NaN NaN NaN NaN NaN NaN NaN NaN NaN NaN NaN NaN NaN NaN NaN 
NaN NaN NaN NaN NaN NaN NaN NaN NaN NaN NaN NaN NaN NaN NaN NaN NaN NaN NaN NaN NaN NaN NaN NaN NaN NaN NaN NaN NaN NaN NaN NaN NaN NaN NaN NaN NaN NaN NaN NaN 
NaN NaN NaN NaN NaN NaN NaN NaN NaN NaN NaN NaN NaN NaN NaN NaN NaN NaN NaN NaN NaN NaN NaN NaN NaN NaN NaN NaN NaN NaN NaN NaN NaN NaN NaN NaN NaN NaN NaN NaN 
NaN NaN NaN NaN NaN NaN NaN NaN NaN NaN NaN NaN NaN NaN NaN NaN NaN NaN NaN NaN NaN NaN NaN NaN NaN NaN NaN NaN NaN NaN NaN NaN NaN NaN NaN NaN NaN NaN NaN NaN 
NaN NaN NaN NaN NaN NaN NaN NaN NaN NaN NaN NaN NaN NaN NaN NaN NaN NaN NaN NaN NaN NaN NaN NaN NaN NaN NaN NaN NaN NaN NaN NaN NaN NaN NaN NaN NaN NaN NaN NaN 
NaN NaN NaN NaN NaN NaN NaN NaN NaN NaN NaN NaN NaN NaN NaN NaN NaN NaN NaN NaN NaN NaN NaN NaN NaN NaN NaN NaN NaN NaN NaN NaN NaN NaN NaN NaN NaN NaN NaN NaN 
NaN NaN NaN NaN NaN NaN NaN NaN NaN NaN NaN NaN NaN NaN NaN NaN NaN NaN NaN NaN NaN NaN NaN NaN NaN NaN NaN NaN NaN NaN NaN NaN NaN NaN NaN NaN NaN NaN NaN NaN 
NaN NaN NaN NaN NaN NaN NaN NaN NaN NaN NaN NaN NaN NaN NaN NaN NaN NaN NaN NaN NaN NaN NaN NaN NaN NaN NaN NaN NaN NaN NaN NaN NaN NaN NaN NaN NaN NaN NaN NaN 
NaN NaN NaN NaN NaN NaN NaN NaN NaN NaN NaN NaN NaN NaN NaN NaN NaN NaN NaN NaN NaN NaN NaN NaN NaN NaN NaN NaN NaN NaN NaN NaN NaN NaN NaN NaN NaN NaN NaN NaN 
NaN NaN NaN NaN NaN NaN NaN NaN NaN NaN NaN NaN NaN NaN NaN NaN NaN NaN NaN NaN NaN NaN NaN NaN NaN NaN NaN NaN NaN NaN NaN NaN NaN NaN NaN NaN NaN NaN NaN NaN 
NaN NaN NaN NaN NaN NaN NaN NaN NaN NaN NaN NaN NaN NaN NaN NaN NaN NaN NaN NaN NaN NaN NaN NaN NaN NaN NaN NaN NaN NaN NaN NaN NaN NaN NaN NaN NaN NaN NaN NaN 
NaN NaN NaN NaN NaN NaN NaN NaN NaN NaN NaN NaN NaN NaN NaN NaN NaN NaN NaN NaN NaN NaN NaN NaN NaN NaN NaN NaN NaN NaN NaN NaN NaN NaN NaN NaN NaN NaN NaN NaN 
NaN NaN NaN NaN NaN NaN NaN NaN NaN NaN NaN NaN NaN NaN NaN NaN NaN NaN NaN NaN NaN NaN NaN NaN NaN NaN NaN NaN NaN NaN NaN NaN NaN NaN NaN NaN NaN NaN NaN NaN 
NaN NaN NaN NaN NaN NaN NaN NaN NaN NaN NaN NaN NaN NaN NaN NaN NaN NaN NaN NaN NaN NaN NaN NaN NaN NaN NaN NaN NaN NaN NaN NaN NaN NaN NaN NaN NaN NaN NaN NaN 
NaN NaN NaN NaN NaN NaN NaN NaN NaN NaN NaN NaN NaN NaN NaN NaN NaN NaN NaN NaN NaN NaN NaN NaN NaN NaN NaN NaN NaN NaN NaN NaN NaN NaN NaN NaN NaN NaN NaN NaN 
NaN NaN NaN NaN NaN NaN NaN NaN NaN NaN NaN NaN NaN NaN NaN NaN NaN NaN NaN NaN NaN NaN NaN NaN NaN NaN NaN NaN NaN NaN NaN NaN NaN NaN NaN NaN NaN NaN NaN NaN 
NaN NaN NaN NaN NaN NaN NaN NaN NaN NaN NaN NaN NaN NaN NaN NaN NaN NaN NaN NaN NaN NaN NaN NaN NaN NaN NaN NaN NaN NaN NaN NaN NaN NaN NaN NaN NaN NaN NaN NaN 
NaN NaN NaN NaN NaN NaN NaN NaN NaN NaN NaN NaN NaN NaN NaN NaN NaN NaN NaN NaN NaN NaN NaN NaN NaN NaN NaN NaN NaN NaN NaN NaN NaN NaN NaN NaN NaN NaN NaN NaN 
NaN NaN NaN NaN NaN NaN NaN NaN NaN NaN NaN NaN NaN NaN NaN NaN NaN NaN NaN NaN NaN NaN NaN NaN NaN NaN NaN NaN NaN NaN NaN NaN NaN NaN NaN NaN NaN NaN NaN NaN 
NaN NaN NaN NaN NaN NaN NaN NaN NaN NaN NaN NaN NaN NaN NaN NaN NaN NaN NaN NaN NaN NaN NaN NaN NaN NaN NaN NaN NaN NaN NaN NaN NaN NaN NaN NaN NaN NaN NaN NaN 
NaN NaN NaN NaN NaN NaN NaN NaN NaN NaN NaN NaN NaN NaN NaN NaN NaN NaN NaN NaN NaN NaN NaN NaN NaN NaN NaN NaN NaN NaN NaN NaN NaN NaN NaN NaN NaN NaN NaN NaN 
NaN NaN NaN NaN NaN NaN NaN NaN NaN NaN NaN NaN NaN NaN NaN NaN NaN NaN NaN NaN NaN NaN NaN NaN NaN NaN NaN NaN NaN NaN NaN NaN NaN NaN NaN NaN NaN NaN NaN NaN 
NaN NaN NaN NaN NaN NaN NaN NaN NaN NaN NaN NaN NaN NaN NaN NaN NaN NaN NaN NaN NaN NaN NaN NaN NaN NaN NaN NaN NaN NaN NaN NaN NaN NaN NaN NaN NaN NaN NaN NaN 
NaN NaN NaN NaN NaN NaN NaN NaN NaN NaN NaN NaN NaN NaN NaN NaN NaN NaN NaN NaN NaN NaN NaN NaN NaN NaN NaN NaN NaN NaN NaN NaN NaN NaN NaN NaN NaN NaN NaN NaN 
NaN NaN NaN NaN NaN NaN NaN NaN NaN NaN NaN NaN NaN NaN NaN NaN NaN NaN NaN NaN NaN NaN NaN NaN NaN NaN NaN NaN NaN NaN NaN NaN NaN NaN NaN NaN NaN NaN NaN NaN 
NaN NaN NaN NaN NaN NaN NaN NaN NaN NaN NaN NaN NaN NaN NaN NaN NaN NaN NaN NaN NaN NaN NaN NaN NaN NaN NaN NaN NaN NaN NaN NaN NaN NaN NaN NaN NaN NaN NaN NaN 
NaN NaN NaN NaN NaN NaN NaN NaN NaN NaN NaN NaN NaN NaN NaN NaN NaN NaN NaN NaN NaN NaN NaN NaN NaN NaN NaN NaN NaN NaN NaN NaN NaN NaN NaN NaN NaN NaN NaN NaN 
NaN NaN NaN NaN NaN NaN NaN NaN NaN NaN NaN NaN NaN NaN NaN NaN NaN NaN NaN NaN NaN NaN NaN NaN NaN NaN NaN NaN NaN NaN NaN NaN NaN NaN NaN NaN NaN NaN NaN NaN 
NaN NaN NaN NaN NaN NaN NaN NaN NaN NaN NaN NaN NaN NaN NaN NaN NaN NaN NaN NaN NaN NaN NaN NaN NaN NaN NaN NaN NaN NaN NaN NaN NaN NaN NaN NaN NaN NaN NaN NaN 
NaN NaN NaN NaN NaN NaN NaN NaN NaN NaN NaN NaN NaN NaN NaN NaN NaN NaN NaN NaN NaN NaN NaN NaN NaN NaN NaN NaN NaN NaN NaN NaN NaN NaN NaN NaN NaN NaN NaN NaN 
NaN NaN NaN NaN NaN NaN NaN NaN NaN NaN NaN NaN NaN NaN NaN NaN NaN NaN NaN NaN NaN NaN NaN NaN NaN NaN NaN NaN NaN NaN NaN NaN NaN NaN NaN NaN NaN NaN NaN NaN 
NaN NaN NaN NaN NaN NaN NaN NaN NaN NaN NaN NaN NaN NaN NaN NaN NaN NaN NaN NaN NaN NaN NaN NaN NaN NaN NaN NaN NaN NaN NaN NaN NaN NaN NaN NaN NaN NaN NaN NaN 
NaN NaN NaN NaN NaN NaN NaN NaN NaN NaN NaN NaN NaN NaN NaN NaN NaN NaN NaN NaN NaN NaN NaN NaN NaN NaN NaN NaN NaN NaN NaN NaN NaN NaN NaN NaN NaN NaN NaN NaN 
NaN NaN NaN NaN NaN NaN NaN NaN NaN NaN NaN NaN NaN NaN NaN NaN NaN NaN NaN NaN NaN NaN NaN NaN NaN NaN NaN NaN NaN NaN NaN NaN NaN NaN NaN NaN NaN NaN NaN NaN 
NaN NaN NaN NaN NaN NaN NaN NaN NaN NaN NaN NaN NaN NaN NaN NaN NaN NaN NaN NaN NaN NaN NaN NaN NaN NaN NaN NaN NaN NaN NaN NaN NaN NaN NaN NaN NaN NaN NaN NaN 
NaN NaN NaN NaN NaN NaN NaN NaN NaN NaN NaN NaN NaN NaN NaN NaN NaN NaN NaN NaN NaN NaN NaN NaN NaN NaN NaN NaN NaN NaN NaN NaN NaN NaN NaN NaN NaN NaN NaN NaN 
NaN NaN NaN NaN NaN NaN NaN NaN NaN NaN NaN NaN NaN NaN NaN NaN NaN NaN NaN NaN NaN NaN NaN NaN NaN NaN NaN NaN NaN NaN NaN NaN NaN NaN NaN NaN NaN NaN NaN NaN 
NaN NaN NaN NaN NaN NaN NaN NaN NaN NaN NaN NaN NaN NaN NaN NaN NaN NaN NaN NaN NaN NaN NaN NaN NaN NaN NaN NaN NaN NaN NaN NaN NaN NaN NaN NaN NaN NaN NaN NaN 
NaN NaN NaN NaN NaN NaN NaN NaN NaN NaN NaN NaN NaN NaN NaN NaN NaN NaN NaN NaN NaN NaN NaN NaN NaN NaN NaN NaN NaN NaN NaN NaN NaN NaN NaN NaN NaN NaN NaN NaN 
NaN NaN NaN NaN NaN NaN NaN NaN NaN NaN NaN NaN NaN NaN NaN NaN NaN NaN NaN NaN NaN NaN NaN NaN NaN NaN NaN NaN NaN NaN NaN NaN NaN NaN NaN NaN NaN NaN NaN NaN 
NaN NaN NaN NaN NaN NaN NaN NaN NaN NaN NaN NaN NaN NaN NaN NaN NaN NaN NaN NaN NaN NaN NaN NaN NaN NaN NaN NaN NaN NaN NaN NaN NaN NaN NaN NaN NaN NaN NaN NaN 
NaN NaN NaN NaN NaN NaN NaN NaN NaN NaN NaN NaN NaN NaN NaN NaN NaN NaN NaN NaN NaN NaN NaN NaN NaN NaN NaN NaN NaN NaN NaN NaN NaN NaN NaN NaN NaN NaN NaN NaN 
NaN NaN NaN NaN NaN NaN NaN NaN NaN NaN NaN NaN NaN NaN NaN NaN NaN NaN NaN NaN NaN NaN NaN NaN NaN NaN NaN NaN NaN NaN NaN NaN NaN NaN NaN NaN NaN NaN NaN NaN 
NaN NaN NaN NaN NaN NaN NaN NaN NaN NaN NaN NaN NaN NaN NaN NaN NaN NaN NaN NaN NaN NaN NaN NaN NaN NaN NaN NaN NaN NaN NaN NaN NaN NaN NaN NaN NaN NaN NaN NaN 
NaN NaN NaN NaN NaN NaN NaN NaN NaN NaN NaN NaN NaN NaN NaN NaN NaN NaN NaN NaN NaN NaN NaN NaN NaN NaN NaN NaN NaN NaN NaN NaN NaN NaN NaN NaN NaN NaN NaN NaN 
NaN NaN NaN NaN NaN NaN NaN NaN NaN NaN NaN NaN NaN NaN NaN NaN NaN NaN NaN NaN NaN NaN NaN NaN NaN NaN NaN NaN NaN NaN NaN NaN NaN NaN NaN NaN NaN NaN NaN NaN 
NaN NaN NaN NaN NaN NaN NaN NaN NaN NaN NaN NaN NaN NaN NaN NaN NaN NaN NaN NaN NaN NaN NaN NaN NaN NaN NaN NaN NaN NaN NaN NaN NaN NaN NaN NaN NaN NaN NaN NaN 
NaN NaN NaN NaN NaN NaN NaN NaN NaN NaN NaN NaN NaN NaN NaN NaN NaN NaN NaN NaN NaN NaN NaN NaN NaN NaN NaN NaN NaN NaN NaN NaN NaN NaN NaN NaN NaN NaN NaN NaN 
NaN NaN NaN NaN NaN NaN NaN NaN NaN NaN NaN NaN NaN NaN NaN NaN NaN NaN NaN NaN NaN NaN NaN NaN NaN NaN NaN NaN NaN NaN NaN NaN NaN NaN NaN NaN NaN NaN NaN NaN 
NaN NaN NaN NaN NaN NaN NaN NaN NaN NaN NaN NaN NaN NaN NaN NaN NaN NaN NaN NaN NaN NaN NaN NaN NaN NaN NaN NaN NaN NaN NaN NaN NaN NaN NaN NaN NaN NaN NaN NaN 
NaN NaN NaN NaN NaN NaN NaN NaN NaN NaN NaN NaN NaN NaN NaN NaN NaN NaN NaN NaN NaN NaN NaN NaN NaN NaN NaN NaN NaN NaN NaN NaN NaN NaN NaN NaN NaN NaN NaN NaN 
NaN NaN NaN NaN NaN NaN NaN NaN NaN NaN NaN NaN NaN NaN NaN NaN NaN NaN NaN NaN NaN NaN NaN NaN NaN NaN NaN NaN NaN NaN NaN NaN NaN NaN NaN NaN NaN NaN NaN NaN 
NaN NaN NaN NaN NaN NaN NaN NaN NaN NaN NaN NaN NaN NaN NaN NaN NaN NaN NaN NaN NaN NaN NaN NaN NaN NaN NaN NaN NaN NaN NaN NaN NaN NaN NaN NaN NaN NaN NaN NaN 
NaN NaN NaN NaN NaN NaN NaN NaN NaN NaN NaN NaN NaN NaN NaN NaN NaN NaN NaN NaN NaN NaN NaN NaN NaN NaN NaN NaN NaN NaN NaN NaN NaN NaN NaN NaN NaN NaN NaN NaN 
NaN NaN NaN NaN NaN NaN NaN NaN NaN NaN NaN NaN NaN NaN NaN NaN NaN NaN NaN NaN NaN NaN NaN NaN NaN NaN NaN NaN NaN NaN NaN NaN NaN NaN NaN NaN NaN NaN NaN NaN 
NaN NaN NaN NaN NaN NaN NaN NaN NaN NaN NaN NaN NaN NaN NaN NaN NaN NaN NaN NaN NaN NaN NaN NaN NaN NaN NaN NaN NaN NaN NaN NaN NaN NaN NaN NaN NaN NaN NaN NaN 
NaN NaN NaN NaN NaN NaN NaN NaN NaN NaN NaN NaN NaN NaN NaN NaN NaN NaN NaN NaN NaN NaN NaN NaN NaN NaN NaN NaN NaN NaN NaN NaN NaN NaN NaN NaN NaN NaN NaN NaN 
NaN NaN NaN NaN NaN NaN NaN NaN NaN NaN NaN NaN NaN NaN NaN NaN NaN NaN NaN NaN NaN NaN NaN NaN NaN NaN NaN NaN NaN NaN NaN NaN NaN NaN NaN NaN NaN NaN NaN NaN 
NaN NaN NaN NaN NaN NaN NaN NaN NaN NaN NaN NaN NaN NaN NaN NaN NaN NaN NaN NaN NaN NaN NaN NaN NaN NaN NaN NaN NaN NaN NaN NaN NaN NaN NaN NaN NaN NaN NaN NaN 
NaN NaN NaN NaN NaN NaN NaN NaN NaN NaN NaN NaN NaN NaN NaN NaN NaN NaN NaN NaN NaN NaN NaN NaN NaN NaN NaN NaN NaN NaN NaN NaN NaN NaN NaN NaN NaN NaN NaN NaN 
NaN NaN NaN NaN NaN NaN NaN NaN NaN NaN NaN NaN NaN NaN NaN NaN NaN NaN NaN NaN NaN NaN NaN NaN NaN NaN NaN NaN NaN NaN NaN NaN NaN NaN NaN NaN NaN NaN NaN NaN 
NaN NaN NaN NaN NaN NaN NaN NaN NaN NaN NaN NaN NaN NaN NaN NaN NaN NaN NaN NaN NaN NaN NaN NaN NaN NaN NaN NaN NaN NaN NaN NaN NaN NaN NaN NaN NaN NaN NaN NaN 
NaN NaN NaN NaN NaN NaN NaN NaN NaN NaN NaN NaN NaN NaN NaN NaN NaN NaN NaN NaN NaN NaN NaN NaN NaN NaN NaN NaN NaN NaN NaN NaN NaN NaN NaN NaN NaN NaN NaN NaN 
NaN NaN NaN NaN NaN NaN NaN NaN NaN NaN NaN NaN NaN NaN NaN NaN NaN NaN NaN NaN NaN NaN NaN NaN NaN NaN NaN NaN NaN NaN NaN NaN NaN NaN NaN NaN NaN NaN NaN NaN 
NaN NaN NaN NaN NaN NaN NaN NaN NaN NaN NaN NaN NaN NaN NaN NaN NaN NaN NaN NaN NaN NaN NaN NaN NaN NaN NaN NaN NaN NaN NaN NaN NaN NaN NaN NaN NaN NaN NaN NaN 
NaN NaN NaN NaN NaN NaN NaN NaN NaN NaN NaN NaN NaN NaN NaN NaN NaN NaN NaN NaN NaN NaN NaN NaN NaN NaN NaN NaN NaN NaN NaN NaN NaN NaN NaN NaN NaN NaN NaN NaN 
NaN NaN NaN NaN NaN NaN NaN NaN NaN NaN NaN NaN NaN NaN NaN NaN NaN NaN NaN NaN NaN NaN NaN NaN NaN NaN NaN NaN NaN NaN NaN NaN NaN NaN NaN NaN NaN NaN NaN NaN 
NaN NaN NaN NaN NaN NaN NaN NaN NaN NaN NaN NaN NaN NaN NaN NaN NaN NaN NaN NaN NaN NaN NaN NaN NaN NaN NaN NaN NaN NaN NaN NaN NaN NaN NaN NaN NaN NaN NaN NaN 
NaN NaN NaN NaN NaN NaN NaN NaN NaN NaN NaN NaN NaN NaN NaN NaN NaN NaN NaN NaN NaN NaN NaN NaN NaN NaN NaN NaN NaN NaN NaN NaN NaN NaN NaN NaN NaN NaN NaN NaN 
NaN NaN NaN NaN NaN NaN NaN NaN NaN NaN NaN NaN NaN NaN NaN NaN NaN NaN NaN NaN NaN NaN NaN NaN NaN NaN NaN NaN NaN NaN NaN NaN NaN NaN NaN NaN NaN NaN NaN NaN 
NaN NaN NaN NaN NaN NaN NaN NaN NaN NaN NaN NaN NaN NaN NaN NaN NaN NaN NaN NaN NaN NaN NaN NaN NaN NaN NaN NaN NaN NaN NaN NaN NaN NaN NaN NaN NaN NaN NaN NaN 
NaN NaN NaN NaN NaN NaN NaN NaN NaN NaN NaN NaN NaN NaN NaN NaN NaN NaN NaN NaN NaN NaN NaN NaN NaN NaN NaN NaN NaN NaN NaN NaN NaN NaN NaN NaN NaN NaN NaN NaN 
NaN NaN NaN NaN NaN NaN NaN NaN NaN NaN NaN NaN NaN NaN NaN NaN NaN NaN NaN NaN NaN NaN NaN NaN NaN NaN NaN NaN NaN NaN NaN NaN NaN NaN NaN NaN NaN NaN NaN NaN 
NaN NaN NaN NaN NaN NaN NaN NaN NaN NaN NaN NaN NaN NaN NaN NaN NaN NaN NaN NaN NaN NaN NaN NaN NaN NaN NaN NaN NaN NaN NaN NaN NaN NaN NaN NaN NaN NaN NaN NaN 
NaN NaN NaN NaN NaN NaN NaN NaN NaN NaN NaN NaN NaN NaN NaN NaN NaN NaN NaN NaN NaN NaN NaN NaN NaN NaN NaN NaN NaN NaN NaN NaN NaN NaN NaN NaN NaN NaN NaN NaN 
NaN NaN NaN NaN NaN NaN NaN NaN NaN NaN NaN NaN NaN NaN NaN NaN NaN NaN NaN NaN NaN NaN NaN NaN NaN NaN NaN NaN NaN NaN NaN NaN NaN NaN NaN NaN NaN NaN NaN NaN 
NaN NaN NaN NaN NaN NaN NaN NaN NaN NaN NaN NaN NaN NaN NaN NaN NaN NaN NaN NaN NaN NaN NaN NaN NaN NaN NaN NaN NaN NaN NaN NaN NaN NaN NaN NaN NaN NaN NaN NaN 
NaN NaN NaN NaN NaN NaN NaN NaN NaN NaN NaN NaN NaN NaN NaN NaN NaN NaN NaN NaN NaN NaN NaN NaN NaN NaN NaN NaN NaN NaN NaN NaN NaN NaN NaN NaN NaN NaN NaN NaN 
NaN NaN NaN NaN NaN NaN NaN NaN NaN NaN NaN NaN NaN NaN NaN NaN NaN NaN NaN NaN NaN NaN NaN NaN NaN NaN NaN NaN NaN NaN NaN NaN NaN NaN NaN NaN NaN NaN NaN NaN 
NaN NaN NaN NaN NaN NaN NaN NaN NaN NaN NaN NaN NaN NaN NaN NaN NaN NaN NaN NaN NaN NaN NaN NaN NaN NaN NaN NaN NaN NaN NaN NaN NaN NaN NaN NaN NaN NaN NaN NaN 
NaN NaN NaN NaN NaN NaN NaN NaN NaN NaN NaN NaN NaN NaN NaN NaN NaN NaN NaN NaN NaN NaN NaN NaN NaN NaN NaN NaN NaN NaN NaN NaN NaN NaN NaN NaN NaN NaN NaN NaN 
NaN NaN NaN NaN NaN NaN NaN NaN NaN NaN NaN NaN NaN NaN NaN NaN NaN NaN NaN NaN NaN NaN NaN NaN NaN NaN NaN NaN NaN NaN NaN NaN NaN NaN NaN NaN NaN NaN NaN NaN 
NaN NaN NaN NaN NaN NaN NaN NaN NaN NaN NaN NaN NaN NaN NaN NaN NaN NaN NaN NaN NaN NaN NaN NaN NaN NaN NaN NaN NaN NaN NaN NaN NaN NaN NaN NaN NaN NaN NaN NaN 
NaN NaN NaN NaN NaN NaN NaN NaN NaN NaN NaN NaN NaN NaN NaN NaN NaN NaN NaN NaN NaN NaN NaN NaN NaN NaN NaN NaN NaN NaN NaN NaN NaN NaN NaN NaN NaN NaN NaN NaN 
NaN NaN NaN NaN NaN NaN NaN NaN NaN NaN NaN NaN NaN NaN NaN NaN NaN NaN NaN NaN NaN NaN NaN NaN NaN NaN NaN NaN NaN NaN NaN NaN NaN NaN NaN NaN NaN NaN NaN NaN 
NaN NaN NaN NaN NaN NaN NaN NaN NaN NaN NaN NaN NaN NaN NaN NaN NaN NaN NaN NaN NaN NaN NaN NaN NaN NaN NaN NaN NaN NaN NaN NaN NaN NaN NaN NaN NaN NaN NaN NaN 
NaN NaN NaN NaN NaN NaN NaN NaN NaN NaN NaN NaN NaN NaN NaN NaN NaN NaN NaN NaN NaN NaN NaN NaN NaN NaN NaN NaN NaN NaN NaN NaN NaN NaN NaN NaN NaN NaN NaN NaN 
NaN NaN NaN NaN NaN NaN NaN NaN NaN NaN NaN NaN NaN NaN NaN NaN NaN NaN NaN NaN NaN NaN NaN NaN NaN NaN NaN NaN NaN NaN NaN NaN NaN NaN NaN NaN NaN NaN NaN NaN 
NaN NaN NaN NaN NaN NaN NaN NaN NaN NaN NaN NaN NaN NaN NaN NaN NaN NaN NaN NaN NaN NaN NaN NaN NaN NaN NaN NaN NaN NaN NaN NaN NaN NaN NaN NaN NaN NaN NaN NaN 
NaN NaN NaN NaN NaN NaN NaN NaN NaN NaN NaN NaN NaN NaN NaN NaN NaN NaN NaN NaN NaN NaN NaN NaN NaN NaN NaN NaN NaN NaN NaN NaN NaN NaN NaN NaN NaN NaN NaN NaN 
NaN NaN NaN NaN NaN NaN NaN NaN NaN NaN NaN NaN NaN NaN NaN NaN NaN NaN NaN NaN NaN NaN NaN NaN NaN NaN NaN NaN NaN NaN NaN NaN NaN NaN NaN NaN NaN NaN NaN NaN 
NaN NaN NaN NaN NaN NaN NaN NaN NaN NaN NaN NaN NaN NaN NaN NaN NaN NaN NaN NaN NaN NaN NaN NaN NaN NaN NaN NaN NaN NaN NaN NaN NaN NaN NaN NaN NaN NaN NaN NaN 
NaN NaN NaN NaN NaN NaN NaN NaN NaN NaN NaN NaN NaN NaN NaN NaN NaN NaN NaN NaN NaN NaN NaN NaN NaN NaN NaN NaN NaN NaN NaN NaN NaN NaN NaN NaN NaN NaN NaN NaN 
NaN NaN NaN NaN NaN NaN NaN NaN NaN NaN NaN NaN NaN NaN NaN NaN NaN NaN NaN NaN NaN NaN NaN NaN NaN NaN NaN NaN NaN NaN NaN NaN NaN NaN NaN NaN NaN NaN NaN NaN 
NaN NaN NaN NaN NaN NaN NaN NaN NaN NaN NaN NaN NaN NaN NaN NaN NaN NaN NaN NaN NaN NaN NaN NaN NaN NaN NaN NaN NaN NaN NaN NaN NaN NaN NaN NaN NaN NaN NaN NaN 
NaN NaN NaN NaN NaN NaN NaN NaN NaN NaN NaN NaN NaN NaN NaN NaN NaN NaN NaN NaN NaN NaN NaN NaN NaN NaN NaN NaN NaN NaN NaN NaN NaN NaN NaN NaN NaN NaN NaN NaN 
NaN NaN NaN NaN NaN NaN NaN NaN NaN NaN NaN NaN NaN NaN NaN NaN NaN NaN NaN NaN NaN NaN NaN NaN NaN NaN NaN NaN NaN NaN NaN NaN NaN NaN NaN NaN NaN NaN NaN NaN 
NaN NaN NaN NaN NaN NaN NaN NaN NaN NaN NaN NaN NaN NaN NaN NaN NaN NaN NaN NaN NaN NaN NaN NaN NaN NaN NaN NaN NaN NaN NaN NaN NaN NaN NaN NaN NaN NaN NaN NaN 
NaN NaN NaN NaN NaN NaN NaN NaN NaN NaN NaN NaN NaN NaN NaN NaN NaN NaN NaN NaN NaN NaN NaN NaN NaN NaN NaN NaN NaN NaN NaN NaN NaN NaN NaN NaN NaN NaN NaN NaN 
-74.483573 -77.769041 -83.050191 -85.107881 -84.021610 -84.377603 -85.356105 -87.535196 -87.160937 -90.307250 -95.690311 -92.509191 -93.627176 -94.283716 -90.922485 -92.379562 -99.643679 -94.876113 -95.147558 -87.911708 -92.222608 -92.301984 -89.781586 -91.166044 -95.233050 -104.933687 -95.493714 -93.423910 -88.876336 -87.554587 -91.139435 -93.341751 -92.274036 -89.246776 -89.500835 -88.300028 -88.574662 -88.716634 -90.687639 -89.132186 
-60.432167 -73.697956 -75.652840 -77.444781 -78.082681 -74.799172 -77.413053 -83.219261 -77.289451 -72.767612 -76.052665 -85.074511 -85.146101 -77.574411 -75.804869 -79.383036 -80.878290 -80.552956 -79.747375 -75.672553 -78.207141 -74.912153 -74.094136 -73.466125 -77.986786 -83.053473 -77.412681 -75.722403 -76.554706 -76.512475 -75.135747 -77.279440 -78.934992 -75.927082 -76.708016 -76.640305 -75.961000 -77.551926 -77.856540 -78.077555 
-60.496253 -78.344554 -73.915309 -75.392224 -70.679431 -72.705321 -74.573965 -77.903475 -84.170163 -74.223396 -75.609371 -83.246521 -82.813014 -74.759202 -71.986702 -72.505455 -73.374315 -78.320597 -76.917041 -70.475488 -73.408515 -73.493650 -73.779444 -73.038224 -76.788053 -79.042950 -78.684716 -77.001640 -75.898736 -76.306446 -73.487411 -78.098949 -76.144373 -76.698009 -76.418036 -76.307430 -75.798823 -75.755859 -72.211867 -76.167727 
-62.528548 -75.715429 -75.837085 -72.378485 -70.975536 -76.914556 -78.191202 -71.211201 -67.451244 -67.453386 -74.321274 -77.721676 -73.260145 -73.992152 -71.025000 -71.843597 -77.019438 -78.872279 -76.246804 -70.148709 -71.864656 -73.731068 -71.597604 -72.929686 -73.598365 -74.076393 -78.028888 -77.268916 -76.772511 -76.194706 -72.539255 -74.995801 -77.226436 -73.491339 -71.496621 -73.381563 -69.663250 -74.545253 -72.890232 -75.002983 
-39.726101 -36.205948 -34.975338 -34.480773 -34.371318 -36.506393 -40.374313 -46.719056 -52.767722 -55.814657 -52.524507 -54.405598 -51.167548 -53.643059 -57.273669 -57.113927 -60.151150 -63.423034 -59.316346 -58.602739 -59.873952 -59.464414 -56.486487 -62.779009 -67.303269 -64.889625 -67.098075 -68.643258 -66.527013 -64.482757 -68.009436 -69.780173 -69.602017 -67.206904 -65.959437 -66.794295 -65.280424 -66.041927 -70.251666 -70.317642 
-32.950116 -26.920838 -34.605834 -33.177253 -32.088337 -35.906446 -39.620192 -50.706457 -47.725615 -47.464197 -48.873337 -53.460805 -48.757025 -53.452512 -53.555862 -53.313957 -55.987822 -54.698716 -54.997948 -57.855259 -55.184692 -52.887818 -54.208813 -58.710326 -57.495530 -55.725569 -55.785013 -60.180582 -59.320658 -58.940912 -59.853188 -63.067079 -64.734173 -61.649473 -59.450282 -62.488917 -61.598250 -58.586184 -60.939963 -59.581699 
-26.327467 -30.270847 -34.607936 -36.006368 -45.483085 -50.292180 -53.922410 -55.915512 -56.004022 -59.523866 -61.352380 -58.147714 -57.424538 -58.080820 -62.660287 -58.690947 -59.794196 -55.815147 -58.462589 -57.820161 -59.411656 -57.870801 -63.870192 -62.363191 -58.613903 -58.199080 -58.693476 -62.490452 -66.192929 -65.182000 -64.251155 -64.173635 -63.356555 -63.900875 -63.857052 -62.703855 -62.883481 -66.525288 -67.831286 -67.739043 
-37.000562 -28.440518 -28.267635 -39.438146 -52.038772 -48.248930 -49.864049 -53.678966 -57.871125 -52.528412 -50.325892 -56.193487 -54.656167 -54.353612 -57.589074 -56.953424 -60.926850 -60.485122 -55.913075 -56.115523 -61.026314 -55.613911 -60.271606 -61.576385 -59.045547 -58.562946 -57.202467 -62.354147 -66.666513 -63.913777 -61.777558 -63.331313 -60.828882 -61.950943 -64.561546 -65.474873 -64.141186 -62.556049 -64.610002 -68.718645 
-22.956011 -24.900664 -31.846527 -35.772439 -46.078163 -45.989965 -50.326420 -52.313494 -52.254443 -56.744401 -56.983774 -65.911149 -64.825324 -61.256789 -61.029226 -61.191766 -58.058371 -59.758039 -59.094409 -58.495817 -58.877784 -57.900758 -58.923222 -60.717537 -57.752040 -58.106948 -64.282652 -63.617043 -66.233364 -65.202858 -59.132725 -60.484926 -63.345806 -64.705335 -67.873215 -65.975778 -65.407040 -65.938419 -71.052918 -71.200494 
-20.023200 -24.137470 -29.520779 -39.140755 -50.472310 -49.725210 -48.154676 -53.186847 -52.627839 -53.484036 -56.922226 -63.393033 -61.810247 -60.340564 -60.132974 -58.258533 -58.168223 -56.168697 -55.489198 -58.850667 -61.076500 -62.499972 -60.700504 -59.004334 -60.538320 -61.118898 -65.441494 -63.298420 -61.157028 -58.701458 -61.981755 -64.004214 -64.979218 -65.232228 -61.981572 -62.461974 -61.627489 -64.597165 -63.920537 -62.528690 
-21.123267 -23.401470 -26.838652 -31.702759 -35.515312 -37.249639 -39.174994 -41.165488 -41.567963 -41.370884 -42.822038 -45.194071 -45.636411 -46.222570 -47.595332 -50.407844 -52.189728 -53.710468 -51.592066 -50.662661 -53.394555 -56.581034 -53.826162 -56.158998 -53.676803 -51.790157 -57.377513 -58.657743 -55.483802 -59.213434 -63.045656 -60.775336 -58.402950 -56.543368 -55.101883 -54.537938 -53.663073 -51.923585 -53.733371 -54.577030 
