-51.371195 -50.656588 -55.519813 -59.698226 -60.581176 -59.386981 -58.871519 -67.766895 -69.368718 -67.689697 -65.722651 -72.396779 -72.795178 -74.536999 -71.712593 -70.512763 -72.001614 -68.545745 -72.675395 -79.664847 -76.401863 -73.308764 -76.342955 -72.473151 -70.088721 -73.519912 -77.298155 -74.320662 -73.721308 -75.432161 -76.078342 -75.110584 -75.216035 -73.670010 -71.323489 -67.785685 -70.739221 -69.307102 -74.960946 -77.226062 
-44.092790 -40.550045 -36.142852 -34.826633 -39.898143 -35.082642 -46.679751 -55.756235 -54.401277 -60.577389 -60.103144 -62.387444 -60.827837 -61.670640 -58.256899 -61.231793 -62.016248 -65.998365 -67.669530 -66.393188 -63.908936 -64.018715 -64.687530 -60.902881 -62.321148 -66.330706 -68.446468 -67.269194 -67.139024 -68.464999 -69.671070 -72.566053 -74.039816 -68.315902 -65.729913 -64.798166 -65.538964 -64.222687 -70.441391 -68.951349 
-23.070722 -10.717609 -2.311306 -0.538329 -4.160859 -8.967462 -12.775152 -22.813020 -30.318757 -24.722325 -27.300075 -32.536999 -31.555631 -32.954926 -33.827605 -35.127622 -35.541708 -35.256800 -36.859181 -37.823149 -38.444747 -39.022832 -39.994616 -38.361748 -42.052560 -42.334973 -42.691215 -43.309679 -43.697484 -44.257627 -44.756218 -45.203309 -45.741371 -46.026026 -45.521870 -45.648276 -46.735125 -46.413444 -47.693701 -47.796774 
-12.653590 4.450346 14.221893 15.436037 9.099854 11.181332 6.922849 -2.400438 -4.271048 -14.006935 -21.876793 -24.263358 -25.163210 -27.512872 -30.190977 -27.886135 -27.458624 -28.212188 -32.488747 -33.511808 -34.712334 -35.074626 -32.822801 -24.950028 -30.790663 -37.280276 -38.035763 -38.603701 -38.958554 -40.082535 -40.896205 -41.030559 -41.786914 -41.732991 -37.771858 -36.628089 -40.808733 -39.589803 -42.967876 -43.174512 
-15.867686 7.048873 16.821227 10.454653 17.300119 18.826821 6.753539 4.549032 -3.939150 -8.943070 -20.060669 -23.932798 -26.269558 -24.482009 -29.355207 -27.782820 -22.495166 -26.954573 -33.344629 -39.794394 -42.342756 -40.816246 -33.691704 -20.466228 -24.311162 -36.358016 -41.365890 -42.727330 -40.129710 -43.456897 -47.148093 -47.823263 -52.097691 -45.821382 -33.424862 -31.587753 -39.117843 -32.943005 -44.660558 -44.126886 
-19.508763 4.653355 17.968706 15.137123 9.106366 19.628207 11.879191 3.199579 2.892504 -14.478643 -14.994549 -21.828822 -23.849194 -22.378264 -25.302425 -23.930307 -18.159988 -25.824016 -32.999827 -34.886469 -36.538913 -36.636072 -31.024647 -19.231570 -26.589640 -37.252905 -41.083721 -38.460298 -34.885730 -39.173202 -42.931416 -44.652404 -45.601223 -43.056344 -31.319473 -30.511579 -36.443637 -34.097968 -42.707256 -42.096748 
-17.166677 4.334380 18.513851 17.080607 3.795701 18.506778 13.935166 1.508604 6.045265 -13.654437 -13.303206 -23.098240 -25.548156 -22.367635 -22.343734 -18.423528 -17.958729 -23.448050 -31.666378 -32.677695 -33.020602 -33.760391 -26.439376 -18.174917 -24.801452 -34.724137 -39.946639 -38.958207 -34.055811 -36.646273 -42.896914 -45.760432 -47.026723 -42.320820 -28.784431 -27.353889 -30.668452 -30.909118 -42.219046 -40.018843 
-19.858800 3.036487 18.874228 18.620111 3.859449 17.772173 15.645382 0.257429 6.317586 -9.368557 -11.715681 -21.507351 -26.820435 -21.601313 -20.617271 -14.783237 -17.721657 -20.548258 -30.435663 -29.688849 -32.567271 -34.524955 -21.665594 -14.566810 -26.094568 -30.876847 -36.344916 -34.696348 -29.396726 -32.649510 -41.729127 -43.531324 -44.164468 -41.892558 -29.710676 -27.348434 -31.493083 -30.671906 -40.272803 -36.880021 
-22.592375 1.710182 18.779877 20.037780 3.267912 15.535961 16.739187 -0.431215 5.143150 -4.910292 -10.792981 -16.489613 -18.681254 -19.730808 -17.143251 -13.384235 -15.414742 -20.590427 -23.732859 -26.266495 -27.123099 -26.587011 -19.135035 -14.100083 -19.401159 -29.636714 -30.779912 -29.116322 -25.841760 -29.897731 -33.437852 -34.289806 -34.711795 -34.854781 -30.245657 -29.080097 -32.268351 -31.540781 -35.193289 -35.655555 
-20.380016 -3.296322 17.603561 21.318707 7.015515 11.983557 17.682377 2.674825 2.420397 -2.499866 -14.954915 -16.575679 -22.301959 -23.919883 -18.922022 -18.166440 -11.658659 -22.317760 -18.599405 -25.335113 -25.269718 -27.924492 -16.877975 -8.838697 -14.914679 -26.295511 -32.378433 -28.200820 -24.186330 -29.554741 -34.999074 -43.774057 -53.916682 -50.722140 -32.494479 -30.786576 -35.817449 -37.421572 -42.140356 -36.042203 
-16.340757 -5.623071 16.043115 22.188961 11.162866 8.409877 17.844703 8.245602 -1.840593 2.895412 -8.412114 -11.844880 -18.415349 -19.504988 -15.272758 -14.850093 -8.923708 -4.662262 -3.330357 -10.306273 -19.461073 -17.754689 -15.314171 -7.154065 -6.344757 -17.944035 -22.886122 -21.549437 -15.939880 -20.172215 -27.883011 -35.910909 -46.803343 -48.115882 -38.802507 -35.817588 -40.349495 -41.448742 -41.249191 -32.537901 
-28.710496 -15.846949 12.233611 20.456536 14.180839 12.409386 15.161608 10.535605 5.460820 13.049252 2.202938 0.039765 -7.769833 -2.732719 -6.626467 -2.752278 -0.654679 4.131702 12.395551 6.795750 -2.195047 -8.183522 -5.185468 1.430466 6.822280 -3.311651 -7.362103 -6.336978 -1.009743 -8.775173 -21.710384 -30.653652 -35.944715 -36.505717 -36.622404 -30.721906 -27.148620 -32.814236 -33.730249 -30.570843 
-19.719614 -14.483517 8.856433 18.122778 10.526996 11.206771 18.861494 12.238712 6.249980 18.150373 5.672188 3.933729 0.789791 0.222448 -2.785366 1.456366 0.397154 5.958456 13.516189 8.844273 4.141627 -4.318786 -2.012360 3.479281 10.968720 2.486534 -3.610207 -3.165435 0.928686 -5.315032 -16.546927 -28.914968 -43.856046 -45.389496 -45.884162 -29.267359 -23.855825 -31.795520 -36.142348 -37.112640 
-22.959892 -20.729763 5.193126 17.693153 11.899589 -2.901757 9.823403 11.290002 -3.035291 17.208996 11.666549 3.373644 7.330929 -4.329774 1.073989 -2.618895 -0.425483 5.800023 9.930615 14.808151 5.522550 0.020098 0.308902 4.029200 9.142519 7.512506 -1.686117 -1.851839 3.417368 -2.471170 -10.577183 -22.459772 -32.794543 -33.125604 -30.181589 -23.197830 -20.067811 -25.365553 -28.780006 -32.775725 
-24.496631 -20.799275 0.763148 17.152962 14.031976 -7.711764 4.798529 9.479498 -6.096229 13.952415 14.923363 -0.677739 9.449404 -2.236281 2.098579 -5.506060 2.683182 6.837383 9.236906 15.643397 8.076071 2.380466 4.183192 5.326382 9.229810 7.830186 1.197902 -1.207864 1.724430 -0.918802 -9.628707 -19.696084 -34.982011 -33.181527 -24.428509 -19.515191 -16.629385 -21.067448 -25.350371 -28.326417 
-13.330270 -13.783754 -3.059339 16.885264 15.398724 -6.049136 -3.629755 7.315474 -7.006999 9.596626 16.227571 -2.714403 5.907619 -0.711463 -0.116577 -2.500981 0.804909 -1.041459 6.088401 11.621766 10.404324 1.954517 4.536836 6.576308 9.938733 8.215264 1.032705 0.050533 2.112402 -0.486973 -5.658879 -18.452232 -35.011307 -33.082160 -22.201884 -20.479856 -17.325370 -19.331845 -24.825580 -26.270401 
-37.333955 -23.459246 -5.840101 16.625962 17.278484 -2.074167 -7.314132 6.183992 -4.474987 2.694530 14.743247 -0.528746 -0.624143 -1.617597 -4.336369 -1.210303 -0.674378 0.607938 2.223305 4.904794 11.357095 3.649783 3.866024 5.257066 8.179574 9.152678 -3.233626 -3.635112 -1.563040 -1.630046 -5.222286 -16.773842 -35.782196 -31.268961 -22.849096 -20.471172 -20.238981 -23.043661 -27.468162 -28.187582 
-25.737557 -23.168594 -12.437363 15.916306 18.016980 -0.924613 -10.801317 6.621243 -0.676087 -7.659580 11.788052 0.679441 -5.720130 -1.836570 -12.425594 -3.168873 -6.397017 -1.132487 -1.655424 -0.283625 7.707458 3.347270 2.334009 2.593315 4.303834 6.918465 -2.693570 -7.249207 -6.855682 -4.118083 -8.875202 -17.180387 -34.719424 -33.976409 -23.695060 -22.340140 -23.916342 -20.819259 -28.635264 -30.777814 
-32.086200 -25.102343 -16.787186 15.701993 18.279017 0.244661 -11.950209 6.253646 -0.472102 -7.727208 10.659751 0.019998 -5.807947 -2.269991 -13.447811 -5.021070 -9.877050 -3.425015 -4.290839 -4.021172 5.264820 2.304542 1.854544 2.248650 3.744285 6.401298 -2.381048 -6.102559 -6.740679 -5.812029 -10.767464 -18.751681 -34.594007 -32.753814 -26.066928 -20.544525 -21.997755 -23.486118 -27.926869 -26.557738 
-17.923362 -16.870400 -7.576330 16.734536 17.937510 -1.206033 -7.384165 7.649760 -1.323315 -7.244661 10.847971 -1.010824 -3.391485 -3.499291 -12.172385 -6.449115 -9.174761 -4.550594 -3.176761 -1.200770 4.928244 6.660504 3.296498 2.238820 6.347740 9.334679 -0.621361 -3.688851 -3.101336 -5.267963 -10.929505 -21.707659 -41.454108 -33.717015 -25.506672 -18.728068 -21.183822 -21.808826 -26.431877 -24.169218 
-26.368855 -19.589357 -4.062320 17.270541 17.231534 -3.749102 -1.062886 9.015502 -4.491907 2.345180 11.948310 -4.293112 0.004536 -5.674643 -8.125746 -9.560866 -6.049093 -8.920457 -1.627497 0.222455 3.963104 9.125633 2.044926 0.796442 4.744477 8.749369 4.517334 -1.537862 -2.385220 -6.411769 -13.098539 -25.214682 -35.346136 -32.273993 -25.577577 -20.452002 -22.841301 -20.187564 -24.695659 -23.056599 
-13.783502 -15.591406 1.280344 18.554092 16.055630 -5.702396 4.337773 10.279889 -5.155877 8.850692 12.114488 -5.541616 3.479407 -7.062997 -3.880543 -9.525733 -2.913698 -3.215201 -1.585978 3.778883 6.883399 7.650079 3.170134 2.232841 3.364127 9.370184 6.576394 -0.402782 -1.188225 -4.904968 -8.734916 -20.084306 -39.060190 -33.749111 -24.755783 -23.945303 -23.498559 -22.791016 -25.785064 -23.709448 
-14.653301 -21.869286 5.498385 19.105285 13.418211 -3.590010 12.214353 12.038799 -4.919034 13.291631 9.024977 2.194067 4.613151 -4.635864 -4.267207 -3.331002 -3.097850 1.418415 -0.497824 2.527817 7.443052 9.124242 5.384825 3.288562 4.294060 7.751601 7.797954 -1.809060 -1.708740 -3.842231 -9.664968 -21.172807 -44.851233 -35.034126 -22.951320 -17.336939 -18.935709 -20.947737 -27.165717 -25.100123 
-23.776203 -12.177261 10.823779 19.014937 10.447498 6.988255 18.211769 11.124138 1.932184 12.709383 4.789388 8.192090 2.261308 -0.154479 -5.941850 -1.097355 -1.827324 1.182959 3.016805 7.311439 5.901755 8.369287 5.835406 1.538577 5.470069 8.243455 7.460739 0.343819 -4.370546 -8.505336 -9.837372 -18.580739 -33.532561 -34.775789 -25.396335 -17.368898 -16.459875 -18.919117 -28.187238 -24.579438 
-12.952457 -8.847393 13.423719 17.426174 3.656008 15.096559 21.678884 7.828791 5.534436 4.335312 6.718954 7.181391 1.993229 0.102627 0.087850 -1.009612 -1.424884 0.490739 2.552867 6.070014 5.852558 7.916087 5.891798 3.369111 4.461837 7.059827 7.289366 -1.363151 -5.419496 -7.883096 -8.007123 -17.918492 -29.354005 -35.110060 -25.683779 -19.095434 -15.861993 -18.948794 -28.427151 -23.179926 
-15.656319 -0.022039 15.312956 15.737262 5.173625 21.075844 21.751526 4.324024 0.607068 0.144275 11.198114 5.183531 8.300059 2.457625 1.273332 1.082034 -0.895111 0.880912 2.061737 4.990887 9.672699 8.220836 4.483784 2.117174 2.795536 8.707994 7.096578 -1.153595 -9.997426 -7.390443 -8.872282 -17.071747 -30.773863 -49.345404 -35.211076 -22.852455 -22.171122 -25.737051 -32.169822 -24.454501 
-18.562161 3.585915 15.753526 13.114439 11.055173 22.396996 17.131705 4.495698 0.906286 9.839127 9.947793 10.188058 6.684237 2.707618 -0.887198 1.268155 1.047496 1.746318 3.833008 7.095892 11.192294 6.910577 3.502771 0.371904 -0.493488 6.943465 5.444450 -3.281488 -8.975509 -6.531022 -7.796009 -18.684368 -31.766572 -41.826923 -33.148150 -18.491506 -23.271746 -24.533674 -26.649461 -23.216509 
-10.459935 6.314096 13.472508 5.781607 15.632913 18.108251 7.724590 4.093927 -5.001517 6.025861 7.625417 8.033437 9.696485 5.295551 0.741692 -1.682670 1.392770 0.191736 4.449080 6.734118 8.647469 2.387525 1.818242 0.128379 0.767518 4.624352 1.095429 -7.667388 -10.051626 -10.018008 -9.410947 -22.268479 -37.059097 -51.771851 -38.280198 -22.993767 -24.198198 -24.672820 -25.579700 -24.960494 
-10.881901 8.500487 13.952888 8.981048 16.588743 12.002241 7.006768 3.008582 -1.321266 0.492803 8.922490 9.413696 8.916497 3.726477 -0.372311 -1.207991 -1.070692 0.237089 4.206174 7.637439 8.992781 3.689179 2.634202 0.098818 -1.217762 1.924874 -1.546184 -7.922732 -7.996090 -7.848477 -12.548626 -24.027569 -34.575035 -43.024366 -36.959219 -17.665108 -20.608733 -24.431150 -28.305181 -22.043279 
-8.022106 10.228294 13.549480 9.878324 16.590627 9.551768 10.015879 2.173346 -3.006021 4.075771 5.118622 10.309694 8.208215 2.512732 0.106179 0.295833 -1.407847 0.403981 4.818164 8.626571 8.150745 -1.204365 -2.692236 -2.415832 -0.943737 3.051332 -1.736001 -10.777670 -10.419799 -8.584102 -15.033559 -27.228304 -42.362182 -53.087522 -44.475569 -22.604701 -20.286134 -19.225750 -28.267739 -25.236285 
-4.546545 11.343834 12.840294 12.445866 16.186792 10.814999 12.447313 0.307625 -2.190063 5.136958 5.684934 6.890481 8.565787 1.461322 -0.201514 0.229460 -2.397289 2.010820 4.124098 5.935014 5.147571 -3.910706 -1.140807 -0.293723 1.352371 0.776011 -6.588452 -8.369478 -6.750590 -7.656478 -19.415303 -28.996614 -39.372673 -42.452427 -38.158175 -22.377698 -19.052884 -21.266577 -29.303936 -26.478772 
-3.435312 10.696784 10.808374 13.155616 15.208675 12.050532 12.306022 -3.451481 -6.181844 2.720830 3.761369 6.510969 6.531052 2.822405 1.007397 -1.281676 -3.061568 -1.787256 1.678367 6.763237 4.520837 -3.948915 -3.011157 -2.790866 0.852072 0.637677 -6.335610 -11.005873 -10.253972 -10.417255 -23.047787 -30.246445 -36.908524 -41.250031 -33.745084 -24.932000 -22.601685 -20.061434 -29.629748 -27.234545 
-1.930569 10.354139 8.889907 12.996249 11.606042 11.793169 8.579319 -3.114661 -4.930807 -0.244280 4.480921 4.466928 3.533527 2.414507 -4.486737 -4.250533 -3.947392 -2.198799 1.625727 7.186632 3.930748 -5.953262 -5.035233 -4.265652 -2.680929 -3.532840 -6.878298 -8.274430 -15.672574 -15.224389 -26.287662 -31.269508 -39.943943 -52.626151 -34.684971 -29.307500 -26.232518 -25.066612 -31.913502 -27.293456 
-2.690771 9.757834 9.439209 12.253247 8.370443 8.337043 2.901739 0.239316 -6.368729 2.084031 1.805893 1.833527 0.975984 -2.585356 -5.721980 -5.221307 -3.703183 -2.812967 -0.441244 4.482136 1.506827 -3.720094 -5.318791 -4.954893 -1.451524 -3.814430 -8.865627 -12.840903 -9.754485 -12.851081 -31.164484 -32.032088 -41.295774 -51.573241 -34.283145 -31.792519 -27.791962 -25.454404 -32.951250 -30.221302 
-1.350790 9.404229 9.185859 11.188257 5.925043 3.289307 3.519461 -1.644358 -8.271468 -0.746900 0.742037 -1.339610 -2.487935 -8.803141 -12.040464 -9.738368 -8.699017 -5.841816 -0.095060 3.234010 -5.472370 -14.119239 -12.420633 -7.257828 -5.508068 -9.652876 -14.605761 -16.432467 -14.321932 -16.724138 -37.708961 -35.692339 -47.139280 -56.410755 -36.521539 -30.250734 -28.628669 -28.897389 -33.053494 -26.765175 
-1.790702 7.795870 7.960534 10.545434 4.268538 0.240468 6.312303 0.497926 -5.534062 -3.415088 -3.017439 -6.093138 -9.112761 -11.520488 -10.590391 -12.026428 -12.572143 -6.373365 -1.458728 -3.995767 -11.340376 -17.160309 -18.994424 -14.643819 -12.011457 -19.038154 -22.147651 -25.958783 -21.655620 -24.058556 -42.325513 -41.994808 -48.989939 -50.349016 -32.312178 -27.668456 -27.592095 -32.268107 -35.622094 -27.496668 
0.355847 6.158008 7.488429 10.454419 2.680277 5.166472 8.424212 -0.418462 -3.908872 -8.615239 -10.970277 -13.881979 -18.909914 -22.534749 -23.501631 -20.008257 -18.351936 -11.240368 -6.530755 -15.818678 -20.804869 -25.288191 -26.907238 -18.605881 -14.982329 -22.159514 -29.206683 -26.410501 -23.040555 -28.627654 -45.130867 -48.132865 -53.158364 -55.883592 -40.310062 -33.799829 -32.009435 -39.895935 -40.489065 -34.622871 
-1.013085 6.006089 8.865865 9.954389 4.543629 6.242134 6.326937 -6.714776 -13.565003 -14.176857 -15.149747 -19.410023 -27.275788 -34.752222 -30.275638 -28.621269 -27.728040 -19.821206 -20.121126 -24.892860 -29.350591 -35.756558 -27.285721 -19.622715 -16.426561 -29.742248 -36.479379 -36.676140 -33.101884 -35.320864 -48.977679 -47.140812 -52.152123 -52.498960 -35.534705 -34.470971 -37.762465 -43.084973 -47.126647 -41.199388 
-0.261830 3.636605 7.255817 9.891867 6.709950 6.640974 2.503195 -11.582631 -10.844530 -16.351051 -15.307074 -21.253796 -31.857309 -29.206468 -31.393306 -33.636264 -30.663480 -28.199839 -27.509438 -28.092803 -35.263988 -48.046192 -30.876125 -21.727809 -19.498360 -32.886793 -39.221261 -43.082130 -39.600587 -40.428244 -55.301042 -53.423647 -58.427281 -52.781329 -36.955533 -34.705987 -38.185116 -40.984092 -50.298258 -43.445218 
-0.305077 3.281296 6.686267 8.888318 5.282004 4.547087 -0.015751 -11.224800 -8.419915 -15.113797 -14.555948 -20.330537 -35.811703 -33.930311 -39.591427 -41.122611 -33.208498 -23.314179 -27.672032 -33.166404 -40.633782 -44.984199 -33.709874 -22.759872 -21.680375 -33.812041 -40.412849 -44.784676 -38.734730 -43.538291 -54.021343 -54.291307 -57.173253 -52.764579 -39.956952 -35.718247 -37.835535 -40.638095 -49.369242 -46.095280 
-0.707479 4.350873 6.723632 7.422411 6.534197 5.169626 -0.077573 -9.706649 -13.023183 -18.653675 -18.420153 -24.149466 -37.417952 -36.791020 -39.194755 -42.311891 -36.600727 -27.714155 -34.804673 -40.246145 -45.290926 -47.018115 -35.283617 -27.054921 -25.300074 -33.141269 -42.881880 -47.736648 -40.902619 -47.481250 -54.077324 -52.293601 -54.880764 -55.762300 -44.068023 -40.628371 -39.663260 -42.509806 -52.717632 -47.698744 
-0.764153 5.094567 6.172955 4.924700 7.886770 5.345561 -1.563204 -8.494181 -12.450669 -16.108162 -22.220823 -22.123413 -31.604076 -35.854891 -38.336199 -41.941175 -38.984712 -30.231061 -32.080140 -34.199706 -41.357364 -41.808594 -35.175584 -28.206888 -24.432380 -31.629325 -40.614314 -44.589840 -46.729531 -47.708245 -50.912333 -50.704789 -52.340781 -50.387221 -41.048369 -38.179392 -38.373643 -40.323441 -49.329490 -40.654189 
-0.773842 4.830549 3.082139 1.220110 9.210234 4.966865 -2.321533 -9.112125 -14.583101 -19.867530 -24.106341 -23.989691 -29.642668 -34.485741 -44.119713 -47.693492 -43.342935 -34.759668 -31.311089 -36.390926 -46.207967 -48.179277 -46.501947 -35.382255 -28.115131 -35.727968 -46.258509 -48.253285 -50.506165 -53.234672 -56.732281 -50.996450 -50.015238 -52.313437 -44.642869 -35.226525 -38.174889 -43.740762 -49.117719 -43.576927 
-0.822984 3.611510 -6.616941 1.087161 8.277093 6.917050 0.021079 -10.169146 -17.474584 -23.885830 -24.856705 -21.726801 -34.055110 -34.776969 -37.265820 -39.019262 -30.599889 -18.437330 -12.709264 -15.751095 -27.682161 -33.532744 -36.623323 -35.573584 -28.136632 -28.872819 -40.811936 -43.170881 -44.098445 -45.094032 -47.951139 -41.190476 -38.448578 -46.787945 -40.065602 -36.990689 -33.020968 -38.143174 -43.464608 -41.894807 
-1.488721 3.987209 -1.173866 -6.547593 -5.716307 -3.320403 -2.791109 -13.702702 -25.497589 -26.741667 -21.322503 -26.291712 -30.911606 -29.064809 -30.056801 -34.850538 -34.708692 -23.868099 -13.992717 -14.634525 -21.453457 -29.659018 -30.423837 -31.200009 -31.112808 -31.931462 -39.340810 -40.865673 -36.472546 -39.347515 -39.872836 -35.991720 -38.284805 -46.434199 -41.468650 -37.721922 -37.244602 -42.001037 -42.450008 -42.368453 
-2.009300 3.044831 -1.726009 -7.514270 -12.486912 -10.168625 -11.520280 -21.723626 -30.056631 -25.018398 -22.538907 -22.526208 -23.877553 -28.030967 -28.522603 -35.759544 -34.016241 -23.041219 -16.112449 -16.941226 -23.245857 -32.996489 -32.514090 -27.040423 -27.240418 -25.086195 -36.877236 -38.238705 -33.278798 -34.913387 -40.335285 -36.801280 -38.811400 -46.559535 -40.874573 -39.284832 -37.184914 -43.083170 -45.017710 -47.661192 
-3.611479 -0.623095 -10.291429 -21.160603 -17.680888 -7.846789 -11.052300 -26.997326 -39.778402 -28.502325 -22.655864 -23.840844 -19.926294 -26.293198 -31.720934 -39.169691 -31.831141 -18.958437 -13.063451 -17.484330 -26.402369 -32.244953 -35.538431 -25.887566 -21.885794 -19.464451 -33.245835 -34.157991 -30.511568 -31.704645 -37.374553 -34.353901 -34.382074 -44.751128 -41.183216 -38.217387 -33.611426 -39.763504 -44.181737 -46.541336 
-6.892692 -3.457903 -11.904152 -26.244929 -24.579321 -13.002766 -12.262390 -26.615684 -36.687909 -27.721109 -28.946482 -30.894124 -24.478232 -28.713090 -39.694994 -39.173947 -34.245265 -24.079578 -21.289878 -13.364788 -22.653735 -37.839317 -34.968861 -28.511961 -31.830875 -30.966272 -36.429941 -33.130481 -31.485519 -38.553505 -39.764355 -43.388117 -43.698727 -44.289001 -41.507681 -44.356518 -41.011409 -43.118892 -47.321848 -53.898634 
-14.923068 -9.798279 -18.586204 -24.551731 -21.359532 -24.606960 -21.272899 -29.315038 -28.856093 -28.543076 -31.733359 -34.589265 -29.938562 -28.017490 -37.453198 -38.864374 -37.916330 -27.220375 -26.892411 -19.715102 -26.342250 -38.150722 -33.888994 -38.465697 -36.638870 -31.253398 -36.690161 -39.215364 -37.249184 -40.419918 -41.726250 -48.577120 -47.916549 -50.126243 -46.039769 -46.269542 -45.528076 -50.531987 -53.839764 -59.151396 
-23.974787 -15.666571 -22.119426 -22.589111 -23.770339 -24.643526 -33.030167 -32.245123 -34.943869 -41.136204 -36.308683 -36.504088 -29.629344 -28.291823 -41.063700 -50.219765 -43.815240 -33.286063 -30.217776 -26.552472 -36.701667 -41.575973 -46.244016 -49.913986 -49.595532 -39.470877 -39.260776 -44.090405 -43.466229 -47.825271 -50.551493 -52.577112 -54.201822 -58.500011 -53.552446 -52.886230 -52.328784 -58.930777 -59.804492 -63.320160 
-25.469470 -20.318044 -26.723525 -32.353474 -27.326528 -29.074564 -30.722508 -39.335163 -41.386144 -42.834289 -42.094863 -47.871443 -42.128928 -42.781069 -49.056191 -53.799583 -45.175331 -41.254421 -35.972365 -34.179856 -42.566081 -51.986821 -50.644819 -50.545711 -54.148840 -44.278977 -44.840403 -49.304128 -50.507043 -55.772867 -57.910069 -58.869429 -54.676859 -60.315960 -57.865538 -57.978883 -56.336579 -60.960020 -64.855747 -68.298757 
-28.973843 -22.511632 -30.209240 -33.513494 -33.314299 -33.567902 -33.938734 -46.059061 -48.871277 -44.149259 -48.053937 -50.600562 -46.025024 -46.112396 -51.696341 -56.394100 -49.023768 -46.347720 -39.939084 -38.754997 -54.085866 -62.430713 -59.444462 -55.060148 -55.170829 -51.547321 -52.273857 -56.033975 -55.765463 -63.136754 -60.758873 -64.096815 -63.995479 -68.162362 -66.283704 -65.150475 -65.059341 -68.055754 -69.060599 -74.132477 
-32.722060 -29.630179 -37.043501 -43.173034 -50.386714 -38.394384 -36.449054 -47.179229 -43.777483 -45.345051 -53.391776 -57.933255 -54.388562 -57.588403 -56.532318 -55.259176 -52.606568 -53.353757 -48.658800 -45.694371 -56.809434 -60.267169 -61.844470 -65.079832 -66.256477 -58.735188 -61.365436 -64.239205 -66.602682 -64.973877 -66.875785 -72.324178 -65.805402 -69.657766 -73.562951 -74.419749 -71.240787 -70.451249 -71.856688 -76.694151 
-41.383401 -34.790457 -39.357672 -52.285888 -48.670280 -41.146406 -40.767107 -52.275877 -57.344685 -52.775689 -61.047382 -61.081241 -55.757502 -60.800973 -66.606147 -63.867120 -63.822167 -56.362203 -50.780779 -56.827403 -66.184131 -66.516641 -68.766255 -72.436080 -76.342972 -70.881814 -70.771308 -72.688071 -69.107487 -67.692269 -73.904068 -75.795910 -71.492907 -71.822314 -73.783520 -76.325193 -77.034652 -74.244630 -71.683835 -75.578441 
-48.703794 -39.018071 -42.076381 -48.165766 -51.855582 -50.265107 -51.597114 -60.677997 -62.015344 -62.198739 -65.271636 -64.638895 -68.271261 -71.870543 -68.042121 -70.258775 -66.433029 -64.123945 -66.098001 -70.667819 -76.765919 -71.575535 -69.742862 -71.602357 -80.839971 -69.452597 -72.114574 -77.124530 -77.732472 -73.982893 -74.117155 -72.790579 -75.819160 -73.065671 -73.698394 -78.345963 -76.707837 -73.929429 -74.957517 -76.826338 
-46.321989 -42.818724 -50.350543 -59.468441 -59.527651 -60.165693 -63.410223 -63.359955 -66.143955 -81.731588 -70.013750 -64.236015 -71.314833 -71.507197 -71.863932 -72.759936 -73.566471 -71.025030 -66.647764 -68.143467 -76.339908 -75.280517 -75.131490 -74.478086 -74.868973 -70.949133 -74.866420 -73.518013 -74.826101 -75.326996 -73.080071 -71.280264 -74.385225 -73.450556 -71.747001 -75.356763 -74.286129 -70.859118 -74.806542 -76.926264 
-45.838918 -46.522083 -57.801135 -64.225216 -60.535108 -63.372071 -64.095884 -68.613326 -71.056218 -74.236837 -81.531488 -73.346540 -73.370372 -71.591461 -77.795048 -75.819494 -71.880906 -72.033348 -70.975902 -71.723333 -76.252524 -76.692680 -76.688914 -75.187903 -71.935240 -76.204019 -74.895074 -72.993416 -76.366582 -77.703836 -75.067905 -73.727628 -73.834514 -75.616658 -74.135592 -76.659020 -76.560258 -74.727576 -75.469517 -75.483682 
-52.509667 -52.931484 -62.182220 -67.745236 -64.743149 -64.721410 -67.581915 -74.307702 -78.766296 -72.005345 -70.867989 -71.339123 -70.277357 -78.257738 -78.508443 -73.780348 -66.758884 -70.256139 -75.034541 -75.621163 -76.980683 -79.368355 -79.362529 -77.821516 -77.880994 -76.078394 -77.755381 -78.559576 -74.769664 -73.074460 -72.379138 -73.754693 -72.434406 -74.763597 -77.447178 -77.090819 -75.814374 -75.755289 -74.584291 -76.794995 
-55.366079 -59.631900 -63.093915 -69.408846 -75.276804 -74.836534 -73.289459 -76.480708 -80.407206 -79.785555 -75.248702 -71.925457 -75.083083 -75.154675 -75.418487 -76.071722 -74.517394 -72.042397 -70.694358 -76.115800 -78.317387 -77.991261 -74.717802 -71.111009 -76.998320 -72.337911 -76.068221 -79.480822 -74.556581 -73.553998 -73.546416 -80.102095 -76.913731 -77.618422 -79.562055 -75.186843 -75.170031 -75.255227 -75.954198 -76.862324 
-61.297164 -63.669923 -71.656930 -71.014364 -75.203923 -76.705270 -73.926873 -78.984018 -77.372069 -75.003213 -78.290322 -79.295128 -80.431543 -76.527381 -75.886602 -73.057122 -72.675907 -73.443859 -74.133574 -78.576045 -74.796516 -74.788944 -74.388965 -76.063225 -79.929411 -77.931311 -76.113224 -77.973268 -75.255810 -74.388810 -75.182455 -77.018991 -73.413580 -73.179665 -77.619278 -76.988989 -74.835555 -73.759972 -76.807919 -77.962084 
-63.368302 -71.069467 -71.190637 -68.348664 -68.349270 -69.641272 -72.849412 -70.943297 -75.004765 -76.214645 -76.545102 -73.786528 -77.740299 -71.747127 -76.477897 -74.905658 -75.717277 -80.109416 -80.089944 -75.498294 -75.749367 -74.490358 -76.435994 -74.260009 -72.676230 -77.581029 -78.893321 -77.368062 -76.928247 -78.022506 -75.383091 -73.693901 -74.292695 -78.668730 -78.971708 -76.290247 -75.742927 -74.949954 -76.345066 -76.529320 
-64.945906 -75.768406 -81.623369 -81.112106 -82.983302 -79.133811 -79.368007 -75.004379 -76.464436 -73.847947 -73.747129 -76.859934 -79.207134 -78.637236 -74.702019 -71.228835 -75.394636 -77.359366 -76.536634 -75.683154 -75.514230 -73.428151 -76.741390 -75.823058 -77.089523 -74.400937 -78.628864 -75.547213 -74.719632 -79.196949 -76.818394 -76.648177 -77.347213 -76.944992 -81.284122 -81.791019 -77.383815 -78.627791 -78.809305 -79.224076 
-63.914836 -77.891896 -71.880064 -71.155155 -73.429801 -75.627441 -76.674170 -73.708165 -81.319102 -77.639502 -75.167247 -80.445123 -83.890204 -81.970683 -85.356609 -78.996439 -77.158597 -76.440303 -76.515822 -79.035464 -77.616102 -75.581569 -78.956638 -78.711277 -77.588518 -77.340853 -77.994222 -76.457460 -77.967280 -78.640991 -74.714926 -75.474573 -78.268053 -79.944461 -78.988588 -77.267076 -76.486064 -78.230513 -79.931146 -79.609677 
-74.714958 -77.009823 -78.562153 -79.004322 -81.729309 -90.497968 -89.046529 -84.655755 -84.271981 -84.029993 -83.889207 -88.451659 -95.738847 -92.323269 -89.998132 -90.066729 -87.330159 -85.653160 -84.865856 -88.746659 -89.253939 -87.343253 -86.917871 -90.465363 -90.523575 -90.620421 -91.312996 -87.141656 -89.559580 -88.948990 -81.988478 -85.147143 -87.516057 -87.278044 -85.931929 -86.036453 -83.706610 -86.037836 -88.166932 -87.583848 
NaN NaN NaN NaN NaN NaN NaN NaN NaN NaN NaN NaN NaN NaN NaN NaN NaN NaN NaN NaN NaN NaN NaN NaN NaN NaN NaN NaN NaN NaN NaN NaN NaN NaN NaN NaN NaN NaN NaN NaN 
NaN NaN NaN NaN NaN NaN NaN NaN NaN NaN NaN NaN NaN NaN NaN NaN NaN NaN NaN NaN NaN NaN NaN NaN NaN NaN NaN NaN NaN NaN NaN NaN NaN NaN NaN NaN NaN NaN NaN NaN 
NaN NaN NaN NaN NaN NaN NaN NaN NaN NaN NaN NaN NaN NaN NaN NaN NaN NaN NaN NaN NaN NaN NaN NaN NaN NaN NaN NaN NaN NaN NaN NaN NaN NaN NaN NaN NaN NaN NaN NaN 
NaN NaN NaN NaN NaN NaN NaN NaN NaN NaN NaN NaN NaN NaN NaN NaN NaN NaN NaN NaN NaN NaN NaN NaN NaN NaN NaN NaN NaN NaN NaN NaN NaN NaN NaN NaN NaN NaN NaN NaN 
NaN NaN NaN NaN NaN NaN NaN NaN NaN NaN NaN NaN NaN NaN NaN NaN NaN NaN NaN NaN NaN NaN NaN NaN NaN NaN NaN NaN NaN NaN NaN NaN NaN NaN NaN NaN NaN NaN NaN NaN 
NaN NaN NaN NaN NaN NaN NaN NaN NaN NaN NaN NaN NaN NaN NaN NaN NaN NaN NaN NaN NaN NaN NaN NaN NaN NaN NaN NaN NaN NaN NaN NaN NaN NaN NaN NaN NaN NaN NaN NaN 
NaN NaN NaN NaN NaN NaN NaN NaN NaN NaN NaN NaN NaN NaN NaN NaN NaN NaN NaN NaN NaN NaN NaN NaN NaN NaN NaN NaN NaN NaN NaN NaN NaN NaN NaN NaN NaN NaN NaN NaN 
NaN NaN NaN NaN NaN NaN NaN NaN NaN NaN NaN NaN NaN NaN NaN NaN NaN NaN NaN NaN NaN NaN NaN NaN NaN NaN NaN NaN NaN NaN NaN NaN NaN NaN NaN NaN NaN NaN NaN NaN 
NaN NaN NaN NaN NaN NaN NaN NaN NaN NaN NaN NaN NaN NaN NaN NaN NaN NaN NaN NaN NaN NaN NaN NaN NaN NaN NaN NaN NaN NaN NaN NaN NaN NaN NaN NaN NaN NaN NaN NaN 
NaN NaN NaN NaN NaN NaN NaN NaN NaN NaN NaN NaN NaN NaN NaN NaN NaN NaN NaN NaN NaN NaN NaN NaN NaN NaN NaN NaN NaN NaN NaN NaN NaN NaN NaN NaN NaN NaN NaN NaN 
NaN NaN NaN NaN NaN NaN NaN NaN NaN NaN NaN NaN NaN NaN NaN NaN NaN NaN NaN NaN NaN NaN NaN NaN NaN NaN NaN NaN NaN NaN NaN NaN NaN NaN NaN NaN NaN NaN NaN NaN 
NaN NaN NaN NaN NaN NaN NaN NaN NaN NaN NaN NaN NaN NaN NaN NaN NaN NaN NaN NaN NaN NaN NaN NaN NaN NaN NaN NaN NaN NaN NaN NaN NaN NaN NaN NaN NaN NaN NaN NaN 
NaN NaN NaN NaN NaN NaN NaN NaN NaN NaN NaN NaN NaN NaN NaN NaN NaN NaN NaN NaN NaN NaN NaN NaN NaN NaN NaN NaN NaN NaN NaN NaN NaN NaN NaN NaN NaN NaN NaN NaN 
NaN NaN NaN NaN NaN NaN NaN NaN NaN NaN NaN NaN NaN NaN NaN NaN NaN NaN NaN NaN NaN NaN NaN NaN NaN NaN NaN NaN NaN NaN NaN NaN NaN NaN NaN NaN NaN NaN NaN NaN 
NaN NaN NaN NaN NaN NaN NaN NaN NaN NaN NaN NaN NaN NaN NaN NaN NaN NaN NaN NaN NaN NaN NaN NaN NaN NaN NaN NaN NaN NaN NaN NaN NaN NaN NaN NaN NaN NaN NaN NaN 
NaN NaN NaN NaN NaN NaN NaN NaN NaN NaN NaN NaN NaN NaN NaN NaN NaN NaN NaN NaN NaN NaN NaN NaN NaN NaN NaN NaN NaN NaN NaN NaN NaN NaN NaN NaN NaN NaN NaN NaN 
NaN NaN NaN NaN NaN NaN NaN NaN NaN NaN NaN NaN NaN NaN NaN NaN NaN NaN NaN NaN NaN NaN NaN NaN NaN NaN NaN NaN NaN NaN NaN NaN NaN NaN NaN NaN NaN NaN NaN NaN 
NaN NaN NaN NaN NaN NaN NaN NaN NaN NaN NaN NaN NaN NaN NaN NaN NaN NaN NaN NaN NaN NaN NaN NaN NaN NaN NaN NaN NaN NaN NaN NaN NaN NaN NaN NaN NaN NaN NaN NaN 
NaN NaN NaN NaN NaN NaN NaN NaN NaN NaN NaN NaN NaN NaN NaN NaN NaN NaN NaN NaN NaN NaN NaN NaN NaN NaN NaN NaN NaN NaN NaN NaN NaN NaN NaN NaN NaN NaN NaN NaN 
NaN NaN NaN NaN NaN NaN NaN NaN NaN NaN NaN NaN NaN NaN NaN NaN NaN NaN NaN NaN NaN NaN NaN NaN NaN NaN NaN NaN NaN NaN NaN NaN NaN NaN NaN NaN NaN NaN NaN NaN 
NaN NaN NaN NaN NaN NaN NaN NaN NaN NaN NaN NaN NaN NaN NaN NaN NaN NaN NaN NaN NaN NaN NaN NaN NaN NaN NaN NaN NaN NaN NaN NaN NaN NaN NaN NaN NaN NaN NaN NaN 
NaN NaN NaN NaN NaN NaN NaN NaN NaN NaN NaN NaN NaN NaN NaN NaN NaN NaN NaN NaN NaN NaN NaN NaN NaN NaN NaN NaN NaN NaN NaN NaN NaN NaN NaN NaN NaN NaN NaN NaN 
NaN NaN NaN NaN NaN NaN NaN NaN NaN NaN NaN NaN NaN NaN NaN NaN NaN NaN NaN NaN NaN NaN NaN NaN NaN NaN NaN NaN NaN NaN NaN NaN NaN NaN NaN NaN NaN NaN NaN NaN 
NaN NaN NaN NaN NaN NaN NaN NaN NaN NaN NaN NaN NaN NaN NaN NaN NaN NaN NaN NaN NaN NaN NaN NaN NaN NaN NaN NaN NaN NaN NaN NaN NaN NaN NaN NaN NaN NaN NaN NaN 
NaN NaN NaN NaN NaN NaN NaN NaN NaN NaN NaN NaN NaN NaN NaN NaN NaN NaN NaN NaN NaN NaN NaN NaN NaN NaN NaN NaN NaN NaN NaN NaN NaN NaN NaN NaN NaN NaN NaN NaN 
NaN NaN NaN NaN NaN NaN NaN NaN NaN NaN NaN NaN NaN NaN NaN NaN NaN NaN NaN NaN NaN NaN NaN NaN NaN NaN NaN NaN NaN NaN NaN NaN NaN NaN NaN NaN NaN NaN NaN NaN 
NaN NaN NaN NaN NaN NaN NaN NaN NaN NaN NaN NaN NaN NaN NaN NaN NaN NaN NaN NaN NaN NaN NaN NaN NaN NaN NaN NaN NaN NaN NaN NaN NaN NaN NaN NaN NaN NaN NaN NaN 
NaN NaN NaN NaN NaN NaN NaN NaN NaN NaN NaN NaN NaN NaN NaN NaN NaN NaN NaN NaN NaN NaN NaN NaN NaN NaN NaN NaN NaN NaN NaN NaN NaN NaN NaN NaN NaN NaN NaN NaN 
NaN NaN NaN NaN NaN NaN NaN NaN NaN NaN NaN NaN NaN NaN NaN NaN NaN NaN NaN NaN NaN NaN NaN NaN NaN NaN NaN NaN NaN NaN NaN NaN NaN NaN NaN NaN NaN NaN NaN NaN 
NaN NaN NaN NaN NaN NaN NaN NaN NaN NaN NaN NaN NaN NaN NaN NaN NaN NaN NaN NaN NaN NaN NaN NaN NaN NaN NaN NaN NaN NaN NaN NaN NaN NaN NaN NaN NaN NaN NaN NaN 
NaN NaN NaN NaN NaN NaN NaN NaN NaN NaN NaN NaN NaN NaN NaN NaN NaN NaN NaN NaN NaN NaN NaN NaN NaN NaN NaN NaN NaN NaN NaN NaN NaN NaN NaN NaN NaN NaN NaN NaN 
NaN NaN NaN NaN NaN NaN NaN NaN NaN NaN NaN NaN NaN NaN NaN NaN NaN NaN NaN NaN NaN NaN NaN NaN NaN NaN NaN NaN NaN NaN NaN NaN NaN NaN NaN NaN NaN NaN NaN NaN 
NaN NaN NaN NaN NaN NaN NaN NaN NaN NaN NaN NaN NaN NaN NaN NaN NaN NaN NaN NaN NaN NaN NaN NaN NaN NaN NaN NaN NaN NaN NaN NaN NaN NaN NaN NaN NaN NaN NaN NaN 
NaN NaN NaN NaN NaN NaN NaN NaN NaN NaN NaN NaN NaN NaN NaN NaN NaN NaN NaN NaN NaN NaN NaN NaN NaN NaN NaN NaN NaN NaN NaN NaN NaN NaN NaN NaN NaN NaN NaN NaN 
NaN NaN NaN NaN NaN NaN NaN NaN NaN NaN NaN NaN NaN NaN NaN NaN NaN NaN NaN NaN NaN NaN NaN NaN NaN NaN NaN NaN NaN NaN NaN NaN NaN NaN NaN NaN NaN NaN NaN NaN 
NaN NaN NaN NaN NaN NaN NaN NaN NaN NaN NaN NaN NaN NaN NaN NaN NaN NaN NaN NaN NaN NaN NaN NaN NaN NaN NaN NaN NaN NaN NaN NaN NaN NaN NaN NaN NaN NaN NaN NaN 
NaN NaN NaN NaN NaN NaN NaN NaN NaN NaN NaN NaN NaN NaN NaN NaN NaN NaN NaN NaN NaN NaN NaN NaN NaN NaN NaN NaN NaN NaN NaN NaN NaN NaN NaN NaN NaN NaN NaN NaN 
NaN NaN NaN NaN NaN NaN NaN NaN NaN NaN NaN NaN NaN NaN NaN NaN NaN NaN NaN NaN NaN NaN NaN NaN NaN NaN NaN NaN NaN NaN NaN NaN NaN NaN NaN NaN NaN NaN NaN NaN 
NaN NaN NaN NaN NaN NaN NaN NaN NaN NaN NaN NaN NaN NaN NaN NaN NaN NaN NaN NaN NaN NaN NaN NaN NaN NaN NaN NaN NaN NaN NaN NaN NaN NaN NaN NaN NaN NaN NaN NaN 
NaN NaN NaN NaN NaN NaN NaN NaN NaN NaN NaN NaN NaN NaN NaN NaN NaN NaN NaN NaN NaN NaN NaN NaN NaN NaN NaN NaN NaN NaN NaN NaN NaN NaN NaN NaN NaN NaN NaN NaN 
NaN NaN NaN NaN NaN NaN NaN NaN NaN NaN NaN NaN NaN NaN NaN NaN NaN NaN NaN NaN NaN NaN NaN NaN NaN NaN NaN NaN NaN NaN NaN NaN NaN NaN NaN NaN NaN NaN NaN NaN 
NaN NaN NaN NaN NaN NaN NaN NaN NaN NaN NaN NaN NaN NaN NaN NaN NaN NaN NaN NaN NaN NaN NaN NaN NaN NaN NaN NaN NaN NaN NaN NaN NaN NaN NaN NaN NaN NaN NaN NaN 
NaN NaN NaN NaN NaN NaN NaN NaN NaN NaN NaN NaN NaN NaN NaN NaN NaN NaN NaN NaN NaN NaN NaN NaN NaN NaN NaN NaN NaN NaN NaN NaN NaN NaN NaN NaN NaN NaN NaN NaN 
NaN NaN NaN NaN NaN NaN NaN NaN NaN NaN NaN NaN NaN NaN NaN NaN NaN NaN NaN NaN NaN NaN NaN NaN NaN NaN NaN NaN NaN NaN NaN NaN NaN NaN NaN NaN NaN NaN NaN NaN 
NaN NaN NaN NaN NaN NaN NaN NaN NaN NaN NaN NaN NaN NaN NaN NaN NaN NaN NaN NaN NaN NaN NaN NaN NaN NaN NaN NaN NaN NaN NaN NaN NaN NaN NaN NaN NaN NaN NaN NaN 
NaN NaN NaN NaN NaN NaN NaN NaN NaN NaN NaN NaN NaN NaN NaN NaN NaN NaN NaN NaN NaN NaN NaN NaN NaN NaN NaN NaN NaN NaN NaN NaN NaN NaN NaN NaN NaN NaN NaN NaN 
NaN NaN NaN NaN NaN NaN NaN NaN NaN NaN NaN NaN NaN NaN NaN NaN NaN NaN NaN NaN NaN NaN NaN NaN NaN NaN NaN NaN NaN NaN NaN NaN NaN NaN NaN NaN NaN NaN NaN NaN 
NaN NaN NaN NaN NaN NaN NaN NaN NaN NaN NaN NaN NaN NaN NaN NaN NaN NaN NaN NaN NaN NaN NaN NaN NaN NaN NaN NaN NaN NaN NaN NaN NaN NaN NaN NaN NaN NaN NaN NaN 
NaN NaN NaN NaN NaN NaN NaN NaN NaN NaN NaN NaN NaN NaN NaN NaN NaN NaN NaN NaN NaN NaN NaN NaN NaN NaN NaN NaN NaN NaN NaN NaN NaN NaN NaN NaN NaN NaN NaN NaN 
NaN NaN NaN NaN NaN NaN NaN NaN NaN NaN NaN NaN NaN NaN NaN NaN NaN NaN NaN NaN NaN NaN NaN NaN NaN NaN NaN NaN NaN NaN NaN NaN NaN NaN NaN NaN NaN NaN NaN NaN 
NaN NaN NaN NaN NaN NaN NaN NaN NaN NaN NaN NaN NaN NaN NaN NaN NaN NaN NaN NaN NaN NaN NaN NaN NaN NaN NaN NaN NaN NaN NaN NaN NaN NaN NaN NaN NaN NaN NaN NaN 
NaN NaN NaN NaN NaN NaN NaN NaN NaN NaN NaN NaN NaN NaN NaN NaN NaN NaN NaN NaN NaN NaN NaN NaN NaN NaN NaN NaN NaN NaN NaN NaN NaN NaN NaN NaN NaN NaN NaN NaN 
NaN NaN NaN NaN NaN NaN NaN NaN NaN NaN NaN NaN NaN NaN NaN NaN NaN NaN NaN NaN NaN NaN NaN NaN NaN NaN NaN NaN NaN NaN NaN NaN NaN NaN NaN NaN NaN NaN NaN NaN 
NaN NaN NaN NaN NaN NaN NaN NaN NaN NaN NaN NaN NaN NaN NaN NaN NaN NaN NaN NaN NaN NaN NaN NaN NaN NaN NaN NaN NaN NaN NaN NaN NaN NaN NaN NaN NaN NaN NaN NaN 
NaN NaN NaN NaN NaN NaN NaN NaN NaN NaN NaN NaN NaN NaN NaN NaN NaN NaN NaN NaN NaN NaN NaN NaN NaN NaN NaN NaN NaN NaN NaN NaN NaN NaN NaN NaN NaN NaN NaN NaN 
NaN NaN NaN NaN NaN NaN NaN NaN NaN NaN NaN NaN NaN NaN NaN NaN NaN NaN NaN NaN NaN NaN NaN NaN NaN NaN NaN NaN NaN NaN NaN NaN NaN NaN NaN NaN NaN NaN NaN NaN 
NaN NaN NaN NaN NaN NaN NaN NaN NaN NaN NaN NaN NaN NaN NaN NaN NaN NaN NaN NaN NaN NaN NaN NaN NaN NaN NaN NaN NaN NaN NaN NaN NaN NaN NaN NaN NaN NaN NaN NaN 
NaN NaN NaN NaN NaN NaN NaN NaN NaN NaN NaN NaN NaN NaN NaN NaN NaN NaN NaN NaN NaN NaN NaN NaN NaN NaN NaN NaN NaN NaN NaN NaN NaN NaN NaN NaN NaN NaN NaN NaN 
NaN NaN NaN NaN NaN NaN NaN NaN NaN NaN NaN NaN NaN NaN NaN NaN NaN NaN NaN NaN NaN NaN NaN NaN NaN NaN NaN NaN NaN NaN NaN NaN NaN NaN NaN NaN NaN NaN NaN NaN 
NaN NaN NaN NaN NaN NaN NaN NaN NaN NaN NaN NaN NaN NaN NaN NaN NaN NaN NaN NaN NaN NaN NaN NaN NaN NaN NaN NaN NaN NaN NaN NaN NaN NaN NaN NaN NaN NaN NaN NaN 
NaN NaN NaN NaN NaN NaN NaN NaN NaN NaN NaN NaN NaN NaN NaN NaN NaN NaN NaN NaN NaN NaN NaN NaN NaN NaN NaN NaN NaN NaN NaN NaN NaN NaN NaN NaN NaN NaN NaN NaN 
NaN NaN NaN NaN NaN NaN NaN NaN NaN NaN NaN NaN NaN NaN NaN NaN NaN NaN NaN NaN NaN NaN NaN NaN NaN NaN NaN NaN NaN NaN NaN NaN NaN NaN NaN NaN NaN NaN NaN NaN 
NaN NaN NaN NaN NaN NaN NaN NaN NaN NaN NaN NaN NaN NaN NaN NaN NaN NaN NaN NaN NaN NaN NaN NaN NaN NaN NaN NaN NaN NaN NaN NaN NaN NaN NaN NaN NaN NaN NaN NaN 
NaN NaN NaN NaN NaN NaN NaN NaN NaN NaN NaN NaN NaN NaN NaN NaN NaN NaN NaN NaN NaN NaN NaN NaN NaN NaN NaN NaN NaN NaN NaN NaN NaN NaN NaN NaN NaN NaN NaN NaN 
NaN NaN NaN NaN NaN NaN NaN NaN NaN NaN NaN NaN NaN NaN NaN NaN NaN NaN NaN NaN NaN NaN NaN NaN NaN NaN NaN NaN NaN NaN NaN NaN NaN NaN NaN NaN NaN NaN NaN NaN 
NaN NaN NaN NaN NaN NaN NaN NaN NaN NaN NaN NaN NaN NaN NaN NaN NaN NaN NaN NaN NaN NaN NaN NaN NaN NaN NaN NaN NaN NaN NaN NaN NaN NaN NaN NaN NaN NaN NaN NaN 
NaN NaN NaN NaN NaN NaN NaN NaN NaN NaN NaN NaN NaN NaN NaN NaN NaN NaN NaN NaN NaN NaN NaN NaN NaN NaN NaN NaN NaN NaN NaN NaN NaN NaN NaN NaN NaN NaN NaN NaN 
NaN NaN NaN NaN NaN NaN NaN NaN NaN NaN NaN NaN NaN NaN NaN NaN NaN NaN NaN NaN NaN NaN NaN NaN NaN NaN NaN NaN NaN NaN NaN NaN NaN NaN NaN NaN NaN NaN NaN NaN 
NaN NaN NaN NaN NaN NaN NaN NaN NaN NaN NaN NaN NaN NaN NaN NaN NaN NaN NaN NaN NaN NaN NaN NaN NaN NaN NaN NaN NaN NaN NaN NaN NaN NaN NaN NaN NaN NaN NaN NaN 
NaN NaN NaN NaN NaN NaN NaN NaN NaN NaN NaN NaN NaN NaN NaN NaN NaN NaN NaN NaN NaN NaN NaN NaN NaN NaN NaN NaN NaN NaN NaN NaN NaN NaN NaN NaN NaN NaN NaN NaN 
NaN NaN NaN NaN NaN NaN NaN NaN NaN NaN NaN NaN NaN NaN NaN NaN NaN NaN NaN NaN NaN NaN NaN NaN NaN NaN NaN NaN NaN NaN NaN NaN NaN NaN NaN NaN NaN NaN NaN NaN 
NaN NaN NaN NaN NaN NaN NaN NaN NaN NaN NaN NaN NaN NaN NaN NaN NaN NaN NaN NaN NaN NaN NaN NaN NaN NaN NaN NaN NaN NaN NaN NaN NaN NaN NaN NaN NaN NaN NaN NaN 
NaN NaN NaN NaN NaN NaN NaN NaN NaN NaN NaN NaN NaN NaN NaN NaN NaN NaN NaN NaN NaN NaN NaN NaN NaN NaN NaN NaN NaN NaN NaN NaN NaN NaN NaN NaN NaN NaN NaN NaN 
NaN NaN NaN NaN NaN NaN NaN NaN NaN NaN NaN NaN NaN NaN NaN NaN NaN NaN NaN NaN NaN NaN NaN NaN NaN NaN NaN NaN NaN NaN NaN NaN NaN NaN NaN NaN NaN NaN NaN NaN 
NaN NaN NaN NaN NaN NaN NaN NaN NaN NaN NaN NaN NaN NaN NaN NaN NaN NaN NaN NaN NaN NaN NaN NaN NaN NaN NaN NaN NaN NaN NaN NaN NaN NaN NaN NaN NaN NaN NaN NaN 
NaN NaN NaN NaN NaN NaN NaN NaN NaN NaN NaN NaN NaN NaN NaN NaN NaN NaN NaN NaN NaN NaN NaN NaN NaN NaN NaN NaN NaN NaN NaN NaN NaN NaN NaN NaN NaN NaN NaN NaN 
NaN NaN NaN NaN NaN NaN NaN NaN NaN NaN NaN NaN NaN NaN NaN NaN NaN NaN NaN NaN NaN NaN NaN NaN NaN NaN NaN NaN NaN NaN NaN NaN NaN NaN NaN NaN NaN NaN NaN NaN 
NaN NaN NaN NaN NaN NaN NaN NaN NaN NaN NaN NaN NaN NaN NaN NaN NaN NaN NaN NaN NaN NaN NaN NaN NaN NaN NaN NaN NaN NaN NaN NaN NaN NaN NaN NaN NaN NaN NaN NaN 
NaN NaN NaN NaN NaN NaN NaN NaN NaN NaN NaN NaN NaN NaN NaN NaN NaN NaN NaN NaN NaN NaN NaN NaN NaN NaN NaN NaN NaN NaN NaN NaN NaN NaN NaN NaN NaN NaN NaN NaN 
NaN NaN NaN NaN NaN NaN NaN NaN NaN NaN NaN NaN NaN NaN NaN NaN NaN NaN NaN NaN NaN NaN NaN NaN NaN NaN NaN NaN NaN NaN NaN NaN NaN NaN NaN NaN NaN NaN NaN NaN 
NaN NaN NaN NaN NaN NaN NaN NaN NaN NaN NaN NaN NaN NaN NaN NaN NaN NaN NaN NaN NaN NaN NaN NaN NaN NaN NaN NaN NaN NaN NaN NaN NaN NaN NaN NaN NaN NaN NaN NaN 
NaN NaN NaN NaN NaN NaN NaN NaN NaN NaN NaN NaN NaN NaN NaN NaN NaN NaN NaN NaN NaN NaN NaN NaN NaN NaN NaN NaN NaN NaN NaN NaN NaN NaN NaN NaN NaN NaN NaN NaN 
NaN NaN NaN NaN NaN NaN NaN NaN NaN NaN NaN NaN NaN NaN NaN NaN NaN NaN NaN NaN NaN NaN NaN NaN NaN NaN NaN NaN NaN NaN NaN NaN NaN NaN NaN NaN NaN NaN NaN NaN 
NaN NaN NaN NaN NaN NaN NaN NaN NaN NaN NaN NaN NaN NaN NaN NaN NaN NaN NaN NaN NaN NaN NaN NaN NaN NaN NaN NaN NaN NaN NaN NaN NaN NaN NaN NaN NaN NaN NaN NaN 
NaN NaN NaN NaN NaN NaN NaN NaN NaN NaN NaN NaN NaN NaN NaN NaN NaN NaN NaN NaN NaN NaN NaN NaN NaN NaN NaN NaN NaN NaN NaN NaN NaN NaN NaN NaN NaN NaN NaN NaN 
NaN NaN NaN NaN NaN NaN NaN NaN NaN NaN NaN NaN NaN NaN NaN NaN NaN NaN NaN NaN NaN NaN NaN NaN NaN NaN NaN NaN NaN NaN NaN NaN NaN NaN NaN NaN NaN NaN NaN NaN 
NaN NaN NaN NaN NaN NaN NaN NaN NaN NaN NaN NaN NaN NaN NaN NaN NaN NaN NaN NaN NaN NaN NaN NaN NaN NaN NaN NaN NaN NaN NaN NaN NaN NaN NaN NaN NaN NaN NaN NaN 
NaN NaN NaN NaN NaN NaN NaN NaN NaN NaN NaN NaN NaN NaN NaN NaN NaN NaN NaN NaN NaN NaN NaN NaN NaN NaN NaN NaN NaN NaN NaN NaN NaN NaN NaN NaN NaN NaN NaN NaN 
NaN NaN NaN NaN NaN NaN NaN NaN NaN NaN NaN NaN NaN NaN NaN NaN NaN NaN NaN NaN NaN NaN NaN NaN NaN NaN NaN NaN NaN NaN NaN NaN NaN NaN NaN NaN NaN NaN NaN NaN 
NaN NaN NaN NaN NaN NaN NaN NaN NaN NaN NaN NaN NaN NaN NaN NaN NaN NaN NaN NaN NaN NaN NaN NaN NaN NaN NaN NaN NaN NaN NaN NaN NaN NaN NaN NaN NaN NaN NaN NaN 
NaN NaN NaN NaN NaN NaN NaN NaN NaN NaN NaN NaN NaN NaN NaN NaN NaN NaN NaN NaN NaN NaN NaN NaN NaN NaN NaN NaN NaN NaN NaN NaN NaN NaN NaN NaN NaN NaN NaN NaN 
NaN NaN NaN NaN NaN NaN NaN NaN NaN NaN NaN NaN NaN NaN NaN NaN NaN NaN NaN NaN NaN NaN NaN NaN NaN NaN NaN NaN NaN NaN NaN NaN NaN NaN NaN NaN NaN NaN NaN NaN 
NaN NaN NaN NaN NaN NaN NaN NaN NaN NaN NaN NaN NaN NaN NaN NaN NaN NaN NaN NaN NaN NaN NaN NaN NaN NaN NaN NaN NaN NaN NaN NaN NaN NaN NaN NaN NaN NaN NaN NaN 
NaN NaN NaN NaN NaN NaN NaN NaN NaN NaN NaN NaN NaN NaN NaN NaN NaN NaN NaN NaN NaN NaN NaN NaN NaN NaN NaN NaN NaN NaN NaN NaN NaN NaN NaN NaN NaN NaN NaN NaN 
NaN NaN NaN NaN NaN NaN NaN NaN NaN NaN NaN NaN NaN NaN NaN NaN NaN NaN NaN NaN NaN NaN NaN NaN NaN NaN NaN NaN NaN NaN NaN NaN NaN NaN NaN NaN NaN NaN NaN NaN 
NaN NaN NaN NaN NaN NaN NaN NaN NaN NaN NaN NaN NaN NaN NaN NaN NaN NaN NaN NaN NaN NaN NaN NaN NaN NaN NaN NaN NaN NaN NaN NaN NaN NaN NaN NaN NaN NaN NaN NaN 
NaN NaN NaN NaN NaN NaN NaN NaN NaN NaN NaN NaN NaN NaN NaN NaN NaN NaN NaN NaN NaN NaN NaN NaN NaN NaN NaN NaN NaN NaN NaN NaN NaN NaN NaN NaN NaN NaN NaN NaN 
NaN NaN NaN NaN NaN NaN NaN NaN NaN NaN NaN NaN NaN NaN NaN NaN NaN NaN NaN NaN NaN NaN NaN NaN NaN NaN NaN NaN NaN NaN NaN NaN NaN NaN NaN NaN NaN NaN NaN NaN 
NaN NaN NaN NaN NaN NaN NaN NaN NaN NaN NaN NaN NaN NaN NaN NaN NaN NaN NaN NaN NaN NaN NaN NaN NaN NaN NaN NaN NaN NaN NaN NaN NaN NaN NaN NaN NaN NaN NaN NaN 
NaN NaN NaN NaN NaN NaN NaN NaN NaN NaN NaN NaN NaN NaN NaN NaN NaN NaN NaN NaN NaN NaN NaN NaN NaN NaN NaN NaN NaN NaN NaN NaN NaN NaN NaN NaN NaN NaN NaN NaN 
NaN NaN NaN NaN NaN NaN NaN NaN NaN NaN NaN NaN NaN NaN NaN NaN NaN NaN NaN NaN NaN NaN NaN NaN NaN NaN NaN NaN NaN NaN NaN NaN NaN NaN NaN NaN NaN NaN NaN NaN 
NaN NaN NaN NaN NaN NaN NaN NaN NaN NaN NaN NaN NaN NaN NaN NaN NaN NaN NaN NaN NaN NaN NaN NaN NaN NaN NaN NaN NaN NaN NaN NaN NaN NaN NaN NaN NaN NaN NaN NaN 
NaN NaN NaN NaN NaN NaN NaN NaN NaN NaN NaN NaN NaN NaN NaN NaN NaN NaN NaN NaN NaN NaN NaN NaN NaN NaN NaN NaN NaN NaN NaN NaN NaN NaN NaN NaN NaN NaN NaN NaN 
NaN NaN NaN NaN NaN NaN NaN NaN NaN NaN NaN NaN NaN NaN NaN NaN NaN NaN NaN NaN NaN NaN NaN NaN NaN NaN NaN NaN NaN NaN NaN NaN NaN NaN NaN NaN NaN NaN NaN NaN 
NaN NaN NaN NaN NaN NaN NaN NaN NaN NaN NaN NaN NaN NaN NaN NaN NaN NaN NaN NaN NaN NaN NaN NaN NaN NaN NaN NaN NaN NaN NaN NaN NaN NaN NaN NaN NaN NaN NaN NaN 
NaN NaN NaN NaN NaN NaN NaN NaN NaN NaN NaN NaN NaN NaN NaN NaN NaN NaN NaN NaN NaN NaN NaN NaN NaN NaN NaN NaN NaN NaN NaN NaN NaN NaN NaN NaN NaN NaN NaN NaN 
NaN NaN NaN NaN NaN NaN NaN NaN NaN NaN NaN NaN NaN NaN NaN NaN NaN NaN NaN NaN NaN NaN NaN NaN NaN NaN NaN NaN NaN NaN NaN NaN NaN NaN NaN NaN NaN NaN NaN NaN 
NaN NaN NaN NaN NaN NaN NaN NaN NaN NaN NaN NaN NaN NaN NaN NaN NaN NaN NaN NaN NaN NaN NaN NaN NaN NaN NaN NaN NaN NaN NaN NaN NaN NaN NaN NaN NaN NaN NaN NaN 
NaN NaN NaN NaN NaN NaN NaN NaN NaN NaN NaN NaN NaN NaN NaN NaN NaN NaN NaN NaN NaN NaN NaN NaN NaN NaN NaN NaN NaN NaN NaN NaN NaN NaN NaN NaN NaN NaN NaN NaN 
NaN NaN NaN NaN NaN NaN NaN NaN NaN NaN NaN NaN NaN NaN NaN NaN NaN NaN NaN NaN NaN NaN NaN NaN NaN NaN NaN NaN NaN NaN NaN NaN NaN NaN NaN NaN NaN NaN NaN NaN 
NaN NaN NaN NaN NaN NaN NaN NaN NaN NaN NaN NaN NaN NaN NaN NaN NaN NaN NaN NaN NaN NaN NaN NaN NaN NaN NaN NaN NaN NaN NaN NaN NaN NaN NaN NaN NaN NaN NaN NaN 
NaN NaN NaN NaN NaN NaN NaN NaN NaN NaN NaN NaN NaN NaN NaN NaN NaN NaN NaN NaN NaN NaN NaN NaN NaN NaN NaN NaN NaN NaN NaN NaN NaN NaN NaN NaN NaN NaN NaN NaN 
NaN NaN NaN NaN NaN NaN NaN NaN NaN NaN NaN NaN NaN NaN NaN NaN NaN NaN NaN NaN NaN NaN NaN NaN NaN NaN NaN NaN NaN NaN NaN NaN NaN NaN NaN NaN NaN NaN NaN NaN 
NaN NaN NaN NaN NaN NaN NaN NaN NaN NaN NaN NaN NaN NaN NaN NaN NaN NaN NaN NaN NaN NaN NaN NaN NaN NaN NaN NaN NaN NaN NaN NaN NaN NaN NaN NaN NaN NaN NaN NaN 
NaN NaN NaN NaN NaN NaN NaN NaN NaN NaN NaN NaN NaN NaN NaN NaN NaN NaN NaN NaN NaN NaN NaN NaN NaN NaN NaN NaN NaN NaN NaN NaN NaN NaN NaN NaN NaN NaN NaN NaN 
NaN NaN NaN NaN NaN NaN NaN NaN NaN NaN NaN NaN NaN NaN NaN NaN NaN NaN NaN NaN NaN NaN NaN NaN NaN NaN NaN NaN NaN NaN NaN NaN NaN NaN NaN NaN NaN NaN NaN NaN 
NaN NaN NaN NaN NaN NaN NaN NaN NaN NaN NaN NaN NaN NaN NaN NaN NaN NaN NaN NaN NaN NaN NaN NaN NaN NaN NaN NaN NaN NaN NaN NaN NaN NaN NaN NaN NaN NaN NaN NaN 
NaN NaN NaN NaN NaN NaN NaN NaN NaN NaN NaN NaN NaN NaN NaN NaN NaN NaN NaN NaN NaN NaN NaN NaN NaN NaN NaN NaN NaN NaN NaN NaN NaN NaN NaN NaN NaN NaN NaN NaN 
-72.374017 -77.210143 -80.160328 -82.529234 -83.994452 -84.058025 -86.352017 -91.322188 -91.085200 -85.315392 -88.852318 -90.282674 -84.399923 -84.537288 -81.196672 -83.703130 -89.407599 -82.836385 -82.676390 -87.813314 -88.317508 -92.310413 -91.877493 -86.137405 -84.640443 -85.234865 -86.669738 -88.199256 -87.504370 -84.843974 -86.092350 -83.201318 -89.423077 -86.884490 -82.156949 -85.918721 -89.349751 -95.661127 -88.031133 -88.482965 
-61.603464 -73.189405 -76.925431 -76.252783 -75.423651 -75.581515 -79.976109 -80.039816 -85.474799 -74.027222 -77.705671 -78.411113 -79.256979 -75.901995 -74.750353 -78.886516 -80.470614 -76.306985 -76.596095 -78.774949 -77.686176 -78.872308 -78.022373 -77.584052 -75.945463 -75.673495 -76.364002 -75.981558 -75.452216 -77.321557 -78.087514 -76.010041 -79.224331 -77.543234 -78.563796 -79.664630 -80.140749 -79.755462 -76.300839 -77.070921 
-65.697116 -67.879380 -68.145248 -73.726506 -77.279227 -73.052585 -73.808090 -74.803814 -79.420726 -78.829044 -75.428516 -75.256786 -80.740130 -75.142305 -74.554021 -73.811452 -73.562708 -73.256225 -78.044493 -77.211035 -74.091350 -76.663095 -80.780530 -79.168082 -76.745067 -78.691188 -77.641168 -74.920319 -75.007000 -80.367414 -77.580395 -75.506499 -77.759926 -77.007676 -77.738671 -77.368456 -76.654955 -77.021229 -77.487200 -77.583735 
-56.419084 -57.152989 -60.836060 -71.254392 -78.542210 -77.516083 -73.067334 -77.113733 -82.227083 -76.621734 -81.665315 -80.676699 -78.849042 -74.354001 -69.547067 -72.417769 -74.044798 -73.355910 -79.895238 -78.259199 -77.237480 -78.532683 -72.961576 -75.342641 -74.385322 -76.149105 -77.334506 -78.058163 -76.116401 -77.875653 -75.852487 -73.504574 -75.627766 -78.354046 -77.055880 -75.373104 -77.629624 -75.727866 -76.870975 -74.810731 
-54.850075 -55.204734 -58.122208 -63.273463 -69.285229 -68.998841 -72.404436 -69.155762 -70.205756 -69.913250 -73.246602 -75.276302 -78.474132 -81.309799 -73.697013 -73.846475 -72.128149 -71.773897 -73.342547 -74.932391 -77.416282 -76.829048 -75.023427 -77.157447 -75.916968 -72.552719 -71.970648 -73.676448 -73.625686 -74.611898 -73.764854 -73.086397 -77.844941 -74.397723 -74.131717 -72.203839 -72.948261 -74.065237 -74.535406 -75.143402 
-47.244085 -50.187800 -61.117916 -67.825491 -66.879243 -71.468245 -72.561224 -70.645690 -74.545054 -74.186600 -71.018239 -76.954071 -68.728143 -72.205749 -70.548326 -70.958079 -69.576183 -71.506842 -71.599936 -74.888521 -76.211256 -77.015590 -76.649237 -75.084155 -74.950437 -75.077185 -73.954960 -76.010749 -76.625432 -74.787748 -73.945712 -74.172941 -75.744659 -75.792285 -76.187148 -76.092167 -74.023024 -76.736872 -76.707016 -77.036806 
-48.373249 -50.785648 -55.997484 -61.009660 -62.594510 -65.045396 -68.248544 -70.549552 -68.352535 -69.342165 -69.044679 -69.681214 -72.184314 -68.173586 -71.586914 -70.828181 -76.029704 -73.305391 -75.772107 -74.950327 -74.011098 -78.420286 -74.133468 -76.179437 -76.725371 -85.845899 -79.951614 -76.379823 -74.877526 -76.020705 -77.059865 -77.941681 -78.927633 -78.007083 -74.118833 -76.864180 -77.032258 -74.660702 -74.256397 -75.103628 
