-28.947176 -21.991328 -15.751407 -11.977850 -14.080292 -25.202732 -32.617684 -28.807468 -37.631397 -36.725254 -38.341012 -40.743088 -40.222323 -42.079074 -42.633956 -43.467383 -43.287161 -45.444333 -45.930129 -46.398181 -47.874461 -48.269484 -49.245107 -48.340973 -49.466911 -50.661434 -51.376991 -51.906433 -52.601838 -52.663841 -53.530301 -54.282924 -54.586968 -55.032782 -55.454596 -55.774683 -55.762387 -52.628095 -54.906786 -56.001429 
-15.029158 -9.920409 4.938167 10.070128 3.968002 -12.425144 -9.339514 -12.404398 -22.774725 -31.106473 -39.649928 -28.984212 -31.232930 -35.443080 -42.619545 -35.213392 -36.597541 -31.888465 -36.200534 -42.683909 -43.812897 -45.711793 -42.640267 -42.836922 -47.041540 -51.758151 -55.441268 -56.355322 -52.493221 -49.399491 -51.661658 -56.656613 -58.766993 -60.850131 -60.740455 -59.432290 -57.138011 -52.038288 -52.592197 -53.184015 
-20.491958 -0.934148 14.683683 17.428746 6.602845 4.998237 3.563701 -5.325450 -5.168996 -17.112763 -26.823640 -22.957875 -14.929008 -23.569863 -30.911347 -25.091470 -24.464296 -19.536316 -19.948206 -32.299240 -35.067555 -33.535677 -32.656077 -30.346598 -33.440504 -41.271019 -42.126229 -42.751525 -40.145791 -38.328188 -41.854320 -44.239973 -45.392429 -45.989001 -46.356577 -46.576129 -45.442955 -44.288466 -44.335863 -43.748625 
-15.697725 -1.075569 17.265835 19.267744 3.980926 6.926076 8.017649 -8.343506 -2.877600 -13.320786 -21.540301 -21.928712 -11.915899 -17.968402 -23.563647 -22.964238 -20.802640 -16.368665 -17.936920 -23.291827 -29.792042 -28.456156 -27.532884 -25.229488 -27.598480 -34.715172 -35.719878 -36.576558 -34.945987 -32.571861 -37.083383 -38.326764 -39.007037 -39.428249 -39.869412 -40.156057 -39.914796 -38.540168 -39.355679 -39.439105 
-14.139317 -3.461744 17.734238 21.600584 7.353476 5.336103 10.419480 -5.047582 -4.051931 -9.309118 -21.470110 -21.372554 -12.439645 -12.895870 -23.036068 -25.131526 -21.055101 -13.198891 -14.922798 -18.872809 -28.890996 -28.178717 -27.439784 -23.687306 -25.363086 -37.027701 -39.398559 -38.369411 -34.612272 -34.362451 -37.794226 -41.996845 -43.460294 -44.254963 -44.776539 -45.036171 -44.144927 -39.237681 -38.730857 -38.523223 
-27.682851 -5.898299 17.332944 22.922447 10.020957 3.074274 11.088929 -1.680363 -5.870393 -6.634751 -16.453547 -13.668683 -13.573026 -9.319987 -21.945067 -22.660060 -18.848270 -14.345812 -14.362253 -16.312024 -24.237214 -24.081972 -24.637675 -22.366560 -23.336908 -29.199994 -31.672801 -32.132176 -31.083338 -30.246208 -32.287793 -34.181384 -35.020657 -35.598792 -35.950215 -36.255328 -36.162996 -33.338348 -35.300799 -36.264076 
-14.882373 -9.247415 16.793268 23.467197 11.675086 -1.264559 10.777113 0.187283 -11.368742 -9.006569 -16.469116 -8.744262 -14.898159 -9.675881 -23.709379 -23.830756 -16.899564 -13.916682 -11.816531 -20.567040 -23.418971 -25.521817 -25.417602 -21.732476 -22.646535 -25.595036 -32.566978 -34.802525 -31.600517 -29.890516 -34.430356 -36.739625 -38.736408 -40.447641 -40.936167 -41.264968 -40.956204 -35.546074 -32.915000 -31.026760 
-14.887637 -8.648698 16.186618 23.703922 13.682558 5.455927 11.604391 7.539823 -1.475895 -4.715952 -4.085028 -0.790728 -8.050525 -11.653934 -13.682235 -12.289422 -13.107863 -11.582871 -7.647009 -12.012293 -8.409533 -13.959787 -18.569234 -17.947779 -17.030225 -18.398848 -24.076128 -30.135131 -26.357682 -25.959152 -29.991073 -34.883841 -43.875151 -52.514250 -55.183272 -55.837219 -55.912171 -35.918297 -32.989418 -30.306478 
-13.336739 -17.481510 13.398244 23.151427 15.542777 6.337252 14.792458 13.682046 7.558361 13.449125 3.728331 7.745763 0.874970 0.398368 -4.539953 -4.552946 -10.330119 -8.573079 -3.966443 -2.167011 2.063394 1.671900 -4.369419 -6.862020 -7.448752 -5.564591 -8.937193 -15.564073 -15.346933 -13.917163 -13.232831 -24.553943 -36.683021 -47.215947 -47.585779 -47.887450 -47.995539 -32.519037 -28.689219 -24.609213 
-24.107593 -17.072392 11.268566 21.891444 14.120390 -2.294911 15.574329 13.066711 1.670735 18.052949 8.302186 7.359499 5.339684 1.234857 0.344487 -5.169000 -9.481187 -7.710382 -6.551587 -3.134662 1.113189 5.569148 1.170774 -3.155627 -3.973366 -1.607680 -1.521655 -8.456511 -10.929949 -9.727566 -6.286315 -15.546652 -30.992867 -63.896683 -66.733500 -65.011996 -61.439020 -35.454872 -29.014991 -24.026290 
-24.399132 -18.699331 9.879454 20.933769 13.153281 -4.515403 14.686807 12.993488 -0.527818 18.922366 9.592786 7.810497 7.876392 0.782454 1.395292 -5.931112 -8.786968 -8.526791 -5.864096 -4.337276 1.361540 6.597501 1.301688 -0.814837 -4.708777 0.478443 1.546515 -5.623606 -10.220329 -12.593930 -8.977485 -16.312505 -32.716396 -44.340085 -44.497638 -44.553563 -42.424930 -28.244502 -22.854008 -22.761611 
-19.046896 -16.814689 8.750154 20.181803 12.674894 -6.031042 13.673090 12.152125 -0.681745 19.229640 9.702028 8.162479 8.734851 -0.731937 0.998348 -5.844050 -8.573799 -8.046739 -6.703232 -5.827314 -0.767835 6.413488 2.974278 -1.516303 -4.752976 -1.348639 0.729850 -6.211899 -10.131597 -10.601871 -9.684834 -13.351062 -27.297051 -45.794557 -42.691018 -43.590999 -32.690898 -24.486949 -21.716346 -23.979721 
-18.394981 -22.006384 7.732411 19.474894 11.971641 -6.233478 13.218938 11.439114 -0.769794 19.002463 9.079610 9.576648 9.075732 -0.785259 -0.404467 -5.935734 -8.098028 -8.059970 -6.227712 -5.972824 -1.148396 5.746221 3.693115 0.107648 -3.449634 -1.785064 1.223436 -5.081412 -9.385783 -9.524903 -8.111590 -11.657120 -27.899484 -42.677471 -37.282118 -37.340182 -26.740209 -20.781714 -20.136809 -28.445142 
-17.268310 -19.139971 7.007040 19.138654 11.701532 -6.701715 12.418269 11.032943 -0.960062 18.501837 8.778886 10.042067 9.990188 -1.130515 0.190564 -4.419424 -7.497003 -7.397739 -6.890813 -4.977867 -0.827387 6.447626 3.319145 -0.438041 -2.382516 -1.060077 3.556167 -1.488445 -7.734274 -8.160109 -9.927427 -12.632694 -23.998846 -40.852773 -39.186938 -35.792180 -23.511850 -22.026374 -22.955586 -25.425567 
-19.569967 -16.595721 7.284808 19.509980 12.777029 -6.530536 11.934240 11.004992 -1.623243 18.108302 9.529611 8.119292 10.083835 -2.644655 0.169313 -6.554652 -7.604141 -6.790252 -7.155436 -4.678715 -1.404222 5.146452 4.462294 1.908716 -0.864597 0.182993 0.866036 -3.515518 -7.625551 -7.589549 -7.555208 -11.014483 -26.586452 -37.724138 -37.461844 -34.617443 -27.457032 -23.423698 -27.031766 -27.598752 
-35.065553 -22.014796 6.975360 19.120528 12.294103 -6.452766 12.031784 11.071524 -0.873043 17.839923 9.481365 8.749478 9.523390 -1.972311 -0.843495 -5.334879 -8.613072 -7.246464 -6.105791 -4.242827 -0.375200 4.512528 4.513303 1.928562 -0.685599 0.128963 1.536302 -3.138193 -8.757361 -9.780091 -9.083764 -12.187363 -23.740446 -29.049320 -30.116910 -29.863417 -25.163060 -23.180269 -26.238901 -28.797387 
-22.385722 -20.026310 7.347016 18.747878 11.636954 -7.004648 11.832604 10.212145 -1.539411 17.570543 7.916161 9.467321 9.819603 -1.271207 -0.909752 -4.335264 -7.924234 -7.290543 -6.409198 -4.189472 -0.470292 3.635148 5.397952 1.902051 -1.071243 1.102333 2.145487 -2.945118 -9.979478 -10.418583 -9.318073 -11.966431 -23.815234 -35.596082 -35.682979 -34.087714 -24.732346 -21.710452 -23.263888 -26.594243 
-26.735629 -13.932707 6.739829 18.061834 10.820055 -6.183649 12.047802 9.462835 -0.557690 17.575777 7.286805 9.456259 9.149867 -1.430413 -1.142876 -4.608319 -7.559590 -8.457009 -5.845413 -4.347422 -1.270040 3.858588 5.815778 2.187880 0.206079 -0.609914 3.475755 -2.713902 -7.954642 -7.411896 -6.324731 -12.628104 -23.346737 -32.762509 -34.758138 -34.252896 -26.904054 -23.958950 -27.593452 -31.186044 
-25.494734 -18.512425 7.970409 17.852500 9.368101 -5.247296 11.913337 8.935393 2.139734 17.504718 5.928866 11.184042 7.889157 0.703425 -2.083972 -2.412829 -9.578198 -8.091660 -3.746233 -3.747161 0.786695 4.247788 4.406766 1.064684 -1.440514 -1.287310 1.896624 -5.007871 -5.528634 -6.233492 -8.444292 -13.559617 -21.658828 -41.682527 -40.354583 -38.111041 -25.392570 -24.636546 -27.200307 -31.782928 
-29.384630 -23.797919 8.117412 18.298232 9.736512 -6.536537 11.903808 8.122648 1.280094 16.921172 5.290051 11.758724 8.536609 2.490579 -0.426043 -3.031086 -9.537672 -9.637849 -2.710199 -1.787186 2.397529 6.463711 6.344033 0.299361 -1.026520 0.034157 5.413489 -2.339916 -5.171714 -4.845810 -5.683011 -11.734913 -21.710617 -33.803500 -35.032552 -33.775284 -25.798590 -25.443419 -25.791963 -29.884113 
-21.784795 -13.984932 9.934282 18.439843 8.857108 -3.547373 12.453860 6.877387 3.085563 16.260429 2.833665 13.108348 6.752071 4.240103 -2.207585 -1.929418 -7.742639 -7.689662 -3.010998 -0.895462 2.085221 7.695199 7.574522 3.610990 2.595871 1.998644 4.344465 -4.941424 -8.868489 -8.983938 -7.001217 -13.534975 -30.713216 -38.802346 -38.312726 -34.978682 -23.907924 -24.796390 -30.328230 -34.713640 
-21.412313 -24.313200 9.080954 17.847315 8.159122 -2.209964 12.501199 5.356338 5.601203 15.546903 2.750975 15.097276 6.417331 6.563036 -0.761331 -0.753598 -7.991119 -7.048688 -1.749973 -0.232406 3.275474 5.037785 5.516083 1.754516 -1.227028 1.360445 3.211904 -4.120609 -10.038091 -8.104016 -9.485604 -14.198261 -26.046505 -37.534609 -37.186271 -35.203970 -25.043816 -23.160780 -26.443608 -30.082192 
-14.435996 -15.637864 10.044163 17.273427 6.769754 1.859844 12.600334 2.540292 8.353829 13.386315 3.231070 15.461085 3.236420 7.537952 -3.311530 -1.554619 -10.150618 -5.355568 -0.547450 0.963330 3.450487 5.959559 6.077669 2.077525 -1.410682 -1.271119 1.615100 -3.149759 -7.329563 -7.542488 -7.032383 -10.769099 -22.662865 -42.288079 -40.287192 -38.170901 -31.461500 -27.063079 -30.356770 -30.654469 
-23.140144 -18.099479 10.655583 16.975107 5.007465 2.021906 12.241039 1.353843 8.453881 11.140917 4.362987 15.149958 1.900334 7.624896 -3.055375 -1.515087 -6.770204 -6.694042 -0.994157 0.904902 3.774521 5.493995 4.430671 0.725343 -1.849409 0.615220 3.494845 -2.008074 -8.709924 -10.678171 -11.020375 -13.509959 -23.426765 -38.630308 -36.650378 -35.450335 -32.527381 -28.778569 -30.767427 -28.100829 
-22.980935 -8.972776 11.982682 16.694401 2.694206 4.046251 12.010971 -1.436623 9.973026 8.945936 8.279508 14.062814 3.945342 7.072527 0.401267 -2.032988 -2.268993 -3.902704 -0.437335 2.802656 7.317799 6.976208 1.833882 -0.946020 -1.350130 0.256002 2.639564 -3.970862 -11.160244 -10.491218 -8.951222 -10.590215 -21.550543 -42.687530 -43.677060 -39.769734 -32.619128 -26.954108 -30.127943 -30.690302 
-19.909171 -10.527636 12.076681 16.398327 1.892140 6.229095 12.037752 -4.185563 9.898668 6.254970 10.465609 13.277497 5.626033 6.444910 1.606781 -1.545354 0.047769 -2.106923 -1.194058 2.011253 4.968468 6.915335 0.860897 1.972176 -0.373077 -2.383386 2.431363 -2.985335 -5.538595 -10.060974 -9.068082 -13.683055 -24.590620 -38.893621 -40.981366 -39.001127 -32.934315 -29.195828 -29.720067 -26.314982 
-17.068539 -8.522670 12.751958 16.501023 2.025076 6.785778 11.738462 -3.011665 10.734198 5.567624 11.333234 11.711314 5.637992 3.901423 0.788074 -2.318168 -0.045711 -2.912080 -3.284992 0.151010 5.387361 6.444212 -0.188815 -0.730451 -0.279384 -0.193554 1.460381 -4.155152 -9.034989 -8.840572 -7.523786 -11.890716 -22.747291 -40.987732 -43.889081 -41.293649 -33.990176 -26.109766 -29.542589 -29.790023 
-18.210402 -4.759071 13.668771 16.200469 0.859252 8.088244 10.986521 -2.264103 10.701806 3.566731 13.186416 10.298870 7.041906 3.520202 1.363637 -3.769352 -2.302227 -2.180632 -1.723801 2.627269 5.776025 5.636292 0.360561 -0.559956 -4.708353 -0.899550 0.383807 -5.432458 -10.674844 -10.978365 -10.664118 -12.863530 -23.682222 -39.652488 -41.338527 -41.293887 -34.172639 -23.129187 -26.106997 -25.872564 
-20.845408 -4.182550 14.060443 15.580919 -1.659243 8.416575 10.023195 -2.873345 9.527407 0.252775 14.203182 8.425170 8.095014 1.623657 2.162740 -0.929016 -1.829742 -3.925282 -1.206564 2.947684 4.841922 2.546663 -2.353595 -3.085414 -5.909886 -2.889763 0.387405 -6.192921 -11.520692 -10.287897 -11.339768 -15.637321 -25.557216 -35.199140 -36.450723 -36.821770 -30.764763 -23.268543 -24.571093 -25.127030 
-29.126162 -2.354318 14.312299 15.099687 0.091277 9.838356 8.515822 -1.257925 8.060107 2.768688 14.705456 5.638547 8.837329 1.058830 1.463269 -0.812335 -3.126549 -4.352917 -0.267823 3.641289 6.250253 2.415689 -2.556962 -4.015071 -6.175787 -5.497731 -2.037590 -8.535824 -10.790354 -10.660496 -11.908048 -16.112308 -26.684639 -38.595821 -36.924969 -35.781813 -30.669178 -25.882043 -28.266321 -27.031737 
-24.012408 -0.975364 14.369456 13.703955 -0.736022 10.717530 6.775851 1.731357 6.987390 4.734452 14.374858 5.461148 8.418194 2.857561 0.337098 -0.511846 -4.836848 -5.991461 -0.162557 3.519626 5.916419 -2.219049 -3.155609 -4.809705 -7.124872 -5.631509 -2.320307 -10.437201 -13.033832 -12.582043 -9.525100 -17.260232 -32.090236 -41.341055 -40.016283 -38.531578 -29.781920 -26.158532 -27.880423 -28.392794 
-23.405913 0.222550 14.388112 12.294552 -2.224971 10.915914 5.613425 2.187316 5.962546 6.462528 12.224463 2.968689 4.989230 2.068581 -1.718674 -1.618058 -5.406342 -2.505631 -1.499915 1.898272 3.257856 -1.954382 -5.462560 -6.590060 -8.463688 -8.878434 -2.941450 -7.379346 -10.512185 -12.260594 -13.350424 -18.305700 -31.342803 -61.459948 -49.217748 -46.312677 -33.125351 -28.054791 -27.373515 -26.094434 
-22.570065 1.137648 14.771402 12.239659 -0.942001 10.726882 4.013385 4.048929 4.847966 8.327721 11.673080 5.582210 4.806102 3.661368 -2.110916 -3.537398 -5.480253 -5.472124 -3.074517 0.903134 2.810348 -1.821615 -5.701982 -8.831454 -8.485366 -8.700351 -3.103810 -7.740391 -10.671751 -13.305223 -11.785203 -17.241866 -31.248077 -47.754234 -46.856616 -45.474311 -29.479485 -24.589877 -27.247295 -28.089679 
-31.115172 1.345501 14.705272 11.124120 0.164425 10.353750 2.037792 4.608156 3.325802 9.588344 9.281000 5.877491 2.390176 2.939171 -1.857938 -4.493370 -7.107557 -7.706253 -2.479799 -0.146102 0.207191 -4.050365 -8.315009 -9.777031 -13.861212 -11.343179 -3.457795 -9.551518 -16.701096 -12.506086 -12.492100 -17.416616 -31.887842 -54.936105 -49.995548 -46.728649 -33.965496 -30.493532 -30.417290 -29.136130 
-30.828220 1.901601 14.598032 10.967773 -0.440805 10.032640 1.577690 4.445002 2.375268 9.573744 7.926626 5.766500 1.545482 2.052638 -2.816669 -5.486774 -7.614425 -8.912127 -5.774566 -0.301822 -0.183838 -4.292119 -8.561586 -10.235945 -15.123193 -14.253886 -6.017502 -11.673693 -19.019947 -16.204272 -14.940725 -20.460541 -34.608237 -52.641698 -43.311496 -42.284776 -38.601250 -31.576711 -29.156040 -29.168765 
-23.238663 1.712485 14.291623 10.374270 0.493046 9.997654 1.316372 4.426811 0.816958 8.685822 5.692218 4.552170 -0.611852 -0.191843 -4.046870 -7.508442 -9.766162 -10.877989 -5.419947 -1.190047 -2.709251 -8.359581 -11.867342 -12.965665 -19.477937 -16.622216 -7.092634 -13.018964 -17.172450 -18.713127 -16.280449 -20.840994 -34.146197 -46.599296 -43.708205 -41.228770 -39.767962 -32.246135 -31.822253 -33.032451 
-24.383804 2.268765 14.317848 9.930604 0.902776 9.152856 -0.723936 4.920029 0.581846 7.219758 1.832055 1.872361 -5.024557 -4.094867 -8.107679 -10.399762 -10.783617 -10.636987 -7.175569 -3.428134 -3.783744 -11.518243 -16.279169 -17.780462 -22.222139 -16.851653 -8.912680 -17.838115 -21.912680 -23.509485 -21.067306 -25.291755 -40.024189 -67.438769 -44.626720 -42.419037 -41.447055 -35.479847 -32.414225 -30.536341 
-19.750224 2.146172 13.941895 9.298839 1.787065 8.967288 -0.154763 5.598244 -0.121653 5.434110 -1.040929 -0.849818 -6.985930 -5.455966 -10.218154 -13.197524 -13.514023 -14.556229 -10.743951 -7.134085 -9.627009 -17.832348 -21.290193 -20.325583 -23.238351 -18.141815 -11.740329 -18.955537 -24.516283 -24.842076 -25.165009 -28.644388 -40.144727 -45.878495 -45.230347 -42.863972 -40.126866 -38.445754 -34.017200 -32.974088 
-20.815045 2.371029 13.614589 7.771043 1.585527 6.591520 -1.752317 3.837160 -4.748678 -3.857166 -9.594542 -9.286937 -12.220240 -12.902511 -20.172031 -21.113429 -21.893125 -25.365947 -15.838019 -13.567228 -19.062933 -25.826948 -23.258825 -26.191603 -31.787325 -23.594731 -19.817307 -29.906801 -34.509022 -34.690621 -27.239930 -29.090016 -40.742483 -53.616107 -54.318355 -48.219236 -48.998388 -44.683703 -40.791730 -39.869515 
-20.664061 3.046258 14.563377 9.893199 0.625245 6.287091 -4.892328 -0.171683 -7.563581 -22.427868 -22.892118 -17.137993 -18.292907 -15.182995 -27.174779 -26.943663 -28.251847 -30.380580 -22.573004 -19.616896 -26.706651 -29.565963 -29.080987 -30.964650 -35.745462 -29.395809 -26.236024 -34.646426 -37.756254 -38.154188 -35.147348 -36.801641 -40.161167 -40.887474 -41.711965 -42.050578 -42.368346 -41.477630 -39.892053 -41.043982 
-23.047168 3.650307 15.246336 10.352993 1.228670 7.898952 -2.048631 0.684821 -4.879505 -25.655689 -29.325552 -16.412265 -18.937151 -14.991626 -35.806296 -36.504976 -31.069048 -30.982148 -26.050350 -19.922600 -28.665227 -32.396047 -30.212657 -33.907347 -34.790648 -31.804612 -33.258970 -44.849067 -45.455997 -47.993108 -44.361437 -42.149227 -50.061062 -51.692310 -53.042535 -54.309670 -55.171262 -48.749282 -42.692231 -45.623481 
-27.409532 3.976802 15.383095 10.277226 -0.410647 7.379353 -3.192711 0.874311 -5.953353 -24.128289 -26.861773 -15.662287 -17.802284 -15.633819 -31.260499 -31.693803 -33.491554 -31.083611 -27.927259 -20.477606 -30.377672 -35.286926 -32.473652 -34.120954 -33.901042 -32.494749 -32.840461 -41.190587 -41.797311 -42.695257 -42.416031 -41.899557 -43.564810 -44.410347 -44.968837 -45.455681 -45.830096 -42.177314 -39.706386 -42.289952 
-24.012108 4.188918 15.441100 10.209693 0.244422 6.824413 -3.812810 0.496225 -6.506990 -28.298033 -29.213944 -17.369542 -20.836371 -18.414363 -38.057404 -39.263423 -36.233707 -32.955155 -33.000270 -22.498514 -33.810375 -40.156030 -35.838368 -37.518163 -37.374842 -35.234590 -35.536406 -49.993962 -51.139076 -51.698139 -46.383971 -43.118978 -51.025645 -53.269769 -54.081748 -54.867622 -55.235224 -46.010689 -43.720466 -43.951956 
-23.124968 3.937742 15.378078 10.247150 -0.620392 6.087817 -5.189048 -0.511844 -8.110592 -29.235047 -29.257882 -19.789759 -21.884401 -20.809731 -39.285238 -39.870960 -38.680343 -36.442147 -37.150773 -23.812888 -36.740461 -40.725527 -35.833044 -40.228676 -36.992248 -36.756900 -38.572891 -49.810404 -51.135920 -50.951228 -46.205342 -44.280438 -49.224016 -53.354521 -54.744475 -55.658471 -55.353963 -43.435600 -43.570395 -44.057231 
-27.633711 3.899419 15.182219 10.024461 -1.227012 4.816763 -6.146915 -1.423098 -9.513836 -32.139870 -32.838527 -20.154640 -21.699179 -22.050387 -38.150670 -38.679550 -39.809748 -38.773037 -36.948066 -27.807707 -33.141356 -38.177933 -36.992891 -36.895964 -35.858150 -34.970388 -38.442655 -46.450992 -51.075992 -51.455576 -46.682664 -42.538166 -49.118856 -52.977983 -54.474913 -55.319531 -54.918746 -43.748286 -41.856900 -42.418329 
-23.223468 3.505001 14.786563 9.639845 -2.519872 2.580367 -7.634379 -3.057914 -12.457733 -32.868975 -30.667622 -22.902185 -22.875256 -22.729064 -38.404807 -36.819667 -41.322609 -40.342177 -36.764794 -29.336503 -30.365603 -36.470769 -37.134765 -38.662494 -40.738136 -36.136893 -36.581790 -45.265614 -53.495614 -55.558606 -49.947822 -44.492945 -49.973028 -56.992457 -58.738871 -65.261780 -66.796971 -43.982758 -41.550283 -44.034641 
-22.559419 2.724819 13.973716 8.914482 -5.720718 -2.410267 -12.450629 -6.383291 -15.336074 -32.128969 -36.047982 -27.889366 -23.953092 -24.093760 -40.073399 -40.562960 -43.406086 -38.455654 -37.240748 -32.588357 -31.225055 -40.082973 -40.853568 -41.298500 -43.327572 -39.027138 -39.213329 -47.542534 -49.024034 -49.892156 -48.774987 -43.999304 -47.560589 -52.316009 -54.547267 -55.208743 -55.966748 -48.908369 -45.711672 -44.092158 
-18.145889 1.471244 12.594159 7.441298 -11.030833 -11.361465 -18.455862 -12.349638 -21.914664 -33.134085 -34.440619 -28.546981 -27.248047 -31.468293 -41.467264 -38.343841 -41.178615 -46.704890 -41.893582 -43.701336 -38.148837 -46.103412 -46.138809 -43.596935 -43.272167 -37.845838 -38.586114 -42.963294 -49.849681 -49.375619 -45.759389 -41.413797 -43.333068 -48.464982 -55.784856 -56.907240 -59.251943 -49.374928 -46.292196 -44.077374 
-20.544010 0.046596 10.672780 5.221136 -13.460857 -18.286370 -25.429824 -18.823127 -30.593833 -36.411939 -32.771877 -27.809608 -29.842333 -37.911424 -36.431765 -37.376253 -39.781840 -41.412768 -41.966596 -39.076345 -29.669413 -37.454199 -38.494059 -37.293257 -33.706109 -34.617664 -30.918099 -36.947069 -43.564667 -44.399092 -42.017242 -40.350834 -44.254104 -49.295620 -54.643257 -56.232867 -55.289406 -46.652433 -48.522998 -48.555570 
-25.784497 -2.047110 7.877502 1.915195 -15.934933 -26.310960 -29.246871 -24.831967 -31.122050 -31.571544 -36.568704 -33.274040 -27.639484 -27.572348 -33.263009 -39.897403 -37.613261 -36.810951 -36.504712 -40.200742 -32.203246 -37.167938 -35.291471 -36.981618 -31.572953 -32.980055 -31.947901 -39.557065 -44.567049 -45.040314 -37.508873 -39.262752 -43.068245 -49.369100 -54.461858 -58.501180 -56.159743 -44.712615 -43.320474 -44.824702 
-22.258970 -5.097591 3.294188 -3.356569 -23.279536 -34.476448 -29.320409 -27.745508 -35.199685 -28.458778 -32.308554 -35.408006 -26.944687 -29.161873 -32.181199 -36.073545 -35.470200 -33.524612 -30.779606 -33.482600 -33.257449 -35.840508 -30.953334 -30.900637 -32.974460 -34.703523 -32.292918 -39.986774 -45.791876 -44.746480 -36.446532 -37.344197 -41.042513 -51.395017 -49.363740 -56.664810 -55.551518 -47.213035 -46.918045 -46.249878 
-24.714597 -12.202396 -4.500241 -10.887581 -28.806486 -29.017904 -31.418961 -29.527508 -31.852232 -29.519151 -30.243444 -32.266053 -24.983541 -25.542318 -30.541556 -43.040493 -38.858073 -33.374377 -35.595623 -36.310683 -29.596925 -38.689806 -36.132101 -34.223707 -35.274317 -32.565361 -29.771508 -39.022394 -46.702026 -43.745794 -39.175583 -37.953932 -42.719295 -50.579626 -51.666653 -55.205626 -59.135111 -50.608232 -53.222683 -50.396894 
-26.439157 -22.324469 -18.190929 -21.223621 -27.045797 -34.634229 -42.310402 -36.468038 -32.980144 -30.578317 -29.731880 -31.889328 -30.557091 -29.478045 -32.727565 -40.236746 -43.255237 -38.853923 -33.382766 -36.460060 -25.656718 -30.793882 -37.673597 -36.492798 -41.007358 -32.117577 -26.798972 -38.916400 -42.415339 -43.857624 -38.617025 -38.967673 -43.561895 -53.790459 -54.381248 -53.773619 -57.661854 -51.571146 -55.330521 -51.704487 
-24.209226 -25.355852 -25.553049 -27.727398 -23.611602 -30.096972 -39.912396 -35.449817 -33.672029 -32.719011 -37.092889 -34.107700 -26.434754 -29.391275 -37.641658 -42.310551 -50.216275 -38.415993 -34.385975 -38.494990 -27.136065 -31.121422 -37.446889 -40.182000 -44.080988 -35.110545 -31.861254 -39.086640 -42.477038 -42.329262 -42.357783 -43.880172 -46.551864 -52.432765 -57.564174 -57.611093 -56.953081 -51.567889 -55.295140 -54.219442 
-29.506615 -33.878108 -30.938902 -27.909615 -26.090170 -32.061957 -32.895478 -29.607059 -31.224750 -34.021434 -32.388643 -28.435018 -26.988274 -32.886946 -33.698479 -40.846193 -42.499753 -39.796466 -41.065377 -39.413583 -33.612318 -36.131476 -40.519321 -42.659840 -46.771421 -43.965876 -37.534575 -39.649689 -45.184928 -45.862859 -45.525937 -46.136966 -50.489492 -55.380234 -58.957169 -59.203088 -59.542987 -55.101659 -59.892165 -59.068077 
-21.988232 -32.489006 -31.096787 -32.395440 -35.971046 -38.968531 -37.868964 -32.496870 -32.444056 -32.549376 -37.672902 -36.788328 -34.555021 -39.927480 -42.888369 -43.082871 -48.883575 -42.362278 -42.167941 -40.745711 -37.030366 -42.013751 -46.116067 -44.713425 -48.550206 -47.833213 -44.613414 -45.277278 -49.701895 -48.998577 -48.303201 -51.758485 -53.422332 -59.605070 -62.295164 -63.028401 -60.911172 -60.538646 -67.689507 -65.806120 
-25.211489 -29.350546 -38.228508 -38.175074 -40.660608 -51.787398 -48.643908 -35.612999 -32.968913 -37.770609 -45.472700 -41.370723 -40.722315 -43.409314 -48.239030 -51.771434 -53.626871 -49.986202 -48.952090 -44.921213 -45.137918 -52.003475 -51.404637 -55.698833 -53.870302 -51.777331 -47.199957 -52.438907 -55.508648 -52.531949 -57.820754 -57.378792 -57.830262 -64.459785 -64.233558 -67.535435 -64.176431 -61.749381 -72.830564 -69.042574 
-39.546626 -45.380757 -43.381352 -51.402493 -45.591955 -47.116352 -57.848572 -51.296804 -41.704019 -46.384418 -53.032213 -54.531848 -48.187113 -47.725210 -54.622089 -58.875803 -60.559792 -53.797306 -54.411856 -51.709308 -54.574057 -57.688351 -56.819594 -58.923842 -59.453854 -62.342995 -57.022570 -57.500546 -59.882574 -62.423868 -62.096053 -61.494058 -66.850123 -64.743652 -62.101296 -65.004072 -66.498128 -64.242082 -72.135772 -69.525872 
-52.656708 -62.116903 -62.332743 -63.554757 -59.313074 -57.128346 -67.447506 -69.758495 -62.276434 -60.896304 -63.777186 -61.988820 -58.141292 -62.210153 -64.500456 -66.795633 -64.726169 -66.457475 -64.376888 -61.481061 -65.143011 -66.046905 -65.057454 -66.017519 -68.544233 -74.450078 -67.593772 -63.436085 -68.018223 -69.859943 -67.845665 -69.017645 -69.865389 -69.872288 -67.848913 -66.747777 -68.646365 -70.369735 -74.518230 -73.647040 
-63.424004 -66.360798 -71.585187 -67.802200 -69.996499 -75.473176 -70.213613 -67.062399 -74.593957 -69.363128 -68.402940 -66.095635 -67.687395 -69.914301 -71.643989 -69.578453 -70.588737 -66.268893 -72.103794 -75.081540 -71.663847 -71.211307 -76.310490 -76.333246 -74.320631 -75.500771 -70.399925 -71.949811 -74.484571 -74.016980 -75.466136 -73.760209 -75.060422 -76.696166 -73.737454 -70.967912 -71.629623 -72.904474 -75.844411 -78.796641 
-57.633833 -69.311405 -80.859704 -78.002596 -74.498532 -78.073068 -78.020583 -76.372188 -77.913182 -78.480443 -76.744348 -68.178524 -70.461425 -68.138996 -69.165410 -71.073823 -73.909534 -73.020228 -73.373019 -74.570216 -73.558667 -72.135088 -75.462800 -76.368072 -71.655549 -75.281468 -74.454840 -71.963350 -75.488043 -74.327155 -73.095364 -72.103376 -74.569832 -75.129079 -76.076248 -72.695396 -72.857343 -72.027865 -73.258101 -75.484915 
-57.898587 -69.848408 -75.088956 -70.519164 -66.708702 -71.866312 -72.461086 -73.971045 -79.181782 -74.688443 -72.820584 -68.668497 -74.469531 -73.959049 -71.603383 -70.017809 -73.309945 -71.880028 -75.113723 -75.253248 -74.596778 -74.908313 -73.948150 -74.296522 -73.785297 -73.883132 -74.155998 -75.774420 -75.953938 -75.443123 -73.021865 -72.326034 -78.005320 -74.723704 -75.667726 -74.166801 -74.549485 -72.740353 -72.390727 -74.585926 
-59.151952 -70.282270 -79.553609 -74.235252 -68.247262 -74.528398 -72.061219 -74.953322 -75.993797 -74.433337 -76.768935 -75.051361 -74.553896 -76.887086 -75.929766 -79.393585 -79.446631 -73.577280 -77.952244 -80.951704 -78.361810 -76.492906 -75.256160 -74.792587 -74.321427 -75.248052 -73.396355 -75.061433 -74.251650 -75.919341 -71.747474 -73.601342 -77.741931 -77.470643 -75.030920 -78.562439 -77.122048 -74.297507 -75.832995 -76.737180 
-58.068586 -68.062022 -71.210926 -71.249915 -67.382715 -74.845356 -72.627973 -70.968549 -71.090344 -71.939104 -75.445074 -74.747205 -73.049335 -72.944286 -73.004574 -75.440487 -75.022646 -69.756011 -75.553373 -78.753931 -73.728966 -71.069554 -75.100585 -76.233422 -74.455312 -72.991896 -75.290659 -73.611719 -73.398023 -74.997529 -72.235483 -71.321913 -77.153377 -74.959677 -76.914425 -75.123463 -74.561332 -71.992016 -73.800246 -75.709951 
-57.343858 -68.142947 -71.724100 -69.924748 -70.354217 -76.839054 -70.356780 -69.858133 -76.101972 -77.614570 -71.211685 -77.803317 -74.755859 -67.844985 -77.044726 -72.906629 -75.411578 -76.135217 -78.424179 -73.865339 -72.301044 -71.075060 -78.368604 -76.499139 -73.791399 -75.491855 -74.547377 -71.634192 -73.011188 -77.249293 -74.204761 -74.147193 -74.045079 -76.230570 -73.444658 -73.058391 -74.427358 -75.024016 -73.470726 -76.187116 
-55.158229 -66.955449 -71.034897 -70.680511 -72.691920 -71.198738 -72.690616 -72.669626 -76.394455 -74.163664 -69.124529 -71.108120 -69.808488 -65.352146 -73.020515 -73.452690 -75.244328 -68.789013 -73.435223 -77.004032 -71.687108 -68.392673 -70.018257 -72.804369 -74.397511 -73.968595 -74.348262 -73.571967 -73.019389 -75.468125 -73.766074 -73.325428 -74.907736 -78.050945 -74.707572 -71.264938 -71.674321 -75.157620 -76.276467 -77.442830 
-64.886054 -74.015745 -68.541720 -70.093589 -78.982529 -71.266893 -66.816618 -62.993484 -65.977825 -74.399319 -76.486120 -78.551646 -71.012796 -66.289329 -67.223381 -63.707391 -66.054853 -71.132325 -70.005169 -72.611276 -67.760811 -63.892887 -69.823740 -77.997836 -71.979127 -67.205331 -69.013085 -69.281627 -77.264716 -75.469023 -76.205503 -74.153727 -77.426988 -75.987477 -72.126777 -71.740686 -75.591502 -75.557433 -74.775804 -77.543713 
-89.690773 -86.012221 -84.860015 -86.217096 -87.737285 -83.410832 -79.751403 -78.761458 -80.434563 -83.180266 -85.664988 -87.675824 -85.198712 -87.247525 -88.727806 -80.207444 -79.643009 -82.459762 -85.213308 -91.696359 -84.000359 -81.084908 -86.517059 -95.497114 -85.685314 -81.417765 -83.303184 -85.459694 -96.667800 -96.259049 -91.573262 -89.114938 -92.633237 -91.380044 -89.722794 -87.781539 -92.120807 -94.725584 -90.420369 -96.578219 
NaN NaN NaN NaN NaN NaN NaN NaN NaN NaN NaN NaN NaN NaN NaN NaN NaN NaN NaN NaN NaN NaN NaN NaN NaN NaN NaN NaN NaN NaN NaN NaN NaN NaN NaN NaN NaN NaN NaN NaN 
NaN NaN NaN NaN NaN NaN NaN NaN NaN NaN NaN NaN NaN NaN NaN NaN NaN NaN NaN NaN NaN NaN NaN NaN NaN NaN NaN NaN NaN NaN NaN NaN NaN NaN NaN NaN NaN NaN NaN NaN 
NaN NaN NaN NaN NaN NaN NaN NaN NaN NaN NaN NaN NaN NaN NaN NaN NaN NaN NaN NaN NaN NaN NaN NaN NaN NaN NaN NaN NaN NaN NaN NaN NaN NaN NaN NaN NaN NaN NaN NaN 
NaN NaN NaN NaN NaN NaN NaN NaN NaN NaN NaN NaN NaN NaN NaN NaN NaN NaN NaN NaN NaN NaN NaN NaN NaN NaN NaN NaN NaN NaN NaN NaN NaN NaN NaN NaN NaN NaN NaN NaN 
NaN NaN NaN NaN NaN NaN NaN NaN NaN NaN NaN NaN NaN NaN NaN NaN NaN NaN NaN NaN NaN NaN NaN NaN NaN NaN NaN NaN NaN NaN NaN NaN NaN NaN NaN NaN NaN NaN NaN NaN 
NaN NaN NaN NaN NaN NaN NaN NaN NaN NaN NaN NaN NaN NaN NaN NaN NaN NaN NaN NaN NaN NaN NaN NaN NaN NaN NaN NaN NaN NaN NaN NaN NaN NaN NaN NaN NaN NaN NaN NaN 
NaN NaN NaN NaN NaN NaN NaN NaN NaN NaN NaN NaN NaN NaN NaN NaN NaN NaN NaN NaN NaN NaN NaN NaN NaN NaN NaN NaN NaN NaN NaN NaN NaN NaN NaN NaN NaN NaN NaN NaN 
NaN NaN NaN NaN NaN NaN NaN NaN NaN NaN NaN NaN NaN NaN NaN NaN NaN NaN NaN NaN NaN NaN NaN NaN NaN NaN NaN NaN NaN NaN NaN NaN NaN NaN NaN NaN NaN NaN NaN NaN 
NaN NaN NaN NaN NaN NaN NaN NaN NaN NaN NaN NaN NaN NaN NaN NaN NaN NaN NaN NaN NaN NaN NaN NaN NaN NaN NaN NaN NaN NaN NaN NaN NaN NaN NaN NaN NaN NaN NaN NaN 
NaN NaN NaN NaN NaN NaN NaN NaN NaN NaN NaN NaN NaN NaN NaN NaN NaN NaN NaN NaN NaN NaN NaN NaN NaN NaN NaN NaN NaN NaN NaN NaN NaN NaN NaN NaN NaN NaN NaN NaN 
NaN NaN NaN NaN NaN NaN NaN NaN NaN NaN NaN NaN NaN NaN NaN NaN NaN NaN NaN NaN NaN NaN NaN NaN NaN NaN NaN NaN NaN NaN NaN NaN NaN NaN NaN NaN NaN NaN NaN NaN 
NaN NaN NaN NaN NaN NaN NaN NaN NaN NaN NaN NaN NaN NaN NaN NaN NaN NaN NaN NaN NaN NaN NaN NaN NaN NaN NaN NaN NaN NaN NaN NaN NaN NaN NaN NaN NaN NaN NaN NaN 
NaN NaN NaN NaN NaN NaN NaN NaN NaN NaN NaN NaN NaN NaN NaN NaN NaN NaN NaN NaN NaN NaN NaN NaN NaN NaN NaN NaN NaN NaN NaN NaN NaN NaN NaN NaN NaN NaN NaN NaN 
NaN NaN NaN NaN NaN NaN NaN NaN NaN NaN NaN NaN NaN NaN NaN NaN NaN NaN NaN NaN NaN NaN NaN NaN NaN NaN NaN NaN NaN NaN NaN NaN NaN NaN NaN NaN NaN NaN NaN NaN 
NaN NaN NaN NaN NaN NaN NaN NaN NaN NaN NaN NaN NaN NaN NaN NaN NaN NaN NaN NaN NaN NaN NaN NaN NaN NaN NaN NaN NaN NaN NaN NaN NaN NaN NaN NaN NaN NaN NaN NaN 
NaN NaN NaN NaN NaN NaN NaN NaN NaN NaN NaN NaN NaN NaN NaN NaN NaN NaN NaN NaN NaN NaN NaN NaN NaN NaN NaN NaN NaN NaN NaN NaN NaN NaN NaN NaN NaN NaN NaN NaN 
NaN NaN NaN NaN NaN NaN NaN NaN NaN NaN NaN NaN NaN NaN NaN NaN NaN NaN NaN NaN NaN NaN NaN NaN NaN NaN NaN NaN NaN NaN NaN NaN NaN NaN NaN NaN NaN NaN NaN NaN 
NaN NaN NaN NaN NaN NaN NaN NaN NaN NaN NaN NaN NaN NaN NaN NaN NaN NaN NaN NaN NaN NaN NaN NaN NaN NaN NaN NaN NaN NaN NaN NaN NaN NaN NaN NaN NaN NaN NaN NaN 
NaN NaN NaN NaN NaN NaN NaN NaN NaN NaN NaN NaN NaN NaN NaN NaN NaN NaN NaN NaN NaN NaN NaN NaN NaN NaN NaN NaN NaN NaN NaN NaN NaN NaN NaN NaN NaN NaN NaN NaN 
NaN NaN NaN NaN NaN NaN NaN NaN NaN NaN NaN NaN NaN NaN NaN NaN NaN NaN NaN NaN NaN NaN NaN NaN NaN NaN NaN NaN NaN NaN NaN NaN NaN NaN NaN NaN NaN NaN NaN NaN 
NaN NaN NaN NaN NaN NaN NaN NaN NaN NaN NaN NaN NaN NaN NaN NaN NaN NaN NaN NaN NaN NaN NaN NaN NaN NaN NaN NaN NaN NaN NaN NaN NaN NaN NaN NaN NaN NaN NaN NaN 
NaN NaN NaN NaN NaN NaN NaN NaN NaN NaN NaN NaN NaN NaN NaN NaN NaN NaN NaN NaN NaN NaN NaN NaN NaN NaN NaN NaN NaN NaN NaN NaN NaN NaN NaN NaN NaN NaN NaN NaN 
NaN NaN NaN NaN NaN NaN NaN NaN NaN NaN NaN NaN NaN NaN NaN NaN NaN NaN NaN NaN NaN NaN NaN NaN NaN NaN NaN NaN NaN NaN NaN NaN NaN NaN NaN NaN NaN NaN NaN NaN 
NaN NaN NaN NaN NaN NaN NaN NaN NaN NaN NaN NaN NaN NaN NaN NaN NaN NaN NaN NaN NaN NaN NaN NaN NaN NaN NaN NaN NaN NaN NaN NaN NaN NaN NaN NaN NaN NaN NaN NaN 
NaN NaN NaN NaN NaN NaN NaN NaN NaN NaN NaN NaN NaN NaN NaN NaN NaN NaN NaN NaN NaN NaN NaN NaN NaN NaN NaN NaN NaN NaN NaN NaN NaN NaN NaN NaN NaN NaN NaN NaN 
NaN NaN NaN NaN NaN NaN NaN NaN NaN NaN NaN NaN NaN NaN NaN NaN NaN NaN NaN NaN NaN NaN NaN NaN NaN NaN NaN NaN NaN NaN NaN NaN NaN NaN NaN NaN NaN NaN NaN NaN 
NaN NaN NaN NaN NaN NaN NaN NaN NaN NaN NaN NaN NaN NaN NaN NaN NaN NaN NaN NaN NaN NaN NaN NaN NaN NaN NaN NaN NaN NaN NaN NaN NaN NaN NaN NaN NaN NaN NaN NaN 
NaN NaN NaN NaN NaN NaN NaN NaN NaN NaN NaN NaN NaN NaN NaN NaN NaN NaN NaN NaN NaN NaN NaN NaN NaN NaN NaN NaN NaN NaN NaN NaN NaN NaN NaN NaN NaN NaN NaN NaN 
NaN NaN NaN NaN NaN NaN NaN NaN NaN NaN NaN NaN NaN NaN NaN NaN NaN NaN NaN NaN NaN NaN NaN NaN NaN NaN NaN NaN NaN NaN NaN NaN NaN NaN NaN NaN NaN NaN NaN NaN 
NaN NaN NaN NaN NaN NaN NaN NaN NaN NaN NaN NaN NaN NaN NaN NaN NaN NaN NaN NaN NaN NaN NaN NaN NaN NaN NaN NaN NaN NaN NaN NaN NaN NaN NaN NaN NaN NaN NaN NaN 
NaN NaN NaN NaN NaN NaN NaN NaN NaN NaN NaN NaN NaN NaN NaN NaN NaN NaN NaN NaN NaN NaN NaN NaN NaN NaN NaN NaN NaN NaN NaN NaN NaN NaN NaN NaN NaN NaN NaN NaN 
NaN NaN NaN NaN NaN NaN NaN NaN NaN NaN NaN NaN NaN NaN NaN NaN NaN NaN NaN NaN NaN NaN NaN NaN NaN NaN NaN NaN NaN NaN NaN NaN NaN NaN NaN NaN NaN NaN NaN NaN 
NaN NaN NaN NaN NaN NaN NaN NaN NaN NaN NaN NaN NaN NaN NaN NaN NaN NaN NaN NaN NaN NaN NaN NaN NaN NaN NaN NaN NaN NaN NaN NaN NaN NaN NaN NaN NaN NaN NaN NaN 
NaN NaN NaN NaN NaN NaN NaN NaN NaN NaN NaN NaN NaN NaN NaN NaN NaN NaN NaN NaN NaN NaN NaN NaN NaN NaN NaN NaN NaN NaN NaN NaN NaN NaN NaN NaN NaN NaN NaN NaN 
NaN NaN NaN NaN NaN NaN NaN NaN NaN NaN NaN NaN NaN NaN NaN NaN NaN NaN NaN NaN NaN NaN NaN NaN NaN NaN NaN NaN NaN NaN NaN NaN NaN NaN NaN NaN NaN NaN NaN NaN 
NaN NaN NaN NaN NaN NaN NaN NaN NaN NaN NaN NaN NaN NaN NaN NaN NaN NaN NaN NaN NaN NaN NaN NaN NaN NaN NaN NaN NaN NaN NaN NaN NaN NaN NaN NaN NaN NaN NaN NaN 
NaN NaN NaN NaN NaN NaN NaN NaN NaN NaN NaN NaN NaN NaN NaN NaN NaN NaN NaN NaN NaN NaN NaN NaN NaN NaN NaN NaN NaN NaN NaN NaN NaN NaN NaN NaN NaN NaN NaN NaN 
NaN NaN NaN NaN NaN NaN NaN NaN NaN NaN NaN NaN NaN NaN NaN NaN NaN NaN NaN NaN NaN NaN NaN NaN NaN NaN NaN NaN NaN NaN NaN NaN NaN NaN NaN NaN NaN NaN NaN NaN 
NaN NaN NaN NaN NaN NaN NaN NaN NaN NaN NaN NaN NaN NaN NaN NaN NaN NaN NaN NaN NaN NaN NaN NaN NaN NaN NaN NaN NaN NaN NaN NaN NaN NaN NaN NaN NaN NaN NaN NaN 
NaN NaN NaN NaN NaN NaN NaN NaN NaN NaN NaN NaN NaN NaN NaN NaN NaN NaN NaN NaN NaN NaN NaN NaN NaN NaN NaN NaN NaN NaN NaN NaN NaN NaN NaN NaN NaN NaN NaN NaN 
NaN NaN NaN NaN NaN NaN NaN NaN NaN NaN NaN NaN NaN NaN NaN NaN NaN NaN NaN NaN NaN NaN NaN NaN NaN NaN NaN NaN NaN NaN NaN NaN NaN NaN NaN NaN NaN NaN NaN NaN 
NaN NaN NaN NaN NaN NaN NaN NaN NaN NaN NaN NaN NaN NaN NaN NaN NaN NaN NaN NaN NaN NaN NaN NaN NaN NaN NaN NaN NaN NaN NaN NaN NaN NaN NaN NaN NaN NaN NaN NaN 
NaN NaN NaN NaN NaN NaN NaN NaN NaN NaN NaN NaN NaN NaN NaN NaN NaN NaN NaN NaN NaN NaN NaN NaN NaN NaN NaN NaN NaN NaN NaN NaN NaN NaN NaN NaN NaN NaN NaN NaN 
NaN NaN NaN NaN NaN NaN NaN NaN NaN NaN NaN NaN NaN NaN NaN NaN NaN NaN NaN NaN NaN NaN NaN NaN NaN NaN NaN NaN NaN NaN NaN NaN NaN NaN NaN NaN NaN NaN NaN NaN 
NaN NaN NaN NaN NaN NaN NaN NaN NaN NaN NaN NaN NaN NaN NaN NaN NaN NaN NaN NaN NaN NaN NaN NaN NaN NaN NaN NaN NaN NaN NaN NaN NaN NaN NaN NaN NaN NaN NaN NaN 
NaN NaN NaN NaN NaN NaN NaN NaN NaN NaN NaN NaN NaN NaN NaN NaN NaN NaN NaN NaN NaN NaN NaN NaN NaN NaN NaN NaN NaN NaN NaN NaN NaN NaN NaN NaN NaN NaN NaN NaN 
NaN NaN NaN NaN NaN NaN NaN NaN NaN NaN NaN NaN NaN NaN NaN NaN NaN NaN NaN NaN NaN NaN NaN NaN NaN NaN NaN NaN NaN NaN NaN NaN NaN NaN NaN NaN NaN NaN NaN NaN 
NaN NaN NaN NaN NaN NaN NaN NaN NaN NaN NaN NaN NaN NaN NaN NaN NaN NaN NaN NaN NaN NaN NaN NaN NaN NaN NaN NaN NaN NaN NaN NaN NaN NaN NaN NaN NaN NaN NaN NaN 
NaN NaN NaN NaN NaN NaN NaN NaN NaN NaN NaN NaN NaN NaN NaN NaN NaN NaN NaN NaN NaN NaN NaN NaN NaN NaN NaN NaN NaN NaN NaN NaN NaN NaN NaN NaN NaN NaN NaN NaN 
NaN NaN NaN NaN NaN NaN NaN NaN NaN NaN NaN NaN NaN NaN NaN NaN NaN NaN NaN NaN NaN NaN NaN NaN NaN NaN NaN NaN NaN NaN NaN NaN NaN NaN NaN NaN NaN NaN NaN NaN 
NaN NaN NaN NaN NaN NaN NaN NaN NaN NaN NaN NaN NaN NaN NaN NaN NaN NaN NaN NaN NaN NaN NaN NaN NaN NaN NaN NaN NaN NaN NaN NaN NaN NaN NaN NaN NaN NaN NaN NaN 
NaN NaN NaN NaN NaN NaN NaN NaN NaN NaN NaN NaN NaN NaN NaN NaN NaN NaN NaN NaN NaN NaN NaN NaN NaN NaN NaN NaN NaN NaN NaN NaN NaN NaN NaN NaN NaN NaN NaN NaN 
NaN NaN NaN NaN NaN NaN NaN NaN NaN NaN NaN NaN NaN NaN NaN NaN NaN NaN NaN NaN NaN NaN NaN NaN NaN NaN NaN NaN NaN NaN NaN NaN NaN NaN NaN NaN NaN NaN NaN NaN 
NaN NaN NaN NaN NaN NaN NaN NaN NaN NaN NaN NaN NaN NaN NaN NaN NaN NaN NaN NaN NaN NaN NaN NaN NaN NaN NaN NaN NaN NaN NaN NaN NaN NaN NaN NaN NaN NaN NaN NaN 
NaN NaN NaN NaN NaN NaN NaN NaN NaN NaN NaN NaN NaN NaN NaN NaN NaN NaN NaN NaN NaN NaN NaN NaN NaN NaN NaN NaN NaN NaN NaN NaN NaN NaN NaN NaN NaN NaN NaN NaN 
NaN NaN NaN NaN NaN NaN NaN NaN NaN NaN NaN NaN NaN NaN NaN NaN NaN NaN NaN NaN NaN NaN NaN NaN NaN NaN NaN NaN NaN NaN NaN NaN NaN NaN NaN NaN NaN NaN NaN NaN 
NaN NaN NaN NaN NaN NaN NaN NaN NaN NaN NaN NaN NaN NaN NaN NaN NaN NaN NaN NaN NaN NaN NaN NaN NaN NaN NaN NaN NaN NaN NaN NaN NaN NaN NaN NaN NaN NaN NaN NaN 
NaN NaN NaN NaN NaN NaN NaN NaN NaN NaN NaN NaN NaN NaN NaN NaN NaN NaN NaN NaN NaN NaN NaN NaN NaN NaN NaN NaN NaN NaN NaN NaN NaN NaN NaN NaN NaN NaN NaN NaN 
NaN NaN NaN NaN NaN NaN NaN NaN NaN NaN NaN NaN NaN NaN NaN NaN NaN NaN NaN NaN NaN NaN NaN NaN NaN NaN NaN NaN NaN NaN NaN NaN NaN NaN NaN NaN NaN NaN NaN NaN 
NaN NaN NaN NaN NaN NaN NaN NaN NaN NaN NaN NaN NaN NaN NaN NaN NaN NaN NaN NaN NaN NaN NaN NaN NaN NaN NaN NaN NaN NaN NaN NaN NaN NaN NaN NaN NaN NaN NaN NaN 
NaN NaN NaN NaN NaN NaN NaN NaN NaN NaN NaN NaN NaN NaN NaN NaN NaN NaN NaN NaN NaN NaN NaN NaN NaN NaN NaN NaN NaN NaN NaN NaN NaN NaN NaN NaN NaN NaN NaN NaN 
NaN NaN NaN NaN NaN NaN NaN NaN NaN NaN NaN NaN NaN NaN NaN NaN NaN NaN NaN NaN NaN NaN NaN NaN NaN NaN NaN NaN NaN NaN NaN NaN NaN NaN NaN NaN NaN NaN NaN NaN 
NaN NaN NaN NaN NaN NaN NaN NaN NaN NaN NaN NaN NaN NaN NaN NaN NaN NaN NaN NaN NaN NaN NaN NaN NaN NaN NaN NaN NaN NaN NaN NaN NaN NaN NaN NaN NaN NaN NaN NaN 
NaN NaN NaN NaN NaN NaN NaN NaN NaN NaN NaN NaN NaN NaN NaN NaN NaN NaN NaN NaN NaN NaN NaN NaN NaN NaN NaN NaN NaN NaN NaN NaN NaN NaN NaN NaN NaN NaN NaN NaN 
NaN NaN NaN NaN NaN NaN NaN NaN NaN NaN NaN NaN NaN NaN NaN NaN NaN NaN NaN NaN NaN NaN NaN NaN NaN NaN NaN NaN NaN NaN NaN NaN NaN NaN NaN NaN NaN NaN NaN NaN 
NaN NaN NaN NaN NaN NaN NaN NaN NaN NaN NaN NaN NaN NaN NaN NaN NaN NaN NaN NaN NaN NaN NaN NaN NaN NaN NaN NaN NaN NaN NaN NaN NaN NaN NaN NaN NaN NaN NaN NaN 
NaN NaN NaN NaN NaN NaN NaN NaN NaN NaN NaN NaN NaN NaN NaN NaN NaN NaN NaN NaN NaN NaN NaN NaN NaN NaN NaN NaN NaN NaN NaN NaN NaN NaN NaN NaN NaN NaN NaN NaN 
NaN NaN NaN NaN NaN NaN NaN NaN NaN NaN NaN NaN NaN NaN NaN NaN NaN NaN NaN NaN NaN NaN NaN NaN NaN NaN NaN NaN NaN NaN NaN NaN NaN NaN NaN NaN NaN NaN NaN NaN 
NaN NaN NaN NaN NaN NaN NaN NaN NaN NaN NaN NaN NaN NaN NaN NaN NaN NaN NaN NaN NaN NaN NaN NaN NaN NaN NaN NaN NaN NaN NaN NaN NaN NaN NaN NaN NaN NaN NaN NaN 
NaN NaN NaN NaN NaN NaN NaN NaN NaN NaN NaN NaN NaN NaN NaN NaN NaN NaN NaN NaN NaN NaN NaN NaN NaN NaN NaN NaN NaN NaN NaN NaN NaN NaN NaN NaN NaN NaN NaN NaN 
NaN NaN NaN NaN NaN NaN NaN NaN NaN NaN NaN NaN NaN NaN NaN NaN NaN NaN NaN NaN NaN NaN NaN NaN NaN NaN NaN NaN NaN NaN NaN NaN NaN NaN NaN NaN NaN NaN NaN NaN 
NaN NaN NaN NaN NaN NaN NaN NaN NaN NaN NaN NaN NaN NaN NaN NaN NaN NaN NaN NaN NaN NaN NaN NaN NaN NaN NaN NaN NaN NaN NaN NaN NaN NaN NaN NaN NaN NaN NaN NaN 
NaN NaN NaN NaN NaN NaN NaN NaN NaN NaN NaN NaN NaN NaN NaN NaN NaN NaN NaN NaN NaN NaN NaN NaN NaN NaN NaN NaN NaN NaN NaN NaN NaN NaN NaN NaN NaN NaN NaN NaN 
NaN NaN NaN NaN NaN NaN NaN NaN NaN NaN NaN NaN NaN NaN NaN NaN NaN NaN NaN NaN NaN NaN NaN NaN NaN NaN NaN NaN NaN NaN NaN NaN NaN NaN NaN NaN NaN NaN NaN NaN 
NaN NaN NaN NaN NaN NaN NaN NaN NaN NaN NaN NaN NaN NaN NaN NaN NaN NaN NaN NaN NaN NaN NaN NaN NaN NaN NaN NaN NaN NaN NaN NaN NaN NaN NaN NaN NaN NaN NaN NaN 
NaN NaN NaN NaN NaN NaN NaN NaN NaN NaN NaN NaN NaN NaN NaN NaN NaN NaN NaN NaN NaN NaN NaN NaN NaN NaN NaN NaN NaN NaN NaN NaN NaN NaN NaN NaN NaN NaN NaN NaN 
NaN NaN NaN NaN NaN NaN NaN NaN NaN NaN NaN NaN NaN NaN NaN NaN NaN NaN NaN NaN NaN NaN NaN NaN NaN NaN NaN NaN NaN NaN NaN NaN NaN NaN NaN NaN NaN NaN NaN NaN 
NaN NaN NaN NaN NaN NaN NaN NaN NaN NaN NaN NaN NaN NaN NaN NaN NaN NaN NaN NaN NaN NaN NaN NaN NaN NaN NaN NaN NaN NaN NaN NaN NaN NaN NaN NaN NaN NaN NaN NaN 
NaN NaN NaN NaN NaN NaN NaN NaN NaN NaN NaN NaN NaN NaN NaN NaN NaN NaN NaN NaN NaN NaN NaN NaN NaN NaN NaN NaN NaN NaN NaN NaN NaN NaN NaN NaN NaN NaN NaN NaN 
NaN NaN NaN NaN NaN NaN NaN NaN NaN NaN NaN NaN NaN NaN NaN NaN NaN NaN NaN NaN NaN NaN NaN NaN NaN NaN NaN NaN NaN NaN NaN NaN NaN NaN NaN NaN NaN NaN NaN NaN 
NaN NaN NaN NaN NaN NaN NaN NaN NaN NaN NaN NaN NaN NaN NaN NaN NaN NaN NaN NaN NaN NaN NaN NaN NaN NaN NaN NaN NaN NaN NaN NaN NaN NaN NaN NaN NaN NaN NaN NaN 
NaN NaN NaN NaN NaN NaN NaN NaN NaN NaN NaN NaN NaN NaN NaN NaN NaN NaN NaN NaN NaN NaN NaN NaN NaN NaN NaN NaN NaN NaN NaN NaN NaN NaN NaN NaN NaN NaN NaN NaN 
NaN NaN NaN NaN NaN NaN NaN NaN NaN NaN NaN NaN NaN NaN NaN NaN NaN NaN NaN NaN NaN NaN NaN NaN NaN NaN NaN NaN NaN NaN NaN NaN NaN NaN NaN NaN NaN NaN NaN NaN 
NaN NaN NaN NaN NaN NaN NaN NaN NaN NaN NaN NaN NaN NaN NaN NaN NaN NaN NaN NaN NaN NaN NaN NaN NaN NaN NaN NaN NaN NaN NaN NaN NaN NaN NaN NaN NaN NaN NaN NaN 
NaN NaN NaN NaN NaN NaN NaN NaN NaN NaN NaN NaN NaN NaN NaN NaN NaN NaN NaN NaN NaN NaN NaN NaN NaN NaN NaN NaN NaN NaN NaN NaN NaN NaN NaN NaN NaN NaN NaN NaN 
NaN NaN NaN NaN NaN NaN NaN NaN NaN NaN NaN NaN NaN NaN NaN NaN NaN NaN NaN NaN NaN NaN NaN NaN NaN NaN NaN NaN NaN NaN NaN NaN NaN NaN NaN NaN NaN NaN NaN NaN 
NaN NaN NaN NaN NaN NaN NaN NaN NaN NaN NaN NaN NaN NaN NaN NaN NaN NaN NaN NaN NaN NaN NaN NaN NaN NaN NaN NaN NaN NaN NaN NaN NaN NaN NaN NaN NaN NaN NaN NaN 
NaN NaN NaN NaN NaN NaN NaN NaN NaN NaN NaN NaN NaN NaN NaN NaN NaN NaN NaN NaN NaN NaN NaN NaN NaN NaN NaN NaN NaN NaN NaN NaN NaN NaN NaN NaN NaN NaN NaN NaN 
NaN NaN NaN NaN NaN NaN NaN NaN NaN NaN NaN NaN NaN NaN NaN NaN NaN NaN NaN NaN NaN NaN NaN NaN NaN NaN NaN NaN NaN NaN NaN NaN NaN NaN NaN NaN NaN NaN NaN NaN 
NaN NaN NaN NaN NaN NaN NaN NaN NaN NaN NaN NaN NaN NaN NaN NaN NaN NaN NaN NaN NaN NaN NaN NaN NaN NaN NaN NaN NaN NaN NaN NaN NaN NaN NaN NaN NaN NaN NaN NaN 
NaN NaN NaN NaN NaN NaN NaN NaN NaN NaN NaN NaN NaN NaN NaN NaN NaN NaN NaN NaN NaN NaN NaN NaN NaN NaN NaN NaN NaN NaN NaN NaN NaN NaN NaN NaN NaN NaN NaN NaN 
NaN NaN NaN NaN NaN NaN NaN NaN NaN NaN NaN NaN NaN NaN NaN NaN NaN NaN NaN NaN NaN NaN NaN NaN NaN NaN NaN NaN NaN NaN NaN NaN NaN NaN NaN NaN NaN NaN NaN NaN 
NaN NaN NaN NaN NaN NaN NaN NaN NaN NaN NaN NaN NaN NaN NaN NaN NaN NaN NaN NaN NaN NaN NaN NaN NaN NaN NaN NaN NaN NaN NaN NaN NaN NaN NaN NaN NaN NaN NaN NaN 
NaN NaN NaN NaN NaN NaN NaN NaN NaN NaN NaN NaN NaN NaN NaN NaN NaN NaN NaN NaN NaN NaN NaN NaN NaN NaN NaN NaN NaN NaN NaN NaN NaN NaN NaN NaN NaN NaN NaN NaN 
NaN NaN NaN NaN NaN NaN NaN NaN NaN NaN NaN NaN NaN NaN NaN NaN NaN NaN NaN NaN NaN NaN NaN NaN NaN NaN NaN NaN NaN NaN NaN NaN NaN NaN NaN NaN NaN NaN NaN NaN 
NaN NaN NaN NaN NaN NaN NaN NaN NaN NaN NaN NaN NaN NaN NaN NaN NaN NaN NaN NaN NaN NaN NaN NaN NaN NaN NaN NaN NaN NaN NaN NaN NaN NaN NaN NaN NaN NaN NaN NaN 
NaN NaN NaN NaN NaN NaN NaN NaN NaN NaN NaN NaN NaN NaN NaN NaN NaN NaN NaN NaN NaN NaN NaN NaN NaN NaN NaN NaN NaN NaN NaN NaN NaN NaN NaN NaN NaN NaN NaN NaN 
NaN NaN NaN NaN NaN NaN NaN NaN NaN NaN NaN NaN NaN NaN NaN NaN NaN NaN NaN NaN NaN NaN NaN NaN NaN NaN NaN NaN NaN NaN NaN NaN NaN NaN NaN NaN NaN NaN NaN NaN 
NaN NaN NaN NaN NaN NaN NaN NaN NaN NaN NaN NaN NaN NaN NaN NaN NaN NaN NaN NaN NaN NaN NaN NaN NaN NaN NaN NaN NaN NaN NaN NaN NaN NaN NaN NaN NaN NaN NaN NaN 
NaN NaN NaN NaN NaN NaN NaN NaN NaN NaN NaN NaN NaN NaN NaN NaN NaN NaN NaN NaN NaN NaN NaN NaN NaN NaN NaN NaN NaN NaN NaN NaN NaN NaN NaN NaN NaN NaN NaN NaN 
NaN NaN NaN NaN NaN NaN NaN NaN NaN NaN NaN NaN NaN NaN NaN NaN NaN NaN NaN NaN NaN NaN NaN NaN NaN NaN NaN NaN NaN NaN NaN NaN NaN NaN NaN NaN NaN NaN NaN NaN 
NaN NaN NaN NaN NaN NaN NaN NaN NaN NaN NaN NaN NaN NaN NaN NaN NaN NaN NaN NaN NaN NaN NaN NaN NaN NaN NaN NaN NaN NaN NaN NaN NaN NaN NaN NaN NaN NaN NaN NaN 
NaN NaN NaN NaN NaN NaN NaN NaN NaN NaN NaN NaN NaN NaN NaN NaN NaN NaN NaN NaN NaN NaN NaN NaN NaN NaN NaN NaN NaN NaN NaN NaN NaN NaN NaN NaN NaN NaN NaN NaN 
NaN NaN NaN NaN NaN NaN NaN NaN NaN NaN NaN NaN NaN NaN NaN NaN NaN NaN NaN NaN NaN NaN NaN NaN NaN NaN NaN NaN NaN NaN NaN NaN NaN NaN NaN NaN NaN NaN NaN NaN 
NaN NaN NaN NaN NaN NaN NaN NaN NaN NaN NaN NaN NaN NaN NaN NaN NaN NaN NaN NaN NaN NaN NaN NaN NaN NaN NaN NaN NaN NaN NaN NaN NaN NaN NaN NaN NaN NaN NaN NaN 
NaN NaN NaN NaN NaN NaN NaN NaN NaN NaN NaN NaN NaN NaN NaN NaN NaN NaN NaN NaN NaN NaN NaN NaN NaN NaN NaN NaN NaN NaN NaN NaN NaN NaN NaN NaN NaN NaN NaN NaN 
NaN NaN NaN NaN NaN NaN NaN NaN NaN NaN NaN NaN NaN NaN NaN NaN NaN NaN NaN NaN NaN NaN NaN NaN NaN NaN NaN NaN NaN NaN NaN NaN NaN NaN NaN NaN NaN NaN NaN NaN 
NaN NaN NaN NaN NaN NaN NaN NaN NaN NaN NaN NaN NaN NaN NaN NaN NaN NaN NaN NaN NaN NaN NaN NaN NaN NaN NaN NaN NaN NaN NaN NaN NaN NaN NaN NaN NaN NaN NaN NaN 
NaN NaN NaN NaN NaN NaN NaN NaN NaN NaN NaN NaN NaN NaN NaN NaN NaN NaN NaN NaN NaN NaN NaN NaN NaN NaN NaN NaN NaN NaN NaN NaN NaN NaN NaN NaN NaN NaN NaN NaN 
NaN NaN NaN NaN NaN NaN NaN NaN NaN NaN NaN NaN NaN NaN NaN NaN NaN NaN NaN NaN NaN NaN NaN NaN NaN NaN NaN NaN NaN NaN NaN NaN NaN NaN NaN NaN NaN NaN NaN NaN 
NaN NaN NaN NaN NaN NaN NaN NaN NaN NaN NaN NaN NaN NaN NaN NaN NaN NaN NaN NaN NaN NaN NaN NaN NaN NaN NaN NaN NaN NaN NaN NaN NaN NaN NaN NaN NaN NaN NaN NaN 
NaN NaN NaN NaN NaN NaN NaN NaN NaN NaN NaN NaN NaN NaN NaN NaN NaN NaN NaN NaN NaN NaN NaN NaN NaN NaN NaN NaN NaN NaN NaN NaN NaN NaN NaN NaN NaN NaN NaN NaN 
NaN NaN NaN NaN NaN NaN NaN NaN NaN NaN NaN NaN NaN NaN NaN NaN NaN NaN NaN NaN NaN NaN NaN NaN NaN NaN NaN NaN NaN NaN NaN NaN NaN NaN NaN NaN NaN NaN NaN NaN 
NaN NaN NaN NaN NaN NaN NaN NaN NaN NaN NaN NaN NaN NaN NaN NaN NaN NaN NaN NaN NaN NaN NaN NaN NaN NaN NaN NaN NaN NaN NaN NaN NaN NaN NaN NaN NaN NaN NaN NaN 
NaN NaN NaN NaN NaN NaN NaN NaN NaN NaN NaN NaN NaN NaN NaN NaN NaN NaN NaN NaN NaN NaN NaN NaN NaN NaN NaN NaN NaN NaN NaN NaN NaN NaN NaN NaN NaN NaN NaN NaN 
NaN NaN NaN NaN NaN NaN NaN NaN NaN NaN NaN NaN NaN NaN NaN NaN NaN NaN NaN NaN NaN NaN NaN NaN NaN NaN NaN NaN NaN NaN NaN NaN NaN NaN NaN NaN NaN NaN NaN NaN 
NaN NaN NaN NaN NaN NaN NaN NaN NaN NaN NaN NaN NaN NaN NaN NaN NaN NaN NaN NaN NaN NaN NaN NaN NaN NaN NaN NaN NaN NaN NaN NaN NaN NaN NaN NaN NaN NaN NaN NaN 
-83.642065 -83.701388 -83.800602 -83.969446 -84.201315 -84.532526 -84.947569 -85.497997 -86.263674 -87.233737 -88.512714 -90.286153 -92.726801 -96.467491 -102.465792 -103.797763 -97.709179 -93.776863 -91.466358 -90.191779 -89.734373 -90.061035 -91.220266 -93.404456 -96.973101 -102.528047 -108.706504 -107.634335 -105.089512 -103.735188 -103.101335 -103.520698 -105.491918 -108.651304 -109.599600 -108.974296 -108.659214 -109.733703 -105.563218 -102.273587 
-62.004978 -65.683750 -64.638435 -65.432326 -68.946426 -66.284868 -60.804257 -59.940300 -62.523954 -63.799753 -64.086256 -67.472426 -69.978963 -68.464360 -66.313668 -70.236054 -71.927544 -65.991872 -67.822116 -73.542940 -70.560008 -70.132420 -66.694624 -72.062253 -74.100559 -71.370593 -77.057047 -73.683784 -75.725353 -75.278877 -71.088473 -75.095471 -80.760132 -74.642320 -73.492147 -75.087119 -76.523855 -78.384056 -76.362804 -73.885677 
-62.783153 -81.688294 -69.685081 -65.899501 -70.232790 -70.493113 -62.095330 -64.604087 -69.685504 -71.432976 -69.381491 -72.728753 -66.400664 -64.001646 -65.624460 -73.404290 -73.775494 -66.830627 -69.526076 -71.930050 -70.939988 -69.605456 -71.070153 -71.140471 -75.280683 -69.643475 -71.687846 -70.340628 -72.315411 -73.240822 -72.807628 -73.828364 -74.510481 -72.186061 -71.608087 -71.703329 -69.513894 -69.946340 -72.283897 -74.074431 
-64.284167 -66.628228 -71.466210 -70.900985 -65.818434 -65.759133 -67.428846 -74.297849 -65.635709 -65.838812 -68.680744 -67.769426 -73.532562 -68.901555 -76.036830 -74.285664 -73.103655 -75.302431 -75.811131 -75.881426 -77.697770 -73.955270 -72.492259 -72.915642 -74.641640 -72.293165 -69.940680 -70.643660 -74.314609 -77.001082 -74.525323 -71.642026 -73.312549 -73.077853 -71.584331 -73.324839 -72.057262 -68.339087 -71.457192 -72.385791 
-58.264269 -61.727925 -62.171362 -63.359932 -63.088756 -65.803506 -65.757472 -73.050814 -67.663223 -72.214442 -74.210206 -73.469602 -74.834403 -64.980201 -68.800158 -69.525840 -72.818242 -75.074554 -73.894202 -73.700903 -71.331038 -69.786127 -73.113436 -75.501014 -81.490758 -75.053790 -71.287453 -69.794593 -71.420127 -74.675605 -73.052526 -74.027511 -73.653566 -73.254778 -69.322153 -70.021545 -70.214595 -70.334279 -71.393507 -74.502492 
-44.252777 -55.631488 -55.007869 -52.112913 -56.555775 -61.230936 -59.215668 -60.360004 -63.955336 -59.991557 -65.103368 -63.745452 -65.907879 -67.823112 -62.778142 -66.269956 -60.227255 -61.035224 -67.738443 -69.248709 -66.284786 -69.807332 -71.209985 -72.629575 -70.623136 -73.845219 -71.988097 -70.888997 -70.714898 -69.345470 -68.564967 -70.227554 -70.508116 -69.952536 -67.715542 -66.635362 -67.405560 -72.376297 -70.159311 -73.187237 
-38.809464 -42.375082 -44.929006 -48.683046 -54.002473 -55.582280 -55.169768 -60.583516 -67.456701 -59.782446 -61.013377 -66.012670 -64.611047 -67.589979 -63.209861 -62.363441 -59.065163 -66.453911 -69.680738 -73.116293 -74.593746 -73.488841 -67.945325 -68.333313 -66.663199 -70.579190 -68.228339 -69.909445 -78.373295 -74.941554 -72.261130 -70.759507 -69.067125 -71.066461 -68.661696 -69.762864 -69.505465 -73.643836 -66.846506 -71.293979 
