NaN NaN NaN NaN NaN NaN NaN NaN NaN NaN NaN NaN NaN NaN NaN NaN NaN NaN NaN NaN NaN NaN NaN NaN NaN NaN NaN NaN NaN NaN NaN NaN NaN NaN NaN NaN NaN NaN NaN NaN 
NaN NaN NaN NaN NaN NaN NaN NaN NaN NaN NaN NaN NaN NaN NaN NaN NaN NaN NaN NaN NaN NaN NaN NaN NaN NaN NaN NaN NaN NaN NaN NaN NaN NaN NaN NaN NaN NaN NaN NaN 
NaN NaN NaN NaN NaN NaN NaN NaN NaN NaN NaN NaN NaN NaN NaN NaN NaN NaN NaN NaN NaN NaN NaN NaN NaN NaN NaN NaN NaN NaN NaN NaN NaN NaN NaN NaN NaN NaN NaN NaN 
NaN NaN NaN NaN NaN NaN NaN NaN NaN NaN NaN NaN NaN NaN NaN NaN NaN NaN NaN NaN NaN NaN NaN NaN NaN NaN NaN NaN NaN NaN NaN NaN NaN NaN NaN NaN NaN NaN NaN NaN 
NaN NaN NaN NaN NaN NaN NaN NaN NaN NaN NaN NaN NaN NaN NaN NaN NaN NaN NaN NaN NaN NaN NaN NaN NaN NaN NaN NaN NaN NaN NaN NaN NaN NaN NaN NaN NaN NaN NaN NaN 
NaN NaN NaN NaN NaN NaN NaN NaN NaN NaN NaN NaN NaN NaN NaN NaN NaN NaN NaN NaN NaN NaN NaN NaN NaN NaN NaN NaN NaN NaN NaN NaN NaN NaN NaN NaN NaN NaN NaN NaN 
NaN NaN NaN NaN NaN NaN NaN NaN NaN NaN NaN NaN NaN NaN NaN NaN NaN NaN NaN NaN NaN NaN NaN NaN NaN NaN NaN NaN NaN NaN NaN NaN NaN NaN NaN NaN NaN NaN NaN NaN 
NaN NaN NaN NaN NaN NaN NaN NaN NaN NaN NaN NaN NaN NaN NaN NaN NaN NaN NaN NaN NaN NaN NaN NaN NaN NaN NaN NaN NaN NaN NaN NaN NaN NaN NaN NaN NaN NaN NaN NaN 
NaN NaN NaN NaN NaN NaN NaN NaN NaN NaN NaN NaN NaN NaN NaN NaN NaN NaN NaN NaN NaN NaN NaN NaN NaN NaN NaN NaN NaN NaN NaN NaN NaN NaN NaN NaN NaN NaN NaN NaN 
NaN NaN NaN NaN NaN NaN NaN NaN NaN NaN NaN NaN NaN NaN NaN NaN NaN NaN NaN NaN NaN NaN NaN NaN NaN NaN NaN NaN NaN NaN NaN NaN NaN NaN NaN NaN NaN NaN NaN NaN 
NaN NaN NaN NaN NaN NaN NaN NaN NaN NaN NaN NaN NaN NaN NaN NaN NaN NaN NaN NaN NaN NaN NaN NaN NaN NaN NaN NaN NaN NaN NaN NaN NaN NaN NaN NaN NaN NaN NaN NaN 
NaN NaN NaN NaN NaN NaN NaN NaN NaN NaN NaN NaN NaN NaN NaN NaN NaN NaN NaN NaN NaN NaN NaN NaN NaN NaN NaN NaN NaN NaN NaN NaN NaN NaN NaN NaN NaN NaN NaN NaN 
NaN NaN NaN NaN NaN NaN NaN NaN NaN NaN NaN NaN NaN NaN NaN NaN NaN NaN NaN NaN NaN NaN NaN NaN NaN NaN NaN NaN NaN NaN NaN NaN NaN NaN NaN NaN NaN NaN NaN NaN 
NaN NaN NaN NaN NaN NaN NaN NaN NaN NaN NaN NaN NaN NaN NaN NaN NaN NaN NaN NaN NaN NaN NaN NaN NaN NaN NaN NaN NaN NaN NaN NaN NaN NaN NaN NaN NaN NaN NaN NaN 
NaN NaN NaN NaN NaN NaN NaN NaN NaN NaN NaN NaN NaN NaN NaN NaN NaN NaN NaN NaN NaN NaN NaN NaN NaN NaN NaN NaN NaN NaN NaN NaN NaN NaN NaN NaN NaN NaN NaN NaN 
NaN NaN NaN NaN NaN NaN NaN NaN NaN NaN NaN NaN NaN NaN NaN NaN NaN NaN NaN NaN NaN NaN NaN NaN NaN NaN NaN NaN NaN NaN NaN NaN NaN NaN NaN NaN NaN NaN NaN NaN 
NaN NaN NaN NaN NaN NaN NaN NaN NaN NaN NaN NaN NaN NaN NaN NaN NaN NaN NaN NaN NaN NaN NaN NaN NaN NaN NaN NaN NaN NaN NaN NaN NaN NaN NaN NaN NaN NaN NaN NaN 
NaN NaN NaN NaN NaN NaN NaN NaN NaN NaN NaN NaN NaN NaN NaN NaN NaN NaN NaN NaN NaN NaN NaN NaN NaN NaN NaN NaN NaN NaN NaN NaN NaN NaN NaN NaN NaN NaN NaN NaN 
NaN NaN NaN NaN NaN NaN NaN NaN NaN NaN NaN NaN NaN NaN NaN NaN NaN NaN NaN NaN NaN NaN NaN NaN NaN NaN NaN NaN NaN NaN NaN NaN NaN NaN NaN NaN NaN NaN NaN NaN 
NaN NaN NaN NaN NaN NaN NaN NaN NaN NaN NaN NaN NaN NaN NaN NaN NaN NaN NaN NaN NaN NaN NaN NaN NaN NaN NaN NaN NaN NaN NaN NaN NaN NaN NaN NaN NaN NaN NaN NaN 
NaN NaN NaN NaN NaN NaN NaN NaN NaN NaN NaN NaN NaN NaN NaN NaN NaN NaN NaN NaN NaN NaN NaN NaN NaN NaN NaN NaN NaN NaN NaN NaN NaN NaN NaN NaN NaN NaN NaN NaN 
NaN NaN NaN NaN NaN NaN NaN NaN NaN NaN NaN NaN NaN NaN NaN NaN NaN NaN NaN NaN NaN NaN NaN NaN NaN NaN NaN NaN NaN NaN NaN NaN NaN NaN NaN NaN NaN NaN NaN NaN 
NaN NaN NaN NaN NaN NaN NaN NaN NaN NaN NaN NaN NaN NaN NaN NaN NaN NaN NaN NaN NaN NaN NaN NaN NaN NaN NaN NaN NaN NaN NaN NaN NaN NaN NaN NaN NaN NaN NaN NaN 
NaN NaN NaN NaN NaN NaN NaN NaN NaN NaN NaN NaN NaN NaN NaN NaN NaN NaN NaN NaN NaN NaN NaN NaN NaN NaN NaN NaN NaN NaN NaN NaN NaN NaN NaN NaN NaN NaN NaN NaN 
NaN NaN NaN NaN NaN NaN NaN NaN NaN NaN NaN NaN NaN NaN NaN NaN NaN NaN NaN NaN NaN NaN NaN NaN NaN NaN NaN NaN NaN NaN NaN NaN NaN NaN NaN NaN NaN NaN NaN NaN 
NaN NaN NaN NaN NaN NaN NaN NaN NaN NaN NaN NaN NaN NaN NaN NaN NaN NaN NaN NaN NaN NaN NaN NaN NaN NaN NaN NaN NaN NaN NaN NaN NaN NaN NaN NaN NaN NaN NaN NaN 
NaN NaN NaN NaN NaN NaN NaN NaN NaN NaN NaN NaN NaN NaN NaN NaN NaN NaN NaN NaN NaN NaN NaN NaN NaN NaN NaN NaN NaN NaN NaN NaN NaN NaN NaN NaN NaN NaN NaN NaN 
NaN NaN NaN NaN NaN NaN NaN NaN NaN NaN NaN NaN NaN NaN NaN NaN NaN NaN NaN NaN NaN NaN NaN NaN NaN NaN NaN NaN NaN NaN NaN NaN NaN NaN NaN NaN NaN NaN NaN NaN 
NaN NaN NaN NaN NaN NaN NaN NaN NaN NaN NaN NaN NaN NaN NaN NaN NaN NaN NaN NaN NaN NaN NaN NaN NaN NaN NaN NaN NaN NaN NaN NaN NaN NaN NaN NaN NaN NaN NaN NaN 
NaN NaN NaN NaN NaN NaN NaN NaN NaN NaN NaN NaN NaN NaN NaN NaN NaN NaN NaN NaN NaN NaN NaN NaN NaN NaN NaN NaN NaN NaN NaN NaN NaN NaN NaN NaN NaN NaN NaN NaN 
NaN NaN NaN NaN NaN NaN NaN NaN NaN NaN NaN NaN NaN NaN NaN NaN NaN NaN NaN NaN NaN NaN NaN NaN NaN NaN NaN NaN NaN NaN NaN NaN NaN NaN NaN NaN NaN NaN NaN NaN 
NaN NaN NaN NaN NaN NaN NaN NaN NaN NaN NaN NaN NaN NaN NaN NaN NaN NaN NaN NaN NaN NaN NaN NaN NaN NaN NaN NaN NaN NaN NaN NaN NaN NaN NaN NaN NaN NaN NaN NaN 
NaN NaN NaN NaN NaN NaN NaN NaN NaN NaN NaN NaN NaN NaN NaN NaN NaN NaN NaN NaN NaN NaN NaN NaN NaN NaN NaN NaN NaN NaN NaN NaN NaN NaN NaN NaN NaN NaN NaN NaN 
NaN NaN NaN NaN NaN NaN NaN NaN NaN NaN NaN NaN NaN NaN NaN NaN NaN NaN NaN NaN NaN NaN NaN NaN NaN NaN NaN NaN NaN NaN NaN NaN NaN NaN NaN NaN NaN NaN NaN NaN 
NaN NaN NaN NaN NaN NaN NaN NaN NaN NaN NaN NaN NaN NaN NaN NaN NaN NaN NaN NaN NaN NaN NaN NaN NaN NaN NaN NaN NaN NaN NaN NaN NaN NaN NaN NaN NaN NaN NaN NaN 
NaN NaN NaN NaN NaN NaN NaN NaN NaN NaN NaN NaN NaN NaN NaN NaN NaN NaN NaN NaN NaN NaN NaN NaN NaN NaN NaN NaN NaN NaN NaN NaN NaN NaN NaN NaN NaN NaN NaN NaN 
NaN NaN NaN NaN NaN NaN NaN NaN NaN NaN NaN NaN NaN NaN NaN NaN NaN NaN NaN NaN NaN NaN NaN NaN NaN NaN NaN NaN NaN NaN NaN NaN NaN NaN NaN NaN NaN NaN NaN NaN 
NaN NaN NaN NaN NaN NaN NaN NaN NaN NaN NaN NaN NaN NaN NaN NaN NaN NaN NaN NaN NaN NaN NaN NaN NaN NaN NaN NaN NaN NaN NaN NaN NaN NaN NaN NaN NaN NaN NaN NaN 
NaN NaN NaN NaN NaN NaN NaN NaN NaN NaN NaN NaN NaN NaN NaN NaN NaN NaN NaN NaN NaN NaN NaN NaN NaN NaN NaN NaN NaN NaN NaN NaN NaN NaN NaN NaN NaN NaN NaN NaN 
NaN NaN NaN NaN NaN NaN NaN NaN NaN NaN NaN NaN NaN NaN NaN NaN NaN NaN NaN NaN NaN NaN NaN NaN NaN NaN NaN NaN NaN NaN NaN NaN NaN NaN NaN NaN NaN NaN NaN NaN 
NaN NaN NaN NaN NaN NaN NaN NaN NaN NaN NaN NaN NaN NaN NaN NaN NaN NaN NaN NaN NaN NaN NaN NaN NaN NaN NaN NaN NaN NaN NaN NaN NaN NaN NaN NaN NaN NaN NaN NaN 
NaN NaN NaN NaN NaN NaN NaN NaN NaN NaN NaN NaN NaN NaN NaN NaN NaN NaN NaN NaN NaN NaN NaN NaN NaN NaN NaN NaN NaN NaN NaN NaN NaN NaN NaN NaN NaN NaN NaN NaN 
NaN NaN NaN NaN NaN NaN NaN NaN NaN NaN NaN NaN NaN NaN NaN NaN NaN NaN NaN NaN NaN NaN NaN NaN NaN NaN NaN NaN NaN NaN NaN NaN NaN NaN NaN NaN NaN NaN NaN NaN 
NaN NaN NaN NaN NaN NaN NaN NaN NaN NaN NaN NaN NaN NaN NaN NaN NaN NaN NaN NaN NaN NaN NaN NaN NaN NaN NaN NaN NaN NaN NaN NaN NaN NaN NaN NaN NaN NaN NaN NaN 
NaN NaN NaN NaN NaN NaN NaN NaN NaN NaN NaN NaN NaN NaN NaN NaN NaN NaN NaN NaN NaN NaN NaN NaN NaN NaN NaN NaN NaN NaN NaN NaN NaN NaN NaN NaN NaN NaN NaN NaN 
NaN NaN NaN NaN NaN NaN NaN NaN NaN NaN NaN NaN NaN NaN NaN NaN NaN NaN NaN NaN NaN NaN NaN NaN NaN NaN NaN NaN NaN NaN NaN NaN NaN NaN NaN NaN NaN NaN NaN NaN 
NaN NaN NaN NaN NaN NaN NaN NaN NaN NaN NaN NaN NaN NaN NaN NaN NaN NaN NaN NaN NaN NaN NaN NaN NaN NaN NaN NaN NaN NaN NaN NaN NaN NaN NaN NaN NaN NaN NaN NaN 
NaN NaN NaN NaN NaN NaN NaN NaN NaN NaN NaN NaN NaN NaN NaN NaN NaN NaN NaN NaN NaN NaN NaN NaN NaN NaN NaN NaN NaN NaN NaN NaN NaN NaN NaN NaN NaN NaN NaN NaN 
NaN NaN NaN NaN NaN NaN NaN NaN NaN NaN NaN NaN NaN NaN NaN NaN NaN NaN NaN NaN NaN NaN NaN NaN NaN NaN NaN NaN NaN NaN NaN NaN NaN NaN NaN NaN NaN NaN NaN NaN 
NaN NaN NaN NaN NaN NaN NaN NaN NaN NaN NaN NaN NaN NaN NaN NaN NaN NaN NaN NaN NaN NaN NaN NaN NaN NaN NaN NaN NaN NaN NaN NaN NaN NaN NaN NaN NaN NaN NaN NaN 
NaN NaN NaN NaN NaN NaN NaN NaN NaN NaN NaN NaN NaN NaN NaN NaN NaN NaN NaN NaN NaN NaN NaN NaN NaN NaN NaN NaN NaN NaN NaN NaN NaN NaN NaN NaN NaN NaN NaN NaN 
NaN NaN NaN NaN NaN NaN NaN NaN NaN NaN NaN NaN NaN NaN NaN NaN NaN NaN NaN NaN NaN NaN NaN NaN NaN NaN NaN NaN NaN NaN NaN NaN NaN NaN NaN NaN NaN NaN NaN NaN 
NaN NaN NaN NaN NaN NaN NaN NaN NaN NaN NaN NaN NaN NaN NaN NaN NaN NaN NaN NaN NaN NaN NaN NaN NaN NaN NaN NaN NaN NaN NaN NaN NaN NaN NaN NaN NaN NaN NaN NaN 
NaN NaN NaN NaN NaN NaN NaN NaN NaN NaN NaN NaN NaN NaN NaN NaN NaN NaN NaN NaN NaN NaN NaN NaN NaN NaN NaN NaN NaN NaN NaN NaN NaN NaN NaN NaN NaN NaN NaN NaN 
NaN NaN NaN NaN NaN NaN NaN NaN NaN NaN NaN NaN NaN NaN NaN NaN NaN NaN NaN NaN NaN NaN NaN NaN NaN NaN NaN NaN NaN NaN NaN NaN NaN NaN NaN NaN NaN NaN NaN NaN 
NaN NaN NaN NaN NaN NaN NaN NaN NaN NaN NaN NaN NaN NaN NaN NaN NaN NaN NaN NaN NaN NaN NaN NaN NaN NaN NaN NaN NaN NaN NaN NaN NaN NaN NaN NaN NaN NaN NaN NaN 
NaN NaN NaN NaN NaN NaN NaN NaN NaN NaN NaN NaN NaN NaN NaN NaN NaN NaN NaN NaN NaN NaN NaN NaN NaN NaN NaN NaN NaN NaN NaN NaN NaN NaN NaN NaN NaN NaN NaN NaN 
NaN NaN NaN NaN NaN NaN NaN NaN NaN NaN NaN NaN NaN NaN NaN NaN NaN NaN NaN NaN NaN NaN NaN NaN NaN NaN NaN NaN NaN NaN NaN NaN NaN NaN NaN NaN NaN NaN NaN NaN 
NaN NaN NaN NaN NaN NaN NaN NaN NaN NaN NaN NaN NaN NaN NaN NaN NaN NaN NaN NaN NaN NaN NaN NaN NaN NaN NaN NaN NaN NaN NaN NaN NaN NaN NaN NaN NaN NaN NaN NaN 
NaN NaN NaN NaN NaN NaN NaN NaN NaN NaN NaN NaN NaN NaN NaN NaN NaN NaN NaN NaN NaN NaN NaN NaN NaN NaN NaN NaN NaN NaN NaN NaN NaN NaN NaN NaN NaN NaN NaN NaN 
NaN NaN NaN NaN NaN NaN NaN NaN NaN NaN NaN NaN NaN NaN NaN NaN NaN NaN NaN NaN NaN NaN NaN NaN NaN NaN NaN NaN NaN NaN NaN NaN NaN NaN NaN NaN NaN NaN NaN NaN 
NaN NaN NaN NaN NaN NaN NaN NaN NaN NaN NaN NaN NaN NaN NaN NaN NaN NaN NaN NaN NaN NaN NaN NaN NaN NaN NaN NaN NaN NaN NaN NaN NaN NaN NaN NaN NaN NaN NaN NaN 
NaN NaN NaN NaN NaN NaN NaN NaN NaN NaN NaN NaN NaN NaN NaN NaN NaN NaN NaN NaN NaN NaN NaN NaN NaN NaN NaN NaN NaN NaN NaN NaN NaN NaN NaN NaN NaN NaN NaN NaN 
NaN NaN NaN NaN NaN NaN NaN NaN NaN NaN NaN NaN NaN NaN NaN NaN NaN NaN NaN NaN NaN NaN NaN NaN NaN NaN NaN NaN NaN NaN NaN NaN NaN NaN NaN NaN NaN NaN NaN NaN 
NaN NaN NaN NaN NaN NaN NaN NaN NaN NaN NaN NaN NaN NaN NaN NaN NaN NaN NaN NaN NaN NaN NaN NaN NaN NaN NaN NaN NaN NaN NaN NaN NaN NaN NaN NaN NaN NaN NaN NaN 
NaN NaN NaN NaN NaN NaN NaN NaN NaN NaN NaN NaN NaN NaN NaN NaN NaN NaN NaN NaN NaN NaN NaN NaN NaN NaN NaN NaN NaN NaN NaN NaN NaN NaN NaN NaN NaN NaN NaN NaN 
NaN NaN NaN NaN NaN NaN NaN NaN NaN NaN NaN NaN NaN NaN NaN NaN NaN NaN NaN NaN NaN NaN NaN NaN NaN NaN NaN NaN NaN NaN NaN NaN NaN NaN NaN NaN NaN NaN NaN NaN 
NaN NaN NaN NaN NaN NaN NaN NaN NaN NaN NaN NaN NaN NaN NaN NaN NaN NaN NaN NaN NaN NaN NaN NaN NaN NaN NaN NaN NaN NaN NaN NaN NaN NaN NaN NaN NaN NaN NaN NaN 
NaN NaN NaN NaN NaN NaN NaN NaN NaN NaN NaN NaN NaN NaN NaN NaN NaN NaN NaN NaN NaN NaN NaN NaN NaN NaN NaN NaN NaN NaN NaN NaN NaN NaN NaN NaN NaN NaN NaN NaN 
NaN NaN NaN NaN NaN NaN NaN NaN NaN NaN NaN NaN NaN NaN NaN NaN NaN NaN NaN NaN NaN NaN NaN NaN NaN NaN NaN NaN NaN NaN NaN NaN NaN NaN NaN NaN NaN NaN NaN NaN 
NaN NaN NaN NaN NaN NaN NaN NaN NaN NaN NaN NaN NaN NaN NaN NaN NaN NaN NaN NaN NaN NaN NaN NaN NaN NaN NaN NaN NaN NaN NaN NaN NaN NaN NaN NaN NaN NaN NaN NaN 
NaN NaN NaN NaN NaN NaN NaN NaN NaN NaN NaN NaN NaN NaN NaN NaN NaN NaN NaN NaN NaN NaN NaN NaN NaN NaN NaN NaN NaN NaN NaN NaN NaN NaN NaN NaN NaN NaN NaN NaN 
NaN NaN NaN NaN NaN NaN NaN NaN NaN NaN NaN NaN NaN NaN NaN NaN NaN NaN NaN NaN NaN NaN NaN NaN NaN NaN NaN NaN NaN NaN NaN NaN NaN NaN NaN NaN NaN NaN NaN NaN 
NaN NaN NaN NaN NaN NaN NaN NaN NaN NaN NaN NaN NaN NaN NaN NaN NaN NaN NaN NaN NaN NaN NaN NaN NaN NaN NaN NaN NaN NaN NaN NaN NaN NaN NaN NaN NaN NaN NaN NaN 
NaN NaN NaN NaN NaN NaN NaN NaN NaN NaN NaN NaN NaN NaN NaN NaN NaN NaN NaN NaN NaN NaN NaN NaN NaN NaN NaN NaN NaN NaN NaN NaN NaN NaN NaN NaN NaN NaN NaN NaN 
NaN NaN NaN NaN NaN NaN NaN NaN NaN NaN NaN NaN NaN NaN NaN NaN NaN NaN NaN NaN NaN NaN NaN NaN NaN NaN NaN NaN NaN NaN NaN NaN NaN NaN NaN NaN NaN NaN NaN NaN 
NaN NaN NaN NaN NaN NaN NaN NaN NaN NaN NaN NaN NaN NaN NaN NaN NaN NaN NaN NaN NaN NaN NaN NaN NaN NaN NaN NaN NaN NaN NaN NaN NaN NaN NaN NaN NaN NaN NaN NaN 
NaN NaN NaN NaN NaN NaN NaN NaN NaN NaN NaN NaN NaN NaN NaN NaN NaN NaN NaN NaN NaN NaN NaN NaN NaN NaN NaN NaN NaN NaN NaN NaN NaN NaN NaN NaN NaN NaN NaN NaN 
NaN NaN NaN NaN NaN NaN NaN NaN NaN NaN NaN NaN NaN NaN NaN NaN NaN NaN NaN NaN NaN NaN NaN NaN NaN NaN NaN NaN NaN NaN NaN NaN NaN NaN NaN NaN NaN NaN NaN NaN 
NaN NaN NaN NaN NaN NaN NaN NaN NaN NaN NaN NaN NaN NaN NaN NaN NaN NaN NaN NaN NaN NaN NaN NaN NaN NaN NaN NaN NaN NaN NaN NaN NaN NaN NaN NaN NaN NaN NaN NaN 
NaN NaN NaN NaN NaN NaN NaN NaN NaN NaN NaN NaN NaN NaN NaN NaN NaN NaN NaN NaN NaN NaN NaN NaN NaN NaN NaN NaN NaN NaN NaN NaN NaN NaN NaN NaN NaN NaN NaN NaN 
NaN NaN NaN NaN NaN NaN NaN NaN NaN NaN NaN NaN NaN NaN NaN NaN NaN NaN NaN NaN NaN NaN NaN NaN NaN NaN NaN NaN NaN NaN NaN NaN NaN NaN NaN NaN NaN NaN NaN NaN 
NaN NaN NaN NaN NaN NaN NaN NaN NaN NaN NaN NaN NaN NaN NaN NaN NaN NaN NaN NaN NaN NaN NaN NaN NaN NaN NaN NaN NaN NaN NaN NaN NaN NaN NaN NaN NaN NaN NaN NaN 
NaN NaN NaN NaN NaN NaN NaN NaN NaN NaN NaN NaN NaN NaN NaN NaN NaN NaN NaN NaN NaN NaN NaN NaN NaN NaN NaN NaN NaN NaN NaN NaN NaN NaN NaN NaN NaN NaN NaN NaN 
-93.416132 -93.514616 -93.679113 -93.958225 -94.340433 -94.883151 -95.558512 -96.445505 -97.658683 -99.150290 -101.004728 -103.245535 -105.397958 -106.527163 -106.182928 -105.368464 -105.053876 -105.753279 -107.974952 -112.455647 -114.651852 -109.337185 -105.903867 -104.936416 -106.508075 -112.425895 -114.404034 -106.412200 -103.422432 -103.720791 -106.817068 -109.318810 -107.742619 -108.048770 -111.251889 -111.398840 -108.217649 -107.990570 -109.768115 -106.523057 
-58.648697 -65.653584 -70.355239 -70.224644 -73.300328 -71.655543 -73.526306 -79.769807 -92.041388 -83.082039 -82.425563 -76.592543 -77.661019 -77.932186 -78.872257 -83.372201 -80.423310 -82.047657 -82.746444 -87.698463 -83.671507 -80.922057 -80.731438 -79.069598 -77.643235 -79.845010 -79.854450 -77.166779 -78.693733 -83.409263 -77.737396 -79.549197 -82.674612 -78.140884 -77.018523 -80.153601 -79.631370 -78.320993 -80.891812 -85.645664 
-55.146426 -69.391227 -65.363494 -69.061133 -71.721231 -70.726360 -66.999520 -68.164200 -68.533665 -72.961317 -70.366222 -69.249300 -74.665597 -79.106469 -73.131992 -74.958439 -72.691837 -70.864761 -70.432344 -70.477462 -71.890212 -73.153752 -74.566360 -69.262450 -70.042890 -75.050667 -76.875147 -72.838876 -71.084689 -73.102585 -74.694638 -74.884137 -72.275402 -76.738957 -76.344864 -76.014562 -76.127679 -73.536289 -71.991697 -75.863865 
-55.586263 -70.181560 -61.757519 -60.582771 -66.636095 -67.710015 -60.538216 -60.236122 -62.986710 -69.495099 -68.001479 -73.894806 -76.878759 -69.732328 -71.423742 -67.012693 -67.315767 -68.927958 -64.717664 -65.476305 -68.851232 -69.830780 -70.056175 -72.541670 -68.196968 -69.245487 -77.222490 -72.830217 -69.502609 -74.959484 -75.939384 -71.175288 -73.665267 -73.255822 -77.791964 -74.771275 -77.749934 -74.214270 -68.942349 -74.717809 
-46.696236 -43.367044 -45.817161 -47.571164 -51.464344 -51.569831 -53.560863 -58.217764 -55.536140 -57.474662 -61.867188 -65.213754 -65.149432 -62.860200 -65.906879 -60.868293 -62.361688 -67.996099 -67.121156 -65.122648 -67.318869 -68.280054 -69.241831 -72.393348 -66.955101 -69.071306 -74.672968 -69.859405 -68.116860 -74.839551 -76.179841 -69.548874 -71.719596 -70.135345 -73.318968 -74.727933 -75.657668 -73.635024 -69.131527 -72.034992 
-23.744109 -23.305106 -27.797308 -33.448923 -34.387849 -35.140968 -37.542468 -40.391708 -42.141621 -43.612939 -47.921514 -47.759964 -50.293026 -53.116475 -56.906683 -53.939855 -52.944390 -56.220643 -57.808236 -54.693155 -58.896204 -62.910665 -61.698678 -61.303986 -58.179720 -61.551690 -62.653999 -63.017567 -58.770379 -64.047205 -64.140611 -59.983700 -61.914389 -64.555373 -66.706616 -68.987866 -68.891691 -65.079276 -64.182030 -64.395221 
-24.274226 -26.441609 -31.511077 -46.960317 -43.926579 -44.560707 -44.718231 -45.909556 -43.359194 -44.836677 -49.175006 -47.390593 -49.680321 -57.930422 -59.600999 -54.253557 -55.221071 -57.708068 -56.512564 -59.328373 -57.503630 -58.322748 -61.291679 -54.897113 -61.162089 -63.863903 -64.327927 -59.718113 -59.228166 -65.024053 -65.262188 -64.653817 -63.463529 -64.516980 -65.065023 -64.125150 -62.302649 -63.451560 -64.283988 -63.707829 
-25.219606 -24.358873 -29.932340 -41.294759 -47.723136 -52.663216 -47.114339 -45.258369 -43.307675 -45.049630 -49.474965 -49.064644 -50.976246 -57.681871 -55.696765 -56.925728 -55.992507 -58.151950 -59.309719 -60.798106 -59.305674 -58.922929 -61.600216 -59.288178 -60.112415 -66.325188 -63.560250 -60.243606 -57.978632 -60.461581 -64.698968 -62.664560 -59.588094 -59.833833 -61.169107 -63.868904 -60.893349 -56.237696 -60.941742 -64.357481 
-35.792029 -29.681449 -35.181377 -40.042505 -43.937117 -47.802078 -47.656291 -44.137612 -43.603966 -44.076758 -49.819099 -43.795443 -49.806678 -53.198618 -53.458721 -55.061538 -57.867674 -57.284449 -57.191641 -61.037867 -58.040762 -60.031179 -60.169015 -58.382391 -59.776871 -61.163211 -58.474445 -61.330728 -61.798834 -61.097216 -62.628271 -61.654765 -59.039110 -61.018415 -62.994341 -68.904272 -58.339855 -48.367323 -56.320881 -60.091634 
-29.191498 -22.309078 -19.655036 -23.384483 -30.128735 -31.899592 -31.492448 -35.168762 -47.363136 -40.805000 -36.938441 -34.894689 -43.012960 -46.324402 -45.129930 -48.836860 -48.307845 -53.742065 -51.879002 -52.909183 -50.383046 -50.033973 -48.568997 -47.345185 -43.843558 -45.768106 -46.048177 -47.733953 -50.963769 -51.349489 -52.939390 -49.913230 -52.137885 -52.780122 -57.929830 -72.750250 -56.770779 -47.165733 -55.897644 -58.639445 
-12.636253 -3.414064 2.084512 -1.408416 -13.029487 -15.240022 -14.366637 -19.445926 -19.244995 -19.391090 -16.016675 -19.631575 -20.516202 -23.628151 -24.914803 -24.984109 -26.485523 -28.358183 -29.038340 -30.004661 -30.814958 -30.993710 -30.931725 -30.169555 -30.322126 -31.584094 -33.178511 -35.075475 -36.932452 -37.424401 -37.759113 -38.010314 -38.115787 -38.688565 -39.384410 -39.819797 -38.772421 -35.610961 -39.829013 -40.457308 
-7.157635 9.224625 15.250205 9.759740 11.737046 12.509912 12.704811 11.512582 4.630586 3.042114 7.148961 3.818692 -6.024792 -20.171180 -19.529941 -21.332316 -25.334386 -28.839711 -30.159823 -29.918366 -30.743786 -27.146015 -25.556466 -16.576883 -19.203356 -23.713086 -21.885965 -16.762842 -23.981184 -33.786238 -37.208009 -36.174166 -34.456773 -35.437394 -40.119250 -40.518866 -39.845729 -31.765603 -37.590685 -41.106735 
-5.276873 13.206265 19.019778 10.608016 17.589250 14.979001 15.958397 20.498749 8.068960 8.925776 12.875773 5.131902 -2.696755 -14.007433 -16.006428 -22.827261 -23.351497 -24.398912 -24.721712 -25.394818 -26.300010 -25.387582 -21.753271 -12.342128 -15.097961 -23.162931 -22.691592 -18.458047 -25.678496 -31.794514 -31.562285 -30.227190 -30.893113 -31.786115 -34.933934 -35.201708 -33.493928 -26.983561 -33.678662 -35.962491 
-7.465145 13.243632 20.249363 12.541038 18.577286 19.254096 18.399968 24.430808 13.257888 13.071302 11.527616 8.951666 -1.459513 -7.989803 -16.270468 -21.267368 -24.713672 -24.910508 -27.562152 -28.489098 -28.896520 -25.679200 -20.102323 -12.774704 -18.409191 -22.288885 -21.020982 -16.223997 -27.470021 -35.502094 -34.635656 -32.737312 -30.377597 -32.419033 -39.923572 -40.084024 -31.389376 -23.232640 -34.260235 -40.560757 
-11.680511 11.855750 20.465097 13.848669 17.662645 21.222368 17.714020 25.554436 13.676740 14.472962 8.691449 11.080372 -3.034099 -9.804606 -15.216811 -24.650307 -27.373444 -31.173001 -29.765249 -29.039070 -29.999991 -25.202374 -16.972151 -5.919301 -16.748030 -24.556232 -18.186397 -18.067852 -26.773592 -30.132483 -29.900943 -26.504893 -29.314064 -31.229230 -41.849313 -41.602382 -29.173261 -23.471994 -32.287825 -40.668705 
-18.434690 9.315400 20.118286 15.043945 16.304497 23.321236 17.063252 25.503189 15.786873 14.456194 9.248533 10.721324 -1.106162 -8.191901 -11.189333 -17.686147 -19.940932 -22.348001 -22.872331 -25.373676 -23.442432 -26.010752 -18.911528 -6.841848 -11.687249 -23.609185 -17.953692 -17.971962 -27.174673 -31.247404 -29.217019 -28.595170 -27.096785 -31.077787 -35.348475 -35.391785 -29.915927 -22.588460 -30.637005 -35.797534 
-16.003111 7.257069 19.518450 15.780704 12.811502 23.708602 17.928938 23.576610 20.638475 12.491113 13.692311 10.885018 10.156651 -5.572443 -10.098105 -16.006760 -16.982826 -18.772685 -19.698720 -25.514995 -26.472124 -25.972876 -18.212672 -10.309176 -16.366669 -23.565937 -20.741872 -19.740556 -28.275097 -37.273131 -35.124127 -30.521871 -30.673756 -33.989511 -48.888307 -46.999705 -31.839194 -22.565129 -35.167014 -43.228576 
-17.843096 5.303351 19.671694 18.286542 7.743723 22.680140 19.378080 15.820988 22.399887 9.972155 14.445933 10.025284 15.997015 2.426827 -7.893378 -10.373257 -16.737846 -16.143169 -20.356923 -25.414866 -24.428229 -19.367561 -13.553686 -7.028481 -16.053146 -24.487422 -20.398284 -22.133686 -27.811550 -33.274673 -35.792193 -28.358710 -30.581445 -34.005492 -47.695320 -39.778528 -27.944505 -21.847263 -32.856877 -39.187373 
-15.910561 1.707686 18.703116 19.860319 5.902787 20.966564 21.360869 9.519090 21.491878 9.963155 12.600333 9.098223 18.363490 9.163828 -0.189975 -6.989963 -10.648256 -12.049287 -16.804613 -19.545428 -20.843230 -18.133706 -9.351703 -8.945071 -19.613612 -19.535970 -20.453955 -23.834123 -29.023957 -35.873108 -38.247570 -26.849557 -28.227253 -32.659180 -40.631827 -35.757420 -21.618563 -15.696070 -29.790379 -34.297096 
-15.715793 -1.128265 17.866382 20.924161 5.626459 19.002220 23.734523 10.744412 20.504698 13.973803 9.927017 10.843511 15.682027 13.692661 -1.985704 -7.662323 -7.998588 -12.500378 -16.863263 -16.769657 -17.531082 -17.647323 -11.223844 -11.257446 -17.870450 -20.425794 -17.993523 -21.649507 -24.003289 -25.791802 -26.457851 -25.099212 -25.069519 -27.893699 -28.496075 -27.838509 -20.993355 -16.926006 -24.805265 -28.428705 
-12.214523 -5.925539 16.631502 21.509223 8.332214 16.586840 24.657189 11.837687 16.824822 15.916345 7.030687 11.940043 10.217740 16.330048 1.720602 -5.136572 -7.079582 -14.671169 -19.122713 -20.240376 -21.048085 -14.332761 -10.594711 -20.458670 -25.325452 -20.072016 -16.847299 -23.426333 -30.266189 -34.946962 -36.080482 -29.151623 -29.150440 -37.193920 -38.180158 -33.776323 -25.173926 -16.123590 -24.139002 -34.461734 
-16.717723 -11.139742 14.976627 21.691541 9.929353 13.227556 24.593575 14.528800 13.879495 17.634129 0.680387 11.191110 5.371739 16.609561 4.624659 0.082724 -6.215985 -12.069822 -20.452552 -20.323453 -20.893039 -11.758104 -14.496444 -19.625024 -25.428214 -23.443430 -20.160179 -23.990717 -28.409839 -33.077902 -34.139435 -32.530930 -32.945699 -35.449239 -34.956258 -32.579419 -26.769522 -16.079942 -23.810649 -32.165879 
-15.144755 -9.948976 13.634919 21.900896 11.366973 10.978499 24.666502 16.672716 11.030818 18.449618 1.387563 10.942499 3.818444 15.267349 7.082886 6.201799 -5.501508 -9.812598 -15.756383 -15.727717 -10.187793 -9.400263 -16.800444 -21.857667 -28.851629 -21.716039 -20.738313 -29.209811 -34.163857 -36.448962 -38.956494 -36.730060 -38.050759 -39.240641 -38.176300 -37.530803 -29.580539 -15.904578 -24.680670 -33.001537 
-19.010817 -15.691626 12.803033 21.863805 12.078448 8.090637 24.437786 18.595715 6.984961 18.249207 1.853564 10.136058 2.702897 11.752932 7.717599 8.384990 -1.861368 -8.681544 -12.511626 -9.165824 -11.091853 -12.796607 -26.375622 -29.001211 -29.624366 -21.995517 -23.553603 -31.243548 -33.445419 -33.960171 -34.793450 -35.165257 -35.182682 -35.961296 -35.256395 -36.389083 -31.975845 -21.333462 -27.381346 -33.091526 
-16.828124 -19.607257 13.009247 21.941284 12.248762 8.851066 24.193111 17.417230 7.603351 18.310884 1.406677 9.716432 1.481077 7.887808 2.361083 12.851606 1.353566 -8.817867 -4.093830 -6.274556 -11.480445 -18.196491 -28.124337 -28.989087 -34.402953 -21.390166 -28.182585 -38.529021 -38.233551 -42.322888 -43.354363 -45.538041 -43.204856 -42.960338 -47.019097 -49.901593 -35.780958 -27.792791 -33.346089 -34.304344 
-21.153719 -11.608764 13.610068 21.897685 11.937446 8.783624 23.934818 17.150602 9.388409 18.626607 1.690711 9.469756 0.820668 5.826510 0.055001 13.308207 2.657316 -3.499058 -0.403416 -3.084785 -8.316744 -17.640605 -22.899909 -25.383296 -25.386487 -22.352542 -29.062446 -34.352645 -35.672993 -37.624264 -37.276869 -39.256536 -38.705232 -39.011615 -41.807981 -42.198675 -32.416895 -25.829439 -31.638301 -31.622528 
-17.802333 -12.088350 14.195680 21.332356 9.658487 11.878888 23.647882 14.017597 12.184521 17.987573 2.480042 9.455010 -1.629768 5.858252 4.692767 12.863965 10.030168 7.833569 1.639476 4.815871 -4.914940 -16.622201 -20.693906 -23.175776 -22.257461 -17.993939 -23.672250 -28.168172 -28.646634 -28.859678 -29.123904 -29.915931 -30.420413 -31.069498 -31.583509 -31.983372 -30.373658 -24.599118 -27.996501 -29.751675 
-15.511906 -8.715723 15.827173 21.313953 8.086384 14.314768 23.089244 11.944471 15.013469 16.391501 5.560034 9.422796 -4.956991 0.158768 2.604504 4.115716 12.790471 12.229631 4.921351 8.825394 0.164060 -16.281024 -19.964057 -21.547929 -22.337242 -20.141004 -29.693898 -36.711036 -33.404443 -34.328702 -29.505254 -33.297914 -38.051298 -39.676624 -40.935353 -41.145241 -34.640341 -26.980004 -30.928448 -31.682931 
-9.693594 -0.931999 18.638994 21.712838 7.995445 17.581806 21.056094 5.887716 17.085450 10.160042 8.946701 6.310191 -1.204729 -3.231618 3.070400 0.351079 5.024988 12.765480 9.571086 6.668438 6.815757 -8.793709 -10.318727 -13.091239 -12.743912 -13.041289 -24.967584 -30.588513 -29.440443 -29.897834 -28.440724 -30.167756 -31.931569 -34.303229 -34.570175 -34.888793 -31.118982 -26.678475 -27.604258 -27.507084 
-13.102844 2.282046 19.658951 21.178763 6.245996 17.839533 18.510997 6.188307 18.504294 8.461598 10.589776 3.272718 5.615828 -0.667911 4.463832 -0.462547 3.131296 12.130602 13.235903 11.541679 9.895430 -0.165166 -9.137481 -10.781862 -8.056645 -15.819299 -25.485783 -31.407903 -29.786115 -29.652808 -28.405615 -28.461917 -34.387586 -35.634891 -36.127330 -36.506132 -30.880209 -27.435489 -26.725759 -26.048985 
-6.947898 8.912123 19.658437 18.713732 10.229900 17.696673 12.889013 10.941133 16.515809 9.186236 7.521403 1.837928 5.545892 -1.241196 -2.354130 -5.216401 -3.044498 3.909582 12.532971 10.235092 9.747123 4.780501 -4.713807 -5.949813 -7.812169 -17.061215 -29.483673 -33.025805 -29.356617 -28.921210 -30.576773 -31.416421 -41.458825 -43.908197 -44.814085 -45.299582 -34.904466 -28.697893 -22.782026 -23.227117 
-4.275478 11.571223 13.199872 11.176393 9.428082 13.808813 9.854960 12.212720 12.869537 3.878597 5.148535 1.246835 0.626152 -5.501654 -5.687338 -5.722549 -6.905543 -5.976905 7.456010 9.921615 4.197274 4.311752 0.673899 -4.382992 -8.273521 -20.607222 -30.347380 -29.321228 -22.569924 -22.562066 -27.863274 -31.474238 -37.476493 -39.236815 -39.668385 -39.982353 -33.365927 -28.129159 -23.647678 -23.958623 
-5.265300 13.097661 20.502205 14.231634 16.343424 15.802689 8.555277 10.835671 13.386975 12.170623 5.909558 2.396775 -5.079605 -2.554840 -7.432357 -8.909556 -4.090091 -4.927535 1.923645 8.509600 6.067152 3.035394 3.262567 -1.982708 -10.459366 -21.187008 -29.199148 -25.758854 -18.200220 -19.986054 -28.570126 -30.757314 -37.994866 -41.711608 -44.608368 -44.524577 -39.098010 -32.516195 -25.137021 -25.921722 
-6.363996 14.532276 21.029088 12.912734 17.312884 14.938499 7.082730 9.299361 7.959053 8.527545 -0.347455 -4.735751 -6.064880 -5.126544 -7.140548 -8.999056 -5.972544 -4.563884 -0.980415 7.653021 4.850047 -0.307391 4.375878 0.422628 -11.027765 -21.862467 -22.726433 -19.405974 -14.705303 -19.830680 -28.644483 -32.382783 -37.892751 -41.535055 -44.069464 -44.196818 -44.929033 -35.346971 -26.269333 -29.091453 
-1.987530 15.917046 20.853365 12.878652 17.627624 11.566248 4.290499 3.025570 9.224218 1.667645 -3.197253 -3.173743 -3.270344 -4.586381 -7.471855 -8.163647 -11.915517 -7.071318 -2.349123 7.694105 4.604194 -2.211147 0.776197 -5.040620 -16.086035 -25.534263 -23.846596 -21.848200 -17.896734 -19.543989 -27.654325 -34.210975 -39.658899 -43.716405 -46.895364 -47.175090 -47.155831 -33.809681 -25.090940 -27.483047 
-1.838946 16.647983 19.780766 11.881698 16.627623 7.342263 3.164920 1.321460 8.463451 -3.930515 -7.487786 -2.711547 -4.618917 -6.113859 -9.568110 -11.331744 -16.028337 -10.301686 -7.208573 6.010877 0.493111 -5.955234 -4.295248 -7.165680 -20.422636 -26.541846 -24.396913 -21.440714 -14.786774 -19.143876 -35.787682 -38.607879 -41.459457 -48.273904 -54.746966 -52.178737 -55.125425 -35.976757 -28.686036 -29.711947 
0.969251 16.830633 17.946518 11.722779 13.232001 1.056600 -2.827273 1.233862 0.131587 -12.077827 -11.663101 -8.156527 -11.594890 -10.500597 -13.193683 -14.335482 -14.964748 -15.775972 -11.416421 -2.050046 -3.965771 -9.505515 -6.793827 -11.120023 -24.630583 -28.725643 -27.151495 -23.666182 -12.970711 -21.497506 -38.035979 -37.713912 -44.223382 -50.953120 -54.170880 -52.527240 -54.508070 -44.469183 -35.229899 -35.503984 
1.519442 17.240420 17.988902 13.210983 13.296268 1.547382 -5.111286 -1.396332 -4.742914 -12.743644 -19.855409 -19.324169 -23.259772 -18.158007 -23.122941 -25.086129 -19.722415 -18.874812 -16.089990 -12.788408 -17.594008 -16.697347 -14.565697 -24.135819 -32.949735 -35.327583 -37.354794 -39.556454 -27.573510 -32.196445 -38.625366 -35.901863 -40.044766 -48.737663 -51.156285 -51.642671 -51.590590 -48.228781 -41.768365 -41.309527 
1.565644 17.139487 16.980069 13.519400 13.571522 -0.035649 -3.253916 0.155770 -6.516390 -22.828108 -19.680315 -22.153358 -22.718465 -26.586331 -34.546736 -26.213602 -21.561973 -25.809136 -21.892366 -19.488028 -24.515167 -18.745363 -19.861349 -33.791903 -42.969796 -48.787675 -45.454772 -36.972171 -31.172170 -36.075966 -40.721138 -37.593028 -42.813998 -57.213395 -61.445298 -63.760120 -59.537320 -53.463141 -53.357103 -51.014784 
2.699041 16.888015 15.823261 14.073405 13.050504 -0.193219 -4.350536 -1.253107 -12.429276 -23.222026 -22.890610 -23.244174 -25.531967 -30.760733 -34.503047 -28.795479 -29.891533 -28.101922 -22.028612 -22.571688 -27.730911 -25.999706 -20.759905 -34.111574 -45.464693 -49.150566 -48.071143 -41.812576 -38.594752 -41.817178 -39.947882 -39.465731 -47.297315 -55.305319 -57.800114 -59.570740 -57.514605 -55.610450 -55.202103 -55.926526 
3.008092 16.527988 14.855563 14.408311 11.880780 -2.475849 -4.882705 -1.702745 -15.245850 -24.422773 -24.937458 -25.663872 -25.998611 -29.627645 -28.874928 -27.965963 -31.470598 -29.315201 -25.410272 -24.134112 -30.212734 -30.273481 -21.869258 -31.787276 -38.842968 -39.815686 -40.153147 -40.366183 -39.894002 -41.719110 -38.411510 -39.579666 -42.863115 -44.211075 -44.685692 -45.046462 -45.276488 -45.614343 -45.709266 -45.814871 
2.968764 16.072404 13.656279 14.436731 10.934043 -5.307590 -6.322865 -3.111129 -17.545260 -23.337511 -24.418823 -27.053658 -27.908715 -31.965488 -30.962370 -31.528012 -32.150710 -32.944431 -30.688951 -29.662392 -33.679130 -32.972486 -24.039126 -34.770100 -39.569141 -40.877211 -42.050959 -41.517426 -42.056159 -42.777103 -42.321658 -40.624234 -42.702331 -45.840318 -45.956753 -46.575627 -46.825156 -47.000261 -47.255732 -47.386062 
3.429124 15.514211 12.659860 13.946031 9.172812 -5.886225 -7.945226 -5.723714 -19.417003 -26.513837 -26.401726 -29.383237 -29.529139 -32.137214 -34.492572 -34.202324 -31.803020 -34.901740 -31.551456 -34.301021 -34.448618 -34.739712 -31.406903 -35.353620 -44.965062 -45.230055 -48.308946 -47.029511 -45.524212 -46.118630 -46.661596 -40.952544 -45.092348 -50.147660 -52.141002 -54.680238 -55.201213 -54.345500 -55.426433 -54.408500 
3.125600 14.450844 11.874180 12.945527 7.192644 -2.397736 -9.537477 -9.737667 -17.294748 -24.306015 -25.279222 -28.885025 -29.701881 -29.253325 -31.480910 -31.936892 -30.965505 -32.955381 -33.179802 -35.546183 -35.367188 -34.359967 -25.782033 -34.095570 -39.081185 -39.408948 -39.506602 -37.977643 -37.856262 -37.927128 -38.072636 -38.293685 -38.559559 -40.079921 -43.597796 -45.018343 -45.272439 -45.460306 -45.757144 -45.566627 
1.935331 12.640110 11.125639 11.123484 5.186714 -1.804727 -13.768784 -14.513478 -15.152561 -25.896918 -26.739073 -28.559218 -29.775940 -31.333308 -32.116480 -33.120243 -32.851497 -33.348880 -34.604861 -36.212911 -36.593598 -36.300156 -32.930134 -33.988019 -38.749261 -39.153189 -40.298560 -37.679935 -34.374529 -35.640349 -37.173239 -36.696115 -37.959557 -40.997555 -44.017351 -45.049855 -45.223106 -45.329890 -45.737861 -45.523315 
-0.392788 9.055657 6.940399 7.229948 1.740177 -4.775750 -19.066346 -20.409192 -19.244113 -25.297632 -28.474482 -27.032545 -30.490614 -31.100258 -32.717848 -33.423383 -33.909169 -34.729724 -34.631960 -36.005844 -36.983930 -36.717717 -36.312477 -36.912098 -39.933030 -39.780101 -41.177780 -40.560081 -35.478256 -37.100805 -39.276903 -35.577542 -38.422681 -43.006448 -44.940845 -45.775123 -46.035907 -46.226322 -46.468048 -46.405206 
-3.745773 5.745989 4.724024 2.418714 -4.999128 -11.059400 -23.488423 -24.247663 -26.936309 -29.547582 -31.313571 -35.841368 -33.659826 -35.263665 -36.428141 -36.922305 -38.034179 -38.654318 -39.871622 -38.848208 -41.213585 -41.800580 -40.961525 -41.798533 -42.356196 -43.442004 -44.510831 -44.298886 -42.033505 -41.984686 -42.654221 -40.910959 -42.410516 -47.321820 -48.518594 -49.652283 -49.859635 -50.229624 -50.396109 -50.129015 
-9.311466 -1.625634 -2.620996 -8.279504 -14.845329 -18.335063 -21.409783 -21.957012 -21.379973 -23.728317 -22.064690 -22.830179 -23.087291 -22.976967 -25.769788 -26.571166 -29.386663 -30.271032 -30.535245 -30.391978 -28.921166 -28.375461 -27.867202 -26.460524 -25.710907 -24.802390 -25.071489 -22.864246 -25.328022 -29.309586 -34.743193 -36.352144 -36.422798 -36.437006 -37.601782 -41.443963 -45.439612 -44.372531 -44.461611 -44.176100 
-14.865804 -10.884848 -9.537716 -8.764772 -7.552144 -13.053702 -17.078084 -11.824568 -15.852621 -17.126105 -13.057303 -15.892581 -15.220559 -14.347499 -19.158566 -17.180603 -21.581342 -20.665474 -22.076209 -20.881123 -20.461586 -20.852376 -20.557928 -17.762838 -15.750502 -14.694783 -15.648243 -8.873537 -11.545807 -12.209142 -15.619954 -18.879316 -22.206439 -19.049319 -17.687074 -18.166383 -17.404832 -20.652086 -22.723092 -23.577153 
-18.570636 -19.725783 -21.461446 -21.197081 -18.359206 -18.686503 -23.089569 -26.942048 -26.098093 -31.984491 -32.796842 -30.294459 -31.615136 -28.133715 -30.054118 -29.435647 -27.910435 -28.760618 -32.621191 -26.880725 -27.381580 -32.267492 -25.297287 -22.894040 -20.742435 -14.174993 -12.963638 -6.173535 -2.230252 -9.098270 -13.853627 -14.379896 -11.529019 -11.093134 -9.703687 -10.562372 -11.103709 -14.191624 -17.294023 -19.312572 
-20.396940 -31.399769 -39.109393 -36.148750 -37.083163 -40.451514 -41.373923 -40.294267 -42.650735 -41.486584 -40.412677 -39.515170 -35.711244 -30.915274 -28.444313 -30.836387 -27.209814 -28.146417 -24.552644 -18.852594 -14.956484 -26.258773 -17.080617 -13.766769 -16.508518 -10.494666 -8.945056 0.048513 1.120537 -7.479911 -16.169112 -10.561917 -5.828181 -6.417040 -9.093044 -6.331589 -5.052757 -7.933641 -11.213812 -17.799053 
-21.601487 -22.944699 -27.601552 -30.503928 -37.920674 -33.974432 -41.046451 -43.448189 -41.980749 -36.825745 -36.698025 -40.505434 -32.719754 -27.445767 -34.000902 -30.993829 -35.808308 -29.425562 -25.392452 -26.026735 -18.210632 -22.156078 -16.516858 -12.487155 -11.848811 -8.101471 -3.940484 4.445538 1.473480 -7.621389 -13.740979 -12.593091 -9.904347 -7.194321 -7.470214 -5.327401 -2.677388 -7.388495 -11.808392 -14.246696 
-19.979002 -24.882303 -37.853765 -35.704661 -37.442887 -31.575213 -35.404465 -32.939354 -33.529698 -35.519075 -36.068720 -39.505901 -29.815935 -29.077811 -28.697052 -28.435334 -31.093369 -31.147323 -28.216928 -22.752093 -17.597929 -20.933750 -17.600677 -5.084539 -5.386403 -6.829840 1.735249 4.762034 0.820469 -7.474311 -11.393713 -9.839183 -9.008319 -4.465674 -5.234762 -2.914254 -1.678462 -8.014866 -9.713131 -14.148106 
-19.660413 -23.709197 -31.383428 -39.301333 -36.031285 -36.501299 -33.480562 -30.609922 -33.697505 -37.464778 -35.157857 -40.431072 -34.413547 -31.578639 -29.565104 -32.750259 -32.047578 -24.800486 -25.938550 -24.485974 -18.335063 -18.221734 -15.483759 -3.195301 -3.890641 -4.427463 4.163916 5.305338 0.742380 -7.220602 -11.109658 -7.659619 -4.145026 -5.214205 -5.851306 -7.040261 -3.223017 -5.804233 -12.086136 -12.544613 
-19.184636 -21.080950 -31.970131 -35.220221 -38.057972 -32.095312 -29.416850 -31.580733 -33.921693 -32.317605 -34.162052 -31.821504 -24.269126 -28.503092 -30.701670 -32.161960 -31.471138 -25.389505 -20.732933 -22.039599 -11.743613 -20.145253 -13.482110 -1.475453 -1.514895 -7.563782 1.478488 2.718766 0.458674 -4.035621 -13.731734 -8.931300 -3.161924 -4.165968 -3.951606 -6.918145 -5.448512 -7.741719 -12.592428 -14.945608 
-27.558298 -27.494082 -35.073667 -34.695066 -34.705033 -32.566589 -28.478740 -26.986972 -29.839239 -32.080386 -29.037534 -31.521553 -23.112335 -26.989624 -33.069180 -32.099434 -26.869493 -23.626687 -23.546823 -15.947822 -10.761311 -15.297584 -11.993955 -3.897223 -4.297627 -9.113975 1.049447 5.889761 -2.185037 -3.142147 -12.225708 -8.152580 -6.757527 -3.810198 -2.814464 -4.943228 -4.716940 -5.614071 -9.916236 -17.156273 
-24.553313 -29.766209 -35.135250 -36.017186 -31.382200 -28.664682 -31.697308 -38.965049 -30.497451 -31.237219 -31.708920 -26.706844 -29.093885 -31.639740 -27.313699 -30.001211 -27.819273 -24.130222 -21.660708 -15.297084 -12.027997 -13.215062 -11.280098 -4.162809 -10.504208 -5.920798 5.520461 6.705863 -0.353506 -4.796010 -14.059707 -11.575869 -6.633684 -4.108383 -4.708786 -6.661179 -5.320282 -7.783295 -8.948231 -13.291147 
-24.732145 -24.673180 -31.530171 -38.814318 -31.793670 -28.162410 -26.353853 -28.404991 -31.167927 -31.132840 -29.041990 -27.825755 -28.281588 -28.060393 -30.848316 -31.502279 -28.228402 -24.483141 -20.588308 -15.072567 -11.567141 -17.593262 -12.327181 -4.404370 -8.640770 -4.417029 7.489904 5.821623 -1.434841 -5.579518 -14.528711 -12.551353 -8.413480 -10.222910 -7.604865 -6.967688 -6.827961 -8.601255 -11.342586 -13.657734 
-28.658453 -29.169249 -36.756415 -39.723476 -36.697683 -26.249836 -24.858002 -28.779307 -26.256460 -32.016144 -28.572899 -28.537746 -22.581843 -22.690694 -28.316434 -30.460440 -29.056848 -25.612789 -19.738737 -17.645741 -18.215627 -16.228700 -7.491305 -2.826670 -6.696296 -2.527544 0.799977 0.550638 -2.349127 -6.176802 -11.986710 -9.340106 -7.245442 -7.768405 -9.569748 -8.309979 -6.555551 -5.946475 -12.149229 -16.163755 
-27.984269 -35.668253 -49.228867 -39.952824 -32.537812 -29.295893 -21.530081 -21.806641 -27.633519 -35.960484 -36.232702 -27.754716 -27.369027 -22.622501 -26.131005 -28.363440 -25.805179 -24.148804 -19.011939 -13.324511 -12.865431 -13.973483 -5.592181 3.837474 -4.808265 -3.330462 3.744468 1.045961 -2.977565 -9.467883 -14.765319 -11.364364 -9.611214 -7.636750 -7.653655 -8.786297 -8.667904 -8.846410 -14.257696 -19.166996 
-28.960627 -41.376883 -38.363381 -39.194022 -34.304857 -30.122821 -27.452839 -26.327970 -28.992259 -37.582437 -36.761736 -29.571098 -25.633699 -22.142523 -29.681596 -32.566706 -34.912624 -26.451568 -19.528372 -17.940733 -21.504992 -14.173699 -8.921471 -2.213397 -8.432631 -2.724398 1.445094 -0.629236 -8.872754 -12.899238 -18.889617 -11.931035 -11.945003 -12.614810 -11.792300 -12.226512 -13.026876 -16.105595 -16.999625 -20.093802 
-30.800974 -28.865309 -36.152377 -40.974545 -39.203576 -36.946966 -24.509930 -27.545325 -28.226244 -29.593520 -31.835751 -27.667672 -25.183088 -28.218060 -35.442080 -29.524332 -31.146339 -30.361338 -19.484236 -16.084464 -23.170293 -11.265207 -7.042602 -4.737532 -14.317038 -7.122749 -1.954000 -4.952204 -9.693436 -11.048172 -22.066627 -15.647671 -14.421554 -13.902039 -15.005514 -17.108343 -17.199758 -17.889392 -22.166242 -22.492449 
-27.793236 -30.173640 -33.357915 -39.716529 -39.576868 -34.561999 -23.644507 -25.768775 -28.699558 -29.305156 -25.449728 -29.208451 -25.128431 -31.099264 -37.986562 -38.425103 -31.994671 -35.747736 -24.757991 -19.725684 -18.340926 -11.479764 -5.256266 -5.747993 -17.465040 -13.753921 -9.066526 -10.000670 -10.844683 -12.648957 -21.494506 -19.271869 -16.543645 -15.517954 -17.246783 -18.452314 -19.704558 -17.979597 -23.789627 -26.885141 
-29.260095 -28.783819 -35.574231 -42.214828 -41.452037 -36.281274 -28.649336 -26.292813 -33.297623 -32.498063 -32.570886 -30.260823 -33.439088 -35.905015 -38.642395 -40.319665 -40.704780 -38.416925 -27.145987 -28.020502 -23.076398 -20.293873 -4.035670 -9.930877 -17.181870 -10.664739 -4.892708 -13.168371 -16.525635 -18.847677 -24.328238 -23.682258 -18.569889 -17.508023 -18.302212 -21.708307 -19.046784 -20.602458 -24.734062 -30.174070 
-26.433481 -34.975540 -40.274168 -42.403971 -36.609767 -32.089811 -29.765711 -29.704630 -33.557904 -29.145268 -40.059595 -44.794212 -42.822369 -42.298738 -36.583286 -40.083065 -36.141586 -29.186416 -29.385406 -26.610132 -25.223349 -22.688233 -11.649625 -13.229998 -25.543180 -15.587997 -9.235098 -15.819826 -21.342466 -25.633021 -29.411361 -25.513970 -23.188202 -21.004456 -23.619487 -27.949370 -27.035528 -26.266748 -28.661169 -33.707088 
-27.560276 -28.966534 -37.801796 -47.717890 -44.454707 -41.155508 -31.300881 -26.440547 -36.339552 -37.872602 -38.965618 -47.360760 -51.747942 -47.184669 -46.629167 -44.247196 -38.438006 -28.019374 -26.483953 -24.078056 -26.532127 -22.399971 -20.095621 -20.926424 -31.845952 -19.817979 -18.094651 -21.729059 -24.772313 -27.581879 -28.153254 -30.923763 -28.652451 -27.505828 -29.665714 -30.197101 -31.829305 -30.032441 -31.582827 -40.690708 
-33.101533 -27.244437 -30.343665 -36.309217 -43.694131 -39.636094 -33.538180 -35.854287 -42.904870 -43.404588 -51.256287 -50.061014 -53.771894 -51.239768 -47.215039 -49.258306 -44.003723 -35.332957 -26.996216 -32.244356 -36.152951 -35.454938 -27.097536 -27.496703 -34.472880 -26.565655 -25.098957 -29.839974 -31.847154 -34.086510 -35.307923 -35.507262 -38.793816 -35.482871 -37.860809 -36.590369 -36.215792 -36.532152 -40.531401 -48.763290 
-31.904314 -26.711019 -33.216139 -38.196545 -44.394162 -40.662322 -36.808328 -40.007688 -45.195452 -42.913786 -49.095986 -43.571653 -43.478825 -54.042266 -50.864616 -44.676360 -44.613849 -41.160940 -35.795709 -39.071034 -47.580798 -43.817956 -34.401769 -37.899154 -44.605440 -36.574407 -36.238073 -39.986982 -40.437281 -41.542336 -41.833137 -44.106279 -49.481199 -44.985618 -47.249004 -45.679016 -44.003075 -45.769557 -49.295960 -64.962793 
-20.807735 -24.084019 -38.815844 -39.276384 -42.578353 -42.074843 -41.850981 -50.136422 -49.917506 -55.917004 -52.006729 -51.169528 -49.926266 -55.845523 -62.465076 -55.969581 -52.000823 -49.928725 -40.633172 -44.688437 -54.137560 -45.742971 -46.976011 -45.017682 -51.112449 -46.247622 -44.633723 -46.789396 -46.536427 -46.321011 -49.923668 -47.930023 -54.308333 -51.975114 -55.725664 -51.760759 -51.017256 -51.918811 -53.345109 -69.408564 
-22.895940 -21.727138 -28.625922 -37.717935 -44.320251 -43.498621 -46.663151 -53.701153 -54.847214 -52.872229 -47.689971 -50.416138 -54.744302 -59.580465 -69.658413 -63.883079 -55.007685 -53.653758 -52.266188 -51.649822 -60.880291 -57.104724 -53.991873 -56.179794 -59.202376 -58.129206 -55.610119 -56.307741 -61.372755 -59.961032 -61.737823 -62.675102 -62.301138 -62.565810 -63.598446 -61.954211 -62.437466 -65.112104 -66.411443 -70.789471 
-37.617934 -33.213013 -34.911717 -42.354952 -45.976065 -45.679999 -48.932926 -53.852001 -50.839801 -57.164424 -64.533344 -60.597061 -58.209917 -59.352636 -70.956158 -63.534522 -59.107316 -50.631037 -52.817020 -55.624484 -58.622360 -58.922853 -56.782737 -59.267687 -62.111226 -65.372464 -58.617480 -60.568580 -64.232895 -62.639640 -67.101313 -66.550174 -63.820110 -64.650560 -65.880943 -65.667731 -65.492210 -70.754994 -72.091696 -70.962340 
-52.848595 -54.664959 -54.869301 -58.638900 -75.203881 -63.308322 -64.776929 -60.769981 -65.555139 -65.716903 -72.560858 -71.418249 -64.228559 -66.770131 -68.493208 -66.982295 -69.283443 -65.072853 -65.886785 -66.952430 -67.097197 -65.993344 -66.014880 -71.196483 -71.364823 -73.223016 -68.864527 -67.239604 -69.472944 -69.028895 -68.935174 -68.534366 -72.834692 -70.541521 -70.263138 -67.961077 -69.452521 -72.004191 -69.960972 -73.781541 
-58.201361 -70.865606 -69.527314 -67.290264 -72.813464 -66.281880 -70.727324 -72.487576 -72.450002 -73.827636 -76.494572 -76.798910 -72.304344 -66.497179 -67.612311 -72.715415 -71.619701 -69.511085 -72.330548 -75.374387 -77.229224 -71.943170 -73.604162 -67.956920 -69.323859 -69.084288 -69.160076 -73.906506 -69.600076 -73.381008 -72.044323 -67.345071 -76.045915 -73.057014 -73.665888 -70.346512 -71.746894 -71.031703 -71.580751 -74.079785 
-57.299321 -70.941547 -69.043566 -74.638302 -74.974371 -67.438769 -70.425633 -71.263832 -71.614588 -75.242494 -80.952974 -70.532375 -68.018006 -74.703656 -68.887315 -67.587942 -74.999445 -70.348052 -75.111548 -76.237514 -72.073066 -71.799205 -74.908473 -72.270803 -72.442953 -71.746207 -76.672847 -77.763303 -72.803517 -72.424753 -72.786180 -72.370334 -73.612668 -72.362354 -70.503297 -73.318517 -73.278206 -71.910331 -73.117988 -72.844724 
-56.651108 -76.741722 -73.340314 -72.096012 -74.771248 -71.847489 -77.651554 -72.716576 -69.821873 -72.992495 -73.999534 -68.766926 -66.743404 -74.429542 -76.866591 -75.300020 -69.616565 -70.073271 -73.773933 -75.968889 -74.194238 -70.805971 -73.146781 -73.228218 -73.659733 -69.747887 -73.158357 -75.020900 -72.241981 -72.661524 -70.753317 -73.485034 -73.737140 -73.426251 -74.238467 -75.821389 -71.685345 -74.857614 -71.011626 -71.708611 
-57.071579 -83.451273 -83.591014 -70.984150 -72.863646 -70.543436 -70.490944 -69.301267 -70.795600 -74.872240 -73.145324 -73.232755 -76.358443 -76.610060 -72.521810 -71.679383 -73.067799 -72.603575 -72.534935 -71.333402 -71.909205 -69.671130 -70.232964 -71.381040 -74.136214 -73.964329 -72.355613 -71.556369 -73.737785 -71.362063 -71.479734 -76.289543 -73.253598 -74.712427 -73.071339 -76.004857 -75.056425 -76.111796 -72.511388 -73.925180 
-59.582957 -80.236966 -78.486921 -70.516233 -73.484025 -65.527775 -64.775334 -70.189408 -72.634450 -72.300558 -75.517954 -70.827510 -77.265217 -79.053194 -74.188184 -70.804294 -71.851308 -69.969750 -67.077375 -70.884011 -75.104468 -72.054731 -79.006113 -71.361845 -72.182232 -73.407789 -76.892402 -70.842096 -68.617629 -68.217986 -78.386674 -80.925060 -74.884622 -78.918444 -74.105513 -73.944421 -74.848128 -78.532555 -72.498885 -72.244625 
-58.638892 -77.189955 -71.707617 -69.205194 -71.793398 -70.129568 -70.065588 -71.429443 -66.811479 -71.206433 -71.245998 -72.802465 -83.604318 -78.581920 -71.550439 -71.079544 -76.754462 -74.513429 -70.641036 -74.266923 -73.532492 -70.826014 -74.414831 -71.152886 -73.659047 -74.787399 -74.409854 -69.783400 -72.680365 -70.448508 -75.708754 -75.986121 -75.705906 -76.769380 -71.016698 -72.258431 -73.520365 -77.667564 -71.954417 -74.489021 
-56.167816 -77.004357 -77.258875 -75.032362 -78.212461 -82.110942 -71.818545 -71.521264 -68.002032 -69.886379 -73.682157 -69.351003 -72.281634 -72.135306 -75.631241 -74.606648 -77.110100 -75.119817 -69.616713 -69.920475 -73.960127 -72.159817 -72.789307 -74.151107 -74.856690 -70.436125 -77.490350 -72.547593 -72.040884 -71.187613 -75.582425 -73.776173 -72.516386 -73.509178 -73.081452 -73.754805 -73.731943 -73.911480 -74.321758 -75.764911 
-55.157205 -80.202778 -82.734696 -73.016973 -70.757865 -66.597327 -71.064656 -76.260760 -81.262570 -78.622844 -81.872903 -72.640809 -74.688831 -78.245730 -74.488381 -72.154017 -74.715828 -75.653026 -74.460905 -74.236861 -76.274316 -73.388656 -77.592046 -74.599014 -74.983295 -77.817928 -73.992247 -71.556471 -73.652544 -74.208878 -74.717794 -73.048373 -76.149727 -75.798641 -75.915245 -74.617087 -73.219093 -73.541609 -73.879365 -74.670195 
-57.188291 -63.269256 -67.180675 -68.729278 -73.185842 -74.756085 -70.985485 -72.937807 -79.380591 -81.964164 -76.771157 -77.801956 -83.146498 -79.412930 -71.535164 -73.722770 -78.330536 -75.528719 -82.775339 -82.138421 -73.871325 -70.587417 -81.726241 -78.444843 -80.011454 -84.822817 -74.020782 -75.831627 -74.366232 -78.042358 -76.216876 -71.992603 -77.333039 -74.434314 -75.566975 -75.342814 -75.842978 -77.104952 -77.597618 -78.480596 
-87.530608 -87.715886 -88.028684 -88.569253 -89.331712 -90.463189 -91.966663 -94.145477 -97.646187 -102.954231 -105.684018 -100.592579 -96.885209 -94.951504 -94.330859 -94.965200 -97.124420 -101.056717 -102.872541 -99.221619 -96.631448 -96.269554 -98.023860 -102.066148 -106.934353 -105.569537 -101.511657 -99.454398 -99.903201 -99.721323 -96.901160 -96.524360 -97.685350 -94.995749 -95.719020 -98.637272 -97.884075 -100.019038 -100.914153 -100.356631 
NaN NaN NaN NaN NaN NaN NaN NaN NaN NaN NaN NaN NaN NaN NaN NaN NaN NaN NaN NaN NaN NaN NaN NaN NaN NaN NaN NaN NaN NaN NaN NaN NaN NaN NaN NaN NaN NaN NaN NaN 
NaN NaN NaN NaN NaN NaN NaN NaN NaN NaN NaN NaN NaN NaN NaN NaN NaN NaN NaN NaN NaN NaN NaN NaN NaN NaN NaN NaN NaN NaN NaN NaN NaN NaN NaN NaN NaN NaN NaN NaN 
NaN NaN NaN NaN NaN NaN NaN NaN NaN NaN NaN NaN NaN NaN NaN NaN NaN NaN NaN NaN NaN NaN NaN NaN NaN NaN NaN NaN NaN NaN NaN NaN NaN NaN NaN NaN NaN NaN NaN NaN 
NaN NaN NaN NaN NaN NaN NaN NaN NaN NaN NaN NaN NaN NaN NaN NaN NaN NaN NaN NaN NaN NaN NaN NaN NaN NaN NaN NaN NaN NaN NaN NaN NaN NaN NaN NaN NaN NaN NaN NaN 
NaN NaN NaN NaN NaN NaN NaN NaN NaN NaN NaN NaN NaN NaN NaN NaN NaN NaN NaN NaN NaN NaN NaN NaN NaN NaN NaN NaN NaN NaN NaN NaN NaN NaN NaN NaN NaN NaN NaN NaN 
NaN NaN NaN NaN NaN NaN NaN NaN NaN NaN NaN NaN NaN NaN NaN NaN NaN NaN NaN NaN NaN NaN NaN NaN NaN NaN NaN NaN NaN NaN NaN NaN NaN NaN NaN NaN NaN NaN NaN NaN 
NaN NaN NaN NaN NaN NaN NaN NaN NaN NaN NaN NaN NaN NaN NaN NaN NaN NaN NaN NaN NaN NaN NaN NaN NaN NaN NaN NaN NaN NaN NaN NaN NaN NaN NaN NaN NaN NaN NaN NaN 
NaN NaN NaN NaN NaN NaN NaN NaN NaN NaN NaN NaN NaN NaN NaN NaN NaN NaN NaN NaN NaN NaN NaN NaN NaN NaN NaN NaN NaN NaN NaN NaN NaN NaN NaN NaN NaN NaN NaN NaN 
NaN NaN NaN NaN NaN NaN NaN NaN NaN NaN NaN NaN NaN NaN NaN NaN NaN NaN NaN NaN NaN NaN NaN NaN NaN NaN NaN NaN NaN NaN NaN NaN NaN NaN NaN NaN NaN NaN NaN NaN 
NaN NaN NaN NaN NaN NaN NaN NaN NaN NaN NaN NaN NaN NaN NaN NaN NaN NaN NaN NaN NaN NaN NaN NaN NaN NaN NaN NaN NaN NaN NaN NaN NaN NaN NaN NaN NaN NaN NaN NaN 
NaN NaN NaN NaN NaN NaN NaN NaN NaN NaN NaN NaN NaN NaN NaN NaN NaN NaN NaN NaN NaN NaN NaN NaN NaN NaN NaN NaN NaN NaN NaN NaN NaN NaN NaN NaN NaN NaN NaN NaN 
NaN NaN NaN NaN NaN NaN NaN NaN NaN NaN NaN NaN NaN NaN NaN NaN NaN NaN NaN NaN NaN NaN NaN NaN NaN NaN NaN NaN NaN NaN NaN NaN NaN NaN NaN NaN NaN NaN NaN NaN 
NaN NaN NaN NaN NaN NaN NaN NaN NaN NaN NaN NaN NaN NaN NaN NaN NaN NaN NaN NaN NaN NaN NaN NaN NaN NaN NaN NaN NaN NaN NaN NaN NaN NaN NaN NaN NaN NaN NaN NaN 
NaN NaN NaN NaN NaN NaN NaN NaN NaN NaN NaN NaN NaN NaN NaN NaN NaN NaN NaN NaN NaN NaN NaN NaN NaN NaN NaN NaN NaN NaN NaN NaN NaN NaN NaN NaN NaN NaN NaN NaN 
NaN NaN NaN NaN NaN NaN NaN NaN NaN NaN NaN NaN NaN NaN NaN NaN NaN NaN NaN NaN NaN NaN NaN NaN NaN NaN NaN NaN NaN NaN NaN NaN NaN NaN NaN NaN NaN NaN NaN NaN 
NaN NaN NaN NaN NaN NaN NaN NaN NaN NaN NaN NaN NaN NaN NaN NaN NaN NaN NaN NaN NaN NaN NaN NaN NaN NaN NaN NaN NaN NaN NaN NaN NaN NaN NaN NaN NaN NaN NaN NaN 
NaN NaN NaN NaN NaN NaN NaN NaN NaN NaN NaN NaN NaN NaN NaN NaN NaN NaN NaN NaN NaN NaN NaN NaN NaN NaN NaN NaN NaN NaN NaN NaN NaN NaN NaN NaN NaN NaN NaN NaN 
NaN NaN NaN NaN NaN NaN NaN NaN NaN NaN NaN NaN NaN NaN NaN NaN NaN NaN NaN NaN NaN NaN NaN NaN NaN NaN NaN NaN NaN NaN NaN NaN NaN NaN NaN NaN NaN NaN NaN NaN 
NaN NaN NaN NaN NaN NaN NaN NaN NaN NaN NaN NaN NaN NaN NaN NaN NaN NaN NaN NaN NaN NaN NaN NaN NaN NaN NaN NaN NaN NaN NaN NaN NaN NaN NaN NaN NaN NaN NaN NaN 
NaN NaN NaN NaN NaN NaN NaN NaN NaN NaN NaN NaN NaN NaN NaN NaN NaN NaN NaN NaN NaN NaN NaN NaN NaN NaN NaN NaN NaN NaN NaN NaN NaN NaN NaN NaN NaN NaN NaN NaN 
NaN NaN NaN NaN NaN NaN NaN NaN NaN NaN NaN NaN NaN NaN NaN NaN NaN NaN NaN NaN NaN NaN NaN NaN NaN NaN NaN NaN NaN NaN NaN NaN NaN NaN NaN NaN NaN NaN NaN NaN 
NaN NaN NaN NaN NaN NaN NaN NaN NaN NaN NaN NaN NaN NaN NaN NaN NaN NaN NaN NaN NaN NaN NaN NaN NaN NaN NaN NaN NaN NaN NaN NaN NaN NaN NaN NaN NaN NaN NaN NaN 
NaN NaN NaN NaN NaN NaN NaN NaN NaN NaN NaN NaN NaN NaN NaN NaN NaN NaN NaN NaN NaN NaN NaN NaN NaN NaN NaN NaN NaN NaN NaN NaN NaN NaN NaN NaN NaN NaN NaN NaN 
NaN NaN NaN NaN NaN NaN NaN NaN NaN NaN NaN NaN NaN NaN NaN NaN NaN NaN NaN NaN NaN NaN NaN NaN NaN NaN NaN NaN NaN NaN NaN NaN NaN NaN NaN NaN NaN NaN NaN NaN 
NaN NaN NaN NaN NaN NaN NaN NaN NaN NaN NaN NaN NaN NaN NaN NaN NaN NaN NaN NaN NaN NaN NaN NaN NaN NaN NaN NaN NaN NaN NaN NaN NaN NaN NaN NaN NaN NaN NaN NaN 
NaN NaN NaN NaN NaN NaN NaN NaN NaN NaN NaN NaN NaN NaN NaN NaN NaN NaN NaN NaN NaN NaN NaN NaN NaN NaN NaN NaN NaN NaN NaN NaN NaN NaN NaN NaN NaN NaN NaN NaN 
NaN NaN NaN NaN NaN NaN NaN NaN NaN NaN NaN NaN NaN NaN NaN NaN NaN NaN NaN NaN NaN NaN NaN NaN NaN NaN NaN NaN NaN NaN NaN NaN NaN NaN NaN NaN NaN NaN NaN NaN 
NaN NaN NaN NaN NaN NaN NaN NaN NaN NaN NaN NaN NaN NaN NaN NaN NaN NaN NaN NaN NaN NaN NaN NaN NaN NaN NaN NaN NaN NaN NaN NaN NaN NaN NaN NaN NaN NaN NaN NaN 
NaN NaN NaN NaN NaN NaN NaN NaN NaN NaN NaN NaN NaN NaN NaN NaN NaN NaN NaN NaN NaN NaN NaN NaN NaN NaN NaN NaN NaN NaN NaN NaN NaN NaN NaN NaN NaN NaN NaN NaN 
NaN NaN NaN NaN NaN NaN NaN NaN NaN NaN NaN NaN NaN NaN NaN NaN NaN NaN NaN NaN NaN NaN NaN NaN NaN NaN NaN NaN NaN NaN NaN NaN NaN NaN NaN NaN NaN NaN NaN NaN 
NaN NaN NaN NaN NaN NaN NaN NaN NaN NaN NaN NaN NaN NaN NaN NaN NaN NaN NaN NaN NaN NaN NaN NaN NaN NaN NaN NaN NaN NaN NaN NaN NaN NaN NaN NaN NaN NaN NaN NaN 
NaN NaN NaN NaN NaN NaN NaN NaN NaN NaN NaN NaN NaN NaN NaN NaN NaN NaN NaN NaN NaN NaN NaN NaN NaN NaN NaN NaN NaN NaN NaN NaN NaN NaN NaN NaN NaN NaN NaN NaN 
NaN NaN NaN NaN NaN NaN NaN NaN NaN NaN NaN NaN NaN NaN NaN NaN NaN NaN NaN NaN NaN NaN NaN NaN NaN NaN NaN NaN NaN NaN NaN NaN NaN NaN NaN NaN NaN NaN NaN NaN 
NaN NaN NaN NaN NaN NaN NaN NaN NaN NaN NaN NaN NaN NaN NaN NaN NaN NaN NaN NaN NaN NaN NaN NaN NaN NaN NaN NaN NaN NaN NaN NaN NaN NaN NaN NaN NaN NaN NaN NaN 
NaN NaN NaN NaN NaN NaN NaN NaN NaN NaN NaN NaN NaN NaN NaN NaN NaN NaN NaN NaN NaN NaN NaN NaN NaN NaN NaN NaN NaN NaN NaN NaN NaN NaN NaN NaN NaN NaN NaN NaN 
NaN NaN NaN NaN NaN NaN NaN NaN NaN NaN NaN NaN NaN NaN NaN NaN NaN NaN NaN NaN NaN NaN NaN NaN NaN NaN NaN NaN NaN NaN NaN NaN NaN NaN NaN NaN NaN NaN NaN NaN 
NaN NaN NaN NaN NaN NaN NaN NaN NaN NaN NaN NaN NaN NaN NaN NaN NaN NaN NaN NaN NaN NaN NaN NaN NaN NaN NaN NaN NaN NaN NaN NaN NaN NaN NaN NaN NaN NaN NaN NaN 
NaN NaN NaN NaN NaN NaN NaN NaN NaN NaN NaN NaN NaN NaN NaN NaN NaN NaN NaN NaN NaN NaN NaN NaN NaN NaN NaN NaN NaN NaN NaN NaN NaN NaN NaN NaN NaN NaN NaN NaN 
NaN NaN NaN NaN NaN NaN NaN NaN NaN NaN NaN NaN NaN NaN NaN NaN NaN NaN NaN NaN NaN NaN NaN NaN NaN NaN NaN NaN NaN NaN NaN NaN NaN NaN NaN NaN NaN NaN NaN NaN 
NaN NaN NaN NaN NaN NaN NaN NaN NaN NaN NaN NaN NaN NaN NaN NaN NaN NaN NaN NaN NaN NaN NaN NaN NaN NaN NaN NaN NaN NaN NaN NaN NaN NaN NaN NaN NaN NaN NaN NaN 
NaN NaN NaN NaN NaN NaN NaN NaN NaN NaN NaN NaN NaN NaN NaN NaN NaN NaN NaN NaN NaN NaN NaN NaN NaN NaN NaN NaN NaN NaN NaN NaN NaN NaN NaN NaN NaN NaN NaN NaN 
NaN NaN NaN NaN NaN NaN NaN NaN NaN NaN NaN NaN NaN NaN NaN NaN NaN NaN NaN NaN NaN NaN NaN NaN NaN NaN NaN NaN NaN NaN NaN NaN NaN NaN NaN NaN NaN NaN NaN NaN 
NaN NaN NaN NaN NaN NaN NaN NaN NaN NaN NaN NaN NaN NaN NaN NaN NaN NaN NaN NaN NaN NaN NaN NaN NaN NaN NaN NaN NaN NaN NaN NaN NaN NaN NaN NaN NaN NaN NaN NaN 
NaN NaN NaN NaN NaN NaN NaN NaN NaN NaN NaN NaN NaN NaN NaN NaN NaN NaN NaN NaN NaN NaN NaN NaN NaN NaN NaN NaN NaN NaN NaN NaN NaN NaN NaN NaN NaN NaN NaN NaN 
NaN NaN NaN NaN NaN NaN NaN NaN NaN NaN NaN NaN NaN NaN NaN NaN NaN NaN NaN NaN NaN NaN NaN NaN NaN NaN NaN NaN NaN NaN NaN NaN NaN NaN NaN NaN NaN NaN NaN NaN 
NaN NaN NaN NaN NaN NaN NaN NaN NaN NaN NaN NaN NaN NaN NaN NaN NaN NaN NaN NaN NaN NaN NaN NaN NaN NaN NaN NaN NaN NaN NaN NaN NaN NaN NaN NaN NaN NaN NaN NaN 
NaN NaN NaN NaN NaN NaN NaN NaN NaN NaN NaN NaN NaN NaN NaN NaN NaN NaN NaN NaN NaN NaN NaN NaN NaN NaN NaN NaN NaN NaN NaN NaN NaN NaN NaN NaN NaN NaN NaN NaN 
NaN NaN NaN NaN NaN NaN NaN NaN NaN NaN NaN NaN NaN NaN NaN NaN NaN NaN NaN NaN NaN NaN NaN NaN NaN NaN NaN NaN NaN NaN NaN NaN NaN NaN NaN NaN NaN NaN NaN NaN 
NaN NaN NaN NaN NaN NaN NaN NaN NaN NaN NaN NaN NaN NaN NaN NaN NaN NaN NaN NaN NaN NaN NaN NaN NaN NaN NaN NaN NaN NaN NaN NaN NaN NaN NaN NaN NaN NaN NaN NaN 
NaN NaN NaN NaN NaN NaN NaN NaN NaN NaN NaN NaN NaN NaN NaN NaN NaN NaN NaN NaN NaN NaN NaN NaN NaN NaN NaN NaN NaN NaN NaN NaN NaN NaN NaN NaN NaN NaN NaN NaN 
NaN NaN NaN NaN NaN NaN NaN NaN NaN NaN NaN NaN NaN NaN NaN NaN NaN NaN NaN NaN NaN NaN NaN NaN NaN NaN NaN NaN NaN NaN NaN NaN NaN NaN NaN NaN NaN NaN NaN NaN 
NaN NaN NaN NaN NaN NaN NaN NaN NaN NaN NaN NaN NaN NaN NaN NaN NaN NaN NaN NaN NaN NaN NaN NaN NaN NaN NaN NaN NaN NaN NaN NaN NaN NaN NaN NaN NaN NaN NaN NaN 
NaN NaN NaN NaN NaN NaN NaN NaN NaN NaN NaN NaN NaN NaN NaN NaN NaN NaN NaN NaN NaN NaN NaN NaN NaN NaN NaN NaN NaN NaN NaN NaN NaN NaN NaN NaN NaN NaN NaN NaN 
NaN NaN NaN NaN NaN NaN NaN NaN NaN NaN NaN NaN NaN NaN NaN NaN NaN NaN NaN NaN NaN NaN NaN NaN NaN NaN NaN NaN NaN NaN NaN NaN NaN NaN NaN NaN NaN NaN NaN NaN 
NaN NaN NaN NaN NaN NaN NaN NaN NaN NaN NaN NaN NaN NaN NaN NaN NaN NaN NaN NaN NaN NaN NaN NaN NaN NaN NaN NaN NaN NaN NaN NaN NaN NaN NaN NaN NaN NaN NaN NaN 
NaN NaN NaN NaN NaN NaN NaN NaN NaN NaN NaN NaN NaN NaN NaN NaN NaN NaN NaN NaN NaN NaN NaN NaN NaN NaN NaN NaN NaN NaN NaN NaN NaN NaN NaN NaN NaN NaN NaN NaN 
NaN NaN NaN NaN NaN NaN NaN NaN NaN NaN NaN NaN NaN NaN NaN NaN NaN NaN NaN NaN NaN NaN NaN NaN NaN NaN NaN NaN NaN NaN NaN NaN NaN NaN NaN NaN NaN NaN NaN NaN 
NaN NaN NaN NaN NaN NaN NaN NaN NaN NaN NaN NaN NaN NaN NaN NaN NaN NaN NaN NaN NaN NaN NaN NaN NaN NaN NaN NaN NaN NaN NaN NaN NaN NaN NaN NaN NaN NaN NaN NaN 
NaN NaN NaN NaN NaN NaN NaN NaN NaN NaN NaN NaN NaN NaN NaN NaN NaN NaN NaN NaN NaN NaN NaN NaN NaN NaN NaN NaN NaN NaN NaN NaN NaN NaN NaN NaN NaN NaN NaN NaN 
NaN NaN NaN NaN NaN NaN NaN NaN NaN NaN NaN NaN NaN NaN NaN NaN NaN NaN NaN NaN NaN NaN NaN NaN NaN NaN NaN NaN NaN NaN NaN NaN NaN NaN NaN NaN NaN NaN NaN NaN 
NaN NaN NaN NaN NaN NaN NaN NaN NaN NaN NaN NaN NaN NaN NaN NaN NaN NaN NaN NaN NaN NaN NaN NaN NaN NaN NaN NaN NaN NaN NaN NaN NaN NaN NaN NaN NaN NaN NaN NaN 
NaN NaN NaN NaN NaN NaN NaN NaN NaN NaN NaN NaN NaN NaN NaN NaN NaN NaN NaN NaN NaN NaN NaN NaN NaN NaN NaN NaN NaN NaN NaN NaN NaN NaN NaN NaN NaN NaN NaN NaN 
NaN NaN NaN NaN NaN NaN NaN NaN NaN NaN NaN NaN NaN NaN NaN NaN NaN NaN NaN NaN NaN NaN NaN NaN NaN NaN NaN NaN NaN NaN NaN NaN NaN NaN NaN NaN NaN NaN NaN NaN 
NaN NaN NaN NaN NaN NaN NaN NaN NaN NaN NaN NaN NaN NaN NaN NaN NaN NaN NaN NaN NaN NaN NaN NaN NaN NaN NaN NaN NaN NaN NaN NaN NaN NaN NaN NaN NaN NaN NaN NaN 
NaN NaN NaN NaN NaN NaN NaN NaN NaN NaN NaN NaN NaN NaN NaN NaN NaN NaN NaN NaN NaN NaN NaN NaN NaN NaN NaN NaN NaN NaN NaN NaN NaN NaN NaN NaN NaN NaN NaN NaN 
NaN NaN NaN NaN NaN NaN NaN NaN NaN NaN NaN NaN NaN NaN NaN NaN NaN NaN NaN NaN NaN NaN NaN NaN NaN NaN NaN NaN NaN NaN NaN NaN NaN NaN NaN NaN NaN NaN NaN NaN 
NaN NaN NaN NaN NaN NaN NaN NaN NaN NaN NaN NaN NaN NaN NaN NaN NaN NaN NaN NaN NaN NaN NaN NaN NaN NaN NaN NaN NaN NaN NaN NaN NaN NaN NaN NaN NaN NaN NaN NaN 
NaN NaN NaN NaN NaN NaN NaN NaN NaN NaN NaN NaN NaN NaN NaN NaN NaN NaN NaN NaN NaN NaN NaN NaN NaN NaN NaN NaN NaN NaN NaN NaN NaN NaN NaN NaN NaN NaN NaN NaN 
NaN NaN NaN NaN NaN NaN NaN NaN NaN NaN NaN NaN NaN NaN NaN NaN NaN NaN NaN NaN NaN NaN NaN NaN NaN NaN NaN NaN NaN NaN NaN NaN NaN NaN NaN NaN NaN NaN NaN NaN 
NaN NaN NaN NaN NaN NaN NaN NaN NaN NaN NaN NaN NaN NaN NaN NaN NaN NaN NaN NaN NaN NaN NaN NaN NaN NaN NaN NaN NaN NaN NaN NaN NaN NaN NaN NaN NaN NaN NaN NaN 
NaN NaN NaN NaN NaN NaN NaN NaN NaN NaN NaN NaN NaN NaN NaN NaN NaN NaN NaN NaN NaN NaN NaN NaN NaN NaN NaN NaN NaN NaN NaN NaN NaN NaN NaN NaN NaN NaN NaN NaN 
NaN NaN NaN NaN NaN NaN NaN NaN NaN NaN NaN NaN NaN NaN NaN NaN NaN NaN NaN NaN NaN NaN NaN NaN NaN NaN NaN NaN NaN NaN NaN NaN NaN NaN NaN NaN NaN NaN NaN NaN 
NaN NaN NaN NaN NaN NaN NaN NaN NaN NaN NaN NaN NaN NaN NaN NaN NaN NaN NaN NaN NaN NaN NaN NaN NaN NaN NaN NaN NaN NaN NaN NaN NaN NaN NaN NaN NaN NaN NaN NaN 
NaN NaN NaN NaN NaN NaN NaN NaN NaN NaN NaN NaN NaN NaN NaN NaN NaN NaN NaN NaN NaN NaN NaN NaN NaN NaN NaN NaN NaN NaN NaN NaN NaN NaN NaN NaN NaN NaN NaN NaN 
