NaN NaN NaN NaN NaN NaN NaN NaN NaN NaN NaN NaN NaN NaN NaN NaN NaN NaN NaN NaN NaN NaN NaN NaN NaN NaN NaN NaN NaN NaN NaN NaN NaN NaN NaN NaN NaN NaN NaN NaN 
NaN NaN NaN NaN NaN NaN NaN NaN NaN NaN NaN NaN NaN NaN NaN NaN NaN NaN NaN NaN NaN NaN NaN NaN NaN NaN NaN NaN NaN NaN NaN NaN NaN NaN NaN NaN NaN NaN NaN NaN 
NaN NaN NaN NaN NaN NaN NaN NaN NaN NaN NaN NaN NaN NaN NaN NaN NaN NaN NaN NaN NaN NaN NaN NaN NaN NaN NaN NaN NaN NaN NaN NaN NaN NaN NaN NaN NaN NaN NaN NaN 
NaN NaN NaN NaN NaN NaN NaN NaN NaN NaN NaN NaN NaN NaN NaN NaN NaN NaN NaN NaN NaN NaN NaN NaN NaN NaN NaN NaN NaN NaN NaN NaN NaN NaN NaN NaN NaN NaN NaN NaN 
NaN NaN NaN NaN NaN NaN NaN NaN NaN NaN NaN NaN NaN NaN NaN NaN NaN NaN NaN NaN NaN NaN NaN NaN NaN NaN NaN NaN NaN NaN NaN NaN NaN NaN NaN NaN NaN NaN NaN NaN 
NaN NaN NaN NaN NaN NaN NaN NaN NaN NaN NaN NaN NaN NaN NaN NaN NaN NaN NaN NaN NaN NaN NaN NaN NaN NaN NaN NaN NaN NaN NaN NaN NaN NaN NaN NaN NaN NaN NaN NaN 
NaN NaN NaN NaN NaN NaN NaN NaN NaN NaN NaN NaN NaN NaN NaN NaN NaN NaN NaN NaN NaN NaN NaN NaN NaN NaN NaN NaN NaN NaN NaN NaN NaN NaN NaN NaN NaN NaN NaN NaN 
NaN NaN NaN NaN NaN NaN NaN NaN NaN NaN NaN NaN NaN NaN NaN NaN NaN NaN NaN NaN NaN NaN NaN NaN NaN NaN NaN NaN NaN NaN NaN NaN NaN NaN NaN NaN NaN NaN NaN NaN 
NaN NaN NaN NaN NaN NaN NaN NaN NaN NaN NaN NaN NaN NaN NaN NaN NaN NaN NaN NaN NaN NaN NaN NaN NaN NaN NaN NaN NaN NaN NaN NaN NaN NaN NaN NaN NaN NaN NaN NaN 
NaN NaN NaN NaN NaN NaN NaN NaN NaN NaN NaN NaN NaN NaN NaN NaN NaN NaN NaN NaN NaN NaN NaN NaN NaN NaN NaN NaN NaN NaN NaN NaN NaN NaN NaN NaN NaN NaN NaN NaN 
NaN NaN NaN NaN NaN NaN NaN NaN NaN NaN NaN NaN NaN NaN NaN NaN NaN NaN NaN NaN NaN NaN NaN NaN NaN NaN NaN NaN NaN NaN NaN NaN NaN NaN NaN NaN NaN NaN NaN NaN 
NaN NaN NaN NaN NaN NaN NaN NaN NaN NaN NaN NaN NaN NaN NaN NaN NaN NaN NaN NaN NaN NaN NaN NaN NaN NaN NaN NaN NaN NaN NaN NaN NaN NaN NaN NaN NaN NaN NaN NaN 
NaN NaN NaN NaN NaN NaN NaN NaN NaN NaN NaN NaN NaN NaN NaN NaN NaN NaN NaN NaN NaN NaN NaN NaN NaN NaN NaN NaN NaN NaN NaN NaN NaN NaN NaN NaN NaN NaN NaN NaN 
NaN NaN NaN NaN NaN NaN NaN NaN NaN NaN NaN NaN NaN NaN NaN NaN NaN NaN NaN NaN NaN NaN NaN NaN NaN NaN NaN NaN NaN NaN NaN NaN NaN NaN NaN NaN NaN NaN NaN NaN 
NaN NaN NaN NaN NaN NaN NaN NaN NaN NaN NaN NaN NaN NaN NaN NaN NaN NaN NaN NaN NaN NaN NaN NaN NaN NaN NaN NaN NaN NaN NaN NaN NaN NaN NaN NaN NaN NaN NaN NaN 
NaN NaN NaN NaN NaN NaN NaN NaN NaN NaN NaN NaN NaN NaN NaN NaN NaN NaN NaN NaN NaN NaN NaN NaN NaN NaN NaN NaN NaN NaN NaN NaN NaN NaN NaN NaN NaN NaN NaN NaN 
NaN NaN NaN NaN NaN NaN NaN NaN NaN NaN NaN NaN NaN NaN NaN NaN NaN NaN NaN NaN NaN NaN NaN NaN NaN NaN NaN NaN NaN NaN NaN NaN NaN NaN NaN NaN NaN NaN NaN NaN 
NaN NaN NaN NaN NaN NaN NaN NaN NaN NaN NaN NaN NaN NaN NaN NaN NaN NaN NaN NaN NaN NaN NaN NaN NaN NaN NaN NaN NaN NaN NaN NaN NaN NaN NaN NaN NaN NaN NaN NaN 
NaN NaN NaN NaN NaN NaN NaN NaN NaN NaN NaN NaN NaN NaN NaN NaN NaN NaN NaN NaN NaN NaN NaN NaN NaN NaN NaN NaN NaN NaN NaN NaN NaN NaN NaN NaN NaN NaN NaN NaN 
NaN NaN NaN NaN NaN NaN NaN NaN NaN NaN NaN NaN NaN NaN NaN NaN NaN NaN NaN NaN NaN NaN NaN NaN NaN NaN NaN NaN NaN NaN NaN NaN NaN NaN NaN NaN NaN NaN NaN NaN 
NaN NaN NaN NaN NaN NaN NaN NaN NaN NaN NaN NaN NaN NaN NaN NaN NaN NaN NaN NaN NaN NaN NaN NaN NaN NaN NaN NaN NaN NaN NaN NaN NaN NaN NaN NaN NaN NaN NaN NaN 
NaN NaN NaN NaN NaN NaN NaN NaN NaN NaN NaN NaN NaN NaN NaN NaN NaN NaN NaN NaN NaN NaN NaN NaN NaN NaN NaN NaN NaN NaN NaN NaN NaN NaN NaN NaN NaN NaN NaN NaN 
NaN NaN NaN NaN NaN NaN NaN NaN NaN NaN NaN NaN NaN NaN NaN NaN NaN NaN NaN NaN NaN NaN NaN NaN NaN NaN NaN NaN NaN NaN NaN NaN NaN NaN NaN NaN NaN NaN NaN NaN 
NaN NaN NaN NaN NaN NaN NaN NaN NaN NaN NaN NaN NaN NaN NaN NaN NaN NaN NaN NaN NaN NaN NaN NaN NaN NaN NaN NaN NaN NaN NaN NaN NaN NaN NaN NaN NaN NaN NaN NaN 
NaN NaN NaN NaN NaN NaN NaN NaN NaN NaN NaN NaN NaN NaN NaN NaN NaN NaN NaN NaN NaN NaN NaN NaN NaN NaN NaN NaN NaN NaN NaN NaN NaN NaN NaN NaN NaN NaN NaN NaN 
NaN NaN NaN NaN NaN NaN NaN NaN NaN NaN NaN NaN NaN NaN NaN NaN NaN NaN NaN NaN NaN NaN NaN NaN NaN NaN NaN NaN NaN NaN NaN NaN NaN NaN NaN NaN NaN NaN NaN NaN 
NaN NaN NaN NaN NaN NaN NaN NaN NaN NaN NaN NaN NaN NaN NaN NaN NaN NaN NaN NaN NaN NaN NaN NaN NaN NaN NaN NaN NaN NaN NaN NaN NaN NaN NaN NaN NaN NaN NaN NaN 
NaN NaN NaN NaN NaN NaN NaN NaN NaN NaN NaN NaN NaN NaN NaN NaN NaN NaN NaN NaN NaN NaN NaN NaN NaN NaN NaN NaN NaN NaN NaN NaN NaN NaN NaN NaN NaN NaN NaN NaN 
NaN NaN NaN NaN NaN NaN NaN NaN NaN NaN NaN NaN NaN NaN NaN NaN NaN NaN NaN NaN NaN NaN NaN NaN NaN NaN NaN NaN NaN NaN NaN NaN NaN NaN NaN NaN NaN NaN NaN NaN 
NaN NaN NaN NaN NaN NaN NaN NaN NaN NaN NaN NaN NaN NaN NaN NaN NaN NaN NaN NaN NaN NaN NaN NaN NaN NaN NaN NaN NaN NaN NaN NaN NaN NaN NaN NaN NaN NaN NaN NaN 
NaN NaN NaN NaN NaN NaN NaN NaN NaN NaN NaN NaN NaN NaN NaN NaN NaN NaN NaN NaN NaN NaN NaN NaN NaN NaN NaN NaN NaN NaN NaN NaN NaN NaN NaN NaN NaN NaN NaN NaN 
NaN NaN NaN NaN NaN NaN NaN NaN NaN NaN NaN NaN NaN NaN NaN NaN NaN NaN NaN NaN NaN NaN NaN NaN NaN NaN NaN NaN NaN NaN NaN NaN NaN NaN NaN NaN NaN NaN NaN NaN 
NaN NaN NaN NaN NaN NaN NaN NaN NaN NaN NaN NaN NaN NaN NaN NaN NaN NaN NaN NaN NaN NaN NaN NaN NaN NaN NaN NaN NaN NaN NaN NaN NaN NaN NaN NaN NaN NaN NaN NaN 
NaN NaN NaN NaN NaN NaN NaN NaN NaN NaN NaN NaN NaN NaN NaN NaN NaN NaN NaN NaN NaN NaN NaN NaN NaN NaN NaN NaN NaN NaN NaN NaN NaN NaN NaN NaN NaN NaN NaN NaN 
NaN NaN NaN NaN NaN NaN NaN NaN NaN NaN NaN NaN NaN NaN NaN NaN NaN NaN NaN NaN NaN NaN NaN NaN NaN NaN NaN NaN NaN NaN NaN NaN NaN NaN NaN NaN NaN NaN NaN NaN 
NaN NaN NaN NaN NaN NaN NaN NaN NaN NaN NaN NaN NaN NaN NaN NaN NaN NaN NaN NaN NaN NaN NaN NaN NaN NaN NaN NaN NaN NaN NaN NaN NaN NaN NaN NaN NaN NaN NaN NaN 
NaN NaN NaN NaN NaN NaN NaN NaN NaN NaN NaN NaN NaN NaN NaN NaN NaN NaN NaN NaN NaN NaN NaN NaN NaN NaN NaN NaN NaN NaN NaN NaN NaN NaN NaN NaN NaN NaN NaN NaN 
NaN NaN NaN NaN NaN NaN NaN NaN NaN NaN NaN NaN NaN NaN NaN NaN NaN NaN NaN NaN NaN NaN NaN NaN NaN NaN NaN NaN NaN NaN NaN NaN NaN NaN NaN NaN NaN NaN NaN NaN 
NaN NaN NaN NaN NaN NaN NaN NaN NaN NaN NaN NaN NaN NaN NaN NaN NaN NaN NaN NaN NaN NaN NaN NaN NaN NaN NaN NaN NaN NaN NaN NaN NaN NaN NaN NaN NaN NaN NaN NaN 
NaN NaN NaN NaN NaN NaN NaN NaN NaN NaN NaN NaN NaN NaN NaN NaN NaN NaN NaN NaN NaN NaN NaN NaN NaN NaN NaN NaN NaN NaN NaN NaN NaN NaN NaN NaN NaN NaN NaN NaN 
NaN NaN NaN NaN NaN NaN NaN NaN NaN NaN NaN NaN NaN NaN NaN NaN NaN NaN NaN NaN NaN NaN NaN NaN NaN NaN NaN NaN NaN NaN NaN NaN NaN NaN NaN NaN NaN NaN NaN NaN 
NaN NaN NaN NaN NaN NaN NaN NaN NaN NaN NaN NaN NaN NaN NaN NaN NaN NaN NaN NaN NaN NaN NaN NaN NaN NaN NaN NaN NaN NaN NaN NaN NaN NaN NaN NaN NaN NaN NaN NaN 
NaN NaN NaN NaN NaN NaN NaN NaN NaN NaN NaN NaN NaN NaN NaN NaN NaN NaN NaN NaN NaN NaN NaN NaN NaN NaN NaN NaN NaN NaN NaN NaN NaN NaN NaN NaN NaN NaN NaN NaN 
NaN NaN NaN NaN NaN NaN NaN NaN NaN NaN NaN NaN NaN NaN NaN NaN NaN NaN NaN NaN NaN NaN NaN NaN NaN NaN NaN NaN NaN NaN NaN NaN NaN NaN NaN NaN NaN NaN NaN NaN 
NaN NaN NaN NaN NaN NaN NaN NaN NaN NaN NaN NaN NaN NaN NaN NaN NaN NaN NaN NaN NaN NaN NaN NaN NaN NaN NaN NaN NaN NaN NaN NaN NaN NaN NaN NaN NaN NaN NaN NaN 
NaN NaN NaN NaN NaN NaN NaN NaN NaN NaN NaN NaN NaN NaN NaN NaN NaN NaN NaN NaN NaN NaN NaN NaN NaN NaN NaN NaN NaN NaN NaN NaN NaN NaN NaN NaN NaN NaN NaN NaN 
NaN NaN NaN NaN NaN NaN NaN NaN NaN NaN NaN NaN NaN NaN NaN NaN NaN NaN NaN NaN NaN NaN NaN NaN NaN NaN NaN NaN NaN NaN NaN NaN NaN NaN NaN NaN NaN NaN NaN NaN 
NaN NaN NaN NaN NaN NaN NaN NaN NaN NaN NaN NaN NaN NaN NaN NaN NaN NaN NaN NaN NaN NaN NaN NaN NaN NaN NaN NaN NaN NaN NaN NaN NaN NaN NaN NaN NaN NaN NaN NaN 
NaN NaN NaN NaN NaN NaN NaN NaN NaN NaN NaN NaN NaN NaN NaN NaN NaN NaN NaN NaN NaN NaN NaN NaN NaN NaN NaN NaN NaN NaN NaN NaN NaN NaN NaN NaN NaN NaN NaN NaN 
NaN NaN NaN NaN NaN NaN NaN NaN NaN NaN NaN NaN NaN NaN NaN NaN NaN NaN NaN NaN NaN NaN NaN NaN NaN NaN NaN NaN NaN NaN NaN NaN NaN NaN NaN NaN NaN NaN NaN NaN 
NaN NaN NaN NaN NaN NaN NaN NaN NaN NaN NaN NaN NaN NaN NaN NaN NaN NaN NaN NaN NaN NaN NaN NaN NaN NaN NaN NaN NaN NaN NaN NaN NaN NaN NaN NaN NaN NaN NaN NaN 
NaN NaN NaN NaN NaN NaN NaN NaN NaN NaN NaN NaN NaN NaN NaN NaN NaN NaN NaN NaN NaN NaN NaN NaN NaN NaN NaN NaN NaN NaN NaN NaN NaN NaN NaN NaN NaN NaN NaN NaN 
NaN NaN NaN NaN NaN NaN NaN NaN NaN NaN NaN NaN NaN NaN NaN NaN NaN NaN NaN NaN NaN NaN NaN NaN NaN NaN NaN NaN NaN NaN NaN NaN NaN NaN NaN NaN NaN NaN NaN NaN 
NaN NaN NaN NaN NaN NaN NaN NaN NaN NaN NaN NaN NaN NaN NaN NaN NaN NaN NaN NaN NaN NaN NaN NaN NaN NaN NaN NaN NaN NaN NaN NaN NaN NaN NaN NaN NaN NaN NaN NaN 
NaN NaN NaN NaN NaN NaN NaN NaN NaN NaN NaN NaN NaN NaN NaN NaN NaN NaN NaN NaN NaN NaN NaN NaN NaN NaN NaN NaN NaN NaN NaN NaN NaN NaN NaN NaN NaN NaN NaN NaN 
NaN NaN NaN NaN NaN NaN NaN NaN NaN NaN NaN NaN NaN NaN NaN NaN NaN NaN NaN NaN NaN NaN NaN NaN NaN NaN NaN NaN NaN NaN NaN NaN NaN NaN NaN NaN NaN NaN NaN NaN 
NaN NaN NaN NaN NaN NaN NaN NaN NaN NaN NaN NaN NaN NaN NaN NaN NaN NaN NaN NaN NaN NaN NaN NaN NaN NaN NaN NaN NaN NaN NaN NaN NaN NaN NaN NaN NaN NaN NaN NaN 
NaN NaN NaN NaN NaN NaN NaN NaN NaN NaN NaN NaN NaN NaN NaN NaN NaN NaN NaN NaN NaN NaN NaN NaN NaN NaN NaN NaN NaN NaN NaN NaN NaN NaN NaN NaN NaN NaN NaN NaN 
NaN NaN NaN NaN NaN NaN NaN NaN NaN NaN NaN NaN NaN NaN NaN NaN NaN NaN NaN NaN NaN NaN NaN NaN NaN NaN NaN NaN NaN NaN NaN NaN NaN NaN NaN NaN NaN NaN NaN NaN 
NaN NaN NaN NaN NaN NaN NaN NaN NaN NaN NaN NaN NaN NaN NaN NaN NaN NaN NaN NaN NaN NaN NaN NaN NaN NaN NaN NaN NaN NaN NaN NaN NaN NaN NaN NaN NaN NaN NaN NaN 
NaN NaN NaN NaN NaN NaN NaN NaN NaN NaN NaN NaN NaN NaN NaN NaN NaN NaN NaN NaN NaN NaN NaN NaN NaN NaN NaN NaN NaN NaN NaN NaN NaN NaN NaN NaN NaN NaN NaN NaN 
NaN NaN NaN NaN NaN NaN NaN NaN NaN NaN NaN NaN NaN NaN NaN NaN NaN NaN NaN NaN NaN NaN NaN NaN NaN NaN NaN NaN NaN NaN NaN NaN NaN NaN NaN NaN NaN NaN NaN NaN 
NaN NaN NaN NaN NaN NaN NaN NaN NaN NaN NaN NaN NaN NaN NaN NaN NaN NaN NaN NaN NaN NaN NaN NaN NaN NaN NaN NaN NaN NaN NaN NaN NaN NaN NaN NaN NaN NaN NaN NaN 
NaN NaN NaN NaN NaN NaN NaN NaN NaN NaN NaN NaN NaN NaN NaN NaN NaN NaN NaN NaN NaN NaN NaN NaN NaN NaN NaN NaN NaN NaN NaN NaN NaN NaN NaN NaN NaN NaN NaN NaN 
NaN NaN NaN NaN NaN NaN NaN NaN NaN NaN NaN NaN NaN NaN NaN NaN NaN NaN NaN NaN NaN NaN NaN NaN NaN NaN NaN NaN NaN NaN NaN NaN NaN NaN NaN NaN NaN NaN NaN NaN 
NaN NaN NaN NaN NaN NaN NaN NaN NaN NaN NaN NaN NaN NaN NaN NaN NaN NaN NaN NaN NaN NaN NaN NaN NaN NaN NaN NaN NaN NaN NaN NaN NaN NaN NaN NaN NaN NaN NaN NaN 
NaN NaN NaN NaN NaN NaN NaN NaN NaN NaN NaN NaN NaN NaN NaN NaN NaN NaN NaN NaN NaN NaN NaN NaN NaN NaN NaN NaN NaN NaN NaN NaN NaN NaN NaN NaN NaN NaN NaN NaN 
NaN NaN NaN NaN NaN NaN NaN NaN NaN NaN NaN NaN NaN NaN NaN NaN NaN NaN NaN NaN NaN NaN NaN NaN NaN NaN NaN NaN NaN NaN NaN NaN NaN NaN NaN NaN NaN NaN NaN NaN 
NaN NaN NaN NaN NaN NaN NaN NaN NaN NaN NaN NaN NaN NaN NaN NaN NaN NaN NaN NaN NaN NaN NaN NaN NaN NaN NaN NaN NaN NaN NaN NaN NaN NaN NaN NaN NaN NaN NaN NaN 
NaN NaN NaN NaN NaN NaN NaN NaN NaN NaN NaN NaN NaN NaN NaN NaN NaN NaN NaN NaN NaN NaN NaN NaN NaN NaN NaN NaN NaN NaN NaN NaN NaN NaN NaN NaN NaN NaN NaN NaN 
NaN NaN NaN NaN NaN NaN NaN NaN NaN NaN NaN NaN NaN NaN NaN NaN NaN NaN NaN NaN NaN NaN NaN NaN NaN NaN NaN NaN NaN NaN NaN NaN NaN NaN NaN NaN NaN NaN NaN NaN 
NaN NaN NaN NaN NaN NaN NaN NaN NaN NaN NaN NaN NaN NaN NaN NaN NaN NaN NaN NaN NaN NaN NaN NaN NaN NaN NaN NaN NaN NaN NaN NaN NaN NaN NaN NaN NaN NaN NaN NaN 
NaN NaN NaN NaN NaN NaN NaN NaN NaN NaN NaN NaN NaN NaN NaN NaN NaN NaN NaN NaN NaN NaN NaN NaN NaN NaN NaN NaN NaN NaN NaN NaN NaN NaN NaN NaN NaN NaN NaN NaN 
NaN NaN NaN NaN NaN NaN NaN NaN NaN NaN NaN NaN NaN NaN NaN NaN NaN NaN NaN NaN NaN NaN NaN NaN NaN NaN NaN NaN NaN NaN NaN NaN NaN NaN NaN NaN NaN NaN NaN NaN 
NaN NaN NaN NaN NaN NaN NaN NaN NaN NaN NaN NaN NaN NaN NaN NaN NaN NaN NaN NaN NaN NaN NaN NaN NaN NaN NaN NaN NaN NaN NaN NaN NaN NaN NaN NaN NaN NaN NaN NaN 
NaN NaN NaN NaN NaN NaN NaN NaN NaN NaN NaN NaN NaN NaN NaN NaN NaN NaN NaN NaN NaN NaN NaN NaN NaN NaN NaN NaN NaN NaN NaN NaN NaN NaN NaN NaN NaN NaN NaN NaN 
NaN NaN NaN NaN NaN NaN NaN NaN NaN NaN NaN NaN NaN NaN NaN NaN NaN NaN NaN NaN NaN NaN NaN NaN NaN NaN NaN NaN NaN NaN NaN NaN NaN NaN NaN NaN NaN NaN NaN NaN 
NaN NaN NaN NaN NaN NaN NaN NaN NaN NaN NaN NaN NaN NaN NaN NaN NaN NaN NaN NaN NaN NaN NaN NaN NaN NaN NaN NaN NaN NaN NaN NaN NaN NaN NaN NaN NaN NaN NaN NaN 
NaN NaN NaN NaN NaN NaN NaN NaN NaN NaN NaN NaN NaN NaN NaN NaN NaN NaN NaN NaN NaN NaN NaN NaN NaN NaN NaN NaN NaN NaN NaN NaN NaN NaN NaN NaN NaN NaN NaN NaN 
NaN NaN NaN NaN NaN NaN NaN NaN NaN NaN NaN NaN NaN NaN NaN NaN NaN NaN NaN NaN NaN NaN NaN NaN NaN NaN NaN NaN NaN NaN NaN NaN NaN NaN NaN NaN NaN NaN NaN NaN 
NaN NaN NaN NaN NaN NaN NaN NaN NaN NaN NaN NaN NaN NaN NaN NaN NaN NaN NaN NaN NaN NaN NaN NaN NaN NaN NaN NaN NaN NaN NaN NaN NaN NaN NaN NaN NaN NaN NaN NaN 
NaN NaN NaN NaN NaN NaN NaN NaN NaN NaN NaN NaN NaN NaN NaN NaN NaN NaN NaN NaN NaN NaN NaN NaN NaN NaN NaN NaN NaN NaN NaN NaN NaN NaN NaN NaN NaN NaN NaN NaN 
NaN NaN NaN NaN NaN NaN NaN NaN NaN NaN NaN NaN NaN NaN NaN NaN NaN NaN NaN NaN NaN NaN NaN NaN NaN NaN NaN NaN NaN NaN NaN NaN NaN NaN NaN NaN NaN NaN NaN NaN 
NaN NaN NaN NaN NaN NaN NaN NaN NaN NaN NaN NaN NaN NaN NaN NaN NaN NaN NaN NaN NaN NaN NaN NaN NaN NaN NaN NaN NaN NaN NaN NaN NaN NaN NaN NaN NaN NaN NaN NaN 
NaN NaN NaN NaN NaN NaN NaN NaN NaN NaN NaN NaN NaN NaN NaN NaN NaN NaN NaN NaN NaN NaN NaN NaN NaN NaN NaN NaN NaN NaN NaN NaN NaN NaN NaN NaN NaN NaN NaN NaN 
NaN NaN NaN NaN NaN NaN NaN NaN NaN NaN NaN NaN NaN NaN NaN NaN NaN NaN NaN NaN NaN NaN NaN NaN NaN NaN NaN NaN NaN NaN NaN NaN NaN NaN NaN NaN NaN NaN NaN NaN 
NaN NaN NaN NaN NaN NaN NaN NaN NaN NaN NaN NaN NaN NaN NaN NaN NaN NaN NaN NaN NaN NaN NaN NaN NaN NaN NaN NaN NaN NaN NaN NaN NaN NaN NaN NaN NaN NaN NaN NaN 
NaN NaN NaN NaN NaN NaN NaN NaN NaN NaN NaN NaN NaN NaN NaN NaN NaN NaN NaN NaN NaN NaN NaN NaN NaN NaN NaN NaN NaN NaN NaN NaN NaN NaN NaN NaN NaN NaN NaN NaN 
NaN NaN NaN NaN NaN NaN NaN NaN NaN NaN NaN NaN NaN NaN NaN NaN NaN NaN NaN NaN NaN NaN NaN NaN NaN NaN NaN NaN NaN NaN NaN NaN NaN NaN NaN NaN NaN NaN NaN NaN 
NaN NaN NaN NaN NaN NaN NaN NaN NaN NaN NaN NaN NaN NaN NaN NaN NaN NaN NaN NaN NaN NaN NaN NaN NaN NaN NaN NaN NaN NaN NaN NaN NaN NaN NaN NaN NaN NaN NaN NaN 
NaN NaN NaN NaN NaN NaN NaN NaN NaN NaN NaN NaN NaN NaN NaN NaN NaN NaN NaN NaN NaN NaN NaN NaN NaN NaN NaN NaN NaN NaN NaN NaN NaN NaN NaN NaN NaN NaN NaN NaN 
NaN NaN NaN NaN NaN NaN NaN NaN NaN NaN NaN NaN NaN NaN NaN NaN NaN NaN NaN NaN NaN NaN NaN NaN NaN NaN NaN NaN NaN NaN NaN NaN NaN NaN NaN NaN NaN NaN NaN NaN 
-70.805354 -76.089605 -80.369646 -80.260179 -80.178015 -80.500949 -79.784285 -80.472856 -82.447114 -82.326911 -84.160245 -85.974474 -86.901692 -81.759169 -80.343300 -84.804765 -80.463313 -83.513641 -84.485285 -82.452164 -85.464788 -81.454871 -86.072082 -87.506367 -87.394541 -88.654737 -87.369695 -85.871814 -85.888154 -84.875196 -83.633797 -87.162595 -88.051353 -86.209808 -85.104436 -84.402533 -84.561967 -83.150038 -84.891137 -86.606925 
-63.029425 -78.193527 -82.289959 -79.527212 -79.574893 -81.685750 -78.884866 -75.293790 -80.668466 -77.718283 -79.388915 -81.061350 -84.989662 -78.132893 -74.997811 -76.645160 -74.846667 -78.026964 -74.531729 -80.383032 -82.724817 -76.118778 -79.078219 -75.567162 -78.106375 -79.685567 -80.185648 -81.239806 -77.173262 -79.143928 -76.246714 -78.812931 -78.905366 -75.890020 -78.086498 -76.498375 -78.166063 -79.185729 -76.197133 -79.294729 
-62.405792 -76.156813 -81.197566 -77.354223 -79.909988 -78.380829 -77.737949 -71.865337 -73.109598 -75.876813 -70.758111 -72.266295 -74.443191 -73.985536 -72.182072 -78.443230 -77.699209 -71.867143 -73.888757 -75.051129 -77.302761 -71.469910 -72.184537 -77.781687 -77.024098 -77.304285 -72.606019 -74.759573 -74.239130 -75.462481 -76.960051 -79.141743 -76.276404 -76.425168 -76.191229 -76.661086 -76.017599 -76.284246 -76.464266 -78.242264 
-61.222212 -70.279120 -70.785318 -70.051263 -69.621756 -68.713259 -68.694258 -69.337598 -67.230314 -71.497297 -68.873288 -70.290363 -69.184155 -72.226563 -69.205874 -70.564064 -73.267358 -72.737513 -73.949129 -74.977124 -75.127090 -71.574995 -73.794506 -74.539477 -76.006839 -78.449247 -77.377272 -76.042306 -73.907924 -76.855211 -74.287603 -74.404178 -74.946202 -72.724199 -76.335616 -76.897132 -72.848761 -74.894503 -75.347937 -78.683463 
-37.600167 -37.085033 -38.366124 -41.314192 -44.503123 -46.008036 -47.087476 -47.748993 -49.013864 -50.334954 -51.156556 -52.833912 -53.627989 -54.421255 -54.723727 -54.735382 -56.357791 -56.660141 -58.899658 -58.349861 -60.917075 -61.623027 -60.190065 -60.813225 -63.353924 -65.028823 -63.834026 -64.738951 -62.994654 -64.986444 -66.056912 -65.220888 -67.365892 -65.193661 -65.762974 -70.546220 -67.511090 -67.628203 -69.615576 -69.180745 
-32.635516 -36.672767 -40.088964 -46.525030 -53.160200 -53.841388 -55.404326 -54.894640 -59.343178 -58.229954 -58.331517 -62.394993 -58.607859 -60.799117 -64.272565 -60.145729 -64.643994 -63.895498 -66.018007 -67.429966 -67.662108 -68.795400 -67.546040 -68.892992 -68.736411 -69.954076 -70.951499 -69.543268 -66.684509 -70.267803 -68.568741 -68.815840 -68.751703 -69.783327 -72.797545 -71.529046 -71.013491 -71.996630 -72.794422 -70.910506 
-34.345811 -42.125482 -47.918163 -56.294259 -70.660674 -62.526747 -60.048749 -61.654431 -66.302145 -67.347836 -66.674801 -64.048436 -68.129999 -76.529480 -73.020294 -67.574349 -66.953580 -72.027573 -70.547392 -75.739733 -74.941545 -71.065636 -71.386596 -70.505963 -68.833434 -72.060787 -71.580291 -72.545574 -68.967862 -69.223782 -70.825638 -72.230106 -70.015655 -71.086081 -71.576672 -68.858670 -71.186666 -69.064967 -71.830661 -71.799676 
-28.336941 -40.969227 -49.190546 -55.941937 -66.625135 -66.181026 -64.373684 -64.648682 -62.931789 -68.306727 -66.004060 -66.589236 -67.834074 -66.998324 -73.427454 -68.802901 -67.689935 -69.985093 -67.034848 -66.884262 -69.672374 -68.198350 -73.055356 -71.255411 -70.968092 -70.874853 -71.537116 -74.935490 -69.550181 -68.074394 -70.515768 -71.223186 -69.087276 -68.378706 -68.510135 -69.758663 -68.684408 -69.898978 -72.366908 -72.577958 
-23.783002 -34.931459 -42.685803 -51.095504 -53.299897 -58.041100 -63.662012 -69.875562 -69.399234 -63.833205 -66.663271 -62.993250 -59.318501 -58.131489 -50.657197 -53.407954 -62.094905 -66.421079 -68.723638 -70.415639 -69.256808 -70.939009 -70.287139 -68.671851 -70.875917 -69.386213 -69.121465 -69.327042 -68.600745 -71.580753 -75.622437 -71.336238 -67.641503 -70.462820 -69.215668 -73.894684 -71.180897 -69.220195 -70.731799 -71.903914 
-25.195202 -35.505386 -44.650126 -46.493693 -51.715809 -57.273513 -58.062608 -53.222770 -60.910303 -60.957019 -46.824235 -48.209078 -44.676201 -47.456881 -42.292192 -43.514578 -43.980486 -51.874168 -62.299520 -66.908971 -72.244155 -76.075739 -76.765191 -70.089183 -58.525159 -49.959177 -49.931029 -55.396030 -55.990013 -58.165233 -71.615407 -74.463055 -74.512310 -74.266917 -77.973309 -78.680626 -72.058542 -64.199063 -70.331072 -66.719265 
-29.124633 -45.370047 -42.874759 -44.455902 -48.849790 -51.799603 -41.925039 -43.909049 -48.393434 -51.467364 -44.550819 -41.841148 -36.272921 -36.444509 -30.993020 -30.763137 -29.449018 -38.536807 -43.066804 -51.875445 -54.743008 -58.058991 -67.475191 -51.944728 -42.619756 -40.066175 -34.365610 -42.136690 -42.687276 -44.543915 -58.106148 -60.500923 -58.224301 -54.155335 -65.133709 -72.540546 -54.528033 -51.402160 -51.808901 -47.393052 
-33.279857 -32.185381 -24.983186 -18.881316 -15.284813 -18.177309 -22.352864 -18.469157 -23.330419 -21.499423 -19.213726 -20.933819 -18.970872 -17.167559 -16.751093 -17.408111 -20.414961 -23.867124 -27.267135 -29.962433 -35.280527 -42.868126 -39.645002 -33.944861 -31.950024 -28.933356 -27.338148 -25.734556 -27.367945 -30.453372 -33.424762 -35.810245 -38.302871 -39.572150 -40.892515 -41.723198 -41.444510 -40.191454 -42.825332 -42.330758 
-21.675297 -22.244025 -11.130242 -2.431811 -4.020641 -11.015004 -7.757727 -4.986903 -10.989346 -4.160988 -0.982940 1.501522 8.064390 7.629353 10.267560 5.503070 2.135722 -8.774404 -15.138728 -17.218190 -17.997809 -20.204415 -21.807391 -19.504178 -15.421872 -7.118853 -2.071268 -1.375964 -3.375468 -10.030380 -22.390093 -29.668640 -40.140770 -41.128789 -41.916727 -42.355843 -41.131541 -36.219095 -43.087916 -43.256588 
-22.432954 -25.947895 -14.310788 -0.590107 -0.698798 -13.142962 -10.906554 0.299311 -5.877766 -4.862394 5.909895 4.831375 12.116590 11.684293 10.446101 12.111452 7.343139 -3.830351 -10.417129 -11.997294 -15.103301 -18.423378 -18.659315 -21.124851 -16.003869 -6.378206 -1.278214 -0.462774 -1.911446 -4.351270 -16.258955 -32.188181 -41.453911 -40.018433 -45.540578 -47.230725 -43.628813 -39.784951 -43.628021 -43.713638 
-21.484192 -19.402193 -24.957068 -1.480623 3.609215 -8.398448 -14.968250 2.102829 2.489480 -11.969646 10.687822 10.250624 6.718016 17.470569 7.609455 17.387161 7.631993 -6.315113 -8.615801 -9.322974 -15.007800 -15.480373 -14.255753 -18.845443 -12.363680 -2.951560 0.443563 -0.412616 0.864775 -0.438860 -9.569921 -22.037312 -33.251292 -33.176562 -37.667161 -39.003793 -36.520252 -32.180859 -35.526330 -37.084717 
-34.871514 -37.343481 -29.131903 -2.112925 5.659508 -6.448939 -22.231733 3.134545 8.117854 -12.104348 11.815195 17.149965 -0.371860 16.912301 10.463103 13.843164 12.475678 -8.773974 -11.324552 -13.599444 -16.986734 -13.032650 -15.261860 -15.899894 -13.467358 -4.930573 -0.862337 -5.032621 -3.551723 -0.578057 -8.149013 -20.933417 -34.079913 -33.512435 -47.232920 -51.971923 -36.182097 -31.005441 -33.660008 -34.218114 
-24.598559 -21.625648 -19.349497 -1.161870 7.447395 -2.971222 -16.451671 3.147693 10.859572 -8.050730 10.966147 20.599048 0.617057 14.661120 13.223541 9.828190 14.908454 -8.604972 -7.246053 -15.515782 -16.756545 -12.854940 -15.866647 -14.895636 -11.357459 -5.903763 -2.902684 -6.811449 -5.021836 -1.706650 -8.764673 -21.141105 -32.233688 -31.911830 -42.937284 -41.979154 -32.116608 -27.721530 -30.769676 -31.012011 
-23.831163 -28.052523 -27.959417 -2.267772 8.939798 -0.075000 -19.297494 2.157331 13.464526 -1.812155 9.279034 23.181750 7.117631 11.573265 14.674730 7.547028 16.616107 -4.597384 -4.397172 -17.061197 -14.061861 -13.514931 -16.772996 -14.180169 -10.231544 -4.671893 -4.646399 -7.196858 -4.544517 -2.109264 -9.285221 -18.653351 -30.560411 -33.857290 -40.540813 -39.884259 -32.346983 -27.935509 -30.358071 -30.993011 
-27.334561 -26.039889 -29.538390 -2.230037 10.522688 2.958577 -19.635503 0.845869 15.752285 2.847407 5.250505 24.328816 12.961260 6.119825 15.442420 2.995923 15.519707 0.574439 -1.943144 -12.714647 -10.737361 -14.803684 -16.981722 -14.494505 -10.366301 -3.265334 -5.117788 -6.694423 -1.772587 -0.726423 -10.097384 -17.603697 -31.770130 -35.768311 -38.377755 -36.844852 -31.878219 -28.576437 -30.779076 -31.324708 
-18.899442 -17.239091 -18.300627 -1.794874 11.878288 5.522278 -11.130662 0.327055 17.317527 6.457856 0.240033 23.908486 16.157545 3.248180 16.405807 0.935337 13.481688 3.279847 -3.852062 -12.374891 -9.906423 -18.379999 -18.101529 -17.288615 -11.889691 -5.882178 -4.974011 -8.919492 -4.088081 -3.100283 -14.023171 -19.196067 -37.995294 -44.365444 -50.259146 -43.317677 -33.391656 -31.243990 -31.952318 -35.207579 
-15.450665 -17.921049 -18.520667 -0.812413 13.135379 6.722233 -10.397340 1.600877 18.896676 7.749168 -0.670338 22.918788 15.164832 4.212627 16.850055 2.524354 12.200857 3.223623 -4.407690 -11.883697 -12.729095 -16.561388 -16.710009 -17.437752 -11.456829 -7.145966 -6.742254 -12.267541 -9.034894 -6.346859 -17.729366 -21.840534 -32.071463 -33.050104 -33.369714 -33.415415 -32.145077 -30.688876 -27.717972 -30.704276 
-25.349351 -33.119551 -20.497996 1.797467 14.186668 6.754265 -13.492358 5.888603 20.332434 7.412648 0.564097 20.754136 11.012931 7.396811 17.324338 1.984525 12.999271 0.750278 -4.605466 -15.136854 -13.686088 -18.295243 -18.396062 -19.029423 -11.399577 -4.389787 -6.622881 -15.799075 -11.192441 -7.011843 -15.909811 -22.322178 -35.009327 -38.343731 -44.613199 -42.302092 -38.030408 -40.774723 -33.288339 -33.262387 
-23.895976 -21.123676 -21.116452 4.177743 14.520299 5.492904 -9.550469 12.894407 20.821421 3.577572 4.934787 17.948877 3.808212 11.077788 14.626227 2.909388 12.934006 -4.088341 -6.952861 -17.291542 -18.034242 -19.427944 -20.522330 -18.735357 -12.638197 -5.059013 -10.597205 -17.641970 -11.837310 -9.365209 -16.329027 -27.274435 -32.982417 -33.673900 -49.125102 -44.954916 -39.236788 -44.173178 -35.024703 -32.339024 
-17.926445 -24.874749 -13.056482 6.228487 11.797388 2.961962 -1.805471 14.743991 16.208708 -0.793627 3.335704 9.703618 -5.634773 10.503710 5.755069 5.759527 6.670745 -8.040333 -14.491812 -22.459411 -23.162700 -20.076059 -20.056130 -20.297047 -17.547481 -8.553913 -19.473471 -22.910418 -19.744090 -13.572085 -23.607209 -30.913896 -31.292715 -33.161294 -38.112168 -38.138146 -36.575201 -37.606489 -36.449581 -35.347738 
-20.669599 -19.942922 -9.592905 6.090227 3.677727 -3.695330 -2.547772 4.969848 0.284886 -9.843346 -10.989205 -0.829275 -11.145392 2.629823 -1.972664 -0.461327 -6.930808 -12.662625 -17.953542 -26.707883 -27.568822 -25.972792 -27.482057 -27.582330 -21.122723 -20.925669 -27.177701 -33.034771 -24.370589 -23.754410 -32.125089 -40.862486 -38.848922 -42.512890 -48.860745 -46.697620 -42.884544 -46.092892 -43.527092 -43.033865 
-25.956008 -32.577253 -11.765733 6.487370 3.920934 -14.885251 -8.753407 -2.366438 -1.395330 -10.759904 -11.663389 -7.887692 -16.110684 -5.528900 -6.116656 -10.592334 -15.393141 -25.787203 -27.638551 -31.961726 -31.428579 -31.230270 -30.602785 -30.439958 -27.397657 -25.832594 -34.746961 -40.509948 -34.933027 -34.696230 -34.985618 -41.325204 -43.989226 -48.406908 -56.447842 -48.893346 -48.967409 -48.959361 -47.581638 -42.999993 
-23.723997 -32.406255 -5.918322 7.669107 2.529541 -18.292425 -19.558693 -5.904461 -0.253247 -10.112396 -12.110162 -8.863723 -18.310390 -13.658941 -12.601859 -16.272025 -16.361563 -25.163669 -27.538118 -31.929874 -34.156600 -36.993262 -38.617422 -36.451216 -32.229466 -29.382376 -35.223512 -41.801268 -39.309309 -35.133426 -37.468627 -38.071877 -43.935000 -42.766473 -51.519708 -40.546962 -42.722150 -48.738956 -45.572666 -40.821839 
-20.897967 -34.785088 -3.587971 8.675156 1.927273 -26.060241 -11.168865 -7.121524 -9.990227 -11.821061 -17.109981 -12.891038 -13.552640 -14.464715 -10.089895 -12.900171 -14.299682 -26.001324 -28.624307 -31.447754 -30.807263 -29.934851 -34.439670 -34.550028 -29.659410 -24.840187 -27.791999 -36.162546 -36.997917 -26.691199 -34.635587 -36.862149 -38.897052 -41.777767 -52.801488 -44.770971 -43.019725 -43.988310 -43.791183 -42.664340 
-23.192813 -22.353436 -2.744751 10.161069 4.182224 -13.104813 0.910847 0.583173 -12.555144 -2.053201 -12.986685 -10.399726 -11.444405 -13.742200 -15.544168 -13.495502 -11.903058 -10.301038 -19.715964 -26.270292 -26.597730 -25.656452 -29.540962 -27.624900 -20.223682 -20.929841 -25.893686 -27.039079 -29.356831 -21.186554 -28.955122 -40.585059 -38.340726 -42.753499 -52.137781 -46.308348 -46.897353 -42.777090 -44.514791 -45.841496 
-24.327489 -15.695062 4.885808 12.764435 3.579268 -1.266720 10.361885 5.328978 0.950622 5.109043 -8.785315 -2.644773 -13.561811 -8.694756 -11.705653 -10.133546 -6.499029 -3.204062 -7.346492 -15.683298 -21.533093 -22.597480 -22.652829 -21.735701 -13.562900 -13.985471 -22.951101 -23.551215 -20.119144 -15.089475 -26.813374 -37.711914 -31.619788 -37.617665 -52.498337 -57.191767 -55.503105 -42.262049 -44.349992 -52.808000 
-20.862080 -8.989532 9.631833 12.750442 -1.280867 7.842206 12.145354 3.021361 10.984029 7.628352 1.026512 -1.776556 -4.023488 -6.884473 -7.045054 -7.408976 -4.567401 -0.201607 -0.931371 -8.959083 -15.106015 -17.574311 -18.152127 -13.955709 -5.724673 -6.663322 -16.006274 -17.598978 -13.009905 -11.680935 -19.806531 -30.205011 -26.507825 -32.512583 -50.106684 -52.224781 -52.648160 -39.697713 -38.308635 -46.585393 
-21.348502 -2.300513 11.882660 10.726680 -0.794248 11.258420 7.230909 6.779814 12.626724 4.466595 2.782739 -2.653784 -0.709307 -4.209978 -6.199210 -5.051184 -3.334348 1.227749 4.534164 -1.713762 -7.331508 -11.765145 -13.830120 -10.330389 -2.394786 -6.526569 -14.264171 -16.129794 -8.679730 -8.000502 -19.576328 -29.245827 -25.892866 -31.056686 -50.810088 -52.141891 -52.126085 -45.879094 -37.622981 -44.704927 
-20.141048 3.224936 12.814463 7.350919 6.676787 10.967500 2.592104 10.554221 8.359833 9.402624 2.775571 1.198095 -5.262410 -4.911925 -6.491431 -8.531769 -7.096823 -1.241334 4.267300 -3.848821 -10.594998 -12.271592 -15.620606 -10.667626 -3.516865 -5.947143 -13.061534 -12.880197 -7.672639 -8.263420 -18.267572 -25.147683 -26.127941 -32.304557 -40.703773 -41.344220 -40.916283 -36.835603 -34.437204 -38.094573 
-12.471306 6.180512 12.403859 3.794352 9.525956 7.911364 4.077048 7.015843 9.226784 9.032634 0.188467 -4.431928 -6.205002 -4.612186 -10.148731 -11.058211 -9.098811 -3.855123 3.976865 2.198492 -10.699502 -12.001927 -15.938965 -9.760847 -3.622761 -10.171817 -14.461655 -14.656141 -8.746913 -9.459505 -21.674315 -24.782046 -28.171378 -31.907728 -47.582701 -64.724555 -50.811722 -34.735355 -35.740955 -38.525350 
-7.209394 8.368466 11.865837 4.318249 8.928262 1.984001 0.490938 2.899960 10.168937 3.842785 -3.949868 -3.352010 -5.074135 -8.020692 -13.707942 -11.820336 -12.919195 -11.266078 -1.250727 2.246361 -7.407909 -16.930386 -19.973032 -14.001279 -5.251581 -12.483558 -18.841174 -17.472130 -12.171668 -14.306057 -25.772213 -26.414484 -28.910624 -33.461963 -43.429849 -47.525026 -45.743909 -38.581770 -39.308396 -40.404185 
-7.418768 8.978724 10.367465 4.454729 6.408262 -0.592305 2.075810 3.541535 5.005850 0.505813 -2.610042 -5.256998 -5.413666 -10.754284 -14.532761 -17.058489 -15.938295 -17.036395 -8.142222 -1.656654 -9.703784 -20.107630 -24.296254 -20.228449 -13.472026 -18.009157 -23.846942 -23.320703 -19.049391 -18.413067 -31.749474 -34.673800 -31.620147 -36.237877 -49.267241 -67.434557 -55.183739 -41.760935 -39.875680 -39.027858 
-5.763326 8.844059 8.303457 5.707835 4.694534 -1.273899 -1.048719 2.711339 -1.161609 -1.031606 -9.663484 -10.339174 -11.798418 -16.129735 -22.529559 -21.544348 -20.301716 -20.973935 -9.432418 -5.769399 -13.692582 -17.829765 -23.034618 -22.833898 -13.596691 -18.011803 -23.952834 -23.637172 -17.707771 -18.889692 -31.538037 -36.317537 -33.371908 -32.457510 -50.293448 -59.484609 -53.806915 -42.627771 -43.877648 -34.880462 
-4.167407 8.666964 6.465888 6.420396 4.561526 -1.436722 -2.516818 2.172798 -1.188428 -3.548048 -7.625064 -8.906800 -12.659626 -17.954984 -21.570868 -20.533596 -20.735887 -20.910744 -12.780638 -6.872791 -15.038016 -23.997466 -25.714317 -24.424047 -19.288223 -21.981527 -30.608093 -29.206572 -24.718579 -23.541116 -32.712263 -35.867160 -34.113236 -34.074954 -46.210582 -50.321084 -49.298818 -40.811923 -44.275187 -37.836028 
-3.730186 7.949273 5.034085 5.776464 1.062449 -5.649656 -3.391252 -1.435667 -3.641870 -12.563121 -10.057226 -12.024055 -16.852223 -22.051069 -27.484595 -23.536302 -22.508134 -22.132228 -15.162741 -10.347418 -18.249374 -25.369567 -31.413368 -27.684942 -24.090159 -26.220144 -34.092318 -30.324254 -20.722863 -21.351718 -31.696871 -34.935215 -36.728757 -38.440572 -45.136844 -45.857237 -44.490235 -41.311134 -44.836887 -34.846258 
-3.061103 8.072325 4.246862 5.594506 1.257366 -8.938909 -13.895072 -13.256319 -9.456496 -11.591774 -16.679117 -20.768261 -22.629958 -24.125603 -34.346922 -32.245509 -31.482133 -30.977518 -28.434319 -25.645509 -29.888739 -31.750814 -33.698034 -33.756701 -31.811938 -35.203266 -37.096701 -36.898055 -31.450642 -34.950597 -34.925120 -39.834129 -44.187080 -46.780991 -50.236140 -50.568633 -49.907164 -49.448761 -51.136655 -44.060120 
-3.177396 7.531619 4.450261 7.488821 3.188509 -4.787051 -11.270159 -12.986849 -21.164024 -26.754837 -36.280941 -28.375170 -22.339173 -22.738607 -29.664881 -40.552115 -37.491397 -34.047696 -25.765612 -32.173003 -37.714313 -38.060359 -37.674838 -37.220886 -37.700768 -44.571660 -45.687381 -43.947060 -39.517767 -41.306723 -40.716034 -46.977782 -46.154966 -50.727763 -53.967774 -53.861747 -52.857511 -52.591218 -54.812510 -51.384550 
-3.473445 6.795538 3.603951 7.234632 1.930837 -5.468180 -11.939149 -13.716924 -25.566371 -37.397649 -39.819720 -31.200251 -27.237100 -26.151974 -32.466929 -42.405667 -47.764793 -38.641592 -32.698996 -33.427609 -38.408264 -37.275735 -34.694921 -32.633161 -33.840171 -48.478768 -52.677090 -51.980131 -46.821154 -49.018273 -50.114590 -52.833890 -54.296709 -53.379722 -60.059525 -59.161160 -55.977737 -59.184510 -60.907542 -56.617670 
-3.389487 5.744133 3.250035 6.802230 1.186713 -5.409112 -10.378252 -15.488793 -24.808094 -40.270388 -32.458537 -28.883162 -28.170372 -27.556630 -33.773790 -43.717859 -52.317196 -41.781235 -32.886199 -34.856650 -43.230464 -41.186778 -38.345581 -33.782178 -37.507591 -54.160814 -61.589601 -58.275990 -47.497485 -57.589678 -55.320276 -51.194282 -50.482645 -54.200250 -68.908192 -62.416726 -57.972670 -62.403316 -71.766864 -68.592070 
-3.107721 4.497205 2.901730 5.525574 -0.750878 -7.793085 -9.265751 -14.877364 -25.585248 -31.998269 -33.085748 -33.096697 -31.462851 -30.688967 -39.782974 -42.808552 -47.552503 -41.356662 -38.758468 -35.040860 -41.684224 -40.839981 -38.478202 -38.152233 -40.215630 -53.347388 -55.991110 -55.432484 -50.415607 -54.568354 -54.066956 -50.300696 -47.058754 -55.179439 -59.227516 -58.370633 -58.760886 -60.129129 -60.582925 -60.580249 
-3.069048 3.424724 2.282385 3.466773 -3.029683 -8.980052 -11.027431 -17.699182 -26.131001 -33.004145 -38.386676 -35.915522 -32.883319 -32.652535 -37.103916 -46.311652 -49.794772 -46.516941 -40.559488 -36.816126 -46.439866 -41.494632 -38.892806 -39.466652 -40.788819 -54.376478 -57.241588 -57.716350 -51.476331 -56.530544 -51.517983 -45.256254 -43.651862 -56.659867 -61.808877 -60.572225 -61.100506 -62.446427 -63.295559 -63.350016 
-3.421355 2.710861 1.318846 -0.164044 -6.674094 -10.053657 -14.009950 -18.312854 -28.832964 -32.943213 -35.944016 -33.902858 -29.315112 -30.368681 -38.280858 -43.843529 -45.493168 -43.912629 -39.764066 -41.152425 -46.894049 -46.702244 -45.370700 -40.533695 -42.971911 -51.372689 -52.459539 -52.796872 -52.261217 -53.472203 -51.699252 -44.882601 -43.208727 -51.783858 -56.704911 -55.719661 -56.631901 -57.375234 -57.664337 -57.699055 
-3.883893 1.748193 -1.093281 -5.569173 -9.218916 -13.834437 -20.443163 -22.512299 -38.194334 -39.450703 -39.966263 -37.312933 -39.323913 -42.475765 -43.459533 -51.348792 -53.553709 -51.225258 -41.654369 -42.119618 -49.198472 -45.610477 -41.104563 -39.811249 -41.280173 -58.103431 -60.415791 -60.087608 -57.341931 -59.790740 -57.338248 -56.924661 -53.217225 -58.604932 -64.145543 -61.421221 -65.260956 -64.618532 -64.836158 -65.651932 
-3.433727 0.341890 -5.883468 -10.815226 -13.486988 -19.456940 -23.622219 -27.901924 -36.821670 -44.009498 -38.653668 -38.637956 -40.859763 -44.862133 -49.835700 -61.542058 -60.275913 -51.695287 -41.425660 -43.470770 -50.529793 -48.429877 -42.760505 -44.792693 -43.163541 -62.455376 -65.022782 -64.136023 -55.624200 -56.595629 -55.596036 -53.031340 -56.284114 -61.009874 -68.796120 -63.727912 -70.010730 -69.566314 -69.794040 -69.329564 
-5.691617 -1.060556 -11.806893 -17.333719 -19.327284 -20.407730 -30.734602 -33.706626 -40.770170 -47.262488 -43.581175 -38.649123 -42.202095 -45.632754 -49.721563 -53.533544 -55.622237 -54.125961 -47.047052 -49.623640 -52.050305 -50.698609 -49.785687 -45.999334 -46.794566 -61.467251 -62.208204 -60.943591 -56.535765 -57.525864 -54.956447 -54.796444 -60.838747 -63.401840 -65.606985 -65.602021 -65.618141 -66.198394 -66.734310 -66.693394 
-7.865405 -2.199694 -7.221027 -12.968287 -22.515831 -30.220172 -35.029861 -39.899463 -44.787394 -47.746738 -50.206924 -47.387188 -47.417651 -44.962116 -47.646852 -53.313786 -56.324325 -51.650878 -44.476848 -50.217734 -53.710570 -50.939620 -48.996454 -50.020436 -49.450301 -60.669754 -63.358919 -61.180628 -55.600670 -61.061153 -60.520006 -61.164711 -61.830648 -63.818907 -67.381337 -66.154931 -66.237050 -66.845881 -67.649593 -67.329313 
-12.541203 -6.938035 -13.891267 -18.890921 -29.118885 -31.823824 -34.727256 -47.210561 -47.571308 -51.621166 -48.903821 -50.791110 -43.822720 -40.089525 -44.724161 -52.027710 -57.255400 -51.700886 -42.591048 -51.992208 -50.320932 -48.304364 -46.811503 -55.208881 -51.937955 -62.138312 -63.334701 -59.569467 -53.374588 -59.005211 -60.907487 -61.986377 -61.535623 -64.680654 -66.686090 -66.077323 -65.737502 -67.124555 -68.849364 -69.367286 
-14.803703 -12.479884 -21.631334 -30.072945 -39.163888 -37.532837 -33.152148 -42.484790 -54.137570 -44.676160 -48.519140 -58.205376 -51.682059 -46.235288 -51.438570 -57.055179 -58.577151 -52.782391 -39.724073 -44.202192 -55.477858 -53.872958 -54.673174 -56.504640 -47.990970 -62.070339 -65.960543 -59.688917 -59.331720 -65.383329 -60.660595 -62.702442 -63.133392 -68.201270 -66.947950 -66.026567 -67.218344 -72.537771 -71.058144 -72.696424 
-25.523685 -22.076036 -30.290130 -34.694595 -39.150800 -36.498174 -37.484509 -45.983297 -47.829829 -50.438890 -53.027060 -49.864283 -49.644214 -48.813603 -49.546121 -60.035235 -60.698062 -56.254212 -45.955118 -45.684202 -54.669938 -56.281788 -56.558240 -54.793694 -50.594623 -54.882732 -55.497981 -58.814509 -59.808064 -58.738756 -59.170900 -58.165438 -62.291090 -71.828582 -64.626310 -66.411154 -70.257081 -71.896558 -71.044512 -72.908657 
-35.364358 -33.250945 -39.259917 -51.386437 -53.671784 -49.244464 -49.280797 -50.119607 -53.651605 -56.266720 -61.679895 -51.106129 -51.277602 -52.167473 -58.004234 -65.511876 -62.686265 -58.087531 -51.146479 -50.965626 -62.139227 -63.116647 -60.786175 -60.079487 -56.634279 -62.129867 -66.260307 -63.012996 -59.525859 -62.584264 -65.329986 -65.807214 -68.453558 -73.587446 -66.708507 -68.600912 -72.760999 -74.665686 -75.745336 -76.219069 
-55.376169 -53.045602 -51.892519 -54.472972 -56.570427 -60.458564 -61.707918 -61.829042 -68.292595 -67.215285 -66.449202 -62.243317 -63.160727 -63.873360 -64.257643 -67.653594 -64.243349 -61.475353 -64.771269 -64.064237 -68.847795 -74.050444 -69.338919 -71.537763 -67.656717 -68.645771 -66.666951 -71.853747 -70.856689 -71.839616 -72.059453 -72.696013 -73.086313 -75.090175 -72.927895 -72.596417 -75.892016 -76.894136 -76.577004 -76.971953 
-65.141871 -60.598417 -59.061444 -59.021832 -61.475435 -67.794778 -72.410655 -76.335387 -73.483940 -70.855873 -71.155688 -69.577497 -72.532091 -70.443060 -69.379437 -75.555459 -70.712237 -67.340970 -70.840926 -68.178378 -74.105537 -81.471819 -77.418326 -73.327803 -77.142764 -74.027167 -73.250885 -75.729339 -76.488368 -75.186792 -76.141474 -75.973623 -76.653466 -75.351022 -76.598984 -77.742201 -77.307250 -78.197151 -77.433427 -76.626277 
-64.098886 -65.103691 -71.315154 -72.423713 -73.989019 -77.437451 -79.352211 -74.659370 -81.040481 -81.210211 -86.748068 -82.527099 -76.262894 -75.495514 -75.390629 -76.660015 -77.830107 -72.766479 -72.074839 -70.897137 -76.449848 -79.799808 -74.142504 -74.498691 -74.816506 -76.435060 -79.246438 -74.013720 -72.542962 -73.218439 -77.016650 -77.953137 -78.728368 -75.222383 -79.139492 -80.610430 -76.428318 -76.913010 -77.344458 -79.098616 
-66.583504 -71.373556 -75.217507 -75.959468 -78.696797 -74.068460 -74.369419 -75.172226 -80.864574 -79.997198 -77.187091 -77.018750 -78.568016 -75.463565 -78.666511 -75.001991 -77.811163 -77.911985 -78.195408 -72.364091 -75.173459 -78.856787 -77.991665 -77.333441 -75.409662 -80.045621 -80.687432 -74.802003 -75.009077 -73.616512 -74.662049 -75.054763 -76.244665 -73.596093 -75.958134 -75.080858 -77.746680 -76.570082 -74.954482 -76.839329 
-61.903807 -73.900172 -69.682478 -71.577231 -73.714506 -73.238756 -67.582385 -73.953429 -75.434078 -71.594043 -75.577888 -74.139182 -78.652948 -82.051117 -76.318150 -75.946299 -78.010166 -82.034712 -80.134773 -74.032599 -76.459465 -77.937089 -74.570619 -73.834799 -75.000636 -75.989740 -75.418880 -75.545272 -73.056213 -76.508800 -77.293128 -76.498532 -76.536435 -76.429285 -74.697376 -75.509083 -76.785966 -77.471425 -76.061513 -76.109511 
-64.768511 -80.490349 -77.684957 -79.884443 -74.281656 -74.862405 -73.684243 -78.309335 -76.605528 -74.047416 -75.253795 -74.710647 -73.188514 -76.447366 -78.245217 -81.137529 -74.876764 -74.695564 -74.241864 -77.510148 -77.260533 -73.596894 -73.697590 -76.613528 -78.382127 -77.239281 -78.834382 -76.579522 -75.107811 -78.590104 -76.613639 -77.674050 -79.025174 -77.713121 -75.515713 -77.644346 -75.799312 -78.557302 -77.456801 -79.309145 
-61.646994 -72.711479 -76.930108 -75.592037 -79.362472 -72.455021 -68.475389 -71.273139 -76.938346 -74.875263 -70.689257 -75.685950 -72.371655 -74.406699 -71.886579 -72.538392 -73.279725 -71.238683 -75.184314 -76.119289 -79.558992 -75.850011 -74.740901 -79.641208 -78.531782 -73.611728 -76.573424 -74.152799 -74.109892 -76.661842 -76.280792 -75.490442 -75.068114 -74.358391 -73.119208 -75.408510 -75.278348 -75.836810 -76.113763 -79.169536 
-63.881688 -78.288043 -81.555781 -80.697914 -78.080197 -72.129933 -68.778064 -75.212425 -73.289274 -73.552247 -78.330973 -83.871659 -71.495894 -71.948920 -74.004103 -71.259975 -74.489291 -74.798163 -76.531530 -77.775045 -77.589248 -79.658416 -80.178343 -79.752192 -77.080395 -77.141576 -78.065543 -78.466006 -79.385213 -77.908942 -80.166684 -75.380018 -76.488848 -74.390106 -76.374410 -76.817845 -76.308622 -75.952713 -75.421412 -78.400874 
-62.649062 -78.821365 -79.671090 -82.472264 -79.684467 -72.495657 -73.678637 -81.374146 -79.129318 -78.257850 -74.181999 -82.191745 -75.165092 -77.455695 -79.007631 -80.178534 -76.359506 -73.056903 -77.528942 -80.142507 -79.493678 -73.609478 -75.443185 -76.960660 -76.192937 -77.828470 -75.183879 -77.076682 -77.565561 -77.543045 -73.474743 -74.565457 -77.386810 -78.240077 -76.238485 -77.844364 -77.073073 -75.375567 -76.783943 -79.768392 
-66.029054 -71.867676 -74.315125 -76.385389 -78.032903 -77.369719 -76.001433 -77.802304 -76.340587 -77.132039 -84.801148 -82.496305 -84.203648 -79.072582 -77.746739 -81.031159 -81.178577 -76.870501 -84.539193 -82.222696 -77.842845 -77.842342 -76.842457 -81.852040 -78.655294 -82.071864 -80.011193 -80.265945 -85.656648 -77.460058 -78.124249 -75.101691 -75.602353 -74.503109 -78.024172 -79.534761 -82.186233 -79.059734 -79.568627 -79.531947 
-97.591341 -97.736094 -97.978729 -98.392229 -98.961379 -99.768563 -100.756747 -101.978969 -103.342858 -104.198502 -103.947735 -102.674808 -101.200053 -100.047992 -99.509063 -99.806115 -101.286510 -104.581431 -108.729929 -105.524055 -100.972421 -98.890451 -98.962279 -101.025528 -103.158584 -101.828602 -101.090900 -104.531561 -107.342979 -101.704889 -99.971192 -97.611552 -94.613542 -95.477870 -98.590113 -99.948823 -102.749343 -98.867685 -99.639060 -99.931401 
NaN NaN NaN NaN NaN NaN NaN NaN NaN NaN NaN NaN NaN NaN NaN NaN NaN NaN NaN NaN NaN NaN NaN NaN NaN NaN NaN NaN NaN NaN NaN NaN NaN NaN NaN NaN NaN NaN NaN NaN 
NaN NaN NaN NaN NaN NaN NaN NaN NaN NaN NaN NaN NaN NaN NaN NaN NaN NaN NaN NaN NaN NaN NaN NaN NaN NaN NaN NaN NaN NaN NaN NaN NaN NaN NaN NaN NaN NaN NaN NaN 
NaN NaN NaN NaN NaN NaN NaN NaN NaN NaN NaN NaN NaN NaN NaN NaN NaN NaN NaN NaN NaN NaN NaN NaN NaN NaN NaN NaN NaN NaN NaN NaN NaN NaN NaN NaN NaN NaN NaN NaN 
NaN NaN NaN NaN NaN NaN NaN NaN NaN NaN NaN NaN NaN NaN NaN NaN NaN NaN NaN NaN NaN NaN NaN NaN NaN NaN NaN NaN NaN NaN NaN NaN NaN NaN NaN NaN NaN NaN NaN NaN 
NaN NaN NaN NaN NaN NaN NaN NaN NaN NaN NaN NaN NaN NaN NaN NaN NaN NaN NaN NaN NaN NaN NaN NaN NaN NaN NaN NaN NaN NaN NaN NaN NaN NaN NaN NaN NaN NaN NaN NaN 
NaN NaN NaN NaN NaN NaN NaN NaN NaN NaN NaN NaN NaN NaN NaN NaN NaN NaN NaN NaN NaN NaN NaN NaN NaN NaN NaN NaN NaN NaN NaN NaN NaN NaN NaN NaN NaN NaN NaN NaN 
NaN NaN NaN NaN NaN NaN NaN NaN NaN NaN NaN NaN NaN NaN NaN NaN NaN NaN NaN NaN NaN NaN NaN NaN NaN NaN NaN NaN NaN NaN NaN NaN NaN NaN NaN NaN NaN NaN NaN NaN 
NaN NaN NaN NaN NaN NaN NaN NaN NaN NaN NaN NaN NaN NaN NaN NaN NaN NaN NaN NaN NaN NaN NaN NaN NaN NaN NaN NaN NaN NaN NaN NaN NaN NaN NaN NaN NaN NaN NaN NaN 
NaN NaN NaN NaN NaN NaN NaN NaN NaN NaN NaN NaN NaN NaN NaN NaN NaN NaN NaN NaN NaN NaN NaN NaN NaN NaN NaN NaN NaN NaN NaN NaN NaN NaN NaN NaN NaN NaN NaN NaN 
NaN NaN NaN NaN NaN NaN NaN NaN NaN NaN NaN NaN NaN NaN NaN NaN NaN NaN NaN NaN NaN NaN NaN NaN NaN NaN NaN NaN NaN NaN NaN NaN NaN NaN NaN NaN NaN NaN NaN NaN 
NaN NaN NaN NaN NaN NaN NaN NaN NaN NaN NaN NaN NaN NaN NaN NaN NaN NaN NaN NaN NaN NaN NaN NaN NaN NaN NaN NaN NaN NaN NaN NaN NaN NaN NaN NaN NaN NaN NaN NaN 
NaN NaN NaN NaN NaN NaN NaN NaN NaN NaN NaN NaN NaN NaN NaN NaN NaN NaN NaN NaN NaN NaN NaN NaN NaN NaN NaN NaN NaN NaN NaN NaN NaN NaN NaN NaN NaN NaN NaN NaN 
NaN NaN NaN NaN NaN NaN NaN NaN NaN NaN NaN NaN NaN NaN NaN NaN NaN NaN NaN NaN NaN NaN NaN NaN NaN NaN NaN NaN NaN NaN NaN NaN NaN NaN NaN NaN NaN NaN NaN NaN 
NaN NaN NaN NaN NaN NaN NaN NaN NaN NaN NaN NaN NaN NaN NaN NaN NaN NaN NaN NaN NaN NaN NaN NaN NaN NaN NaN NaN NaN NaN NaN NaN NaN NaN NaN NaN NaN NaN NaN NaN 
NaN NaN NaN NaN NaN NaN NaN NaN NaN NaN NaN NaN NaN NaN NaN NaN NaN NaN NaN NaN NaN NaN NaN NaN NaN NaN NaN NaN NaN NaN NaN NaN NaN NaN NaN NaN NaN NaN NaN NaN 
NaN NaN NaN NaN NaN NaN NaN NaN NaN NaN NaN NaN NaN NaN NaN NaN NaN NaN NaN NaN NaN NaN NaN NaN NaN NaN NaN NaN NaN NaN NaN NaN NaN NaN NaN NaN NaN NaN NaN NaN 
NaN NaN NaN NaN NaN NaN NaN NaN NaN NaN NaN NaN NaN NaN NaN NaN NaN NaN NaN NaN NaN NaN NaN NaN NaN NaN NaN NaN NaN NaN NaN NaN NaN NaN NaN NaN NaN NaN NaN NaN 
NaN NaN NaN NaN NaN NaN NaN NaN NaN NaN NaN NaN NaN NaN NaN NaN NaN NaN NaN NaN NaN NaN NaN NaN NaN NaN NaN NaN NaN NaN NaN NaN NaN NaN NaN NaN NaN NaN NaN NaN 
NaN NaN NaN NaN NaN NaN NaN NaN NaN NaN NaN NaN NaN NaN NaN NaN NaN NaN NaN NaN NaN NaN NaN NaN NaN NaN NaN NaN NaN NaN NaN NaN NaN NaN NaN NaN NaN NaN NaN NaN 
NaN NaN NaN NaN NaN NaN NaN NaN NaN NaN NaN NaN NaN NaN NaN NaN NaN NaN NaN NaN NaN NaN NaN NaN NaN NaN NaN NaN NaN NaN NaN NaN NaN NaN NaN NaN NaN NaN NaN NaN 
NaN NaN NaN NaN NaN NaN NaN NaN NaN NaN NaN NaN NaN NaN NaN NaN NaN NaN NaN NaN NaN NaN NaN NaN NaN NaN NaN NaN NaN NaN NaN NaN NaN NaN NaN NaN NaN NaN NaN NaN 
NaN NaN NaN NaN NaN NaN NaN NaN NaN NaN NaN NaN NaN NaN NaN NaN NaN NaN NaN NaN NaN NaN NaN NaN NaN NaN NaN NaN NaN NaN NaN NaN NaN NaN NaN NaN NaN NaN NaN NaN 
NaN NaN NaN NaN NaN NaN NaN NaN NaN NaN NaN NaN NaN NaN NaN NaN NaN NaN NaN NaN NaN NaN NaN NaN NaN NaN NaN NaN NaN NaN NaN NaN NaN NaN NaN NaN NaN NaN NaN NaN 
NaN NaN NaN NaN NaN NaN NaN NaN NaN NaN NaN NaN NaN NaN NaN NaN NaN NaN NaN NaN NaN NaN NaN NaN NaN NaN NaN NaN NaN NaN NaN NaN NaN NaN NaN NaN NaN NaN NaN NaN 
NaN NaN NaN NaN NaN NaN NaN NaN NaN NaN NaN NaN NaN NaN NaN NaN NaN NaN NaN NaN NaN NaN NaN NaN NaN NaN NaN NaN NaN NaN NaN NaN NaN NaN NaN NaN NaN NaN NaN NaN 
NaN NaN NaN NaN NaN NaN NaN NaN NaN NaN NaN NaN NaN NaN NaN NaN NaN NaN NaN NaN NaN NaN NaN NaN NaN NaN NaN NaN NaN NaN NaN NaN NaN NaN NaN NaN NaN NaN NaN NaN 
NaN NaN NaN NaN NaN NaN NaN NaN NaN NaN NaN NaN NaN NaN NaN NaN NaN NaN NaN NaN NaN NaN NaN NaN NaN NaN NaN NaN NaN NaN NaN NaN NaN NaN NaN NaN NaN NaN NaN NaN 
NaN NaN NaN NaN NaN NaN NaN NaN NaN NaN NaN NaN NaN NaN NaN NaN NaN NaN NaN NaN NaN NaN NaN NaN NaN NaN NaN NaN NaN NaN NaN NaN NaN NaN NaN NaN NaN NaN NaN NaN 
NaN NaN NaN NaN NaN NaN NaN NaN NaN NaN NaN NaN NaN NaN NaN NaN NaN NaN NaN NaN NaN NaN NaN NaN NaN NaN NaN NaN NaN NaN NaN NaN NaN NaN NaN NaN NaN NaN NaN NaN 
NaN NaN NaN NaN NaN NaN NaN NaN NaN NaN NaN NaN NaN NaN NaN NaN NaN NaN NaN NaN NaN NaN NaN NaN NaN NaN NaN NaN NaN NaN NaN NaN NaN NaN NaN NaN NaN NaN NaN NaN 
NaN NaN NaN NaN NaN NaN NaN NaN NaN NaN NaN NaN NaN NaN NaN NaN NaN NaN NaN NaN NaN NaN NaN NaN NaN NaN NaN NaN NaN NaN NaN NaN NaN NaN NaN NaN NaN NaN NaN NaN 
NaN NaN NaN NaN NaN NaN NaN NaN NaN NaN NaN NaN NaN NaN NaN NaN NaN NaN NaN NaN NaN NaN NaN NaN NaN NaN NaN NaN NaN NaN NaN NaN NaN NaN NaN NaN NaN NaN NaN NaN 
NaN NaN NaN NaN NaN NaN NaN NaN NaN NaN NaN NaN NaN NaN NaN NaN NaN NaN NaN NaN NaN NaN NaN NaN NaN NaN NaN NaN NaN NaN NaN NaN NaN NaN NaN NaN NaN NaN NaN NaN 
NaN NaN NaN NaN NaN NaN NaN NaN NaN NaN NaN NaN NaN NaN NaN NaN NaN NaN NaN NaN NaN NaN NaN NaN NaN NaN NaN NaN NaN NaN NaN NaN NaN NaN NaN NaN NaN NaN NaN NaN 
NaN NaN NaN NaN NaN NaN NaN NaN NaN NaN NaN NaN NaN NaN NaN NaN NaN NaN NaN NaN NaN NaN NaN NaN NaN NaN NaN NaN NaN NaN NaN NaN NaN NaN NaN NaN NaN NaN NaN NaN 
NaN NaN NaN NaN NaN NaN NaN NaN NaN NaN NaN NaN NaN NaN NaN NaN NaN NaN NaN NaN NaN NaN NaN NaN NaN NaN NaN NaN NaN NaN NaN NaN NaN NaN NaN NaN NaN NaN NaN NaN 
NaN NaN NaN NaN NaN NaN NaN NaN NaN NaN NaN NaN NaN NaN NaN NaN NaN NaN NaN NaN NaN NaN NaN NaN NaN NaN NaN NaN NaN NaN NaN NaN NaN NaN NaN NaN NaN NaN NaN NaN 
NaN NaN NaN NaN NaN NaN NaN NaN NaN NaN NaN NaN NaN NaN NaN NaN NaN NaN NaN NaN NaN NaN NaN NaN NaN NaN NaN NaN NaN NaN NaN NaN NaN NaN NaN NaN NaN NaN NaN NaN 
NaN NaN NaN NaN NaN NaN NaN NaN NaN NaN NaN NaN NaN NaN NaN NaN NaN NaN NaN NaN NaN NaN NaN NaN NaN NaN NaN NaN NaN NaN NaN NaN NaN NaN NaN NaN NaN NaN NaN NaN 
NaN NaN NaN NaN NaN NaN NaN NaN NaN NaN NaN NaN NaN NaN NaN NaN NaN NaN NaN NaN NaN NaN NaN NaN NaN NaN NaN NaN NaN NaN NaN NaN NaN NaN NaN NaN NaN NaN NaN NaN 
NaN NaN NaN NaN NaN NaN NaN NaN NaN NaN NaN NaN NaN NaN NaN NaN NaN NaN NaN NaN NaN NaN NaN NaN NaN NaN NaN NaN NaN NaN NaN NaN NaN NaN NaN NaN NaN NaN NaN NaN 
NaN NaN NaN NaN NaN NaN NaN NaN NaN NaN NaN NaN NaN NaN NaN NaN NaN NaN NaN NaN NaN NaN NaN NaN NaN NaN NaN NaN NaN NaN NaN NaN NaN NaN NaN NaN NaN NaN NaN NaN 
NaN NaN NaN NaN NaN NaN NaN NaN NaN NaN NaN NaN NaN NaN NaN NaN NaN NaN NaN NaN NaN NaN NaN NaN NaN NaN NaN NaN NaN NaN NaN NaN NaN NaN NaN NaN NaN NaN NaN NaN 
NaN NaN NaN NaN NaN NaN NaN NaN NaN NaN NaN NaN NaN NaN NaN NaN NaN NaN NaN NaN NaN NaN NaN NaN NaN NaN NaN NaN NaN NaN NaN NaN NaN NaN NaN NaN NaN NaN NaN NaN 
NaN NaN NaN NaN NaN NaN NaN NaN NaN NaN NaN NaN NaN NaN NaN NaN NaN NaN NaN NaN NaN NaN NaN NaN NaN NaN NaN NaN NaN NaN NaN NaN NaN NaN NaN NaN NaN NaN NaN NaN 
NaN NaN NaN NaN NaN NaN NaN NaN NaN NaN NaN NaN NaN NaN NaN NaN NaN NaN NaN NaN NaN NaN NaN NaN NaN NaN NaN NaN NaN NaN NaN NaN NaN NaN NaN NaN NaN NaN NaN NaN 
NaN NaN NaN NaN NaN NaN NaN NaN NaN NaN NaN NaN NaN NaN NaN NaN NaN NaN NaN NaN NaN NaN NaN NaN NaN NaN NaN NaN NaN NaN NaN NaN NaN NaN NaN NaN NaN NaN NaN NaN 
NaN NaN NaN NaN NaN NaN NaN NaN NaN NaN NaN NaN NaN NaN NaN NaN NaN NaN NaN NaN NaN NaN NaN NaN NaN NaN NaN NaN NaN NaN NaN NaN NaN NaN NaN NaN NaN NaN NaN NaN 
NaN NaN NaN NaN NaN NaN NaN NaN NaN NaN NaN NaN NaN NaN NaN NaN NaN NaN NaN NaN NaN NaN NaN NaN NaN NaN NaN NaN NaN NaN NaN NaN NaN NaN NaN NaN NaN NaN NaN NaN 
NaN NaN NaN NaN NaN NaN NaN NaN NaN NaN NaN NaN NaN NaN NaN NaN NaN NaN NaN NaN NaN NaN NaN NaN NaN NaN NaN NaN NaN NaN NaN NaN NaN NaN NaN NaN NaN NaN NaN NaN 
NaN NaN NaN NaN NaN NaN NaN NaN NaN NaN NaN NaN NaN NaN NaN NaN NaN NaN NaN NaN NaN NaN NaN NaN NaN NaN NaN NaN NaN NaN NaN NaN NaN NaN NaN NaN NaN NaN NaN NaN 
NaN NaN NaN NaN NaN NaN NaN NaN NaN NaN NaN NaN NaN NaN NaN NaN NaN NaN NaN NaN NaN NaN NaN NaN NaN NaN NaN NaN NaN NaN NaN NaN NaN NaN NaN NaN NaN NaN NaN NaN 
NaN NaN NaN NaN NaN NaN NaN NaN NaN NaN NaN NaN NaN NaN NaN NaN NaN NaN NaN NaN NaN NaN NaN NaN NaN NaN NaN NaN NaN NaN NaN NaN NaN NaN NaN NaN NaN NaN NaN NaN 
NaN NaN NaN NaN NaN NaN NaN NaN NaN NaN NaN NaN NaN NaN NaN NaN NaN NaN NaN NaN NaN NaN NaN NaN NaN NaN NaN NaN NaN NaN NaN NaN NaN NaN NaN NaN NaN NaN NaN NaN 
NaN NaN NaN NaN NaN NaN NaN NaN NaN NaN NaN NaN NaN NaN NaN NaN NaN NaN NaN NaN NaN NaN NaN NaN NaN NaN NaN NaN NaN NaN NaN NaN NaN NaN NaN NaN NaN NaN NaN NaN 
NaN NaN NaN NaN NaN NaN NaN NaN NaN NaN NaN NaN NaN NaN NaN NaN NaN NaN NaN NaN NaN NaN NaN NaN NaN NaN NaN NaN NaN NaN NaN NaN NaN NaN NaN NaN NaN NaN NaN NaN 
NaN NaN NaN NaN NaN NaN NaN NaN NaN NaN NaN NaN NaN NaN NaN NaN NaN NaN NaN NaN NaN NaN NaN NaN NaN NaN NaN NaN NaN NaN NaN NaN NaN NaN NaN NaN NaN NaN NaN NaN 
NaN NaN NaN NaN NaN NaN NaN NaN NaN NaN NaN NaN NaN NaN NaN NaN NaN NaN NaN NaN NaN NaN NaN NaN NaN NaN NaN NaN NaN NaN NaN NaN NaN NaN NaN NaN NaN NaN NaN NaN 
NaN NaN NaN NaN NaN NaN NaN NaN NaN NaN NaN NaN NaN NaN NaN NaN NaN NaN NaN NaN NaN NaN NaN NaN NaN NaN NaN NaN NaN NaN NaN NaN NaN NaN NaN NaN NaN NaN NaN NaN 
NaN NaN NaN NaN NaN NaN NaN NaN NaN NaN NaN NaN NaN NaN NaN NaN NaN NaN NaN NaN NaN NaN NaN NaN NaN NaN NaN NaN NaN NaN NaN NaN NaN NaN NaN NaN NaN NaN NaN NaN 
NaN NaN NaN NaN NaN NaN NaN NaN NaN NaN NaN NaN NaN NaN NaN NaN NaN NaN NaN NaN NaN NaN NaN NaN NaN NaN NaN NaN NaN NaN NaN NaN NaN NaN NaN NaN NaN NaN NaN NaN 
NaN NaN NaN NaN NaN NaN NaN NaN NaN NaN NaN NaN NaN NaN NaN NaN NaN NaN NaN NaN NaN NaN NaN NaN NaN NaN NaN NaN NaN NaN NaN NaN NaN NaN NaN NaN NaN NaN NaN NaN 
NaN NaN NaN NaN NaN NaN NaN NaN NaN NaN NaN NaN NaN NaN NaN NaN NaN NaN NaN NaN NaN NaN NaN NaN NaN NaN NaN NaN NaN NaN NaN NaN NaN NaN NaN NaN NaN NaN NaN NaN 
NaN NaN NaN NaN NaN NaN NaN NaN NaN NaN NaN NaN NaN NaN NaN NaN NaN NaN NaN NaN NaN NaN NaN NaN NaN NaN NaN NaN NaN NaN NaN NaN NaN NaN NaN NaN NaN NaN NaN NaN 
NaN NaN NaN NaN NaN NaN NaN NaN NaN NaN NaN NaN NaN NaN NaN NaN NaN NaN NaN NaN NaN NaN NaN NaN NaN NaN NaN NaN NaN NaN NaN NaN NaN NaN NaN NaN NaN NaN NaN NaN 
NaN NaN NaN NaN NaN NaN NaN NaN NaN NaN NaN NaN NaN NaN NaN NaN NaN NaN NaN NaN NaN NaN NaN NaN NaN NaN NaN NaN NaN NaN NaN NaN NaN NaN NaN NaN NaN NaN NaN NaN 
NaN NaN NaN NaN NaN NaN NaN NaN NaN NaN NaN NaN NaN NaN NaN NaN NaN NaN NaN NaN NaN NaN NaN NaN NaN NaN NaN NaN NaN NaN NaN NaN NaN NaN NaN NaN NaN NaN NaN NaN 
NaN NaN NaN NaN NaN NaN NaN NaN NaN NaN NaN NaN NaN NaN NaN NaN NaN NaN NaN NaN NaN NaN NaN NaN NaN NaN NaN NaN NaN NaN NaN NaN NaN NaN NaN NaN NaN NaN NaN NaN 
NaN NaN NaN NaN NaN NaN NaN NaN NaN NaN NaN NaN NaN NaN NaN NaN NaN NaN NaN NaN NaN NaN NaN NaN NaN NaN NaN NaN NaN NaN NaN NaN NaN NaN NaN NaN NaN NaN NaN NaN 
NaN NaN NaN NaN NaN NaN NaN NaN NaN NaN NaN NaN NaN NaN NaN NaN NaN NaN NaN NaN NaN NaN NaN NaN NaN NaN NaN NaN NaN NaN NaN NaN NaN NaN NaN NaN NaN NaN NaN NaN 
NaN NaN NaN NaN NaN NaN NaN NaN NaN NaN NaN NaN NaN NaN NaN NaN NaN NaN NaN NaN NaN NaN NaN NaN NaN NaN NaN NaN NaN NaN NaN NaN NaN NaN NaN NaN NaN NaN NaN NaN 
NaN NaN NaN NaN NaN NaN NaN NaN NaN NaN NaN NaN NaN NaN NaN NaN NaN NaN NaN NaN NaN NaN NaN NaN NaN NaN NaN NaN NaN NaN NaN NaN NaN NaN NaN NaN NaN NaN NaN NaN 
NaN NaN NaN NaN NaN NaN NaN NaN NaN NaN NaN NaN NaN NaN NaN NaN NaN NaN NaN NaN NaN NaN NaN NaN NaN NaN NaN NaN NaN NaN NaN NaN NaN NaN NaN NaN NaN NaN NaN NaN 
NaN NaN NaN NaN NaN NaN NaN NaN NaN NaN NaN NaN NaN NaN NaN NaN NaN NaN NaN NaN NaN NaN NaN NaN NaN NaN NaN NaN NaN NaN NaN NaN NaN NaN NaN NaN NaN NaN NaN NaN 
NaN NaN NaN NaN NaN NaN NaN NaN NaN NaN NaN NaN NaN NaN NaN NaN NaN NaN NaN NaN NaN NaN NaN NaN NaN NaN NaN NaN NaN NaN NaN NaN NaN NaN NaN NaN NaN NaN NaN NaN 
NaN NaN NaN NaN NaN NaN NaN NaN NaN NaN NaN NaN NaN NaN NaN NaN NaN NaN NaN NaN NaN NaN NaN NaN NaN NaN NaN NaN NaN NaN NaN NaN NaN NaN NaN NaN NaN NaN NaN NaN 
NaN NaN NaN NaN NaN NaN NaN NaN NaN NaN NaN NaN NaN NaN NaN NaN NaN NaN NaN NaN NaN NaN NaN NaN NaN NaN NaN NaN NaN NaN NaN NaN NaN NaN NaN NaN NaN NaN NaN NaN 
