NaN NaN NaN NaN NaN NaN NaN NaN NaN NaN NaN NaN NaN NaN NaN NaN NaN NaN NaN NaN NaN NaN NaN NaN NaN NaN NaN NaN NaN NaN NaN NaN NaN NaN NaN NaN NaN NaN NaN NaN 
NaN NaN NaN NaN NaN NaN NaN NaN NaN NaN NaN NaN NaN NaN NaN NaN NaN NaN NaN NaN NaN NaN NaN NaN NaN NaN NaN NaN NaN NaN NaN NaN NaN NaN NaN NaN NaN NaN NaN NaN 
NaN NaN NaN NaN NaN NaN NaN NaN NaN NaN NaN NaN NaN NaN NaN NaN NaN NaN NaN NaN NaN NaN NaN NaN NaN NaN NaN NaN NaN NaN NaN NaN NaN NaN NaN NaN NaN NaN NaN NaN 
NaN NaN NaN NaN NaN NaN NaN NaN NaN NaN NaN NaN NaN NaN NaN NaN NaN NaN NaN NaN NaN NaN NaN NaN NaN NaN NaN NaN NaN NaN NaN NaN NaN NaN NaN NaN NaN NaN NaN NaN 
NaN NaN NaN NaN NaN NaN NaN NaN NaN NaN NaN NaN NaN NaN NaN NaN NaN NaN NaN NaN NaN NaN NaN NaN NaN NaN NaN NaN NaN NaN NaN NaN NaN NaN NaN NaN NaN NaN NaN NaN 
NaN NaN NaN NaN NaN NaN NaN NaN NaN NaN NaN NaN NaN NaN NaN NaN NaN NaN NaN NaN NaN NaN NaN NaN NaN NaN NaN NaN NaN NaN NaN NaN NaN NaN NaN NaN NaN NaN NaN NaN 
NaN NaN NaN NaN NaN NaN NaN NaN NaN NaN NaN NaN NaN NaN NaN NaN NaN NaN NaN NaN NaN NaN NaN NaN NaN NaN NaN NaN NaN NaN NaN NaN NaN NaN NaN NaN NaN NaN NaN NaN 
NaN NaN NaN NaN NaN NaN NaN NaN NaN NaN NaN NaN NaN NaN NaN NaN NaN NaN NaN NaN NaN NaN NaN NaN NaN NaN NaN NaN NaN NaN NaN NaN NaN NaN NaN NaN NaN NaN NaN NaN 
NaN NaN NaN NaN NaN NaN NaN NaN NaN NaN NaN NaN NaN NaN NaN NaN NaN NaN NaN NaN NaN NaN NaN NaN NaN NaN NaN NaN NaN NaN NaN NaN NaN NaN NaN NaN NaN NaN NaN NaN 
NaN NaN NaN NaN NaN NaN NaN NaN NaN NaN NaN NaN NaN NaN NaN NaN NaN NaN NaN NaN NaN NaN NaN NaN NaN NaN NaN NaN NaN NaN NaN NaN NaN NaN NaN NaN NaN NaN NaN NaN 
NaN NaN NaN NaN NaN NaN NaN NaN NaN NaN NaN NaN NaN NaN NaN NaN NaN NaN NaN NaN NaN NaN NaN NaN NaN NaN NaN NaN NaN NaN NaN NaN NaN NaN NaN NaN NaN NaN NaN NaN 
NaN NaN NaN NaN NaN NaN NaN NaN NaN NaN NaN NaN NaN NaN NaN NaN NaN NaN NaN NaN NaN NaN NaN NaN NaN NaN NaN NaN NaN NaN NaN NaN NaN NaN NaN NaN NaN NaN NaN NaN 
NaN NaN NaN NaN NaN NaN NaN NaN NaN NaN NaN NaN NaN NaN NaN NaN NaN NaN NaN NaN NaN NaN NaN NaN NaN NaN NaN NaN NaN NaN NaN NaN NaN NaN NaN NaN NaN NaN NaN NaN 
NaN NaN NaN NaN NaN NaN NaN NaN NaN NaN NaN NaN NaN NaN NaN NaN NaN NaN NaN NaN NaN NaN NaN NaN NaN NaN NaN NaN NaN NaN NaN NaN NaN NaN NaN NaN NaN NaN NaN NaN 
NaN NaN NaN NaN NaN NaN NaN NaN NaN NaN NaN NaN NaN NaN NaN NaN NaN NaN NaN NaN NaN NaN NaN NaN NaN NaN NaN NaN NaN NaN NaN NaN NaN NaN NaN NaN NaN NaN NaN NaN 
NaN NaN NaN NaN NaN NaN NaN NaN NaN NaN NaN NaN NaN NaN NaN NaN NaN NaN NaN NaN NaN NaN NaN NaN NaN NaN NaN NaN NaN NaN NaN NaN NaN NaN NaN NaN NaN NaN NaN NaN 
NaN NaN NaN NaN NaN NaN NaN NaN NaN NaN NaN NaN NaN NaN NaN NaN NaN NaN NaN NaN NaN NaN NaN NaN NaN NaN NaN NaN NaN NaN NaN NaN NaN NaN NaN NaN NaN NaN NaN NaN 
NaN NaN NaN NaN NaN NaN NaN NaN NaN NaN NaN NaN NaN NaN NaN NaN NaN NaN NaN NaN NaN NaN NaN NaN NaN NaN NaN NaN NaN NaN NaN NaN NaN NaN NaN NaN NaN NaN NaN NaN 
NaN NaN NaN NaN NaN NaN NaN NaN NaN NaN NaN NaN NaN NaN NaN NaN NaN NaN NaN NaN NaN NaN NaN NaN NaN NaN NaN NaN NaN NaN NaN NaN NaN NaN NaN NaN NaN NaN NaN NaN 
NaN NaN NaN NaN NaN NaN NaN NaN NaN NaN NaN NaN NaN NaN NaN NaN NaN NaN NaN NaN NaN NaN NaN NaN NaN NaN NaN NaN NaN NaN NaN NaN NaN NaN NaN NaN NaN NaN NaN NaN 
NaN NaN NaN NaN NaN NaN NaN NaN NaN NaN NaN NaN NaN NaN NaN NaN NaN NaN NaN NaN NaN NaN NaN NaN NaN NaN NaN NaN NaN NaN NaN NaN NaN NaN NaN NaN NaN NaN NaN NaN 
NaN NaN NaN NaN NaN NaN NaN NaN NaN NaN NaN NaN NaN NaN NaN NaN NaN NaN NaN NaN NaN NaN NaN NaN NaN NaN NaN NaN NaN NaN NaN NaN NaN NaN NaN NaN NaN NaN NaN NaN 
NaN NaN NaN NaN NaN NaN NaN NaN NaN NaN NaN NaN NaN NaN NaN NaN NaN NaN NaN NaN NaN NaN NaN NaN NaN NaN NaN NaN NaN NaN NaN NaN NaN NaN NaN NaN NaN NaN NaN NaN 
NaN NaN NaN NaN NaN NaN NaN NaN NaN NaN NaN NaN NaN NaN NaN NaN NaN NaN NaN NaN NaN NaN NaN NaN NaN NaN NaN NaN NaN NaN NaN NaN NaN NaN NaN NaN NaN NaN NaN NaN 
NaN NaN NaN NaN NaN NaN NaN NaN NaN NaN NaN NaN NaN NaN NaN NaN NaN NaN NaN NaN NaN NaN NaN NaN NaN NaN NaN NaN NaN NaN NaN NaN NaN NaN NaN NaN NaN NaN NaN NaN 
NaN NaN NaN NaN NaN NaN NaN NaN NaN NaN NaN NaN NaN NaN NaN NaN NaN NaN NaN NaN NaN NaN NaN NaN NaN NaN NaN NaN NaN NaN NaN NaN NaN NaN NaN NaN NaN NaN NaN NaN 
NaN NaN NaN NaN NaN NaN NaN NaN NaN NaN NaN NaN NaN NaN NaN NaN NaN NaN NaN NaN NaN NaN NaN NaN NaN NaN NaN NaN NaN NaN NaN NaN NaN NaN NaN NaN NaN NaN NaN NaN 
NaN NaN NaN NaN NaN NaN NaN NaN NaN NaN NaN NaN NaN NaN NaN NaN NaN NaN NaN NaN NaN NaN NaN NaN NaN NaN NaN NaN NaN NaN NaN NaN NaN NaN NaN NaN NaN NaN NaN NaN 
NaN NaN NaN NaN NaN NaN NaN NaN NaN NaN NaN NaN NaN NaN NaN NaN NaN NaN NaN NaN NaN NaN NaN NaN NaN NaN NaN NaN NaN NaN NaN NaN NaN NaN NaN NaN NaN NaN NaN NaN 
NaN NaN NaN NaN NaN NaN NaN NaN NaN NaN NaN NaN NaN NaN NaN NaN NaN NaN NaN NaN NaN NaN NaN NaN NaN NaN NaN NaN NaN NaN NaN NaN NaN NaN NaN NaN NaN NaN NaN NaN 
NaN NaN NaN NaN NaN NaN NaN NaN NaN NaN NaN NaN NaN NaN NaN NaN NaN NaN NaN NaN NaN NaN NaN NaN NaN NaN NaN NaN NaN NaN NaN NaN NaN NaN NaN NaN NaN NaN NaN NaN 
NaN NaN NaN NaN NaN NaN NaN NaN NaN NaN NaN NaN NaN NaN NaN NaN NaN NaN NaN NaN NaN NaN NaN NaN NaN NaN NaN NaN NaN NaN NaN NaN NaN NaN NaN NaN NaN NaN NaN NaN 
NaN NaN NaN NaN NaN NaN NaN NaN NaN NaN NaN NaN NaN NaN NaN NaN NaN NaN NaN NaN NaN NaN NaN NaN NaN NaN NaN NaN NaN NaN NaN NaN NaN NaN NaN NaN NaN NaN NaN NaN 
NaN NaN NaN NaN NaN NaN NaN NaN NaN NaN NaN NaN NaN NaN NaN NaN NaN NaN NaN NaN NaN NaN NaN NaN NaN NaN NaN NaN NaN NaN NaN NaN NaN NaN NaN NaN NaN NaN NaN NaN 
NaN NaN NaN NaN NaN NaN NaN NaN NaN NaN NaN NaN NaN NaN NaN NaN NaN NaN NaN NaN NaN NaN NaN NaN NaN NaN NaN NaN NaN NaN NaN NaN NaN NaN NaN NaN NaN NaN NaN NaN 
NaN NaN NaN NaN NaN NaN NaN NaN NaN NaN NaN NaN NaN NaN NaN NaN NaN NaN NaN NaN NaN NaN NaN NaN NaN NaN NaN NaN NaN NaN NaN NaN NaN NaN NaN NaN NaN NaN NaN NaN 
NaN NaN NaN NaN NaN NaN NaN NaN NaN NaN NaN NaN NaN NaN NaN NaN NaN NaN NaN NaN NaN NaN NaN NaN NaN NaN NaN NaN NaN NaN NaN NaN NaN NaN NaN NaN NaN NaN NaN NaN 
NaN NaN NaN NaN NaN NaN NaN NaN NaN NaN NaN NaN NaN NaN NaN NaN NaN NaN NaN NaN NaN NaN NaN NaN NaN NaN NaN NaN NaN NaN NaN NaN NaN NaN NaN NaN NaN NaN NaN NaN 
NaN NaN NaN NaN NaN NaN NaN NaN NaN NaN NaN NaN NaN NaN NaN NaN NaN NaN NaN NaN NaN NaN NaN NaN NaN NaN NaN NaN NaN NaN NaN NaN NaN NaN NaN NaN NaN NaN NaN NaN 
NaN NaN NaN NaN NaN NaN NaN NaN NaN NaN NaN NaN NaN NaN NaN NaN NaN NaN NaN NaN NaN NaN NaN NaN NaN NaN NaN NaN NaN NaN NaN NaN NaN NaN NaN NaN NaN NaN NaN NaN 
NaN NaN NaN NaN NaN NaN NaN NaN NaN NaN NaN NaN NaN NaN NaN NaN NaN NaN NaN NaN NaN NaN NaN NaN NaN NaN NaN NaN NaN NaN NaN NaN NaN NaN NaN NaN NaN NaN NaN NaN 
NaN NaN NaN NaN NaN NaN NaN NaN NaN NaN NaN NaN NaN NaN NaN NaN NaN NaN NaN NaN NaN NaN NaN NaN NaN NaN NaN NaN NaN NaN NaN NaN NaN NaN NaN NaN NaN NaN NaN NaN 
NaN NaN NaN NaN NaN NaN NaN NaN NaN NaN NaN NaN NaN NaN NaN NaN NaN NaN NaN NaN NaN NaN NaN NaN NaN NaN NaN NaN NaN NaN NaN NaN NaN NaN NaN NaN NaN NaN NaN NaN 
NaN NaN NaN NaN NaN NaN NaN NaN NaN NaN NaN NaN NaN NaN NaN NaN NaN NaN NaN NaN NaN NaN NaN NaN NaN NaN NaN NaN NaN NaN NaN NaN NaN NaN NaN NaN NaN NaN NaN NaN 
NaN NaN NaN NaN NaN NaN NaN NaN NaN NaN NaN NaN NaN NaN NaN NaN NaN NaN NaN NaN NaN NaN NaN NaN NaN NaN NaN NaN NaN NaN NaN NaN NaN NaN NaN NaN NaN NaN NaN NaN 
NaN NaN NaN NaN NaN NaN NaN NaN NaN NaN NaN NaN NaN NaN NaN NaN NaN NaN NaN NaN NaN NaN NaN NaN NaN NaN NaN NaN NaN NaN NaN NaN NaN NaN NaN NaN NaN NaN NaN NaN 
NaN NaN NaN NaN NaN NaN NaN NaN NaN NaN NaN NaN NaN NaN NaN NaN NaN NaN NaN NaN NaN NaN NaN NaN NaN NaN NaN NaN NaN NaN NaN NaN NaN NaN NaN NaN NaN NaN NaN NaN 
NaN NaN NaN NaN NaN NaN NaN NaN NaN NaN NaN NaN NaN NaN NaN NaN NaN NaN NaN NaN NaN NaN NaN NaN NaN NaN NaN NaN NaN NaN NaN NaN NaN NaN NaN NaN NaN NaN NaN NaN 
NaN NaN NaN NaN NaN NaN NaN NaN NaN NaN NaN NaN NaN NaN NaN NaN NaN NaN NaN NaN NaN NaN NaN NaN NaN NaN NaN NaN NaN NaN NaN NaN NaN NaN NaN NaN NaN NaN NaN NaN 
NaN NaN NaN NaN NaN NaN NaN NaN NaN NaN NaN NaN NaN NaN NaN NaN NaN NaN NaN NaN NaN NaN NaN NaN NaN NaN NaN NaN NaN NaN NaN NaN NaN NaN NaN NaN NaN NaN NaN NaN 
NaN NaN NaN NaN NaN NaN NaN NaN NaN NaN NaN NaN NaN NaN NaN NaN NaN NaN NaN NaN NaN NaN NaN NaN NaN NaN NaN NaN NaN NaN NaN NaN NaN NaN NaN NaN NaN NaN NaN NaN 
NaN NaN NaN NaN NaN NaN NaN NaN NaN NaN NaN NaN NaN NaN NaN NaN NaN NaN NaN NaN NaN NaN NaN NaN NaN NaN NaN NaN NaN NaN NaN NaN NaN NaN NaN NaN NaN NaN NaN NaN 
NaN NaN NaN NaN NaN NaN NaN NaN NaN NaN NaN NaN NaN NaN NaN NaN NaN NaN NaN NaN NaN NaN NaN NaN NaN NaN NaN NaN NaN NaN NaN NaN NaN NaN NaN NaN NaN NaN NaN NaN 
NaN NaN NaN NaN NaN NaN NaN NaN NaN NaN NaN NaN NaN NaN NaN NaN NaN NaN NaN NaN NaN NaN NaN NaN NaN NaN NaN NaN NaN NaN NaN NaN NaN NaN NaN NaN NaN NaN NaN NaN 
NaN NaN NaN NaN NaN NaN NaN NaN NaN NaN NaN NaN NaN NaN NaN NaN NaN NaN NaN NaN NaN NaN NaN NaN NaN NaN NaN NaN NaN NaN NaN NaN NaN NaN NaN NaN NaN NaN NaN NaN 
NaN NaN NaN NaN NaN NaN NaN NaN NaN NaN NaN NaN NaN NaN NaN NaN NaN NaN NaN NaN NaN NaN NaN NaN NaN NaN NaN NaN NaN NaN NaN NaN NaN NaN NaN NaN NaN NaN NaN NaN 
NaN NaN NaN NaN NaN NaN NaN NaN NaN NaN NaN NaN NaN NaN NaN NaN NaN NaN NaN NaN NaN NaN NaN NaN NaN NaN NaN NaN NaN NaN NaN NaN NaN NaN NaN NaN NaN NaN NaN NaN 
NaN NaN NaN NaN NaN NaN NaN NaN NaN NaN NaN NaN NaN NaN NaN NaN NaN NaN NaN NaN NaN NaN NaN NaN NaN NaN NaN NaN NaN NaN NaN NaN NaN NaN NaN NaN NaN NaN NaN NaN 
NaN NaN NaN NaN NaN NaN NaN NaN NaN NaN NaN NaN NaN NaN NaN NaN NaN NaN NaN NaN NaN NaN NaN NaN NaN NaN NaN NaN NaN NaN NaN NaN NaN NaN NaN NaN NaN NaN NaN NaN 
NaN NaN NaN NaN NaN NaN NaN NaN NaN NaN NaN NaN NaN NaN NaN NaN NaN NaN NaN NaN NaN NaN NaN NaN NaN NaN NaN NaN NaN NaN NaN NaN NaN NaN NaN NaN NaN NaN NaN NaN 
NaN NaN NaN NaN NaN NaN NaN NaN NaN NaN NaN NaN NaN NaN NaN NaN NaN NaN NaN NaN NaN NaN NaN NaN NaN NaN NaN NaN NaN NaN NaN NaN NaN NaN NaN NaN NaN NaN NaN NaN 
NaN NaN NaN NaN NaN NaN NaN NaN NaN NaN NaN NaN NaN NaN NaN NaN NaN NaN NaN NaN NaN NaN NaN NaN NaN NaN NaN NaN NaN NaN NaN NaN NaN NaN NaN NaN NaN NaN NaN NaN 
NaN NaN NaN NaN NaN NaN NaN NaN NaN NaN NaN NaN NaN NaN NaN NaN NaN NaN NaN NaN NaN NaN NaN NaN NaN NaN NaN NaN NaN NaN NaN NaN NaN NaN NaN NaN NaN NaN NaN NaN 
NaN NaN NaN NaN NaN NaN NaN NaN NaN NaN NaN NaN NaN NaN NaN NaN NaN NaN NaN NaN NaN NaN NaN NaN NaN NaN NaN NaN NaN NaN NaN NaN NaN NaN NaN NaN NaN NaN NaN NaN 
NaN NaN NaN NaN NaN NaN NaN NaN NaN NaN NaN NaN NaN NaN NaN NaN NaN NaN NaN NaN NaN NaN NaN NaN NaN NaN NaN NaN NaN NaN NaN NaN NaN NaN NaN NaN NaN NaN NaN NaN 
NaN NaN NaN NaN NaN NaN NaN NaN NaN NaN NaN NaN NaN NaN NaN NaN NaN NaN NaN NaN NaN NaN NaN NaN NaN NaN NaN NaN NaN NaN NaN NaN NaN NaN NaN NaN NaN NaN NaN NaN 
NaN NaN NaN NaN NaN NaN NaN NaN NaN NaN NaN NaN NaN NaN NaN NaN NaN NaN NaN NaN NaN NaN NaN NaN NaN NaN NaN NaN NaN NaN NaN NaN NaN NaN NaN NaN NaN NaN NaN NaN 
NaN NaN NaN NaN NaN NaN NaN NaN NaN NaN NaN NaN NaN NaN NaN NaN NaN NaN NaN NaN NaN NaN NaN NaN NaN NaN NaN NaN NaN NaN NaN NaN NaN NaN NaN NaN NaN NaN NaN NaN 
NaN NaN NaN NaN NaN NaN NaN NaN NaN NaN NaN NaN NaN NaN NaN NaN NaN NaN NaN NaN NaN NaN NaN NaN NaN NaN NaN NaN NaN NaN NaN NaN NaN NaN NaN NaN NaN NaN NaN NaN 
NaN NaN NaN NaN NaN NaN NaN NaN NaN NaN NaN NaN NaN NaN NaN NaN NaN NaN NaN NaN NaN NaN NaN NaN NaN NaN NaN NaN NaN NaN NaN NaN NaN NaN NaN NaN NaN NaN NaN NaN 
NaN NaN NaN NaN NaN NaN NaN NaN NaN NaN NaN NaN NaN NaN NaN NaN NaN NaN NaN NaN NaN NaN NaN NaN NaN NaN NaN NaN NaN NaN NaN NaN NaN NaN NaN NaN NaN NaN NaN NaN 
NaN NaN NaN NaN NaN NaN NaN NaN NaN NaN NaN NaN NaN NaN NaN NaN NaN NaN NaN NaN NaN NaN NaN NaN NaN NaN NaN NaN NaN NaN NaN NaN NaN NaN NaN NaN NaN NaN NaN NaN 
NaN NaN NaN NaN NaN NaN NaN NaN NaN NaN NaN NaN NaN NaN NaN NaN NaN NaN NaN NaN NaN NaN NaN NaN NaN NaN NaN NaN NaN NaN NaN NaN NaN NaN NaN NaN NaN NaN NaN NaN 
NaN NaN NaN NaN NaN NaN NaN NaN NaN NaN NaN NaN NaN NaN NaN NaN NaN NaN NaN NaN NaN NaN NaN NaN NaN NaN NaN NaN NaN NaN NaN NaN NaN NaN NaN NaN NaN NaN NaN NaN 
NaN NaN NaN NaN NaN NaN NaN NaN NaN NaN NaN NaN NaN NaN NaN NaN NaN NaN NaN NaN NaN NaN NaN NaN NaN NaN NaN NaN NaN NaN NaN NaN NaN NaN NaN NaN NaN NaN NaN NaN 
NaN NaN NaN NaN NaN NaN NaN NaN NaN NaN NaN NaN NaN NaN NaN NaN NaN NaN NaN NaN NaN NaN NaN NaN NaN NaN NaN NaN NaN NaN NaN NaN NaN NaN NaN NaN NaN NaN NaN NaN 
NaN NaN NaN NaN NaN NaN NaN NaN NaN NaN NaN NaN NaN NaN NaN NaN NaN NaN NaN NaN NaN NaN NaN NaN NaN NaN NaN NaN NaN NaN NaN NaN NaN NaN NaN NaN NaN NaN NaN NaN 
NaN NaN NaN NaN NaN NaN NaN NaN NaN NaN NaN NaN NaN NaN NaN NaN NaN NaN NaN NaN NaN NaN NaN NaN NaN NaN NaN NaN NaN NaN NaN NaN NaN NaN NaN NaN NaN NaN NaN NaN 
NaN NaN NaN NaN NaN NaN NaN NaN NaN NaN NaN NaN NaN NaN NaN NaN NaN NaN NaN NaN NaN NaN NaN NaN NaN NaN NaN NaN NaN NaN NaN NaN NaN NaN NaN NaN NaN NaN NaN NaN 
NaN NaN NaN NaN NaN NaN NaN NaN NaN NaN NaN NaN NaN NaN NaN NaN NaN NaN NaN NaN NaN NaN NaN NaN NaN NaN NaN NaN NaN NaN NaN NaN NaN NaN NaN NaN NaN NaN NaN NaN 
NaN NaN NaN NaN NaN NaN NaN NaN NaN NaN NaN NaN NaN NaN NaN NaN NaN NaN NaN NaN NaN NaN NaN NaN NaN NaN NaN NaN NaN NaN NaN NaN NaN NaN NaN NaN NaN NaN NaN NaN 
NaN NaN NaN NaN NaN NaN NaN NaN NaN NaN NaN NaN NaN NaN NaN NaN NaN NaN NaN NaN NaN NaN NaN NaN NaN NaN NaN NaN NaN NaN NaN NaN NaN NaN NaN NaN NaN NaN NaN NaN 
NaN NaN NaN NaN NaN NaN NaN NaN NaN NaN NaN NaN NaN NaN NaN NaN NaN NaN NaN NaN NaN NaN NaN NaN NaN NaN NaN NaN NaN NaN NaN NaN NaN NaN NaN NaN NaN NaN NaN NaN 
NaN NaN NaN NaN NaN NaN NaN NaN NaN NaN NaN NaN NaN NaN NaN NaN NaN NaN NaN NaN NaN NaN NaN NaN NaN NaN NaN NaN NaN NaN NaN NaN NaN NaN NaN NaN NaN NaN NaN NaN 
NaN NaN NaN NaN NaN NaN NaN NaN NaN NaN NaN NaN NaN NaN NaN NaN NaN NaN NaN NaN NaN NaN NaN NaN NaN NaN NaN NaN NaN NaN NaN NaN NaN NaN NaN NaN NaN NaN NaN NaN 
NaN NaN NaN NaN NaN NaN NaN NaN NaN NaN NaN NaN NaN NaN NaN NaN NaN NaN NaN NaN NaN NaN NaN NaN NaN NaN NaN NaN NaN NaN NaN NaN NaN NaN NaN NaN NaN NaN NaN NaN 
NaN NaN NaN NaN NaN NaN NaN NaN NaN NaN NaN NaN NaN NaN NaN NaN NaN NaN NaN NaN NaN NaN NaN NaN NaN NaN NaN NaN NaN NaN NaN NaN NaN NaN NaN NaN NaN NaN NaN NaN 
NaN NaN NaN NaN NaN NaN NaN NaN NaN NaN NaN NaN NaN NaN NaN NaN NaN NaN NaN NaN NaN NaN NaN NaN NaN NaN NaN NaN NaN NaN NaN NaN NaN NaN NaN NaN NaN NaN NaN NaN 
NaN NaN NaN NaN NaN NaN NaN NaN NaN NaN NaN NaN NaN NaN NaN NaN NaN NaN NaN NaN NaN NaN NaN NaN NaN NaN NaN NaN NaN NaN NaN NaN NaN NaN NaN NaN NaN NaN NaN NaN 
-74.681374 -78.148267 -83.635510 -86.420995 -88.479391 -89.614966 -85.848968 -89.337453 -91.033852 -85.296872 -88.334218 -95.693552 -98.376642 -90.989753 -85.833573 -88.292873 -88.937349 -86.167723 -91.642148 -87.469297 -84.011496 -85.404755 -87.137345 -86.331923 -93.451824 -90.710903 -90.982636 -93.305891 -90.528570 -89.585442 -94.526182 -92.790307 -87.320889 -93.804810 -93.386140 -99.465462 -94.440769 -93.158896 -91.851039 -95.190137 
-60.434568 -69.869208 -78.176118 -75.123180 -74.066300 -73.583375 -71.907660 -76.015848 -78.085685 -72.087099 -72.342365 -82.082125 -77.146298 -73.120848 -71.587773 -72.921094 -74.169597 -72.598881 -72.203256 -77.548942 -76.179705 -73.535973 -72.791334 -74.816349 -76.870733 -73.984576 -73.245291 -78.089624 -75.530765 -77.926739 -77.973745 -78.153868 -74.283763 -79.778311 -79.296217 -79.805729 -77.773028 -77.018046 -75.340030 -78.987382 
-63.176986 -87.691086 -79.159766 -72.976669 -77.634632 -78.405215 -80.346413 -78.355642 -75.116686 -77.480509 -77.705952 -72.987411 -77.018402 -74.694645 -71.947301 -75.207984 -77.826326 -79.490899 -75.889905 -74.377580 -77.765492 -76.939331 -79.854212 -75.120714 -78.624802 -75.573131 -78.116347 -75.643095 -76.090705 -77.696576 -77.650043 -73.357597 -76.164715 -77.746557 -76.506986 -75.342063 -75.847830 -76.201721 -73.069774 -76.361730 
-61.660459 -73.963894 -76.027388 -78.901833 -77.794209 -76.804659 -75.384782 -71.594962 -72.877384 -73.902841 -73.577634 -73.451787 -75.239632 -72.216504 -71.287547 -77.852987 -75.600716 -73.064007 -72.217554 -72.406661 -73.658922 -83.390486 -86.116633 -74.082297 -75.254296 -79.802277 -78.810750 -76.915524 -74.834657 -72.597167 -75.335789 -73.087478 -73.034492 -73.216214 -75.239953 -73.467745 -75.367102 -76.283593 -71.776193 -77.080523 
-42.308791 -40.630221 -42.547245 -47.123864 -49.509659 -51.180531 -51.788003 -53.614802 -53.795403 -55.579903 -58.930768 -58.197300 -58.493702 -57.095704 -60.007965 -60.833884 -59.882744 -60.660238 -61.874910 -63.348139 -64.275116 -63.531956 -65.180132 -66.448703 -65.371002 -67.129297 -67.094999 -69.584277 -68.671059 -69.674199 -67.944661 -70.266706 -70.650873 -70.947158 -71.425298 -73.251928 -72.456172 -72.692962 -71.020844 -73.213520 
-25.832188 -30.885822 -38.275406 -47.659464 -50.154265 -47.430156 -52.894872 -52.386728 -57.158635 -53.940726 -59.906426 -58.606702 -59.172845 -57.457204 -61.192881 -60.452214 -60.147590 -60.861753 -62.803988 -64.407099 -63.574533 -64.542647 -64.557954 -66.253858 -64.403812 -68.700306 -64.312818 -66.597106 -68.313432 -70.660772 -66.486475 -67.814948 -71.717407 -70.082231 -70.877859 -73.518148 -72.180978 -70.482092 -73.762985 -71.527982 
-26.198974 -38.258750 -45.174571 -50.667529 -48.736116 -53.681821 -57.049028 -62.892201 -64.318324 -62.635169 -63.050158 -62.130524 -65.145377 -60.694011 -62.071504 -66.029287 -72.162093 -71.440016 -67.774250 -66.383416 -66.644930 -67.987209 -70.470803 -65.038365 -65.671488 -64.750847 -65.242634 -66.801177 -65.637657 -67.101790 -65.306862 -66.651232 -64.565399 -64.601150 -73.352357 -69.079658 -68.400476 -71.029116 -71.156511 -70.417271 
-21.763013 -38.736176 -44.787519 -44.499903 -48.846823 -58.004631 -62.561903 -60.190930 -61.075289 -61.872913 -64.393276 -61.928517 -59.446783 -61.344831 -60.027593 -61.420288 -62.265883 -63.625377 -64.592251 -65.326229 -64.877756 -62.253952 -61.683917 -61.664625 -64.156671 -64.299202 -67.419333 -61.502433 -61.674022 -61.598182 -64.992939 -63.328699 -62.828862 -66.187824 -65.770689 -65.056658 -70.013030 -64.576926 -67.000275 -69.000296 
-22.819856 -39.626088 -47.906449 -44.383175 -47.621936 -48.900468 -47.740575 -52.133417 -54.861954 -55.054785 -56.052933 -57.966226 -58.706946 -56.434326 -60.291385 -56.074841 -54.690004 -53.889561 -61.730583 -61.101388 -60.026190 -55.104637 -57.641670 -60.335312 -58.007355 -57.719757 -59.167169 -58.909943 -55.864659 -57.828846 -58.666040 -57.571492 -61.212714 -62.342644 -61.604669 -59.926396 -63.207968 -63.248212 -65.824924 -64.627070 
-19.324914 -40.336584 -49.145535 -46.900415 -42.975937 -41.784392 -39.521150 -41.985123 -46.723639 -51.565249 -48.366075 -49.160240 -51.913303 -47.650121 -48.794769 -47.578349 -47.365382 -48.016144 -51.832606 -46.765735 -46.596263 -50.706756 -51.239919 -52.616430 -52.088178 -48.912565 -48.153294 -49.307953 -49.169175 -52.432202 -49.551623 -51.453334 -52.230852 -52.304378 -51.327010 -53.272914 -60.936128 -56.307680 -56.475274 -55.185824 
-17.430726 -32.822294 -45.193686 -44.226730 -34.283786 -38.896618 -41.140964 -38.090294 -44.706099 -52.329810 -47.526124 -44.175935 -42.173731 -46.220983 -46.009732 -42.431587 -46.236316 -48.499768 -42.713910 -41.758530 -39.784565 -38.520856 -41.347885 -43.920869 -43.190753 -44.557029 -39.906484 -38.536696 -39.372283 -43.166940 -44.121175 -43.561127 -50.380262 -43.708790 -45.180976 -53.783567 -64.240589 -56.038526 -48.744089 -47.722588 
-27.931709 -26.234738 -30.815114 -37.122130 -31.205415 -34.215285 -28.796813 -31.415962 -30.117332 -33.081477 -35.810013 -36.845834 -35.579212 -31.072606 -36.148243 -36.671185 -39.321958 -37.781774 -39.546508 -33.020956 -30.605499 -30.343111 -35.898672 -35.690286 -31.506793 -32.950784 -33.112265 -34.878151 -34.337157 -33.317086 -37.728452 -37.758922 -44.694781 -40.482884 -40.138667 -49.620896 -61.598649 -58.047299 -45.438505 -41.506979 
-23.514440 -18.581926 -21.960821 -21.401275 -29.365663 -28.819507 -25.136648 -22.840487 -21.703052 -25.125904 -27.423451 -28.556397 -31.435923 -28.609696 -29.765369 -27.315220 -28.773874 -25.449592 -27.558061 -29.466567 -27.913593 -29.321624 -29.193413 -31.790891 -26.927582 -29.451226 -30.459720 -31.743989 -32.374268 -31.697767 -33.824508 -34.130081 -33.180885 -37.113893 -38.037688 -42.446372 -42.216230 -45.420347 -40.084677 -40.685370 
-8.033656 -12.130217 -13.315003 -13.313684 -7.822677 -6.146024 -9.689707 -11.671376 -11.325753 -12.365112 -14.691969 -19.437766 -20.633033 -21.117570 -19.707563 -20.452700 -22.029088 -20.910399 -26.644234 -25.714288 -22.097218 -20.646011 -23.955589 -24.004690 -18.924501 -24.545412 -31.766621 -30.850664 -32.701204 -29.949286 -31.097750 -34.115662 -29.945520 -34.725043 -40.040718 -40.832026 -41.578700 -40.593372 -39.857967 -38.411295 
-3.111000 -11.961368 -19.036619 -1.172014 10.968049 12.375290 5.505688 -1.137806 9.084285 15.784342 11.434186 3.925127 5.879242 1.989209 4.318783 5.042824 -2.302876 -13.159789 -19.749858 -19.279589 -24.704232 -24.902103 -25.128167 -22.674311 -16.609801 -19.139919 -26.939378 -27.353836 -22.050548 -22.855969 -28.740580 -30.774638 -30.764213 -33.753270 -35.097009 -35.524573 -35.572681 -36.032537 -36.296949 -36.396996 
-10.197301 -19.563306 -35.543135 -1.014039 14.562758 10.995202 -6.018700 -2.080861 19.877710 20.296604 8.008701 13.852174 16.702364 0.903687 16.657649 13.102592 -0.333175 -4.316673 -12.744239 -12.264320 -23.027458 -23.142617 -19.414147 -14.714487 -9.740743 -15.200758 -21.347248 -21.540278 -12.515794 -16.202185 -22.061530 -26.005905 -25.428531 -34.275760 -45.513478 -49.541493 -42.624671 -38.369677 -38.619045 -43.089610 
-14.710191 -21.482572 -24.211966 -3.505303 13.080833 9.960815 -9.371308 -6.131293 19.257237 16.329831 -5.813588 14.294876 19.476934 1.513026 19.142850 14.899700 -3.646641 -1.591048 -13.181877 -9.466445 -22.757915 -21.611347 -23.572337 -16.692050 -10.549777 -10.996255 -17.098700 -19.597240 -14.402015 -19.779760 -26.128083 -29.731970 -28.422515 -33.870234 -46.531657 -49.914157 -37.292365 -34.807771 -32.747808 -38.305950 
-19.833234 -22.283848 -17.445507 -7.428401 11.839480 12.414900 -5.247599 -11.415857 15.203228 20.058626 0.397300 8.495743 20.676616 7.924688 15.603088 20.809109 -0.674886 -3.280920 -12.593626 -8.160213 -16.316804 -17.103129 -22.145683 -16.255672 -5.131927 -6.825001 -10.992274 -12.094018 -10.037352 -19.035175 -25.815836 -24.743329 -28.806200 -35.891260 -49.066928 -40.756811 -36.068026 -37.220461 -31.037370 -35.664770 
-28.330032 -21.594707 -19.703048 -9.560347 10.103174 13.263201 -2.811845 -11.701183 10.275086 21.996996 6.708533 -1.902211 19.876556 14.570033 7.809730 22.199044 7.201958 -7.131747 -8.016938 -10.858749 -14.161389 -15.726212 -16.468135 -12.610901 -6.332926 -6.930659 -10.445833 -13.617506 -7.874160 -15.126059 -20.190407 -23.645126 -27.920721 -30.604725 -31.711300 -31.385767 -31.186988 -31.652646 -29.424629 -30.360071 
-27.903110 -30.008825 -30.953859 -14.230919 6.892680 13.441630 -1.234287 -18.544507 5.647121 22.369875 11.135277 -8.220220 18.359869 17.501085 0.183760 20.049035 12.669369 -13.290146 -11.430242 -18.986584 -17.435094 -19.328200 -16.655051 -15.495659 -12.002844 -6.481274 -15.327327 -18.284248 -14.852105 -13.406374 -21.487813 -22.345683 -25.526659 -31.121197 -34.469714 -34.191628 -30.309573 -34.000043 -31.498129 -29.761813 
-26.329981 -23.206732 -22.803666 -19.982603 5.664161 13.869821 2.417193 -14.095109 0.844685 22.392488 14.983737 -13.632256 14.744110 19.492325 -1.646546 15.849210 14.450242 -13.794636 -10.345612 -17.097895 -14.461050 -18.114992 -15.232636 -15.031745 -13.648613 -3.807777 -14.975241 -15.024029 -10.596993 -14.757254 -19.546547 -23.001154 -24.563483 -28.097256 -29.935728 -30.293918 -28.311365 -30.476650 -29.782070 -27.549150 
-21.596904 -21.013209 -20.424018 -16.610213 3.689571 13.421634 2.425400 -14.106063 -5.728402 21.348037 16.538576 -12.168418 11.895313 20.521427 -0.625497 11.837764 13.973314 -13.337696 -6.803358 -16.139083 -13.868684 -19.445863 -16.345010 -18.051155 -15.221822 -5.130117 -11.948490 -16.237005 -11.195896 -16.651686 -18.068093 -23.409680 -24.406229 -28.741369 -30.483993 -30.783589 -29.174401 -30.664209 -30.021314 -29.326002 
-20.334193 -17.905663 -17.493155 -15.600401 1.750229 12.699972 2.871266 -10.843014 -11.060281 20.707083 17.699224 -11.530507 11.059010 21.523225 2.291009 6.974799 11.374481 -13.656138 -6.389577 -15.038211 -16.393373 -19.775853 -16.254979 -19.170679 -14.807290 -7.974391 -11.895102 -16.003607 -11.180530 -18.999871 -20.818843 -25.179127 -28.183074 -31.146657 -32.444234 -32.445525 -29.028320 -30.666683 -31.389079 -30.258536 
-12.148370 -15.232832 -14.748703 -13.475230 1.878707 12.409338 2.270405 -9.604740 -9.518798 20.711969 17.658234 -11.956795 10.764980 21.548033 0.558681 2.916253 9.016008 -16.454926 -6.773641 -16.347985 -16.437997 -21.929516 -18.953649 -22.771741 -17.358650 -8.860515 -11.618033 -14.450633 -11.485715 -21.816284 -24.385045 -25.294090 -30.683909 -38.351211 -43.102945 -42.011456 -30.709410 -31.469715 -37.381568 -35.468468 
-24.839464 -35.851604 -32.852061 -19.692836 2.698025 12.524172 1.307024 -15.632280 -7.099434 21.152086 16.503536 -12.060138 12.821882 21.285871 -1.408370 1.898749 6.977702 -14.873164 -6.897225 -16.891772 -16.680629 -21.133646 -16.737986 -20.162088 -18.576431 -7.434761 -10.774806 -11.564323 -9.409962 -17.337852 -22.650838 -22.048857 -25.529615 -30.509461 -31.433820 -31.639644 -27.607514 -28.133632 -31.079913 -29.185837 
-30.541969 -26.547294 -21.282272 -15.121095 4.538212 12.549456 0.727258 -16.083900 2.851314 22.564946 13.887706 -6.611663 16.927646 19.721502 -6.209666 6.200501 4.128202 -14.961587 -8.018030 -21.379663 -16.044451 -20.707829 -18.351762 -21.347814 -18.966364 -9.085070 -6.670386 -8.700166 -10.655310 -17.463915 -27.396714 -25.646719 -29.165233 -33.104197 -34.628536 -35.563489 -29.847923 -27.021153 -30.304812 -31.167606 
-26.113131 -32.022861 -30.294456 -13.309027 7.052041 12.163202 -3.109947 -18.896668 11.150059 23.583465 9.866964 -6.533171 19.136033 14.702702 -5.192979 9.579398 -1.781430 -12.568133 -12.301017 -20.295165 -19.259588 -21.478284 -21.283059 -23.156094 -19.279486 -15.711436 -6.988197 -11.027132 -11.894094 -17.748626 -30.436094 -28.926840 -28.979379 -34.027692 -34.587704 -36.753788 -33.057862 -29.161922 -29.544919 -28.001758 
-24.967189 -25.247916 -24.368842 -8.139219 10.585184 10.837453 -6.594365 -8.820588 17.014518 21.651157 3.503666 9.380763 20.377778 8.666660 6.268965 10.433367 -8.276808 -8.847874 -20.478757 -22.558284 -25.122522 -21.274820 -27.133752 -25.605792 -20.814086 -14.427111 -7.247827 -10.739983 -12.047352 -21.717643 -38.417899 -33.353227 -33.384653 -35.052925 -36.951617 -47.306855 -42.870779 -36.381991 -30.769451 -26.566953 
-20.142419 -23.357734 -21.004536 -2.335413 12.302499 8.553556 -8.622255 -0.583535 19.247194 14.359808 -5.139102 15.631077 16.040720 0.392083 12.757496 4.391447 -10.092989 -11.000356 -21.817094 -25.235063 -21.821648 -25.607168 -28.888148 -30.370056 -27.096516 -19.998315 -9.603209 -11.597322 -14.724379 -23.552397 -35.242743 -33.732271 -33.212252 -31.981126 -35.906703 -40.154972 -40.878288 -40.038935 -30.963059 -28.329835 
-21.795938 -24.025167 -23.895971 3.263750 12.969347 4.505395 -10.277956 10.151473 18.579647 2.696382 4.766169 16.362045 6.289726 10.664377 12.220854 -5.258386 -9.639185 -19.387391 -23.201308 -27.795838 -25.645565 -30.225940 -34.006644 -33.208429 -33.403922 -17.881558 -12.169506 -11.067655 -14.995963 -25.166443 -34.483032 -35.276711 -36.348242 -34.604196 -37.814512 -39.131869 -40.507226 -39.590118 -34.831484 -29.344828 
-24.015870 -32.755701 -17.746614 7.070551 11.080159 -3.361388 -1.847255 15.981775 14.103157 0.286473 14.135975 12.596869 4.175985 12.565745 0.301831 -12.863538 -17.612518 -20.131352 -25.807946 -29.135055 -28.480427 -29.880936 -31.780011 -33.888565 -33.166902 -18.841463 -13.850994 -10.922050 -17.411694 -29.109009 -32.676970 -35.353176 -32.669299 -33.288000 -37.093921 -37.742201 -39.110309 -39.822249 -34.772045 -31.928410 
-33.289783 -20.797629 -5.645821 10.178413 7.628432 -10.839786 7.910948 16.699673 7.820209 10.034570 14.984473 2.979883 11.706184 9.143049 -6.620674 -16.010246 -18.781505 -25.584932 -29.711485 -32.011057 -32.758332 -33.100545 -33.607775 -37.110773 -33.340470 -20.086334 -14.006177 -12.991628 -19.246452 -31.732338 -33.237704 -38.524515 -33.779912 -36.200805 -48.365457 -49.155450 -50.015092 -45.524463 -35.586807 -33.899997 
-22.856385 -18.460274 2.669568 12.592860 5.159937 -2.889903 11.222590 10.267619 5.399616 17.735510 9.690067 9.034967 9.658407 -1.790886 -4.554762 -15.914296 -19.024178 -25.568388 -33.162862 -33.623289 -34.007548 -29.638587 -31.432717 -37.337893 -30.421767 -23.886437 -10.474606 -10.715704 -17.923964 -26.049689 -28.580649 -35.231893 -38.893774 -39.130173 -44.583299 -44.671838 -45.623218 -44.051723 -36.326764 -35.762606 
-21.666178 -7.664874 9.447554 13.032259 2.058434 6.443516 9.067249 -0.181591 12.956050 14.626269 6.324067 7.384583 5.769833 3.885554 -7.477555 -15.472860 -23.792400 -27.488608 -30.773012 -34.563810 -37.906855 -29.295888 -31.771829 -39.966107 -31.209755 -26.233369 -11.151429 -12.256604 -16.209072 -22.789375 -25.522394 -33.465099 -48.152609 -47.252572 -52.624089 -54.237387 -53.176740 -54.170277 -38.867945 -33.614960 
-18.028126 -0.317695 11.992194 9.757388 2.463283 12.561115 6.374790 10.041181 10.953977 6.792579 5.599107 5.853995 8.144364 -1.946976 -11.014420 -19.668439 -25.597094 -26.821953 -32.075829 -32.836694 -31.286176 -29.830906 -29.970113 -38.277075 -36.895336 -24.820004 -12.817977 -10.174979 -17.529447 -22.272934 -26.306816 -38.085563 -46.950176 -46.486665 -46.706849 -48.255266 -47.097839 -48.619704 -41.826860 -37.442447 
-20.653023 3.182751 11.297872 5.293078 8.338393 10.530913 6.736188 13.109084 8.424131 9.886638 4.822959 5.430575 -2.393482 -11.208003 -15.049713 -19.290100 -22.736916 -25.062501 -26.605538 -27.935789 -27.404382 -26.962929 -27.195394 -31.408848 -34.022220 -25.351790 -15.228388 -14.456298 -20.692493 -23.505180 -27.508859 -35.825482 -38.237833 -38.453651 -38.841044 -39.284037 -39.185705 -39.775960 -37.687132 -34.325102 
-12.066739 5.596316 9.831433 2.158623 8.475485 3.591884 5.736849 3.872805 8.423459 4.426168 1.876608 -0.110519 -2.860180 -10.442039 -19.902344 -22.828343 -27.025411 -28.724816 -31.471962 -32.872837 -31.889210 -29.812889 -30.546458 -40.489268 -44.837701 -30.345523 -19.214211 -15.797292 -22.119749 -27.195764 -31.399526 -46.196242 -59.242130 -55.303951 -56.848808 -54.142225 -49.283316 -51.078693 -41.615143 -42.030040 
-8.807400 6.547454 8.507621 2.897069 6.254461 0.902536 3.838991 4.564322 6.506221 4.370754 1.319858 -0.782428 -11.119891 -18.581355 -25.475622 -27.125205 -27.206747 -31.609977 -32.352757 -34.701708 -33.070769 -34.343184 -34.482069 -43.339043 -41.988485 -32.572390 -18.600350 -20.114214 -26.885884 -27.511245 -34.581828 -48.689865 -61.472390 -59.970212 -59.830932 -52.436014 -44.270999 -46.086214 -44.958317 -49.786429 
-7.121541 6.862545 6.262267 4.064433 3.463937 1.466110 1.180375 6.714960 2.077151 3.097426 0.575311 -3.515769 -8.948879 -16.185613 -19.286836 -23.768175 -28.097228 -31.650710 -34.133414 -32.276231 -33.644373 -33.715052 -34.762715 -38.548084 -38.252274 -29.469300 -21.324313 -21.116967 -25.641812 -26.848397 -34.023483 -49.508933 -53.235857 -52.778431 -52.664987 -49.592426 -45.444446 -50.130288 -50.020926 -49.488600 
-5.369381 6.915365 4.994400 4.624347 2.284883 0.248390 0.592214 5.623326 -0.698592 -2.475990 -1.801987 -0.790948 -8.706831 -13.831170 -22.523832 -24.112740 -28.160405 -30.872471 -29.572889 -31.385652 -34.497359 -34.333341 -33.823193 -39.962664 -37.811336 -32.206105 -20.560773 -22.931808 -27.913464 -29.603704 -33.015901 -48.585412 -59.831475 -59.815331 -59.916162 -52.713823 -41.408638 -42.119237 -52.533382 -50.836299 
-4.369720 7.303006 4.948145 4.844278 1.225395 -2.602925 -1.966744 0.037132 -4.056619 -0.686073 -0.210495 -2.302532 -5.819993 -14.038654 -22.656669 -22.136298 -26.968489 -28.043182 -30.669278 -33.626524 -35.307386 -32.218590 -31.614372 -35.763185 -36.745812 -30.506965 -23.890154 -24.827750 -31.934972 -34.587231 -34.220382 -50.202906 -69.189459 -69.460965 -67.864752 -56.685526 -42.531729 -42.493292 -53.468955 -50.860488 
-3.258052 7.407101 5.537296 6.110573 0.736705 -5.713149 -4.867001 -4.756593 -2.039501 -2.398468 -6.997927 -8.062616 -8.540188 -6.549931 -12.677535 -21.750033 -24.397688 -31.324592 -35.572415 -36.060319 -38.834562 -34.189290 -33.917543 -33.095602 -36.665475 -37.209556 -29.594075 -30.429308 -38.306069 -37.512852 -37.664211 -48.470426 -59.855764 -60.403826 -59.283380 -56.305149 -40.845195 -41.358358 -52.181924 -48.571019 
-2.412506 7.088801 5.062216 6.502924 0.083415 -9.150969 -6.276767 -7.720711 -5.207316 -3.021421 -9.526397 -14.543993 -12.567923 -8.095520 -4.739103 -14.212564 -28.189839 -35.075868 -36.561224 -36.656147 -37.152636 -34.773195 -29.843752 -28.456480 -33.282463 -36.091888 -34.744260 -34.131021 -44.571745 -43.403288 -41.595758 -47.277862 -62.413315 -63.282582 -59.093072 -56.710772 -38.088502 -38.588382 -52.701573 -47.061147 
-2.669825 6.754325 5.150219 6.218928 -1.703999 -8.092583 -5.256096 -9.120084 -10.722085 -7.182519 -16.015216 -12.283812 -14.551475 -12.261115 -11.755283 -11.434372 -19.998340 -35.110347 -34.394307 -39.824274 -37.798267 -38.421885 -37.893043 -28.134739 -33.068246 -40.051825 -38.357368 -37.805227 -48.158763 -49.063008 -47.131464 -52.626502 -61.785027 -65.106250 -59.387266 -52.663005 -40.671333 -42.453215 -55.745049 -50.953839 
-1.632126 6.089085 3.918303 4.405487 -5.472649 -10.859094 -6.746222 -9.889803 -11.114040 -12.339852 -15.813103 -16.387066 -20.752389 -20.059124 -17.846850 -15.403425 -19.935227 -31.682216 -35.534174 -35.461096 -35.684949 -37.711486 -32.529561 -28.238580 -26.541659 -36.327693 -39.924368 -42.891965 -47.083681 -48.089734 -47.766151 -49.574600 -50.571732 -51.279491 -51.071599 -50.165516 -44.917577 -46.518207 -51.718508 -50.286823 
-2.157527 5.000714 2.590138 1.503637 -11.251287 -10.823286 -12.554693 -9.796607 -16.624415 -17.167341 -17.117438 -19.629309 -22.937820 -19.992829 -21.141523 -21.347522 -24.752429 -30.804420 -33.878214 -35.663678 -35.883079 -33.907103 -32.543842 -31.496222 -28.511076 -35.099045 -44.559302 -44.016055 -45.294435 -49.262018 -49.973722 -49.926043 -50.343062 -51.713919 -51.164066 -48.567930 -45.585548 -49.099981 -53.012741 -53.010520 
-1.713076 4.843828 2.234646 0.301659 -10.899413 -14.061794 -14.676057 -13.093932 -23.844452 -24.055877 -27.264174 -25.390665 -27.131646 -26.403135 -26.465037 -24.329178 -33.457431 -36.563296 -38.578431 -41.819682 -42.290627 -41.608573 -37.081821 -39.046064 -34.881635 -44.320823 -48.890360 -50.462303 -52.406799 -53.500062 -52.637690 -48.413319 -52.248067 -55.993421 -54.951630 -54.311816 -51.801630 -54.533232 -57.819970 -57.877092 
-2.135236 3.497125 0.438812 -0.330301 -7.373377 -15.387959 -17.067783 -15.524513 -28.719966 -31.260376 -35.022270 -33.089718 -30.326904 -31.135297 -39.554837 -35.883713 -39.636867 -46.537016 -44.849783 -45.805436 -48.937573 -46.742547 -41.923010 -41.559945 -43.234081 -55.834153 -61.821171 -61.228975 -60.361837 -58.524159 -53.067831 -46.664262 -55.016203 -61.697670 -62.094860 -60.665852 -57.681986 -63.858243 -73.429376 -74.048611 
-2.211245 2.628075 -1.024640 -1.612955 -7.634220 -13.854884 -17.526548 -18.135073 -29.522650 -34.766635 -38.009504 -36.318230 -34.916856 -35.131956 -40.725670 -42.004100 -36.914477 -43.958676 -44.775535 -46.102185 -50.211469 -48.462980 -40.737546 -38.580094 -39.948601 -58.344323 -70.046210 -66.428402 -60.093630 -56.705132 -53.432502 -51.353206 -56.355564 -58.876282 -62.054415 -62.947027 -65.320375 -68.725382 -80.592583 -78.639667 
-2.150187 2.445781 -1.649131 -4.299342 -10.329106 -14.632548 -18.076842 -20.521319 -35.417079 -35.433893 -37.534898 -32.088156 -34.451235 -32.011036 -38.568732 -46.482387 -41.391135 -44.676916 -45.224504 -46.298356 -51.406572 -54.942593 -45.815038 -39.651577 -42.702065 -57.932863 -60.637413 -59.658316 -57.558938 -52.726366 -52.484343 -50.254918 -56.972151 -59.569228 -64.035670 -64.024357 -62.358699 -67.019697 -67.594353 -67.740144 
-2.921710 1.960570 -3.634768 -11.531245 -17.004374 -17.403496 -21.390609 -27.686565 -37.477337 -46.358598 -39.324124 -41.855368 -41.927018 -43.712023 -49.855382 -50.443746 -48.883905 -45.555047 -43.043570 -47.545109 -51.868481 -47.287612 -42.207714 -38.772437 -40.235919 -58.559660 -61.469181 -61.603036 -58.574992 -57.553904 -56.618125 -51.002752 -57.864705 -62.261280 -64.529570 -63.282684 -62.244134 -64.963134 -66.363425 -66.758840 
-4.741120 0.778409 -8.869255 -17.566979 -28.188240 -24.168486 -26.843330 -38.659734 -39.511467 -44.591066 -43.926515 -42.705842 -38.457851 -40.228843 -45.024215 -53.178507 -51.266921 -48.268436 -49.871421 -51.838570 -49.863143 -47.235328 -44.302435 -43.731583 -45.026885 -59.640199 -61.495066 -61.137815 -59.286496 -57.546439 -55.096241 -57.067082 -61.097239 -61.532778 -64.484323 -65.312784 -64.796976 -64.780707 -65.791446 -66.200947 
-4.239057 -0.439162 -7.988801 -15.876740 -28.204956 -25.530673 -33.086308 -36.044828 -49.281650 -51.335289 -48.319189 -49.485828 -43.093885 -46.093561 -51.307622 -58.271250 -57.658193 -50.940122 -55.884807 -56.483955 -55.864243 -54.034551 -51.590800 -45.971790 -48.761047 -64.343424 -64.752998 -63.069739 -59.843473 -63.132038 -62.167762 -59.758721 -63.453226 -67.238080 -71.012817 -69.802528 -65.621042 -69.903839 -72.204473 -73.611260 
-7.631766 -3.623810 -8.586385 -15.302864 -26.949826 -31.542701 -36.313359 -47.184498 -48.147627 -50.806269 -50.588286 -49.802489 -41.687625 -41.447199 -43.783486 -52.123751 -60.495818 -57.413929 -51.733100 -62.260103 -60.261548 -57.057529 -47.707276 -47.599252 -49.894483 -69.425135 -71.448986 -67.136663 -58.254631 -63.473468 -64.161594 -62.899267 -64.480781 -67.573716 -69.567329 -71.523838 -71.589231 -71.225377 -72.286071 -73.718506 
-16.073778 -9.566024 -17.709020 -25.028389 -32.589375 -29.638734 -32.588713 -42.164205 -47.803222 -53.002719 -46.612981 -45.578819 -39.383039 -40.361322 -44.793720 -51.698678 -58.186570 -53.842394 -45.541398 -53.858025 -58.577470 -52.097583 -50.226239 -52.639454 -49.984139 -63.020467 -63.329022 -64.668328 -60.787627 -61.360116 -61.628450 -62.687883 -62.496431 -67.250617 -68.789106 -67.643052 -67.275201 -69.526631 -69.388594 -69.292705 
-15.794381 -15.423630 -25.790031 -31.629779 -29.456773 -31.981163 -34.201308 -42.987754 -48.037995 -46.277102 -42.237548 -45.245935 -48.221714 -46.208110 -46.407333 -53.247658 -60.935080 -56.577838 -54.652925 -61.230898 -57.486907 -58.120088 -49.785516 -52.780795 -53.427559 -63.930667 -65.404456 -66.806642 -67.221894 -61.207945 -60.420424 -65.588328 -67.832792 -71.452702 -71.397476 -64.981550 -66.522400 -69.734528 -70.884584 -70.937602 
-26.283018 -24.185800 -32.390173 -35.107898 -35.688789 -30.413321 -34.432145 -40.943238 -52.651538 -54.410736 -46.290996 -49.928466 -45.481924 -45.671882 -48.072098 -53.936954 -56.846933 -55.738212 -53.826429 -58.023262 -58.283400 -55.177628 -56.953934 -59.317610 -57.691252 -60.884476 -61.720537 -64.815982 -63.535699 -63.536865 -63.005833 -64.604736 -64.070980 -69.141577 -65.485948 -65.181157 -68.016231 -66.876332 -70.440682 -71.098966 
-37.356569 -33.585592 -36.303926 -38.952368 -37.207220 -42.866736 -40.730011 -40.493612 -44.164743 -44.110759 -44.350154 -42.184307 -40.336329 -43.772463 -45.826970 -47.351766 -49.184625 -47.565620 -50.006520 -48.141478 -48.950612 -48.629412 -49.600578 -52.276200 -51.934344 -53.183090 -57.162901 -58.430903 -61.666868 -64.665932 -63.881410 -62.975579 -60.232076 -66.291957 -66.701207 -68.423420 -68.625522 -66.307970 -68.755833 -71.615676 
-55.884011 -62.220798 -62.405164 -66.363165 -59.059338 -57.875987 -58.050287 -56.708711 -64.035720 -62.370508 -63.378140 -58.786394 -57.212892 -59.535029 -61.654196 -62.469323 -62.523706 -62.928403 -65.196583 -64.886035 -66.470385 -65.639929 -65.576404 -65.831115 -66.080747 -68.647542 -70.385653 -69.237135 -71.342357 -71.367596 -72.200247 -74.628822 -72.376929 -75.042748 -73.201220 -70.997049 -73.529846 -71.213977 -72.498618 -75.460500 
-58.356655 -80.580542 -65.450385 -63.506172 -69.232630 -70.466379 -70.728836 -68.666514 -67.291495 -76.252644 -77.096675 -71.755736 -74.411137 -70.338877 -67.558685 -69.267556 -71.371689 -72.859251 -67.920271 -68.100095 -70.066294 -68.631264 -67.300329 -66.203473 -69.311498 -73.030533 -71.556394 -72.015305 -73.478241 -73.381343 -77.164574 -74.775721 -72.018273 -74.436840 -74.094070 -74.555148 -72.645214 -76.044267 -74.830953 -77.585540 
-60.436902 -81.404314 -68.897095 -65.960692 -67.502197 -69.942317 -69.256990 -66.954759 -70.594816 -71.196756 -71.652508 -68.371328 -70.467578 -68.468271 -69.186459 -71.955531 -71.581350 -71.096363 -73.558101 -71.852200 -71.442978 -73.444873 -72.055654 -70.811671 -74.833824 -72.700134 -73.378788 -72.180830 -70.556900 -73.393272 -72.017553 -74.754344 -71.545328 -71.396998 -73.139296 -74.941966 -72.988774 -74.418719 -73.013965 -76.128430 
-64.059265 -78.871646 -71.147623 -74.824333 -73.610408 -68.854190 -67.421294 -72.018988 -73.763951 -72.545523 -67.267765 -67.830132 -73.848997 -73.638409 -71.274564 -80.160332 -79.485952 -75.382233 -70.900805 -72.697780 -75.903675 -75.235125 -75.275878 -71.404724 -74.953375 -72.618291 -72.939724 -70.259780 -72.594170 -74.166300 -74.811614 -75.644220 -74.483695 -71.029056 -72.566007 -77.834989 -75.958601 -75.542828 -76.746175 -77.618261 
-66.276498 -75.871608 -75.965630 -76.492924 -76.678575 -74.609512 -72.773128 -75.436648 -70.913128 -68.109731 -71.919576 -71.990455 -77.769113 -72.053319 -70.644238 -71.804616 -75.789209 -75.110091 -72.181471 -75.524534 -76.745187 -75.192997 -76.957546 -73.875603 -76.072599 -73.061489 -75.998141 -75.482227 -78.835692 -78.724520 -74.679913 -71.654017 -77.382360 -73.928071 -73.880565 -75.040934 -75.852057 -77.017084 -75.155162 -75.834158 
-64.138235 -76.481505 -70.475281 -70.040723 -72.265772 -75.385509 -78.565428 -75.856913 -76.296754 -75.139080 -71.504729 -71.278462 -81.124815 -74.777857 -74.686919 -78.554547 -75.123902 -70.143088 -71.891122 -76.349865 -78.038800 -73.903556 -75.251365 -75.485108 -78.230700 -74.650074 -73.379129 -71.847448 -72.087151 -75.024649 -73.435014 -76.172043 -78.916299 -74.038773 -76.967371 -77.724729 -77.988309 -74.437628 -76.121613 -78.315454 
-63.544773 -75.441637 -77.679588 -75.107623 -75.948941 -75.025069 -75.721646 -73.124077 -75.949274 -75.749246 -74.541040 -72.870880 -71.794610 -75.209796 -80.461921 -78.852955 -77.866640 -71.553656 -74.527139 -75.883145 -73.763365 -72.444066 -73.627190 -73.198106 -74.382322 -77.705746 -74.072604 -76.037148 -75.098722 -75.598420 -74.530042 -78.267013 -77.731520 -76.735267 -76.728576 -77.088903 -79.733471 -77.537506 -74.406970 -78.380334 
-62.800396 -74.636629 -79.217311 -74.757862 -71.528712 -75.513613 -77.781717 -75.997374 -76.680831 -81.036214 -74.892248 -75.291505 -70.958297 -76.930279 -74.534564 -79.197106 -78.489926 -80.878030 -75.461312 -74.727873 -74.389766 -72.631353 -77.646217 -79.513451 -75.479317 -75.536830 -74.232911 -76.741873 -75.500430 -79.126424 -77.016809 -75.767443 -78.057671 -76.131747 -75.696809 -77.372985 -76.468924 -76.716168 -74.968165 -76.630094 
-61.687210 -76.008925 -75.758246 -69.712361 -72.571597 -71.938512 -74.745127 -79.032244 -77.968522 -81.858088 -76.946093 -75.322401 -77.379633 -76.998267 -72.565918 -75.492294 -75.801484 -78.312408 -74.651103 -73.336614 -73.509922 -79.140694 -72.913583 -76.751192 -77.555160 -75.647649 -76.227220 -77.207910 -75.352874 -74.089693 -74.533115 -74.706496 -79.325578 -76.768936 -75.400534 -75.247876 -73.931145 -75.194723 -73.658152 -75.330643 
-65.230254 -72.196380 -83.690044 -81.897099 -82.418722 -90.070013 -82.626028 -87.831966 -80.490132 -79.648151 -81.386204 -83.399682 -81.197231 -77.150279 -72.391604 -78.479927 -84.434368 -83.513460 -83.674202 -80.942520 -73.885596 -76.958098 -77.080493 -77.542023 -80.190001 -79.600945 -77.033409 -79.521490 -84.241301 -86.199257 -81.363165 -77.473982 -76.947950 -77.258134 -78.880458 -80.427624 -78.686400 -77.661278 -77.928102 -78.901054 
-98.067310 -98.261635 -98.592059 -99.170575 -100.002293 -101.274707 -103.043346 -105.800051 -110.893486 -117.206467 -111.124598 -105.562437 -102.524734 -100.863728 -100.344570 -101.108993 -103.889203 -111.557900 -110.983410 -102.166617 -98.413446 -97.094814 -97.606716 -99.289943 -99.874161 -98.778011 -98.958952 -102.304737 -111.284463 -110.303658 -102.555224 -98.739478 -97.473724 -97.379812 -98.710903 -100.953445 -99.783642 -97.589846 -98.448858 -99.458300 
NaN NaN NaN NaN NaN NaN NaN NaN NaN NaN NaN NaN NaN NaN NaN NaN NaN NaN NaN NaN NaN NaN NaN NaN NaN NaN NaN NaN NaN NaN NaN NaN NaN NaN NaN NaN NaN NaN NaN NaN 
NaN NaN NaN NaN NaN NaN NaN NaN NaN NaN NaN NaN NaN NaN NaN NaN NaN NaN NaN NaN NaN NaN NaN NaN NaN NaN NaN NaN NaN NaN NaN NaN NaN NaN NaN NaN NaN NaN NaN NaN 
NaN NaN NaN NaN NaN NaN NaN NaN NaN NaN NaN NaN NaN NaN NaN NaN NaN NaN NaN NaN NaN NaN NaN NaN NaN NaN NaN NaN NaN NaN NaN NaN NaN NaN NaN NaN NaN NaN NaN NaN 
NaN NaN NaN NaN NaN NaN NaN NaN NaN NaN NaN NaN NaN NaN NaN NaN NaN NaN NaN NaN NaN NaN NaN NaN NaN NaN NaN NaN NaN NaN NaN NaN NaN NaN NaN NaN NaN NaN NaN NaN 
NaN NaN NaN NaN NaN NaN NaN NaN NaN NaN NaN NaN NaN NaN NaN NaN NaN NaN NaN NaN NaN NaN NaN NaN NaN NaN NaN NaN NaN NaN NaN NaN NaN NaN NaN NaN NaN NaN NaN NaN 
NaN NaN NaN NaN NaN NaN NaN NaN NaN NaN NaN NaN NaN NaN NaN NaN NaN NaN NaN NaN NaN NaN NaN NaN NaN NaN NaN NaN NaN NaN NaN NaN NaN NaN NaN NaN NaN NaN NaN NaN 
NaN NaN NaN NaN NaN NaN NaN NaN NaN NaN NaN NaN NaN NaN NaN NaN NaN NaN NaN NaN NaN NaN NaN NaN NaN NaN NaN NaN NaN NaN NaN NaN NaN NaN NaN NaN NaN NaN NaN NaN 
NaN NaN NaN NaN NaN NaN NaN NaN NaN NaN NaN NaN NaN NaN NaN NaN NaN NaN NaN NaN NaN NaN NaN NaN NaN NaN NaN NaN NaN NaN NaN NaN NaN NaN NaN NaN NaN NaN NaN NaN 
NaN NaN NaN NaN NaN NaN NaN NaN NaN NaN NaN NaN NaN NaN NaN NaN NaN NaN NaN NaN NaN NaN NaN NaN NaN NaN NaN NaN NaN NaN NaN NaN NaN NaN NaN NaN NaN NaN NaN NaN 
NaN NaN NaN NaN NaN NaN NaN NaN NaN NaN NaN NaN NaN NaN NaN NaN NaN NaN NaN NaN NaN NaN NaN NaN NaN NaN NaN NaN NaN NaN NaN NaN NaN NaN NaN NaN NaN NaN NaN NaN 
NaN NaN NaN NaN NaN NaN NaN NaN NaN NaN NaN NaN NaN NaN NaN NaN NaN NaN NaN NaN NaN NaN NaN NaN NaN NaN NaN NaN NaN NaN NaN NaN NaN NaN NaN NaN NaN NaN NaN NaN 
NaN NaN NaN NaN NaN NaN NaN NaN NaN NaN NaN NaN NaN NaN NaN NaN NaN NaN NaN NaN NaN NaN NaN NaN NaN NaN NaN NaN NaN NaN NaN NaN NaN NaN NaN NaN NaN NaN NaN NaN 
NaN NaN NaN NaN NaN NaN NaN NaN NaN NaN NaN NaN NaN NaN NaN NaN NaN NaN NaN NaN NaN NaN NaN NaN NaN NaN NaN NaN NaN NaN NaN NaN NaN NaN NaN NaN NaN NaN NaN NaN 
NaN NaN NaN NaN NaN NaN NaN NaN NaN NaN NaN NaN NaN NaN NaN NaN NaN NaN NaN NaN NaN NaN NaN NaN NaN NaN NaN NaN NaN NaN NaN NaN NaN NaN NaN NaN NaN NaN NaN NaN 
NaN NaN NaN NaN NaN NaN NaN NaN NaN NaN NaN NaN NaN NaN NaN NaN NaN NaN NaN NaN NaN NaN NaN NaN NaN NaN NaN NaN NaN NaN NaN NaN NaN NaN NaN NaN NaN NaN NaN NaN 
NaN NaN NaN NaN NaN NaN NaN NaN NaN NaN NaN NaN NaN NaN NaN NaN NaN NaN NaN NaN NaN NaN NaN NaN NaN NaN NaN NaN NaN NaN NaN NaN NaN NaN NaN NaN NaN NaN NaN NaN 
NaN NaN NaN NaN NaN NaN NaN NaN NaN NaN NaN NaN NaN NaN NaN NaN NaN NaN NaN NaN NaN NaN NaN NaN NaN NaN NaN NaN NaN NaN NaN NaN NaN NaN NaN NaN NaN NaN NaN NaN 
NaN NaN NaN NaN NaN NaN NaN NaN NaN NaN NaN NaN NaN NaN NaN NaN NaN NaN NaN NaN NaN NaN NaN NaN NaN NaN NaN NaN NaN NaN NaN NaN NaN NaN NaN NaN NaN NaN NaN NaN 
NaN NaN NaN NaN NaN NaN NaN NaN NaN NaN NaN NaN NaN NaN NaN NaN NaN NaN NaN NaN NaN NaN NaN NaN NaN NaN NaN NaN NaN NaN NaN NaN NaN NaN NaN NaN NaN NaN NaN NaN 
NaN NaN NaN NaN NaN NaN NaN NaN NaN NaN NaN NaN NaN NaN NaN NaN NaN NaN NaN NaN NaN NaN NaN NaN NaN NaN NaN NaN NaN NaN NaN NaN NaN NaN NaN NaN NaN NaN NaN NaN 
NaN NaN NaN NaN NaN NaN NaN NaN NaN NaN NaN NaN NaN NaN NaN NaN NaN NaN NaN NaN NaN NaN NaN NaN NaN NaN NaN NaN NaN NaN NaN NaN NaN NaN NaN NaN NaN NaN NaN NaN 
NaN NaN NaN NaN NaN NaN NaN NaN NaN NaN NaN NaN NaN NaN NaN NaN NaN NaN NaN NaN NaN NaN NaN NaN NaN NaN NaN NaN NaN NaN NaN NaN NaN NaN NaN NaN NaN NaN NaN NaN 
NaN NaN NaN NaN NaN NaN NaN NaN NaN NaN NaN NaN NaN NaN NaN NaN NaN NaN NaN NaN NaN NaN NaN NaN NaN NaN NaN NaN NaN NaN NaN NaN NaN NaN NaN NaN NaN NaN NaN NaN 
NaN NaN NaN NaN NaN NaN NaN NaN NaN NaN NaN NaN NaN NaN NaN NaN NaN NaN NaN NaN NaN NaN NaN NaN NaN NaN NaN NaN NaN NaN NaN NaN NaN NaN NaN NaN NaN NaN NaN NaN 
NaN NaN NaN NaN NaN NaN NaN NaN NaN NaN NaN NaN NaN NaN NaN NaN NaN NaN NaN NaN NaN NaN NaN NaN NaN NaN NaN NaN NaN NaN NaN NaN NaN NaN NaN NaN NaN NaN NaN NaN 
NaN NaN NaN NaN NaN NaN NaN NaN NaN NaN NaN NaN NaN NaN NaN NaN NaN NaN NaN NaN NaN NaN NaN NaN NaN NaN NaN NaN NaN NaN NaN NaN NaN NaN NaN NaN NaN NaN NaN NaN 
NaN NaN NaN NaN NaN NaN NaN NaN NaN NaN NaN NaN NaN NaN NaN NaN NaN NaN NaN NaN NaN NaN NaN NaN NaN NaN NaN NaN NaN NaN NaN NaN NaN NaN NaN NaN NaN NaN NaN NaN 
NaN NaN NaN NaN NaN NaN NaN NaN NaN NaN NaN NaN NaN NaN NaN NaN NaN NaN NaN NaN NaN NaN NaN NaN NaN NaN NaN NaN NaN NaN NaN NaN NaN NaN NaN NaN NaN NaN NaN NaN 
NaN NaN NaN NaN NaN NaN NaN NaN NaN NaN NaN NaN NaN NaN NaN NaN NaN NaN NaN NaN NaN NaN NaN NaN NaN NaN NaN NaN NaN NaN NaN NaN NaN NaN NaN NaN NaN NaN NaN NaN 
NaN NaN NaN NaN NaN NaN NaN NaN NaN NaN NaN NaN NaN NaN NaN NaN NaN NaN NaN NaN NaN NaN NaN NaN NaN NaN NaN NaN NaN NaN NaN NaN NaN NaN NaN NaN NaN NaN NaN NaN 
NaN NaN NaN NaN NaN NaN NaN NaN NaN NaN NaN NaN NaN NaN NaN NaN NaN NaN NaN NaN NaN NaN NaN NaN NaN NaN NaN NaN NaN NaN NaN NaN NaN NaN NaN NaN NaN NaN NaN NaN 
NaN NaN NaN NaN NaN NaN NaN NaN NaN NaN NaN NaN NaN NaN NaN NaN NaN NaN NaN NaN NaN NaN NaN NaN NaN NaN NaN NaN NaN NaN NaN NaN NaN NaN NaN NaN NaN NaN NaN NaN 
NaN NaN NaN NaN NaN NaN NaN NaN NaN NaN NaN NaN NaN NaN NaN NaN NaN NaN NaN NaN NaN NaN NaN NaN NaN NaN NaN NaN NaN NaN NaN NaN NaN NaN NaN NaN NaN NaN NaN NaN 
NaN NaN NaN NaN NaN NaN NaN NaN NaN NaN NaN NaN NaN NaN NaN NaN NaN NaN NaN NaN NaN NaN NaN NaN NaN NaN NaN NaN NaN NaN NaN NaN NaN NaN NaN NaN NaN NaN NaN NaN 
NaN NaN NaN NaN NaN NaN NaN NaN NaN NaN NaN NaN NaN NaN NaN NaN NaN NaN NaN NaN NaN NaN NaN NaN NaN NaN NaN NaN NaN NaN NaN NaN NaN NaN NaN NaN NaN NaN NaN NaN 
NaN NaN NaN NaN NaN NaN NaN NaN NaN NaN NaN NaN NaN NaN NaN NaN NaN NaN NaN NaN NaN NaN NaN NaN NaN NaN NaN NaN NaN NaN NaN NaN NaN NaN NaN NaN NaN NaN NaN NaN 
NaN NaN NaN NaN NaN NaN NaN NaN NaN NaN NaN NaN NaN NaN NaN NaN NaN NaN NaN NaN NaN NaN NaN NaN NaN NaN NaN NaN NaN NaN NaN NaN NaN NaN NaN NaN NaN NaN NaN NaN 
NaN NaN NaN NaN NaN NaN NaN NaN NaN NaN NaN NaN NaN NaN NaN NaN NaN NaN NaN NaN NaN NaN NaN NaN NaN NaN NaN NaN NaN NaN NaN NaN NaN NaN NaN NaN NaN NaN NaN NaN 
NaN NaN NaN NaN NaN NaN NaN NaN NaN NaN NaN NaN NaN NaN NaN NaN NaN NaN NaN NaN NaN NaN NaN NaN NaN NaN NaN NaN NaN NaN NaN NaN NaN NaN NaN NaN NaN NaN NaN NaN 
NaN NaN NaN NaN NaN NaN NaN NaN NaN NaN NaN NaN NaN NaN NaN NaN NaN NaN NaN NaN NaN NaN NaN NaN NaN NaN NaN NaN NaN NaN NaN NaN NaN NaN NaN NaN NaN NaN NaN NaN 
NaN NaN NaN NaN NaN NaN NaN NaN NaN NaN NaN NaN NaN NaN NaN NaN NaN NaN NaN NaN NaN NaN NaN NaN NaN NaN NaN NaN NaN NaN NaN NaN NaN NaN NaN NaN NaN NaN NaN NaN 
NaN NaN NaN NaN NaN NaN NaN NaN NaN NaN NaN NaN NaN NaN NaN NaN NaN NaN NaN NaN NaN NaN NaN NaN NaN NaN NaN NaN NaN NaN NaN NaN NaN NaN NaN NaN NaN NaN NaN NaN 
NaN NaN NaN NaN NaN NaN NaN NaN NaN NaN NaN NaN NaN NaN NaN NaN NaN NaN NaN NaN NaN NaN NaN NaN NaN NaN NaN NaN NaN NaN NaN NaN NaN NaN NaN NaN NaN NaN NaN NaN 
NaN NaN NaN NaN NaN NaN NaN NaN NaN NaN NaN NaN NaN NaN NaN NaN NaN NaN NaN NaN NaN NaN NaN NaN NaN NaN NaN NaN NaN NaN NaN NaN NaN NaN NaN NaN NaN NaN NaN NaN 
NaN NaN NaN NaN NaN NaN NaN NaN NaN NaN NaN NaN NaN NaN NaN NaN NaN NaN NaN NaN NaN NaN NaN NaN NaN NaN NaN NaN NaN NaN NaN NaN NaN NaN NaN NaN NaN NaN NaN NaN 
NaN NaN NaN NaN NaN NaN NaN NaN NaN NaN NaN NaN NaN NaN NaN NaN NaN NaN NaN NaN NaN NaN NaN NaN NaN NaN NaN NaN NaN NaN NaN NaN NaN NaN NaN NaN NaN NaN NaN NaN 
NaN NaN NaN NaN NaN NaN NaN NaN NaN NaN NaN NaN NaN NaN NaN NaN NaN NaN NaN NaN NaN NaN NaN NaN NaN NaN NaN NaN NaN NaN NaN NaN NaN NaN NaN NaN NaN NaN NaN NaN 
NaN NaN NaN NaN NaN NaN NaN NaN NaN NaN NaN NaN NaN NaN NaN NaN NaN NaN NaN NaN NaN NaN NaN NaN NaN NaN NaN NaN NaN NaN NaN NaN NaN NaN NaN NaN NaN NaN NaN NaN 
NaN NaN NaN NaN NaN NaN NaN NaN NaN NaN NaN NaN NaN NaN NaN NaN NaN NaN NaN NaN NaN NaN NaN NaN NaN NaN NaN NaN NaN NaN NaN NaN NaN NaN NaN NaN NaN NaN NaN NaN 
NaN NaN NaN NaN NaN NaN NaN NaN NaN NaN NaN NaN NaN NaN NaN NaN NaN NaN NaN NaN NaN NaN NaN NaN NaN NaN NaN NaN NaN NaN NaN NaN NaN NaN NaN NaN NaN NaN NaN NaN 
NaN NaN NaN NaN NaN NaN NaN NaN NaN NaN NaN NaN NaN NaN NaN NaN NaN NaN NaN NaN NaN NaN NaN NaN NaN NaN NaN NaN NaN NaN NaN NaN NaN NaN NaN NaN NaN NaN NaN NaN 
NaN NaN NaN NaN NaN NaN NaN NaN NaN NaN NaN NaN NaN NaN NaN NaN NaN NaN NaN NaN NaN NaN NaN NaN NaN NaN NaN NaN NaN NaN NaN NaN NaN NaN NaN NaN NaN NaN NaN NaN 
NaN NaN NaN NaN NaN NaN NaN NaN NaN NaN NaN NaN NaN NaN NaN NaN NaN NaN NaN NaN NaN NaN NaN NaN NaN NaN NaN NaN NaN NaN NaN NaN NaN NaN NaN NaN NaN NaN NaN NaN 
NaN NaN NaN NaN NaN NaN NaN NaN NaN NaN NaN NaN NaN NaN NaN NaN NaN NaN NaN NaN NaN NaN NaN NaN NaN NaN NaN NaN NaN NaN NaN NaN NaN NaN NaN NaN NaN NaN NaN NaN 
NaN NaN NaN NaN NaN NaN NaN NaN NaN NaN NaN NaN NaN NaN NaN NaN NaN NaN NaN NaN NaN NaN NaN NaN NaN NaN NaN NaN NaN NaN NaN NaN NaN NaN NaN NaN NaN NaN NaN NaN 
NaN NaN NaN NaN NaN NaN NaN NaN NaN NaN NaN NaN NaN NaN NaN NaN NaN NaN NaN NaN NaN NaN NaN NaN NaN NaN NaN NaN NaN NaN NaN NaN NaN NaN NaN NaN NaN NaN NaN NaN 
NaN NaN NaN NaN NaN NaN NaN NaN NaN NaN NaN NaN NaN NaN NaN NaN NaN NaN NaN NaN NaN NaN NaN NaN NaN NaN NaN NaN NaN NaN NaN NaN NaN NaN NaN NaN NaN NaN NaN NaN 
NaN NaN NaN NaN NaN NaN NaN NaN NaN NaN NaN NaN NaN NaN NaN NaN NaN NaN NaN NaN NaN NaN NaN NaN NaN NaN NaN NaN NaN NaN NaN NaN NaN NaN NaN NaN NaN NaN NaN NaN 
NaN NaN NaN NaN NaN NaN NaN NaN NaN NaN NaN NaN NaN NaN NaN NaN NaN NaN NaN NaN NaN NaN NaN NaN NaN NaN NaN NaN NaN NaN NaN NaN NaN NaN NaN NaN NaN NaN NaN NaN 
NaN NaN NaN NaN NaN NaN NaN NaN NaN NaN NaN NaN NaN NaN NaN NaN NaN NaN NaN NaN NaN NaN NaN NaN NaN NaN NaN NaN NaN NaN NaN NaN NaN NaN NaN NaN NaN NaN NaN NaN 
NaN NaN NaN NaN NaN NaN NaN NaN NaN NaN NaN NaN NaN NaN NaN NaN NaN NaN NaN NaN NaN NaN NaN NaN NaN NaN NaN NaN NaN NaN NaN NaN NaN NaN NaN NaN NaN NaN NaN NaN 
NaN NaN NaN NaN NaN NaN NaN NaN NaN NaN NaN NaN NaN NaN NaN NaN NaN NaN NaN NaN NaN NaN NaN NaN NaN NaN NaN NaN NaN NaN NaN NaN NaN NaN NaN NaN NaN NaN NaN NaN 
NaN NaN NaN NaN NaN NaN NaN NaN NaN NaN NaN NaN NaN NaN NaN NaN NaN NaN NaN NaN NaN NaN NaN NaN NaN NaN NaN NaN NaN NaN NaN NaN NaN NaN NaN NaN NaN NaN NaN NaN 
NaN NaN NaN NaN NaN NaN NaN NaN NaN NaN NaN NaN NaN NaN NaN NaN NaN NaN NaN NaN NaN NaN NaN NaN NaN NaN NaN NaN NaN NaN NaN NaN NaN NaN NaN NaN NaN NaN NaN NaN 
NaN NaN NaN NaN NaN NaN NaN NaN NaN NaN NaN NaN NaN NaN NaN NaN NaN NaN NaN NaN NaN NaN NaN NaN NaN NaN NaN NaN NaN NaN NaN NaN NaN NaN NaN NaN NaN NaN NaN NaN 
NaN NaN NaN NaN NaN NaN NaN NaN NaN NaN NaN NaN NaN NaN NaN NaN NaN NaN NaN NaN NaN NaN NaN NaN NaN NaN NaN NaN NaN NaN NaN NaN NaN NaN NaN NaN NaN NaN NaN NaN 
NaN NaN NaN NaN NaN NaN NaN NaN NaN NaN NaN NaN NaN NaN NaN NaN NaN NaN NaN NaN NaN NaN NaN NaN NaN NaN NaN NaN NaN NaN NaN NaN NaN NaN NaN NaN NaN NaN NaN NaN 
NaN NaN NaN NaN NaN NaN NaN NaN NaN NaN NaN NaN NaN NaN NaN NaN NaN NaN NaN NaN NaN NaN NaN NaN NaN NaN NaN NaN NaN NaN NaN NaN NaN NaN NaN NaN NaN NaN NaN NaN 
NaN NaN NaN NaN NaN NaN NaN NaN NaN NaN NaN NaN NaN NaN NaN NaN NaN NaN NaN NaN NaN NaN NaN NaN NaN NaN NaN NaN NaN NaN NaN NaN NaN NaN NaN NaN NaN NaN NaN NaN 
NaN NaN NaN NaN NaN NaN NaN NaN NaN NaN NaN NaN NaN NaN NaN NaN NaN NaN NaN NaN NaN NaN NaN NaN NaN NaN NaN NaN NaN NaN NaN NaN NaN NaN NaN NaN NaN NaN NaN NaN 
NaN NaN NaN NaN NaN NaN NaN NaN NaN NaN NaN NaN NaN NaN NaN NaN NaN NaN NaN NaN NaN NaN NaN NaN NaN NaN NaN NaN NaN NaN NaN NaN NaN NaN NaN NaN NaN NaN NaN NaN 
NaN NaN NaN NaN NaN NaN NaN NaN NaN NaN NaN NaN NaN NaN NaN NaN NaN NaN NaN NaN NaN NaN NaN NaN NaN NaN NaN NaN NaN NaN NaN NaN NaN NaN NaN NaN NaN NaN NaN NaN 
NaN NaN NaN NaN NaN NaN NaN NaN NaN NaN NaN NaN NaN NaN NaN NaN NaN NaN NaN NaN NaN NaN NaN NaN NaN NaN NaN NaN NaN NaN NaN NaN NaN NaN NaN NaN NaN NaN NaN NaN 
NaN NaN NaN NaN NaN NaN NaN NaN NaN NaN NaN NaN NaN NaN NaN NaN NaN NaN NaN NaN NaN NaN NaN NaN NaN NaN NaN NaN NaN NaN NaN NaN NaN NaN NaN NaN NaN NaN NaN NaN 
NaN NaN NaN NaN NaN NaN NaN NaN NaN NaN NaN NaN NaN NaN NaN NaN NaN NaN NaN NaN NaN NaN NaN NaN NaN NaN NaN NaN NaN NaN NaN NaN NaN NaN NaN NaN NaN NaN NaN NaN 
NaN NaN NaN NaN NaN NaN NaN NaN NaN NaN NaN NaN NaN NaN NaN NaN NaN NaN NaN NaN NaN NaN NaN NaN NaN NaN NaN NaN NaN NaN NaN NaN NaN NaN NaN NaN NaN NaN NaN NaN 
NaN NaN NaN NaN NaN NaN NaN NaN NaN NaN NaN NaN NaN NaN NaN NaN NaN NaN NaN NaN NaN NaN NaN NaN NaN NaN NaN NaN NaN NaN NaN NaN NaN NaN NaN NaN NaN NaN NaN NaN 
NaN NaN NaN NaN NaN NaN NaN NaN NaN NaN NaN NaN NaN NaN NaN NaN NaN NaN NaN NaN NaN NaN NaN NaN NaN NaN NaN NaN NaN NaN NaN NaN NaN NaN NaN NaN NaN NaN NaN NaN 
