NaN NaN NaN NaN NaN NaN NaN NaN NaN NaN NaN NaN NaN NaN NaN NaN NaN NaN NaN NaN NaN NaN NaN NaN NaN NaN NaN NaN NaN NaN NaN NaN NaN NaN NaN NaN NaN NaN NaN NaN 
NaN NaN NaN NaN NaN NaN NaN NaN NaN NaN NaN NaN NaN NaN NaN NaN NaN NaN NaN NaN NaN NaN NaN NaN NaN NaN NaN NaN NaN NaN NaN NaN NaN NaN NaN NaN NaN NaN NaN NaN 
NaN NaN NaN NaN NaN NaN NaN NaN NaN NaN NaN NaN NaN NaN NaN NaN NaN NaN NaN NaN NaN NaN NaN NaN NaN NaN NaN NaN NaN NaN NaN NaN NaN NaN NaN NaN NaN NaN NaN NaN 
NaN NaN NaN NaN NaN NaN NaN NaN NaN NaN NaN NaN NaN NaN NaN NaN NaN NaN NaN NaN NaN NaN NaN NaN NaN NaN NaN NaN NaN NaN NaN NaN NaN NaN NaN NaN NaN NaN NaN NaN 
NaN NaN NaN NaN NaN NaN NaN NaN NaN NaN NaN NaN NaN NaN NaN NaN NaN NaN NaN NaN NaN NaN NaN NaN NaN NaN NaN NaN NaN NaN NaN NaN NaN NaN NaN NaN NaN NaN NaN NaN 
NaN NaN NaN NaN NaN NaN NaN NaN NaN NaN NaN NaN NaN NaN NaN NaN NaN NaN NaN NaN NaN NaN NaN NaN NaN NaN NaN NaN NaN NaN NaN NaN NaN NaN NaN NaN NaN NaN NaN NaN 
NaN NaN NaN NaN NaN NaN NaN NaN NaN NaN NaN NaN NaN NaN NaN NaN NaN NaN NaN NaN NaN NaN NaN NaN NaN NaN NaN NaN NaN NaN NaN NaN NaN NaN NaN NaN NaN NaN NaN NaN 
NaN NaN NaN NaN NaN NaN NaN NaN NaN NaN NaN NaN NaN NaN NaN NaN NaN NaN NaN NaN NaN NaN NaN NaN NaN NaN NaN NaN NaN NaN NaN NaN NaN NaN NaN NaN NaN NaN NaN NaN 
NaN NaN NaN NaN NaN NaN NaN NaN NaN NaN NaN NaN NaN NaN NaN NaN NaN NaN NaN NaN NaN NaN NaN NaN NaN NaN NaN NaN NaN NaN NaN NaN NaN NaN NaN NaN NaN NaN NaN NaN 
NaN NaN NaN NaN NaN NaN NaN NaN NaN NaN NaN NaN NaN NaN NaN NaN NaN NaN NaN NaN NaN NaN NaN NaN NaN NaN NaN NaN NaN NaN NaN NaN NaN NaN NaN NaN NaN NaN NaN NaN 
NaN NaN NaN NaN NaN NaN NaN NaN NaN NaN NaN NaN NaN NaN NaN NaN NaN NaN NaN NaN NaN NaN NaN NaN NaN NaN NaN NaN NaN NaN NaN NaN NaN NaN NaN NaN NaN NaN NaN NaN 
NaN NaN NaN NaN NaN NaN NaN NaN NaN NaN NaN NaN NaN NaN NaN NaN NaN NaN NaN NaN NaN NaN NaN NaN NaN NaN NaN NaN NaN NaN NaN NaN NaN NaN NaN NaN NaN NaN NaN NaN 
NaN NaN NaN NaN NaN NaN NaN NaN NaN NaN NaN NaN NaN NaN NaN NaN NaN NaN NaN NaN NaN NaN NaN NaN NaN NaN NaN NaN NaN NaN NaN NaN NaN NaN NaN NaN NaN NaN NaN NaN 
NaN NaN NaN NaN NaN NaN NaN NaN NaN NaN NaN NaN NaN NaN NaN NaN NaN NaN NaN NaN NaN NaN NaN NaN NaN NaN NaN NaN NaN NaN NaN NaN NaN NaN NaN NaN NaN NaN NaN NaN 
NaN NaN NaN NaN NaN NaN NaN NaN NaN NaN NaN NaN NaN NaN NaN NaN NaN NaN NaN NaN NaN NaN NaN NaN NaN NaN NaN NaN NaN NaN NaN NaN NaN NaN NaN NaN NaN NaN NaN NaN 
NaN NaN NaN NaN NaN NaN NaN NaN NaN NaN NaN NaN NaN NaN NaN NaN NaN NaN NaN NaN NaN NaN NaN NaN NaN NaN NaN NaN NaN NaN NaN NaN NaN NaN NaN NaN NaN NaN NaN NaN 
NaN NaN NaN NaN NaN NaN NaN NaN NaN NaN NaN NaN NaN NaN NaN NaN NaN NaN NaN NaN NaN NaN NaN NaN NaN NaN NaN NaN NaN NaN NaN NaN NaN NaN NaN NaN NaN NaN NaN NaN 
NaN NaN NaN NaN NaN NaN NaN NaN NaN NaN NaN NaN NaN NaN NaN NaN NaN NaN NaN NaN NaN NaN NaN NaN NaN NaN NaN NaN NaN NaN NaN NaN NaN NaN NaN NaN NaN NaN NaN NaN 
NaN NaN NaN NaN NaN NaN NaN NaN NaN NaN NaN NaN NaN NaN NaN NaN NaN NaN NaN NaN NaN NaN NaN NaN NaN NaN NaN NaN NaN NaN NaN NaN NaN NaN NaN NaN NaN NaN NaN NaN 
NaN NaN NaN NaN NaN NaN NaN NaN NaN NaN NaN NaN NaN NaN NaN NaN NaN NaN NaN NaN NaN NaN NaN NaN NaN NaN NaN NaN NaN NaN NaN NaN NaN NaN NaN NaN NaN NaN NaN NaN 
NaN NaN NaN NaN NaN NaN NaN NaN NaN NaN NaN NaN NaN NaN NaN NaN NaN NaN NaN NaN NaN NaN NaN NaN NaN NaN NaN NaN NaN NaN NaN NaN NaN NaN NaN NaN NaN NaN NaN NaN 
NaN NaN NaN NaN NaN NaN NaN NaN NaN NaN NaN NaN NaN NaN NaN NaN NaN NaN NaN NaN NaN NaN NaN NaN NaN NaN NaN NaN NaN NaN NaN NaN NaN NaN NaN NaN NaN NaN NaN NaN 
NaN NaN NaN NaN NaN NaN NaN NaN NaN NaN NaN NaN NaN NaN NaN NaN NaN NaN NaN NaN NaN NaN NaN NaN NaN NaN NaN NaN NaN NaN NaN NaN NaN NaN NaN NaN NaN NaN NaN NaN 
NaN NaN NaN NaN NaN NaN NaN NaN NaN NaN NaN NaN NaN NaN NaN NaN NaN NaN NaN NaN NaN NaN NaN NaN NaN NaN NaN NaN NaN NaN NaN NaN NaN NaN NaN NaN NaN NaN NaN NaN 
NaN NaN NaN NaN NaN NaN NaN NaN NaN NaN NaN NaN NaN NaN NaN NaN NaN NaN NaN NaN NaN NaN NaN NaN NaN NaN NaN NaN NaN NaN NaN NaN NaN NaN NaN NaN NaN NaN NaN NaN 
NaN NaN NaN NaN NaN NaN NaN NaN NaN NaN NaN NaN NaN NaN NaN NaN NaN NaN NaN NaN NaN NaN NaN NaN NaN NaN NaN NaN NaN NaN NaN NaN NaN NaN NaN NaN NaN NaN NaN NaN 
NaN NaN NaN NaN NaN NaN NaN NaN NaN NaN NaN NaN NaN NaN NaN NaN NaN NaN NaN NaN NaN NaN NaN NaN NaN NaN NaN NaN NaN NaN NaN NaN NaN NaN NaN NaN NaN NaN NaN NaN 
NaN NaN NaN NaN NaN NaN NaN NaN NaN NaN NaN NaN NaN NaN NaN NaN NaN NaN NaN NaN NaN NaN NaN NaN NaN NaN NaN NaN NaN NaN NaN NaN NaN NaN NaN NaN NaN NaN NaN NaN 
NaN NaN NaN NaN NaN NaN NaN NaN NaN NaN NaN NaN NaN NaN NaN NaN NaN NaN NaN NaN NaN NaN NaN NaN NaN NaN NaN NaN NaN NaN NaN NaN NaN NaN NaN NaN NaN NaN NaN NaN 
NaN NaN NaN NaN NaN NaN NaN NaN NaN NaN NaN NaN NaN NaN NaN NaN NaN NaN NaN NaN NaN NaN NaN NaN NaN NaN NaN NaN NaN NaN NaN NaN NaN NaN NaN NaN NaN NaN NaN NaN 
NaN NaN NaN NaN NaN NaN NaN NaN NaN NaN NaN NaN NaN NaN NaN NaN NaN NaN NaN NaN NaN NaN NaN NaN NaN NaN NaN NaN NaN NaN NaN NaN NaN NaN NaN NaN NaN NaN NaN NaN 
NaN NaN NaN NaN NaN NaN NaN NaN NaN NaN NaN NaN NaN NaN NaN NaN NaN NaN NaN NaN NaN NaN NaN NaN NaN NaN NaN NaN NaN NaN NaN NaN NaN NaN NaN NaN NaN NaN NaN NaN 
NaN NaN NaN NaN NaN NaN NaN NaN NaN NaN NaN NaN NaN NaN NaN NaN NaN NaN NaN NaN NaN NaN NaN NaN NaN NaN NaN NaN NaN NaN NaN NaN NaN NaN NaN NaN NaN NaN NaN NaN 
NaN NaN NaN NaN NaN NaN NaN NaN NaN NaN NaN NaN NaN NaN NaN NaN NaN NaN NaN NaN NaN NaN NaN NaN NaN NaN NaN NaN NaN NaN NaN NaN NaN NaN NaN NaN NaN NaN NaN NaN 
NaN NaN NaN NaN NaN NaN NaN NaN NaN NaN NaN NaN NaN NaN NaN NaN NaN NaN NaN NaN NaN NaN NaN NaN NaN NaN NaN NaN NaN NaN NaN NaN NaN NaN NaN NaN NaN NaN NaN NaN 
NaN NaN NaN NaN NaN NaN NaN NaN NaN NaN NaN NaN NaN NaN NaN NaN NaN NaN NaN NaN NaN NaN NaN NaN NaN NaN NaN NaN NaN NaN NaN NaN NaN NaN NaN NaN NaN NaN NaN NaN 
NaN NaN NaN NaN NaN NaN NaN NaN NaN NaN NaN NaN NaN NaN NaN NaN NaN NaN NaN NaN NaN NaN NaN NaN NaN NaN NaN NaN NaN NaN NaN NaN NaN NaN NaN NaN NaN NaN NaN NaN 
NaN NaN NaN NaN NaN NaN NaN NaN NaN NaN NaN NaN NaN NaN NaN NaN NaN NaN NaN NaN NaN NaN NaN NaN NaN NaN NaN NaN NaN NaN NaN NaN NaN NaN NaN NaN NaN NaN NaN NaN 
NaN NaN NaN NaN NaN NaN NaN NaN NaN NaN NaN NaN NaN NaN NaN NaN NaN NaN NaN NaN NaN NaN NaN NaN NaN NaN NaN NaN NaN NaN NaN NaN NaN NaN NaN NaN NaN NaN NaN NaN 
NaN NaN NaN NaN NaN NaN NaN NaN NaN NaN NaN NaN NaN NaN NaN NaN NaN NaN NaN NaN NaN NaN NaN NaN NaN NaN NaN NaN NaN NaN NaN NaN NaN NaN NaN NaN NaN NaN NaN NaN 
NaN NaN NaN NaN NaN NaN NaN NaN NaN NaN NaN NaN NaN NaN NaN NaN NaN NaN NaN NaN NaN NaN NaN NaN NaN NaN NaN NaN NaN NaN NaN NaN NaN NaN NaN NaN NaN NaN NaN NaN 
NaN NaN NaN NaN NaN NaN NaN NaN NaN NaN NaN NaN NaN NaN NaN NaN NaN NaN NaN NaN NaN NaN NaN NaN NaN NaN NaN NaN NaN NaN NaN NaN NaN NaN NaN NaN NaN NaN NaN NaN 
NaN NaN NaN NaN NaN NaN NaN NaN NaN NaN NaN NaN NaN NaN NaN NaN NaN NaN NaN NaN NaN NaN NaN NaN NaN NaN NaN NaN NaN NaN NaN NaN NaN NaN NaN NaN NaN NaN NaN NaN 
NaN NaN NaN NaN NaN NaN NaN NaN NaN NaN NaN NaN NaN NaN NaN NaN NaN NaN NaN NaN NaN NaN NaN NaN NaN NaN NaN NaN NaN NaN NaN NaN NaN NaN NaN NaN NaN NaN NaN NaN 
NaN NaN NaN NaN NaN NaN NaN NaN NaN NaN NaN NaN NaN NaN NaN NaN NaN NaN NaN NaN NaN NaN NaN NaN NaN NaN NaN NaN NaN NaN NaN NaN NaN NaN NaN NaN NaN NaN NaN NaN 
NaN NaN NaN NaN NaN NaN NaN NaN NaN NaN NaN NaN NaN NaN NaN NaN NaN NaN NaN NaN NaN NaN NaN NaN NaN NaN NaN NaN NaN NaN NaN NaN NaN NaN NaN NaN NaN NaN NaN NaN 
NaN NaN NaN NaN NaN NaN NaN NaN NaN NaN NaN NaN NaN NaN NaN NaN NaN NaN NaN NaN NaN NaN NaN NaN NaN NaN NaN NaN NaN NaN NaN NaN NaN NaN NaN NaN NaN NaN NaN NaN 
NaN NaN NaN NaN NaN NaN NaN NaN NaN NaN NaN NaN NaN NaN NaN NaN NaN NaN NaN NaN NaN NaN NaN NaN NaN NaN NaN NaN NaN NaN NaN NaN NaN NaN NaN NaN NaN NaN NaN NaN 
NaN NaN NaN NaN NaN NaN NaN NaN NaN NaN NaN NaN NaN NaN NaN NaN NaN NaN NaN NaN NaN NaN NaN NaN NaN NaN NaN NaN NaN NaN NaN NaN NaN NaN NaN NaN NaN NaN NaN NaN 
NaN NaN NaN NaN NaN NaN NaN NaN NaN NaN NaN NaN NaN NaN NaN NaN NaN NaN NaN NaN NaN NaN NaN NaN NaN NaN NaN NaN NaN NaN NaN NaN NaN NaN NaN NaN NaN NaN NaN NaN 
NaN NaN NaN NaN NaN NaN NaN NaN NaN NaN NaN NaN NaN NaN NaN NaN NaN NaN NaN NaN NaN NaN NaN NaN NaN NaN NaN NaN NaN NaN NaN NaN NaN NaN NaN NaN NaN NaN NaN NaN 
NaN NaN NaN NaN NaN NaN NaN NaN NaN NaN NaN NaN NaN NaN NaN NaN NaN NaN NaN NaN NaN NaN NaN NaN NaN NaN NaN NaN NaN NaN NaN NaN NaN NaN NaN NaN NaN NaN NaN NaN 
NaN NaN NaN NaN NaN NaN NaN NaN NaN NaN NaN NaN NaN NaN NaN NaN NaN NaN NaN NaN NaN NaN NaN NaN NaN NaN NaN NaN NaN NaN NaN NaN NaN NaN NaN NaN NaN NaN NaN NaN 
NaN NaN NaN NaN NaN NaN NaN NaN NaN NaN NaN NaN NaN NaN NaN NaN NaN NaN NaN NaN NaN NaN NaN NaN NaN NaN NaN NaN NaN NaN NaN NaN NaN NaN NaN NaN NaN NaN NaN NaN 
NaN NaN NaN NaN NaN NaN NaN NaN NaN NaN NaN NaN NaN NaN NaN NaN NaN NaN NaN NaN NaN NaN NaN NaN NaN NaN NaN NaN NaN NaN NaN NaN NaN NaN NaN NaN NaN NaN NaN NaN 
NaN NaN NaN NaN NaN NaN NaN NaN NaN NaN NaN NaN NaN NaN NaN NaN NaN NaN NaN NaN NaN NaN NaN NaN NaN NaN NaN NaN NaN NaN NaN NaN NaN NaN NaN NaN NaN NaN NaN NaN 
NaN NaN NaN NaN NaN NaN NaN NaN NaN NaN NaN NaN NaN NaN NaN NaN NaN NaN NaN NaN NaN NaN NaN NaN NaN NaN NaN NaN NaN NaN NaN NaN NaN NaN NaN NaN NaN NaN NaN NaN 
NaN NaN NaN NaN NaN NaN NaN NaN NaN NaN NaN NaN NaN NaN NaN NaN NaN NaN NaN NaN NaN NaN NaN NaN NaN NaN NaN NaN NaN NaN NaN NaN NaN NaN NaN NaN NaN NaN NaN NaN 
NaN NaN NaN NaN NaN NaN NaN NaN NaN NaN NaN NaN NaN NaN NaN NaN NaN NaN NaN NaN NaN NaN NaN NaN NaN NaN NaN NaN NaN NaN NaN NaN NaN NaN NaN NaN NaN NaN NaN NaN 
NaN NaN NaN NaN NaN NaN NaN NaN NaN NaN NaN NaN NaN NaN NaN NaN NaN NaN NaN NaN NaN NaN NaN NaN NaN NaN NaN NaN NaN NaN NaN NaN NaN NaN NaN NaN NaN NaN NaN NaN 
NaN NaN NaN NaN NaN NaN NaN NaN NaN NaN NaN NaN NaN NaN NaN NaN NaN NaN NaN NaN NaN NaN NaN NaN NaN NaN NaN NaN NaN NaN NaN NaN NaN NaN NaN NaN NaN NaN NaN NaN 
NaN NaN NaN NaN NaN NaN NaN NaN NaN NaN NaN NaN NaN NaN NaN NaN NaN NaN NaN NaN NaN NaN NaN NaN NaN NaN NaN NaN NaN NaN NaN NaN NaN NaN NaN NaN NaN NaN NaN NaN 
NaN NaN NaN NaN NaN NaN NaN NaN NaN NaN NaN NaN NaN NaN NaN NaN NaN NaN NaN NaN NaN NaN NaN NaN NaN NaN NaN NaN NaN NaN NaN NaN NaN NaN NaN NaN NaN NaN NaN NaN 
NaN NaN NaN NaN NaN NaN NaN NaN NaN NaN NaN NaN NaN NaN NaN NaN NaN NaN NaN NaN NaN NaN NaN NaN NaN NaN NaN NaN NaN NaN NaN NaN NaN NaN NaN NaN NaN NaN NaN NaN 
NaN NaN NaN NaN NaN NaN NaN NaN NaN NaN NaN NaN NaN NaN NaN NaN NaN NaN NaN NaN NaN NaN NaN NaN NaN NaN NaN NaN NaN NaN NaN NaN NaN NaN NaN NaN NaN NaN NaN NaN 
NaN NaN NaN NaN NaN NaN NaN NaN NaN NaN NaN NaN NaN NaN NaN NaN NaN NaN NaN NaN NaN NaN NaN NaN NaN NaN NaN NaN NaN NaN NaN NaN NaN NaN NaN NaN NaN NaN NaN NaN 
NaN NaN NaN NaN NaN NaN NaN NaN NaN NaN NaN NaN NaN NaN NaN NaN NaN NaN NaN NaN NaN NaN NaN NaN NaN NaN NaN NaN NaN NaN NaN NaN NaN NaN NaN NaN NaN NaN NaN NaN 
NaN NaN NaN NaN NaN NaN NaN NaN NaN NaN NaN NaN NaN NaN NaN NaN NaN NaN NaN NaN NaN NaN NaN NaN NaN NaN NaN NaN NaN NaN NaN NaN NaN NaN NaN NaN NaN NaN NaN NaN 
NaN NaN NaN NaN NaN NaN NaN NaN NaN NaN NaN NaN NaN NaN NaN NaN NaN NaN NaN NaN NaN NaN NaN NaN NaN NaN NaN NaN NaN NaN NaN NaN NaN NaN NaN NaN NaN NaN NaN NaN 
NaN NaN NaN NaN NaN NaN NaN NaN NaN NaN NaN NaN NaN NaN NaN NaN NaN NaN NaN NaN NaN NaN NaN NaN NaN NaN NaN NaN NaN NaN NaN NaN NaN NaN NaN NaN NaN NaN NaN NaN 
NaN NaN NaN NaN NaN NaN NaN NaN NaN NaN NaN NaN NaN NaN NaN NaN NaN NaN NaN NaN NaN NaN NaN NaN NaN NaN NaN NaN NaN NaN NaN NaN NaN NaN NaN NaN NaN NaN NaN NaN 
NaN NaN NaN NaN NaN NaN NaN NaN NaN NaN NaN NaN NaN NaN NaN NaN NaN NaN NaN NaN NaN NaN NaN NaN NaN NaN NaN NaN NaN NaN NaN NaN NaN NaN NaN NaN NaN NaN NaN NaN 
NaN NaN NaN NaN NaN NaN NaN NaN NaN NaN NaN NaN NaN NaN NaN NaN NaN NaN NaN NaN NaN NaN NaN NaN NaN NaN NaN NaN NaN NaN NaN NaN NaN NaN NaN NaN NaN NaN NaN NaN 
NaN NaN NaN NaN NaN NaN NaN NaN NaN NaN NaN NaN NaN NaN NaN NaN NaN NaN NaN NaN NaN NaN NaN NaN NaN NaN NaN NaN NaN NaN NaN NaN NaN NaN NaN NaN NaN NaN NaN NaN 
NaN NaN NaN NaN NaN NaN NaN NaN NaN NaN NaN NaN NaN NaN NaN NaN NaN NaN NaN NaN NaN NaN NaN NaN NaN NaN NaN NaN NaN NaN NaN NaN NaN NaN NaN NaN NaN NaN NaN NaN 
NaN NaN NaN NaN NaN NaN NaN NaN NaN NaN NaN NaN NaN NaN NaN NaN NaN NaN NaN NaN NaN NaN NaN NaN NaN NaN NaN NaN NaN NaN NaN NaN NaN NaN NaN NaN NaN NaN NaN NaN 
NaN NaN NaN NaN NaN NaN NaN NaN NaN NaN NaN NaN NaN NaN NaN NaN NaN NaN NaN NaN NaN NaN NaN NaN NaN NaN NaN NaN NaN NaN NaN NaN NaN NaN NaN NaN NaN NaN NaN NaN 
NaN NaN NaN NaN NaN NaN NaN NaN NaN NaN NaN NaN NaN NaN NaN NaN NaN NaN NaN NaN NaN NaN NaN NaN NaN NaN NaN NaN NaN NaN NaN NaN NaN NaN NaN NaN NaN NaN NaN NaN 
NaN NaN NaN NaN NaN NaN NaN NaN NaN NaN NaN NaN NaN NaN NaN NaN NaN NaN NaN NaN NaN NaN NaN NaN NaN NaN NaN NaN NaN NaN NaN NaN NaN NaN NaN NaN NaN NaN NaN NaN 
NaN NaN NaN NaN NaN NaN NaN NaN NaN NaN NaN NaN NaN NaN NaN NaN NaN NaN NaN NaN NaN NaN NaN NaN NaN NaN NaN NaN NaN NaN NaN NaN NaN NaN NaN NaN NaN NaN NaN NaN 
NaN NaN NaN NaN NaN NaN NaN NaN NaN NaN NaN NaN NaN NaN NaN NaN NaN NaN NaN NaN NaN NaN NaN NaN NaN NaN NaN NaN NaN NaN NaN NaN NaN NaN NaN NaN NaN NaN NaN NaN 
NaN NaN NaN NaN NaN NaN NaN NaN NaN NaN NaN NaN NaN NaN NaN NaN NaN NaN NaN NaN NaN NaN NaN NaN NaN NaN NaN NaN NaN NaN NaN NaN NaN NaN NaN NaN NaN NaN NaN NaN 
NaN NaN NaN NaN NaN NaN NaN NaN NaN NaN NaN NaN NaN NaN NaN NaN NaN NaN NaN NaN NaN NaN NaN NaN NaN NaN NaN NaN NaN NaN NaN NaN NaN NaN NaN NaN NaN NaN NaN NaN 
NaN NaN NaN NaN NaN NaN NaN NaN NaN NaN NaN NaN NaN NaN NaN NaN NaN NaN NaN NaN NaN NaN NaN NaN NaN NaN NaN NaN NaN NaN NaN NaN NaN NaN NaN NaN NaN NaN NaN NaN 
NaN NaN NaN NaN NaN NaN NaN NaN NaN NaN NaN NaN NaN NaN NaN NaN NaN NaN NaN NaN NaN NaN NaN NaN NaN NaN NaN NaN NaN NaN NaN NaN NaN NaN NaN NaN NaN NaN NaN NaN 
NaN NaN NaN NaN NaN NaN NaN NaN NaN NaN NaN NaN NaN NaN NaN NaN NaN NaN NaN NaN NaN NaN NaN NaN NaN NaN NaN NaN NaN NaN NaN NaN NaN NaN NaN NaN NaN NaN NaN NaN 
-91.388696 -91.482701 -91.640014 -91.907898 -92.276590 -92.804546 -93.469428 -94.358356 -95.611516 -97.235665 -99.463885 -102.801802 -108.219314 -116.029207 -110.404577 -105.163074 -102.614323 -101.622362 -101.900261 -103.641694 -107.898458 -117.246917 -111.144801 -105.023235 -102.890030 -103.111234 -105.219623 -106.996002 -105.574289 -104.482819 -105.341879 -105.517060 -104.685928 -108.287460 -109.239123 -101.115177 -99.851337 -103.975723 -110.266430 -112.628888 
-58.064215 -64.766499 -68.882117 -69.971853 -71.989893 -70.573030 -72.438535 -80.194680 -84.461019 -80.112431 -82.650794 -75.125171 -75.962503 -76.527386 -78.875340 -76.676117 -77.412917 -79.190970 -79.399470 -80.440013 -82.177107 -81.550268 -84.794200 -79.238884 -77.459079 -78.747208 -77.936991 -80.473585 -80.321811 -84.875056 -79.301199 -80.926637 -76.658643 -76.224306 -74.636134 -74.403557 -76.944235 -78.842904 -81.408019 -84.870910 
-54.290468 -80.023445 -73.240433 -68.648930 -71.048609 -74.031498 -70.842068 -76.231122 -83.980526 -78.646393 -72.600065 -70.614095 -77.061607 -76.369986 -76.499544 -69.943629 -71.019952 -76.156309 -74.401426 -73.966942 -76.919519 -72.930999 -74.076122 -71.706470 -73.382714 -73.353433 -75.238455 -76.284266 -73.431630 -74.847402 -74.313897 -75.512243 -72.826855 -73.592281 -74.076675 -72.905865 -72.826263 -73.298146 -73.400586 -75.092341 
-56.405996 -73.018356 -78.084045 -78.437382 -68.355108 -73.646173 -77.871027 -75.077980 -77.661420 -72.374933 -68.379951 -67.141201 -69.056733 -72.898834 -73.735289 -72.515817 -71.425479 -69.411586 -72.788419 -75.784834 -73.920606 -74.449721 -70.153309 -71.511832 -78.282505 -81.404201 -75.627667 -73.415934 -76.645005 -73.288683 -71.160266 -72.548739 -70.832273 -71.311615 -74.451042 -70.758546 -72.795857 -74.728116 -73.592879 -73.399564 
-48.447469 -45.545973 -47.335294 -48.928784 -52.744815 -55.802874 -58.203017 -59.369446 -58.689015 -58.729123 -60.250394 -64.971996 -65.952230 -63.655676 -65.455131 -67.608777 -66.792950 -66.620559 -69.681648 -66.694812 -72.319331 -71.091484 -68.200158 -68.753809 -67.725348 -70.918771 -73.307354 -70.010580 -72.455969 -73.632458 -72.740406 -71.641854 -71.444743 -72.558083 -70.746730 -74.061085 -73.160403 -75.395493 -73.748258 -72.757591 
-22.203822 -21.975232 -28.448534 -36.484340 -38.863934 -39.064566 -39.460758 -41.027278 -43.651375 -45.926447 -48.614081 -48.541653 -49.885044 -53.362242 -54.534593 -53.434297 -53.191234 -54.619699 -56.734628 -57.582344 -58.762303 -61.920651 -56.236406 -57.274177 -59.817613 -58.035159 -60.226960 -59.590841 -59.264001 -64.443241 -64.027233 -61.134410 -62.170361 -64.352377 -61.878367 -63.459421 -63.230380 -65.595386 -67.948739 -66.175745 
-18.080108 -19.529434 -27.091866 -40.408870 -51.117530 -45.231353 -47.679662 -53.583251 -49.831262 -53.142793 -61.697396 -58.092308 -56.736113 -59.231483 -59.010580 -60.039054 -62.271080 -59.191930 -56.221495 -58.511640 -61.090117 -61.348486 -59.094171 -55.997011 -60.326987 -63.426946 -64.064074 -60.041019 -63.650209 -62.032410 -60.887054 -59.853473 -65.614873 -65.325813 -63.623975 -65.247866 -61.921084 -63.896787 -67.505995 -65.330092 
-21.931758 -26.431319 -31.484894 -48.901149 -51.268056 -46.840283 -47.937562 -53.020648 -56.122632 -62.071184 -59.945112 -55.737007 -55.990579 -55.436979 -59.682120 -57.284955 -57.816998 -62.512545 -58.285097 -61.602832 -60.046721 -60.261644 -63.197246 -56.700100 -61.499159 -64.105586 -62.169143 -61.379562 -61.065857 -60.918473 -62.888740 -65.214535 -63.032291 -65.664870 -62.442379 -66.463703 -63.480592 -64.302533 -65.697143 -65.453774 
-22.916076 -29.987693 -33.370385 -45.743921 -45.199165 -45.037164 -44.717180 -46.725131 -57.815774 -59.546439 -53.742150 -52.415151 -55.498685 -57.667978 -55.207213 -53.203005 -59.792594 -65.876163 -60.759334 -58.706689 -59.015150 -55.745367 -60.619015 -59.520857 -59.938167 -62.096751 -60.354877 -62.711559 -60.603311 -58.651962 -62.298505 -60.779981 -62.560681 -63.934844 -61.956868 -63.270167 -63.511688 -63.758441 -63.052018 -63.567691 
-19.762851 -19.178441 -26.698202 -39.771426 -42.543161 -47.909324 -48.655477 -49.550588 -52.357240 -58.334822 -54.867708 -60.442102 -58.696111 -55.922238 -58.084621 -58.001423 -54.371945 -52.504190 -56.285625 -58.979174 -58.984774 -60.680035 -62.504274 -62.331341 -59.434271 -60.913382 -58.451903 -58.317696 -62.244321 -63.978722 -60.202934 -60.544861 -58.946391 -62.723561 -60.897929 -60.151845 -63.118767 -60.650274 -62.138798 -63.231251 
-11.117407 -15.919835 -12.379583 -14.384134 -14.276373 -15.132730 -15.976322 -17.545039 -19.683640 -21.803373 -26.047776 -34.018352 -38.045091 -32.955284 -33.674209 -34.779014 -33.445150 -31.804721 -28.170889 -27.655311 -29.904519 -32.937526 -31.611428 -30.733089 -32.609053 -39.064462 -37.357743 -32.610135 -34.301484 -42.810184 -42.328854 -37.909717 -36.294734 -42.103758 -42.667308 -39.320444 -40.470920 -40.032253 -40.478054 -43.701126 
10.330102 12.300755 7.652387 1.614993 5.694913 8.721019 8.386997 5.028873 -1.495971 -5.660512 -9.331099 -20.416984 -27.345047 -15.967539 -19.335033 -21.918360 -16.474729 -10.053989 -7.928784 -8.695151 -13.906237 -12.753334 -11.107538 -8.326249 -11.296485 -17.642451 -17.051377 -11.912467 -16.952580 -26.520655 -24.237476 -19.721095 -17.565214 -25.119385 -23.351989 -22.660488 -23.437761 -22.038725 -23.233691 -27.315684 
17.756451 17.355400 8.349655 -6.240308 -1.601716 3.160664 2.101952 -1.838398 -10.343304 -16.005484 -10.702157 -11.750010 -13.206331 -17.837001 -19.377558 -13.606305 -14.589170 -14.495848 -10.327397 -9.256946 -8.024387 -7.805338 -14.344146 -6.242621 -9.281739 -14.494038 -14.544226 -10.859511 -18.499081 -21.717349 -19.776910 -20.987291 -18.743169 -20.769368 -21.149939 -20.514826 -20.590174 -22.264872 -21.550375 -23.840055 
14.342212 7.751277 -7.531972 -10.176375 -12.760879 -6.013411 -2.209256 -12.644343 -18.400295 -18.311119 -9.154237 -9.674669 -11.822800 -17.827529 -18.624405 -13.987555 -12.054098 -19.111670 -16.608332 -8.961063 -3.470018 -1.436971 -6.563936 0.355873 -5.430486 -14.577451 -14.949529 -6.380189 -13.242496 -20.406190 -16.047994 -15.767150 -16.063259 -15.709781 -19.522630 -16.032998 -16.095405 -18.292865 -19.523905 -20.199153 
6.718874 -0.683901 -4.677206 -4.848567 -0.263879 -0.592607 -2.898198 -15.253382 -17.257996 -18.606157 -13.857402 -18.246377 -20.506691 -25.587232 -22.703632 -20.508096 -19.857809 -19.344918 -14.015844 -11.448964 -17.089446 -6.384290 -5.553962 -3.344914 -4.338935 -9.133829 -11.642832 -2.189869 -8.288111 -18.982111 -18.511848 -18.363389 -16.759664 -15.790916 -17.461709 -15.646535 -16.271668 -16.536753 -18.913141 -21.969800 
-5.135578 -4.963547 -4.128916 -6.866596 -6.081629 -0.476184 -1.111141 -11.655955 -23.801054 -23.398104 -21.885375 -18.850488 -15.608926 -18.889092 -15.092492 -20.511636 -21.386991 -17.759674 -15.691631 -15.496873 -12.631610 -8.976790 -1.234300 -1.720305 -2.418777 -6.668789 -9.416572 -3.366773 -6.537828 -22.139237 -23.409380 -18.892219 -16.487434 -20.194016 -21.401720 -20.323626 -15.452116 -14.855658 -22.403516 -23.366090 
-2.770416 10.304617 15.924482 13.698357 6.641469 -1.143674 -2.108903 -3.391388 -14.857583 -14.636900 -12.563068 -11.947311 -15.312155 -19.868927 -19.153925 -21.140990 -23.176540 -17.794712 -17.441453 -17.242176 -15.581715 -11.814001 -5.273905 -5.864280 -3.656939 -4.810055 -9.886585 -8.742031 -11.627319 -25.696168 -25.859862 -20.250878 -20.476468 -21.233014 -22.064118 -23.760158 -16.969666 -18.159542 -26.718382 -21.951282 
-0.083835 16.697416 26.744998 25.411658 13.950199 17.990509 16.754769 1.369518 -7.820324 -16.527039 -9.327992 -13.233026 -8.294338 -14.844006 -15.419901 -18.122286 -16.626173 -14.128539 -13.292441 -12.507750 -8.905234 -1.366478 2.722278 1.567369 3.379457 3.112739 -5.149040 -7.230480 -8.446925 -24.114898 -30.960898 -22.746752 -25.381599 -24.212253 -24.944897 -26.621311 -19.481135 -24.575469 -33.313774 -21.727274 
-11.622633 12.283620 27.044430 25.667201 14.730584 25.802943 20.923808 -2.405966 -6.010588 -11.056531 -6.212454 -11.619766 -9.334869 -13.009186 -14.128437 -13.962909 -14.576148 -14.640496 -14.083477 -13.813790 -9.769101 2.271108 8.137446 3.660622 4.286261 4.861791 -1.491698 0.456587 -1.337727 -16.203355 -26.316184 -24.367897 -27.125360 -28.399244 -28.150123 -30.483424 -23.948567 -26.874759 -31.221821 -24.270016 
-9.488664 8.645653 24.967962 24.812215 11.690016 25.001729 22.076964 -0.331538 -5.604131 -10.841187 -3.622882 -11.343032 -9.275664 -18.130853 -16.025583 -18.325045 -16.008807 -13.320290 -13.658274 -14.035798 -9.585408 2.215855 8.755633 4.673995 4.152316 1.910822 -1.901345 -0.671713 -0.517188 -15.135064 -26.413551 -25.912783 -29.927572 -29.663941 -30.374946 -31.907547 -26.500749 -29.562992 -32.866727 -26.478449 
-11.596741 5.768952 23.463693 25.308769 9.028414 20.572831 22.134697 2.428486 -6.671288 -13.400056 -6.021840 -11.901799 -9.327882 -14.809694 -16.373564 -16.951831 -18.255781 -14.154580 -14.672186 -19.051152 -8.960603 2.596727 5.731108 0.530050 1.866890 -5.816278 -8.281963 -4.662855 -4.288473 -18.825657 -32.267349 -31.301928 -32.049747 -33.590865 -33.334775 -31.020762 -24.428251 -29.534582 -31.380277 -25.134583 
-7.025828 1.245638 22.319103 25.408303 10.064535 18.102598 21.993044 4.514229 -8.919656 -13.848092 -7.384659 -9.026018 -10.983833 -13.256801 -14.869399 -20.029210 -18.824048 -15.029458 -16.252703 -19.751936 -12.221874 1.753236 6.285101 -0.243948 -1.564450 -7.830616 -10.516908 -9.464893 -8.819893 -21.884602 -35.356611 -32.515139 -36.134667 -35.674342 -34.016517 -32.174379 -24.763953 -30.300737 -32.987580 -27.377143 
-9.047929 1.671205 21.850194 25.599462 10.378826 15.678802 21.350035 5.581984 -6.473867 -9.591912 -8.411618 -7.432972 -13.534593 -14.409020 -16.900642 -19.388000 -17.625320 -16.976338 -14.542631 -14.044251 -13.858988 -4.109024 2.277787 1.623845 -4.366722 -13.115129 -13.385661 -12.007339 -9.434440 -21.055140 -31.587318 -27.708944 -29.027229 -30.543326 -31.112174 -30.235903 -21.523489 -22.150700 -31.143493 -26.404666 
-10.130065 3.040632 22.297641 25.520810 11.453277 13.928923 19.855918 4.481708 -9.610074 -12.368160 -9.782974 -9.034405 -14.883803 -18.985934 -16.946559 -22.045762 -21.079835 -19.206049 -16.662662 -14.814491 -9.358132 -1.180853 0.407121 2.007412 -11.380112 -23.631256 -18.769087 -17.263297 -13.266298 -26.066120 -38.424351 -27.898778 -27.876640 -31.016711 -30.744910 -32.044992 -24.431945 -21.965338 -28.801409 -29.972119 
-13.601249 5.921746 21.943507 23.417507 9.931162 14.520948 16.187026 0.353041 -15.145364 -15.582674 -11.291632 -14.578627 -14.430036 -19.501443 -17.225473 -23.594025 -26.940585 -22.046405 -15.101738 -12.022823 -2.934539 -2.341073 -5.147500 -2.385112 -18.020255 -27.543678 -23.843226 -25.666810 -21.198652 -29.729915 -34.834100 -29.445111 -27.236738 -27.390749 -26.494523 -30.377990 -22.415088 -20.348362 -23.449563 -27.481639 
-7.462027 9.829885 20.370400 15.771829 3.246513 6.100075 4.743038 -3.662377 -9.737333 -19.634747 -17.550082 -18.403074 -19.550273 -19.799123 -22.358963 -24.781501 -26.959096 -27.627061 -20.626406 -10.865527 -11.420881 -14.456446 -19.175598 -15.661757 -25.912028 -31.675039 -29.017176 -30.879732 -30.733613 -33.700776 -32.225691 -29.442658 -26.597538 -23.418450 -23.939664 -34.844882 -26.401672 -24.057208 -22.331699 -28.852624 
-6.614826 8.135601 17.268281 11.631419 -2.571457 -6.699120 -9.967559 -9.264715 -20.020862 -26.186355 -24.634173 -25.303186 -29.330585 -30.356595 -32.705068 -31.497956 -33.608817 -32.678564 -30.676381 -26.879267 -28.219477 -28.265099 -29.681876 -28.379065 -32.698510 -34.194440 -36.177479 -37.475633 -36.698073 -38.586737 -40.190059 -39.516470 -37.252252 -34.309035 -37.864477 -39.269126 -34.811869 -35.187361 -35.465725 -37.205949 
-8.480921 3.067877 9.673216 3.568907 -6.628613 -7.325185 -10.218185 -19.009423 -28.958941 -29.168202 -29.670012 -32.856302 -31.696342 -33.638832 -35.356148 -36.316315 -37.683799 -35.596427 -35.254419 -37.024075 -34.418458 -29.584900 -34.491537 -33.409145 -37.747921 -38.502931 -44.333994 -44.556042 -42.124553 -45.664184 -45.131623 -44.367659 -41.725655 -38.443315 -41.648995 -41.854783 -37.745262 -38.189779 -38.886688 -39.064271 
-18.775746 -12.029044 -4.819538 -10.783020 -18.791478 -18.123971 -16.925209 -22.522515 -30.295630 -37.411444 -44.143206 -36.099510 -36.667454 -32.870927 -32.918024 -35.835451 -31.238513 -29.395745 -26.636451 -28.748796 -30.249073 -30.676998 -31.662238 -31.931546 -33.389721 -33.160708 -30.541043 -29.894315 -33.541706 -38.001488 -43.730195 -38.376718 -41.323274 -37.170790 -32.338118 -31.509519 -26.569214 -24.525638 -22.720032 -23.328190 
-28.729196 -28.619622 -23.651257 -21.175655 -31.738149 -30.299990 -35.000678 -41.747188 -43.792970 -36.382357 -29.062843 -29.963763 -35.796421 -26.292771 -30.118574 -32.173080 -32.504663 -33.689824 -31.489071 -33.173567 -33.497625 -34.063318 -34.565313 -33.772607 -38.944276 -36.740855 -34.077699 -33.721275 -31.439392 -33.329874 -36.317762 -32.880997 -25.884108 -24.217252 -23.651337 -19.368522 -14.654589 -13.956233 -13.236054 -15.599957 
-21.536784 -25.062166 -25.316509 -27.337848 -27.010400 -25.279954 -32.693827 -34.033032 -30.155815 -25.985397 -25.525162 -27.805853 -22.257578 -18.336698 -27.604974 -31.778355 -27.160851 -39.239238 -40.451842 -38.089096 -27.630572 -32.542978 -43.704310 -44.519942 -47.735116 -45.880648 -43.695697 -40.473575 -28.083534 -28.804282 -29.326014 -29.110920 -23.410439 -21.417108 -20.910403 -14.231420 -7.212553 -6.234098 -4.617716 -10.528316 
-23.343191 -26.437076 -26.521358 -32.865156 -30.284072 -32.776599 -30.903894 -33.076000 -33.512553 -33.378114 -29.644969 -32.504881 -24.633314 -26.253728 -25.200344 -28.242220 -27.816210 -29.766518 -22.011744 -22.600278 -24.143779 -26.151981 -24.654029 -33.547023 -28.521761 -27.138697 -25.182870 -26.868453 -27.445561 -26.693179 -24.855739 -21.486760 -18.881768 -14.793379 -11.891504 -3.670108 1.291151 2.098027 2.097781 -4.282992 
-20.465608 -27.275210 -23.919323 -21.934574 -12.852921 -10.328524 -12.794799 -22.080934 -17.517341 -12.247776 -12.868211 -18.880542 -12.589070 -7.935958 -14.402190 -12.974986 -13.162472 -23.816336 -15.352611 -15.894047 -14.039922 -18.022850 -17.764747 -25.741459 -22.411915 -20.643623 -18.882845 -19.886316 -17.283101 -19.601994 -20.280130 -15.640357 -14.802910 -17.412696 -13.787637 -5.805227 5.110542 6.903192 4.656293 -2.996906 
-16.971841 -19.986707 -22.316602 -20.521026 -14.442857 -10.931152 -13.733324 -17.201151 -19.484861 -15.938890 -17.620480 -19.526432 -16.256351 -12.178404 -14.584944 -15.410543 -17.429481 -25.115864 -20.317643 -16.817657 -19.277447 -21.104488 -24.451158 -25.340777 -22.869562 -22.396939 -21.362383 -21.106298 -21.716387 -22.440694 -21.241098 -17.604285 -10.866014 -14.866016 -15.240633 -5.745860 2.317480 3.002754 -0.124219 -11.336930 
-17.070300 -23.356531 -31.958931 -34.440468 -39.810971 -32.310500 -32.819442 -30.632854 -27.541228 -30.227906 -31.900974 -29.434614 -30.093482 -34.551406 -28.313502 -29.073504 -33.156199 -38.021381 -33.527796 -30.224395 -29.498486 -26.987875 -28.543066 -21.481886 -20.168051 -23.122487 -21.420480 -21.435528 -19.853136 -19.994359 -20.926686 -20.097171 -11.256051 -9.209675 -6.055516 -2.231078 2.756068 3.224962 2.088109 -4.647207 
-27.692249 -22.270553 -30.133982 -34.384256 -37.177418 -29.501388 -27.823564 -30.996439 -30.917698 -30.617581 -35.977499 -30.992731 -30.959463 -29.077291 -28.209999 -25.735276 -31.722837 -29.906276 -26.029601 -19.461258 -23.734526 -23.842096 -31.498578 -27.970373 -26.127975 -25.389359 -20.923348 -19.688443 -15.790711 -16.575438 -25.397753 -20.779371 -11.325343 -6.133434 -2.094068 0.218400 4.483864 3.145963 2.249882 -1.940849 
-22.772775 -27.579865 -27.766781 -31.435000 -33.144265 -30.143073 -27.093105 -28.322722 -29.454224 -22.610970 -27.358262 -24.422578 -22.598489 -24.686995 -25.021157 -24.529626 -26.843885 -22.904115 -21.262440 -18.664723 -20.359413 -19.931053 -22.710466 -23.372186 -24.418592 -22.015045 -19.700848 -17.965802 -13.230197 -14.099584 -23.392663 -19.983148 -6.774996 -6.090394 -6.253236 -2.272394 0.733678 0.236271 1.334510 -5.385704 
-27.368117 -32.760572 -35.681480 -32.750455 -38.721217 -24.895043 -20.919741 -25.788992 -20.723869 -20.099937 -20.961455 -23.645007 -20.002633 -23.738580 -23.143566 -19.651095 -26.727775 -26.524883 -19.951579 -25.271024 -21.902568 -19.403294 -20.031581 -20.816009 -22.550337 -20.911012 -22.093426 -18.694182 -16.114209 -16.646612 -27.471382 -22.412053 -6.371010 -6.129350 -2.500360 -2.676486 -2.542729 -0.040025 -0.080291 -6.423559 
-19.478644 -25.688857 -26.291556 -23.668925 -26.900288 -28.611305 -30.258522 -28.151150 -26.931187 -23.564756 -18.087201 -22.980426 -18.053664 -16.389380 -19.141043 -20.393620 -21.943584 -24.048520 -14.640793 -14.888331 -18.875160 -20.602182 -17.488461 -19.240424 -20.208187 -19.452878 -20.236399 -17.649403 -12.216082 -10.897592 -23.862002 -28.735809 -10.042222 -8.931535 -1.537686 -4.537174 -12.914114 -2.113252 -0.376613 -6.953485 
-22.052746 -24.605444 -21.395056 -23.535992 -24.898008 -29.474953 -21.541831 -18.616393 -21.042388 -18.006861 -23.728835 -29.111331 -19.810555 -21.739185 -22.520219 -20.503569 -19.461516 -22.089345 -9.239714 -8.256660 -15.619288 -20.241413 -17.485734 -14.004673 -12.964224 -16.856483 -18.474655 -12.284933 -9.514631 -8.219990 -23.460969 -31.721079 -10.602522 -10.169090 -6.161386 -6.107701 -14.599586 -1.120888 -4.367660 -9.110874 
-17.080825 -19.158578 -19.283401 -17.993324 -19.128227 -14.576542 -13.319961 -11.030905 -16.806568 -13.092305 -16.002149 -17.838060 -21.070642 -15.192580 -18.290632 -21.050564 -22.539960 -20.261863 -12.604441 -10.551841 -15.093522 -19.652137 -18.933240 -15.871520 -19.345497 -22.241758 -22.222829 -19.095587 -15.728913 -13.357858 -30.072368 -35.424512 -17.762561 -16.206703 -7.408794 -10.688248 -15.676098 -7.755616 -10.585568 -13.063902 
-8.218242 5.946325 10.310137 7.890994 2.153067 1.037869 3.452013 1.153433 -4.598484 -7.001999 -8.866221 -12.948218 -13.892318 -14.501975 -14.909234 -15.736655 -15.211552 -11.406242 -8.596040 -14.879929 -18.007776 -21.054148 -17.803213 -12.767408 -18.910450 -24.309936 -21.908046 -21.530489 -18.176046 -19.465324 -40.130943 -42.000245 -21.595597 -22.809828 -16.351629 -17.805424 -20.056260 -12.738391 -18.571671 -21.431561 
2.320063 15.431633 18.457614 9.704408 14.571048 12.025361 14.684559 16.283299 8.489050 1.158059 0.372967 -2.654768 -4.733795 -5.536262 -7.834897 -8.111030 -5.660722 0.904180 1.022439 -9.762640 -13.485501 -15.455466 -10.673698 -3.932036 -11.060082 -19.912855 -19.561702 -16.399715 -11.663523 -16.411334 -39.159509 -40.421069 -29.020082 -25.524199 -23.135734 -23.305724 -26.203988 -19.627575 -25.069366 -27.429959 
1.274747 15.209056 16.352796 11.659283 14.504821 6.777174 11.417853 18.260775 18.426307 6.563204 3.591669 1.223937 -3.225886 -4.832681 -5.441676 -5.775547 -1.873776 4.281238 0.346456 -8.926226 -15.568281 -18.544697 -13.928232 -7.524154 -14.317266 -22.797459 -21.507071 -18.032346 -15.026869 -20.555705 -38.684533 -38.061566 -30.061334 -31.230736 -34.831520 -37.199348 -37.022768 -32.578502 -36.318161 -39.873302 
1.574200 15.268349 14.662168 11.310223 11.114626 4.117448 2.571318 15.677908 13.993003 15.236858 6.623725 -1.195404 -1.684809 -3.929692 -5.196501 -3.465488 0.938077 7.157781 3.504635 -8.087555 -10.357717 -12.114354 -10.626716 -3.760873 -11.936108 -18.956731 -20.403108 -15.116367 -11.322683 -20.424592 -37.247855 -36.602729 -29.465497 -35.616802 -38.223781 -39.621698 -37.914346 -32.626444 -35.402096 -40.625527 
1.284791 14.632232 13.409491 11.452497 9.661174 2.438718 4.485498 12.772428 14.469944 16.355629 5.780968 0.849036 0.069145 -1.955905 -4.017879 -4.840815 0.020558 8.376644 1.040734 -8.322815 -12.540016 -14.849393 -7.901858 -0.817732 -10.105830 -13.380231 -12.924996 -11.230778 -9.713452 -20.111100 -39.323058 -34.467466 -30.631368 -34.541862 -41.054864 -45.605406 -40.832451 -30.842766 -37.245613 -45.549431 
1.711290 13.634135 11.897619 10.476574 6.916182 1.519196 4.460667 9.097420 14.710773 11.447222 8.639115 2.249882 0.408869 -1.082998 -3.130455 -3.348195 4.111641 7.072387 -1.624997 -9.842625 -12.335909 -9.893563 -6.965404 -1.628455 -9.145906 -14.666775 -13.863458 -9.184247 -7.590183 -21.534316 -40.598909 -34.290789 -30.546900 -36.315776 -43.584929 -53.085263 -44.683552 -32.803722 -39.552014 -49.691726 
2.499257 12.934918 10.561985 9.425770 4.980843 1.128905 4.675052 7.257840 13.043652 15.064958 10.482608 1.502181 -0.758934 -2.126579 -4.192773 -1.965531 1.189272 3.081038 -1.609333 -8.518991 -13.675606 -12.523574 -11.634260 -3.877161 -11.910362 -18.451370 -13.822642 -10.008729 -8.588965 -21.175909 -39.877330 -32.582831 -32.310819 -36.457804 -44.466449 -59.777650 -47.216839 -37.946333 -42.475440 -46.708042 
0.799118 11.923617 9.387453 8.114400 3.972098 -0.548913 1.172683 3.813756 8.492883 13.783209 9.672341 -1.505898 -2.933021 -4.375358 -4.624783 -2.642932 4.387419 3.249815 -8.208661 -11.575256 -13.805445 -16.039258 -15.217197 -6.302800 -10.766214 -16.383592 -14.567149 -11.382594 -10.990630 -23.274175 -42.652207 -38.568865 -38.035207 -41.485844 -46.956262 -56.868787 -49.146058 -34.562944 -37.444154 -50.067099 
0.600811 10.735279 7.946729 6.108692 1.532403 -1.709051 1.227098 1.222191 3.621545 9.755411 3.076018 -1.182153 -2.041458 -4.287049 -5.532325 -5.233434 -3.024428 -2.209074 -11.469923 -16.600227 -23.165278 -24.793236 -18.811988 -12.004934 -15.325838 -18.138279 -25.118991 -18.897360 -15.845051 -24.705928 -42.849869 -38.373474 -31.011554 -38.401441 -45.188664 -51.851836 -48.868711 -34.495979 -39.145825 -48.997730 
0.870157 9.503436 6.030260 3.241247 -1.314076 -2.131668 -2.087363 -4.591984 0.874856 8.827379 6.266625 -0.182459 -7.701589 -6.192499 -7.540685 -7.653792 -3.722479 -4.088944 -14.039362 -19.411923 -29.768059 -29.544761 -19.530028 -10.478395 -20.309067 -26.137958 -23.482181 -25.009457 -22.827479 -29.184603 -40.911430 -38.546190 -33.518642 -40.885002 -46.295212 -47.500627 -47.721821 -36.065595 -38.799779 -46.342491 
-1.476037 8.327438 4.895288 -1.321565 -4.586624 -2.788639 -6.217918 -7.719363 -1.078709 5.912073 3.215033 -8.234273 -11.692788 -8.132705 -9.680006 -8.980414 -10.430400 -10.619372 -17.830002 -23.162818 -31.537147 -37.695906 -25.038929 -16.278669 -26.342149 -30.519006 -26.114722 -28.938451 -27.598469 -34.333648 -45.014935 -45.056971 -43.310786 -49.180277 -52.712135 -53.872555 -54.015335 -44.752326 -41.551672 -48.300247 
-5.450375 6.754674 3.915155 -5.517500 -8.295588 -4.449309 -7.633403 -11.410073 -10.967834 -1.732360 -4.187309 -1.007651 -7.156930 -10.079415 -13.789413 -17.925291 -21.020579 -15.022702 -18.870463 -24.889441 -33.798966 -43.891065 -35.680804 -23.914871 -27.642574 -33.284939 -28.441770 -27.428630 -30.872478 -36.953881 -51.979981 -49.584436 -41.515157 -44.511063 -55.237260 -58.290421 -57.599346 -46.875289 -43.523266 -48.648359 
-6.126568 5.108343 3.490388 -6.210742 -10.498623 -11.063103 -19.978676 -19.422250 -13.383928 -6.689799 -3.729366 -7.034448 -12.907732 -19.338195 -26.819493 -24.734550 -12.962306 -8.425536 -12.862424 -23.939180 -36.222080 -39.218238 -32.208490 -20.209783 -27.573884 -34.391336 -32.662125 -30.412470 -29.381487 -38.023123 -56.642697 -52.630208 -45.426792 -48.740674 -55.599679 -69.999417 -63.867722 -46.769257 -44.497918 -51.390958 
-6.402599 4.119303 1.534620 -8.996629 -15.859485 -17.710707 -21.829248 -22.096186 -16.548467 -10.069609 -6.996958 -4.781721 -8.843489 -17.324901 -21.272489 -21.156489 -12.513715 -11.811905 -21.252840 -34.344921 -33.108179 -34.971156 -33.294051 -24.734968 -27.323423 -32.261822 -38.713002 -35.590067 -31.490117 -41.116700 -51.904296 -53.475275 -48.585987 -48.454793 -53.824088 -57.401680 -56.290026 -45.451644 -46.815892 -49.859649 
-7.424635 1.532169 -4.314768 -12.367099 -19.671186 -30.640068 -23.149056 -18.265064 -14.900951 -13.068501 -9.256763 -6.519228 -7.159941 -9.379645 -16.229576 -16.166264 -12.464167 -11.534417 -25.553672 -32.469769 -34.450177 -35.999067 -38.421773 -27.515340 -26.989980 -37.268202 -39.045394 -37.502653 -33.710764 -42.476609 -50.251364 -53.088162 -47.523159 -46.248089 -52.657364 -60.424202 -59.381420 -45.001603 -48.776757 -54.245714 
-14.416161 -4.409497 -9.837018 -13.979881 -15.242617 -23.807712 -22.843612 -27.322124 -21.176311 -19.499945 -8.151602 -3.110231 -8.413260 -18.232280 -19.486378 -19.365966 -19.402989 -12.104905 -21.385517 -28.560254 -32.144846 -35.702261 -36.821365 -22.798381 -28.093298 -41.097216 -43.077871 -41.549705 -38.411739 -45.349247 -50.910071 -54.568352 -50.336574 -46.595690 -53.847721 -62.779657 -59.176259 -44.148949 -49.387115 -58.630662 
-21.363781 -14.616558 -11.785567 -20.122616 -22.134478 -26.136329 -28.642407 -23.719006 -20.793994 -21.225703 -16.590091 -12.963105 -14.710818 -24.121288 -32.124497 -26.582968 -15.176980 -17.195442 -24.326208 -34.970389 -38.351598 -43.800700 -43.757796 -30.036175 -32.464446 -39.434830 -43.057982 -42.510014 -38.045466 -46.786387 -57.001907 -57.191371 -54.890200 -51.010156 -55.834620 -61.804037 -60.035783 -50.079308 -54.107631 -62.095577 
-19.772998 -18.757628 -22.580336 -25.678733 -20.459468 -21.964055 -25.023092 -19.353813 -16.467007 -24.444901 -24.714783 -16.944091 -21.365785 -25.670890 -26.874010 -30.192645 -21.309450 -17.227137 -28.524695 -36.902075 -39.545883 -39.950788 -40.705330 -34.880713 -34.252151 -38.819110 -45.489689 -44.153868 -40.635610 -50.884601 -62.787566 -58.164478 -56.661931 -53.316158 -54.912675 -62.369059 -59.177617 -51.630992 -55.984992 -64.301755 
-23.951832 -21.950642 -17.720876 -19.527021 -21.707975 -20.835704 -26.802922 -25.624532 -22.875744 -18.318065 -21.356277 -17.661968 -22.038678 -25.184009 -28.914108 -29.373922 -22.014969 -17.355715 -30.102466 -41.025443 -41.578334 -41.243283 -42.864461 -36.404862 -36.603968 -45.231461 -53.424771 -44.415318 -43.418930 -52.908508 -64.819510 -59.521662 -54.879679 -56.333622 -60.890815 -61.143583 -59.263240 -57.228622 -56.559493 -61.989111 
-27.298995 -28.363048 -33.075961 -23.897044 -25.120955 -27.078598 -37.881440 -30.682736 -23.962127 -30.213827 -27.188476 -17.124494 -22.381519 -30.756012 -28.049318 -26.337186 -27.673521 -21.075257 -32.072540 -43.810866 -45.430070 -46.500203 -51.051815 -39.107207 -38.820755 -45.963155 -55.710719 -51.929814 -49.062962 -53.583441 -67.048284 -61.797961 -57.597928 -57.319485 -58.695188 -61.212370 -59.205949 -58.939334 -59.918896 -62.382092 
-25.443937 -28.518320 -27.294843 -26.924700 -28.850664 -32.307834 -39.472884 -31.203934 -23.016101 -28.691128 -30.523147 -26.059608 -34.801714 -34.375606 -38.052587 -40.736330 -33.748124 -28.251891 -42.502301 -43.401029 -48.630862 -53.341422 -49.085902 -42.951483 -43.007581 -52.858920 -55.869094 -55.777528 -56.774563 -58.939432 -60.360006 -59.474193 -58.189086 -57.232426 -62.026688 -60.872373 -60.631679 -62.755519 -66.506101 -67.083225 
-21.900669 -23.753981 -25.065407 -32.852014 -30.388372 -29.829128 -38.312783 -41.788618 -32.854570 -32.557345 -37.187614 -32.419609 -37.677992 -36.283112 -38.782547 -41.933421 -39.449755 -32.405633 -40.363701 -47.906536 -50.546137 -49.877285 -52.369213 -51.463615 -49.790594 -56.812170 -58.826469 -58.027642 -54.535638 -56.277590 -59.057589 -61.764665 -58.907278 -57.755551 -60.591357 -59.162854 -58.296107 -62.110450 -67.959951 -70.605809 
-25.692409 -26.731802 -26.079853 -26.944522 -33.931306 -33.097073 -36.501620 -39.265329 -36.308732 -34.764725 -35.973056 -32.759266 -36.701579 -37.311900 -40.205360 -40.639709 -38.316054 -28.722993 -37.374847 -53.527804 -55.031173 -54.198336 -49.315599 -49.033481 -52.152731 -57.819749 -59.317130 -56.694888 -56.318718 -61.074660 -56.727564 -58.000990 -63.639186 -62.201351 -60.871172 -56.267466 -57.263980 -62.837443 -69.161725 -68.228895 
-28.091570 -29.274842 -34.731350 -44.331273 -44.973279 -48.793617 -43.953847 -49.172575 -46.044015 -53.230033 -47.370175 -47.643065 -47.943774 -43.872276 -44.021467 -49.298485 -47.502367 -41.159582 -43.960279 -60.573437 -61.374871 -60.701094 -57.338504 -55.030507 -59.255086 -62.316705 -64.313688 -63.126336 -62.512721 -62.095245 -62.135434 -61.531009 -66.835614 -65.471610 -65.118949 -60.783736 -61.726685 -66.770409 -74.327097 -71.723509 
-50.905818 -52.522813 -51.675086 -52.653729 -56.794806 -54.683583 -57.662354 -54.320425 -54.809961 -54.733895 -54.464838 -54.399066 -57.178901 -54.975509 -56.685363 -56.652701 -50.573423 -51.466804 -56.004973 -62.764648 -65.917699 -64.875666 -64.428817 -62.292290 -67.265288 -71.817296 -72.066593 -65.096430 -68.710824 -66.262002 -66.386369 -68.418156 -70.653150 -68.523261 -70.527931 -67.452552 -68.852842 -71.114817 -75.987923 -74.986941 
-54.890323 -61.303579 -58.339463 -59.715104 -61.361937 -62.962682 -63.712804 -61.090182 -60.234551 -60.600914 -60.461180 -62.530449 -62.215278 -61.698785 -63.687844 -64.004661 -56.305672 -57.567226 -61.000449 -69.383601 -69.614521 -71.246854 -71.071189 -69.256112 -72.149663 -70.709659 -73.565450 -71.432716 -71.924245 -72.461383 -73.530549 -70.012929 -70.451790 -73.607817 -75.834622 -71.712272 -72.823240 -74.984639 -73.726544 -75.921480 
-59.045355 -73.765256 -72.715913 -71.420536 -70.891073 -71.115081 -70.598509 -75.405488 -75.934401 -78.432105 -70.756863 -68.257248 -71.345758 -74.200568 -73.924744 -78.016567 -76.764915 -72.702834 -73.718887 -77.562714 -77.124759 -73.555650 -72.533837 -76.240097 -75.923313 -76.921633 -77.946316 -76.956259 -74.782585 -73.355549 -75.125523 -75.291034 -71.894059 -72.845958 -74.890619 -74.439735 -74.853246 -75.431844 -74.917188 -73.065119 
-58.924085 -79.131455 -77.203717 -72.658359 -72.646225 -83.313331 -79.828583 -73.625577 -70.598132 -77.083009 -69.041145 -72.698512 -76.570693 -72.732859 -73.369785 -73.786776 -76.749017 -74.377215 -72.857652 -71.667952 -74.357189 -70.397679 -76.000337 -81.954882 -78.264238 -76.929017 -74.583712 -75.041166 -77.345508 -75.846007 -75.339650 -73.995607 -73.508265 -76.081241 -76.074066 -74.601038 -77.142776 -76.475820 -74.563278 -77.979409 
-58.744087 -75.893384 -77.776566 -73.047717 -73.760502 -78.897893 -76.641976 -70.851695 -72.671224 -74.552759 -73.911236 -71.416827 -71.346751 -75.460074 -77.925710 -72.250180 -75.072925 -75.570603 -72.647443 -74.169206 -76.429592 -75.159977 -80.250520 -74.208274 -76.789725 -73.756444 -77.395454 -76.313079 -73.015149 -74.032748 -74.343177 -75.844379 -76.720819 -74.435499 -73.177449 -72.856779 -74.891757 -76.955668 -75.149939 -77.586660 
-58.135305 -78.405031 -79.248118 -74.573899 -74.875495 -75.571760 -75.737708 -77.423521 -72.473722 -71.723601 -68.086752 -71.630269 -77.474381 -70.525761 -71.015957 -77.293859 -73.456660 -73.002285 -76.464345 -74.474607 -76.628685 -75.659891 -74.367061 -76.587058 -77.423997 -76.297181 -82.719430 -76.620058 -72.532772 -72.445968 -74.472309 -76.799676 -78.758986 -74.478020 -72.479239 -74.287939 -76.004392 -77.064278 -76.715684 -77.411862 
-57.417557 -71.935446 -72.298343 -76.113228 -76.840255 -67.664425 -69.784609 -76.145927 -73.456720 -80.113065 -75.196726 -74.214985 -79.941163 -75.462938 -70.559113 -74.305093 -74.679887 -77.206123 -75.797341 -73.269308 -73.149459 -77.262080 -72.716118 -77.395308 -80.879293 -77.279722 -74.382473 -75.856464 -72.998427 -73.474513 -75.405895 -73.582750 -74.218836 -72.930497 -76.240411 -77.004094 -75.063533 -75.337950 -74.132237 -75.330789 
-56.388886 -80.839932 -76.605217 -77.560252 -76.964945 -75.734124 -79.748719 -75.403810 -81.024592 -88.031385 -76.217099 -76.658673 -73.801257 -73.638529 -72.536814 -72.001775 -70.391558 -76.928517 -74.309090 -75.604995 -80.372923 -80.205454 -76.116096 -76.777369 -76.258422 -74.572285 -71.413575 -75.118191 -72.768109 -76.656261 -76.608480 -73.779155 -74.876387 -78.339656 -72.866579 -75.917898 -75.305943 -73.909312 -76.112683 -75.135837 
-55.527519 -70.672099 -77.949164 -71.819283 -72.446878 -70.034792 -70.198100 -73.661814 -79.343722 -77.522629 -76.813107 -69.698044 -70.335618 -77.870650 -74.100933 -68.972992 -77.178570 -80.819806 -76.312385 -72.513099 -80.607126 -77.185080 -82.733610 -77.739731 -74.277930 -72.414871 -71.905187 -75.326155 -72.015481 -76.939759 -74.417594 -73.036868 -78.614076 -77.387447 -77.460099 -74.374710 -73.144079 -74.979446 -78.234127 -74.454418 
-62.459158 -67.645285 -71.381420 -72.290838 -75.966850 -85.329910 -76.928728 -75.816826 -82.270252 -88.505774 -78.398006 -79.713417 -84.462952 -81.923073 -78.695236 -78.027578 -85.627795 -81.299212 -80.971315 -80.126021 -80.431325 -78.597831 -86.708641 -82.897341 -81.392362 -83.479140 -78.894118 -83.206973 -78.391298 -81.162124 -81.641503 -78.206965 -81.632966 -78.513846 -81.908720 -78.973117 -77.944913 -79.636129 -81.757560 -77.935668 
-107.579048 -107.579048 -107.579048 -107.579048 -107.579048 -107.579048 -107.579048 -107.579048 -107.579048 -107.579048 -107.579048 -107.579048 -107.579048 -107.579048 -107.579048 -107.579048 -107.579048 -107.579048 -107.579048 -107.579048 -107.579048 -107.579048 -107.579048 -107.579048 -107.579048 -107.579048 -107.579048 -107.579048 -107.579048 -107.579048 -107.579048 -107.579048 -107.579048 -107.579048 -107.579048 -107.579048 -107.579048 -107.579048 -107.579048 -107.579048 
NaN NaN NaN NaN NaN NaN NaN NaN NaN NaN NaN NaN NaN NaN NaN NaN NaN NaN NaN NaN NaN NaN NaN NaN NaN NaN NaN NaN NaN NaN NaN NaN NaN NaN NaN NaN NaN NaN NaN NaN 
NaN NaN NaN NaN NaN NaN NaN NaN NaN NaN NaN NaN NaN NaN NaN NaN NaN NaN NaN NaN NaN NaN NaN NaN NaN NaN NaN NaN NaN NaN NaN NaN NaN NaN NaN NaN NaN NaN NaN NaN 
NaN NaN NaN NaN NaN NaN NaN NaN NaN NaN NaN NaN NaN NaN NaN NaN NaN NaN NaN NaN NaN NaN NaN NaN NaN NaN NaN NaN NaN NaN NaN NaN NaN NaN NaN NaN NaN NaN NaN NaN 
NaN NaN NaN NaN NaN NaN NaN NaN NaN NaN NaN NaN NaN NaN NaN NaN NaN NaN NaN NaN NaN NaN NaN NaN NaN NaN NaN NaN NaN NaN NaN NaN NaN NaN NaN NaN NaN NaN NaN NaN 
NaN NaN NaN NaN NaN NaN NaN NaN NaN NaN NaN NaN NaN NaN NaN NaN NaN NaN NaN NaN NaN NaN NaN NaN NaN NaN NaN NaN NaN NaN NaN NaN NaN NaN NaN NaN NaN NaN NaN NaN 
NaN NaN NaN NaN NaN NaN NaN NaN NaN NaN NaN NaN NaN NaN NaN NaN NaN NaN NaN NaN NaN NaN NaN NaN NaN NaN NaN NaN NaN NaN NaN NaN NaN NaN NaN NaN NaN NaN NaN NaN 
NaN NaN NaN NaN NaN NaN NaN NaN NaN NaN NaN NaN NaN NaN NaN NaN NaN NaN NaN NaN NaN NaN NaN NaN NaN NaN NaN NaN NaN NaN NaN NaN NaN NaN NaN NaN NaN NaN NaN NaN 
NaN NaN NaN NaN NaN NaN NaN NaN NaN NaN NaN NaN NaN NaN NaN NaN NaN NaN NaN NaN NaN NaN NaN NaN NaN NaN NaN NaN NaN NaN NaN NaN NaN NaN NaN NaN NaN NaN NaN NaN 
NaN NaN NaN NaN NaN NaN NaN NaN NaN NaN NaN NaN NaN NaN NaN NaN NaN NaN NaN NaN NaN NaN NaN NaN NaN NaN NaN NaN NaN NaN NaN NaN NaN NaN NaN NaN NaN NaN NaN NaN 
NaN NaN NaN NaN NaN NaN NaN NaN NaN NaN NaN NaN NaN NaN NaN NaN NaN NaN NaN NaN NaN NaN NaN NaN NaN NaN NaN NaN NaN NaN NaN NaN NaN NaN NaN NaN NaN NaN NaN NaN 
NaN NaN NaN NaN NaN NaN NaN NaN NaN NaN NaN NaN NaN NaN NaN NaN NaN NaN NaN NaN NaN NaN NaN NaN NaN NaN NaN NaN NaN NaN NaN NaN NaN NaN NaN NaN NaN NaN NaN NaN 
NaN NaN NaN NaN NaN NaN NaN NaN NaN NaN NaN NaN NaN NaN NaN NaN NaN NaN NaN NaN NaN NaN NaN NaN NaN NaN NaN NaN NaN NaN NaN NaN NaN NaN NaN NaN NaN NaN NaN NaN 
NaN NaN NaN NaN NaN NaN NaN NaN NaN NaN NaN NaN NaN NaN NaN NaN NaN NaN NaN NaN NaN NaN NaN NaN NaN NaN NaN NaN NaN NaN NaN NaN NaN NaN NaN NaN NaN NaN NaN NaN 
NaN NaN NaN NaN NaN NaN NaN NaN NaN NaN NaN NaN NaN NaN NaN NaN NaN NaN NaN NaN NaN NaN NaN NaN NaN NaN NaN NaN NaN NaN NaN NaN NaN NaN NaN NaN NaN NaN NaN NaN 
NaN NaN NaN NaN NaN NaN NaN NaN NaN NaN NaN NaN NaN NaN NaN NaN NaN NaN NaN NaN NaN NaN NaN NaN NaN NaN NaN NaN NaN NaN NaN NaN NaN NaN NaN NaN NaN NaN NaN NaN 
NaN NaN NaN NaN NaN NaN NaN NaN NaN NaN NaN NaN NaN NaN NaN NaN NaN NaN NaN NaN NaN NaN NaN NaN NaN NaN NaN NaN NaN NaN NaN NaN NaN NaN NaN NaN NaN NaN NaN NaN 
NaN NaN NaN NaN NaN NaN NaN NaN NaN NaN NaN NaN NaN NaN NaN NaN NaN NaN NaN NaN NaN NaN NaN NaN NaN NaN NaN NaN NaN NaN NaN NaN NaN NaN NaN NaN NaN NaN NaN NaN 
NaN NaN NaN NaN NaN NaN NaN NaN NaN NaN NaN NaN NaN NaN NaN NaN NaN NaN NaN NaN NaN NaN NaN NaN NaN NaN NaN NaN NaN NaN NaN NaN NaN NaN NaN NaN NaN NaN NaN NaN 
NaN NaN NaN NaN NaN NaN NaN NaN NaN NaN NaN NaN NaN NaN NaN NaN NaN NaN NaN NaN NaN NaN NaN NaN NaN NaN NaN NaN NaN NaN NaN NaN NaN NaN NaN NaN NaN NaN NaN NaN 
NaN NaN NaN NaN NaN NaN NaN NaN NaN NaN NaN NaN NaN NaN NaN NaN NaN NaN NaN NaN NaN NaN NaN NaN NaN NaN NaN NaN NaN NaN NaN NaN NaN NaN NaN NaN NaN NaN NaN NaN 
NaN NaN NaN NaN NaN NaN NaN NaN NaN NaN NaN NaN NaN NaN NaN NaN NaN NaN NaN NaN NaN NaN NaN NaN NaN NaN NaN NaN NaN NaN NaN NaN NaN NaN NaN NaN NaN NaN NaN NaN 
NaN NaN NaN NaN NaN NaN NaN NaN NaN NaN NaN NaN NaN NaN NaN NaN NaN NaN NaN NaN NaN NaN NaN NaN NaN NaN NaN NaN NaN NaN NaN NaN NaN NaN NaN NaN NaN NaN NaN NaN 
NaN NaN NaN NaN NaN NaN NaN NaN NaN NaN NaN NaN NaN NaN NaN NaN NaN NaN NaN NaN NaN NaN NaN NaN NaN NaN NaN NaN NaN NaN NaN NaN NaN NaN NaN NaN NaN NaN NaN NaN 
NaN NaN NaN NaN NaN NaN NaN NaN NaN NaN NaN NaN NaN NaN NaN NaN NaN NaN NaN NaN NaN NaN NaN NaN NaN NaN NaN NaN NaN NaN NaN NaN NaN NaN NaN NaN NaN NaN NaN NaN 
NaN NaN NaN NaN NaN NaN NaN NaN NaN NaN NaN NaN NaN NaN NaN NaN NaN NaN NaN NaN NaN NaN NaN NaN NaN NaN NaN NaN NaN NaN NaN NaN NaN NaN NaN NaN NaN NaN NaN NaN 
NaN NaN NaN NaN NaN NaN NaN NaN NaN NaN NaN NaN NaN NaN NaN NaN NaN NaN NaN NaN NaN NaN NaN NaN NaN NaN NaN NaN NaN NaN NaN NaN NaN NaN NaN NaN NaN NaN NaN NaN 
NaN NaN NaN NaN NaN NaN NaN NaN NaN NaN NaN NaN NaN NaN NaN NaN NaN NaN NaN NaN NaN NaN NaN NaN NaN NaN NaN NaN NaN NaN NaN NaN NaN NaN NaN NaN NaN NaN NaN NaN 
NaN NaN NaN NaN NaN NaN NaN NaN NaN NaN NaN NaN NaN NaN NaN NaN NaN NaN NaN NaN NaN NaN NaN NaN NaN NaN NaN NaN NaN NaN NaN NaN NaN NaN NaN NaN NaN NaN NaN NaN 
NaN NaN NaN NaN NaN NaN NaN NaN NaN NaN NaN NaN NaN NaN NaN NaN NaN NaN NaN NaN NaN NaN NaN NaN NaN NaN NaN NaN NaN NaN NaN NaN NaN NaN NaN NaN NaN NaN NaN NaN 
NaN NaN NaN NaN NaN NaN NaN NaN NaN NaN NaN NaN NaN NaN NaN NaN NaN NaN NaN NaN NaN NaN NaN NaN NaN NaN NaN NaN NaN NaN NaN NaN NaN NaN NaN NaN NaN NaN NaN NaN 
NaN NaN NaN NaN NaN NaN NaN NaN NaN NaN NaN NaN NaN NaN NaN NaN NaN NaN NaN NaN NaN NaN NaN NaN NaN NaN NaN NaN NaN NaN NaN NaN NaN NaN NaN NaN NaN NaN NaN NaN 
NaN NaN NaN NaN NaN NaN NaN NaN NaN NaN NaN NaN NaN NaN NaN NaN NaN NaN NaN NaN NaN NaN NaN NaN NaN NaN NaN NaN NaN NaN NaN NaN NaN NaN NaN NaN NaN NaN NaN NaN 
NaN NaN NaN NaN NaN NaN NaN NaN NaN NaN NaN NaN NaN NaN NaN NaN NaN NaN NaN NaN NaN NaN NaN NaN NaN NaN NaN NaN NaN NaN NaN NaN NaN NaN NaN NaN NaN NaN NaN NaN 
NaN NaN NaN NaN NaN NaN NaN NaN NaN NaN NaN NaN NaN NaN NaN NaN NaN NaN NaN NaN NaN NaN NaN NaN NaN NaN NaN NaN NaN NaN NaN NaN NaN NaN NaN NaN NaN NaN NaN NaN 
NaN NaN NaN NaN NaN NaN NaN NaN NaN NaN NaN NaN NaN NaN NaN NaN NaN NaN NaN NaN NaN NaN NaN NaN NaN NaN NaN NaN NaN NaN NaN NaN NaN NaN NaN NaN NaN NaN NaN NaN 
NaN NaN NaN NaN NaN NaN NaN NaN NaN NaN NaN NaN NaN NaN NaN NaN NaN NaN NaN NaN NaN NaN NaN NaN NaN NaN NaN NaN NaN NaN NaN NaN NaN NaN NaN NaN NaN NaN NaN NaN 
NaN NaN NaN NaN NaN NaN NaN NaN NaN NaN NaN NaN NaN NaN NaN NaN NaN NaN NaN NaN NaN NaN NaN NaN NaN NaN NaN NaN NaN NaN NaN NaN NaN NaN NaN NaN NaN NaN NaN NaN 
NaN NaN NaN NaN NaN NaN NaN NaN NaN NaN NaN NaN NaN NaN NaN NaN NaN NaN NaN NaN NaN NaN NaN NaN NaN NaN NaN NaN NaN NaN NaN NaN NaN NaN NaN NaN NaN NaN NaN NaN 
NaN NaN NaN NaN NaN NaN NaN NaN NaN NaN NaN NaN NaN NaN NaN NaN NaN NaN NaN NaN NaN NaN NaN NaN NaN NaN NaN NaN NaN NaN NaN NaN NaN NaN NaN NaN NaN NaN NaN NaN 
NaN NaN NaN NaN NaN NaN NaN NaN NaN NaN NaN NaN NaN NaN NaN NaN NaN NaN NaN NaN NaN NaN NaN NaN NaN NaN NaN NaN NaN NaN NaN NaN NaN NaN NaN NaN NaN NaN NaN NaN 
NaN NaN NaN NaN NaN NaN NaN NaN NaN NaN NaN NaN NaN NaN NaN NaN NaN NaN NaN NaN NaN NaN NaN NaN NaN NaN NaN NaN NaN NaN NaN NaN NaN NaN NaN NaN NaN NaN NaN NaN 
NaN NaN NaN NaN NaN NaN NaN NaN NaN NaN NaN NaN NaN NaN NaN NaN NaN NaN NaN NaN NaN NaN NaN NaN NaN NaN NaN NaN NaN NaN NaN NaN NaN NaN NaN NaN NaN NaN NaN NaN 
NaN NaN NaN NaN NaN NaN NaN NaN NaN NaN NaN NaN NaN NaN NaN NaN NaN NaN NaN NaN NaN NaN NaN NaN NaN NaN NaN NaN NaN NaN NaN NaN NaN NaN NaN NaN NaN NaN NaN NaN 
NaN NaN NaN NaN NaN NaN NaN NaN NaN NaN NaN NaN NaN NaN NaN NaN NaN NaN NaN NaN NaN NaN NaN NaN NaN NaN NaN NaN NaN NaN NaN NaN NaN NaN NaN NaN NaN NaN NaN NaN 
NaN NaN NaN NaN NaN NaN NaN NaN NaN NaN NaN NaN NaN NaN NaN NaN NaN NaN NaN NaN NaN NaN NaN NaN NaN NaN NaN NaN NaN NaN NaN NaN NaN NaN NaN NaN NaN NaN NaN NaN 
NaN NaN NaN NaN NaN NaN NaN NaN NaN NaN NaN NaN NaN NaN NaN NaN NaN NaN NaN NaN NaN NaN NaN NaN NaN NaN NaN NaN NaN NaN NaN NaN NaN NaN NaN NaN NaN NaN NaN NaN 
NaN NaN NaN NaN NaN NaN NaN NaN NaN NaN NaN NaN NaN NaN NaN NaN NaN NaN NaN NaN NaN NaN NaN NaN NaN NaN NaN NaN NaN NaN NaN NaN NaN NaN NaN NaN NaN NaN NaN NaN 
NaN NaN NaN NaN NaN NaN NaN NaN NaN NaN NaN NaN NaN NaN NaN NaN NaN NaN NaN NaN NaN NaN NaN NaN NaN NaN NaN NaN NaN NaN NaN NaN NaN NaN NaN NaN NaN NaN NaN NaN 
NaN NaN NaN NaN NaN NaN NaN NaN NaN NaN NaN NaN NaN NaN NaN NaN NaN NaN NaN NaN NaN NaN NaN NaN NaN NaN NaN NaN NaN NaN NaN NaN NaN NaN NaN NaN NaN NaN NaN NaN 
NaN NaN NaN NaN NaN NaN NaN NaN NaN NaN NaN NaN NaN NaN NaN NaN NaN NaN NaN NaN NaN NaN NaN NaN NaN NaN NaN NaN NaN NaN NaN NaN NaN NaN NaN NaN NaN NaN NaN NaN 
NaN NaN NaN NaN NaN NaN NaN NaN NaN NaN NaN NaN NaN NaN NaN NaN NaN NaN NaN NaN NaN NaN NaN NaN NaN NaN NaN NaN NaN NaN NaN NaN NaN NaN NaN NaN NaN NaN NaN NaN 
NaN NaN NaN NaN NaN NaN NaN NaN NaN NaN NaN NaN NaN NaN NaN NaN NaN NaN NaN NaN NaN NaN NaN NaN NaN NaN NaN NaN NaN NaN NaN NaN NaN NaN NaN NaN NaN NaN NaN NaN 
NaN NaN NaN NaN NaN NaN NaN NaN NaN NaN NaN NaN NaN NaN NaN NaN NaN NaN NaN NaN NaN NaN NaN NaN NaN NaN NaN NaN NaN NaN NaN NaN NaN NaN NaN NaN NaN NaN NaN NaN 
NaN NaN NaN NaN NaN NaN NaN NaN NaN NaN NaN NaN NaN NaN NaN NaN NaN NaN NaN NaN NaN NaN NaN NaN NaN NaN NaN NaN NaN NaN NaN NaN NaN NaN NaN NaN NaN NaN NaN NaN 
NaN NaN NaN NaN NaN NaN NaN NaN NaN NaN NaN NaN NaN NaN NaN NaN NaN NaN NaN NaN NaN NaN NaN NaN NaN NaN NaN NaN NaN NaN NaN NaN NaN NaN NaN NaN NaN NaN NaN NaN 
NaN NaN NaN NaN NaN NaN NaN NaN NaN NaN NaN NaN NaN NaN NaN NaN NaN NaN NaN NaN NaN NaN NaN NaN NaN NaN NaN NaN NaN NaN NaN NaN NaN NaN NaN NaN NaN NaN NaN NaN 
NaN NaN NaN NaN NaN NaN NaN NaN NaN NaN NaN NaN NaN NaN NaN NaN NaN NaN NaN NaN NaN NaN NaN NaN NaN NaN NaN NaN NaN NaN NaN NaN NaN NaN NaN NaN NaN NaN NaN NaN 
NaN NaN NaN NaN NaN NaN NaN NaN NaN NaN NaN NaN NaN NaN NaN NaN NaN NaN NaN NaN NaN NaN NaN NaN NaN NaN NaN NaN NaN NaN NaN NaN NaN NaN NaN NaN NaN NaN NaN NaN 
NaN NaN NaN NaN NaN NaN NaN NaN NaN NaN NaN NaN NaN NaN NaN NaN NaN NaN NaN NaN NaN NaN NaN NaN NaN NaN NaN NaN NaN NaN NaN NaN NaN NaN NaN NaN NaN NaN NaN NaN 
NaN NaN NaN NaN NaN NaN NaN NaN NaN NaN NaN NaN NaN NaN NaN NaN NaN NaN NaN NaN NaN NaN NaN NaN NaN NaN NaN NaN NaN NaN NaN NaN NaN NaN NaN NaN NaN NaN NaN NaN 
NaN NaN NaN NaN NaN NaN NaN NaN NaN NaN NaN NaN NaN NaN NaN NaN NaN NaN NaN NaN NaN NaN NaN NaN NaN NaN NaN NaN NaN NaN NaN NaN NaN NaN NaN NaN NaN NaN NaN NaN 
NaN NaN NaN NaN NaN NaN NaN NaN NaN NaN NaN NaN NaN NaN NaN NaN NaN NaN NaN NaN NaN NaN NaN NaN NaN NaN NaN NaN NaN NaN NaN NaN NaN NaN NaN NaN NaN NaN NaN NaN 
NaN NaN NaN NaN NaN NaN NaN NaN NaN NaN NaN NaN NaN NaN NaN NaN NaN NaN NaN NaN NaN NaN NaN NaN NaN NaN NaN NaN NaN NaN NaN NaN NaN NaN NaN NaN NaN NaN NaN NaN 
NaN NaN NaN NaN NaN NaN NaN NaN NaN NaN NaN NaN NaN NaN NaN NaN NaN NaN NaN NaN NaN NaN NaN NaN NaN NaN NaN NaN NaN NaN NaN NaN NaN NaN NaN NaN NaN NaN NaN NaN 
NaN NaN NaN NaN NaN NaN NaN NaN NaN NaN NaN NaN NaN NaN NaN NaN NaN NaN NaN NaN NaN NaN NaN NaN NaN NaN NaN NaN NaN NaN NaN NaN NaN NaN NaN NaN NaN NaN NaN NaN 
NaN NaN NaN NaN NaN NaN NaN NaN NaN NaN NaN NaN NaN NaN NaN NaN NaN NaN NaN NaN NaN NaN NaN NaN NaN NaN NaN NaN NaN NaN NaN NaN NaN NaN NaN NaN NaN NaN NaN NaN 
NaN NaN NaN NaN NaN NaN NaN NaN NaN NaN NaN NaN NaN NaN NaN NaN NaN NaN NaN NaN NaN NaN NaN NaN NaN NaN NaN NaN NaN NaN NaN NaN NaN NaN NaN NaN NaN NaN NaN NaN 
NaN NaN NaN NaN NaN NaN NaN NaN NaN NaN NaN NaN NaN NaN NaN NaN NaN NaN NaN NaN NaN NaN NaN NaN NaN NaN NaN NaN NaN NaN NaN NaN NaN NaN NaN NaN NaN NaN NaN NaN 
NaN NaN NaN NaN NaN NaN NaN NaN NaN NaN NaN NaN NaN NaN NaN NaN NaN NaN NaN NaN NaN NaN NaN NaN NaN NaN NaN NaN NaN NaN NaN NaN NaN NaN NaN NaN NaN NaN NaN NaN 
NaN NaN NaN NaN NaN NaN NaN NaN NaN NaN NaN NaN NaN NaN NaN NaN NaN NaN NaN NaN NaN NaN NaN NaN NaN NaN NaN NaN NaN NaN NaN NaN NaN NaN NaN NaN NaN NaN NaN NaN 
NaN NaN NaN NaN NaN NaN NaN NaN NaN NaN NaN NaN NaN NaN NaN NaN NaN NaN NaN NaN NaN NaN NaN NaN NaN NaN NaN NaN NaN NaN NaN NaN NaN NaN NaN NaN NaN NaN NaN NaN 
NaN NaN NaN NaN NaN NaN NaN NaN NaN NaN NaN NaN NaN NaN NaN NaN NaN NaN NaN NaN NaN NaN NaN NaN NaN NaN NaN NaN NaN NaN NaN NaN NaN NaN NaN NaN NaN NaN NaN NaN 
