NaN NaN NaN NaN NaN NaN NaN NaN NaN NaN NaN NaN NaN NaN NaN NaN NaN NaN NaN NaN NaN NaN NaN NaN NaN NaN NaN NaN NaN NaN NaN NaN NaN NaN NaN NaN NaN NaN NaN NaN 
NaN NaN NaN NaN NaN NaN NaN NaN NaN NaN NaN NaN NaN NaN NaN NaN NaN NaN NaN NaN NaN NaN NaN NaN NaN NaN NaN NaN NaN NaN NaN NaN NaN NaN NaN NaN NaN NaN NaN NaN 
NaN NaN NaN NaN NaN NaN NaN NaN NaN NaN NaN NaN NaN NaN NaN NaN NaN NaN NaN NaN NaN NaN NaN NaN NaN NaN NaN NaN NaN NaN NaN NaN NaN NaN NaN NaN NaN NaN NaN NaN 
NaN NaN NaN NaN NaN NaN NaN NaN NaN NaN NaN NaN NaN NaN NaN NaN NaN NaN NaN NaN NaN NaN NaN NaN NaN NaN NaN NaN NaN NaN NaN NaN NaN NaN NaN NaN NaN NaN NaN NaN 
NaN NaN NaN NaN NaN NaN NaN NaN NaN NaN NaN NaN NaN NaN NaN NaN NaN NaN NaN NaN NaN NaN NaN NaN NaN NaN NaN NaN NaN NaN NaN NaN NaN NaN NaN NaN NaN NaN NaN NaN 
NaN NaN NaN NaN NaN NaN NaN NaN NaN NaN NaN NaN NaN NaN NaN NaN NaN NaN NaN NaN NaN NaN NaN NaN NaN NaN NaN NaN NaN NaN NaN NaN NaN NaN NaN NaN NaN NaN NaN NaN 
NaN NaN NaN NaN NaN NaN NaN NaN NaN NaN NaN NaN NaN NaN NaN NaN NaN NaN NaN NaN NaN NaN NaN NaN NaN NaN NaN NaN NaN NaN NaN NaN NaN NaN NaN NaN NaN NaN NaN NaN 
NaN NaN NaN NaN NaN NaN NaN NaN NaN NaN NaN NaN NaN NaN NaN NaN NaN NaN NaN NaN NaN NaN NaN NaN NaN NaN NaN NaN NaN NaN NaN NaN NaN NaN NaN NaN NaN NaN NaN NaN 
NaN NaN NaN NaN NaN NaN NaN NaN NaN NaN NaN NaN NaN NaN NaN NaN NaN NaN NaN NaN NaN NaN NaN NaN NaN NaN NaN NaN NaN NaN NaN NaN NaN NaN NaN NaN NaN NaN NaN NaN 
NaN NaN NaN NaN NaN NaN NaN NaN NaN NaN NaN NaN NaN NaN NaN NaN NaN NaN NaN NaN NaN NaN NaN NaN NaN NaN NaN NaN NaN NaN NaN NaN NaN NaN NaN NaN NaN NaN NaN NaN 
NaN NaN NaN NaN NaN NaN NaN NaN NaN NaN NaN NaN NaN NaN NaN NaN NaN NaN NaN NaN NaN NaN NaN NaN NaN NaN NaN NaN NaN NaN NaN NaN NaN NaN NaN NaN NaN NaN NaN NaN 
NaN NaN NaN NaN NaN NaN NaN NaN NaN NaN NaN NaN NaN NaN NaN NaN NaN NaN NaN NaN NaN NaN NaN NaN NaN NaN NaN NaN NaN NaN NaN NaN NaN NaN NaN NaN NaN NaN NaN NaN 
NaN NaN NaN NaN NaN NaN NaN NaN NaN NaN NaN NaN NaN NaN NaN NaN NaN NaN NaN NaN NaN NaN NaN NaN NaN NaN NaN NaN NaN NaN NaN NaN NaN NaN NaN NaN NaN NaN NaN NaN 
NaN NaN NaN NaN NaN NaN NaN NaN NaN NaN NaN NaN NaN NaN NaN NaN NaN NaN NaN NaN NaN NaN NaN NaN NaN NaN NaN NaN NaN NaN NaN NaN NaN NaN NaN NaN NaN NaN NaN NaN 
NaN NaN NaN NaN NaN NaN NaN NaN NaN NaN NaN NaN NaN NaN NaN NaN NaN NaN NaN NaN NaN NaN NaN NaN NaN NaN NaN NaN NaN NaN NaN NaN NaN NaN NaN NaN NaN NaN NaN NaN 
NaN NaN NaN NaN NaN NaN NaN NaN NaN NaN NaN NaN NaN NaN NaN NaN NaN NaN NaN NaN NaN NaN NaN NaN NaN NaN NaN NaN NaN NaN NaN NaN NaN NaN NaN NaN NaN NaN NaN NaN 
NaN NaN NaN NaN NaN NaN NaN NaN NaN NaN NaN NaN NaN NaN NaN NaN NaN NaN NaN NaN NaN NaN NaN NaN NaN NaN NaN NaN NaN NaN NaN NaN NaN NaN NaN NaN NaN NaN NaN NaN 
NaN NaN NaN NaN NaN NaN NaN NaN NaN NaN NaN NaN NaN NaN NaN NaN NaN NaN NaN NaN NaN NaN NaN NaN NaN NaN NaN NaN NaN NaN NaN NaN NaN NaN NaN NaN NaN NaN NaN NaN 
NaN NaN NaN NaN NaN NaN NaN NaN NaN NaN NaN NaN NaN NaN NaN NaN NaN NaN NaN NaN NaN NaN NaN NaN NaN NaN NaN NaN NaN NaN NaN NaN NaN NaN NaN NaN NaN NaN NaN NaN 
NaN NaN NaN NaN NaN NaN NaN NaN NaN NaN NaN NaN NaN NaN NaN NaN NaN NaN NaN NaN NaN NaN NaN NaN NaN NaN NaN NaN NaN NaN NaN NaN NaN NaN NaN NaN NaN NaN NaN NaN 
NaN NaN NaN NaN NaN NaN NaN NaN NaN NaN NaN NaN NaN NaN NaN NaN NaN NaN NaN NaN NaN NaN NaN NaN NaN NaN NaN NaN NaN NaN NaN NaN NaN NaN NaN NaN NaN NaN NaN NaN 
NaN NaN NaN NaN NaN NaN NaN NaN NaN NaN NaN NaN NaN NaN NaN NaN NaN NaN NaN NaN NaN NaN NaN NaN NaN NaN NaN NaN NaN NaN NaN NaN NaN NaN NaN NaN NaN NaN NaN NaN 
NaN NaN NaN NaN NaN NaN NaN NaN NaN NaN NaN NaN NaN NaN NaN NaN NaN NaN NaN NaN NaN NaN NaN NaN NaN NaN NaN NaN NaN NaN NaN NaN NaN NaN NaN NaN NaN NaN NaN NaN 
NaN NaN NaN NaN NaN NaN NaN NaN NaN NaN NaN NaN NaN NaN NaN NaN NaN NaN NaN NaN NaN NaN NaN NaN NaN NaN NaN NaN NaN NaN NaN NaN NaN NaN NaN NaN NaN NaN NaN NaN 
NaN NaN NaN NaN NaN NaN NaN NaN NaN NaN NaN NaN NaN NaN NaN NaN NaN NaN NaN NaN NaN NaN NaN NaN NaN NaN NaN NaN NaN NaN NaN NaN NaN NaN NaN NaN NaN NaN NaN NaN 
NaN NaN NaN NaN NaN NaN NaN NaN NaN NaN NaN NaN NaN NaN NaN NaN NaN NaN NaN NaN NaN NaN NaN NaN NaN NaN NaN NaN NaN NaN NaN NaN NaN NaN NaN NaN NaN NaN NaN NaN 
NaN NaN NaN NaN NaN NaN NaN NaN NaN NaN NaN NaN NaN NaN NaN NaN NaN NaN NaN NaN NaN NaN NaN NaN NaN NaN NaN NaN NaN NaN NaN NaN NaN NaN NaN NaN NaN NaN NaN NaN 
NaN NaN NaN NaN NaN NaN NaN NaN NaN NaN NaN NaN NaN NaN NaN NaN NaN NaN NaN NaN NaN NaN NaN NaN NaN NaN NaN NaN NaN NaN NaN NaN NaN NaN NaN NaN NaN NaN NaN NaN 
NaN NaN NaN NaN NaN NaN NaN NaN NaN NaN NaN NaN NaN NaN NaN NaN NaN NaN NaN NaN NaN NaN NaN NaN NaN NaN NaN NaN NaN NaN NaN NaN NaN NaN NaN NaN NaN NaN NaN NaN 
NaN NaN NaN NaN NaN NaN NaN NaN NaN NaN NaN NaN NaN NaN NaN NaN NaN NaN NaN NaN NaN NaN NaN NaN NaN NaN NaN NaN NaN NaN NaN NaN NaN NaN NaN NaN NaN NaN NaN NaN 
NaN NaN NaN NaN NaN NaN NaN NaN NaN NaN NaN NaN NaN NaN NaN NaN NaN NaN NaN NaN NaN NaN NaN NaN NaN NaN NaN NaN NaN NaN NaN NaN NaN NaN NaN NaN NaN NaN NaN NaN 
NaN NaN NaN NaN NaN NaN NaN NaN NaN NaN NaN NaN NaN NaN NaN NaN NaN NaN NaN NaN NaN NaN NaN NaN NaN NaN NaN NaN NaN NaN NaN NaN NaN NaN NaN NaN NaN NaN NaN NaN 
NaN NaN NaN NaN NaN NaN NaN NaN NaN NaN NaN NaN NaN NaN NaN NaN NaN NaN NaN NaN NaN NaN NaN NaN NaN NaN NaN NaN NaN NaN NaN NaN NaN NaN NaN NaN NaN NaN NaN NaN 
NaN NaN NaN NaN NaN NaN NaN NaN NaN NaN NaN NaN NaN NaN NaN NaN NaN NaN NaN NaN NaN NaN NaN NaN NaN NaN NaN NaN NaN NaN NaN NaN NaN NaN NaN NaN NaN NaN NaN NaN 
NaN NaN NaN NaN NaN NaN NaN NaN NaN NaN NaN NaN NaN NaN NaN NaN NaN NaN NaN NaN NaN NaN NaN NaN NaN NaN NaN NaN NaN NaN NaN NaN NaN NaN NaN NaN NaN NaN NaN NaN 
NaN NaN NaN NaN NaN NaN NaN NaN NaN NaN NaN NaN NaN NaN NaN NaN NaN NaN NaN NaN NaN NaN NaN NaN NaN NaN NaN NaN NaN NaN NaN NaN NaN NaN NaN NaN NaN NaN NaN NaN 
NaN NaN NaN NaN NaN NaN NaN NaN NaN NaN NaN NaN NaN NaN NaN NaN NaN NaN NaN NaN NaN NaN NaN NaN NaN NaN NaN NaN NaN NaN NaN NaN NaN NaN NaN NaN NaN NaN NaN NaN 
NaN NaN NaN NaN NaN NaN NaN NaN NaN NaN NaN NaN NaN NaN NaN NaN NaN NaN NaN NaN NaN NaN NaN NaN NaN NaN NaN NaN NaN NaN NaN NaN NaN NaN NaN NaN NaN NaN NaN NaN 
NaN NaN NaN NaN NaN NaN NaN NaN NaN NaN NaN NaN NaN NaN NaN NaN NaN NaN NaN NaN NaN NaN NaN NaN NaN NaN NaN NaN NaN NaN NaN NaN NaN NaN NaN NaN NaN NaN NaN NaN 
NaN NaN NaN NaN NaN NaN NaN NaN NaN NaN NaN NaN NaN NaN NaN NaN NaN NaN NaN NaN NaN NaN NaN NaN NaN NaN NaN NaN NaN NaN NaN NaN NaN NaN NaN NaN NaN NaN NaN NaN 
NaN NaN NaN NaN NaN NaN NaN NaN NaN NaN NaN NaN NaN NaN NaN NaN NaN NaN NaN NaN NaN NaN NaN NaN NaN NaN NaN NaN NaN NaN NaN NaN NaN NaN NaN NaN NaN NaN NaN NaN 
NaN NaN NaN NaN NaN NaN NaN NaN NaN NaN NaN NaN NaN NaN NaN NaN NaN NaN NaN NaN NaN NaN NaN NaN NaN NaN NaN NaN NaN NaN NaN NaN NaN NaN NaN NaN NaN NaN NaN NaN 
NaN NaN NaN NaN NaN NaN NaN NaN NaN NaN NaN NaN NaN NaN NaN NaN NaN NaN NaN NaN NaN NaN NaN NaN NaN NaN NaN NaN NaN NaN NaN NaN NaN NaN NaN NaN NaN NaN NaN NaN 
NaN NaN NaN NaN NaN NaN NaN NaN NaN NaN NaN NaN NaN NaN NaN NaN NaN NaN NaN NaN NaN NaN NaN NaN NaN NaN NaN NaN NaN NaN NaN NaN NaN NaN NaN NaN NaN NaN NaN NaN 
NaN NaN NaN NaN NaN NaN NaN NaN NaN NaN NaN NaN NaN NaN NaN NaN NaN NaN NaN NaN NaN NaN NaN NaN NaN NaN NaN NaN NaN NaN NaN NaN NaN NaN NaN NaN NaN NaN NaN NaN 
NaN NaN NaN NaN NaN NaN NaN NaN NaN NaN NaN NaN NaN NaN NaN NaN NaN NaN NaN NaN NaN NaN NaN NaN NaN NaN NaN NaN NaN NaN NaN NaN NaN NaN NaN NaN NaN NaN NaN NaN 
NaN NaN NaN NaN NaN NaN NaN NaN NaN NaN NaN NaN NaN NaN NaN NaN NaN NaN NaN NaN NaN NaN NaN NaN NaN NaN NaN NaN NaN NaN NaN NaN NaN NaN NaN NaN NaN NaN NaN NaN 
NaN NaN NaN NaN NaN NaN NaN NaN NaN NaN NaN NaN NaN NaN NaN NaN NaN NaN NaN NaN NaN NaN NaN NaN NaN NaN NaN NaN NaN NaN NaN NaN NaN NaN NaN NaN NaN NaN NaN NaN 
NaN NaN NaN NaN NaN NaN NaN NaN NaN NaN NaN NaN NaN NaN NaN NaN NaN NaN NaN NaN NaN NaN NaN NaN NaN NaN NaN NaN NaN NaN NaN NaN NaN NaN NaN NaN NaN NaN NaN NaN 
NaN NaN NaN NaN NaN NaN NaN NaN NaN NaN NaN NaN NaN NaN NaN NaN NaN NaN NaN NaN NaN NaN NaN NaN NaN NaN NaN NaN NaN NaN NaN NaN NaN NaN NaN NaN NaN NaN NaN NaN 
NaN NaN NaN NaN NaN NaN NaN NaN NaN NaN NaN NaN NaN NaN NaN NaN NaN NaN NaN NaN NaN NaN NaN NaN NaN NaN NaN NaN NaN NaN NaN NaN NaN NaN NaN NaN NaN NaN NaN NaN 
NaN NaN NaN NaN NaN NaN NaN NaN NaN NaN NaN NaN NaN NaN NaN NaN NaN NaN NaN NaN NaN NaN NaN NaN NaN NaN NaN NaN NaN NaN NaN NaN NaN NaN NaN NaN NaN NaN NaN NaN 
NaN NaN NaN NaN NaN NaN NaN NaN NaN NaN NaN NaN NaN NaN NaN NaN NaN NaN NaN NaN NaN NaN NaN NaN NaN NaN NaN NaN NaN NaN NaN NaN NaN NaN NaN NaN NaN NaN NaN NaN 
NaN NaN NaN NaN NaN NaN NaN NaN NaN NaN NaN NaN NaN NaN NaN NaN NaN NaN NaN NaN NaN NaN NaN NaN NaN NaN NaN NaN NaN NaN NaN NaN NaN NaN NaN NaN NaN NaN NaN NaN 
NaN NaN NaN NaN NaN NaN NaN NaN NaN NaN NaN NaN NaN NaN NaN NaN NaN NaN NaN NaN NaN NaN NaN NaN NaN NaN NaN NaN NaN NaN NaN NaN NaN NaN NaN NaN NaN NaN NaN NaN 
NaN NaN NaN NaN NaN NaN NaN NaN NaN NaN NaN NaN NaN NaN NaN NaN NaN NaN NaN NaN NaN NaN NaN NaN NaN NaN NaN NaN NaN NaN NaN NaN NaN NaN NaN NaN NaN NaN NaN NaN 
NaN NaN NaN NaN NaN NaN NaN NaN NaN NaN NaN NaN NaN NaN NaN NaN NaN NaN NaN NaN NaN NaN NaN NaN NaN NaN NaN NaN NaN NaN NaN NaN NaN NaN NaN NaN NaN NaN NaN NaN 
NaN NaN NaN NaN NaN NaN NaN NaN NaN NaN NaN NaN NaN NaN NaN NaN NaN NaN NaN NaN NaN NaN NaN NaN NaN NaN NaN NaN NaN NaN NaN NaN NaN NaN NaN NaN NaN NaN NaN NaN 
NaN NaN NaN NaN NaN NaN NaN NaN NaN NaN NaN NaN NaN NaN NaN NaN NaN NaN NaN NaN NaN NaN NaN NaN NaN NaN NaN NaN NaN NaN NaN NaN NaN NaN NaN NaN NaN NaN NaN NaN 
NaN NaN NaN NaN NaN NaN NaN NaN NaN NaN NaN NaN NaN NaN NaN NaN NaN NaN NaN NaN NaN NaN NaN NaN NaN NaN NaN NaN NaN NaN NaN NaN NaN NaN NaN NaN NaN NaN NaN NaN 
NaN NaN NaN NaN NaN NaN NaN NaN NaN NaN NaN NaN NaN NaN NaN NaN NaN NaN NaN NaN NaN NaN NaN NaN NaN NaN NaN NaN NaN NaN NaN NaN NaN NaN NaN NaN NaN NaN NaN NaN 
NaN NaN NaN NaN NaN NaN NaN NaN NaN NaN NaN NaN NaN NaN NaN NaN NaN NaN NaN NaN NaN NaN NaN NaN NaN NaN NaN NaN NaN NaN NaN NaN NaN NaN NaN NaN NaN NaN NaN NaN 
NaN NaN NaN NaN NaN NaN NaN NaN NaN NaN NaN NaN NaN NaN NaN NaN NaN NaN NaN NaN NaN NaN NaN NaN NaN NaN NaN NaN NaN NaN NaN NaN NaN NaN NaN NaN NaN NaN NaN NaN 
NaN NaN NaN NaN NaN NaN NaN NaN NaN NaN NaN NaN NaN NaN NaN NaN NaN NaN NaN NaN NaN NaN NaN NaN NaN NaN NaN NaN NaN NaN NaN NaN NaN NaN NaN NaN NaN NaN NaN NaN 
NaN NaN NaN NaN NaN NaN NaN NaN NaN NaN NaN NaN NaN NaN NaN NaN NaN NaN NaN NaN NaN NaN NaN NaN NaN NaN NaN NaN NaN NaN NaN NaN NaN NaN NaN NaN NaN NaN NaN NaN 
NaN NaN NaN NaN NaN NaN NaN NaN NaN NaN NaN NaN NaN NaN NaN NaN NaN NaN NaN NaN NaN NaN NaN NaN NaN NaN NaN NaN NaN NaN NaN NaN NaN NaN NaN NaN NaN NaN NaN NaN 
NaN NaN NaN NaN NaN NaN NaN NaN NaN NaN NaN NaN NaN NaN NaN NaN NaN NaN NaN NaN NaN NaN NaN NaN NaN NaN NaN NaN NaN NaN NaN NaN NaN NaN NaN NaN NaN NaN NaN NaN 
NaN NaN NaN NaN NaN NaN NaN NaN NaN NaN NaN NaN NaN NaN NaN NaN NaN NaN NaN NaN NaN NaN NaN NaN NaN NaN NaN NaN NaN NaN NaN NaN NaN NaN NaN NaN NaN NaN NaN NaN 
NaN NaN NaN NaN NaN NaN NaN NaN NaN NaN NaN NaN NaN NaN NaN NaN NaN NaN NaN NaN NaN NaN NaN NaN NaN NaN NaN NaN NaN NaN NaN NaN NaN NaN NaN NaN NaN NaN NaN NaN 
NaN NaN NaN NaN NaN NaN NaN NaN NaN NaN NaN NaN NaN NaN NaN NaN NaN NaN NaN NaN NaN NaN NaN NaN NaN NaN NaN NaN NaN NaN NaN NaN NaN NaN NaN NaN NaN NaN NaN NaN 
NaN NaN NaN NaN NaN NaN NaN NaN NaN NaN NaN NaN NaN NaN NaN NaN NaN NaN NaN NaN NaN NaN NaN NaN NaN NaN NaN NaN NaN NaN NaN NaN NaN NaN NaN NaN NaN NaN NaN NaN 
NaN NaN NaN NaN NaN NaN NaN NaN NaN NaN NaN NaN NaN NaN NaN NaN NaN NaN NaN NaN NaN NaN NaN NaN NaN NaN NaN NaN NaN NaN NaN NaN NaN NaN NaN NaN NaN NaN NaN NaN 
NaN NaN NaN NaN NaN NaN NaN NaN NaN NaN NaN NaN NaN NaN NaN NaN NaN NaN NaN NaN NaN NaN NaN NaN NaN NaN NaN NaN NaN NaN NaN NaN NaN NaN NaN NaN NaN NaN NaN NaN 
NaN NaN NaN NaN NaN NaN NaN NaN NaN NaN NaN NaN NaN NaN NaN NaN NaN NaN NaN NaN NaN NaN NaN NaN NaN NaN NaN NaN NaN NaN NaN NaN NaN NaN NaN NaN NaN NaN NaN NaN 
NaN NaN NaN NaN NaN NaN NaN NaN NaN NaN NaN NaN NaN NaN NaN NaN NaN NaN NaN NaN NaN NaN NaN NaN NaN NaN NaN NaN NaN NaN NaN NaN NaN NaN NaN NaN NaN NaN NaN NaN 
NaN NaN NaN NaN NaN NaN NaN NaN NaN NaN NaN NaN NaN NaN NaN NaN NaN NaN NaN NaN NaN NaN NaN NaN NaN NaN NaN NaN NaN NaN NaN NaN NaN NaN NaN NaN NaN NaN NaN NaN 
NaN NaN NaN NaN NaN NaN NaN NaN NaN NaN NaN NaN NaN NaN NaN NaN NaN NaN NaN NaN NaN NaN NaN NaN NaN NaN NaN NaN NaN NaN NaN NaN NaN NaN NaN NaN NaN NaN NaN NaN 
NaN NaN NaN NaN NaN NaN NaN NaN NaN NaN NaN NaN NaN NaN NaN NaN NaN NaN NaN NaN NaN NaN NaN NaN NaN NaN NaN NaN NaN NaN NaN NaN NaN NaN NaN NaN NaN NaN NaN NaN 
NaN NaN NaN NaN NaN NaN NaN NaN NaN NaN NaN NaN NaN NaN NaN NaN NaN NaN NaN NaN NaN NaN NaN NaN NaN NaN NaN NaN NaN NaN NaN NaN NaN NaN NaN NaN NaN NaN NaN NaN 
NaN NaN NaN NaN NaN NaN NaN NaN NaN NaN NaN NaN NaN NaN NaN NaN NaN NaN NaN NaN NaN NaN NaN NaN NaN NaN NaN NaN NaN NaN NaN NaN NaN NaN NaN NaN NaN NaN NaN NaN 
NaN NaN NaN NaN NaN NaN NaN NaN NaN NaN NaN NaN NaN NaN NaN NaN NaN NaN NaN NaN NaN NaN NaN NaN NaN NaN NaN NaN NaN NaN NaN NaN NaN NaN NaN NaN NaN NaN NaN NaN 
NaN NaN NaN NaN NaN NaN NaN NaN NaN NaN NaN NaN NaN NaN NaN NaN NaN NaN NaN NaN NaN NaN NaN NaN NaN NaN NaN NaN NaN NaN NaN NaN NaN NaN NaN NaN NaN NaN NaN NaN 
NaN NaN NaN NaN NaN NaN NaN NaN NaN NaN NaN NaN NaN NaN NaN NaN NaN NaN NaN NaN NaN NaN NaN NaN NaN NaN NaN NaN NaN NaN NaN NaN NaN NaN NaN NaN NaN NaN NaN NaN 
NaN NaN NaN NaN NaN NaN NaN NaN NaN NaN NaN NaN NaN NaN NaN NaN NaN NaN NaN NaN NaN NaN NaN NaN NaN NaN NaN NaN NaN NaN NaN NaN NaN NaN NaN NaN NaN NaN NaN NaN 
NaN NaN NaN NaN NaN NaN NaN NaN NaN NaN NaN NaN NaN NaN NaN NaN NaN NaN NaN NaN NaN NaN NaN NaN NaN NaN NaN NaN NaN NaN NaN NaN NaN NaN NaN NaN NaN NaN NaN NaN 
NaN NaN NaN NaN NaN NaN NaN NaN NaN NaN NaN NaN NaN NaN NaN NaN NaN NaN NaN NaN NaN NaN NaN NaN NaN NaN NaN NaN NaN NaN NaN NaN NaN NaN NaN NaN NaN NaN NaN NaN 
NaN NaN NaN NaN NaN NaN NaN NaN NaN NaN NaN NaN NaN NaN NaN NaN NaN NaN NaN NaN NaN NaN NaN NaN NaN NaN NaN NaN NaN NaN NaN NaN NaN NaN NaN NaN NaN NaN NaN NaN 
NaN NaN NaN NaN NaN NaN NaN NaN NaN NaN NaN NaN NaN NaN NaN NaN NaN NaN NaN NaN NaN NaN NaN NaN NaN NaN NaN NaN NaN NaN NaN NaN NaN NaN NaN NaN NaN NaN NaN NaN 
-70.624889 -76.034117 -80.903372 -82.235631 -81.964994 -79.068635 -77.863890 -79.189429 -79.993025 -80.181787 -84.150871 -82.254062 -80.305829 -82.829983 -84.518015 -84.427947 -81.052733 -84.347716 -83.762650 -80.702861 -81.381496 -81.023522 -86.862417 -86.199731 -88.404454 -89.544332 -80.866563 -81.024815 -83.511949 -87.285641 -85.138979 -88.033562 -85.808394 -86.520121 -84.371226 -83.100207 -88.834928 -85.760556 -87.669527 -86.024247 
-62.286468 -79.371019 -87.366920 -80.960284 -79.095971 -74.546041 -76.999268 -75.193367 -77.384103 -75.026813 -77.314332 -77.973921 -75.359352 -81.927881 -80.006995 -82.728066 -77.096686 -78.198836 -78.693222 -77.133907 -77.044287 -78.020122 -75.619447 -74.682703 -76.538225 -83.172726 -75.123234 -75.724506 -73.644795 -79.255438 -76.996461 -74.981806 -77.455363 -78.513476 -77.671345 -75.155148 -80.407605 -79.961234 -76.616872 -78.178636 
-61.977614 -75.271630 -75.505559 -78.783111 -75.478895 -73.016835 -80.172731 -70.753107 -76.244420 -78.800353 -70.001807 -72.003455 -76.904111 -78.556865 -75.670167 -81.301995 -77.704424 -71.586065 -72.534519 -74.770911 -79.903559 -72.497562 -71.920498 -78.099336 -75.029317 -75.591359 -71.474250 -72.308251 -74.360791 -75.793964 -76.910680 -76.314860 -74.595261 -75.330200 -76.528425 -78.542689 -78.151612 -75.924271 -76.594720 -78.122926 
-63.641306 -76.569370 -83.024824 -74.763820 -72.802288 -74.262420 -75.443699 -73.730662 -72.275428 -79.333020 -70.255582 -74.494702 -76.765984 -77.300138 -72.089910 -72.948698 -78.936596 -79.933420 -75.923598 -75.941901 -75.391573 -75.989687 -74.772309 -74.319705 -75.366829 -75.220141 -74.596924 -74.413048 -74.927515 -82.466371 -77.625910 -77.442008 -74.848191 -75.856067 -76.391906 -77.286256 -74.404306 -77.873807 -76.684299 -79.474193 
-32.623516 -37.054249 -42.478642 -46.186381 -48.542810 -51.537006 -52.475530 -54.708636 -57.090542 -55.965930 -60.797600 -59.943790 -55.742314 -56.868254 -54.100220 -57.048599 -62.685447 -63.036722 -64.276302 -67.007871 -68.346732 -69.380265 -66.812499 -65.387155 -68.062248 -69.885769 -69.614842 -68.786852 -67.359969 -71.313928 -67.618424 -71.349811 -72.626981 -68.599645 -69.637777 -72.174386 -73.769422 -72.300709 -73.844700 -72.893385 
-28.045585 -35.652171 -49.793772 -47.478928 -47.022230 -46.700234 -52.463037 -58.983222 -51.501809 -51.974266 -60.339532 -56.766540 -47.658135 -39.221845 -38.782925 -47.870323 -57.895736 -62.662100 -58.677886 -60.460859 -60.903584 -63.365701 -57.441993 -62.451531 -62.157213 -64.987463 -70.440689 -69.654417 -71.986901 -68.702688 -67.945998 -69.801541 -68.688783 -66.552521 -70.947751 -71.822572 -71.355295 -68.660584 -69.905407 -69.927502 
-30.474049 -34.108073 -39.090043 -42.915679 -43.368744 -46.367984 -50.950165 -52.126730 -52.680848 -56.427028 -59.057770 -57.537974 -52.155833 -46.912700 -47.015197 -46.382229 -63.662890 -63.044870 -59.314387 -64.191835 -64.078841 -62.811937 -61.723650 -64.654955 -66.646914 -70.003061 -73.723162 -72.002630 -69.695336 -69.157328 -66.299859 -67.683994 -68.871640 -66.423848 -69.966932 -70.640528 -69.247864 -68.253628 -72.280504 -73.164281 
-29.516641 -38.015208 -39.270064 -48.665972 -46.627387 -46.910428 -46.229558 -51.645095 -54.395237 -56.868776 -58.843219 -52.496459 -49.762686 -43.788219 -49.417095 -52.752450 -61.462864 -63.682081 -61.973939 -61.530262 -65.216485 -67.676323 -60.652532 -64.847122 -69.597070 -71.739915 -69.276934 -75.660362 -70.519208 -68.266397 -66.144616 -65.565526 -69.107410 -69.089621 -70.596273 -70.068603 -71.638109 -69.145287 -72.449886 -72.467285 
-23.986019 -24.560479 -27.687682 -40.729447 -48.928291 -39.075765 -41.601718 -52.928386 -53.430252 -52.680445 -52.956241 -48.241323 -49.711501 -49.595466 -45.165132 -54.308555 -57.936850 -62.237966 -61.610798 -63.036094 -64.112733 -63.958313 -62.962643 -60.976494 -65.709607 -66.585490 -70.872112 -72.600083 -70.508219 -65.617683 -64.575580 -67.527749 -68.862293 -66.623208 -69.327355 -68.233478 -68.319540 -71.881619 -74.260367 -73.618704 
-23.410700 -21.386912 -18.202318 -28.361200 -43.754298 -37.063126 -43.891812 -47.424392 -50.447754 -50.391122 -48.664686 -53.993697 -56.813858 -47.804608 -44.397825 -49.738255 -58.556872 -63.581133 -60.077590 -61.107300 -64.224711 -65.669260 -66.487848 -61.676157 -67.280601 -67.755036 -69.841197 -72.743880 -71.113408 -70.254055 -66.448605 -69.270075 -69.946558 -69.603651 -71.270409 -68.066036 -71.481559 -77.233980 -77.976809 -76.051425 
-23.427357 -5.972260 -1.997359 -8.277929 -15.198665 -17.431095 -21.173170 -24.198331 -29.149152 -35.322908 -35.257893 -33.462963 -35.605423 -39.709593 -42.371336 -49.361419 -49.420279 -49.418744 -51.159225 -49.929103 -51.415871 -52.929061 -52.350827 -54.108470 -54.768004 -55.645213 -55.994203 -56.304230 -56.964537 -56.539763 -57.984896 -58.596644 -59.128462 -59.557630 -59.275445 -59.672459 -60.191818 -60.966056 -61.224649 -61.205213 
-9.542373 4.220732 7.211077 -1.617186 2.119527 -1.668405 -3.456466 -6.462841 -16.683507 -18.185847 -17.609391 -17.126225 -16.567323 -23.603978 -33.208252 -32.850178 -31.302366 -36.688266 -43.425492 -43.075453 -48.150682 -51.699032 -55.348197 -56.431307 -55.553732 -57.670048 -55.663378 -56.231629 -56.186064 -57.827717 -57.411828 -62.283123 -64.220422 -64.050582 -64.402842 -66.007840 -66.389085 -68.043550 -68.158169 -66.044614 
-8.934198 5.080776 2.075723 4.175519 3.677307 2.329184 -0.296886 -3.713291 -12.662804 -14.551097 -12.376716 -7.285894 -8.212679 -14.775021 -22.806674 -27.816436 -23.629417 -27.155300 -33.756754 -40.732989 -44.312476 -47.769377 -51.475932 -53.407456 -52.906694 -52.184767 -47.683168 -47.722638 -48.474795 -52.801594 -60.253164 -66.242335 -68.087026 -68.254274 -67.624357 -69.045032 -69.609678 -70.940537 -70.176080 -65.188679 
-8.372400 5.840934 5.291289 5.381456 7.775865 5.389837 6.757980 -0.345055 -6.324632 -9.298696 -9.193519 -5.199990 -0.616626 -2.320632 -10.408748 -19.568108 -14.797800 -22.688877 -26.389609 -33.158746 -38.973196 -42.381993 -42.402111 -45.651424 -48.475445 -44.752434 -38.270081 -39.940942 -44.943642 -47.319802 -50.238214 -51.523834 -52.630491 -52.834398 -53.892802 -54.749103 -55.088247 -55.375912 -55.625973 -55.559984 
-8.014175 7.054272 7.585755 6.162909 9.795899 7.511535 11.622123 3.635616 -0.706948 -4.112027 -7.646989 -4.152116 -0.016119 4.794618 3.439611 -5.958861 -10.640945 -11.473047 -15.797437 -23.420824 -33.530600 -40.408335 -36.315679 -40.307018 -42.751058 -36.877587 -31.699324 -36.224346 -39.476478 -39.473587 -46.068514 -54.647823 -60.825018 -58.087341 -61.726294 -74.302044 -74.812460 -74.777568 -70.240894 -63.725113 
-7.905448 7.761201 8.867848 6.113742 10.703808 8.339416 13.465788 6.334864 5.124621 -0.488181 -5.115695 -6.199355 -4.880660 0.634775 4.787547 8.260218 0.102413 -4.401687 -4.157207 -11.491829 -21.265205 -28.180905 -29.998368 -35.770225 -35.723062 -27.956358 -25.327983 -31.044775 -33.640141 -31.854272 -35.689206 -46.688989 -49.005492 -48.181156 -50.342753 -52.049216 -52.322464 -52.571399 -52.907878 -52.868200 
-8.080146 8.256887 9.996554 6.078205 11.675221 8.019880 13.817960 8.458510 9.250054 0.144682 -3.910430 -6.327897 -3.462211 -2.209399 2.161135 7.876397 8.807156 -0.835012 -0.101770 -1.659591 -12.410419 -19.251897 -24.459916 -25.105567 -25.978532 -22.337456 -20.487244 -26.677086 -30.182345 -27.211766 -34.167762 -42.529274 -45.586934 -45.168077 -50.047631 -51.832209 -51.703727 -51.780090 -52.762539 -52.465585 
-9.355688 8.386481 10.455633 7.066653 12.355432 7.928391 13.400820 10.243621 13.220007 1.811708 -4.956233 -5.509400 -1.549379 -3.238668 -3.697902 2.757100 8.722004 6.606754 3.068878 4.396229 -0.587438 -12.941253 -16.133417 -17.291154 -17.891284 -14.210688 -12.347638 -19.178883 -23.834183 -23.082013 -27.778729 -41.468204 -47.967182 -43.321565 -52.433961 -55.227590 -51.457534 -50.402765 -54.657046 -53.232689 
-6.428960 9.104271 10.705692 7.527414 12.757978 8.268686 13.028066 12.271296 16.292394 2.536107 -3.809418 -4.280704 -0.253914 -3.389167 -3.442230 -0.693929 3.939642 8.192240 6.834680 4.682766 5.142044 -0.520263 -9.299445 -11.459888 -12.956038 -10.294886 -7.484588 -14.939263 -19.415745 -20.923920 -22.867599 -36.262872 -40.511426 -40.764204 -44.545317 -45.737130 -44.596703 -43.967485 -45.713207 -45.216351 
-6.917028 9.102286 11.155073 7.677884 12.692234 9.017025 12.625010 14.535726 17.724294 1.873887 -4.997888 -1.679755 0.851279 -4.038253 -6.071521 -3.514998 0.280562 4.218403 6.404127 4.071640 2.154786 4.048995 -0.581626 -6.177919 -10.085130 -8.615908 -6.997587 -9.597765 -17.701386 -17.708259 -18.749534 -29.127270 -37.640062 -40.010646 -41.255952 -46.267899 -46.216251 -43.804026 -44.221816 -43.502706 
-6.630836 10.383682 12.423928 7.342745 12.050149 8.333137 11.805233 14.272888 17.365364 -0.088892 -4.803019 -0.931212 -1.178613 -2.737098 -2.969297 -3.599750 -4.614321 0.293397 6.583318 5.436355 1.499247 5.100567 2.607660 -3.247913 -7.573943 -8.014320 -2.102730 -6.264976 -15.564871 -16.888227 -15.738891 -25.339520 -32.971379 -40.161059 -40.967914 -46.044390 -46.543164 -42.648288 -43.075981 -40.152871 
-4.876553 10.765233 12.837184 5.755802 9.383869 7.693829 9.035028 11.535766 13.321732 -2.794576 -8.033303 -2.480254 -5.246110 -6.280483 -6.550435 -5.724776 -7.430715 -4.096880 0.228912 -1.685332 -6.197312 -1.409614 -2.054629 -7.621900 -15.177197 -14.164063 -10.805284 -12.467279 -22.438806 -22.826842 -22.120557 -27.706711 -35.970462 -42.485236 -48.018757 -61.168991 -61.761777 -48.109125 -48.457586 -40.637262 
-3.983563 9.273588 9.409255 3.798781 3.915005 5.625393 1.474554 0.957028 4.847444 -4.182683 -11.108003 -8.939860 -15.015552 -15.666568 -15.210583 -14.366247 -12.317054 -10.207812 -10.589855 -13.282623 -20.832681 -18.891861 -19.162287 -23.870490 -29.864583 -32.768708 -27.112663 -25.554622 -32.865760 -31.367735 -31.720477 -36.576211 -39.378629 -44.629551 -46.705355 -50.078170 -51.352545 -48.697019 -51.480521 -47.728009 
-5.873139 6.698933 4.426171 -4.337726 -7.936664 -2.955848 -8.547657 -4.761602 -2.899052 -15.676383 -19.070718 -20.244966 -25.469961 -28.149232 -26.401695 -19.870744 -21.976458 -22.548636 -22.528454 -27.445691 -25.692150 -26.462674 -26.543530 -32.807938 -28.827253 -31.854449 -31.917828 -31.875522 -33.543566 -34.291066 -36.231941 -38.606626 -39.217624 -44.339440 -44.866737 -45.698840 -46.513902 -45.898781 -47.634159 -43.581643 
-9.160378 2.973913 1.048381 -9.389479 -13.803647 -11.118968 -15.559953 -13.083441 -8.816720 -24.197674 -28.555911 -25.025338 -31.391413 -27.324033 -29.787418 -28.127037 -24.435622 -27.089917 -28.621117 -29.351182 -27.867797 -27.392294 -27.494844 -27.049949 -26.257104 -30.304793 -29.604907 -30.358288 -28.817342 -29.330607 -32.393863 -30.910521 -33.002971 -36.808544 -36.854450 -37.747582 -39.454011 -40.526812 -42.405353 -38.921620 
-14.570895 -3.643470 -3.659173 -13.521738 -19.181663 -22.507087 -21.958309 -16.392074 -14.036892 -23.707819 -29.486001 -26.940377 -29.046008 -38.554460 -31.145385 -29.565696 -26.292252 -22.839968 -24.012694 -24.742250 -33.106510 -26.858123 -24.407163 -21.324190 -25.586511 -27.189044 -25.788806 -30.054727 -30.275773 -33.493290 -33.069043 -37.015886 -34.247695 -34.619574 -35.970030 -35.006569 -37.164593 -36.173067 -38.255794 -39.373205 
-22.707855 -22.703106 -19.086173 -25.344924 -27.311576 -29.739982 -25.922008 -23.728375 -20.642896 -29.452731 -32.945515 -31.404757 -30.270833 -32.829571 -31.914303 -31.468400 -29.785633 -28.450135 -24.584225 -22.137380 -27.492577 -25.610619 -28.287293 -27.762475 -26.867902 -24.659803 -28.761333 -26.125816 -29.112715 -33.557018 -34.225661 -32.377504 -31.618665 -34.292588 -37.896553 -36.056369 -35.642266 -36.124012 -35.549548 -35.759542 
-32.667274 -35.711913 -37.453951 -27.416863 -27.399830 -26.043079 -25.548155 -27.563792 -22.169287 -36.132025 -37.159911 -35.074894 -32.297034 -34.542286 -29.047845 -31.100474 -29.708998 -27.088097 -28.536935 -25.201768 -30.291509 -30.514129 -28.708876 -27.474563 -28.074999 -35.737861 -31.010072 -29.644067 -29.462493 -31.573577 -34.614084 -34.218805 -35.422706 -36.185930 -32.864934 -34.293724 -34.327114 -35.204588 -34.882476 -34.622526 
-34.883545 -35.899078 -42.763312 -36.249926 -37.451694 -33.664515 -39.596233 -31.442179 -26.636408 -39.197022 -40.516812 -46.715933 -45.957975 -42.029084 -41.778026 -37.137514 -32.411435 -26.760974 -34.608952 -34.993915 -31.892751 -31.283192 -34.299118 -30.082753 -31.728962 -37.025510 -32.754949 -33.760519 -32.196608 -33.362960 -36.731112 -37.280238 -37.499640 -38.559009 -38.472443 -34.759312 -35.855064 -39.157223 -39.614468 -38.012133 
-34.943813 -38.184756 -37.088053 -35.995537 -43.379943 -38.108396 -34.205734 -30.334163 -29.104954 -44.994454 -46.636723 -45.679799 -48.224551 -38.005619 -33.758215 -39.492734 -36.076499 -33.984322 -40.483085 -36.311170 -35.652446 -34.939859 -36.417008 -35.653691 -38.489478 -38.585309 -34.820068 -34.634496 -31.425330 -35.076764 -37.405631 -34.999800 -37.677322 -38.693446 -40.293026 -37.693825 -38.828152 -42.117086 -40.511030 -36.646640 
-20.629417 -36.301223 -42.370922 -46.844727 -43.776287 -42.964383 -33.816049 -32.020535 -38.343837 -48.049122 -49.009783 -53.215630 -46.386447 -41.244830 -36.893261 -39.163820 -42.298692 -37.505649 -41.198635 -36.849262 -41.285189 -36.483310 -36.036644 -36.827409 -37.861211 -36.104279 -32.476117 -35.275233 -35.889200 -40.306928 -40.226904 -38.072538 -39.962048 -38.830276 -37.637579 -37.688323 -41.721306 -40.159448 -36.687109 -38.481860 
-20.312587 -37.529391 -39.155646 -48.472779 -45.189243 -44.760072 -39.878423 -37.062271 -45.567854 -43.433123 -45.274101 -49.263278 -45.562439 -44.784681 -39.752455 -42.331025 -47.038956 -37.955383 -40.212564 -43.000316 -39.026318 -35.600332 -40.729347 -37.823967 -36.566888 -39.568029 -32.322358 -37.623466 -36.044691 -34.757555 -41.097205 -38.356199 -36.432951 -40.914495 -36.693239 -39.963913 -45.280356 -44.000533 -41.339367 -42.516861 
-23.776365 -34.090995 -35.917364 -46.167765 -45.813373 -48.250539 -46.499224 -39.488264 -42.838128 -43.324923 -46.604179 -56.156945 -47.414557 -40.496970 -36.323580 -41.856184 -44.106525 -43.507936 -41.682919 -36.157843 -39.517752 -34.640033 -36.716238 -35.785267 -39.153372 -33.651809 -33.330498 -34.139996 -35.718536 -36.633217 -39.772903 -36.114334 -38.962285 -40.515279 -39.120428 -39.321525 -40.175305 -42.979042 -40.993980 -38.012472 
-23.437436 -31.334980 -41.201233 -46.025162 -42.273439 -39.052239 -37.016294 -39.020150 -41.639955 -38.457935 -42.505442 -52.689136 -45.238032 -37.106376 -39.336498 -41.250903 -44.478205 -40.393423 -37.945869 -37.184029 -35.374343 -38.773988 -37.239935 -34.087721 -37.315953 -32.515683 -34.408576 -33.276218 -32.320497 -38.105152 -40.327034 -36.718916 -37.492890 -36.629795 -39.876438 -38.713946 -36.729574 -41.679579 -40.483164 -36.375300 
-28.586802 -33.447055 -41.841402 -36.763919 -28.683880 -28.782140 -34.752814 -33.866637 -32.781563 -36.586344 -36.010496 -40.370455 -36.365686 -34.652850 -34.261613 -32.377149 -34.306750 -33.091332 -40.608020 -30.653056 -28.389702 -30.349130 -35.965026 -35.184560 -32.643050 -31.801439 -28.409370 -34.301063 -31.680096 -32.275617 -37.421290 -34.810504 -37.167088 -35.552366 -34.215997 -34.862018 -35.614490 -39.426844 -36.629497 -34.697175 
-29.630267 -29.613965 -33.059052 -33.073764 -27.365759 -30.472479 -32.367075 -34.190977 -34.950453 -36.087599 -29.744256 -34.871881 -34.432236 -26.190842 -26.978861 -24.613722 -32.807762 -35.135646 -28.893337 -26.469204 -28.387362 -30.005480 -32.240645 -29.086166 -28.621461 -29.543604 -24.412491 -27.700082 -28.769881 -33.283338 -32.531752 -34.028135 -33.712569 -31.312496 -33.564104 -33.798277 -35.539796 -37.718926 -36.979494 -37.179298 
-27.453402 -28.029545 -24.241723 -22.866647 -23.180101 -20.439114 -25.745150 -27.921420 -29.683821 -32.762731 -33.109625 -29.525659 -34.181892 -26.647624 -32.245295 -22.140939 -23.874495 -28.330234 -29.638231 -25.107302 -26.320003 -25.534322 -29.041110 -30.635780 -27.273765 -25.000321 -27.130552 -32.853325 -28.885721 -26.793884 -33.371026 -37.416518 -35.284926 -33.269135 -36.020262 -33.540889 -35.536892 -34.055243 -40.651410 -40.949538 
-18.797876 -28.483547 -24.050677 -21.166269 -29.863284 -23.597881 -27.646465 -34.701689 -35.355086 -31.993487 -34.209988 -32.417625 -31.516060 -28.892908 -26.315546 -26.070663 -24.552545 -29.745330 -29.554587 -26.644392 -27.583279 -26.459733 -31.052055 -32.374530 -32.337921 -30.664253 -33.282493 -33.527319 -29.114215 -28.850554 -36.144698 -40.095471 -37.803821 -36.761438 -37.513571 -34.123096 -40.029844 -36.689702 -46.187865 -46.557176 
-13.416255 -10.775176 0.491061 4.991639 1.590414 -7.103743 -1.186507 -1.997895 -13.944745 -9.308090 -9.975506 -15.271947 -9.939008 -13.547404 -7.810044 -12.115881 -15.637777 -21.556851 -21.070066 -28.378868 -30.407809 -34.782277 -33.995456 -34.657193 -33.361584 -36.524760 -37.893145 -31.244033 -33.911405 -40.324233 -41.671752 -43.000851 -45.576679 -43.117958 -44.933891 -43.426043 -45.269265 -43.621195 -51.872832 -49.393482 
-24.752763 -12.335514 6.874567 11.943400 2.733194 8.231924 14.218052 6.891746 5.223257 2.404888 -2.810529 1.391036 -0.438757 3.048758 5.649995 5.900242 -3.181803 -6.523477 -9.992621 -23.136546 -30.160823 -31.439119 -32.917463 -34.161804 -36.692604 -35.542344 -31.869672 -25.781123 -30.981711 -38.150174 -39.838172 -39.340283 -40.784367 -41.950485 -42.707662 -43.080430 -43.799979 -42.802995 -43.687541 -43.802121 
-20.456220 -21.877195 5.434357 13.033587 2.988322 5.347599 18.180175 11.292093 -0.026104 6.082759 -6.992922 4.875310 -4.262478 4.084906 2.683223 12.817717 3.254352 -0.718652 -3.417477 -15.342191 -24.362756 -27.227219 -30.144038 -32.744672 -34.407833 -35.654001 -27.550542 -18.801609 -27.768691 -36.295761 -39.434286 -39.325127 -40.238124 -44.297538 -44.775441 -44.877280 -44.647844 -40.493670 -44.023843 -45.974455 
-28.926226 -26.605450 2.594342 13.235968 5.727326 0.508540 18.400863 16.314938 -4.264645 7.929796 -2.716907 2.992450 0.750527 0.994832 2.068161 11.919959 9.843040 5.715445 2.412516 0.119730 -13.400198 -20.159673 -26.459370 -30.553323 -31.157742 -31.549402 -23.201986 -15.150524 -22.834771 -29.875530 -39.350378 -37.910708 -39.609640 -50.291745 -51.633924 -52.189312 -49.325050 -37.924781 -44.437363 -52.805465 
-18.318124 -16.714175 -1.762745 12.769415 8.255998 -5.610414 17.255039 20.151782 -1.023193 5.174771 1.615564 -2.735426 4.096354 -4.130836 3.208764 3.469140 9.272075 9.170719 10.727442 7.975447 -4.128822 -16.159332 -19.844492 -24.191762 -25.491083 -26.796564 -18.798963 -12.959519 -19.930455 -28.786524 -36.384931 -34.902775 -35.773080 -44.038029 -46.089055 -46.552484 -44.224352 -36.182342 -38.889668 -45.503755 
-13.881248 -24.065852 -7.690991 11.583018 10.209857 -6.384032 14.532136 22.450268 5.688670 -0.451203 3.008416 -11.593453 2.914875 -4.340363 0.990325 -1.735392 4.711692 3.178025 13.034293 9.133693 4.360495 -3.809020 -12.142197 -19.508861 -21.074168 -22.329161 -17.628540 -10.383072 -15.566922 -21.279275 -28.222518 -31.802046 -33.555810 -39.813446 -42.444824 -42.826335 -39.966763 -33.455810 -36.273268 -40.630994 
-15.699855 -30.200936 -14.888818 10.068583 11.377039 -6.909924 11.349519 23.311234 10.547703 -10.899816 -1.145367 -11.440737 -1.699258 -4.819658 -4.359720 -2.865812 -1.740446 -1.610457 9.620678 6.109114 8.341103 2.635467 -3.203769 -12.474762 -19.311152 -19.745543 -16.282556 -12.130033 -18.821360 -19.133153 -22.198629 -31.027208 -30.241707 -36.661294 -53.071779 -55.539058 -49.978604 -33.766896 -35.438954 -44.960087 
-13.921721 -20.197016 -15.120191 9.282813 12.155693 -5.410358 7.612857 22.984701 13.348564 -15.642347 -5.846930 -12.466505 -8.593872 -3.372087 -9.950726 -1.752813 -8.299822 -2.944704 3.879151 4.719581 8.604652 2.208531 -1.430968 -12.084718 -16.941394 -18.271905 -17.923716 -11.027182 -17.677390 -18.397926 -18.902880 -29.004000 -29.951365 -31.366783 -38.769070 -39.232453 -39.079872 -33.063692 -34.904189 -39.296119 
-21.954614 -20.605095 -22.961620 8.885528 12.365098 -3.880272 3.639003 21.430264 13.879539 -12.934497 -1.953763 -8.891648 -10.765359 -4.729950 -15.868237 -4.805349 -13.269250 -5.420605 -4.301446 -0.240121 6.261817 2.132621 -0.991845 -11.326407 -15.381780 -17.887828 -16.933315 -11.043720 -13.526388 -15.186441 -16.954163 -28.417259 -30.513261 -31.154923 -33.186615 -33.620424 -33.839746 -31.812526 -33.148482 -34.550567 
-23.475321 -24.160367 -16.343609 10.222087 12.349752 -5.163052 0.565551 19.123906 12.317843 -15.831821 -1.429986 -8.171704 -12.193230 -5.808068 -18.066402 -8.445438 -17.339352 -10.638214 -9.965875 -5.492701 4.690069 0.533562 -0.757934 -4.697061 -12.956024 -15.963592 -14.897601 -9.985726 -11.540369 -12.692783 -18.329796 -28.958451 -34.919802 -36.626530 -38.660709 -39.475185 -39.131193 -34.539378 -38.811130 -40.062749 
-20.143077 -19.154653 -5.833691 11.467598 11.678827 -5.231918 0.828235 15.547156 7.685099 -15.389189 -3.654559 -13.479668 -14.474468 -9.833469 -19.068190 -11.637262 -17.717091 -14.179977 -13.619769 -9.977528 -1.077554 -2.336078 -2.559202 -1.814639 -10.704546 -13.829666 -12.048309 -9.576890 -9.146092 -8.980992 -18.009065 -32.006047 -43.105731 -45.214970 -48.775083 -50.132394 -47.802328 -38.443184 -46.899087 -47.709517 
-15.053737 -20.515553 -0.396697 9.845849 1.576437 -0.630113 -0.376626 5.972475 -2.730827 -13.311422 -13.915732 -19.851028 -15.323379 -19.821318 -21.026072 -20.420624 -20.314629 -23.456647 -17.119364 -13.559950 -6.146667 -3.855402 -7.005416 -7.200894 -12.021991 -17.676009 -18.586459 -17.622879 -14.216678 -14.512206 -23.944937 -38.987065 -52.791187 -49.295325 -52.802191 -57.058947 -56.336030 -46.596816 -54.970415 -53.945189 
-20.644973 -23.622831 2.038477 11.315694 3.964786 -10.181667 -0.484732 -5.741013 -16.178140 -23.231334 -24.448509 -24.133319 -24.476166 -29.608468 -27.177869 -27.269949 -34.481659 -27.771534 -26.632147 -19.544422 -18.925506 -17.574906 -19.799916 -21.073853 -25.820114 -26.850976 -27.782536 -26.399794 -23.875098 -27.800321 -28.684829 -39.400055 -45.407840 -48.514170 -50.120074 -51.169948 -51.031179 -51.991506 -56.780587 -52.661730 
-23.326298 -21.617576 2.894629 10.201822 -0.448053 -11.519228 -3.141189 -3.987793 -14.682601 -27.193195 -25.385389 -27.959645 -34.744800 -40.251820 -36.261348 -31.825426 -33.436828 -31.335741 -30.876279 -31.101827 -22.114932 -17.110362 -18.696205 -24.692453 -25.849840 -24.365636 -20.318107 -21.935494 -27.203882 -28.288462 -31.753795 -35.327766 -38.157228 -40.920307 -40.864098 -45.188193 -44.600375 -46.937159 -50.341734 -45.693511 
-33.242274 -19.374560 2.798112 7.805835 -4.730786 -11.523092 -10.141615 -12.567843 -18.759978 -29.449936 -35.738159 -34.687780 -35.628670 -31.189853 -29.307150 -28.981038 -30.318598 -29.001903 -23.932525 -29.378616 -23.133935 -20.735544 -16.429059 -11.295654 -8.335025 -11.818566 -13.612156 -17.339343 -21.036565 -24.848937 -26.061842 -32.860297 -36.005805 -37.784748 -42.943400 -41.011856 -38.486538 -45.167288 -45.918428 -42.097308 
-24.362177 -14.548949 3.107193 4.293591 -11.438000 -13.290101 -16.170723 -17.582197 -25.113321 -29.883142 -30.862767 -29.293239 -34.625197 -25.493970 -26.287354 -25.871748 -28.753703 -32.120001 -27.615669 -27.811000 -19.334082 -16.562262 -11.576913 -6.903734 -4.016926 -7.186700 -7.867121 -8.822531 -14.680897 -19.251352 -22.236800 -25.800277 -25.635423 -27.291215 -28.581456 -29.783594 -33.843886 -34.634330 -34.120006 -35.401438 
-37.473013 -11.507330 3.213211 1.270823 -18.550638 -12.232732 -14.958218 -28.073229 -34.110077 -33.404919 -30.175259 -31.230623 -37.447214 -35.653606 -29.243226 -29.524654 -34.496369 -31.996462 -28.479379 -23.006526 -15.051350 -12.420200 -10.562915 -5.166780 -3.088758 0.209664 -4.072384 -4.208954 -9.842050 -10.398002 -14.994554 -14.839840 -17.577844 -21.841455 -21.641638 -19.455929 -23.434086 -26.760443 -28.337470 -29.858534 
-29.341747 -7.455832 5.562943 1.596767 -16.947936 -7.783318 -12.578979 -19.660283 -21.117286 -26.105841 -27.776622 -28.371943 -34.648780 -39.837179 -38.442665 -33.662034 -32.161439 -26.905340 -22.428627 -18.608683 -15.588015 -19.834041 -5.708778 -0.327493 -5.900512 -6.045125 -4.672662 -1.757018 -4.072313 -11.296541 -15.240638 -14.461508 -19.300559 -21.405223 -18.596566 -18.845347 -22.381146 -25.737494 -27.385810 -25.582877 
-26.894566 -2.386815 8.908242 4.377536 -9.252808 -0.786140 -7.479915 -11.440393 -14.206376 -20.323579 -24.507350 -28.723624 -29.959621 -28.422965 -34.145607 -28.744373 -24.741649 -25.402088 -18.220472 -15.207594 -13.949033 -14.109374 -5.186041 -4.430262 -8.287908 -7.729408 -7.170004 -6.947664 -8.787128 -14.759690 -14.531655 -16.011354 -21.103332 -23.661707 -20.964925 -27.010449 -22.289653 -23.693932 -27.567246 -29.677679 
-21.296412 0.582787 11.152715 5.646378 -0.356444 6.055428 -3.920939 -2.230704 -10.424121 -21.457338 -21.878379 -20.313175 -19.818203 -20.344535 -22.761307 -22.594727 -23.044903 -19.521368 -12.112977 -7.855987 -8.008741 -5.947781 -4.846431 -15.257618 -18.026452 -17.949424 -13.585712 -13.454139 -14.940643 -19.627621 -20.795880 -22.164914 -22.631066 -27.046437 -32.175118 -29.750135 -25.415472 -24.828630 -28.283889 -33.977021 
-16.446364 3.928877 12.291929 5.208365 7.208842 9.974380 -0.064661 2.815075 -9.800833 -13.613357 -21.460371 -19.277850 -14.419528 -18.512523 -17.372682 -14.689915 -16.792803 -9.767012 -4.469971 -5.155443 -7.581551 -14.426043 -15.707690 -19.888146 -20.986626 -20.065544 -18.703062 -19.263785 -17.183295 -20.775091 -21.903727 -23.271505 -24.604134 -32.170769 -37.905978 -28.021419 -27.438182 -29.707567 -31.443153 -36.244182 
-12.087435 6.655753 12.779505 5.370401 11.283042 9.539695 4.555942 4.630663 -7.061482 -12.196007 -26.918983 -16.416364 -13.387776 -17.084986 -16.651450 -14.791325 -6.310395 -2.159050 -0.435597 -3.707138 -7.169419 -22.073832 -22.687973 -26.768794 -29.657376 -23.985715 -20.660004 -23.937147 -23.284408 -28.220551 -28.050111 -29.468909 -30.599889 -34.399169 -51.185462 -40.001061 -37.422366 -37.547193 -37.773799 -39.809065 
-8.588271 8.383786 12.401361 6.083475 13.127498 8.191577 8.232257 5.626281 -4.883639 -16.121355 -19.514716 -9.916330 -11.257714 -10.576190 -11.228879 -8.206720 0.260067 -4.420247 -1.443059 -6.314338 -10.862406 -20.287827 -26.784776 -32.756421 -32.306363 -28.099738 -26.140571 -30.177223 -31.619694 -28.891792 -27.226276 -31.702089 -36.601710 -39.763710 -47.440924 -44.423652 -42.617725 -43.873538 -41.684603 -41.340510 
-6.491183 8.289805 10.973515 6.217211 12.383385 6.513814 10.796574 4.336931 -2.704214 -12.696029 -16.444483 -9.097147 -8.361401 -10.731242 -7.304761 0.046334 2.329348 -3.685710 -4.297294 -11.406459 -18.913628 -25.752655 -33.856428 -36.311935 -37.164788 -34.082129 -29.355353 -33.322141 -35.817998 -33.329139 -32.818838 -38.899336 -41.005206 -50.574170 -47.503283 -52.226324 -52.068807 -50.821040 -49.928608 -47.345257 
-5.819796 8.020966 8.643838 7.236014 9.492592 7.510360 10.157279 4.209088 -1.365181 -8.403274 -14.451341 -11.189195 -7.678749 -8.077428 -2.156077 4.622379 -3.210383 -4.452070 -10.858102 -19.961001 -28.669916 -30.334246 -34.001489 -35.444845 -38.242704 -35.501478 -29.434066 -34.476626 -38.677312 -37.192466 -31.061142 -37.178408 -38.859598 -45.114070 -45.500321 -47.229877 -47.201135 -47.591457 -47.621508 -45.389643 
-5.799381 8.214580 7.265476 7.383907 7.184694 8.725691 6.881307 5.007662 -0.945347 -8.336960 -13.727328 -6.161885 -7.810737 -6.431207 -0.022825 1.310274 -5.406295 -7.494189 -14.614611 -23.516148 -32.533119 -36.863628 -38.535460 -42.181801 -43.506645 -41.771535 -32.560855 -34.624166 -41.222357 -40.708203 -38.250058 -42.293083 -43.320149 -48.784060 -49.186138 -51.831176 -50.884668 -51.730251 -52.586682 -46.897646 
-3.199932 8.628199 7.024044 8.017835 5.959064 8.875625 6.701293 8.019442 -0.476951 -6.259818 -12.447418 -4.268626 -8.834020 -4.435662 0.905750 -0.948572 -4.497083 -7.706195 -15.234668 -27.588970 -31.482378 -34.535868 -37.149132 -40.319750 -41.378691 -40.586405 -33.630043 -33.479642 -40.166262 -41.223573 -41.974896 -43.937876 -45.506853 -47.351957 -47.993476 -48.716715 -48.486116 -48.714489 -49.472361 -49.127825 
-4.806350 8.591315 7.826014 9.490608 7.386592 9.726463 8.552157 10.848448 -0.111634 -7.340265 -8.345098 -2.733787 -7.705090 -5.028900 1.032603 3.782392 -0.862122 -8.310921 -11.048858 -22.803770 -30.735909 -32.754331 -38.361022 -41.428815 -45.685979 -40.541303 -33.177157 -33.317466 -37.951461 -42.384930 -44.886111 -47.984297 -50.363895 -49.485036 -53.399407 -54.699937 -54.279584 -54.460346 -55.405720 -55.494250 
-2.021454 9.046838 7.705753 10.278279 7.620996 8.865174 9.848704 13.148278 -0.221370 -5.750440 -3.863265 -2.839760 -6.800679 -2.772638 -0.291602 5.527180 4.910012 -2.364446 -5.575884 -13.499801 -23.933944 -32.337921 -34.074966 -35.239984 -37.291721 -36.575898 -29.528012 -30.273505 -40.733371 -42.997004 -45.795374 -48.069871 -49.631946 -47.138090 -50.439372 -51.915632 -49.073247 -48.595290 -52.478716 -53.124917 
-2.524000 8.803389 7.080937 10.060738 7.467026 8.172213 11.721759 13.293985 1.235069 -1.935314 -2.307428 -4.556888 -7.380898 -7.279573 -4.573558 -1.007343 5.341456 1.124159 0.152220 -3.763865 -15.949018 -25.174813 -32.453144 -33.046385 -30.911740 -28.853353 -22.125272 -26.955663 -35.571309 -38.139361 -42.042897 -47.636858 -48.494030 -43.846456 -47.819673 -51.448697 -46.400647 -46.156590 -51.938956 -52.406151 
-1.342881 9.000885 7.257413 10.238541 7.294308 7.384358 11.423113 12.001888 5.159593 2.077040 -0.522531 -1.787847 -3.122579 -4.241022 -6.257857 -2.063230 2.864416 7.756468 4.185466 2.607618 -5.357234 -16.777647 -24.501563 -29.756659 -27.835153 -22.983233 -19.462842 -26.092559 -32.692596 -36.872445 -37.065611 -43.363797 -45.223006 -44.072439 -46.508362 -47.457300 -46.103250 -46.354611 -47.868344 -48.092799 
-0.641641 9.300724 7.453039 10.483373 7.275226 6.064316 10.425702 9.569200 7.233423 2.007984 -2.608440 -5.562729 -5.643042 -5.847135 -8.144263 -7.117155 -6.292521 3.818594 5.071818 3.242792 1.026865 -8.294518 -17.243605 -24.261749 -24.649546 -23.861494 -23.667652 -32.787923 -37.476316 -33.591293 -38.005115 -46.339866 -47.662365 -44.900676 -52.916472 -54.983119 -50.385315 -48.847423 -53.197569 -52.639940 
-0.002493 9.070937 7.157306 10.243451 5.394776 4.341579 9.716117 8.765749 7.857470 0.478195 -3.571275 -6.502637 -7.258963 -9.528966 -8.260855 -5.477401 -5.982789 -2.171674 2.863937 3.030627 1.751888 -1.521831 -12.434008 -17.454945 -20.348715 -20.738780 -18.335493 -27.480004 -33.390701 -31.264861 -37.389013 -45.478852 -46.448279 -47.384568 -55.076581 -55.324627 -56.046330 -47.774256 -49.521139 -48.616603 
-1.125021 8.601034 7.917180 10.507391 5.325642 5.148336 9.834031 8.746301 8.010836 0.479819 -3.306378 -7.128685 -7.597407 -11.353419 -10.906876 -11.427620 -12.175763 -10.081626 -2.033439 0.374284 -0.318196 2.000963 -6.280169 -15.999228 -24.313852 -21.464258 -18.676969 -25.885729 -31.313895 -31.188017 -39.020490 -46.074326 -46.896588 -48.971095 -55.116499 -53.922277 -55.592671 -46.821136 -48.250666 -47.063918 
0.496525 8.878726 7.943722 10.760310 6.525459 4.569866 9.603566 9.066415 7.768634 0.497582 -4.050103 -8.517763 -8.461995 -11.650115 -11.615552 -11.827211 -10.062426 -12.774433 -7.018065 -0.676376 0.158001 0.429208 -1.897849 -10.714235 -15.966493 -22.081432 -17.842499 -19.580443 -29.424522 -33.214360 -31.003406 -35.629325 -40.008786 -47.527111 -51.304577 -51.687038 -52.130220 -46.136882 -48.649741 -43.064422 
-1.261383 8.191296 7.521059 10.576532 5.778818 5.973785 10.325475 8.207786 6.720964 -0.519599 -4.876675 -9.339659 -10.066182 -14.414956 -14.167017 -14.543574 -15.764999 -21.421305 -13.594519 -3.635776 -2.521765 -2.911511 -3.587929 -12.017939 -18.430169 -24.901614 -21.950116 -18.165582 -25.010293 -31.452757 -28.992354 -37.290333 -41.047326 -45.069864 -48.820017 -49.193053 -49.308865 -45.701315 -47.004139 -41.116104 
0.111670 8.314374 8.196459 10.285443 4.775712 3.792343 9.221416 7.257804 6.744995 -0.064446 -7.081072 -9.637958 -10.132218 -15.283214 -14.862992 -14.811238 -17.733384 -19.929502 -10.820963 -5.235198 -1.611694 -5.457737 -8.994967 -12.224179 -21.237597 -24.182316 -19.736021 -17.303495 -26.736728 -30.736318 -31.526956 -34.588652 -39.832024 -41.254662 -65.847977 -67.247266 -63.131880 -47.550661 -50.278656 -46.550457 
-2.715040 7.879304 7.177672 9.100415 3.856618 4.342615 9.198942 5.758733 4.337001 -1.929126 -10.969757 -12.389103 -12.387521 -16.600283 -17.092013 -19.734210 -17.668985 -19.105074 -21.978436 -14.017090 -5.627989 -4.231948 -7.922358 -10.013118 -15.684053 -19.389567 -20.210513 -16.630083 -21.850798 -27.894634 -30.420503 -37.567452 -38.773976 -45.176412 -50.923959 -51.355085 -50.332819 -44.784116 -48.013612 -42.152106 
-0.904935 8.145938 7.374318 8.962312 3.911531 2.311923 8.458027 6.708252 3.909643 -3.418174 -11.699902 -13.625404 -15.399225 -17.758507 -21.255948 -24.547082 -22.832153 -22.747157 -24.159522 -19.702276 -10.002979 -4.703326 -13.067185 -18.040563 -21.821452 -24.582792 -25.754706 -19.811381 -25.684915 -32.770629 -29.230665 -33.503305 -38.711813 -45.289779 -53.556191 -54.382782 -49.943390 -45.032213 -46.727496 -40.407198 
-0.390858 7.997890 7.504777 8.360558 1.742597 3.652367 8.353861 6.677216 1.575494 -6.575689 -14.523278 -14.559896 -17.775504 -19.076038 -23.269663 -22.327003 -24.967820 -26.376864 -23.659778 -20.686454 -14.108783 -9.438660 -15.977988 -20.927045 -27.553723 -31.421547 -27.552768 -20.939542 -23.057830 -28.135614 -30.350369 -38.305628 -44.085027 -46.470685 -48.180621 -48.599712 -46.498656 -42.543946 -43.121146 -40.918367 
0.702539 7.703831 7.031286 7.512810 0.355880 2.815556 6.172790 5.723998 -2.564434 -13.433947 -15.853237 -16.111545 -21.042563 -23.988939 -24.545338 -26.957042 -29.638153 -29.409401 -25.367603 -24.127184 -16.500853 -11.793904 -18.173701 -17.588830 -24.767414 -31.885824 -32.008250 -22.989258 -25.764831 -31.603181 -33.308885 -41.493503 -43.350945 -44.939473 -46.483850 -46.968805 -46.833564 -44.207890 -43.430080 -39.890502 
0.233236 6.320176 4.617474 4.477273 -3.024317 1.381866 4.706802 3.012319 -8.880334 -17.709808 -19.497700 -19.747777 -26.903857 -28.579817 -29.270750 -31.405235 -33.733446 -34.593654 -31.115838 -28.424859 -17.961728 -16.187182 -19.899485 -20.125985 -25.126171 -35.801641 -32.617014 -24.654541 -26.400871 -34.788452 -40.287705 -48.749599 -46.475512 -54.487561 -62.076833 -61.535510 -60.599374 -58.752537 -54.916008 -46.234406 
-0.546871 5.296844 2.956668 2.422284 -3.537088 -1.400897 0.227926 -2.880533 -14.507688 -20.535048 -22.482724 -23.812544 -25.946452 -29.805269 -33.270392 -34.450093 -38.061056 -38.860118 -35.539035 -27.519065 -21.763527 -24.578323 -21.873022 -18.285026 -26.180304 -35.275405 -32.701732 -29.498181 -32.262552 -39.217739 -42.445873 -52.955340 -47.785417 -55.659536 -57.195572 -56.481302 -57.322821 -57.192427 -52.816368 -45.073860 
-1.067425 4.883991 1.601367 0.794172 -3.665902 -3.401976 -2.183243 -2.233372 -14.599059 -20.156253 -25.156415 -23.047544 -23.168481 -29.718324 -32.161498 -31.891713 -31.806808 -31.566343 -29.641943 -20.004705 -14.705830 -19.216013 -19.953321 -16.752798 -24.320570 -32.726049 -29.489987 -26.762846 -32.364454 -38.941255 -45.221770 -49.473626 -49.377594 -56.611293 -55.447784 -54.261740 -58.080090 -53.009429 -54.749612 -47.653070 
-0.188862 5.415924 1.788502 1.362838 -2.879215 -3.293709 0.210653 1.821261 -10.512540 -17.796749 -21.603716 -21.337343 -21.882547 -26.028974 -28.965103 -28.151871 -27.258779 -25.236998 -23.893372 -13.631207 -7.539914 -12.481944 -19.682750 -20.196052 -27.475573 -33.701636 -26.129832 -23.939443 -30.912008 -37.407829 -49.053517 -50.112296 -50.250130 -59.200645 -59.857455 -59.023369 -60.175736 -55.971842 -56.679950 -52.746709 
0.005045 5.692734 3.080135 2.577445 -2.002313 -0.659754 2.247396 3.500106 -7.133291 -14.074563 -16.264364 -17.781238 -19.642554 -20.479822 -25.918597 -25.392188 -24.849006 -24.596032 -20.590232 -12.551213 -8.391497 -9.427679 -12.725510 -17.445289 -23.619963 -26.017685 -21.628547 -28.086451 -32.669895 -36.045246 -46.560465 -52.413867 -49.338172 -57.765732 -61.572163 -59.885499 -58.973535 -56.743909 -54.858909 -52.147617 
0.805124 6.280418 4.213910 2.980666 -2.588872 -0.654315 1.802056 3.471862 -6.852851 -12.502397 -13.125675 -16.720472 -19.133146 -18.491165 -20.464546 -20.591817 -21.049775 -19.975722 -13.523608 -7.301759 -6.861265 -8.579638 -17.839459 -26.035269 -24.163237 -22.147736 -26.211650 -37.121604 -44.300919 -39.092117 -44.274442 -48.849487 -47.550351 -50.890331 -51.921387 -52.320649 -52.518176 -52.680397 -50.727418 -48.547054 
0.618335 6.055800 4.354676 2.302660 -3.809380 -0.571524 1.443216 3.678926 -6.195425 -11.261352 -13.485363 -18.592578 -20.175038 -18.437253 -19.670603 -18.701332 -19.226477 -17.831691 -10.613271 -6.039131 -8.757162 -10.807330 -26.020838 -32.542752 -31.888506 -30.305382 -33.496856 -41.661312 -46.999999 -45.630431 -47.708117 -51.900429 -53.326213 -54.731909 -55.896836 -56.271528 -56.470149 -56.226948 -55.339053 -53.974606 
0.284132 5.726758 4.503729 1.338959 -4.118708 -1.062218 0.285321 2.289626 -7.684646 -8.631199 -11.910128 -16.639893 -18.581315 -19.864505 -21.576310 -21.666619 -19.316437 -16.742593 -10.195432 -5.746433 -8.104226 -13.771692 -30.000012 -37.231038 -34.105179 -34.603404 -33.832118 -41.997241 -46.385314 -46.029545 -48.007150 -51.882783 -52.895632 -54.882975 -55.908756 -56.283612 -56.131418 -54.980088 -54.942947 -55.141230 
-0.198448 5.199664 3.398092 0.774415 -5.680549 -3.116239 -0.804293 0.706982 -8.667962 -8.576895 -15.009566 -18.568440 -20.125446 -21.266681 -22.486691 -25.489253 -23.623527 -17.549104 -10.798891 -6.308255 -9.684382 -17.221378 -34.741937 -42.181249 -41.451557 -40.101407 -32.969872 -39.175774 -47.620789 -48.566845 -50.773302 -49.154111 -53.769254 -59.374918 -60.338021 -60.672420 -58.951707 -56.826177 -58.987733 -59.872486 
-0.278477 4.968091 2.003588 0.391698 -5.936320 -4.149227 -1.857873 -0.532273 -7.987139 -8.610573 -15.802441 -18.316498 -20.326343 -21.091362 -23.913527 -28.474489 -26.224368 -17.950669 -10.371234 -9.221139 -12.195533 -23.872839 -36.476590 -44.040709 -47.621661 -44.660631 -35.458960 -37.388643 -46.587677 -49.344147 -52.900195 -48.420004 -52.682429 -57.268248 -57.859556 -58.165981 -57.721150 -55.959628 -56.261219 -58.363267 
0.491256 4.382795 1.491187 1.122778 -4.721397 -4.089105 -2.025913 -1.052106 -6.898410 -9.014778 -13.974107 -16.136853 -18.889866 -20.715947 -23.389470 -26.647096 -25.070275 -17.957237 -11.455175 -11.251014 -16.824917 -26.200817 -36.406847 -45.102899 -49.067854 -46.135379 -34.661274 -35.185342 -44.392073 -51.073207 -51.258317 -45.004225 -51.447118 -62.794135 -64.416410 -64.671175 -61.935643 -57.326819 -56.833265 -62.846011 
-0.582259 4.478371 2.094407 1.019317 -4.719569 -4.142478 -2.136891 -0.972662 -5.695012 -7.894808 -13.572558 -14.980597 -18.288640 -19.652344 -22.892286 -24.118917 -23.309819 -16.671772 -10.413954 -10.260824 -19.665503 -30.742884 -38.905977 -46.358262 -47.879213 -46.614652 -37.577774 -36.862482 -47.435128 -56.808151 -57.235966 -46.082194 -56.203786 -69.846442 -75.651860 -75.569969 -61.349652 -56.376208 -56.733469 -66.887735 
-1.227024 4.777653 2.982079 1.189135 -4.633863 -4.382614 -3.110584 -2.401837 -5.999723 -7.784131 -15.260195 -13.617827 -16.151549 -18.648488 -20.408331 -22.858384 -19.921377 -13.523601 -10.331923 -10.105635 -17.536439 -32.922806 -42.189843 -42.189326 -43.538055 -44.944580 -36.395295 -38.284361 -46.196678 -47.461259 -48.161928 -45.617203 -48.422507 -50.009236 -50.492152 -50.879609 -51.174521 -49.867529 -50.411743 -51.644076 
-1.312866 4.652661 2.913810 -0.332648 -6.292650 -5.110540 -4.826336 -5.348631 -6.554923 -8.081755 -18.263636 -14.896265 -18.343816 -19.457369 -21.185801 -26.428224 -25.106616 -17.282952 -13.293940 -13.909600 -23.511559 -35.487234 -42.851987 -43.287234 -52.500999 -52.858596 -41.291235 -39.915020 -52.592262 -62.002106 -58.283695 -49.880350 -58.264143 -69.179727 -71.854759 -72.099185 -62.161939 -53.178871 -56.651692 -67.730273 
-0.610717 4.069598 1.997724 -2.343839 -7.316891 -6.690252 -7.519102 -7.964184 -6.896630 -9.358177 -18.214855 -16.334235 -21.691031 -23.188177 -24.137244 -24.771273 -24.679919 -22.232462 -12.830662 -16.293199 -26.042653 -40.735953 -42.039620 -42.481697 -44.734308 -49.129900 -36.279070 -36.830847 -48.363600 -55.599277 -53.467099 -44.568305 -55.334821 -59.429231 -61.523959 -61.842726 -56.079557 -49.400797 -53.140332 -61.145116 
-0.829183 2.717351 -0.507424 -3.742554 -8.665511 -9.250682 -10.491007 -10.414886 -8.459145 -11.259731 -17.193912 -16.740995 -20.094506 -20.447571 -23.744879 -27.667250 -27.527926 -21.369706 -14.458504 -18.083298 -24.987990 -38.959235 -41.984533 -47.799938 -48.479837 -49.947158 -36.501255 -39.804525 -50.790579 -59.741625 -54.414569 -43.459494 -52.130713 -62.246346 -66.190121 -66.438791 -60.488090 -51.009840 -52.966987 -63.097245 
-2.248950 1.658440 -2.749919 -3.272677 -8.877315 -10.908907 -11.037997 -9.615923 -9.529987 -9.765232 -15.970250 -17.024393 -19.540728 -20.355804 -22.498623 -28.922058 -29.249382 -21.004068 -21.129569 -23.797474 -31.438009 -43.396196 -46.098932 -48.733506 -51.699838 -51.662834 -39.225760 -39.807415 -51.238102 -57.795781 -58.172837 -47.736393 -52.899175 -64.509033 -69.963667 -70.488593 -62.047268 -52.403870 -55.059891 -66.512443 
-0.957155 2.731705 -1.363373 -3.984355 -8.247427 -10.126298 -12.095492 -11.071912 -10.393390 -12.451429 -15.397906 -16.788610 -18.792912 -22.004435 -23.326679 -28.988774 -27.798867 -18.079835 -15.839332 -15.959347 -24.962811 -43.413467 -45.224974 -47.909775 -54.574007 -46.900317 -38.332871 -41.774099 -53.475927 -60.606466 -57.468576 -51.036777 -56.843700 -64.610909 -66.023741 -66.455406 -62.015037 -53.776301 -54.539410 -65.588794 
-1.296137 2.827512 -1.476042 -6.989611 -9.747779 -11.208294 -16.142775 -16.604727 -14.381124 -16.727068 -17.507423 -21.871330 -22.112420 -28.038582 -28.376022 -31.618961 -28.169491 -20.048729 -19.051699 -15.272978 -23.430347 -43.697541 -44.414146 -49.434775 -57.795518 -50.599352 -40.478242 -43.509844 -57.165994 -60.923128 -61.438569 -52.325585 -53.446761 -62.766557 -65.911869 -66.076210 -61.025378 -53.857036 -56.411953 -66.441176 
-2.815686 1.654337 -6.169176 -15.576219 -15.682963 -16.731858 -21.074278 -19.167654 -24.790272 -21.644139 -20.588998 -20.080596 -24.843504 -29.130632 -31.929011 -36.582649 -31.808476 -22.065723 -21.811706 -21.040695 -26.660624 -47.607332 -50.124917 -52.783221 -50.335317 -51.311383 -43.198258 -45.635304 -58.307785 -61.697471 -58.916384 -48.941284 -53.754025 -67.631102 -72.440727 -72.564344 -63.540984 -54.359152 -59.319828 -72.320827 
-2.378418 0.742210 -9.149274 -17.429734 -19.253889 -20.170656 -20.883565 -30.939834 -26.398373 -24.799691 -25.149660 -21.456390 -26.788977 -31.486674 -35.547740 -37.572712 -33.027031 -26.046328 -19.968408 -19.725507 -26.469751 -44.664647 -50.772696 -52.660310 -52.255534 -52.710156 -40.143712 -45.766391 -59.884362 -60.831042 -58.851070 -49.253933 -55.520832 -62.539565 -64.490943 -65.001471 -62.715667 -56.774844 -60.818400 -65.348042 
-3.411773 0.493959 -4.928828 -13.657262 -19.564254 -21.295399 -27.622574 -26.588296 -28.349137 -29.509978 -25.873772 -30.665562 -34.452335 -38.449710 -38.431936 -39.507095 -36.960124 -21.240250 -15.173103 -22.433796 -30.598917 -44.974992 -50.455290 -53.196478 -55.013521 -51.334549 -42.810686 -50.178284 -60.040865 -58.915203 -59.416488 -50.891471 -57.235373 -63.227707 -65.125684 -65.489556 -65.095487 -60.429566 -63.170329 -66.701277 
-8.422453 -3.706384 -10.774529 -17.085633 -27.035699 -25.347285 -28.404783 -35.142145 -40.713765 -38.627400 -23.515977 -20.582240 -30.288697 -32.261629 -42.432295 -46.976604 -40.716352 -27.039965 -19.105713 -20.673338 -27.338367 -47.195386 -48.434210 -52.399369 -56.655194 -52.624965 -45.646587 -48.662429 -63.299591 -62.972310 -62.862323 -52.923720 -54.995729 -63.784595 -67.845164 -69.275484 -69.757297 -61.679365 -64.005889 -70.889999 
-9.005946 -8.504278 -18.191151 -22.043417 -26.134957 -34.117779 -33.928445 -42.069489 -35.901587 -32.983424 -30.817503 -27.603746 -30.644429 -35.924913 -40.865584 -44.211914 -47.445019 -38.803895 -25.863762 -25.012191 -21.660648 -37.059430 -51.525765 -50.105905 -56.669088 -51.253545 -42.051056 -48.261103 -64.853217 -64.389387 -55.960890 -54.974052 -59.007581 -63.534325 -69.136244 -71.265634 -73.592728 -67.047077 -68.076985 -73.135977 
-16.001051 -15.809839 -25.877988 -33.734884 -33.652550 -31.573793 -35.271323 -39.680493 -39.077325 -36.166244 -28.109745 -29.886149 -34.848597 -43.356824 -47.675447 -48.711690 -47.178922 -42.409788 -29.526979 -31.610378 -31.432450 -42.592905 -54.133197 -57.048280 -60.846549 -55.232691 -42.919505 -50.972267 -61.116905 -62.002083 -58.047283 -59.748461 -64.827118 -66.223825 -68.597657 -67.282474 -69.178076 -68.747980 -68.020144 -69.734698 
-32.397228 -25.701576 -31.433607 -28.105691 -28.567768 -29.393604 -38.377058 -47.696979 -39.481019 -45.625012 -40.801868 -30.120314 -35.335544 -44.722688 -51.304289 -54.062978 -46.880645 -43.441641 -39.056109 -38.758926 -38.089110 -44.474606 -58.114363 -59.489886 -58.758698 -59.059244 -53.112871 -52.729039 -64.402630 -66.546852 -60.051254 -64.509667 -68.761945 -71.494333 -68.647134 -65.250997 -69.691396 -68.718140 -68.650065 -71.280496 
-39.696794 -33.071063 -31.740884 -29.639571 -39.752048 -37.836138 -42.153209 -46.709984 -47.735684 -57.718668 -43.419153 -44.955157 -45.153550 -48.923046 -57.416759 -51.208136 -51.447665 -45.365271 -43.229405 -46.350445 -42.154483 -47.157558 -60.517587 -68.917266 -66.513055 -67.453093 -60.181291 -58.905611 -66.502002 -67.658509 -67.565611 -67.043599 -69.899429 -70.399938 -69.871440 -67.892209 -68.269043 -68.525688 -69.776944 -71.559926 
-24.567911 -28.938063 -33.258341 -37.290763 -51.492898 -50.449559 -50.217205 -51.621630 -57.699385 -51.586677 -47.874708 -47.770793 -54.956264 -55.490343 -66.111771 -60.007161 -55.637439 -50.196795 -49.586339 -58.737802 -52.440146 -56.415580 -68.762708 -71.654878 -70.652289 -70.295133 -64.703805 -65.537605 -68.007177 -70.049783 -66.704582 -67.090521 -69.023180 -67.933763 -70.711523 -68.637278 -70.540601 -72.251622 -72.275386 -71.809953 
-22.118366 -28.017182 -33.291744 -43.374101 -48.612532 -52.639918 -52.850570 -55.614602 -57.274315 -49.002164 -44.402726 -46.763592 -53.947500 -61.920071 -61.174682 -61.381273 -54.761088 -53.549442 -56.116376 -56.563149 -59.199564 -61.556647 -68.588309 -68.913870 -71.110232 -71.653132 -67.970010 -66.926065 -66.019074 -67.633504 -70.277038 -67.719767 -68.235277 -71.258396 -70.678127 -71.933248 -69.767811 -72.589690 -72.399595 -72.507957 
-28.607658 -35.616471 -41.693433 -44.023550 -47.361252 -49.901050 -55.667799 -61.607346 -53.691083 -50.212735 -52.140641 -51.569022 -53.614147 -58.576534 -58.244053 -55.950749 -55.823857 -58.461212 -58.171652 -58.939087 -59.104066 -60.905452 -69.045028 -66.019061 -65.576343 -69.471482 -69.853014 -68.444497 -71.278091 -68.249024 -66.327529 -69.714467 -71.777169 -69.201287 -71.592859 -73.950967 -72.368783 -70.079841 -69.633323 -70.168082 
-51.904788 -57.782052 -58.717968 -57.130287 -55.499562 -60.668411 -63.113920 -66.119172 -62.591502 -67.855251 -74.237626 -68.795044 -68.583886 -72.081794 -67.824653 -73.818844 -69.186689 -69.604491 -73.680462 -71.607575 -72.676567 -72.302823 -72.042298 -72.737090 -75.479702 -72.590557 -72.216092 -74.332444 -74.596406 -76.267302 -75.350548 -74.103451 -72.112151 -73.588506 -76.841167 -74.513836 -72.385829 -74.335306 -73.517983 -73.875786 
-64.025012 -72.748516 -73.729279 -72.280374 -75.179113 -71.955646 -80.588939 -79.586522 -73.411777 -75.641916 -80.854036 -71.404113 -74.195536 -78.752492 -72.319482 -75.799640 -74.583004 -72.513749 -77.372074 -73.585951 -72.306091 -74.375267 -71.310212 -78.531341 -73.954713 -74.152358 -78.047322 -75.057456 -78.288309 -73.927167 -74.958681 -77.614021 -79.336301 -79.118308 -76.418947 -74.928457 -72.242541 -77.058150 -74.866089 -75.588475 
-64.070166 -77.046258 -77.267009 -74.889687 -77.456078 -71.001095 -72.874499 -77.878019 -75.309150 -76.557130 -78.841303 -78.366593 -77.128808 -80.097108 -79.500228 -74.867376 -79.407311 -82.721164 -75.359364 -78.415820 -77.850003 -79.334082 -76.419155 -78.206728 -78.214357 -75.805105 -78.980184 -78.536833 -76.051922 -74.120659 -75.432343 -76.846045 -75.511545 -81.653854 -77.136251 -75.574711 -74.584928 -76.276368 -76.719417 -79.158156 
-64.455172 -77.803663 -74.998075 -72.965862 -81.999807 -78.375722 -75.789362 -70.025554 -70.785511 -77.110247 -74.337705 -74.895510 -75.744566 -76.166699 -79.552258 -76.634883 -74.839535 -72.404814 -70.842685 -77.383489 -79.010893 -75.649256 -72.850988 -78.281527 -79.986425 -75.349196 -73.539177 -73.434202 -76.181232 -77.837521 -76.907132 -76.199678 -73.549163 -75.141787 -74.574445 -76.479016 -77.038713 -74.584766 -76.642203 -80.632726 
-64.251674 -79.005281 -81.211111 -78.328170 -77.445452 -73.390624 -74.447185 -74.769290 -72.036659 -68.955105 -75.611085 -80.351155 -76.879456 -75.514706 -71.687343 -71.507878 -76.014114 -75.045384 -73.020193 -73.359709 -74.211980 -75.355587 -79.924107 -76.538589 -76.827979 -75.991761 -78.583119 -76.865240 -80.746402 -76.526308 -74.801460 -72.732231 -77.567859 -73.781247 -75.786446 -75.121861 -72.819680 -76.869379 -74.398721 -78.677041 
-63.102185 -76.740721 -78.084995 -77.907406 -80.863542 -79.867709 -81.247673 -90.668362 -81.553313 -76.572967 -79.519866 -73.927389 -73.755370 -76.672894 -77.995792 -76.026900 -75.314212 -71.725730 -74.232337 -76.609840 -77.948565 -77.768967 -73.351315 -73.456473 -78.316191 -74.858331 -77.894218 -77.652419 -77.381878 -74.869148 -76.586802 -80.203300 -80.195854 -75.409890 -74.375134 -75.728531 -76.489601 -73.403444 -75.608031 -78.762875 
-65.943998 -74.953386 -79.293124 -86.548520 -82.530933 -75.479527 -74.714783 -75.114331 -75.396922 -80.499926 -75.757774 -72.517399 -74.632025 -74.443787 -77.384734 -78.446712 -73.813671 -73.491019 -76.421030 -79.707744 -77.963633 -76.976986 -73.700848 -77.350349 -78.645500 -73.770436 -76.110313 -76.214395 -74.943538 -75.458045 -76.402862 -79.353958 -79.947614 -77.159646 -77.094616 -76.605172 -76.142379 -77.736382 -76.859091 -81.066828 
-63.655888 -78.026420 -77.267123 -84.741726 -83.941557 -79.506204 -73.958095 -75.881842 -85.797650 -78.948074 -74.493590 -75.938219 -71.545510 -79.083936 -78.953732 -82.006465 -74.050990 -75.321507 -75.227061 -81.980444 -74.821360 -74.981696 -76.207623 -80.150025 -80.090774 -77.367422 -77.349927 -79.314248 -77.434150 -78.097940 -76.213638 -78.589811 -77.316056 -74.555469 -75.726006 -76.569721 -78.335108 -78.505238 -75.928480 -76.790743 
-62.613818 -78.089862 -79.809126 -76.170826 -74.637462 -74.025181 -74.602241 -76.451846 -72.390187 -72.869012 -77.163729 -72.536039 -75.685950 -78.393313 -78.631266 -75.725411 -75.178168 -75.990716 -76.907374 -84.983780 -74.178814 -77.775733 -79.460378 -77.031310 -77.042896 -78.245607 -74.749536 -76.544284 -74.717416 -76.993395 -73.338168 -74.704514 -76.518746 -75.759890 -80.395406 -76.101234 -74.771451 -74.074594 -76.364186 -76.762515 
-64.130075 -70.386016 -73.036439 -71.728332 -72.030283 -78.356084 -80.913931 -78.795071 -82.912624 -78.552971 -76.402474 -74.347214 -83.402510 -78.313875 -77.371012 -77.312181 -80.578365 -77.472543 -79.175957 -85.112282 -78.031621 -74.805935 -78.488342 -80.892490 -84.996520 -83.795312 -75.780771 -79.295434 -83.510590 -84.758480 -82.039937 -75.604729 -76.322790 -76.102601 -79.660308 -79.489072 -78.523661 -79.340509 -78.773215 -77.539202 
-91.633906 -91.845127 -92.201639 -92.816938 -93.683078 -94.958758 -96.622509 -98.903652 -101.838371 -103.487632 -102.013683 -99.502941 -97.718744 -96.827310 -96.808213 -97.614061 -99.066530 -100.432527 -100.731751 -100.108893 -99.256112 -98.455540 -98.360493 -100.480633 -108.362575 -106.656472 -101.253184 -104.232224 -110.801273 -107.181203 -103.514903 -97.462247 -97.721538 -97.258292 -98.659719 -100.883236 -102.566449 -99.020798 -98.399000 -97.679617 
NaN NaN NaN NaN NaN NaN NaN NaN NaN NaN NaN NaN NaN NaN NaN NaN NaN NaN NaN NaN NaN NaN NaN NaN NaN NaN NaN NaN NaN NaN NaN NaN NaN NaN NaN NaN NaN NaN NaN NaN 
NaN NaN NaN NaN NaN NaN NaN NaN NaN NaN NaN NaN NaN NaN NaN NaN NaN NaN NaN NaN NaN NaN NaN NaN NaN NaN NaN NaN NaN NaN NaN NaN NaN NaN NaN NaN NaN NaN NaN NaN 
NaN NaN NaN NaN NaN NaN NaN NaN NaN NaN NaN NaN NaN NaN NaN NaN NaN NaN NaN NaN NaN NaN NaN NaN NaN NaN NaN NaN NaN NaN NaN NaN NaN NaN NaN NaN NaN NaN NaN NaN 
NaN NaN NaN NaN NaN NaN NaN NaN NaN NaN NaN NaN NaN NaN NaN NaN NaN NaN NaN NaN NaN NaN NaN NaN NaN NaN NaN NaN NaN NaN NaN NaN NaN NaN NaN NaN NaN NaN NaN NaN 
NaN NaN NaN NaN NaN NaN NaN NaN NaN NaN NaN NaN NaN NaN NaN NaN NaN NaN NaN NaN NaN NaN NaN NaN NaN NaN NaN NaN NaN NaN NaN NaN NaN NaN NaN NaN NaN NaN NaN NaN 
NaN NaN NaN NaN NaN NaN NaN NaN NaN NaN NaN NaN NaN NaN NaN NaN NaN NaN NaN NaN NaN NaN NaN NaN NaN NaN NaN NaN NaN NaN NaN NaN NaN NaN NaN NaN NaN NaN NaN NaN 
NaN NaN NaN NaN NaN NaN NaN NaN NaN NaN NaN NaN NaN NaN NaN NaN NaN NaN NaN NaN NaN NaN NaN NaN NaN NaN NaN NaN NaN NaN NaN NaN NaN NaN NaN NaN NaN NaN NaN NaN 
NaN NaN NaN NaN NaN NaN NaN NaN NaN NaN NaN NaN NaN NaN NaN NaN NaN NaN NaN NaN NaN NaN NaN NaN NaN NaN NaN NaN NaN NaN NaN NaN NaN NaN NaN NaN NaN NaN NaN NaN 
NaN NaN NaN NaN NaN NaN NaN NaN NaN NaN NaN NaN NaN NaN NaN NaN NaN NaN NaN NaN NaN NaN NaN NaN NaN NaN NaN NaN NaN NaN NaN NaN NaN NaN NaN NaN NaN NaN NaN NaN 
NaN NaN NaN NaN NaN NaN NaN NaN NaN NaN NaN NaN NaN NaN NaN NaN NaN NaN NaN NaN NaN NaN NaN NaN NaN NaN NaN NaN NaN NaN NaN NaN NaN NaN NaN NaN NaN NaN NaN NaN 
NaN NaN NaN NaN NaN NaN NaN NaN NaN NaN NaN NaN NaN NaN NaN NaN NaN NaN NaN NaN NaN NaN NaN NaN NaN NaN NaN NaN NaN NaN NaN NaN NaN NaN NaN NaN NaN NaN NaN NaN 
NaN NaN NaN NaN NaN NaN NaN NaN NaN NaN NaN NaN NaN NaN NaN NaN NaN NaN NaN NaN NaN NaN NaN NaN NaN NaN NaN NaN NaN NaN NaN NaN NaN NaN NaN NaN NaN NaN NaN NaN 
NaN NaN NaN NaN NaN NaN NaN NaN NaN NaN NaN NaN NaN NaN NaN NaN NaN NaN NaN NaN NaN NaN NaN NaN NaN NaN NaN NaN NaN NaN NaN NaN NaN NaN NaN NaN NaN NaN NaN NaN 
NaN NaN NaN NaN NaN NaN NaN NaN NaN NaN NaN NaN NaN NaN NaN NaN NaN NaN NaN NaN NaN NaN NaN NaN NaN NaN NaN NaN NaN NaN NaN NaN NaN NaN NaN NaN NaN NaN NaN NaN 
NaN NaN NaN NaN NaN NaN NaN NaN NaN NaN NaN NaN NaN NaN NaN NaN NaN NaN NaN NaN NaN NaN NaN NaN NaN NaN NaN NaN NaN NaN NaN NaN NaN NaN NaN NaN NaN NaN NaN NaN 
NaN NaN NaN NaN NaN NaN NaN NaN NaN NaN NaN NaN NaN NaN NaN NaN NaN NaN NaN NaN NaN NaN NaN NaN NaN NaN NaN NaN NaN NaN NaN NaN NaN NaN NaN NaN NaN NaN NaN NaN 
NaN NaN NaN NaN NaN NaN NaN NaN NaN NaN NaN NaN NaN NaN NaN NaN NaN NaN NaN NaN NaN NaN NaN NaN NaN NaN NaN NaN NaN NaN NaN NaN NaN NaN NaN NaN NaN NaN NaN NaN 
NaN NaN NaN NaN NaN NaN NaN NaN NaN NaN NaN NaN NaN NaN NaN NaN NaN NaN NaN NaN NaN NaN NaN NaN NaN NaN NaN NaN NaN NaN NaN NaN NaN NaN NaN NaN NaN NaN NaN NaN 
NaN NaN NaN NaN NaN NaN NaN NaN NaN NaN NaN NaN NaN NaN NaN NaN NaN NaN NaN NaN NaN NaN NaN NaN NaN NaN NaN NaN NaN NaN NaN NaN NaN NaN NaN NaN NaN NaN NaN NaN 
NaN NaN NaN NaN NaN NaN NaN NaN NaN NaN NaN NaN NaN NaN NaN NaN NaN NaN NaN NaN NaN NaN NaN NaN NaN NaN NaN NaN NaN NaN NaN NaN NaN NaN NaN NaN NaN NaN NaN NaN 
NaN NaN NaN NaN NaN NaN NaN NaN NaN NaN NaN NaN NaN NaN NaN NaN NaN NaN NaN NaN NaN NaN NaN NaN NaN NaN NaN NaN NaN NaN NaN NaN NaN NaN NaN NaN NaN NaN NaN NaN 
NaN NaN NaN NaN NaN NaN NaN NaN NaN NaN NaN NaN NaN NaN NaN NaN NaN NaN NaN NaN NaN NaN NaN NaN NaN NaN NaN NaN NaN NaN NaN NaN NaN NaN NaN NaN NaN NaN NaN NaN 
NaN NaN NaN NaN NaN NaN NaN NaN NaN NaN NaN NaN NaN NaN NaN NaN NaN NaN NaN NaN NaN NaN NaN NaN NaN NaN NaN NaN NaN NaN NaN NaN NaN NaN NaN NaN NaN NaN NaN NaN 
NaN NaN NaN NaN NaN NaN NaN NaN NaN NaN NaN NaN NaN NaN NaN NaN NaN NaN NaN NaN NaN NaN NaN NaN NaN NaN NaN NaN NaN NaN NaN NaN NaN NaN NaN NaN NaN NaN NaN NaN 
NaN NaN NaN NaN NaN NaN NaN NaN NaN NaN NaN NaN NaN NaN NaN NaN NaN NaN NaN NaN NaN NaN NaN NaN NaN NaN NaN NaN NaN NaN NaN NaN NaN NaN NaN NaN NaN NaN NaN NaN 
NaN NaN NaN NaN NaN NaN NaN NaN NaN NaN NaN NaN NaN NaN NaN NaN NaN NaN NaN NaN NaN NaN NaN NaN NaN NaN NaN NaN NaN NaN NaN NaN NaN NaN NaN NaN NaN NaN NaN NaN 
NaN NaN NaN NaN NaN NaN NaN NaN NaN NaN NaN NaN NaN NaN NaN NaN NaN NaN NaN NaN NaN NaN NaN NaN NaN NaN NaN NaN NaN NaN NaN NaN NaN NaN NaN NaN NaN NaN NaN NaN 
NaN NaN NaN NaN NaN NaN NaN NaN NaN NaN NaN NaN NaN NaN NaN NaN NaN NaN NaN NaN NaN NaN NaN NaN NaN NaN NaN NaN NaN NaN NaN NaN NaN NaN NaN NaN NaN NaN NaN NaN 
NaN NaN NaN NaN NaN NaN NaN NaN NaN NaN NaN NaN NaN NaN NaN NaN NaN NaN NaN NaN NaN NaN NaN NaN NaN NaN NaN NaN NaN NaN NaN NaN NaN NaN NaN NaN NaN NaN NaN NaN 
NaN NaN NaN NaN NaN NaN NaN NaN NaN NaN NaN NaN NaN NaN NaN NaN NaN NaN NaN NaN NaN NaN NaN NaN NaN NaN NaN NaN NaN NaN NaN NaN NaN NaN NaN NaN NaN NaN NaN NaN 
NaN NaN NaN NaN NaN NaN NaN NaN NaN NaN NaN NaN NaN NaN NaN NaN NaN NaN NaN NaN NaN NaN NaN NaN NaN NaN NaN NaN NaN NaN NaN NaN NaN NaN NaN NaN NaN NaN NaN NaN 
NaN NaN NaN NaN NaN NaN NaN NaN NaN NaN NaN NaN NaN NaN NaN NaN NaN NaN NaN NaN NaN NaN NaN NaN NaN NaN NaN NaN NaN NaN NaN NaN NaN NaN NaN NaN NaN NaN NaN NaN 
NaN NaN NaN NaN NaN NaN NaN NaN NaN NaN NaN NaN NaN NaN NaN NaN NaN NaN NaN NaN NaN NaN NaN NaN NaN NaN NaN NaN NaN NaN NaN NaN NaN NaN NaN NaN NaN NaN NaN NaN 
NaN NaN NaN NaN NaN NaN NaN NaN NaN NaN NaN NaN NaN NaN NaN NaN NaN NaN NaN NaN NaN NaN NaN NaN NaN NaN NaN NaN NaN NaN NaN NaN NaN NaN NaN NaN NaN NaN NaN NaN 
NaN NaN NaN NaN NaN NaN NaN NaN NaN NaN NaN NaN NaN NaN NaN NaN NaN NaN NaN NaN NaN NaN NaN NaN NaN NaN NaN NaN NaN NaN NaN NaN NaN NaN NaN NaN NaN NaN NaN NaN 
NaN NaN NaN NaN NaN NaN NaN NaN NaN NaN NaN NaN NaN NaN NaN NaN NaN NaN NaN NaN NaN NaN NaN NaN NaN NaN NaN NaN NaN NaN NaN NaN NaN NaN NaN NaN NaN NaN NaN NaN 
NaN NaN NaN NaN NaN NaN NaN NaN NaN NaN NaN NaN NaN NaN NaN NaN NaN NaN NaN NaN NaN NaN NaN NaN NaN NaN NaN NaN NaN NaN NaN NaN NaN NaN NaN NaN NaN NaN NaN NaN 
NaN NaN NaN NaN NaN NaN NaN NaN NaN NaN NaN NaN NaN NaN NaN NaN NaN NaN NaN NaN NaN NaN NaN NaN NaN NaN NaN NaN NaN NaN NaN NaN NaN NaN NaN NaN NaN NaN NaN NaN 
NaN NaN NaN NaN NaN NaN NaN NaN NaN NaN NaN NaN NaN NaN NaN NaN NaN NaN NaN NaN NaN NaN NaN NaN NaN NaN NaN NaN NaN NaN NaN NaN NaN NaN NaN NaN NaN NaN NaN NaN 
NaN NaN NaN NaN NaN NaN NaN NaN NaN NaN NaN NaN NaN NaN NaN NaN NaN NaN NaN NaN NaN NaN NaN NaN NaN NaN NaN NaN NaN NaN NaN NaN NaN NaN NaN NaN NaN NaN NaN NaN 
NaN NaN NaN NaN NaN NaN NaN NaN NaN NaN NaN NaN NaN NaN NaN NaN NaN NaN NaN NaN NaN NaN NaN NaN NaN NaN NaN NaN NaN NaN NaN NaN NaN NaN NaN NaN NaN NaN NaN NaN 
NaN NaN NaN NaN NaN NaN NaN NaN NaN NaN NaN NaN NaN NaN NaN NaN NaN NaN NaN NaN NaN NaN NaN NaN NaN NaN NaN NaN NaN NaN NaN NaN NaN NaN NaN NaN NaN NaN NaN NaN 
NaN NaN NaN NaN NaN NaN NaN NaN NaN NaN NaN NaN NaN NaN NaN NaN NaN NaN NaN NaN NaN NaN NaN NaN NaN NaN NaN NaN NaN NaN NaN NaN NaN NaN NaN NaN NaN NaN NaN NaN 
NaN NaN NaN NaN NaN NaN NaN NaN NaN NaN NaN NaN NaN NaN NaN NaN NaN NaN NaN NaN NaN NaN NaN NaN NaN NaN NaN NaN NaN NaN NaN NaN NaN NaN NaN NaN NaN NaN NaN NaN 
NaN NaN NaN NaN NaN NaN NaN NaN NaN NaN NaN NaN NaN NaN NaN NaN NaN NaN NaN NaN NaN NaN NaN NaN NaN NaN NaN NaN NaN NaN NaN NaN NaN NaN NaN NaN NaN NaN NaN NaN 
NaN NaN NaN NaN NaN NaN NaN NaN NaN NaN NaN NaN NaN NaN NaN NaN NaN NaN NaN NaN NaN NaN NaN NaN NaN NaN NaN NaN NaN NaN NaN NaN NaN NaN NaN NaN NaN NaN NaN NaN 
NaN NaN NaN NaN NaN NaN NaN NaN NaN NaN NaN NaN NaN NaN NaN NaN NaN NaN NaN NaN NaN NaN NaN NaN NaN NaN NaN NaN NaN NaN NaN NaN NaN NaN NaN NaN NaN NaN NaN NaN 
NaN NaN NaN NaN NaN NaN NaN NaN NaN NaN NaN NaN NaN NaN NaN NaN NaN NaN NaN NaN NaN NaN NaN NaN NaN NaN NaN NaN NaN NaN NaN NaN NaN NaN NaN NaN NaN NaN NaN NaN 
NaN NaN NaN NaN NaN NaN NaN NaN NaN NaN NaN NaN NaN NaN NaN NaN NaN NaN NaN NaN NaN NaN NaN NaN NaN NaN NaN NaN NaN NaN NaN NaN NaN NaN NaN NaN NaN NaN NaN NaN 
NaN NaN NaN NaN NaN NaN NaN NaN NaN NaN NaN NaN NaN NaN NaN NaN NaN NaN NaN NaN NaN NaN NaN NaN NaN NaN NaN NaN NaN NaN NaN NaN NaN NaN NaN NaN NaN NaN NaN NaN 
NaN NaN NaN NaN NaN NaN NaN NaN NaN NaN NaN NaN NaN NaN NaN NaN NaN NaN NaN NaN NaN NaN NaN NaN NaN NaN NaN NaN NaN NaN NaN NaN NaN NaN NaN NaN NaN NaN NaN NaN 
NaN NaN NaN NaN NaN NaN NaN NaN NaN NaN NaN NaN NaN NaN NaN NaN NaN NaN NaN NaN NaN NaN NaN NaN NaN NaN NaN NaN NaN NaN NaN NaN NaN NaN NaN NaN NaN NaN NaN NaN 
NaN NaN NaN NaN NaN NaN NaN NaN NaN NaN NaN NaN NaN NaN NaN NaN NaN NaN NaN NaN NaN NaN NaN NaN NaN NaN NaN NaN NaN NaN NaN NaN NaN NaN NaN NaN NaN NaN NaN NaN 
NaN NaN NaN NaN NaN NaN NaN NaN NaN NaN NaN NaN NaN NaN NaN NaN NaN NaN NaN NaN NaN NaN NaN NaN NaN NaN NaN NaN NaN NaN NaN NaN NaN NaN NaN NaN NaN NaN NaN NaN 
NaN NaN NaN NaN NaN NaN NaN NaN NaN NaN NaN NaN NaN NaN NaN NaN NaN NaN NaN NaN NaN NaN NaN NaN NaN NaN NaN NaN NaN NaN NaN NaN NaN NaN NaN NaN NaN NaN NaN NaN 
NaN NaN NaN NaN NaN NaN NaN NaN NaN NaN NaN NaN NaN NaN NaN NaN NaN NaN NaN NaN NaN NaN NaN NaN NaN NaN NaN NaN NaN NaN NaN NaN NaN NaN NaN NaN NaN NaN NaN NaN 
NaN NaN NaN NaN NaN NaN NaN NaN NaN NaN NaN NaN NaN NaN NaN NaN NaN NaN NaN NaN NaN NaN NaN NaN NaN NaN NaN NaN NaN NaN NaN NaN NaN NaN NaN NaN NaN NaN NaN NaN 
NaN NaN NaN NaN NaN NaN NaN NaN NaN NaN NaN NaN NaN NaN NaN NaN NaN NaN NaN NaN NaN NaN NaN NaN NaN NaN NaN NaN NaN NaN NaN NaN NaN NaN NaN NaN NaN NaN NaN NaN 
NaN NaN NaN NaN NaN NaN NaN NaN NaN NaN NaN NaN NaN NaN NaN NaN NaN NaN NaN NaN NaN NaN NaN NaN NaN NaN NaN NaN NaN NaN NaN NaN NaN NaN NaN NaN NaN NaN NaN NaN 
NaN NaN NaN NaN NaN NaN NaN NaN NaN NaN NaN NaN NaN NaN NaN NaN NaN NaN NaN NaN NaN NaN NaN NaN NaN NaN NaN NaN NaN NaN NaN NaN NaN NaN NaN NaN NaN NaN NaN NaN 
NaN NaN NaN NaN NaN NaN NaN NaN NaN NaN NaN NaN NaN NaN NaN NaN NaN NaN NaN NaN NaN NaN NaN NaN NaN NaN NaN NaN NaN NaN NaN NaN NaN NaN NaN NaN NaN NaN NaN NaN 
NaN NaN NaN NaN NaN NaN NaN NaN NaN NaN NaN NaN NaN NaN NaN NaN NaN NaN NaN NaN NaN NaN NaN NaN NaN NaN NaN NaN NaN NaN NaN NaN NaN NaN NaN NaN NaN NaN NaN NaN 
NaN NaN NaN NaN NaN NaN NaN NaN NaN NaN NaN NaN NaN NaN NaN NaN NaN NaN NaN NaN NaN NaN NaN NaN NaN NaN NaN NaN NaN NaN NaN NaN NaN NaN NaN NaN NaN NaN NaN NaN 
NaN NaN NaN NaN NaN NaN NaN NaN NaN NaN NaN NaN NaN NaN NaN NaN NaN NaN NaN NaN NaN NaN NaN NaN NaN NaN NaN NaN NaN NaN NaN NaN NaN NaN NaN NaN NaN NaN NaN NaN 
NaN NaN NaN NaN NaN NaN NaN NaN NaN NaN NaN NaN NaN NaN NaN NaN NaN NaN NaN NaN NaN NaN NaN NaN NaN NaN NaN NaN NaN NaN NaN NaN NaN NaN NaN NaN NaN NaN NaN NaN 
NaN NaN NaN NaN NaN NaN NaN NaN NaN NaN NaN NaN NaN NaN NaN NaN NaN NaN NaN NaN NaN NaN NaN NaN NaN NaN NaN NaN NaN NaN NaN NaN NaN NaN NaN NaN NaN NaN NaN NaN 
NaN NaN NaN NaN NaN NaN NaN NaN NaN NaN NaN NaN NaN NaN NaN NaN NaN NaN NaN NaN NaN NaN NaN NaN NaN NaN NaN NaN NaN NaN NaN NaN NaN NaN NaN NaN NaN NaN NaN NaN 
NaN NaN NaN NaN NaN NaN NaN NaN NaN NaN NaN NaN NaN NaN NaN NaN NaN NaN NaN NaN NaN NaN NaN NaN NaN NaN NaN NaN NaN NaN NaN NaN NaN NaN NaN NaN NaN NaN NaN NaN 
NaN NaN NaN NaN NaN NaN NaN NaN NaN NaN NaN NaN NaN NaN NaN NaN NaN NaN NaN NaN NaN NaN NaN NaN NaN NaN NaN NaN NaN NaN NaN NaN NaN NaN NaN NaN NaN NaN NaN NaN 
NaN NaN NaN NaN NaN NaN NaN NaN NaN NaN NaN NaN NaN NaN NaN NaN NaN NaN NaN NaN NaN NaN NaN NaN NaN NaN NaN NaN NaN NaN NaN NaN NaN NaN NaN NaN NaN NaN NaN NaN 
NaN NaN NaN NaN NaN NaN NaN NaN NaN NaN NaN NaN NaN NaN NaN NaN NaN NaN NaN NaN NaN NaN NaN NaN NaN NaN NaN NaN NaN NaN NaN NaN NaN NaN NaN NaN NaN NaN NaN NaN 
NaN NaN NaN NaN NaN NaN NaN NaN NaN NaN NaN NaN NaN NaN NaN NaN NaN NaN NaN NaN NaN NaN NaN NaN NaN NaN NaN NaN NaN NaN NaN NaN NaN NaN NaN NaN NaN NaN NaN NaN 
NaN NaN NaN NaN NaN NaN NaN NaN NaN NaN NaN NaN NaN NaN NaN NaN NaN NaN NaN NaN NaN NaN NaN NaN NaN NaN NaN NaN NaN NaN NaN NaN NaN NaN NaN NaN NaN NaN NaN NaN 
NaN NaN NaN NaN NaN NaN NaN NaN NaN NaN NaN NaN NaN NaN NaN NaN NaN NaN NaN NaN NaN NaN NaN NaN NaN NaN NaN NaN NaN NaN NaN NaN NaN NaN NaN NaN NaN NaN NaN NaN 
