NaN NaN NaN NaN NaN NaN NaN NaN NaN NaN NaN NaN NaN NaN NaN NaN NaN NaN NaN NaN NaN NaN NaN NaN NaN NaN NaN NaN NaN NaN NaN NaN NaN NaN NaN NaN NaN NaN NaN NaN 
NaN NaN NaN NaN NaN NaN NaN NaN NaN NaN NaN NaN NaN NaN NaN NaN NaN NaN NaN NaN NaN NaN NaN NaN NaN NaN NaN NaN NaN NaN NaN NaN NaN NaN NaN NaN NaN NaN NaN NaN 
NaN NaN NaN NaN NaN NaN NaN NaN NaN NaN NaN NaN NaN NaN NaN NaN NaN NaN NaN NaN NaN NaN NaN NaN NaN NaN NaN NaN NaN NaN NaN NaN NaN NaN NaN NaN NaN NaN NaN NaN 
NaN NaN NaN NaN NaN NaN NaN NaN NaN NaN NaN NaN NaN NaN NaN NaN NaN NaN NaN NaN NaN NaN NaN NaN NaN NaN NaN NaN NaN NaN NaN NaN NaN NaN NaN NaN NaN NaN NaN NaN 
NaN NaN NaN NaN NaN NaN NaN NaN NaN NaN NaN NaN NaN NaN NaN NaN NaN NaN NaN NaN NaN NaN NaN NaN NaN NaN NaN NaN NaN NaN NaN NaN NaN NaN NaN NaN NaN NaN NaN NaN 
NaN NaN NaN NaN NaN NaN NaN NaN NaN NaN NaN NaN NaN NaN NaN NaN NaN NaN NaN NaN NaN NaN NaN NaN NaN NaN NaN NaN NaN NaN NaN NaN NaN NaN NaN NaN NaN NaN NaN NaN 
NaN NaN NaN NaN NaN NaN NaN NaN NaN NaN NaN NaN NaN NaN NaN NaN NaN NaN NaN NaN NaN NaN NaN NaN NaN NaN NaN NaN NaN NaN NaN NaN NaN NaN NaN NaN NaN NaN NaN NaN 
NaN NaN NaN NaN NaN NaN NaN NaN NaN NaN NaN NaN NaN NaN NaN NaN NaN NaN NaN NaN NaN NaN NaN NaN NaN NaN NaN NaN NaN NaN NaN NaN NaN NaN NaN NaN NaN NaN NaN NaN 
NaN NaN NaN NaN NaN NaN NaN NaN NaN NaN NaN NaN NaN NaN NaN NaN NaN NaN NaN NaN NaN NaN NaN NaN NaN NaN NaN NaN NaN NaN NaN NaN NaN NaN NaN NaN NaN NaN NaN NaN 
NaN NaN NaN NaN NaN NaN NaN NaN NaN NaN NaN NaN NaN NaN NaN NaN NaN NaN NaN NaN NaN NaN NaN NaN NaN NaN NaN NaN NaN NaN NaN NaN NaN NaN NaN NaN NaN NaN NaN NaN 
NaN NaN NaN NaN NaN NaN NaN NaN NaN NaN NaN NaN NaN NaN NaN NaN NaN NaN NaN NaN NaN NaN NaN NaN NaN NaN NaN NaN NaN NaN NaN NaN NaN NaN NaN NaN NaN NaN NaN NaN 
NaN NaN NaN NaN NaN NaN NaN NaN NaN NaN NaN NaN NaN NaN NaN NaN NaN NaN NaN NaN NaN NaN NaN NaN NaN NaN NaN NaN NaN NaN NaN NaN NaN NaN NaN NaN NaN NaN NaN NaN 
NaN NaN NaN NaN NaN NaN NaN NaN NaN NaN NaN NaN NaN NaN NaN NaN NaN NaN NaN NaN NaN NaN NaN NaN NaN NaN NaN NaN NaN NaN NaN NaN NaN NaN NaN NaN NaN NaN NaN NaN 
NaN NaN NaN NaN NaN NaN NaN NaN NaN NaN NaN NaN NaN NaN NaN NaN NaN NaN NaN NaN NaN NaN NaN NaN NaN NaN NaN NaN NaN NaN NaN NaN NaN NaN NaN NaN NaN NaN NaN NaN 
NaN NaN NaN NaN NaN NaN NaN NaN NaN NaN NaN NaN NaN NaN NaN NaN NaN NaN NaN NaN NaN NaN NaN NaN NaN NaN NaN NaN NaN NaN NaN NaN NaN NaN NaN NaN NaN NaN NaN NaN 
NaN NaN NaN NaN NaN NaN NaN NaN NaN NaN NaN NaN NaN NaN NaN NaN NaN NaN NaN NaN NaN NaN NaN NaN NaN NaN NaN NaN NaN NaN NaN NaN NaN NaN NaN NaN NaN NaN NaN NaN 
NaN NaN NaN NaN NaN NaN NaN NaN NaN NaN NaN NaN NaN NaN NaN NaN NaN NaN NaN NaN NaN NaN NaN NaN NaN NaN NaN NaN NaN NaN NaN NaN NaN NaN NaN NaN NaN NaN NaN NaN 
NaN NaN NaN NaN NaN NaN NaN NaN NaN NaN NaN NaN NaN NaN NaN NaN NaN NaN NaN NaN NaN NaN NaN NaN NaN NaN NaN NaN NaN NaN NaN NaN NaN NaN NaN NaN NaN NaN NaN NaN 
NaN NaN NaN NaN NaN NaN NaN NaN NaN NaN NaN NaN NaN NaN NaN NaN NaN NaN NaN NaN NaN NaN NaN NaN NaN NaN NaN NaN NaN NaN NaN NaN NaN NaN NaN NaN NaN NaN NaN NaN 
NaN NaN NaN NaN NaN NaN NaN NaN NaN NaN NaN NaN NaN NaN NaN NaN NaN NaN NaN NaN NaN NaN NaN NaN NaN NaN NaN NaN NaN NaN NaN NaN NaN NaN NaN NaN NaN NaN NaN NaN 
NaN NaN NaN NaN NaN NaN NaN NaN NaN NaN NaN NaN NaN NaN NaN NaN NaN NaN NaN NaN NaN NaN NaN NaN NaN NaN NaN NaN NaN NaN NaN NaN NaN NaN NaN NaN NaN NaN NaN NaN 
NaN NaN NaN NaN NaN NaN NaN NaN NaN NaN NaN NaN NaN NaN NaN NaN NaN NaN NaN NaN NaN NaN NaN NaN NaN NaN NaN NaN NaN NaN NaN NaN NaN NaN NaN NaN NaN NaN NaN NaN 
NaN NaN NaN NaN NaN NaN NaN NaN NaN NaN NaN NaN NaN NaN NaN NaN NaN NaN NaN NaN NaN NaN NaN NaN NaN NaN NaN NaN NaN NaN NaN NaN NaN NaN NaN NaN NaN NaN NaN NaN 
NaN NaN NaN NaN NaN NaN NaN NaN NaN NaN NaN NaN NaN NaN NaN NaN NaN NaN NaN NaN NaN NaN NaN NaN NaN NaN NaN NaN NaN NaN NaN NaN NaN NaN NaN NaN NaN NaN NaN NaN 
NaN NaN NaN NaN NaN NaN NaN NaN NaN NaN NaN NaN NaN NaN NaN NaN NaN NaN NaN NaN NaN NaN NaN NaN NaN NaN NaN NaN NaN NaN NaN NaN NaN NaN NaN NaN NaN NaN NaN NaN 
NaN NaN NaN NaN NaN NaN NaN NaN NaN NaN NaN NaN NaN NaN NaN NaN NaN NaN NaN NaN NaN NaN NaN NaN NaN NaN NaN NaN NaN NaN NaN NaN NaN NaN NaN NaN NaN NaN NaN NaN 
NaN NaN NaN NaN NaN NaN NaN NaN NaN NaN NaN NaN NaN NaN NaN NaN NaN NaN NaN NaN NaN NaN NaN NaN NaN NaN NaN NaN NaN NaN NaN NaN NaN NaN NaN NaN NaN NaN NaN NaN 
NaN NaN NaN NaN NaN NaN NaN NaN NaN NaN NaN NaN NaN NaN NaN NaN NaN NaN NaN NaN NaN NaN NaN NaN NaN NaN NaN NaN NaN NaN NaN NaN NaN NaN NaN NaN NaN NaN NaN NaN 
NaN NaN NaN NaN NaN NaN NaN NaN NaN NaN NaN NaN NaN NaN NaN NaN NaN NaN NaN NaN NaN NaN NaN NaN NaN NaN NaN NaN NaN NaN NaN NaN NaN NaN NaN NaN NaN NaN NaN NaN 
NaN NaN NaN NaN NaN NaN NaN NaN NaN NaN NaN NaN NaN NaN NaN NaN NaN NaN NaN NaN NaN NaN NaN NaN NaN NaN NaN NaN NaN NaN NaN NaN NaN NaN NaN NaN NaN NaN NaN NaN 
NaN NaN NaN NaN NaN NaN NaN NaN NaN NaN NaN NaN NaN NaN NaN NaN NaN NaN NaN NaN NaN NaN NaN NaN NaN NaN NaN NaN NaN NaN NaN NaN NaN NaN NaN NaN NaN NaN NaN NaN 
NaN NaN NaN NaN NaN NaN NaN NaN NaN NaN NaN NaN NaN NaN NaN NaN NaN NaN NaN NaN NaN NaN NaN NaN NaN NaN NaN NaN NaN NaN NaN NaN NaN NaN NaN NaN NaN NaN NaN NaN 
NaN NaN NaN NaN NaN NaN NaN NaN NaN NaN NaN NaN NaN NaN NaN NaN NaN NaN NaN NaN NaN NaN NaN NaN NaN NaN NaN NaN NaN NaN NaN NaN NaN NaN NaN NaN NaN NaN NaN NaN 
NaN NaN NaN NaN NaN NaN NaN NaN NaN NaN NaN NaN NaN NaN NaN NaN NaN NaN NaN NaN NaN NaN NaN NaN NaN NaN NaN NaN NaN NaN NaN NaN NaN NaN NaN NaN NaN NaN NaN NaN 
NaN NaN NaN NaN NaN NaN NaN NaN NaN NaN NaN NaN NaN NaN NaN NaN NaN NaN NaN NaN NaN NaN NaN NaN NaN NaN NaN NaN NaN NaN NaN NaN NaN NaN NaN NaN NaN NaN NaN NaN 
NaN NaN NaN NaN NaN NaN NaN NaN NaN NaN NaN NaN NaN NaN NaN NaN NaN NaN NaN NaN NaN NaN NaN NaN NaN NaN NaN NaN NaN NaN NaN NaN NaN NaN NaN NaN NaN NaN NaN NaN 
NaN NaN NaN NaN NaN NaN NaN NaN NaN NaN NaN NaN NaN NaN NaN NaN NaN NaN NaN NaN NaN NaN NaN NaN NaN NaN NaN NaN NaN NaN NaN NaN NaN NaN NaN NaN NaN NaN NaN NaN 
NaN NaN NaN NaN NaN NaN NaN NaN NaN NaN NaN NaN NaN NaN NaN NaN NaN NaN NaN NaN NaN NaN NaN NaN NaN NaN NaN NaN NaN NaN NaN NaN NaN NaN NaN NaN NaN NaN NaN NaN 
NaN NaN NaN NaN NaN NaN NaN NaN NaN NaN NaN NaN NaN NaN NaN NaN NaN NaN NaN NaN NaN NaN NaN NaN NaN NaN NaN NaN NaN NaN NaN NaN NaN NaN NaN NaN NaN NaN NaN NaN 
NaN NaN NaN NaN NaN NaN NaN NaN NaN NaN NaN NaN NaN NaN NaN NaN NaN NaN NaN NaN NaN NaN NaN NaN NaN NaN NaN NaN NaN NaN NaN NaN NaN NaN NaN NaN NaN NaN NaN NaN 
NaN NaN NaN NaN NaN NaN NaN NaN NaN NaN NaN NaN NaN NaN NaN NaN NaN NaN NaN NaN NaN NaN NaN NaN NaN NaN NaN NaN NaN NaN NaN NaN NaN NaN NaN NaN NaN NaN NaN NaN 
NaN NaN NaN NaN NaN NaN NaN NaN NaN NaN NaN NaN NaN NaN NaN NaN NaN NaN NaN NaN NaN NaN NaN NaN NaN NaN NaN NaN NaN NaN NaN NaN NaN NaN NaN NaN NaN NaN NaN NaN 
NaN NaN NaN NaN NaN NaN NaN NaN NaN NaN NaN NaN NaN NaN NaN NaN NaN NaN NaN NaN NaN NaN NaN NaN NaN NaN NaN NaN NaN NaN NaN NaN NaN NaN NaN NaN NaN NaN NaN NaN 
NaN NaN NaN NaN NaN NaN NaN NaN NaN NaN NaN NaN NaN NaN NaN NaN NaN NaN NaN NaN NaN NaN NaN NaN NaN NaN NaN NaN NaN NaN NaN NaN NaN NaN NaN NaN NaN NaN NaN NaN 
NaN NaN NaN NaN NaN NaN NaN NaN NaN NaN NaN NaN NaN NaN NaN NaN NaN NaN NaN NaN NaN NaN NaN NaN NaN NaN NaN NaN NaN NaN NaN NaN NaN NaN NaN NaN NaN NaN NaN NaN 
NaN NaN NaN NaN NaN NaN NaN NaN NaN NaN NaN NaN NaN NaN NaN NaN NaN NaN NaN NaN NaN NaN NaN NaN NaN NaN NaN NaN NaN NaN NaN NaN NaN NaN NaN NaN NaN NaN NaN NaN 
NaN NaN NaN NaN NaN NaN NaN NaN NaN NaN NaN NaN NaN NaN NaN NaN NaN NaN NaN NaN NaN NaN NaN NaN NaN NaN NaN NaN NaN NaN NaN NaN NaN NaN NaN NaN NaN NaN NaN NaN 
NaN NaN NaN NaN NaN NaN NaN NaN NaN NaN NaN NaN NaN NaN NaN NaN NaN NaN NaN NaN NaN NaN NaN NaN NaN NaN NaN NaN NaN NaN NaN NaN NaN NaN NaN NaN NaN NaN NaN NaN 
NaN NaN NaN NaN NaN NaN NaN NaN NaN NaN NaN NaN NaN NaN NaN NaN NaN NaN NaN NaN NaN NaN NaN NaN NaN NaN NaN NaN NaN NaN NaN NaN NaN NaN NaN NaN NaN NaN NaN NaN 
NaN NaN NaN NaN NaN NaN NaN NaN NaN NaN NaN NaN NaN NaN NaN NaN NaN NaN NaN NaN NaN NaN NaN NaN NaN NaN NaN NaN NaN NaN NaN NaN NaN NaN NaN NaN NaN NaN NaN NaN 
NaN NaN NaN NaN NaN NaN NaN NaN NaN NaN NaN NaN NaN NaN NaN NaN NaN NaN NaN NaN NaN NaN NaN NaN NaN NaN NaN NaN NaN NaN NaN NaN NaN NaN NaN NaN NaN NaN NaN NaN 
NaN NaN NaN NaN NaN NaN NaN NaN NaN NaN NaN NaN NaN NaN NaN NaN NaN NaN NaN NaN NaN NaN NaN NaN NaN NaN NaN NaN NaN NaN NaN NaN NaN NaN NaN NaN NaN NaN NaN NaN 
NaN NaN NaN NaN NaN NaN NaN NaN NaN NaN NaN NaN NaN NaN NaN NaN NaN NaN NaN NaN NaN NaN NaN NaN NaN NaN NaN NaN NaN NaN NaN NaN NaN NaN NaN NaN NaN NaN NaN NaN 
NaN NaN NaN NaN NaN NaN NaN NaN NaN NaN NaN NaN NaN NaN NaN NaN NaN NaN NaN NaN NaN NaN NaN NaN NaN NaN NaN NaN NaN NaN NaN NaN NaN NaN NaN NaN NaN NaN NaN NaN 
NaN NaN NaN NaN NaN NaN NaN NaN NaN NaN NaN NaN NaN NaN NaN NaN NaN NaN NaN NaN NaN NaN NaN NaN NaN NaN NaN NaN NaN NaN NaN NaN NaN NaN NaN NaN NaN NaN NaN NaN 
NaN NaN NaN NaN NaN NaN NaN NaN NaN NaN NaN NaN NaN NaN NaN NaN NaN NaN NaN NaN NaN NaN NaN NaN NaN NaN NaN NaN NaN NaN NaN NaN NaN NaN NaN NaN NaN NaN NaN NaN 
NaN NaN NaN NaN NaN NaN NaN NaN NaN NaN NaN NaN NaN NaN NaN NaN NaN NaN NaN NaN NaN NaN NaN NaN NaN NaN NaN NaN NaN NaN NaN NaN NaN NaN NaN NaN NaN NaN NaN NaN 
NaN NaN NaN NaN NaN NaN NaN NaN NaN NaN NaN NaN NaN NaN NaN NaN NaN NaN NaN NaN NaN NaN NaN NaN NaN NaN NaN NaN NaN NaN NaN NaN NaN NaN NaN NaN NaN NaN NaN NaN 
NaN NaN NaN NaN NaN NaN NaN NaN NaN NaN NaN NaN NaN NaN NaN NaN NaN NaN NaN NaN NaN NaN NaN NaN NaN NaN NaN NaN NaN NaN NaN NaN NaN NaN NaN NaN NaN NaN NaN NaN 
NaN NaN NaN NaN NaN NaN NaN NaN NaN NaN NaN NaN NaN NaN NaN NaN NaN NaN NaN NaN NaN NaN NaN NaN NaN NaN NaN NaN NaN NaN NaN NaN NaN NaN NaN NaN NaN NaN NaN NaN 
NaN NaN NaN NaN NaN NaN NaN NaN NaN NaN NaN NaN NaN NaN NaN NaN NaN NaN NaN NaN NaN NaN NaN NaN NaN NaN NaN NaN NaN NaN NaN NaN NaN NaN NaN NaN NaN NaN NaN NaN 
NaN NaN NaN NaN NaN NaN NaN NaN NaN NaN NaN NaN NaN NaN NaN NaN NaN NaN NaN NaN NaN NaN NaN NaN NaN NaN NaN NaN NaN NaN NaN NaN NaN NaN NaN NaN NaN NaN NaN NaN 
NaN NaN NaN NaN NaN NaN NaN NaN NaN NaN NaN NaN NaN NaN NaN NaN NaN NaN NaN NaN NaN NaN NaN NaN NaN NaN NaN NaN NaN NaN NaN NaN NaN NaN NaN NaN NaN NaN NaN NaN 
NaN NaN NaN NaN NaN NaN NaN NaN NaN NaN NaN NaN NaN NaN NaN NaN NaN NaN NaN NaN NaN NaN NaN NaN NaN NaN NaN NaN NaN NaN NaN NaN NaN NaN NaN NaN NaN NaN NaN NaN 
NaN NaN NaN NaN NaN NaN NaN NaN NaN NaN NaN NaN NaN NaN NaN NaN NaN NaN NaN NaN NaN NaN NaN NaN NaN NaN NaN NaN NaN NaN NaN NaN NaN NaN NaN NaN NaN NaN NaN NaN 
NaN NaN NaN NaN NaN NaN NaN NaN NaN NaN NaN NaN NaN NaN NaN NaN NaN NaN NaN NaN NaN NaN NaN NaN NaN NaN NaN NaN NaN NaN NaN NaN NaN NaN NaN NaN NaN NaN NaN NaN 
NaN NaN NaN NaN NaN NaN NaN NaN NaN NaN NaN NaN NaN NaN NaN NaN NaN NaN NaN NaN NaN NaN NaN NaN NaN NaN NaN NaN NaN NaN NaN NaN NaN NaN NaN NaN NaN NaN NaN NaN 
NaN NaN NaN NaN NaN NaN NaN NaN NaN NaN NaN NaN NaN NaN NaN NaN NaN NaN NaN NaN NaN NaN NaN NaN NaN NaN NaN NaN NaN NaN NaN NaN NaN NaN NaN NaN NaN NaN NaN NaN 
NaN NaN NaN NaN NaN NaN NaN NaN NaN NaN NaN NaN NaN NaN NaN NaN NaN NaN NaN NaN NaN NaN NaN NaN NaN NaN NaN NaN NaN NaN NaN NaN NaN NaN NaN NaN NaN NaN NaN NaN 
NaN NaN NaN NaN NaN NaN NaN NaN NaN NaN NaN NaN NaN NaN NaN NaN NaN NaN NaN NaN NaN NaN NaN NaN NaN NaN NaN NaN NaN NaN NaN NaN NaN NaN NaN NaN NaN NaN NaN NaN 
NaN NaN NaN NaN NaN NaN NaN NaN NaN NaN NaN NaN NaN NaN NaN NaN NaN NaN NaN NaN NaN NaN NaN NaN NaN NaN NaN NaN NaN NaN NaN NaN NaN NaN NaN NaN NaN NaN NaN NaN 
NaN NaN NaN NaN NaN NaN NaN NaN NaN NaN NaN NaN NaN NaN NaN NaN NaN NaN NaN NaN NaN NaN NaN NaN NaN NaN NaN NaN NaN NaN NaN NaN NaN NaN NaN NaN NaN NaN NaN NaN 
NaN NaN NaN NaN NaN NaN NaN NaN NaN NaN NaN NaN NaN NaN NaN NaN NaN NaN NaN NaN NaN NaN NaN NaN NaN NaN NaN NaN NaN NaN NaN NaN NaN NaN NaN NaN NaN NaN NaN NaN 
NaN NaN NaN NaN NaN NaN NaN NaN NaN NaN NaN NaN NaN NaN NaN NaN NaN NaN NaN NaN NaN NaN NaN NaN NaN NaN NaN NaN NaN NaN NaN NaN NaN NaN NaN NaN NaN NaN NaN NaN 
NaN NaN NaN NaN NaN NaN NaN NaN NaN NaN NaN NaN NaN NaN NaN NaN NaN NaN NaN NaN NaN NaN NaN NaN NaN NaN NaN NaN NaN NaN NaN NaN NaN NaN NaN NaN NaN NaN NaN NaN 
NaN NaN NaN NaN NaN NaN NaN NaN NaN NaN NaN NaN NaN NaN NaN NaN NaN NaN NaN NaN NaN NaN NaN NaN NaN NaN NaN NaN NaN NaN NaN NaN NaN NaN NaN NaN NaN NaN NaN NaN 
NaN NaN NaN NaN NaN NaN NaN NaN NaN NaN NaN NaN NaN NaN NaN NaN NaN NaN NaN NaN NaN NaN NaN NaN NaN NaN NaN NaN NaN NaN NaN NaN NaN NaN NaN NaN NaN NaN NaN NaN 
NaN NaN NaN NaN NaN NaN NaN NaN NaN NaN NaN NaN NaN NaN NaN NaN NaN NaN NaN NaN NaN NaN NaN NaN NaN NaN NaN NaN NaN NaN NaN NaN NaN NaN NaN NaN NaN NaN NaN NaN 
NaN NaN NaN NaN NaN NaN NaN NaN NaN NaN NaN NaN NaN NaN NaN NaN NaN NaN NaN NaN NaN NaN NaN NaN NaN NaN NaN NaN NaN NaN NaN NaN NaN NaN NaN NaN NaN NaN NaN NaN 
NaN NaN NaN NaN NaN NaN NaN NaN NaN NaN NaN NaN NaN NaN NaN NaN NaN NaN NaN NaN NaN NaN NaN NaN NaN NaN NaN NaN NaN NaN NaN NaN NaN NaN NaN NaN NaN NaN NaN NaN 
NaN NaN NaN NaN NaN NaN NaN NaN NaN NaN NaN NaN NaN NaN NaN NaN NaN NaN NaN NaN NaN NaN NaN NaN NaN NaN NaN NaN NaN NaN NaN NaN NaN NaN NaN NaN NaN NaN NaN NaN 
NaN NaN NaN NaN NaN NaN NaN NaN NaN NaN NaN NaN NaN NaN NaN NaN NaN NaN NaN NaN NaN NaN NaN NaN NaN NaN NaN NaN NaN NaN NaN NaN NaN NaN NaN NaN NaN NaN NaN NaN 
NaN NaN NaN NaN NaN NaN NaN NaN NaN NaN NaN NaN NaN NaN NaN NaN NaN NaN NaN NaN NaN NaN NaN NaN NaN NaN NaN NaN NaN NaN NaN NaN NaN NaN NaN NaN NaN NaN NaN NaN 
NaN NaN NaN NaN NaN NaN NaN NaN NaN NaN NaN NaN NaN NaN NaN NaN NaN NaN NaN NaN NaN NaN NaN NaN NaN NaN NaN NaN NaN NaN NaN NaN NaN NaN NaN NaN NaN NaN NaN NaN 
NaN NaN NaN NaN NaN NaN NaN NaN NaN NaN NaN NaN NaN NaN NaN NaN NaN NaN NaN NaN NaN NaN NaN NaN NaN NaN NaN NaN NaN NaN NaN NaN NaN NaN NaN NaN NaN NaN NaN NaN 
NaN NaN NaN NaN NaN NaN NaN NaN NaN NaN NaN NaN NaN NaN NaN NaN NaN NaN NaN NaN NaN NaN NaN NaN NaN NaN NaN NaN NaN NaN NaN NaN NaN NaN NaN NaN NaN NaN NaN NaN 
NaN NaN NaN NaN NaN NaN NaN NaN NaN NaN NaN NaN NaN NaN NaN NaN NaN NaN NaN NaN NaN NaN NaN NaN NaN NaN NaN NaN NaN NaN NaN NaN NaN NaN NaN NaN NaN NaN NaN NaN 
NaN NaN NaN NaN NaN NaN NaN NaN NaN NaN NaN NaN NaN NaN NaN NaN NaN NaN NaN NaN NaN NaN NaN NaN NaN NaN NaN NaN NaN NaN NaN NaN NaN NaN NaN NaN NaN NaN NaN NaN 
NaN NaN NaN NaN NaN NaN NaN NaN NaN NaN NaN NaN NaN NaN NaN NaN NaN NaN NaN NaN NaN NaN NaN NaN NaN NaN NaN NaN NaN NaN NaN NaN NaN NaN NaN NaN NaN NaN NaN NaN 
NaN NaN NaN NaN NaN NaN NaN NaN NaN NaN NaN NaN NaN NaN NaN NaN NaN NaN NaN NaN NaN NaN NaN NaN NaN NaN NaN NaN NaN NaN NaN NaN NaN NaN NaN NaN NaN NaN NaN NaN 
NaN NaN NaN NaN NaN NaN NaN NaN NaN NaN NaN NaN NaN NaN NaN NaN NaN NaN NaN NaN NaN NaN NaN NaN NaN NaN NaN NaN NaN NaN NaN NaN NaN NaN NaN NaN NaN NaN NaN NaN 
NaN NaN NaN NaN NaN NaN NaN NaN NaN NaN NaN NaN NaN NaN NaN NaN NaN NaN NaN NaN NaN NaN NaN NaN NaN NaN NaN NaN NaN NaN NaN NaN NaN NaN NaN NaN NaN NaN NaN NaN 
NaN NaN NaN NaN NaN NaN NaN NaN NaN NaN NaN NaN NaN NaN NaN NaN NaN NaN NaN NaN NaN NaN NaN NaN NaN NaN NaN NaN NaN NaN NaN NaN NaN NaN NaN NaN NaN NaN NaN NaN 
NaN NaN NaN NaN NaN NaN NaN NaN NaN NaN NaN NaN NaN NaN NaN NaN NaN NaN NaN NaN NaN NaN NaN NaN NaN NaN NaN NaN NaN NaN NaN NaN NaN NaN NaN NaN NaN NaN NaN NaN 
NaN NaN NaN NaN NaN NaN NaN NaN NaN NaN NaN NaN NaN NaN NaN NaN NaN NaN NaN NaN NaN NaN NaN NaN NaN NaN NaN NaN NaN NaN NaN NaN NaN NaN NaN NaN NaN NaN NaN NaN 
-77.550670 -78.624483 -80.460112 -83.495694 -86.782362 -87.972545 -87.895532 -89.661532 -97.159013 -99.200923 -91.978836 -91.379776 -95.052184 -102.711473 -100.181786 -94.260804 -95.226185 -101.900238 -96.872447 -96.994068 -94.614952 -99.122544 -105.796103 -95.524715 -96.419962 -98.053005 -94.145716 -94.411322 -97.983457 -97.603975 -93.274773 -96.101586 -94.716040 -91.633712 -92.624297 -93.199195 -94.404036 -98.751795 -97.222161 -97.722731 
-56.117898 -66.335346 -69.093927 -69.553216 -74.398293 -70.821605 -71.808127 -77.110859 -85.514443 -77.286212 -78.507442 -70.501471 -74.823333 -76.356956 -76.782735 -77.534003 -77.521497 -83.376081 -77.723788 -78.513499 -79.509316 -77.874835 -82.573207 -76.568371 -73.972418 -75.522597 -74.964225 -76.962876 -79.424830 -80.679374 -76.555368 -77.900994 -77.391304 -75.510678 -74.505577 -76.696019 -77.773282 -78.777565 -78.229704 -81.935445 
-54.548805 -73.157741 -75.174781 -74.334515 -71.248961 -76.315362 -79.150089 -81.461667 -75.821185 -70.183643 -71.638530 -68.522081 -78.249028 -77.612866 -74.406272 -72.931765 -75.240850 -77.089760 -71.910642 -69.385229 -73.353958 -76.500394 -73.191472 -71.672500 -74.525690 -75.305744 -74.958515 -76.571530 -74.920153 -77.191529 -76.003344 -77.153319 -73.639774 -78.582785 -77.388550 -74.780476 -75.695194 -73.497671 -73.953065 -73.599084 
-56.397978 -70.336682 -76.316465 -69.621383 -67.385439 -72.950808 -71.774376 -70.406218 -68.410323 -76.099820 -72.151879 -72.310405 -74.795691 -76.703687 -80.588710 -75.528521 -72.399567 -69.669874 -70.794176 -75.648506 -72.816353 -71.169772 -73.041573 -71.671826 -74.548395 -71.448942 -75.817678 -74.581343 -78.107038 -76.278488 -75.414013 -75.982142 -76.011136 -76.678065 -78.586678 -73.977616 -74.377116 -74.774370 -75.444248 -75.524199 
-60.712303 -58.694343 -59.840998 -63.412024 -62.473102 -63.140642 -60.427782 -60.873451 -61.809867 -64.336375 -65.780607 -70.297103 -68.730713 -71.717600 -76.825427 -66.289854 -71.561754 -72.300048 -69.896419 -68.936999 -68.414458 -66.636068 -71.816773 -71.353894 -73.955093 -72.568738 -70.283921 -71.602333 -72.427155 -71.302425 -74.380214 -74.125646 -71.913142 -73.973129 -75.219516 -73.232694 -72.220048 -74.250142 -74.799571 -71.806092 
-32.514398 -38.309573 -43.656370 -45.709891 -41.308909 -36.994052 -38.751330 -39.972541 -43.074144 -48.401451 -49.742676 -55.164519 -56.971174 -54.359760 -52.835511 -49.621572 -57.226138 -64.598898 -56.632260 -53.649932 -57.222587 -55.982400 -61.030348 -63.301211 -63.197916 -62.629326 -65.067676 -70.593169 -67.069199 -65.793101 -67.377044 -65.765020 -66.735646 -68.061803 -68.113779 -68.769512 -68.112123 -67.983538 -67.980856 -68.343647 
-17.894852 -20.825616 -27.707143 -37.775441 -36.143711 -29.154964 -34.287342 -34.203867 -39.517390 -45.041915 -39.633246 -43.760629 -41.116930 -47.280692 -48.192385 -41.087870 -44.160560 -45.465855 -45.877218 -46.151459 -42.623422 -49.555596 -52.603753 -53.935371 -56.902090 -53.816547 -58.976496 -60.900822 -62.351545 -62.614353 -58.533507 -61.369590 -59.591203 -64.894829 -64.842633 -65.433456 -65.379293 -62.312702 -66.898482 -64.285503 
-18.427447 -23.656069 -34.456286 -36.017131 -30.085270 -26.942963 -32.747321 -30.706531 -37.239772 -41.481004 -40.117476 -36.943451 -39.172077 -52.363215 -48.173878 -42.633471 -44.373371 -46.803335 -50.005886 -47.938692 -44.635917 -47.837120 -53.458302 -51.789125 -54.966687 -57.334222 -56.911739 -60.313846 -65.125869 -62.286715 -61.531298 -61.187180 -60.992610 -62.260463 -63.351444 -62.231814 -58.944664 -60.690515 -66.268188 -64.480733 
-21.269899 -28.998422 -29.268994 -33.591658 -35.809236 -37.118730 -28.599777 -30.998953 -34.129244 -41.325381 -39.605741 -36.671995 -34.402766 -38.548169 -41.411944 -38.245242 -42.335139 -51.381978 -42.974718 -40.881137 -40.826235 -48.397584 -53.220830 -47.602922 -50.163225 -63.193172 -65.999670 -71.782762 -70.561651 -63.204827 -59.345148 -60.602308 -68.807501 -62.833204 -65.317302 -56.587904 -51.070504 -56.025365 -65.068248 -54.938442 
-26.373184 -20.535901 -17.749247 -22.505463 -39.646686 -29.541264 -28.794749 -36.067194 -39.717509 -40.773443 -41.234791 -33.613218 -27.117594 -31.872538 -35.506363 -32.781043 -37.490647 -40.135423 -33.623360 -32.493584 -39.954998 -50.119124 -47.941435 -46.656182 -49.250781 -46.984628 -49.637750 -52.828259 -56.933514 -57.846443 -58.663976 -58.666713 -59.346557 -59.884115 -59.878919 -54.067848 -49.437806 -50.551676 -58.456014 -50.962415 
-6.773732 4.678704 10.753999 9.330935 2.507778 1.433270 -0.029356 -10.597756 -11.152337 -16.547645 -20.786422 -21.918664 -20.711746 -18.684373 -17.849112 -15.698137 -20.288789 -24.614117 -22.700791 -23.452297 -28.395677 -33.066402 -36.929546 -38.175860 -37.358891 -37.884461 -43.687489 -50.071865 -65.217364 -68.579150 -70.439515 -71.998653 -73.336967 -74.232250 -76.315306 -58.429652 -44.251982 -39.797435 -59.962135 -50.758828 
-0.243256 16.268160 21.637139 15.184739 16.389385 17.349500 18.039618 15.499274 0.870591 -2.340955 -0.733283 -5.122350 -5.839099 -0.117326 0.763730 5.460291 0.712326 -7.652283 -4.280355 -4.871896 -13.446581 -22.702863 -26.970570 -24.133277 -23.650645 -27.965906 -34.999853 -35.214990 -40.828935 -41.142532 -41.813763 -42.305156 -42.775813 -43.228689 -43.623064 -43.963157 -38.101405 -35.470113 -42.917782 -40.036798 
0.628443 19.438609 23.983845 14.600427 22.723653 19.587085 22.047495 22.270958 7.126686 -0.053136 -0.375215 1.069169 -1.120060 -0.516944 1.600185 5.191169 5.833714 1.795322 -1.761246 -2.123904 -6.348857 -13.534531 -19.014411 -18.823619 -16.208080 -18.645117 -27.193267 -29.247511 -30.100574 -30.995921 -31.508101 -32.061091 -32.529764 -32.967879 -33.381257 -33.754154 -28.557974 -27.623601 -33.208856 -31.788270 
0.530188 19.888449 24.616011 16.939815 24.130474 20.181504 25.079627 23.746635 10.237185 2.461278 -0.462019 2.434971 1.379619 1.804149 -0.399619 4.161979 10.526255 10.374463 0.588796 2.749267 1.472632 -6.068700 -14.198094 -16.207684 -11.778788 -12.725858 -23.214309 -24.982603 -28.929363 -34.100978 -38.269989 -39.001046 -39.612311 -40.002443 -40.487782 -40.294962 -25.992607 -23.380621 -37.982994 -30.870508 
0.309322 19.233099 24.344321 16.570922 23.940081 20.349051 25.312399 24.613131 11.758044 4.737528 -0.493476 1.951971 3.067103 2.796728 0.067013 1.365357 10.254794 13.532000 5.957515 6.061366 3.277181 -3.979923 -14.286428 -17.102269 -12.163471 -12.819934 -21.110861 -22.876397 -24.994242 -28.810134 -31.833096 -32.411458 -32.922086 -33.405446 -33.907724 -33.833305 -25.002190 -24.611482 -33.718388 -26.395042 
-2.204486 17.918053 23.710761 15.245248 23.440028 20.024312 24.570806 24.580920 12.519955 6.838069 1.734749 1.420062 3.027944 1.651334 -0.291172 1.931795 8.288867 12.746098 11.379257 6.754270 4.959439 1.483740 -6.359817 -11.658927 -9.753217 -9.343502 -15.807718 -18.001367 -19.765178 -25.641109 -29.929925 -30.841721 -31.464839 -32.295609 -32.691265 -33.053144 -20.803759 -23.496938 -31.083369 -28.111088 
-2.750313 17.226894 23.111550 14.905322 22.693579 19.881448 23.856510 23.758279 12.326076 9.796788 2.736140 1.176585 2.763622 2.200647 1.124775 3.029837 7.745094 10.647840 9.687952 3.907257 4.030654 2.586136 -2.466055 -8.869337 -8.264462 -6.080305 -10.765558 -16.008965 -17.045044 -23.742851 -27.776770 -28.271517 -28.320648 -29.424368 -29.784369 -30.278757 -24.631070 -26.380741 -27.354381 -24.591214 
-0.105077 17.736146 23.574740 15.552187 22.736242 20.400086 23.071376 22.212053 12.748716 10.213200 1.193906 0.295701 3.699090 1.115658 0.092496 2.117174 7.624279 9.862608 4.426326 0.856014 1.381098 0.791164 -5.537892 -11.676275 -11.952969 -5.578489 -11.046711 -16.995190 -18.437236 -26.562661 -37.134408 -39.195938 -37.949349 -39.785144 -39.767085 -41.572340 -29.985849 -34.464710 -29.178884 -21.372674 
-1.083874 18.112265 23.856884 16.050268 21.900947 18.909332 21.237387 19.367814 9.215113 7.093741 -1.498317 -0.977102 1.627859 -0.694755 -0.311248 2.624432 9.080803 7.440123 -2.224260 -1.049246 0.971563 -1.605280 -8.777449 -17.585200 -18.295639 -9.331591 -12.296145 -16.775591 -17.971910 -29.071579 -40.450587 -43.697145 -45.453365 -46.480659 -46.339569 -47.920058 -37.972135 -40.427877 -34.930835 -30.225153 
-2.209722 18.566912 23.195244 17.457354 18.212166 12.943192 14.244208 10.136728 2.825439 -1.490116 -9.314565 -7.068200 -1.780520 -7.046702 -1.415142 0.698515 1.328410 -1.676458 -9.623939 -6.036087 -4.981436 -8.172727 -19.775064 -25.426591 -26.986652 -20.758358 -26.504236 -26.542855 -22.857569 -31.131426 -36.832128 -38.257921 -38.839944 -39.287069 -39.987957 -40.509857 -38.939819 -39.649204 -37.870262 -35.140080 
-1.795054 19.154972 26.054663 17.985399 16.676437 15.195353 1.799950 0.907866 -4.359962 -6.644337 -16.409986 -15.206284 -14.945913 -15.709367 -12.667805 -11.244134 -13.370055 -9.167790 -15.706225 -13.898453 -14.368356 -13.571833 -20.922406 -26.565747 -28.994696 -25.059621 -28.630852 -28.277023 -26.402484 -28.770773 -30.299632 -32.225953 -33.046852 -33.313669 -34.100900 -34.564867 -34.698290 -34.965464 -34.780081 -34.576684 
-1.984740 19.228520 26.345093 17.411503 18.071920 17.265552 1.864937 -0.360457 -8.388016 -9.882516 -15.475487 -16.363778 -17.723328 -14.620809 -11.034470 -10.539651 -15.857407 -13.902801 -16.957940 -15.253806 -14.694668 -12.858790 -16.620972 -27.530429 -29.584539 -25.056250 -25.960375 -27.339228 -24.574937 -27.140639 -28.225547 -32.014238 -34.163326 -34.511880 -35.095291 -35.446797 -35.642303 -35.786902 -35.996890 -36.136014 
-2.625333 18.927691 26.719850 18.720230 18.178623 17.786635 1.464614 0.830188 -11.098607 -12.845450 -17.262792 -18.353593 -19.429092 -18.098242 -14.891222 -10.562100 -15.331204 -13.645562 -16.666846 -15.330505 -14.363811 -16.785689 -16.146947 -23.579505 -30.240678 -28.504565 -28.290620 -30.082005 -25.594831 -28.466911 -27.529419 -30.298896 -35.338288 -35.664201 -36.648593 -37.145124 -37.388848 -37.230841 -37.717071 -37.883031 
-4.396843 18.939269 26.978123 18.972657 17.910570 18.199008 0.299597 -0.059084 -14.376722 -15.260501 -19.745846 -19.819025 -19.741285 -19.412782 -15.281399 -11.023732 -20.289310 -15.220207 -19.191270 -19.752186 -17.246207 -14.948152 -16.922557 -20.113212 -32.337185 -30.434900 -26.870638 -29.356578 -28.003192 -33.374224 -32.548112 -32.489919 -38.650534 -40.227696 -41.357588 -41.741367 -41.990628 -41.264894 -41.749796 -42.255561 
-5.203823 18.848056 27.361886 19.828717 17.759661 19.316021 3.094389 0.700279 -11.819295 -16.628908 -19.686565 -20.356940 -17.476776 -17.006392 -16.317178 -14.247212 -14.314753 -14.405307 -19.638176 -19.417243 -15.630345 -14.434366 -15.781536 -17.938041 -27.009906 -30.322774 -30.178065 -31.430844 -31.197952 -33.724493 -32.097459 -31.257157 -36.096187 -37.612550 -38.108405 -38.473685 -38.704045 -38.051596 -38.489674 -39.059774 
-5.147329 18.738564 27.481435 20.146331 17.826306 19.579113 3.061167 1.309588 -15.435526 -18.134329 -22.188207 -21.074865 -16.894265 -18.119101 -19.398109 -18.565996 -13.581576 -17.221555 -20.064563 -19.786187 -17.511499 -18.627474 -19.501575 -16.866817 -28.938840 -28.886645 -29.139081 -33.068207 -35.100465 -33.494546 -32.579661 -32.450713 -44.885650 -43.534769 -50.465252 -51.329920 -49.992679 -43.744357 -45.122546 -43.946885 
-6.750947 18.246201 27.314100 20.379521 16.866430 19.644771 3.442393 2.195826 -8.860777 -14.052590 -18.598417 -16.077318 -15.235420 -14.470162 -14.921584 -14.902429 -11.832688 -15.478475 -16.742137 -18.618102 -17.888477 -19.158023 -18.032547 -17.286510 -25.462972 -25.493954 -28.472193 -30.643164 -29.386094 -29.415652 -28.856633 -28.322489 -32.588708 -33.631467 -34.335486 -34.623594 -34.874937 -34.485005 -35.112932 -35.143413 
-5.765020 17.346131 26.849329 19.891206 16.221336 19.682006 2.793838 2.627209 -8.282648 -11.716095 -15.720339 -13.241893 -15.800182 -13.970002 -13.063220 -13.989228 -12.587019 -13.410195 -14.710741 -15.140264 -18.652528 -18.530029 -18.715937 -18.164546 -26.667026 -29.691222 -29.603103 -30.271241 -30.758671 -27.949323 -26.287182 -25.910048 -32.697507 -35.080950 -35.928474 -35.889394 -36.434772 -36.080758 -36.721168 -36.727335 
-5.229705 17.078964 26.671940 20.620708 17.369088 21.829804 11.992247 4.876856 3.534838 1.675073 -2.194328 -2.781023 -1.427955 0.687918 -1.159078 -8.160063 -9.673989 -11.834843 -14.199429 -15.886916 -16.993585 -14.722932 -19.905442 -20.281917 -22.283374 -22.290517 -18.288151 -21.230388 -28.268596 -23.956375 -19.843756 -24.477806 -27.839961 -28.692803 -29.200276 -29.600671 -29.810718 -28.744016 -30.967805 -32.702363 
-13.068924 14.403321 25.552664 20.427307 12.373754 22.356610 15.133839 16.054083 15.183737 17.673767 12.440883 12.124004 7.742184 10.323458 10.063337 -1.133279 -2.818271 -5.167927 -8.549476 -11.318214 -12.718641 -10.706762 -19.423093 -22.709166 -12.331474 -17.755366 -13.262393 -17.476321 -29.840824 -24.263365 -20.757563 -23.100415 -29.270744 -29.301063 -30.232124 -29.774443 -28.014675 -26.748221 -32.111467 -36.245709 
-13.874153 13.095547 24.376780 19.190735 14.210547 21.971925 11.827630 18.598366 15.197634 21.401776 16.597378 14.675348 8.502873 9.315924 13.901868 7.122716 -4.240199 -4.294937 -7.333411 -11.124072 -15.011346 -14.186172 -23.480005 -26.636769 -14.571816 -17.383663 -15.162105 -15.065627 -27.359214 -25.008210 -21.204013 -24.288009 -26.535007 -27.680878 -37.599993 -40.150468 -30.997726 -23.486652 -32.066655 -35.191398 
-10.133933 11.414622 23.367645 19.764063 10.294555 21.412433 13.800929 16.481926 15.019517 20.961304 20.512685 15.491295 11.068955 10.462604 15.884965 11.260015 -4.929868 -6.242604 -10.770036 -15.153131 -13.115727 -18.658546 -31.504442 -25.145899 -11.604363 -14.457935 -15.557683 -11.860124 -26.334635 -24.939627 -19.277453 -23.625699 -20.190758 -23.367078 -39.337424 -46.363279 -30.141982 -18.357031 -26.925745 -32.225803 
-13.680058 9.251866 22.392275 19.827188 6.178228 19.660027 14.424628 14.397968 17.711121 18.476838 23.476264 14.380027 14.666763 15.788704 13.069069 7.102261 -2.663314 -9.080425 -13.090967 -15.240197 -14.006989 -19.394877 -24.537755 -20.906866 -11.153124 -14.316431 -16.375382 -13.279350 -19.348006 -22.170780 -20.158837 -21.302048 -14.768047 -20.806484 -31.435672 -33.622709 -29.193150 -19.796441 -23.405402 -28.143973 
-11.061067 5.618753 20.371591 19.654594 3.626699 18.214015 15.521292 12.699545 19.510320 15.476484 23.849921 13.390793 16.375324 18.147858 15.469819 -3.089652 -6.564606 -9.683400 -14.936294 -16.254287 -17.602974 -23.085964 -23.144785 -23.670249 -14.708247 -14.180743 -22.224973 -17.301688 -17.497400 -22.474393 -22.127813 -23.218359 -16.657745 -20.128758 -36.153715 -42.369834 -32.562699 -18.820997 -23.483090 -28.791986 
-19.202907 2.605152 19.426739 19.685258 3.130445 17.159382 16.349363 12.289658 21.626594 12.926667 21.793066 11.435749 15.469165 15.664110 15.477751 -0.729117 -9.798843 -10.150521 -15.733657 -17.338023 -20.296448 -22.537251 -21.222857 -20.169550 -12.765262 -17.601543 -15.813075 -16.685969 -18.445772 -22.105434 -20.482642 -19.506559 -16.988160 -22.958797 -30.487299 -30.918355 -28.902026 -21.759040 -26.252981 -28.860570 
-25.285521 3.121960 19.483709 19.792698 4.737967 18.103265 16.910741 13.481504 22.801158 9.386048 18.483872 10.137722 16.698899 13.764747 15.241728 -1.163414 -7.737521 -12.059602 -16.374098 -18.695866 -21.457184 -23.045301 -20.915876 -18.462280 -11.601975 -18.587293 -16.520980 -15.905039 -21.060166 -24.065701 -21.951052 -17.817068 -17.764282 -22.899775 -31.165312 -30.763416 -28.544843 -18.662216 -25.533236 -30.178128 
-15.214672 4.171094 19.073926 18.592043 5.008119 18.206707 14.995231 15.792925 22.885169 11.270380 17.191653 9.857375 16.332363 13.098038 11.987132 -4.385949 -9.726653 -14.979149 -18.670417 -18.489449 -21.308747 -28.241701 -22.122046 -16.009896 -9.041406 -16.621377 -16.980750 -12.011786 -18.154074 -21.400810 -18.911417 -15.946535 -20.914158 -24.479353 -39.473178 -39.854520 -36.177976 -20.067347 -25.715913 -35.244909 
-19.865597 5.368381 18.970192 16.348548 7.578916 18.662654 12.247203 20.937677 20.564528 12.561265 14.503198 12.110467 12.296383 13.476659 5.596120 -7.184267 -10.971015 -13.326787 -17.979568 -22.779766 -23.751039 -23.791652 -24.658508 -13.535202 -12.477160 -20.416041 -15.211102 -12.483362 -20.340842 -22.078341 -19.679238 -20.390827 -23.238779 -27.411897 -37.993729 -39.681867 -35.781076 -21.359936 -26.799674 -35.765575 
-10.242656 8.475754 18.810968 13.489544 12.468257 18.474068 14.902596 24.329431 16.441387 14.896610 9.377511 11.149706 9.386841 11.157967 -2.545813 -8.191544 -15.127936 -17.573978 -20.586731 -24.349512 -25.367777 -24.215506 -20.499458 -16.201714 -17.919189 -19.674544 -18.011414 -17.993527 -22.635881 -26.233891 -23.425732 -19.887677 -26.572229 -26.365156 -33.615775 -34.769813 -33.732071 -22.943513 -27.375823 -34.621448 
-11.094748 9.897316 17.441114 10.601637 14.760493 15.319562 17.431137 22.805840 13.254770 12.310388 4.710578 7.490469 12.570508 5.245455 -7.978612 -12.917754 -18.328337 -19.718683 -23.276789 -25.710522 -26.367130 -26.025903 -20.696805 -17.574803 -20.342973 -23.403915 -17.593581 -18.885209 -24.621569 -30.670277 -29.229922 -24.989185 -29.395936 -29.456236 -36.026187 -36.784923 -35.450664 -23.698742 -27.806518 -36.817183 
-5.856204 10.418612 14.937254 9.271323 15.290068 12.277348 17.154875 13.131620 1.855282 0.568148 -0.641144 1.762518 6.700262 7.216367 -9.593026 -17.952741 -22.118017 -27.518962 -28.217184 -30.407942 -30.500424 -27.394156 -18.619560 -16.172502 -26.286296 -25.753442 -16.858924 -17.879250 -23.730743 -31.054037 -36.894793 -32.742257 -35.864495 -36.839839 -45.941854 -47.976328 -42.757904 -27.861218 -32.286957 -44.978397 
-2.640996 11.376943 12.068615 10.418101 12.716250 11.365120 13.006100 4.404451 -0.275219 1.289848 -4.463169 -1.442403 2.202270 3.489726 -3.669711 -17.571509 -22.835041 -28.439750 -34.326827 -38.877460 -35.578478 -26.475215 -16.817029 -19.659683 -31.783278 -27.187794 -19.939367 -20.865700 -24.525734 -29.167785 -44.706356 -39.706652 -40.037139 -43.980349 -47.686249 -49.954621 -44.665398 -32.015924 -38.138159 -46.825828 
-4.330034 10.070070 9.712213 11.113043 9.958840 11.324147 8.264492 5.035051 0.457910 -2.527132 -17.265119 -11.963191 -9.133358 -3.192309 -1.522083 -11.757047 -21.548267 -28.584505 -34.251713 -34.480110 -34.655253 -21.550857 -13.415444 -23.983601 -31.767741 -26.169049 -21.181863 -25.454815 -23.763095 -31.274447 -53.940896 -45.173331 -48.171128 -47.295393 -48.354919 -60.284617 -52.436574 -32.866775 -37.585547 -51.210612 
-0.430514 8.983232 7.824277 9.414343 6.553206 6.917258 5.055953 2.937939 -8.297036 -14.870979 -16.221426 -16.294369 -16.953564 -12.202200 -8.596994 -11.247523 -21.258709 -27.165529 -31.769571 -32.864755 -33.043343 -25.571149 -20.261476 -27.131890 -37.042260 -32.706436 -30.505308 -33.032898 -26.349978 -31.151671 -43.232864 -42.750399 -43.958184 -41.904844 -42.128213 -45.168723 -44.333964 -30.491740 -37.609999 -45.998600 
-2.799360 6.529367 6.114173 4.803128 0.123987 -1.967518 4.134854 -3.588435 -16.419007 -18.470747 -20.159745 -21.899105 -23.824678 -21.865457 -12.314909 -14.898544 -20.372475 -23.949517 -32.319169 -36.907282 -38.594231 -34.776022 -28.669135 -32.525436 -41.507928 -41.643910 -38.501648 -37.579546 -34.478150 -37.439924 -44.176998 -44.407412 -45.135623 -44.819101 -42.174816 -45.894060 -46.187869 -36.480575 -40.685632 -47.052483 
-4.997369 2.767033 1.744647 -0.094242 -10.009309 -10.873985 -9.264560 -18.006992 -27.763007 -30.744128 -35.400836 -31.552398 -35.537399 -32.930837 -25.155840 -21.491274 -28.301307 -39.044750 -41.960943 -41.374930 -40.405172 -37.604794 -36.347366 -41.686993 -46.759299 -48.965797 -46.791792 -46.622102 -47.151393 -46.720196 -52.619552 -52.655135 -53.425124 -52.231097 -50.424332 -54.206734 -54.738298 -48.033818 -52.345483 -55.444356 
-4.163646 -3.246933 -4.678880 -2.962611 -13.062164 -30.904716 -28.199596 -21.847856 -31.752373 -46.937084 -42.277529 -40.609007 -43.496719 -45.882370 -38.948737 -35.532818 -39.792411 -47.255456 -51.452424 -55.424399 -49.666790 -49.209081 -50.522356 -54.377030 -58.779832 -58.832755 -56.514894 -57.762432 -53.493815 -53.213095 -60.084860 -61.113628 -60.659671 -58.061367 -59.740879 -63.698937 -63.701006 -52.264040 -57.557363 -63.950916 
-22.858533 -17.868943 -11.919599 -14.742293 -24.660133 -28.095150 -25.919030 -29.948050 -29.799617 -36.965335 -42.167303 -44.530645 -45.945450 -46.389658 -39.267776 -39.219734 -40.774489 -52.479013 -54.884496 -54.154659 -51.618662 -48.908751 -51.974566 -58.338882 -68.400935 -66.336300 -61.785932 -60.688250 -60.159647 -62.807226 -67.441478 -67.886871 -65.588172 -61.509769 -64.016079 -68.102208 -71.210246 -59.057579 -64.066330 -69.040592 
-15.629450 -27.671152 -30.581053 -30.818025 -37.010897 -34.420423 -31.164647 -34.396954 -38.011715 -41.027796 -49.327904 -47.891860 -44.790230 -46.697724 -41.607773 -46.084957 -46.762010 -57.460951 -52.984505 -59.044324 -56.631302 -54.994238 -59.704482 -57.515553 -66.889844 -68.009936 -65.044008 -65.859789 -67.215977 -65.720390 -71.031083 -70.268610 -69.976496 -66.302782 -68.542807 -65.773731 -72.655880 -67.141156 -68.939400 -69.680980 
-23.001090 -31.878241 -37.037375 -38.186233 -43.791549 -44.986685 -44.602621 -38.969097 -44.456922 -45.969819 -48.150651 -48.161523 -49.589785 -47.586190 -47.061552 -45.928789 -47.036606 -60.107105 -56.862332 -62.103461 -59.416508 -58.440791 -63.848032 -65.170792 -70.685623 -68.519464 -63.379854 -60.974392 -63.994618 -69.759727 -70.318711 -68.419035 -69.943326 -67.960166 -70.610579 -65.345275 -69.780426 -68.996286 -70.650810 -69.759361 
-20.648151 -34.112270 -47.767617 -47.009482 -45.280279 -47.866566 -56.930680 -51.131165 -43.268177 -40.091076 -44.826929 -51.209852 -52.777383 -54.358764 -54.500258 -44.431397 -42.326950 -53.949203 -57.056377 -61.198931 -63.480054 -65.519581 -65.849363 -65.666768 -70.689975 -73.706575 -65.039231 -63.851806 -63.890179 -65.951431 -70.538317 -65.471709 -71.640996 -72.880308 -71.467245 -66.488953 -71.372722 -73.504593 -73.621463 -72.525590 
-28.873768 -50.672692 -54.107708 -45.824863 -45.594800 -47.714762 -50.374929 -45.853262 -42.993888 -54.224923 -58.628730 -60.727511 -55.959547 -54.954816 -50.572300 -43.524734 -45.666697 -48.875667 -52.556074 -57.617110 -58.715362 -59.455970 -60.636614 -60.772719 -57.292879 -61.720531 -61.514484 -60.694161 -54.613518 -58.189630 -64.519358 -64.760355 -66.678738 -67.113416 -66.309076 -67.360733 -68.506070 -65.941443 -66.878078 -68.521441 
-23.880181 -28.538032 -27.460629 -25.378575 -24.245570 -22.199920 -21.652994 -22.130369 -21.084960 -21.117479 -26.553613 -22.425766 -22.160386 -23.009189 -21.030792 -20.350811 -19.197348 -18.376042 -18.614476 -18.179340 -18.679480 -17.937122 -18.156614 -18.174476 -17.338650 -18.109837 -17.039681 -15.651304 -17.766506 -20.812336 -25.279880 -28.244090 -28.042176 -30.376440 -35.643989 -38.500230 -36.488273 -37.807944 -42.315260 -43.292894 
-16.164086 -12.183411 -10.833253 -13.525387 -14.391598 -10.589425 -7.927950 -15.409044 -9.751951 -11.871272 -12.953206 -13.358914 -14.986252 -18.003382 -14.549545 -15.282461 -14.091896 -13.614028 -8.580541 -9.248408 -12.541857 -13.006396 -13.172013 -13.680979 -11.822188 -12.657130 -11.700844 -8.895619 -6.937727 -12.926514 -17.573652 -19.795873 -21.024427 -21.739645 -23.458370 -24.449295 -22.825758 -25.808770 -26.040927 -30.808593 
-11.117001 -4.358383 -4.859504 -11.397091 -9.191018 -3.583622 -1.981286 -3.439716 -7.907297 -13.191167 -11.510134 -12.614012 -10.501346 -13.298670 -12.326594 -12.071652 -12.681665 -18.157676 -3.152621 -8.835502 -14.912436 -12.261235 -8.508342 -16.617718 -14.733970 -13.622949 -8.587806 -4.828967 -6.088454 -12.625696 -13.907315 -12.467427 -14.010581 -18.131501 -21.263694 -20.729708 -16.810924 -17.350352 -20.189681 -24.489554 
-9.953508 -9.720073 -14.862234 -26.401111 -20.591765 -19.240639 -17.076752 -15.799656 -21.828959 -22.155227 -28.258323 -30.177051 -22.624020 -25.517271 -30.776221 -31.245429 -23.933917 -21.992484 -7.484443 -14.996105 -20.095072 -15.625325 -17.213759 -18.185490 -18.012728 -13.934074 -13.325677 -5.403188 -4.582999 -9.316543 -13.298695 -14.091133 -16.233714 -16.922640 -14.136611 -21.720414 -16.151309 -20.633806 -22.305166 -22.397768 
-18.204224 -29.348514 -25.015498 -30.178770 -35.426196 -27.195043 -19.597208 -15.819193 -19.722393 -23.670326 -29.896458 -28.926480 -28.572194 -28.270192 -31.928584 -29.496154 -32.261701 -25.345845 -10.689815 -14.459530 -19.625527 -16.793026 -13.143841 -20.191341 -21.135854 -17.769411 -10.816323 -5.545819 -7.538731 -11.901071 -15.375362 -18.837062 -21.542660 -20.028170 -18.062147 -21.355852 -21.151959 -22.320660 -23.627432 -27.073589 
-20.590785 -22.423189 -21.431565 -29.652595 -35.369257 -32.362048 -21.085931 -21.405762 -18.031793 -22.747935 -27.368194 -32.439321 -31.571085 -30.171150 -26.629400 -28.529584 -30.994462 -19.826281 -6.778109 -13.355114 -18.317919 -17.119564 -14.721960 -21.537059 -23.635275 -21.098780 -15.770319 -8.909862 -12.615862 -18.060930 -20.498739 -22.492391 -23.980794 -22.117078 -21.638184 -20.087173 -21.091620 -22.231681 -24.787582 -29.520798 
-25.644461 -20.739395 -23.204400 -30.058642 -32.024963 -29.353921 -19.969491 -13.317020 -23.804613 -17.317812 -22.773479 -22.064990 -28.589972 -25.321082 -30.501886 -31.364222 -30.038370 -20.673066 -14.229350 -18.202712 -23.657395 -17.321742 -17.176553 -24.341139 -28.007079 -27.141346 -16.688218 -10.240883 -16.340417 -25.802954 -25.489280 -25.217774 -21.826593 -22.983137 -25.277315 -24.233714 -24.254169 -25.640462 -27.362256 -32.366558 
-30.676937 -22.152535 -25.393816 -31.206372 -28.691023 -25.591699 -20.690324 -16.755578 -19.715974 -24.204526 -24.235607 -23.529396 -27.678061 -31.859188 -31.008018 -33.714251 -28.074353 -20.789935 -15.178402 -25.636649 -23.520790 -16.513895 -17.091619 -22.261791 -25.523007 -33.264788 -21.973950 -14.471816 -19.651605 -28.813698 -28.234934 -26.962786 -27.646700 -28.366685 -30.447755 -31.438995 -31.485088 -32.431853 -34.589724 -40.144224 
-23.020963 -21.238187 -25.409324 -21.062950 -21.563866 -25.998335 -30.107912 -28.067886 -27.304343 -34.978353 -32.992592 -28.615878 -26.504614 -28.637429 -30.851422 -38.014537 -29.148327 -20.788001 -13.949946 -26.416712 -30.506907 -25.858536 -27.311131 -31.633005 -37.237259 -39.183652 -28.530651 -24.244624 -28.584801 -34.335762 -34.584100 -35.563281 -35.254437 -36.136325 -36.789049 -38.736468 -38.067214 -41.104398 -42.388492 -45.319543 
-25.108165 -21.851430 -18.723116 -19.025796 -21.534222 -26.638445 -25.387647 -20.024641 -23.435171 -29.967720 -33.989771 -25.164742 -31.277106 -35.797543 -33.263610 -35.443937 -35.328921 -27.938522 -20.191621 -32.961491 -36.047504 -28.076221 -29.643268 -35.703015 -46.576537 -42.606360 -29.836976 -26.269533 -34.100111 -35.912286 -36.887064 -37.643954 -40.714115 -46.818532 -44.089620 -44.970299 -42.185174 -43.391232 -48.535453 -50.708156 
-32.245427 -23.242708 -24.656104 -22.070172 -27.059983 -33.914699 -35.119952 -29.167814 -33.833597 -39.524261 -32.943796 -28.188875 -32.530004 -41.779476 -47.716182 -41.358378 -38.517521 -31.078406 -27.699964 -42.115143 -43.263800 -38.958931 -38.148403 -45.283925 -47.973853 -46.006422 -39.091147 -36.712215 -43.713974 -46.046707 -50.156531 -49.271142 -47.410376 -49.042473 -48.885859 -54.532222 -51.570674 -54.981323 -54.785757 -57.323922 
-20.204175 -24.158335 -34.705383 -32.624544 -42.263274 -43.593997 -45.658291 -40.721936 -36.067215 -41.043974 -37.000992 -31.383191 -31.390501 -45.399593 -48.398521 -51.597387 -44.340775 -37.140772 -31.841904 -44.979895 -48.516814 -44.907105 -49.444488 -56.243804 -57.199142 -57.757671 -51.318639 -47.498153 -50.732736 -52.002548 -56.653761 -55.191429 -55.160397 -55.640322 -53.984028 -58.609941 -61.289596 -58.929175 -62.500537 -64.399045 
-17.523021 -20.959203 -33.633734 -41.618095 -43.087443 -43.187824 -45.134115 -44.866488 -37.174817 -43.393465 -43.704311 -38.426510 -38.979632 -45.198690 -49.903928 -46.142868 -44.070828 -41.233145 -40.830851 -55.141186 -53.730699 -51.731302 -52.035132 -56.429501 -59.794033 -61.641765 -55.632412 -55.912723 -56.961869 -59.114274 -61.592150 -61.433419 -60.421939 -62.082715 -62.773271 -66.919025 -69.320815 -65.472810 -69.463277 -70.126023 
-27.660862 -29.155926 -30.359157 -39.719461 -45.280274 -44.554731 -51.662803 -45.841532 -50.374086 -56.462565 -54.997350 -49.608534 -52.021816 -47.771708 -49.450251 -55.686103 -58.647382 -49.277678 -47.855681 -57.577595 -55.852787 -58.952205 -57.836628 -57.862936 -62.117210 -64.482469 -60.420274 -57.525314 -61.839371 -61.995083 -61.475394 -63.657921 -66.943540 -65.720520 -77.502665 -74.378867 -77.870928 -69.952934 -71.492807 -71.108957 
-44.627619 -47.286010 -50.700920 -53.016755 -54.955539 -57.835347 -57.484932 -56.628918 -59.371391 -64.640883 -69.035801 -66.276089 -62.147721 -63.786911 -63.498619 -66.033342 -63.600336 -57.320402 -58.241599 -65.943280 -67.972780 -63.441997 -65.117623 -69.072594 -70.406978 -71.393611 -69.976518 -67.731444 -69.865034 -69.984931 -68.996979 -71.426532 -71.316671 -71.044236 -74.164439 -71.735542 -74.350742 -72.705250 -70.994805 -72.529943 
-57.811445 -69.834748 -70.989900 -69.167525 -70.754237 -69.757903 -68.181215 -74.332428 -75.641245 -69.902268 -69.691799 -76.799667 -79.155582 -70.631297 -70.796881 -74.514007 -71.268770 -70.543401 -67.373162 -72.740802 -75.052152 -69.373749 -75.256522 -75.131178 -73.140771 -72.523571 -71.706808 -72.201173 -73.912481 -76.013650 -74.378129 -72.074411 -75.454378 -73.601967 -74.111122 -72.638122 -72.509790 -76.384378 -75.043538 -75.823910 
-56.124942 -72.719564 -70.229783 -66.496851 -72.046671 -72.034560 -68.815633 -72.777607 -74.145415 -67.331292 -68.791548 -74.942531 -74.024855 -71.034120 -75.154777 -70.906606 -70.979680 -71.183284 -75.516667 -74.861405 -70.342739 -72.174708 -73.156583 -72.825973 -73.124480 -71.588459 -71.411796 -72.931824 -72.908977 -74.604263 -73.288889 -76.357507 -73.771458 -73.933116 -71.403780 -71.675752 -71.810076 -74.314026 -75.152849 -77.406867 
-56.501231 -72.614502 -74.701168 -78.495527 -78.871303 -78.188669 -76.559141 -74.324640 -70.599227 -71.106884 -68.418345 -74.726749 -73.661515 -74.484065 -76.866320 -71.859620 -78.149016 -76.355825 -72.777704 -72.744708 -71.313346 -76.685734 -72.058818 -74.741276 -76.056432 -75.279155 -73.600107 -73.812549 -71.781100 -74.721408 -71.126570 -72.949714 -70.899152 -74.048044 -74.781052 -71.991121 -73.520934 -75.804296 -73.952166 -75.216986 
-58.605836 -80.079011 -75.201304 -72.481729 -75.532886 -72.755514 -74.161311 -70.912953 -73.409129 -70.774920 -74.402437 -72.827678 -72.028741 -72.608971 -76.398876 -72.086808 -71.386585 -70.585580 -74.404353 -79.135517 -77.222502 -75.670149 -75.658052 -71.894233 -70.757613 -71.107564 -72.672168 -74.821456 -75.620317 -75.493309 -73.654021 -75.582019 -73.825150 -72.648199 -74.884675 -73.071030 -73.579348 -73.993194 -74.842318 -76.193775 
-58.584487 -78.124774 -76.154938 -71.497198 -75.566993 -77.554590 -81.234791 -77.869588 -81.728243 -75.650431 -72.366935 -71.143229 -73.640865 -72.319024 -76.774971 -76.191861 -72.880484 -71.412541 -76.208044 -75.466987 -76.967625 -73.945212 -80.888384 -78.924615 -75.851148 -73.224067 -77.063753 -74.555987 -72.700046 -76.082703 -75.245075 -73.653772 -76.665918 -74.966536 -77.145066 -77.147391 -75.239098 -72.719079 -73.377191 -76.725647 
-56.825315 -80.480859 -85.928804 -74.782448 -72.275400 -71.221954 -71.730743 -73.196891 -68.936314 -67.661358 -70.121176 -80.234332 -80.962062 -75.822270 -78.642314 -74.939119 -69.647973 -70.352639 -76.157545 -77.778803 -79.629999 -77.256593 -81.977467 -75.763113 -76.457652 -71.897378 -77.668684 -74.762715 -74.421684 -77.114137 -75.605342 -74.043808 -76.077382 -75.312467 -74.589865 -75.132300 -77.871220 -77.069131 -75.245953 -75.519781 
-57.890678 -79.111311 -81.055036 -74.585375 -72.553692 -70.514451 -69.953554 -76.517877 -73.605930 -71.892540 -72.505383 -72.827667 -72.798365 -72.186167 -72.984469 -71.310039 -69.667244 -76.873728 -74.884679 -70.286903 -74.380730 -75.900200 -76.514971 -74.518795 -75.478724 -75.015612 -74.852581 -75.658866 -75.331855 -73.868445 -75.775917 -75.102730 -78.726075 -75.633298 -73.388869 -74.249695 -75.105771 -74.156856 -73.705007 -79.004718 
-55.004305 -66.434713 -69.716846 -74.252026 -71.056799 -78.778750 -77.379756 -71.126649 -74.232027 -81.589749 -69.713708 -68.922220 -73.831731 -70.399610 -68.948339 -70.074238 -74.409243 -75.593187 -74.058034 -72.084180 -76.476629 -71.892009 -77.073744 -75.635111 -75.618149 -72.161124 -70.129318 -75.646453 -72.378558 -72.016046 -74.671038 -73.102316 -77.720046 -74.826739 -73.519323 -73.075247 -74.291310 -75.105295 -74.622521 -77.763330 
-59.878125 -64.036818 -68.877653 -73.715091 -79.113411 -81.114189 -75.876652 -73.041501 -75.000058 -83.168183 -76.835924 -78.165079 -82.477415 -78.681860 -74.214778 -75.844968 -76.155280 -78.458401 -85.450426 -78.257401 -75.193080 -74.026224 -80.063293 -75.458326 -77.542028 -82.877387 -78.032745 -82.667640 -75.581758 -82.330501 -80.898601 -76.628570 -79.866626 -78.821591 -85.504159 -80.295567 -81.015352 -84.188311 -82.878177 -84.388581 
-115.468258 -115.467154 -115.465349 -115.462398 -115.458567 -115.453527 -115.447850 -115.441287 -115.433730 -115.426290 -115.419252 -115.413122 -115.408909 -115.407243 -115.408765 -115.413781 -115.422306 -115.433390 -115.445564 -115.456515 -115.463734 -115.464850 -115.458749 -115.446143 -115.430168 -115.416090 -115.409683 -115.415360 -115.433383 -115.457004 -115.471170 -115.459177 -115.421420 -115.391692 -115.418384 -115.484987 -115.472525 -115.406901 -115.930841 -118.319858 
NaN NaN NaN NaN NaN NaN NaN NaN NaN NaN NaN NaN NaN NaN NaN NaN NaN NaN NaN NaN NaN NaN NaN NaN NaN NaN NaN NaN NaN NaN NaN NaN NaN NaN NaN NaN NaN NaN NaN NaN 
NaN NaN NaN NaN NaN NaN NaN NaN NaN NaN NaN NaN NaN NaN NaN NaN NaN NaN NaN NaN NaN NaN NaN NaN NaN NaN NaN NaN NaN NaN NaN NaN NaN NaN NaN NaN NaN NaN NaN NaN 
NaN NaN NaN NaN NaN NaN NaN NaN NaN NaN NaN NaN NaN NaN NaN NaN NaN NaN NaN NaN NaN NaN NaN NaN NaN NaN NaN NaN NaN NaN NaN NaN NaN NaN NaN NaN NaN NaN NaN NaN 
NaN NaN NaN NaN NaN NaN NaN NaN NaN NaN NaN NaN NaN NaN NaN NaN NaN NaN NaN NaN NaN NaN NaN NaN NaN NaN NaN NaN NaN NaN NaN NaN NaN NaN NaN NaN NaN NaN NaN NaN 
NaN NaN NaN NaN NaN NaN NaN NaN NaN NaN NaN NaN NaN NaN NaN NaN NaN NaN NaN NaN NaN NaN NaN NaN NaN NaN NaN NaN NaN NaN NaN NaN NaN NaN NaN NaN NaN NaN NaN NaN 
NaN NaN NaN NaN NaN NaN NaN NaN NaN NaN NaN NaN NaN NaN NaN NaN NaN NaN NaN NaN NaN NaN NaN NaN NaN NaN NaN NaN NaN NaN NaN NaN NaN NaN NaN NaN NaN NaN NaN NaN 
NaN NaN NaN NaN NaN NaN NaN NaN NaN NaN NaN NaN NaN NaN NaN NaN NaN NaN NaN NaN NaN NaN NaN NaN NaN NaN NaN NaN NaN NaN NaN NaN NaN NaN NaN NaN NaN NaN NaN NaN 
NaN NaN NaN NaN NaN NaN NaN NaN NaN NaN NaN NaN NaN NaN NaN NaN NaN NaN NaN NaN NaN NaN NaN NaN NaN NaN NaN NaN NaN NaN NaN NaN NaN NaN NaN NaN NaN NaN NaN NaN 
NaN NaN NaN NaN NaN NaN NaN NaN NaN NaN NaN NaN NaN NaN NaN NaN NaN NaN NaN NaN NaN NaN NaN NaN NaN NaN NaN NaN NaN NaN NaN NaN NaN NaN NaN NaN NaN NaN NaN NaN 
NaN NaN NaN NaN NaN NaN NaN NaN NaN NaN NaN NaN NaN NaN NaN NaN NaN NaN NaN NaN NaN NaN NaN NaN NaN NaN NaN NaN NaN NaN NaN NaN NaN NaN NaN NaN NaN NaN NaN NaN 
NaN NaN NaN NaN NaN NaN NaN NaN NaN NaN NaN NaN NaN NaN NaN NaN NaN NaN NaN NaN NaN NaN NaN NaN NaN NaN NaN NaN NaN NaN NaN NaN NaN NaN NaN NaN NaN NaN NaN NaN 
NaN NaN NaN NaN NaN NaN NaN NaN NaN NaN NaN NaN NaN NaN NaN NaN NaN NaN NaN NaN NaN NaN NaN NaN NaN NaN NaN NaN NaN NaN NaN NaN NaN NaN NaN NaN NaN NaN NaN NaN 
NaN NaN NaN NaN NaN NaN NaN NaN NaN NaN NaN NaN NaN NaN NaN NaN NaN NaN NaN NaN NaN NaN NaN NaN NaN NaN NaN NaN NaN NaN NaN NaN NaN NaN NaN NaN NaN NaN NaN NaN 
NaN NaN NaN NaN NaN NaN NaN NaN NaN NaN NaN NaN NaN NaN NaN NaN NaN NaN NaN NaN NaN NaN NaN NaN NaN NaN NaN NaN NaN NaN NaN NaN NaN NaN NaN NaN NaN NaN NaN NaN 
NaN NaN NaN NaN NaN NaN NaN NaN NaN NaN NaN NaN NaN NaN NaN NaN NaN NaN NaN NaN NaN NaN NaN NaN NaN NaN NaN NaN NaN NaN NaN NaN NaN NaN NaN NaN NaN NaN NaN NaN 
NaN NaN NaN NaN NaN NaN NaN NaN NaN NaN NaN NaN NaN NaN NaN NaN NaN NaN NaN NaN NaN NaN NaN NaN NaN NaN NaN NaN NaN NaN NaN NaN NaN NaN NaN NaN NaN NaN NaN NaN 
NaN NaN NaN NaN NaN NaN NaN NaN NaN NaN NaN NaN NaN NaN NaN NaN NaN NaN NaN NaN NaN NaN NaN NaN NaN NaN NaN NaN NaN NaN NaN NaN NaN NaN NaN NaN NaN NaN NaN NaN 
NaN NaN NaN NaN NaN NaN NaN NaN NaN NaN NaN NaN NaN NaN NaN NaN NaN NaN NaN NaN NaN NaN NaN NaN NaN NaN NaN NaN NaN NaN NaN NaN NaN NaN NaN NaN NaN NaN NaN NaN 
NaN NaN NaN NaN NaN NaN NaN NaN NaN NaN NaN NaN NaN NaN NaN NaN NaN NaN NaN NaN NaN NaN NaN NaN NaN NaN NaN NaN NaN NaN NaN NaN NaN NaN NaN NaN NaN NaN NaN NaN 
NaN NaN NaN NaN NaN NaN NaN NaN NaN NaN NaN NaN NaN NaN NaN NaN NaN NaN NaN NaN NaN NaN NaN NaN NaN NaN NaN NaN NaN NaN NaN NaN NaN NaN NaN NaN NaN NaN NaN NaN 
NaN NaN NaN NaN NaN NaN NaN NaN NaN NaN NaN NaN NaN NaN NaN NaN NaN NaN NaN NaN NaN NaN NaN NaN NaN NaN NaN NaN NaN NaN NaN NaN NaN NaN NaN NaN NaN NaN NaN NaN 
NaN NaN NaN NaN NaN NaN NaN NaN NaN NaN NaN NaN NaN NaN NaN NaN NaN NaN NaN NaN NaN NaN NaN NaN NaN NaN NaN NaN NaN NaN NaN NaN NaN NaN NaN NaN NaN NaN NaN NaN 
NaN NaN NaN NaN NaN NaN NaN NaN NaN NaN NaN NaN NaN NaN NaN NaN NaN NaN NaN NaN NaN NaN NaN NaN NaN NaN NaN NaN NaN NaN NaN NaN NaN NaN NaN NaN NaN NaN NaN NaN 
NaN NaN NaN NaN NaN NaN NaN NaN NaN NaN NaN NaN NaN NaN NaN NaN NaN NaN NaN NaN NaN NaN NaN NaN NaN NaN NaN NaN NaN NaN NaN NaN NaN NaN NaN NaN NaN NaN NaN NaN 
NaN NaN NaN NaN NaN NaN NaN NaN NaN NaN NaN NaN NaN NaN NaN NaN NaN NaN NaN NaN NaN NaN NaN NaN NaN NaN NaN NaN NaN NaN NaN NaN NaN NaN NaN NaN NaN NaN NaN NaN 
NaN NaN NaN NaN NaN NaN NaN NaN NaN NaN NaN NaN NaN NaN NaN NaN NaN NaN NaN NaN NaN NaN NaN NaN NaN NaN NaN NaN NaN NaN NaN NaN NaN NaN NaN NaN NaN NaN NaN NaN 
NaN NaN NaN NaN NaN NaN NaN NaN NaN NaN NaN NaN NaN NaN NaN NaN NaN NaN NaN NaN NaN NaN NaN NaN NaN NaN NaN NaN NaN NaN NaN NaN NaN NaN NaN NaN NaN NaN NaN NaN 
NaN NaN NaN NaN NaN NaN NaN NaN NaN NaN NaN NaN NaN NaN NaN NaN NaN NaN NaN NaN NaN NaN NaN NaN NaN NaN NaN NaN NaN NaN NaN NaN NaN NaN NaN NaN NaN NaN NaN NaN 
NaN NaN NaN NaN NaN NaN NaN NaN NaN NaN NaN NaN NaN NaN NaN NaN NaN NaN NaN NaN NaN NaN NaN NaN NaN NaN NaN NaN NaN NaN NaN NaN NaN NaN NaN NaN NaN NaN NaN NaN 
NaN NaN NaN NaN NaN NaN NaN NaN NaN NaN NaN NaN NaN NaN NaN NaN NaN NaN NaN NaN NaN NaN NaN NaN NaN NaN NaN NaN NaN NaN NaN NaN NaN NaN NaN NaN NaN NaN NaN NaN 
NaN NaN NaN NaN NaN NaN NaN NaN NaN NaN NaN NaN NaN NaN NaN NaN NaN NaN NaN NaN NaN NaN NaN NaN NaN NaN NaN NaN NaN NaN NaN NaN NaN NaN NaN NaN NaN NaN NaN NaN 
NaN NaN NaN NaN NaN NaN NaN NaN NaN NaN NaN NaN NaN NaN NaN NaN NaN NaN NaN NaN NaN NaN NaN NaN NaN NaN NaN NaN NaN NaN NaN NaN NaN NaN NaN NaN NaN NaN NaN NaN 
NaN NaN NaN NaN NaN NaN NaN NaN NaN NaN NaN NaN NaN NaN NaN NaN NaN NaN NaN NaN NaN NaN NaN NaN NaN NaN NaN NaN NaN NaN NaN NaN NaN NaN NaN NaN NaN NaN NaN NaN 
NaN NaN NaN NaN NaN NaN NaN NaN NaN NaN NaN NaN NaN NaN NaN NaN NaN NaN NaN NaN NaN NaN NaN NaN NaN NaN NaN NaN NaN NaN NaN NaN NaN NaN NaN NaN NaN NaN NaN NaN 
NaN NaN NaN NaN NaN NaN NaN NaN NaN NaN NaN NaN NaN NaN NaN NaN NaN NaN NaN NaN NaN NaN NaN NaN NaN NaN NaN NaN NaN NaN NaN NaN NaN NaN NaN NaN NaN NaN NaN NaN 
NaN NaN NaN NaN NaN NaN NaN NaN NaN NaN NaN NaN NaN NaN NaN NaN NaN NaN NaN NaN NaN NaN NaN NaN NaN NaN NaN NaN NaN NaN NaN NaN NaN NaN NaN NaN NaN NaN NaN NaN 
NaN NaN NaN NaN NaN NaN NaN NaN NaN NaN NaN NaN NaN NaN NaN NaN NaN NaN NaN NaN NaN NaN NaN NaN NaN NaN NaN NaN NaN NaN NaN NaN NaN NaN NaN NaN NaN NaN NaN NaN 
NaN NaN NaN NaN NaN NaN NaN NaN NaN NaN NaN NaN NaN NaN NaN NaN NaN NaN NaN NaN NaN NaN NaN NaN NaN NaN NaN NaN NaN NaN NaN NaN NaN NaN NaN NaN NaN NaN NaN NaN 
NaN NaN NaN NaN NaN NaN NaN NaN NaN NaN NaN NaN NaN NaN NaN NaN NaN NaN NaN NaN NaN NaN NaN NaN NaN NaN NaN NaN NaN NaN NaN NaN NaN NaN NaN NaN NaN NaN NaN NaN 
NaN NaN NaN NaN NaN NaN NaN NaN NaN NaN NaN NaN NaN NaN NaN NaN NaN NaN NaN NaN NaN NaN NaN NaN NaN NaN NaN NaN NaN NaN NaN NaN NaN NaN NaN NaN NaN NaN NaN NaN 
NaN NaN NaN NaN NaN NaN NaN NaN NaN NaN NaN NaN NaN NaN NaN NaN NaN NaN NaN NaN NaN NaN NaN NaN NaN NaN NaN NaN NaN NaN NaN NaN NaN NaN NaN NaN NaN NaN NaN NaN 
NaN NaN NaN NaN NaN NaN NaN NaN NaN NaN NaN NaN NaN NaN NaN NaN NaN NaN NaN NaN NaN NaN NaN NaN NaN NaN NaN NaN NaN NaN NaN NaN NaN NaN NaN NaN NaN NaN NaN NaN 
NaN NaN NaN NaN NaN NaN NaN NaN NaN NaN NaN NaN NaN NaN NaN NaN NaN NaN NaN NaN NaN NaN NaN NaN NaN NaN NaN NaN NaN NaN NaN NaN NaN NaN NaN NaN NaN NaN NaN NaN 
NaN NaN NaN NaN NaN NaN NaN NaN NaN NaN NaN NaN NaN NaN NaN NaN NaN NaN NaN NaN NaN NaN NaN NaN NaN NaN NaN NaN NaN NaN NaN NaN NaN NaN NaN NaN NaN NaN NaN NaN 
NaN NaN NaN NaN NaN NaN NaN NaN NaN NaN NaN NaN NaN NaN NaN NaN NaN NaN NaN NaN NaN NaN NaN NaN NaN NaN NaN NaN NaN NaN NaN NaN NaN NaN NaN NaN NaN NaN NaN NaN 
NaN NaN NaN NaN NaN NaN NaN NaN NaN NaN NaN NaN NaN NaN NaN NaN NaN NaN NaN NaN NaN NaN NaN NaN NaN NaN NaN NaN NaN NaN NaN NaN NaN NaN NaN NaN NaN NaN NaN NaN 
NaN NaN NaN NaN NaN NaN NaN NaN NaN NaN NaN NaN NaN NaN NaN NaN NaN NaN NaN NaN NaN NaN NaN NaN NaN NaN NaN NaN NaN NaN NaN NaN NaN NaN NaN NaN NaN NaN NaN NaN 
NaN NaN NaN NaN NaN NaN NaN NaN NaN NaN NaN NaN NaN NaN NaN NaN NaN NaN NaN NaN NaN NaN NaN NaN NaN NaN NaN NaN NaN NaN NaN NaN NaN NaN NaN NaN NaN NaN NaN NaN 
NaN NaN NaN NaN NaN NaN NaN NaN NaN NaN NaN NaN NaN NaN NaN NaN NaN NaN NaN NaN NaN NaN NaN NaN NaN NaN NaN NaN NaN NaN NaN NaN NaN NaN NaN NaN NaN NaN NaN NaN 
NaN NaN NaN NaN NaN NaN NaN NaN NaN NaN NaN NaN NaN NaN NaN NaN NaN NaN NaN NaN NaN NaN NaN NaN NaN NaN NaN NaN NaN NaN NaN NaN NaN NaN NaN NaN NaN NaN NaN NaN 
NaN NaN NaN NaN NaN NaN NaN NaN NaN NaN NaN NaN NaN NaN NaN NaN NaN NaN NaN NaN NaN NaN NaN NaN NaN NaN NaN NaN NaN NaN NaN NaN NaN NaN NaN NaN NaN NaN NaN NaN 
NaN NaN NaN NaN NaN NaN NaN NaN NaN NaN NaN NaN NaN NaN NaN NaN NaN NaN NaN NaN NaN NaN NaN NaN NaN NaN NaN NaN NaN NaN NaN NaN NaN NaN NaN NaN NaN NaN NaN NaN 
NaN NaN NaN NaN NaN NaN NaN NaN NaN NaN NaN NaN NaN NaN NaN NaN NaN NaN NaN NaN NaN NaN NaN NaN NaN NaN NaN NaN NaN NaN NaN NaN NaN NaN NaN NaN NaN NaN NaN NaN 
NaN NaN NaN NaN NaN NaN NaN NaN NaN NaN NaN NaN NaN NaN NaN NaN NaN NaN NaN NaN NaN NaN NaN NaN NaN NaN NaN NaN NaN NaN NaN NaN NaN NaN NaN NaN NaN NaN NaN NaN 
NaN NaN NaN NaN NaN NaN NaN NaN NaN NaN NaN NaN NaN NaN NaN NaN NaN NaN NaN NaN NaN NaN NaN NaN NaN NaN NaN NaN NaN NaN NaN NaN NaN NaN NaN NaN NaN NaN NaN NaN 
NaN NaN NaN NaN NaN NaN NaN NaN NaN NaN NaN NaN NaN NaN NaN NaN NaN NaN NaN NaN NaN NaN NaN NaN NaN NaN NaN NaN NaN NaN NaN NaN NaN NaN NaN NaN NaN NaN NaN NaN 
NaN NaN NaN NaN NaN NaN NaN NaN NaN NaN NaN NaN NaN NaN NaN NaN NaN NaN NaN NaN NaN NaN NaN NaN NaN NaN NaN NaN NaN NaN NaN NaN NaN NaN NaN NaN NaN NaN NaN NaN 
NaN NaN NaN NaN NaN NaN NaN NaN NaN NaN NaN NaN NaN NaN NaN NaN NaN NaN NaN NaN NaN NaN NaN NaN NaN NaN NaN NaN NaN NaN NaN NaN NaN NaN NaN NaN NaN NaN NaN NaN 
NaN NaN NaN NaN NaN NaN NaN NaN NaN NaN NaN NaN NaN NaN NaN NaN NaN NaN NaN NaN NaN NaN NaN NaN NaN NaN NaN NaN NaN NaN NaN NaN NaN NaN NaN NaN NaN NaN NaN NaN 
NaN NaN NaN NaN NaN NaN NaN NaN NaN NaN NaN NaN NaN NaN NaN NaN NaN NaN NaN NaN NaN NaN NaN NaN NaN NaN NaN NaN NaN NaN NaN NaN NaN NaN NaN NaN NaN NaN NaN NaN 
NaN NaN NaN NaN NaN NaN NaN NaN NaN NaN NaN NaN NaN NaN NaN NaN NaN NaN NaN NaN NaN NaN NaN NaN NaN NaN NaN NaN NaN NaN NaN NaN NaN NaN NaN NaN NaN NaN NaN NaN 
NaN NaN NaN NaN NaN NaN NaN NaN NaN NaN NaN NaN NaN NaN NaN NaN NaN NaN NaN NaN NaN NaN NaN NaN NaN NaN NaN NaN NaN NaN NaN NaN NaN NaN NaN NaN NaN NaN NaN NaN 
NaN NaN NaN NaN NaN NaN NaN NaN NaN NaN NaN NaN NaN NaN NaN NaN NaN NaN NaN NaN NaN NaN NaN NaN NaN NaN NaN NaN NaN NaN NaN NaN NaN NaN NaN NaN NaN NaN NaN NaN 
NaN NaN NaN NaN NaN NaN NaN NaN NaN NaN NaN NaN NaN NaN NaN NaN NaN NaN NaN NaN NaN NaN NaN NaN NaN NaN NaN NaN NaN NaN NaN NaN NaN NaN NaN NaN NaN NaN NaN NaN 
NaN NaN NaN NaN NaN NaN NaN NaN NaN NaN NaN NaN NaN NaN NaN NaN NaN NaN NaN NaN NaN NaN NaN NaN NaN NaN NaN NaN NaN NaN NaN NaN NaN NaN NaN NaN NaN NaN NaN NaN 
NaN NaN NaN NaN NaN NaN NaN NaN NaN NaN NaN NaN NaN NaN NaN NaN NaN NaN NaN NaN NaN NaN NaN NaN NaN NaN NaN NaN NaN NaN NaN NaN NaN NaN NaN NaN NaN NaN NaN NaN 
NaN NaN NaN NaN NaN NaN NaN NaN NaN NaN NaN NaN NaN NaN NaN NaN NaN NaN NaN NaN NaN NaN NaN NaN NaN NaN NaN NaN NaN NaN NaN NaN NaN NaN NaN NaN NaN NaN NaN NaN 
NaN NaN NaN NaN NaN NaN NaN NaN NaN NaN NaN NaN NaN NaN NaN NaN NaN NaN NaN NaN NaN NaN NaN NaN NaN NaN NaN NaN NaN NaN NaN NaN NaN NaN NaN NaN NaN NaN NaN NaN 
NaN NaN NaN NaN NaN NaN NaN NaN NaN NaN NaN NaN NaN NaN NaN NaN NaN NaN NaN NaN NaN NaN NaN NaN NaN NaN NaN NaN NaN NaN NaN NaN NaN NaN NaN NaN NaN NaN NaN NaN 
NaN NaN NaN NaN NaN NaN NaN NaN NaN NaN NaN NaN NaN NaN NaN NaN NaN NaN NaN NaN NaN NaN NaN NaN NaN NaN NaN NaN NaN NaN NaN NaN NaN NaN NaN NaN NaN NaN NaN NaN 
NaN NaN NaN NaN NaN NaN NaN NaN NaN NaN NaN NaN NaN NaN NaN NaN NaN NaN NaN NaN NaN NaN NaN NaN NaN NaN NaN NaN NaN NaN NaN NaN NaN NaN NaN NaN NaN NaN NaN NaN 
NaN NaN NaN NaN NaN NaN NaN NaN NaN NaN NaN NaN NaN NaN NaN NaN NaN NaN NaN NaN NaN NaN NaN NaN NaN NaN NaN NaN NaN NaN NaN NaN NaN NaN NaN NaN NaN NaN NaN NaN 
NaN NaN NaN NaN NaN NaN NaN NaN NaN NaN NaN NaN NaN NaN NaN NaN NaN NaN NaN NaN NaN NaN NaN NaN NaN NaN NaN NaN NaN NaN NaN NaN NaN NaN NaN NaN NaN NaN NaN NaN 
NaN NaN NaN NaN NaN NaN NaN NaN NaN NaN NaN NaN NaN NaN NaN NaN NaN NaN NaN NaN NaN NaN NaN NaN NaN NaN NaN NaN NaN NaN NaN NaN NaN NaN NaN NaN NaN NaN NaN NaN 
NaN NaN NaN NaN NaN NaN NaN NaN NaN NaN NaN NaN NaN NaN NaN NaN NaN NaN NaN NaN NaN NaN NaN NaN NaN NaN NaN NaN NaN NaN NaN NaN NaN NaN NaN NaN NaN NaN NaN NaN 
NaN NaN NaN NaN NaN NaN NaN NaN NaN NaN NaN NaN NaN NaN NaN NaN NaN NaN NaN NaN NaN NaN NaN NaN NaN NaN NaN NaN NaN NaN NaN NaN NaN NaN NaN NaN NaN NaN NaN NaN 
NaN NaN NaN NaN NaN NaN NaN NaN NaN NaN NaN NaN NaN NaN NaN NaN NaN NaN NaN NaN NaN NaN NaN NaN NaN NaN NaN NaN NaN NaN NaN NaN NaN NaN NaN NaN NaN NaN NaN NaN 
NaN NaN NaN NaN NaN NaN NaN NaN NaN NaN NaN NaN NaN NaN NaN NaN NaN NaN NaN NaN NaN NaN NaN NaN NaN NaN NaN NaN NaN NaN NaN NaN NaN NaN NaN NaN NaN NaN NaN NaN 
NaN NaN NaN NaN NaN NaN NaN NaN NaN NaN NaN NaN NaN NaN NaN NaN NaN NaN NaN NaN NaN NaN NaN NaN NaN NaN NaN NaN NaN NaN NaN NaN NaN NaN NaN NaN NaN NaN NaN NaN 
