NaN NaN NaN NaN NaN NaN NaN NaN NaN NaN NaN NaN NaN NaN NaN NaN NaN NaN NaN NaN NaN NaN NaN NaN NaN NaN NaN NaN NaN NaN NaN NaN NaN NaN NaN NaN NaN NaN NaN NaN 
NaN NaN NaN NaN NaN NaN NaN NaN NaN NaN NaN NaN NaN NaN NaN NaN NaN NaN NaN NaN NaN NaN NaN NaN NaN NaN NaN NaN NaN NaN NaN NaN NaN NaN NaN NaN NaN NaN NaN NaN 
NaN NaN NaN NaN NaN NaN NaN NaN NaN NaN NaN NaN NaN NaN NaN NaN NaN NaN NaN NaN NaN NaN NaN NaN NaN NaN NaN NaN NaN NaN NaN NaN NaN NaN NaN NaN NaN NaN NaN NaN 
NaN NaN NaN NaN NaN NaN NaN NaN NaN NaN NaN NaN NaN NaN NaN NaN NaN NaN NaN NaN NaN NaN NaN NaN NaN NaN NaN NaN NaN NaN NaN NaN NaN NaN NaN NaN NaN NaN NaN NaN 
NaN NaN NaN NaN NaN NaN NaN NaN NaN NaN NaN NaN NaN NaN NaN NaN NaN NaN NaN NaN NaN NaN NaN NaN NaN NaN NaN NaN NaN NaN NaN NaN NaN NaN NaN NaN NaN NaN NaN NaN 
NaN NaN NaN NaN NaN NaN NaN NaN NaN NaN NaN NaN NaN NaN NaN NaN NaN NaN NaN NaN NaN NaN NaN NaN NaN NaN NaN NaN NaN NaN NaN NaN NaN NaN NaN NaN NaN NaN NaN NaN 
NaN NaN NaN NaN NaN NaN NaN NaN NaN NaN NaN NaN NaN NaN NaN NaN NaN NaN NaN NaN NaN NaN NaN NaN NaN NaN NaN NaN NaN NaN NaN NaN NaN NaN NaN NaN NaN NaN NaN NaN 
NaN NaN NaN NaN NaN NaN NaN NaN NaN NaN NaN NaN NaN NaN NaN NaN NaN NaN NaN NaN NaN NaN NaN NaN NaN NaN NaN NaN NaN NaN NaN NaN NaN NaN NaN NaN NaN NaN NaN NaN 
NaN NaN NaN NaN NaN NaN NaN NaN NaN NaN NaN NaN NaN NaN NaN NaN NaN NaN NaN NaN NaN NaN NaN NaN NaN NaN NaN NaN NaN NaN NaN NaN NaN NaN NaN NaN NaN NaN NaN NaN 
NaN NaN NaN NaN NaN NaN NaN NaN NaN NaN NaN NaN NaN NaN NaN NaN NaN NaN NaN NaN NaN NaN NaN NaN NaN NaN NaN NaN NaN NaN NaN NaN NaN NaN NaN NaN NaN NaN NaN NaN 
NaN NaN NaN NaN NaN NaN NaN NaN NaN NaN NaN NaN NaN NaN NaN NaN NaN NaN NaN NaN NaN NaN NaN NaN NaN NaN NaN NaN NaN NaN NaN NaN NaN NaN NaN NaN NaN NaN NaN NaN 
NaN NaN NaN NaN NaN NaN NaN NaN NaN NaN NaN NaN NaN NaN NaN NaN NaN NaN NaN NaN NaN NaN NaN NaN NaN NaN NaN NaN NaN NaN NaN NaN NaN NaN NaN NaN NaN NaN NaN NaN 
NaN NaN NaN NaN NaN NaN NaN NaN NaN NaN NaN NaN NaN NaN NaN NaN NaN NaN NaN NaN NaN NaN NaN NaN NaN NaN NaN NaN NaN NaN NaN NaN NaN NaN NaN NaN NaN NaN NaN NaN 
NaN NaN NaN NaN NaN NaN NaN NaN NaN NaN NaN NaN NaN NaN NaN NaN NaN NaN NaN NaN NaN NaN NaN NaN NaN NaN NaN NaN NaN NaN NaN NaN NaN NaN NaN NaN NaN NaN NaN NaN 
NaN NaN NaN NaN NaN NaN NaN NaN NaN NaN NaN NaN NaN NaN NaN NaN NaN NaN NaN NaN NaN NaN NaN NaN NaN NaN NaN NaN NaN NaN NaN NaN NaN NaN NaN NaN NaN NaN NaN NaN 
NaN NaN NaN NaN NaN NaN NaN NaN NaN NaN NaN NaN NaN NaN NaN NaN NaN NaN NaN NaN NaN NaN NaN NaN NaN NaN NaN NaN NaN NaN NaN NaN NaN NaN NaN NaN NaN NaN NaN NaN 
NaN NaN NaN NaN NaN NaN NaN NaN NaN NaN NaN NaN NaN NaN NaN NaN NaN NaN NaN NaN NaN NaN NaN NaN NaN NaN NaN NaN NaN NaN NaN NaN NaN NaN NaN NaN NaN NaN NaN NaN 
NaN NaN NaN NaN NaN NaN NaN NaN NaN NaN NaN NaN NaN NaN NaN NaN NaN NaN NaN NaN NaN NaN NaN NaN NaN NaN NaN NaN NaN NaN NaN NaN NaN NaN NaN NaN NaN NaN NaN NaN 
NaN NaN NaN NaN NaN NaN NaN NaN NaN NaN NaN NaN NaN NaN NaN NaN NaN NaN NaN NaN NaN NaN NaN NaN NaN NaN NaN NaN NaN NaN NaN NaN NaN NaN NaN NaN NaN NaN NaN NaN 
NaN NaN NaN NaN NaN NaN NaN NaN NaN NaN NaN NaN NaN NaN NaN NaN NaN NaN NaN NaN NaN NaN NaN NaN NaN NaN NaN NaN NaN NaN NaN NaN NaN NaN NaN NaN NaN NaN NaN NaN 
NaN NaN NaN NaN NaN NaN NaN NaN NaN NaN NaN NaN NaN NaN NaN NaN NaN NaN NaN NaN NaN NaN NaN NaN NaN NaN NaN NaN NaN NaN NaN NaN NaN NaN NaN NaN NaN NaN NaN NaN 
NaN NaN NaN NaN NaN NaN NaN NaN NaN NaN NaN NaN NaN NaN NaN NaN NaN NaN NaN NaN NaN NaN NaN NaN NaN NaN NaN NaN NaN NaN NaN NaN NaN NaN NaN NaN NaN NaN NaN NaN 
NaN NaN NaN NaN NaN NaN NaN NaN NaN NaN NaN NaN NaN NaN NaN NaN NaN NaN NaN NaN NaN NaN NaN NaN NaN NaN NaN NaN NaN NaN NaN NaN NaN NaN NaN NaN NaN NaN NaN NaN 
NaN NaN NaN NaN NaN NaN NaN NaN NaN NaN NaN NaN NaN NaN NaN NaN NaN NaN NaN NaN NaN NaN NaN NaN NaN NaN NaN NaN NaN NaN NaN NaN NaN NaN NaN NaN NaN NaN NaN NaN 
NaN NaN NaN NaN NaN NaN NaN NaN NaN NaN NaN NaN NaN NaN NaN NaN NaN NaN NaN NaN NaN NaN NaN NaN NaN NaN NaN NaN NaN NaN NaN NaN NaN NaN NaN NaN NaN NaN NaN NaN 
NaN NaN NaN NaN NaN NaN NaN NaN NaN NaN NaN NaN NaN NaN NaN NaN NaN NaN NaN NaN NaN NaN NaN NaN NaN NaN NaN NaN NaN NaN NaN NaN NaN NaN NaN NaN NaN NaN NaN NaN 
NaN NaN NaN NaN NaN NaN NaN NaN NaN NaN NaN NaN NaN NaN NaN NaN NaN NaN NaN NaN NaN NaN NaN NaN NaN NaN NaN NaN NaN NaN NaN NaN NaN NaN NaN NaN NaN NaN NaN NaN 
NaN NaN NaN NaN NaN NaN NaN NaN NaN NaN NaN NaN NaN NaN NaN NaN NaN NaN NaN NaN NaN NaN NaN NaN NaN NaN NaN NaN NaN NaN NaN NaN NaN NaN NaN NaN NaN NaN NaN NaN 
NaN NaN NaN NaN NaN NaN NaN NaN NaN NaN NaN NaN NaN NaN NaN NaN NaN NaN NaN NaN NaN NaN NaN NaN NaN NaN NaN NaN NaN NaN NaN NaN NaN NaN NaN NaN NaN NaN NaN NaN 
NaN NaN NaN NaN NaN NaN NaN NaN NaN NaN NaN NaN NaN NaN NaN NaN NaN NaN NaN NaN NaN NaN NaN NaN NaN NaN NaN NaN NaN NaN NaN NaN NaN NaN NaN NaN NaN NaN NaN NaN 
NaN NaN NaN NaN NaN NaN NaN NaN NaN NaN NaN NaN NaN NaN NaN NaN NaN NaN NaN NaN NaN NaN NaN NaN NaN NaN NaN NaN NaN NaN NaN NaN NaN NaN NaN NaN NaN NaN NaN NaN 
NaN NaN NaN NaN NaN NaN NaN NaN NaN NaN NaN NaN NaN NaN NaN NaN NaN NaN NaN NaN NaN NaN NaN NaN NaN NaN NaN NaN NaN NaN NaN NaN NaN NaN NaN NaN NaN NaN NaN NaN 
NaN NaN NaN NaN NaN NaN NaN NaN NaN NaN NaN NaN NaN NaN NaN NaN NaN NaN NaN NaN NaN NaN NaN NaN NaN NaN NaN NaN NaN NaN NaN NaN NaN NaN NaN NaN NaN NaN NaN NaN 
NaN NaN NaN NaN NaN NaN NaN NaN NaN NaN NaN NaN NaN NaN NaN NaN NaN NaN NaN NaN NaN NaN NaN NaN NaN NaN NaN NaN NaN NaN NaN NaN NaN NaN NaN NaN NaN NaN NaN NaN 
NaN NaN NaN NaN NaN NaN NaN NaN NaN NaN NaN NaN NaN NaN NaN NaN NaN NaN NaN NaN NaN NaN NaN NaN NaN NaN NaN NaN NaN NaN NaN NaN NaN NaN NaN NaN NaN NaN NaN NaN 
NaN NaN NaN NaN NaN NaN NaN NaN NaN NaN NaN NaN NaN NaN NaN NaN NaN NaN NaN NaN NaN NaN NaN NaN NaN NaN NaN NaN NaN NaN NaN NaN NaN NaN NaN NaN NaN NaN NaN NaN 
NaN NaN NaN NaN NaN NaN NaN NaN NaN NaN NaN NaN NaN NaN NaN NaN NaN NaN NaN NaN NaN NaN NaN NaN NaN NaN NaN NaN NaN NaN NaN NaN NaN NaN NaN NaN NaN NaN NaN NaN 
NaN NaN NaN NaN NaN NaN NaN NaN NaN NaN NaN NaN NaN NaN NaN NaN NaN NaN NaN NaN NaN NaN NaN NaN NaN NaN NaN NaN NaN NaN NaN NaN NaN NaN NaN NaN NaN NaN NaN NaN 
NaN NaN NaN NaN NaN NaN NaN NaN NaN NaN NaN NaN NaN NaN NaN NaN NaN NaN NaN NaN NaN NaN NaN NaN NaN NaN NaN NaN NaN NaN NaN NaN NaN NaN NaN NaN NaN NaN NaN NaN 
NaN NaN NaN NaN NaN NaN NaN NaN NaN NaN NaN NaN NaN NaN NaN NaN NaN NaN NaN NaN NaN NaN NaN NaN NaN NaN NaN NaN NaN NaN NaN NaN NaN NaN NaN NaN NaN NaN NaN NaN 
NaN NaN NaN NaN NaN NaN NaN NaN NaN NaN NaN NaN NaN NaN NaN NaN NaN NaN NaN NaN NaN NaN NaN NaN NaN NaN NaN NaN NaN NaN NaN NaN NaN NaN NaN NaN NaN NaN NaN NaN 
NaN NaN NaN NaN NaN NaN NaN NaN NaN NaN NaN NaN NaN NaN NaN NaN NaN NaN NaN NaN NaN NaN NaN NaN NaN NaN NaN NaN NaN NaN NaN NaN NaN NaN NaN NaN NaN NaN NaN NaN 
NaN NaN NaN NaN NaN NaN NaN NaN NaN NaN NaN NaN NaN NaN NaN NaN NaN NaN NaN NaN NaN NaN NaN NaN NaN NaN NaN NaN NaN NaN NaN NaN NaN NaN NaN NaN NaN NaN NaN NaN 
NaN NaN NaN NaN NaN NaN NaN NaN NaN NaN NaN NaN NaN NaN NaN NaN NaN NaN NaN NaN NaN NaN NaN NaN NaN NaN NaN NaN NaN NaN NaN NaN NaN NaN NaN NaN NaN NaN NaN NaN 
NaN NaN NaN NaN NaN NaN NaN NaN NaN NaN NaN NaN NaN NaN NaN NaN NaN NaN NaN NaN NaN NaN NaN NaN NaN NaN NaN NaN NaN NaN NaN NaN NaN NaN NaN NaN NaN NaN NaN NaN 
NaN NaN NaN NaN NaN NaN NaN NaN NaN NaN NaN NaN NaN NaN NaN NaN NaN NaN NaN NaN NaN NaN NaN NaN NaN NaN NaN NaN NaN NaN NaN NaN NaN NaN NaN NaN NaN NaN NaN NaN 
NaN NaN NaN NaN NaN NaN NaN NaN NaN NaN NaN NaN NaN NaN NaN NaN NaN NaN NaN NaN NaN NaN NaN NaN NaN NaN NaN NaN NaN NaN NaN NaN NaN NaN NaN NaN NaN NaN NaN NaN 
NaN NaN NaN NaN NaN NaN NaN NaN NaN NaN NaN NaN NaN NaN NaN NaN NaN NaN NaN NaN NaN NaN NaN NaN NaN NaN NaN NaN NaN NaN NaN NaN NaN NaN NaN NaN NaN NaN NaN NaN 
NaN NaN NaN NaN NaN NaN NaN NaN NaN NaN NaN NaN NaN NaN NaN NaN NaN NaN NaN NaN NaN NaN NaN NaN NaN NaN NaN NaN NaN NaN NaN NaN NaN NaN NaN NaN NaN NaN NaN NaN 
NaN NaN NaN NaN NaN NaN NaN NaN NaN NaN NaN NaN NaN NaN NaN NaN NaN NaN NaN NaN NaN NaN NaN NaN NaN NaN NaN NaN NaN NaN NaN NaN NaN NaN NaN NaN NaN NaN NaN NaN 
NaN NaN NaN NaN NaN NaN NaN NaN NaN NaN NaN NaN NaN NaN NaN NaN NaN NaN NaN NaN NaN NaN NaN NaN NaN NaN NaN NaN NaN NaN NaN NaN NaN NaN NaN NaN NaN NaN NaN NaN 
NaN NaN NaN NaN NaN NaN NaN NaN NaN NaN NaN NaN NaN NaN NaN NaN NaN NaN NaN NaN NaN NaN NaN NaN NaN NaN NaN NaN NaN NaN NaN NaN NaN NaN NaN NaN NaN NaN NaN NaN 
NaN NaN NaN NaN NaN NaN NaN NaN NaN NaN NaN NaN NaN NaN NaN NaN NaN NaN NaN NaN NaN NaN NaN NaN NaN NaN NaN NaN NaN NaN NaN NaN NaN NaN NaN NaN NaN NaN NaN NaN 
NaN NaN NaN NaN NaN NaN NaN NaN NaN NaN NaN NaN NaN NaN NaN NaN NaN NaN NaN NaN NaN NaN NaN NaN NaN NaN NaN NaN NaN NaN NaN NaN NaN NaN NaN NaN NaN NaN NaN NaN 
NaN NaN NaN NaN NaN NaN NaN NaN NaN NaN NaN NaN NaN NaN NaN NaN NaN NaN NaN NaN NaN NaN NaN NaN NaN NaN NaN NaN NaN NaN NaN NaN NaN NaN NaN NaN NaN NaN NaN NaN 
NaN NaN NaN NaN NaN NaN NaN NaN NaN NaN NaN NaN NaN NaN NaN NaN NaN NaN NaN NaN NaN NaN NaN NaN NaN NaN NaN NaN NaN NaN NaN NaN NaN NaN NaN NaN NaN NaN NaN NaN 
NaN NaN NaN NaN NaN NaN NaN NaN NaN NaN NaN NaN NaN NaN NaN NaN NaN NaN NaN NaN NaN NaN NaN NaN NaN NaN NaN NaN NaN NaN NaN NaN NaN NaN NaN NaN NaN NaN NaN NaN 
NaN NaN NaN NaN NaN NaN NaN NaN NaN NaN NaN NaN NaN NaN NaN NaN NaN NaN NaN NaN NaN NaN NaN NaN NaN NaN NaN NaN NaN NaN NaN NaN NaN NaN NaN NaN NaN NaN NaN NaN 
NaN NaN NaN NaN NaN NaN NaN NaN NaN NaN NaN NaN NaN NaN NaN NaN NaN NaN NaN NaN NaN NaN NaN NaN NaN NaN NaN NaN NaN NaN NaN NaN NaN NaN NaN NaN NaN NaN NaN NaN 
NaN NaN NaN NaN NaN NaN NaN NaN NaN NaN NaN NaN NaN NaN NaN NaN NaN NaN NaN NaN NaN NaN NaN NaN NaN NaN NaN NaN NaN NaN NaN NaN NaN NaN NaN NaN NaN NaN NaN NaN 
NaN NaN NaN NaN NaN NaN NaN NaN NaN NaN NaN NaN NaN NaN NaN NaN NaN NaN NaN NaN NaN NaN NaN NaN NaN NaN NaN NaN NaN NaN NaN NaN NaN NaN NaN NaN NaN NaN NaN NaN 
NaN NaN NaN NaN NaN NaN NaN NaN NaN NaN NaN NaN NaN NaN NaN NaN NaN NaN NaN NaN NaN NaN NaN NaN NaN NaN NaN NaN NaN NaN NaN NaN NaN NaN NaN NaN NaN NaN NaN NaN 
NaN NaN NaN NaN NaN NaN NaN NaN NaN NaN NaN NaN NaN NaN NaN NaN NaN NaN NaN NaN NaN NaN NaN NaN NaN NaN NaN NaN NaN NaN NaN NaN NaN NaN NaN NaN NaN NaN NaN NaN 
NaN NaN NaN NaN NaN NaN NaN NaN NaN NaN NaN NaN NaN NaN NaN NaN NaN NaN NaN NaN NaN NaN NaN NaN NaN NaN NaN NaN NaN NaN NaN NaN NaN NaN NaN NaN NaN NaN NaN NaN 
NaN NaN NaN NaN NaN NaN NaN NaN NaN NaN NaN NaN NaN NaN NaN NaN NaN NaN NaN NaN NaN NaN NaN NaN NaN NaN NaN NaN NaN NaN NaN NaN NaN NaN NaN NaN NaN NaN NaN NaN 
NaN NaN NaN NaN NaN NaN NaN NaN NaN NaN NaN NaN NaN NaN NaN NaN NaN NaN NaN NaN NaN NaN NaN NaN NaN NaN NaN NaN NaN NaN NaN NaN NaN NaN NaN NaN NaN NaN NaN NaN 
NaN NaN NaN NaN NaN NaN NaN NaN NaN NaN NaN NaN NaN NaN NaN NaN NaN NaN NaN NaN NaN NaN NaN NaN NaN NaN NaN NaN NaN NaN NaN NaN NaN NaN NaN NaN NaN NaN NaN NaN 
NaN NaN NaN NaN NaN NaN NaN NaN NaN NaN NaN NaN NaN NaN NaN NaN NaN NaN NaN NaN NaN NaN NaN NaN NaN NaN NaN NaN NaN NaN NaN NaN NaN NaN NaN NaN NaN NaN NaN NaN 
NaN NaN NaN NaN NaN NaN NaN NaN NaN NaN NaN NaN NaN NaN NaN NaN NaN NaN NaN NaN NaN NaN NaN NaN NaN NaN NaN NaN NaN NaN NaN NaN NaN NaN NaN NaN NaN NaN NaN NaN 
NaN NaN NaN NaN NaN NaN NaN NaN NaN NaN NaN NaN NaN NaN NaN NaN NaN NaN NaN NaN NaN NaN NaN NaN NaN NaN NaN NaN NaN NaN NaN NaN NaN NaN NaN NaN NaN NaN NaN NaN 
NaN NaN NaN NaN NaN NaN NaN NaN NaN NaN NaN NaN NaN NaN NaN NaN NaN NaN NaN NaN NaN NaN NaN NaN NaN NaN NaN NaN NaN NaN NaN NaN NaN NaN NaN NaN NaN NaN NaN NaN 
NaN NaN NaN NaN NaN NaN NaN NaN NaN NaN NaN NaN NaN NaN NaN NaN NaN NaN NaN NaN NaN NaN NaN NaN NaN NaN NaN NaN NaN NaN NaN NaN NaN NaN NaN NaN NaN NaN NaN NaN 
NaN NaN NaN NaN NaN NaN NaN NaN NaN NaN NaN NaN NaN NaN NaN NaN NaN NaN NaN NaN NaN NaN NaN NaN NaN NaN NaN NaN NaN NaN NaN NaN NaN NaN NaN NaN NaN NaN NaN NaN 
NaN NaN NaN NaN NaN NaN NaN NaN NaN NaN NaN NaN NaN NaN NaN NaN NaN NaN NaN NaN NaN NaN NaN NaN NaN NaN NaN NaN NaN NaN NaN NaN NaN NaN NaN NaN NaN NaN NaN NaN 
NaN NaN NaN NaN NaN NaN NaN NaN NaN NaN NaN NaN NaN NaN NaN NaN NaN NaN NaN NaN NaN NaN NaN NaN NaN NaN NaN NaN NaN NaN NaN NaN NaN NaN NaN NaN NaN NaN NaN NaN 
NaN NaN NaN NaN NaN NaN NaN NaN NaN NaN NaN NaN NaN NaN NaN NaN NaN NaN NaN NaN NaN NaN NaN NaN NaN NaN NaN NaN NaN NaN NaN NaN NaN NaN NaN NaN NaN NaN NaN NaN 
NaN NaN NaN NaN NaN NaN NaN NaN NaN NaN NaN NaN NaN NaN NaN NaN NaN NaN NaN NaN NaN NaN NaN NaN NaN NaN NaN NaN NaN NaN NaN NaN NaN NaN NaN NaN NaN NaN NaN NaN 
NaN NaN NaN NaN NaN NaN NaN NaN NaN NaN NaN NaN NaN NaN NaN NaN NaN NaN NaN NaN NaN NaN NaN NaN NaN NaN NaN NaN NaN NaN NaN NaN NaN NaN NaN NaN NaN NaN NaN NaN 
NaN NaN NaN NaN NaN NaN NaN NaN NaN NaN NaN NaN NaN NaN NaN NaN NaN NaN NaN NaN NaN NaN NaN NaN NaN NaN NaN NaN NaN NaN NaN NaN NaN NaN NaN NaN NaN NaN NaN NaN 
NaN NaN NaN NaN NaN NaN NaN NaN NaN NaN NaN NaN NaN NaN NaN NaN NaN NaN NaN NaN NaN NaN NaN NaN NaN NaN NaN NaN NaN NaN NaN NaN NaN NaN NaN NaN NaN NaN NaN NaN 
NaN NaN NaN NaN NaN NaN NaN NaN NaN NaN NaN NaN NaN NaN NaN NaN NaN NaN NaN NaN NaN NaN NaN NaN NaN NaN NaN NaN NaN NaN NaN NaN NaN NaN NaN NaN NaN NaN NaN NaN 
NaN NaN NaN NaN NaN NaN NaN NaN NaN NaN NaN NaN NaN NaN NaN NaN NaN NaN NaN NaN NaN NaN NaN NaN NaN NaN NaN NaN NaN NaN NaN NaN NaN NaN NaN NaN NaN NaN NaN NaN 
NaN NaN NaN NaN NaN NaN NaN NaN NaN NaN NaN NaN NaN NaN NaN NaN NaN NaN NaN NaN NaN NaN NaN NaN NaN NaN NaN NaN NaN NaN NaN NaN NaN NaN NaN NaN NaN NaN NaN NaN 
NaN NaN NaN NaN NaN NaN NaN NaN NaN NaN NaN NaN NaN NaN NaN NaN NaN NaN NaN NaN NaN NaN NaN NaN NaN NaN NaN NaN NaN NaN NaN NaN NaN NaN NaN NaN NaN NaN NaN NaN 
NaN NaN NaN NaN NaN NaN NaN NaN NaN NaN NaN NaN NaN NaN NaN NaN NaN NaN NaN NaN NaN NaN NaN NaN NaN NaN NaN NaN NaN NaN NaN NaN NaN NaN NaN NaN NaN NaN NaN NaN 
NaN NaN NaN NaN NaN NaN NaN NaN NaN NaN NaN NaN NaN NaN NaN NaN NaN NaN NaN NaN NaN NaN NaN NaN NaN NaN NaN NaN NaN NaN NaN NaN NaN NaN NaN NaN NaN NaN NaN NaN 
NaN NaN NaN NaN NaN NaN NaN NaN NaN NaN NaN NaN NaN NaN NaN NaN NaN NaN NaN NaN NaN NaN NaN NaN NaN NaN NaN NaN NaN NaN NaN NaN NaN NaN NaN NaN NaN NaN NaN NaN 
NaN NaN NaN NaN NaN NaN NaN NaN NaN NaN NaN NaN NaN NaN NaN NaN NaN NaN NaN NaN NaN NaN NaN NaN NaN NaN NaN NaN NaN NaN NaN NaN NaN NaN NaN NaN NaN NaN NaN NaN 
-84.962844 -85.799616 -87.272254 -89.996252 -94.289775 -98.891859 -96.995316 -94.005214 -93.225142 -94.706377 -98.381845 -102.889699 -103.143208 -101.955711 -101.713245 -101.305584 -99.064831 -98.448759 -103.938649 -95.517711 -90.339337 -92.665537 -96.685647 -95.661545 -104.379961 -108.013632 -103.673834 -106.827486 -108.098854 -100.802375 -100.697551 -96.139745 -96.381688 -99.788833 -98.418510 -105.459592 -98.240427 -99.514664 -102.194756 -103.669329 
-63.468679 -69.948098 -77.006033 -76.390345 -77.103120 -80.847807 -76.880780 -82.067596 -80.052832 -77.538278 -75.747099 -80.724572 -81.665510 -75.153592 -74.151653 -77.461061 -73.969118 -73.535088 -76.103805 -79.788484 -74.118281 -72.529446 -78.324999 -77.474074 -79.892704 -79.635722 -78.231157 -78.353141 -79.390417 -79.384210 -79.664196 -78.058290 -77.619338 -82.091781 -79.867322 -86.331426 -80.457159 -81.108700 -77.505839 -81.540078 
-65.034220 -81.549479 -76.478764 -75.793395 -77.710980 -80.621305 -78.528001 -75.148121 -77.383352 -78.062732 -75.905647 -73.162788 -83.005193 -74.760925 -71.031117 -78.489265 -75.622494 -78.130067 -71.974489 -74.346205 -79.670316 -76.457646 -79.288271 -75.918522 -76.797644 -76.318227 -79.670607 -79.607431 -75.210506 -77.891404 -76.896348 -74.132374 -76.212808 -79.281021 -79.040161 -77.088791 -75.463021 -80.066509 -75.073060 -76.829846 
-63.984511 -73.348905 -71.789619 -77.031638 -78.477810 -81.921748 -80.237132 -79.386375 -74.402909 -73.962172 -77.220673 -72.873200 -74.259863 -79.262756 -77.766822 -78.897637 -76.808662 -79.388121 -74.983209 -76.969701 -76.823526 -78.267421 -80.402805 -74.675713 -79.713559 -78.559680 -81.634233 -80.537165 -76.216876 -77.479812 -77.117749 -76.181591 -79.001203 -78.515590 -79.419408 -76.141169 -76.223884 -76.729430 -74.734095 -80.704552 
-63.332673 -62.407640 -61.810738 -61.462910 -66.708256 -67.595932 -67.347591 -67.398821 -68.577309 -72.134672 -69.559209 -67.238409 -68.665626 -68.133427 -68.060831 -66.503694 -71.837717 -71.205904 -70.782494 -71.237692 -75.105954 -70.523943 -74.805652 -74.644758 -75.967071 -75.774428 -72.740830 -74.461659 -71.995577 -73.510095 -75.798793 -75.297426 -72.659810 -74.983953 -76.800124 -75.649792 -77.029769 -73.433376 -76.398637 -78.367427 
-38.011706 -41.845471 -46.259282 -46.632561 -54.542060 -57.364936 -60.818315 -57.271375 -58.243182 -63.691392 -60.286233 -60.126126 -58.404241 -51.948259 -52.053865 -48.966400 -59.465463 -61.578932 -60.510347 -64.874026 -65.867275 -66.583489 -67.478901 -68.362508 -71.142758 -69.400969 -68.207856 -70.847244 -70.326438 -73.145631 -69.837370 -70.503585 -69.369576 -71.357021 -73.799380 -72.545251 -72.704901 -73.200611 -74.641688 -73.370469 
-44.482323 -35.723157 -40.715057 -42.138523 -42.009627 -45.025147 -52.868603 -54.915242 -50.924758 -55.865769 -57.070419 -56.220571 -54.203674 -46.518893 -44.508391 -48.600425 -52.582315 -62.863238 -61.091581 -65.340293 -67.181946 -66.576908 -67.113320 -72.577537 -69.681625 -67.613593 -71.898427 -71.223412 -68.211493 -67.616953 -71.679032 -70.997939 -68.761025 -71.468939 -74.917759 -69.510044 -71.663202 -66.794331 -70.658618 -73.822905 
-34.951183 -44.439865 -43.839370 -45.330896 -47.146789 -46.145688 -43.211470 -39.603380 -45.510357 -52.022230 -55.203242 -52.542284 -54.218844 -52.170218 -45.370279 -52.764129 -54.926442 -59.188035 -60.641672 -65.944194 -67.251794 -65.001055 -66.303125 -64.416456 -64.581077 -66.793148 -66.370662 -66.061642 -68.616336 -67.622022 -71.143219 -68.925954 -69.333284 -70.234092 -73.133032 -72.668421 -69.865908 -69.782101 -71.497745 -70.986317 
-40.849198 -32.642555 -31.753748 -41.373353 -45.107979 -45.463058 -45.153746 -42.485755 -48.273096 -50.784253 -55.705471 -57.398517 -58.102844 -50.207459 -46.363002 -51.871067 -58.940542 -65.846100 -64.861452 -68.256245 -65.383522 -63.054504 -65.302561 -74.584857 -71.991492 -69.553972 -70.225496 -70.183349 -69.203693 -70.230453 -65.754122 -69.849118 -69.992397 -69.482688 -70.295772 -66.564609 -70.585935 -74.226961 -72.523250 -71.429119 
-33.972183 -24.491232 -21.257769 -32.717195 -44.501907 -45.247650 -47.128514 -45.048833 -52.930597 -49.764031 -51.932905 -54.923426 -54.869721 -47.644694 -48.402000 -55.027874 -63.282389 -63.003309 -65.224017 -65.646819 -65.356406 -65.745988 -63.525443 -66.659811 -67.040451 -64.943744 -66.882015 -68.466935 -70.164095 -67.282944 -62.251102 -68.906486 -66.200110 -68.548911 -69.741973 -69.896693 -72.742535 -71.558969 -72.231428 -72.508392 
-19.323832 -9.243333 -6.970746 -15.149307 -26.531915 -24.218447 -26.354684 -30.819030 -30.940130 -34.376821 -35.434925 -39.213607 -41.316999 -42.142286 -46.158239 -49.520467 -48.814816 -49.180477 -49.601998 -50.418528 -51.662132 -52.464660 -52.504421 -52.489585 -53.596998 -54.568343 -55.130442 -55.238294 -55.906393 -56.731188 -56.812596 -57.555919 -57.953027 -57.970443 -58.563026 -58.870710 -59.556632 -59.740933 -60.036455 -60.106792 
-6.998354 2.031756 2.798628 1.191464 -2.518311 -3.645436 -7.542058 -10.662646 -17.787448 -24.868324 -22.352481 -21.216947 -20.130116 -23.738969 -31.221346 -36.527351 -43.315029 -47.612758 -45.224895 -45.153665 -47.029740 -48.573492 -48.185960 -49.495525 -50.293403 -51.165027 -51.508327 -51.924363 -52.625739 -52.706698 -53.301133 -54.177660 -54.785728 -54.641320 -55.553055 -56.007743 -56.446591 -56.446094 -56.662035 -56.903856 
-7.058483 4.156221 2.069710 3.865889 0.177042 0.673525 -1.953448 -5.836074 -17.857502 -16.275355 -17.062527 -10.831702 -12.197434 -18.291703 -29.384135 -31.004122 -26.750431 -37.704124 -40.029596 -43.237614 -47.026323 -47.497810 -54.873517 -54.262678 -57.025570 -58.990208 -58.470704 -58.956407 -59.528239 -61.183595 -60.748597 -62.993934 -63.450163 -65.088044 -67.720280 -66.358183 -72.243971 -62.751310 -70.769215 -73.035901 
-7.560930 4.994706 3.362672 5.308881 4.064944 3.012080 0.289755 -0.973171 -12.506337 -13.313066 -11.279940 -6.268841 -6.473690 -12.547775 -20.328115 -29.152742 -21.347651 -28.014182 -40.243860 -42.552753 -44.594398 -48.488741 -48.704843 -51.733860 -51.503348 -51.783467 -49.813895 -53.157589 -56.254719 -55.322778 -56.679394 -58.748296 -59.061015 -56.692039 -61.203679 -60.148235 -62.657499 -58.259466 -62.484337 -63.297000 
-6.069330 6.629034 5.413207 5.258485 6.584369 4.289539 4.256673 3.254138 -5.319128 -12.602374 -11.319671 -4.105627 -7.379494 -0.741029 -9.237528 -14.621975 -13.406481 -17.704157 -32.483707 -37.598198 -42.292273 -50.432775 -42.906773 -44.074997 -49.357086 -50.439690 -43.388253 -51.935863 -53.086407 -51.836221 -55.555316 -61.891484 -58.369049 -55.109463 -68.243013 -64.477213 -57.994051 -56.063353 -65.819717 -74.646695 
-7.166058 6.829652 5.290428 7.185738 7.237955 6.729476 8.301565 9.730093 2.549470 -4.671983 -13.622707 -4.107546 -1.231487 4.910601 3.839881 -6.513331 -9.397254 -9.809752 -18.683571 -26.666788 -32.748582 -34.482738 -38.249732 -39.313630 -40.601476 -39.429186 -34.736646 -38.478480 -41.592529 -42.448442 -42.738779 -44.454060 -44.612603 -44.877571 -46.308550 -46.773688 -46.196820 -46.111827 -47.255711 -47.563213 
-4.844793 7.768563 5.655467 8.224755 8.771312 7.886868 9.530415 14.047689 5.628335 -2.855432 -10.972912 -2.703051 -3.954156 0.579887 8.197539 4.224304 -0.910336 -3.627463 -7.358514 -16.382819 -26.977153 -32.224598 -33.863053 -36.928680 -39.836026 -32.614770 -26.862067 -33.746422 -38.133341 -37.760488 -38.749921 -46.049939 -44.299604 -43.847315 -52.995045 -53.933050 -50.183738 -47.150779 -52.152143 -54.497192 
-5.269242 8.847564 7.456362 8.414920 8.668643 7.538372 8.502542 15.712543 9.694311 -1.527336 -8.589984 -1.734026 -1.565980 -3.576289 -0.554204 6.311800 8.676714 2.021608 -0.248431 -2.163310 -13.912374 -21.719291 -26.833143 -28.710126 -28.975631 -26.510174 -22.062342 -28.516061 -32.557385 -33.113198 -35.607513 -40.503605 -38.165867 -39.026693 -43.756349 -44.613534 -44.682064 -44.777414 -45.416307 -45.614293 
-3.974153 9.127098 8.075522 8.911696 9.141820 7.492017 7.493726 16.991339 10.868048 0.427739 -4.814399 -0.883438 -1.774360 -5.029796 -1.855719 1.495479 8.390078 7.691745 2.129718 3.542002 -1.428808 -11.594090 -18.285160 -19.666921 -20.644628 -20.070388 -16.163506 -21.884885 -24.630947 -25.645343 -29.075805 -40.859167 -37.759694 -42.573358 -53.106782 -55.426229 -55.868513 -55.298110 -55.827123 -56.594717 
-3.425142 9.964062 9.334350 9.824054 10.709742 8.433339 8.544931 17.591524 11.374184 5.030627 -1.947723 -0.613906 -2.411054 -4.472521 -2.505252 -0.448544 3.807090 8.150430 2.236033 0.724311 3.585296 -1.155385 -11.029304 -15.221489 -16.465797 -15.677114 -10.914936 -16.966858 -22.716952 -23.507931 -25.526371 -35.533581 -40.170643 -43.168676 -48.382395 -49.551197 -49.640193 -48.774592 -48.295767 -47.512770 
-3.243300 9.958222 8.929680 10.318079 10.654893 7.583808 8.670039 17.876018 11.162341 6.160518 -2.316726 -0.726979 -1.965051 -4.135214 -4.181454 -1.265941 3.601381 6.744252 1.513726 -1.539175 0.985468 4.033634 -0.537571 -10.178720 -12.406192 -9.852031 -4.325749 -9.757072 -16.206712 -18.062998 -19.808177 -34.180106 -36.374153 -35.688239 -39.550187 -40.836212 -41.086617 -41.025920 -41.250535 -41.133782 
-4.646374 10.237713 10.286262 10.591892 10.437310 8.563714 10.912811 17.501996 8.465846 4.311691 -2.778124 -3.105633 -3.411408 -5.462728 -4.061221 -3.131102 -0.604106 6.814125 4.786112 -1.488841 -2.412146 1.468295 1.056184 -7.850694 -11.284231 -10.387824 -6.021740 -8.658060 -14.798072 -16.083321 -19.312883 -33.716776 -37.736255 -39.917153 -45.714682 -47.425963 -47.481211 -44.986887 -45.422455 -46.868306 
-3.071018 10.303213 9.475664 9.978064 8.686481 8.870716 10.737117 15.082562 3.560139 -1.799947 -7.782090 -6.026902 -6.480873 -7.043163 -7.789004 -6.581526 -0.185215 2.812357 -2.937861 -7.481790 -7.120149 -2.305487 -0.176176 -8.313555 -17.554340 -14.832195 -7.211432 -8.596605 -14.412967 -19.499879 -26.507620 -42.611628 -40.845245 -39.412554 -49.676033 -56.457662 -59.404183 -45.172328 -48.980368 -56.109370 
-2.630312 9.233727 6.319109 9.461009 5.605397 2.444685 1.505920 4.998299 -6.916119 -12.488249 -19.476113 -11.063090 -18.456463 -18.169081 -14.015499 -9.720951 -6.098244 -7.358574 -13.706879 -16.584390 -15.524586 -10.820537 -7.347889 -19.329937 -25.752513 -23.922140 -17.552769 -16.046315 -21.067093 -24.795593 -33.058092 -45.825485 -44.338362 -45.281440 -48.383085 -48.324534 -49.734620 -48.326226 -49.099568 -50.222937 
-1.899115 9.921957 7.812788 12.135552 9.709218 -0.080252 -8.332618 -10.937852 -13.067686 -14.424105 -21.693782 -16.380856 -19.109925 -24.749826 -20.652525 -13.402541 -16.366792 -19.139268 -20.414564 -21.427364 -18.055267 -16.614011 -16.131565 -26.199173 -25.249422 -22.243239 -21.787795 -24.165082 -29.455497 -33.445391 -36.576782 -40.587278 -40.471305 -40.266448 -41.564249 -42.051598 -42.519066 -42.654298 -43.050073 -43.122082 
-1.463253 10.506054 7.234321 12.229945 9.772901 -2.834551 -6.571244 -6.336915 -17.432109 -20.245692 -24.433780 -17.120106 -21.992546 -25.719386 -23.378285 -13.388826 -18.243216 -23.284495 -18.899069 -21.680388 -25.706559 -17.971707 -18.932741 -26.566805 -31.187494 -33.252167 -25.992718 -25.328253 -34.306042 -33.782454 -36.877141 -42.372609 -42.989817 -43.050033 -44.624303 -45.134755 -45.339903 -45.063445 -45.743727 -45.914836 
-2.952253 10.441309 6.441858 12.218969 10.208752 -2.548953 -5.542059 -5.659369 -16.701938 -26.722007 -29.399376 -19.167910 -20.401978 -25.545958 -16.415618 -10.232098 -18.942809 -25.392427 -23.317782 -25.090640 -25.243255 -18.562773 -16.674232 -28.451012 -34.824566 -35.617335 -31.333378 -27.263338 -36.067077 -35.544072 -37.461052 -47.368716 -49.312631 -47.088205 -52.036348 -55.794197 -60.111505 -51.725572 -58.046936 -60.989639 
-2.888788 10.411597 6.892522 12.129720 10.738237 -2.231828 -4.094545 -5.556901 -15.037386 -21.634425 -23.468815 -19.646035 -18.400580 -22.540364 -10.817645 -9.311571 -16.711622 -25.768323 -23.447218 -25.708870 -25.912129 -20.677861 -17.033493 -22.358429 -32.455096 -34.191617 -27.844367 -23.646953 -32.087712 -31.953621 -35.900008 -39.416008 -39.886634 -40.265170 -40.787788 -41.334853 -41.743358 -41.587086 -42.074640 -42.254304 
-2.839657 10.645884 8.556817 12.467803 11.520055 -0.801923 -5.196599 -6.239879 -16.663205 -25.378156 -29.424769 -24.460549 -21.645866 -16.826893 -7.739823 -9.842574 -16.500757 -22.065916 -25.371079 -28.075697 -28.605950 -18.239490 -12.095803 -19.396475 -32.715557 -33.381784 -25.314712 -20.814075 -27.501728 -29.963317 -33.539232 -37.879502 -39.276934 -42.684748 -42.367090 -43.886231 -44.524579 -44.288965 -44.543929 -45.102124 
-3.641448 10.667850 9.308221 11.911445 12.190199 -0.174147 -4.789604 -6.487912 -15.175074 -23.146555 -28.023911 -23.389921 -17.140568 -12.931342 -6.641943 -7.555878 -18.525815 -23.376028 -25.218918 -21.856540 -22.868897 -16.999628 -11.188859 -17.496242 -31.959278 -32.203615 -25.717630 -22.901518 -27.687569 -29.393412 -30.897771 -35.365329 -39.885310 -46.877471 -48.194880 -51.191203 -51.882790 -50.515797 -51.270151 -52.387709 
-4.602180 10.344557 10.447611 10.248948 13.480121 1.361735 -3.558347 -7.990015 -14.102762 -27.307185 -22.978837 -18.038032 -16.022840 -10.032375 -5.112592 -6.199773 -14.498196 -21.401282 -23.230102 -23.549740 -24.736045 -18.101024 -10.844910 -15.892156 -29.803811 -31.432666 -26.188190 -20.929304 -27.214200 -26.735353 -31.356748 -40.827534 -43.284791 -49.012472 -47.414286 -57.015380 -52.493386 -54.472266 -55.133841 -57.830437 
-5.155116 10.673181 12.282319 9.317688 14.511207 3.625938 -3.712745 -12.113799 -11.463148 -19.516872 -17.367786 -15.015907 -9.590545 -7.565469 -2.442986 -7.176037 -17.283220 -22.068992 -26.075463 -24.443656 -24.018312 -20.118550 -11.836717 -14.939701 -28.096313 -33.270057 -26.397645 -20.852755 -25.688368 -23.524643 -28.913807 -37.443260 -46.270469 -45.617568 -49.793486 -54.468832 -49.120488 -49.772326 -50.304847 -53.511560 
-9.432058 9.488526 12.736753 6.421213 13.795236 10.090552 4.777707 7.201225 8.323571 7.122961 0.077331 -5.198811 -4.918479 0.651691 3.348054 1.474751 -13.267423 -17.687563 -13.922647 -14.673475 -17.069141 -16.319890 -11.752497 -11.548212 -9.935951 -16.614085 -11.799664 -7.809268 -16.044228 -19.481367 -27.159635 -29.538221 -27.148890 -34.074046 -44.076957 -45.506663 -41.962009 -37.291850 -35.410801 -36.035966 
-6.563468 9.341457 12.621142 5.718975 11.731815 3.884563 8.222984 6.100312 15.346412 12.667244 13.151604 6.747534 4.024105 8.255185 9.807254 5.655467 -5.152288 -10.563126 -11.514996 -17.194066 -15.962966 -15.842262 -13.055570 -10.408020 -2.880490 -9.280980 -5.635556 -2.111141 -8.944064 -12.400839 -21.098656 -28.812218 -32.079268 -38.854709 -50.871575 -54.005582 -41.528779 -30.079030 -33.423263 -36.085717 
-9.879928 9.000092 13.108535 5.258229 11.298817 6.353825 6.534313 5.603035 15.096050 12.934574 16.603608 8.074958 4.899687 7.324717 12.878886 7.906814 -0.469792 -8.262989 -12.314051 -14.139565 -18.873368 -14.516253 -16.283084 -12.244433 -1.955733 -3.350832 -3.494205 -0.920879 -6.749175 -9.763276 -18.545702 -28.956909 -40.558002 -42.163456 -43.037708 -43.628817 -40.350125 -32.586629 -34.279484 -34.334359 
-10.524531 7.863184 13.409059 4.110711 11.003480 7.656210 4.858334 5.440817 13.982147 12.248352 15.915449 7.485265 5.081195 7.323292 14.156590 8.047492 -2.377458 -7.290978 -12.548544 -14.777124 -20.217493 -19.851857 -16.593607 -13.249630 -4.437312 -1.400844 -3.619759 1.782927 -3.893381 -8.623490 -15.968049 -26.442175 -40.426082 -45.211295 -47.342006 -48.644673 -45.220004 -34.186429 -34.592254 -31.444210 
-13.463796 6.471997 13.596993 5.534026 9.951794 10.236582 3.723057 7.384410 12.952147 15.597916 12.005976 7.016303 5.281790 8.653640 13.642615 10.832928 -5.561784 -11.909071 -13.491018 -17.894280 -20.548472 -16.544729 -17.735576 -16.395935 -5.461829 -0.821077 -1.421408 2.992177 -1.605185 -7.070967 -12.446466 -24.935957 -34.434845 -37.520690 -38.397283 -39.077229 -36.730272 -30.295034 -31.182455 -28.673094 
-12.867930 4.210097 13.039896 6.133472 7.504244 10.468932 2.840950 9.981009 11.837868 19.366926 9.691591 10.332831 7.130422 10.091257 13.911277 9.799798 -2.573461 -8.061534 -13.125466 -15.363272 -16.658140 -15.830044 -17.785070 -17.865444 -6.549783 0.002446 -2.196094 2.303227 -1.032735 -7.164717 -11.166061 -24.308460 -34.986000 -38.777691 -39.381751 -39.454609 -36.725007 -30.632146 -31.721960 -31.157918 
-30.182605 1.243416 12.352129 6.881099 5.358676 10.821844 2.349143 11.360614 9.540764 20.615535 10.133230 7.395607 3.757347 9.449362 16.720702 5.914539 -4.787734 -10.090129 -13.870650 -16.101363 -17.647208 -16.260651 -18.735995 -21.611061 -8.618466 0.087907 -0.956523 2.592910 1.291705 -5.691849 -12.658143 -23.357924 -37.750753 -46.682774 -47.677481 -48.157667 -41.224060 -29.838101 -32.453318 -34.528674 
-17.282785 -1.202423 11.659630 8.064134 -0.370702 10.196004 2.587323 9.998664 9.187518 18.089586 12.178470 1.735450 -0.356159 5.384616 12.586770 3.717545 -9.122574 -11.645688 -15.150268 -19.257848 -21.143546 -21.869416 -20.856444 -23.484592 -12.857655 -0.591686 -1.598346 1.805350 0.901158 -6.973446 -14.378768 -25.620752 -40.552120 -47.941782 -54.121743 -54.979542 -48.130505 -35.474872 -38.682349 -37.473440 
-21.788468 -3.637756 10.779296 9.099512 -1.499039 9.461640 4.100665 9.404643 11.057860 11.255293 12.453620 0.272754 4.372800 8.857160 6.455150 3.238771 -8.839815 -15.636051 -19.950677 -20.535837 -19.605561 -22.080874 -24.832914 -24.827938 -16.887943 -2.186909 -2.781583 0.106357 -1.313476 -8.340395 -16.687473 -24.358996 -36.347422 -40.827558 -41.716121 -42.129641 -40.506700 -34.251514 -38.647367 -36.775449 
-24.901769 -6.028629 9.923495 10.013249 -6.333414 8.113069 7.430502 10.591186 16.542707 3.407358 7.780638 2.077046 7.766322 9.850589 6.792465 -6.483361 -13.990466 -17.866756 -22.707249 -22.707944 -26.010002 -22.979073 -25.007565 -29.016154 -17.437205 -4.883833 -6.653612 -3.642180 -4.063223 -9.541017 -17.298809 -26.440255 -40.583432 -43.800730 -44.477155 -44.658269 -42.174590 -34.158797 -37.019262 -37.857652 
-23.891222 -7.844339 9.341655 11.111528 -5.919264 8.693676 10.154837 7.819543 16.453320 1.924519 -0.747885 -2.128151 6.046373 3.217156 4.205880 -12.306425 -15.931766 -18.190595 -24.592841 -26.425570 -28.444085 -28.222634 -24.396920 -27.811582 -28.102632 -6.930706 -6.508679 -5.071467 -6.672883 -12.122737 -18.703728 -28.029606 -41.662434 -42.832741 -43.550914 -43.811821 -42.684019 -38.261745 -39.076997 -39.742188 
-18.214023 -11.380244 8.716878 11.508462 -4.040107 8.438744 11.770663 0.647938 12.124349 2.292664 -3.055107 -3.493556 5.164705 0.469962 -1.419328 -13.871210 -21.005974 -22.564584 -27.213459 -33.151999 -37.397668 -35.332317 -31.068007 -28.367822 -27.915275 -10.587110 -10.188437 -6.942733 -6.337499 -15.115076 -22.010985 -31.642064 -51.326792 -52.093452 -52.749015 -52.857075 -48.731150 -43.693924 -41.861617 -38.972734 
-17.215073 -12.150138 7.845381 11.110138 -4.071779 7.828780 12.925137 -0.602675 8.266741 1.995766 -0.998716 -0.547401 6.299428 5.078011 -6.690895 -14.490482 -19.876954 -24.282122 -27.576481 -31.087418 -35.266438 -35.905943 -32.462373 -31.528233 -24.933960 -14.042263 -15.391517 -16.282109 -12.886022 -20.195021 -22.972429 -35.244929 -44.615449 -44.664996 -44.879706 -45.160566 -45.296275 -44.484418 -42.518827 -38.171439 
-23.228102 -14.581294 5.896901 10.607216 -3.001715 7.005918 13.898616 -0.822373 4.493167 2.207754 -5.181200 -0.099151 2.324443 5.231745 -6.572211 -11.416301 -21.889046 -29.562411 -31.780321 -34.041803 -35.343555 -36.954431 -36.553302 -34.040859 -24.720410 -16.722532 -20.316278 -21.240388 -15.291971 -25.029545 -29.639194 -39.351423 -44.900035 -45.406790 -45.830795 -46.162976 -46.433587 -46.316080 -40.907591 -39.251662 
-17.712592 -21.964755 3.510956 9.883997 -1.817689 5.887172 14.554302 1.883011 -1.589013 0.310586 -8.442023 -0.525070 -3.943984 4.316641 -10.007893 -13.623188 -24.953564 -28.547099 -32.556654 -35.642777 -36.921743 -36.944201 -35.863529 -35.859958 -25.822214 -17.673278 -24.288441 -24.902518 -20.685757 -27.003101 -34.391250 -40.465627 -43.906954 -44.954304 -45.451380 -45.836191 -46.227854 -46.375870 -42.179839 -42.524733 
-19.405800 -22.255613 2.113841 9.358513 -1.438161 3.538925 14.304292 4.035612 -6.969238 -1.073587 -11.269336 -1.150323 -6.992406 4.045489 -9.191210 -14.548338 -25.732625 -29.687949 -32.503231 -33.573335 -34.962440 -35.539388 -36.152625 -36.719608 -26.722912 -20.198651 -29.301975 -29.860808 -24.110497 -30.366590 -36.059945 -40.688039 -42.172846 -42.818277 -43.218468 -43.567937 -43.904335 -44.100674 -43.291865 -43.039074 
-26.027302 -29.093984 -0.335671 9.113747 -0.195361 -1.168724 12.794770 5.394516 -14.416566 -3.082631 -15.866820 -6.268537 -10.981290 -0.120245 -6.307731 -16.501787 -24.327773 -28.041989 -36.707908 -39.028370 -38.001716 -39.107880 -38.865320 -40.738356 -30.067409 -23.090627 -34.516946 -33.260203 -25.853325 -32.449953 -40.365765 -46.705252 -49.875682 -50.671136 -50.768220 -50.879570 -51.719259 -51.714813 -47.864450 -46.221444 
-25.169615 -24.095114 -1.330268 8.983336 0.517900 -6.007816 10.342885 4.935968 -20.740693 -6.993015 -20.225776 -14.148898 -14.783368 -9.489512 -7.630669 -12.037437 -16.352588 -25.643020 -37.360000 -39.256923 -41.042770 -39.503023 -42.077830 -44.131318 -29.556918 -26.898071 -36.802299 -34.191213 -29.249562 -32.418465 -45.939944 -51.339935 -63.774377 -59.315439 -63.469180 -60.748239 -69.188626 -63.108815 -52.005559 -47.761026 
-25.580298 -22.120548 -0.759015 7.972760 -0.005736 -8.385445 6.029614 1.852673 -20.994083 -13.757575 -23.507342 -21.978758 -23.857059 -21.354949 -21.504231 -17.461418 -18.480090 -28.718285 -40.166159 -43.260382 -46.546975 -44.654915 -47.246613 -37.663528 -27.488654 -30.933603 -39.685444 -40.602858 -33.581207 -29.549138 -47.559502 -56.081340 -62.984049 -59.720281 -61.111956 -60.406532 -61.774288 -61.587548 -51.538820 -48.016893 
-14.885147 -12.605980 -1.283461 1.841158 -7.250390 -9.893881 -5.128835 -11.986702 -22.933273 -22.609522 -26.864320 -25.757609 -32.213905 -31.978437 -30.087373 -26.789563 -29.331914 -27.656577 -38.510734 -43.200417 -43.721225 -40.328317 -39.267917 -38.855131 -36.171157 -38.504466 -45.634682 -43.579938 -38.339736 -36.231422 -47.941228 -53.983213 -56.399673 -56.501468 -56.541869 -56.881461 -57.028600 -57.478078 -54.417780 -51.455680 
-17.456678 -17.381126 -9.187920 -10.004033 -15.257669 -23.708629 -23.687706 -21.927222 -26.018860 -27.696953 -37.579670 -40.147303 -40.918027 -36.924470 -33.420896 -30.495174 -35.667079 -39.293433 -47.826231 -50.938897 -52.586775 -50.060768 -52.392216 -50.023661 -47.999482 -48.381402 -58.238467 -51.995269 -46.653793 -47.610171 -58.998331 -62.023645 -65.215363 -67.282397 -68.444464 -70.384185 -71.027244 -72.417832 -60.120125 -57.685731 
-20.149483 -22.241214 -13.246220 -12.996081 -23.078781 -25.444793 -23.414225 -28.650941 -37.869319 -36.163589 -42.850103 -42.129057 -43.266706 -42.839469 -33.647617 -36.856056 -37.039481 -39.109279 -50.350228 -57.045492 -54.929746 -55.109165 -56.854107 -51.444289 -51.947776 -54.624139 -61.030977 -60.764086 -56.029737 -55.914936 -61.606037 -68.584571 -68.713160 -69.931039 -68.668003 -70.005431 -69.572082 -69.074916 -65.038224 -64.362460 
-31.056849 -35.502592 -29.023823 -34.670260 -33.371818 -30.589891 -22.724976 -26.363375 -39.449441 -39.560303 -36.936481 -43.582041 -46.730724 -45.239333 -39.014610 -40.787961 -36.981901 -42.662606 -53.344048 -55.220522 -60.475280 -59.261622 -65.446498 -60.780469 -53.529276 -60.655145 -61.176488 -61.437957 -58.793514 -63.233231 -62.523668 -65.799580 -69.868724 -69.252493 -69.802545 -70.472403 -68.836816 -69.567623 -71.242341 -71.314769 
-25.299602 -28.577735 -30.965811 -33.087112 -34.966545 -31.346139 -26.275651 -27.736763 -33.955759 -36.296918 -36.773930 -39.257120 -38.538181 -37.561020 -35.673536 -35.733110 -37.871647 -40.012610 -38.843831 -36.467889 -33.985982 -34.667000 -34.623917 -34.000916 -32.298738 -31.413297 -27.196049 -27.845119 -32.939826 -34.880583 -36.274719 -37.623030 -44.606187 -51.180323 -50.886160 -55.152872 -57.424900 -66.487761 -68.218222 -53.854721 
-27.335491 -23.908287 -26.697128 -30.749070 -27.891828 -24.628493 -26.744683 -27.280226 -28.468338 -37.018121 -38.772413 -36.016400 -37.918334 -35.221911 -33.593588 -34.306746 -37.196502 -40.414658 -38.161181 -33.098050 -31.575296 -32.976341 -33.199635 -32.437209 -29.939433 -29.560448 -24.049640 -24.351008 -27.462949 -28.509335 -31.949123 -31.807817 -36.091347 -46.103630 -41.527344 -46.879043 -49.632015 -49.193654 -50.370765 -44.618903 
-28.703010 -30.339330 -33.615114 -40.439826 -41.162658 -37.463351 -30.741720 -36.233526 -40.235076 -43.802618 -44.031725 -40.814091 -42.245682 -49.449686 -46.450847 -46.857648 -48.738715 -45.413328 -41.263190 -34.286208 -41.229591 -45.600746 -48.438963 -43.811758 -36.758732 -35.682043 -36.687071 -35.072710 -28.100300 -25.903246 -28.525734 -25.656392 -31.665435 -41.125933 -38.895288 -45.096382 -44.669327 -45.096564 -46.299656 -46.270275 
-25.285032 -25.989855 -31.014187 -43.395520 -35.354923 -30.063607 -28.595014 -27.692597 -30.806089 -38.098747 -37.226181 -36.730943 -37.257192 -42.010829 -45.694395 -45.622474 -47.206282 -42.302982 -39.547273 -28.969612 -37.109165 -46.172869 -51.311371 -40.926670 -36.219085 -37.881970 -34.715313 -35.047700 -29.128835 -27.160821 -28.060126 -26.586774 -32.684911 -38.402776 -41.514712 -45.488033 -44.019799 -48.215750 -53.022801 -51.126667 
-22.067654 -24.379568 -33.478205 -45.489299 -50.191056 -40.022759 -41.735374 -39.121367 -39.888845 -40.571755 -41.576213 -39.224551 -44.443935 -51.470805 -48.090751 -53.025588 -53.813763 -46.849249 -38.185349 -24.806796 -31.219152 -42.511779 -47.319645 -45.630506 -36.154662 -39.682385 -37.256476 -35.816739 -29.700424 -32.048465 -33.869664 -32.474472 -34.890639 -43.173506 -44.988749 -48.839601 -51.598585 -50.863325 -54.956665 -54.331546 
-19.543412 -32.328014 -35.954997 -43.993744 -48.481359 -44.429703 -40.893366 -38.453793 -37.333008 -42.326094 -49.059896 -42.916422 -48.407091 -52.840028 -47.523143 -49.487061 -51.305025 -45.367090 -41.526343 -32.874356 -39.147201 -47.022102 -50.222686 -48.944461 -36.649428 -43.053526 -43.434887 -41.831863 -39.256751 -44.910437 -41.815995 -39.889217 -42.687848 -50.170518 -52.395928 -52.062157 -55.778704 -54.255621 -59.818515 -57.774528 
-21.439022 -30.560966 -36.489817 -53.847792 -51.274853 -46.725231 -37.682544 -35.394065 -40.648558 -42.714459 -45.506683 -44.193856 -45.188026 -49.654299 -49.492162 -54.415333 -53.146518 -52.995056 -45.317971 -35.152754 -41.262343 -50.574837 -52.871438 -53.499655 -43.666052 -48.866692 -54.330181 -51.871454 -46.954704 -48.769204 -54.680973 -49.497574 -50.613968 -54.184502 -57.310694 -59.090584 -60.292361 -61.001314 -64.011814 -67.994594 
-17.849008 -30.448216 -37.642640 -46.047314 -53.059629 -47.938971 -45.829279 -39.447780 -43.793272 -44.764804 -48.818188 -46.634648 -45.001044 -48.390703 -52.154187 -59.629751 -57.962241 -55.707504 -47.380766 -35.320060 -44.212478 -54.954302 -52.464252 -54.869789 -50.400707 -53.605463 -59.459906 -58.970184 -56.985347 -57.535687 -59.155417 -53.751143 -56.888227 -61.600531 -60.548936 -64.350674 -64.596367 -64.568055 -65.774817 -70.432051 
-16.813887 -35.467776 -40.487775 -51.480074 -48.308154 -46.959990 -45.796878 -44.529667 -49.812350 -51.055852 -52.256016 -46.917916 -50.432193 -56.568937 -61.797167 -63.292305 -61.937209 -60.863210 -50.080254 -40.545994 -50.074523 -61.622876 -63.445572 -64.343444 -60.008146 -59.013626 -63.084097 -60.954336 -62.683472 -61.520296 -62.324227 -60.483928 -62.816806 -68.459038 -67.089044 -70.344677 -69.606067 -69.370348 -71.683258 -74.888883 
-17.365097 -32.311200 -36.930317 -44.036192 -48.327650 -48.758614 -45.697460 -44.503210 -51.317478 -58.746430 -55.865068 -48.367349 -49.305748 -58.676864 -60.719613 -62.452927 -60.996832 -56.391449 -59.536524 -51.896957 -56.953297 -62.805575 -61.952616 -62.705372 -60.034610 -63.729440 -66.049345 -65.913014 -65.684932 -64.261670 -66.260937 -66.949030 -65.845254 -66.639832 -71.741602 -71.936027 -68.575417 -72.789727 -73.301351 -71.826667 
-25.434313 -32.417378 -35.601484 -38.618721 -41.414195 -43.943381 -43.871376 -44.810317 -48.458919 -52.617483 -59.732353 -52.741489 -54.213308 -60.056172 -57.091644 -58.054487 -57.785298 -57.617964 -56.613703 -54.385371 -61.336147 -61.439734 -61.686859 -61.110358 -63.448040 -62.235869 -62.753314 -64.887553 -67.449246 -62.012574 -60.844460 -64.553749 -69.118725 -66.579736 -68.890520 -69.923995 -68.730664 -72.534624 -69.379825 -72.149281 
-58.538672 -60.558615 -63.900040 -64.572046 -64.687648 -66.641849 -68.821343 -71.466967 -64.728586 -67.277356 -69.021385 -67.615325 -64.845066 -71.307526 -73.970269 -76.486669 -73.899144 -70.980710 -72.107329 -71.880227 -70.710327 -77.664691 -79.436160 -74.717498 -73.450573 -71.720588 -73.508731 -73.857416 -70.268433 -76.358789 -76.213059 -75.493527 -76.948695 -75.972004 -72.858219 -71.560976 -73.333553 -75.826716 -73.795045 -76.861659 
-68.620437 -65.447506 -65.801448 -69.918656 -71.479001 -68.716330 -69.702867 -67.661380 -69.635755 -69.200001 -68.439081 -71.740817 -70.927148 -76.438670 -74.986965 -76.501473 -78.761463 -76.028294 -73.801874 -72.173229 -74.079855 -76.034414 -72.813780 -76.611232 -73.465478 -76.835199 -75.160525 -74.626422 -73.111132 -75.406395 -75.898051 -76.463815 -77.046082 -74.431786 -73.273576 -71.830625 -73.295294 -77.302041 -75.778126 -77.164873 
-62.541622 -73.313315 -75.088480 -71.362151 -71.866078 -69.846523 -68.109300 -73.009259 -75.727896 -70.001990 -74.136801 -76.295004 -76.780692 -72.174657 -74.456099 -74.593400 -75.708401 -76.875317 -76.333018 -74.916701 -75.746051 -75.092247 -75.991717 -75.096577 -74.719474 -80.994617 -75.635504 -74.669134 -78.113551 -76.322209 -76.887025 -76.283617 -76.737004 -75.069023 -74.702348 -75.682867 -77.104921 -75.507823 -74.583874 -76.468062 
-63.584077 -73.486102 -69.910592 -72.016579 -83.264130 -76.926193 -74.144005 -76.300319 -77.325261 -76.109690 -79.579141 -74.683119 -78.476429 -79.142209 -76.937623 -79.987647 -74.533009 -73.469832 -72.514035 -72.753838 -77.064032 -78.636799 -73.090229 -77.004841 -73.360659 -78.292748 -76.323500 -73.277964 -75.790616 -77.242384 -75.369645 -76.633772 -73.775987 -77.500526 -74.281667 -75.637288 -76.683640 -76.905413 -77.598071 -78.689891 
-63.888447 -77.343279 -77.858058 -76.590491 -75.706733 -74.070555 -75.725690 -81.016210 -74.098545 -70.259320 -76.461486 -74.633786 -73.819293 -74.969475 -73.241802 -69.663327 -72.232777 -73.184731 -73.461957 -73.687056 -74.706959 -73.797679 -78.336517 -78.484157 -81.902934 -76.771258 -77.638505 -78.499484 -77.618370 -74.810576 -78.126949 -76.431152 -76.992306 -74.536255 -74.043373 -77.812963 -74.248490 -76.792327 -74.924189 -77.215796 
-64.360074 -71.756257 -74.289290 -71.924097 -74.440437 -80.345050 -83.908601 -81.928832 -77.957949 -77.767900 -81.288398 -72.097782 -73.314185 -75.525663 -70.337424 -72.579651 -75.421001 -73.132646 -77.825109 -75.734867 -76.978446 -74.285760 -71.626625 -73.353920 -76.694762 -74.526051 -76.080417 -76.170628 -76.619807 -74.810868 -77.058680 -77.442664 -75.055894 -76.309098 -75.439521 -77.971532 -77.862858 -75.654100 -76.296070 -80.237759 
-65.509970 -79.450003 -75.437957 -73.278130 -76.227993 -84.017952 -77.591200 -76.008576 -88.812512 -80.822650 -71.148066 -74.368756 -76.060644 -78.086509 -76.038534 -82.454198 -81.831388 -78.661962 -76.042170 -77.789856 -78.656826 -77.050655 -76.889962 -79.138578 -76.788763 -78.742471 -78.019124 -76.845123 -77.420127 -77.988834 -74.923629 -77.127696 -76.894203 -74.836777 -75.512845 -77.817620 -78.404271 -77.030718 -76.543411 -77.627258 
-64.983413 -80.520338 -77.475190 -86.025818 -93.365598 -81.458095 -77.212866 -71.168468 -81.711948 -78.784576 -73.465192 -76.125228 -72.888058 -76.239113 -78.655787 -78.696420 -76.135505 -75.152089 -74.982517 -79.509524 -76.357593 -77.829475 -78.599008 -78.544790 -78.186099 -80.838925 -79.208372 -78.846775 -77.050284 -80.134111 -76.038749 -77.214623 -76.252733 -79.841067 -77.896091 -76.615423 -79.399158 -76.683928 -76.601976 -78.660728 
-60.172590 -73.375832 -82.464352 -74.011720 -70.226033 -69.241126 -70.662996 -75.514337 -72.005989 -72.970882 -79.035145 -75.330364 -76.950890 -79.812390 -77.169808 -73.789422 -75.556125 -82.857938 -80.021894 -82.333178 -74.458795 -77.923956 -77.960069 -78.997102 -75.969108 -77.060338 -74.093923 -73.959256 -77.078700 -78.550579 -74.502413 -73.645508 -77.485941 -75.402870 -77.654785 -76.111255 -75.400882 -74.650336 -75.928178 -75.954729 
-69.154978 -75.478965 -78.463810 -76.296804 -75.480831 -80.748752 -85.082519 -82.150630 -85.982220 -85.652567 -85.148537 -86.229444 -86.799397 -80.144862 -78.955893 -80.371407 -90.209549 -90.165850 -87.680399 -88.302386 -79.157039 -77.292552 -79.570352 -81.452899 -81.282925 -82.707091 -78.517604 -81.504675 -84.624069 -88.833374 -89.872691 -80.420426 -81.652416 -78.922602 -82.584170 -82.268335 -79.457295 -77.757259 -80.644863 -81.427198 
NaN NaN NaN NaN NaN NaN NaN NaN NaN NaN NaN NaN NaN NaN NaN NaN NaN NaN NaN NaN NaN NaN NaN NaN NaN NaN NaN NaN NaN NaN NaN NaN NaN NaN NaN NaN NaN NaN NaN NaN 
NaN NaN NaN NaN NaN NaN NaN NaN NaN NaN NaN NaN NaN NaN NaN NaN NaN NaN NaN NaN NaN NaN NaN NaN NaN NaN NaN NaN NaN NaN NaN NaN NaN NaN NaN NaN NaN NaN NaN NaN 
NaN NaN NaN NaN NaN NaN NaN NaN NaN NaN NaN NaN NaN NaN NaN NaN NaN NaN NaN NaN NaN NaN NaN NaN NaN NaN NaN NaN NaN NaN NaN NaN NaN NaN NaN NaN NaN NaN NaN NaN 
NaN NaN NaN NaN NaN NaN NaN NaN NaN NaN NaN NaN NaN NaN NaN NaN NaN NaN NaN NaN NaN NaN NaN NaN NaN NaN NaN NaN NaN NaN NaN NaN NaN NaN NaN NaN NaN NaN NaN NaN 
NaN NaN NaN NaN NaN NaN NaN NaN NaN NaN NaN NaN NaN NaN NaN NaN NaN NaN NaN NaN NaN NaN NaN NaN NaN NaN NaN NaN NaN NaN NaN NaN NaN NaN NaN NaN NaN NaN NaN NaN 
NaN NaN NaN NaN NaN NaN NaN NaN NaN NaN NaN NaN NaN NaN NaN NaN NaN NaN NaN NaN NaN NaN NaN NaN NaN NaN NaN NaN NaN NaN NaN NaN NaN NaN NaN NaN NaN NaN NaN NaN 
NaN NaN NaN NaN NaN NaN NaN NaN NaN NaN NaN NaN NaN NaN NaN NaN NaN NaN NaN NaN NaN NaN NaN NaN NaN NaN NaN NaN NaN NaN NaN NaN NaN NaN NaN NaN NaN NaN NaN NaN 
NaN NaN NaN NaN NaN NaN NaN NaN NaN NaN NaN NaN NaN NaN NaN NaN NaN NaN NaN NaN NaN NaN NaN NaN NaN NaN NaN NaN NaN NaN NaN NaN NaN NaN NaN NaN NaN NaN NaN NaN 
NaN NaN NaN NaN NaN NaN NaN NaN NaN NaN NaN NaN NaN NaN NaN NaN NaN NaN NaN NaN NaN NaN NaN NaN NaN NaN NaN NaN NaN NaN NaN NaN NaN NaN NaN NaN NaN NaN NaN NaN 
NaN NaN NaN NaN NaN NaN NaN NaN NaN NaN NaN NaN NaN NaN NaN NaN NaN NaN NaN NaN NaN NaN NaN NaN NaN NaN NaN NaN NaN NaN NaN NaN NaN NaN NaN NaN NaN NaN NaN NaN 
NaN NaN NaN NaN NaN NaN NaN NaN NaN NaN NaN NaN NaN NaN NaN NaN NaN NaN NaN NaN NaN NaN NaN NaN NaN NaN NaN NaN NaN NaN NaN NaN NaN NaN NaN NaN NaN NaN NaN NaN 
NaN NaN NaN NaN NaN NaN NaN NaN NaN NaN NaN NaN NaN NaN NaN NaN NaN NaN NaN NaN NaN NaN NaN NaN NaN NaN NaN NaN NaN NaN NaN NaN NaN NaN NaN NaN NaN NaN NaN NaN 
NaN NaN NaN NaN NaN NaN NaN NaN NaN NaN NaN NaN NaN NaN NaN NaN NaN NaN NaN NaN NaN NaN NaN NaN NaN NaN NaN NaN NaN NaN NaN NaN NaN NaN NaN NaN NaN NaN NaN NaN 
NaN NaN NaN NaN NaN NaN NaN NaN NaN NaN NaN NaN NaN NaN NaN NaN NaN NaN NaN NaN NaN NaN NaN NaN NaN NaN NaN NaN NaN NaN NaN NaN NaN NaN NaN NaN NaN NaN NaN NaN 
NaN NaN NaN NaN NaN NaN NaN NaN NaN NaN NaN NaN NaN NaN NaN NaN NaN NaN NaN NaN NaN NaN NaN NaN NaN NaN NaN NaN NaN NaN NaN NaN NaN NaN NaN NaN NaN NaN NaN NaN 
NaN NaN NaN NaN NaN NaN NaN NaN NaN NaN NaN NaN NaN NaN NaN NaN NaN NaN NaN NaN NaN NaN NaN NaN NaN NaN NaN NaN NaN NaN NaN NaN NaN NaN NaN NaN NaN NaN NaN NaN 
NaN NaN NaN NaN NaN NaN NaN NaN NaN NaN NaN NaN NaN NaN NaN NaN NaN NaN NaN NaN NaN NaN NaN NaN NaN NaN NaN NaN NaN NaN NaN NaN NaN NaN NaN NaN NaN NaN NaN NaN 
NaN NaN NaN NaN NaN NaN NaN NaN NaN NaN NaN NaN NaN NaN NaN NaN NaN NaN NaN NaN NaN NaN NaN NaN NaN NaN NaN NaN NaN NaN NaN NaN NaN NaN NaN NaN NaN NaN NaN NaN 
NaN NaN NaN NaN NaN NaN NaN NaN NaN NaN NaN NaN NaN NaN NaN NaN NaN NaN NaN NaN NaN NaN NaN NaN NaN NaN NaN NaN NaN NaN NaN NaN NaN NaN NaN NaN NaN NaN NaN NaN 
NaN NaN NaN NaN NaN NaN NaN NaN NaN NaN NaN NaN NaN NaN NaN NaN NaN NaN NaN NaN NaN NaN NaN NaN NaN NaN NaN NaN NaN NaN NaN NaN NaN NaN NaN NaN NaN NaN NaN NaN 
NaN NaN NaN NaN NaN NaN NaN NaN NaN NaN NaN NaN NaN NaN NaN NaN NaN NaN NaN NaN NaN NaN NaN NaN NaN NaN NaN NaN NaN NaN NaN NaN NaN NaN NaN NaN NaN NaN NaN NaN 
NaN NaN NaN NaN NaN NaN NaN NaN NaN NaN NaN NaN NaN NaN NaN NaN NaN NaN NaN NaN NaN NaN NaN NaN NaN NaN NaN NaN NaN NaN NaN NaN NaN NaN NaN NaN NaN NaN NaN NaN 
NaN NaN NaN NaN NaN NaN NaN NaN NaN NaN NaN NaN NaN NaN NaN NaN NaN NaN NaN NaN NaN NaN NaN NaN NaN NaN NaN NaN NaN NaN NaN NaN NaN NaN NaN NaN NaN NaN NaN NaN 
NaN NaN NaN NaN NaN NaN NaN NaN NaN NaN NaN NaN NaN NaN NaN NaN NaN NaN NaN NaN NaN NaN NaN NaN NaN NaN NaN NaN NaN NaN NaN NaN NaN NaN NaN NaN NaN NaN NaN NaN 
NaN NaN NaN NaN NaN NaN NaN NaN NaN NaN NaN NaN NaN NaN NaN NaN NaN NaN NaN NaN NaN NaN NaN NaN NaN NaN NaN NaN NaN NaN NaN NaN NaN NaN NaN NaN NaN NaN NaN NaN 
NaN NaN NaN NaN NaN NaN NaN NaN NaN NaN NaN NaN NaN NaN NaN NaN NaN NaN NaN NaN NaN NaN NaN NaN NaN NaN NaN NaN NaN NaN NaN NaN NaN NaN NaN NaN NaN NaN NaN NaN 
NaN NaN NaN NaN NaN NaN NaN NaN NaN NaN NaN NaN NaN NaN NaN NaN NaN NaN NaN NaN NaN NaN NaN NaN NaN NaN NaN NaN NaN NaN NaN NaN NaN NaN NaN NaN NaN NaN NaN NaN 
NaN NaN NaN NaN NaN NaN NaN NaN NaN NaN NaN NaN NaN NaN NaN NaN NaN NaN NaN NaN NaN NaN NaN NaN NaN NaN NaN NaN NaN NaN NaN NaN NaN NaN NaN NaN NaN NaN NaN NaN 
NaN NaN NaN NaN NaN NaN NaN NaN NaN NaN NaN NaN NaN NaN NaN NaN NaN NaN NaN NaN NaN NaN NaN NaN NaN NaN NaN NaN NaN NaN NaN NaN NaN NaN NaN NaN NaN NaN NaN NaN 
NaN NaN NaN NaN NaN NaN NaN NaN NaN NaN NaN NaN NaN NaN NaN NaN NaN NaN NaN NaN NaN NaN NaN NaN NaN NaN NaN NaN NaN NaN NaN NaN NaN NaN NaN NaN NaN NaN NaN NaN 
NaN NaN NaN NaN NaN NaN NaN NaN NaN NaN NaN NaN NaN NaN NaN NaN NaN NaN NaN NaN NaN NaN NaN NaN NaN NaN NaN NaN NaN NaN NaN NaN NaN NaN NaN NaN NaN NaN NaN NaN 
NaN NaN NaN NaN NaN NaN NaN NaN NaN NaN NaN NaN NaN NaN NaN NaN NaN NaN NaN NaN NaN NaN NaN NaN NaN NaN NaN NaN NaN NaN NaN NaN NaN NaN NaN NaN NaN NaN NaN NaN 
NaN NaN NaN NaN NaN NaN NaN NaN NaN NaN NaN NaN NaN NaN NaN NaN NaN NaN NaN NaN NaN NaN NaN NaN NaN NaN NaN NaN NaN NaN NaN NaN NaN NaN NaN NaN NaN NaN NaN NaN 
NaN NaN NaN NaN NaN NaN NaN NaN NaN NaN NaN NaN NaN NaN NaN NaN NaN NaN NaN NaN NaN NaN NaN NaN NaN NaN NaN NaN NaN NaN NaN NaN NaN NaN NaN NaN NaN NaN NaN NaN 
NaN NaN NaN NaN NaN NaN NaN NaN NaN NaN NaN NaN NaN NaN NaN NaN NaN NaN NaN NaN NaN NaN NaN NaN NaN NaN NaN NaN NaN NaN NaN NaN NaN NaN NaN NaN NaN NaN NaN NaN 
NaN NaN NaN NaN NaN NaN NaN NaN NaN NaN NaN NaN NaN NaN NaN NaN NaN NaN NaN NaN NaN NaN NaN NaN NaN NaN NaN NaN NaN NaN NaN NaN NaN NaN NaN NaN NaN NaN NaN NaN 
NaN NaN NaN NaN NaN NaN NaN NaN NaN NaN NaN NaN NaN NaN NaN NaN NaN NaN NaN NaN NaN NaN NaN NaN NaN NaN NaN NaN NaN NaN NaN NaN NaN NaN NaN NaN NaN NaN NaN NaN 
NaN NaN NaN NaN NaN NaN NaN NaN NaN NaN NaN NaN NaN NaN NaN NaN NaN NaN NaN NaN NaN NaN NaN NaN NaN NaN NaN NaN NaN NaN NaN NaN NaN NaN NaN NaN NaN NaN NaN NaN 
NaN NaN NaN NaN NaN NaN NaN NaN NaN NaN NaN NaN NaN NaN NaN NaN NaN NaN NaN NaN NaN NaN NaN NaN NaN NaN NaN NaN NaN NaN NaN NaN NaN NaN NaN NaN NaN NaN NaN NaN 
NaN NaN NaN NaN NaN NaN NaN NaN NaN NaN NaN NaN NaN NaN NaN NaN NaN NaN NaN NaN NaN NaN NaN NaN NaN NaN NaN NaN NaN NaN NaN NaN NaN NaN NaN NaN NaN NaN NaN NaN 
NaN NaN NaN NaN NaN NaN NaN NaN NaN NaN NaN NaN NaN NaN NaN NaN NaN NaN NaN NaN NaN NaN NaN NaN NaN NaN NaN NaN NaN NaN NaN NaN NaN NaN NaN NaN NaN NaN NaN NaN 
NaN NaN NaN NaN NaN NaN NaN NaN NaN NaN NaN NaN NaN NaN NaN NaN NaN NaN NaN NaN NaN NaN NaN NaN NaN NaN NaN NaN NaN NaN NaN NaN NaN NaN NaN NaN NaN NaN NaN NaN 
NaN NaN NaN NaN NaN NaN NaN NaN NaN NaN NaN NaN NaN NaN NaN NaN NaN NaN NaN NaN NaN NaN NaN NaN NaN NaN NaN NaN NaN NaN NaN NaN NaN NaN NaN NaN NaN NaN NaN NaN 
NaN NaN NaN NaN NaN NaN NaN NaN NaN NaN NaN NaN NaN NaN NaN NaN NaN NaN NaN NaN NaN NaN NaN NaN NaN NaN NaN NaN NaN NaN NaN NaN NaN NaN NaN NaN NaN NaN NaN NaN 
NaN NaN NaN NaN NaN NaN NaN NaN NaN NaN NaN NaN NaN NaN NaN NaN NaN NaN NaN NaN NaN NaN NaN NaN NaN NaN NaN NaN NaN NaN NaN NaN NaN NaN NaN NaN NaN NaN NaN NaN 
NaN NaN NaN NaN NaN NaN NaN NaN NaN NaN NaN NaN NaN NaN NaN NaN NaN NaN NaN NaN NaN NaN NaN NaN NaN NaN NaN NaN NaN NaN NaN NaN NaN NaN NaN NaN NaN NaN NaN NaN 
NaN NaN NaN NaN NaN NaN NaN NaN NaN NaN NaN NaN NaN NaN NaN NaN NaN NaN NaN NaN NaN NaN NaN NaN NaN NaN NaN NaN NaN NaN NaN NaN NaN NaN NaN NaN NaN NaN NaN NaN 
NaN NaN NaN NaN NaN NaN NaN NaN NaN NaN NaN NaN NaN NaN NaN NaN NaN NaN NaN NaN NaN NaN NaN NaN NaN NaN NaN NaN NaN NaN NaN NaN NaN NaN NaN NaN NaN NaN NaN NaN 
NaN NaN NaN NaN NaN NaN NaN NaN NaN NaN NaN NaN NaN NaN NaN NaN NaN NaN NaN NaN NaN NaN NaN NaN NaN NaN NaN NaN NaN NaN NaN NaN NaN NaN NaN NaN NaN NaN NaN NaN 
NaN NaN NaN NaN NaN NaN NaN NaN NaN NaN NaN NaN NaN NaN NaN NaN NaN NaN NaN NaN NaN NaN NaN NaN NaN NaN NaN NaN NaN NaN NaN NaN NaN NaN NaN NaN NaN NaN NaN NaN 
NaN NaN NaN NaN NaN NaN NaN NaN NaN NaN NaN NaN NaN NaN NaN NaN NaN NaN NaN NaN NaN NaN NaN NaN NaN NaN NaN NaN NaN NaN NaN NaN NaN NaN NaN NaN NaN NaN NaN NaN 
NaN NaN NaN NaN NaN NaN NaN NaN NaN NaN NaN NaN NaN NaN NaN NaN NaN NaN NaN NaN NaN NaN NaN NaN NaN NaN NaN NaN NaN NaN NaN NaN NaN NaN NaN NaN NaN NaN NaN NaN 
NaN NaN NaN NaN NaN NaN NaN NaN NaN NaN NaN NaN NaN NaN NaN NaN NaN NaN NaN NaN NaN NaN NaN NaN NaN NaN NaN NaN NaN NaN NaN NaN NaN NaN NaN NaN NaN NaN NaN NaN 
NaN NaN NaN NaN NaN NaN NaN NaN NaN NaN NaN NaN NaN NaN NaN NaN NaN NaN NaN NaN NaN NaN NaN NaN NaN NaN NaN NaN NaN NaN NaN NaN NaN NaN NaN NaN NaN NaN NaN NaN 
NaN NaN NaN NaN NaN NaN NaN NaN NaN NaN NaN NaN NaN NaN NaN NaN NaN NaN NaN NaN NaN NaN NaN NaN NaN NaN NaN NaN NaN NaN NaN NaN NaN NaN NaN NaN NaN NaN NaN NaN 
NaN NaN NaN NaN NaN NaN NaN NaN NaN NaN NaN NaN NaN NaN NaN NaN NaN NaN NaN NaN NaN NaN NaN NaN NaN NaN NaN NaN NaN NaN NaN NaN NaN NaN NaN NaN NaN NaN NaN NaN 
NaN NaN NaN NaN NaN NaN NaN NaN NaN NaN NaN NaN NaN NaN NaN NaN NaN NaN NaN NaN NaN NaN NaN NaN NaN NaN NaN NaN NaN NaN NaN NaN NaN NaN NaN NaN NaN NaN NaN NaN 
NaN NaN NaN NaN NaN NaN NaN NaN NaN NaN NaN NaN NaN NaN NaN NaN NaN NaN NaN NaN NaN NaN NaN NaN NaN NaN NaN NaN NaN NaN NaN NaN NaN NaN NaN NaN NaN NaN NaN NaN 
NaN NaN NaN NaN NaN NaN NaN NaN NaN NaN NaN NaN NaN NaN NaN NaN NaN NaN NaN NaN NaN NaN NaN NaN NaN NaN NaN NaN NaN NaN NaN NaN NaN NaN NaN NaN NaN NaN NaN NaN 
NaN NaN NaN NaN NaN NaN NaN NaN NaN NaN NaN NaN NaN NaN NaN NaN NaN NaN NaN NaN NaN NaN NaN NaN NaN NaN NaN NaN NaN NaN NaN NaN NaN NaN NaN NaN NaN NaN NaN NaN 
NaN NaN NaN NaN NaN NaN NaN NaN NaN NaN NaN NaN NaN NaN NaN NaN NaN NaN NaN NaN NaN NaN NaN NaN NaN NaN NaN NaN NaN NaN NaN NaN NaN NaN NaN NaN NaN NaN NaN NaN 
NaN NaN NaN NaN NaN NaN NaN NaN NaN NaN NaN NaN NaN NaN NaN NaN NaN NaN NaN NaN NaN NaN NaN NaN NaN NaN NaN NaN NaN NaN NaN NaN NaN NaN NaN NaN NaN NaN NaN NaN 
NaN NaN NaN NaN NaN NaN NaN NaN NaN NaN NaN NaN NaN NaN NaN NaN NaN NaN NaN NaN NaN NaN NaN NaN NaN NaN NaN NaN NaN NaN NaN NaN NaN NaN NaN NaN NaN NaN NaN NaN 
NaN NaN NaN NaN NaN NaN NaN NaN NaN NaN NaN NaN NaN NaN NaN NaN NaN NaN NaN NaN NaN NaN NaN NaN NaN NaN NaN NaN NaN NaN NaN NaN NaN NaN NaN NaN NaN NaN NaN NaN 
NaN NaN NaN NaN NaN NaN NaN NaN NaN NaN NaN NaN NaN NaN NaN NaN NaN NaN NaN NaN NaN NaN NaN NaN NaN NaN NaN NaN NaN NaN NaN NaN NaN NaN NaN NaN NaN NaN NaN NaN 
NaN NaN NaN NaN NaN NaN NaN NaN NaN NaN NaN NaN NaN NaN NaN NaN NaN NaN NaN NaN NaN NaN NaN NaN NaN NaN NaN NaN NaN NaN NaN NaN NaN NaN NaN NaN NaN NaN NaN NaN 
NaN NaN NaN NaN NaN NaN NaN NaN NaN NaN NaN NaN NaN NaN NaN NaN NaN NaN NaN NaN NaN NaN NaN NaN NaN NaN NaN NaN NaN NaN NaN NaN NaN NaN NaN NaN NaN NaN NaN NaN 
NaN NaN NaN NaN NaN NaN NaN NaN NaN NaN NaN NaN NaN NaN NaN NaN NaN NaN NaN NaN NaN NaN NaN NaN NaN NaN NaN NaN NaN NaN NaN NaN NaN NaN NaN NaN NaN NaN NaN NaN 
NaN NaN NaN NaN NaN NaN NaN NaN NaN NaN NaN NaN NaN NaN NaN NaN NaN NaN NaN NaN NaN NaN NaN NaN NaN NaN NaN NaN NaN NaN NaN NaN NaN NaN NaN NaN NaN NaN NaN NaN 
NaN NaN NaN NaN NaN NaN NaN NaN NaN NaN NaN NaN NaN NaN NaN NaN NaN NaN NaN NaN NaN NaN NaN NaN NaN NaN NaN NaN NaN NaN NaN NaN NaN NaN NaN NaN NaN NaN NaN NaN 
NaN NaN NaN NaN NaN NaN NaN NaN NaN NaN NaN NaN NaN NaN NaN NaN NaN NaN NaN NaN NaN NaN NaN NaN NaN NaN NaN NaN NaN NaN NaN NaN NaN NaN NaN NaN NaN NaN NaN NaN 
NaN NaN NaN NaN NaN NaN NaN NaN NaN NaN NaN NaN NaN NaN NaN NaN NaN NaN NaN NaN NaN NaN NaN NaN NaN NaN NaN NaN NaN NaN NaN NaN NaN NaN NaN NaN NaN NaN NaN NaN 
NaN NaN NaN NaN NaN NaN NaN NaN NaN NaN NaN NaN NaN NaN NaN NaN NaN NaN NaN NaN NaN NaN NaN NaN NaN NaN NaN NaN NaN NaN NaN NaN NaN NaN NaN NaN NaN NaN NaN NaN 
NaN NaN NaN NaN NaN NaN NaN NaN NaN NaN NaN NaN NaN NaN NaN NaN NaN NaN NaN NaN NaN NaN NaN NaN NaN NaN NaN NaN NaN NaN NaN NaN NaN NaN NaN NaN NaN NaN NaN NaN 
NaN NaN NaN NaN NaN NaN NaN NaN NaN NaN NaN NaN NaN NaN NaN NaN NaN NaN NaN NaN NaN NaN NaN NaN NaN NaN NaN NaN NaN NaN NaN NaN NaN NaN NaN NaN NaN NaN NaN NaN 
NaN NaN NaN NaN NaN NaN NaN NaN NaN NaN NaN NaN NaN NaN NaN NaN NaN NaN NaN NaN NaN NaN NaN NaN NaN NaN NaN NaN NaN NaN NaN NaN NaN NaN NaN NaN NaN NaN NaN NaN 
NaN NaN NaN NaN NaN NaN NaN NaN NaN NaN NaN NaN NaN NaN NaN NaN NaN NaN NaN NaN NaN NaN NaN NaN NaN NaN NaN NaN NaN NaN NaN NaN NaN NaN NaN NaN NaN NaN NaN NaN 
NaN NaN NaN NaN NaN NaN NaN NaN NaN NaN NaN NaN NaN NaN NaN NaN NaN NaN NaN NaN NaN NaN NaN NaN NaN NaN NaN NaN NaN NaN NaN NaN NaN NaN NaN NaN NaN NaN NaN NaN 
NaN NaN NaN NaN NaN NaN NaN NaN NaN NaN NaN NaN NaN NaN NaN NaN NaN NaN NaN NaN NaN NaN NaN NaN NaN NaN NaN NaN NaN NaN NaN NaN NaN NaN NaN NaN NaN NaN NaN NaN 
NaN NaN NaN NaN NaN NaN NaN NaN NaN NaN NaN NaN NaN NaN NaN NaN NaN NaN NaN NaN NaN NaN NaN NaN NaN NaN NaN NaN NaN NaN NaN NaN NaN NaN NaN NaN NaN NaN NaN NaN 
