NaN NaN NaN NaN NaN NaN NaN NaN NaN NaN NaN NaN NaN NaN NaN NaN NaN NaN NaN NaN NaN NaN NaN NaN NaN NaN NaN NaN NaN NaN NaN NaN NaN NaN NaN NaN NaN NaN NaN NaN 
NaN NaN NaN NaN NaN NaN NaN NaN NaN NaN NaN NaN NaN NaN NaN NaN NaN NaN NaN NaN NaN NaN NaN NaN NaN NaN NaN NaN NaN NaN NaN NaN NaN NaN NaN NaN NaN NaN NaN NaN 
NaN NaN NaN NaN NaN NaN NaN NaN NaN NaN NaN NaN NaN NaN NaN NaN NaN NaN NaN NaN NaN NaN NaN NaN NaN NaN NaN NaN NaN NaN NaN NaN NaN NaN NaN NaN NaN NaN NaN NaN 
NaN NaN NaN NaN NaN NaN NaN NaN NaN NaN NaN NaN NaN NaN NaN NaN NaN NaN NaN NaN NaN NaN NaN NaN NaN NaN NaN NaN NaN NaN NaN NaN NaN NaN NaN NaN NaN NaN NaN NaN 
NaN NaN NaN NaN NaN NaN NaN NaN NaN NaN NaN NaN NaN NaN NaN NaN NaN NaN NaN NaN NaN NaN NaN NaN NaN NaN NaN NaN NaN NaN NaN NaN NaN NaN NaN NaN NaN NaN NaN NaN 
NaN NaN NaN NaN NaN NaN NaN NaN NaN NaN NaN NaN NaN NaN NaN NaN NaN NaN NaN NaN NaN NaN NaN NaN NaN NaN NaN NaN NaN NaN NaN NaN NaN NaN NaN NaN NaN NaN NaN NaN 
NaN NaN NaN NaN NaN NaN NaN NaN NaN NaN NaN NaN NaN NaN NaN NaN NaN NaN NaN NaN NaN NaN NaN NaN NaN NaN NaN NaN NaN NaN NaN NaN NaN NaN NaN NaN NaN NaN NaN NaN 
NaN NaN NaN NaN NaN NaN NaN NaN NaN NaN NaN NaN NaN NaN NaN NaN NaN NaN NaN NaN NaN NaN NaN NaN NaN NaN NaN NaN NaN NaN NaN NaN NaN NaN NaN NaN NaN NaN NaN NaN 
NaN NaN NaN NaN NaN NaN NaN NaN NaN NaN NaN NaN NaN NaN NaN NaN NaN NaN NaN NaN NaN NaN NaN NaN NaN NaN NaN NaN NaN NaN NaN NaN NaN NaN NaN NaN NaN NaN NaN NaN 
NaN NaN NaN NaN NaN NaN NaN NaN NaN NaN NaN NaN NaN NaN NaN NaN NaN NaN NaN NaN NaN NaN NaN NaN NaN NaN NaN NaN NaN NaN NaN NaN NaN NaN NaN NaN NaN NaN NaN NaN 
NaN NaN NaN NaN NaN NaN NaN NaN NaN NaN NaN NaN NaN NaN NaN NaN NaN NaN NaN NaN NaN NaN NaN NaN NaN NaN NaN NaN NaN NaN NaN NaN NaN NaN NaN NaN NaN NaN NaN NaN 
NaN NaN NaN NaN NaN NaN NaN NaN NaN NaN NaN NaN NaN NaN NaN NaN NaN NaN NaN NaN NaN NaN NaN NaN NaN NaN NaN NaN NaN NaN NaN NaN NaN NaN NaN NaN NaN NaN NaN NaN 
NaN NaN NaN NaN NaN NaN NaN NaN NaN NaN NaN NaN NaN NaN NaN NaN NaN NaN NaN NaN NaN NaN NaN NaN NaN NaN NaN NaN NaN NaN NaN NaN NaN NaN NaN NaN NaN NaN NaN NaN 
NaN NaN NaN NaN NaN NaN NaN NaN NaN NaN NaN NaN NaN NaN NaN NaN NaN NaN NaN NaN NaN NaN NaN NaN NaN NaN NaN NaN NaN NaN NaN NaN NaN NaN NaN NaN NaN NaN NaN NaN 
NaN NaN NaN NaN NaN NaN NaN NaN NaN NaN NaN NaN NaN NaN NaN NaN NaN NaN NaN NaN NaN NaN NaN NaN NaN NaN NaN NaN NaN NaN NaN NaN NaN NaN NaN NaN NaN NaN NaN NaN 
NaN NaN NaN NaN NaN NaN NaN NaN NaN NaN NaN NaN NaN NaN NaN NaN NaN NaN NaN NaN NaN NaN NaN NaN NaN NaN NaN NaN NaN NaN NaN NaN NaN NaN NaN NaN NaN NaN NaN NaN 
NaN NaN NaN NaN NaN NaN NaN NaN NaN NaN NaN NaN NaN NaN NaN NaN NaN NaN NaN NaN NaN NaN NaN NaN NaN NaN NaN NaN NaN NaN NaN NaN NaN NaN NaN NaN NaN NaN NaN NaN 
NaN NaN NaN NaN NaN NaN NaN NaN NaN NaN NaN NaN NaN NaN NaN NaN NaN NaN NaN NaN NaN NaN NaN NaN NaN NaN NaN NaN NaN NaN NaN NaN NaN NaN NaN NaN NaN NaN NaN NaN 
NaN NaN NaN NaN NaN NaN NaN NaN NaN NaN NaN NaN NaN NaN NaN NaN NaN NaN NaN NaN NaN NaN NaN NaN NaN NaN NaN NaN NaN NaN NaN NaN NaN NaN NaN NaN NaN NaN NaN NaN 
NaN NaN NaN NaN NaN NaN NaN NaN NaN NaN NaN NaN NaN NaN NaN NaN NaN NaN NaN NaN NaN NaN NaN NaN NaN NaN NaN NaN NaN NaN NaN NaN NaN NaN NaN NaN NaN NaN NaN NaN 
NaN NaN NaN NaN NaN NaN NaN NaN NaN NaN NaN NaN NaN NaN NaN NaN NaN NaN NaN NaN NaN NaN NaN NaN NaN NaN NaN NaN NaN NaN NaN NaN NaN NaN NaN NaN NaN NaN NaN NaN 
NaN NaN NaN NaN NaN NaN NaN NaN NaN NaN NaN NaN NaN NaN NaN NaN NaN NaN NaN NaN NaN NaN NaN NaN NaN NaN NaN NaN NaN NaN NaN NaN NaN NaN NaN NaN NaN NaN NaN NaN 
NaN NaN NaN NaN NaN NaN NaN NaN NaN NaN NaN NaN NaN NaN NaN NaN NaN NaN NaN NaN NaN NaN NaN NaN NaN NaN NaN NaN NaN NaN NaN NaN NaN NaN NaN NaN NaN NaN NaN NaN 
NaN NaN NaN NaN NaN NaN NaN NaN NaN NaN NaN NaN NaN NaN NaN NaN NaN NaN NaN NaN NaN NaN NaN NaN NaN NaN NaN NaN NaN NaN NaN NaN NaN NaN NaN NaN NaN NaN NaN NaN 
NaN NaN NaN NaN NaN NaN NaN NaN NaN NaN NaN NaN NaN NaN NaN NaN NaN NaN NaN NaN NaN NaN NaN NaN NaN NaN NaN NaN NaN NaN NaN NaN NaN NaN NaN NaN NaN NaN NaN NaN 
NaN NaN NaN NaN NaN NaN NaN NaN NaN NaN NaN NaN NaN NaN NaN NaN NaN NaN NaN NaN NaN NaN NaN NaN NaN NaN NaN NaN NaN NaN NaN NaN NaN NaN NaN NaN NaN NaN NaN NaN 
NaN NaN NaN NaN NaN NaN NaN NaN NaN NaN NaN NaN NaN NaN NaN NaN NaN NaN NaN NaN NaN NaN NaN NaN NaN NaN NaN NaN NaN NaN NaN NaN NaN NaN NaN NaN NaN NaN NaN NaN 
NaN NaN NaN NaN NaN NaN NaN NaN NaN NaN NaN NaN NaN NaN NaN NaN NaN NaN NaN NaN NaN NaN NaN NaN NaN NaN NaN NaN NaN NaN NaN NaN NaN NaN NaN NaN NaN NaN NaN NaN 
NaN NaN NaN NaN NaN NaN NaN NaN NaN NaN NaN NaN NaN NaN NaN NaN NaN NaN NaN NaN NaN NaN NaN NaN NaN NaN NaN NaN NaN NaN NaN NaN NaN NaN NaN NaN NaN NaN NaN NaN 
NaN NaN NaN NaN NaN NaN NaN NaN NaN NaN NaN NaN NaN NaN NaN NaN NaN NaN NaN NaN NaN NaN NaN NaN NaN NaN NaN NaN NaN NaN NaN NaN NaN NaN NaN NaN NaN NaN NaN NaN 
NaN NaN NaN NaN NaN NaN NaN NaN NaN NaN NaN NaN NaN NaN NaN NaN NaN NaN NaN NaN NaN NaN NaN NaN NaN NaN NaN NaN NaN NaN NaN NaN NaN NaN NaN NaN NaN NaN NaN NaN 
NaN NaN NaN NaN NaN NaN NaN NaN NaN NaN NaN NaN NaN NaN NaN NaN NaN NaN NaN NaN NaN NaN NaN NaN NaN NaN NaN NaN NaN NaN NaN NaN NaN NaN NaN NaN NaN NaN NaN NaN 
NaN NaN NaN NaN NaN NaN NaN NaN NaN NaN NaN NaN NaN NaN NaN NaN NaN NaN NaN NaN NaN NaN NaN NaN NaN NaN NaN NaN NaN NaN NaN NaN NaN NaN NaN NaN NaN NaN NaN NaN 
NaN NaN NaN NaN NaN NaN NaN NaN NaN NaN NaN NaN NaN NaN NaN NaN NaN NaN NaN NaN NaN NaN NaN NaN NaN NaN NaN NaN NaN NaN NaN NaN NaN NaN NaN NaN NaN NaN NaN NaN 
NaN NaN NaN NaN NaN NaN NaN NaN NaN NaN NaN NaN NaN NaN NaN NaN NaN NaN NaN NaN NaN NaN NaN NaN NaN NaN NaN NaN NaN NaN NaN NaN NaN NaN NaN NaN NaN NaN NaN NaN 
NaN NaN NaN NaN NaN NaN NaN NaN NaN NaN NaN NaN NaN NaN NaN NaN NaN NaN NaN NaN NaN NaN NaN NaN NaN NaN NaN NaN NaN NaN NaN NaN NaN NaN NaN NaN NaN NaN NaN NaN 
NaN NaN NaN NaN NaN NaN NaN NaN NaN NaN NaN NaN NaN NaN NaN NaN NaN NaN NaN NaN NaN NaN NaN NaN NaN NaN NaN NaN NaN NaN NaN NaN NaN NaN NaN NaN NaN NaN NaN NaN 
NaN NaN NaN NaN NaN NaN NaN NaN NaN NaN NaN NaN NaN NaN NaN NaN NaN NaN NaN NaN NaN NaN NaN NaN NaN NaN NaN NaN NaN NaN NaN NaN NaN NaN NaN NaN NaN NaN NaN NaN 
NaN NaN NaN NaN NaN NaN NaN NaN NaN NaN NaN NaN NaN NaN NaN NaN NaN NaN NaN NaN NaN NaN NaN NaN NaN NaN NaN NaN NaN NaN NaN NaN NaN NaN NaN NaN NaN NaN NaN NaN 
NaN NaN NaN NaN NaN NaN NaN NaN NaN NaN NaN NaN NaN NaN NaN NaN NaN NaN NaN NaN NaN NaN NaN NaN NaN NaN NaN NaN NaN NaN NaN NaN NaN NaN NaN NaN NaN NaN NaN NaN 
NaN NaN NaN NaN NaN NaN NaN NaN NaN NaN NaN NaN NaN NaN NaN NaN NaN NaN NaN NaN NaN NaN NaN NaN NaN NaN NaN NaN NaN NaN NaN NaN NaN NaN NaN NaN NaN NaN NaN NaN 
NaN NaN NaN NaN NaN NaN NaN NaN NaN NaN NaN NaN NaN NaN NaN NaN NaN NaN NaN NaN NaN NaN NaN NaN NaN NaN NaN NaN NaN NaN NaN NaN NaN NaN NaN NaN NaN NaN NaN NaN 
NaN NaN NaN NaN NaN NaN NaN NaN NaN NaN NaN NaN NaN NaN NaN NaN NaN NaN NaN NaN NaN NaN NaN NaN NaN NaN NaN NaN NaN NaN NaN NaN NaN NaN NaN NaN NaN NaN NaN NaN 
NaN NaN NaN NaN NaN NaN NaN NaN NaN NaN NaN NaN NaN NaN NaN NaN NaN NaN NaN NaN NaN NaN NaN NaN NaN NaN NaN NaN NaN NaN NaN NaN NaN NaN NaN NaN NaN NaN NaN NaN 
NaN NaN NaN NaN NaN NaN NaN NaN NaN NaN NaN NaN NaN NaN NaN NaN NaN NaN NaN NaN NaN NaN NaN NaN NaN NaN NaN NaN NaN NaN NaN NaN NaN NaN NaN NaN NaN NaN NaN NaN 
NaN NaN NaN NaN NaN NaN NaN NaN NaN NaN NaN NaN NaN NaN NaN NaN NaN NaN NaN NaN NaN NaN NaN NaN NaN NaN NaN NaN NaN NaN NaN NaN NaN NaN NaN NaN NaN NaN NaN NaN 
NaN NaN NaN NaN NaN NaN NaN NaN NaN NaN NaN NaN NaN NaN NaN NaN NaN NaN NaN NaN NaN NaN NaN NaN NaN NaN NaN NaN NaN NaN NaN NaN NaN NaN NaN NaN NaN NaN NaN NaN 
NaN NaN NaN NaN NaN NaN NaN NaN NaN NaN NaN NaN NaN NaN NaN NaN NaN NaN NaN NaN NaN NaN NaN NaN NaN NaN NaN NaN NaN NaN NaN NaN NaN NaN NaN NaN NaN NaN NaN NaN 
NaN NaN NaN NaN NaN NaN NaN NaN NaN NaN NaN NaN NaN NaN NaN NaN NaN NaN NaN NaN NaN NaN NaN NaN NaN NaN NaN NaN NaN NaN NaN NaN NaN NaN NaN NaN NaN NaN NaN NaN 
NaN NaN NaN NaN NaN NaN NaN NaN NaN NaN NaN NaN NaN NaN NaN NaN NaN NaN NaN NaN NaN NaN NaN NaN NaN NaN NaN NaN NaN NaN NaN NaN NaN NaN NaN NaN NaN NaN NaN NaN 
NaN NaN NaN NaN NaN NaN NaN NaN NaN NaN NaN NaN NaN NaN NaN NaN NaN NaN NaN NaN NaN NaN NaN NaN NaN NaN NaN NaN NaN NaN NaN NaN NaN NaN NaN NaN NaN NaN NaN NaN 
NaN NaN NaN NaN NaN NaN NaN NaN NaN NaN NaN NaN NaN NaN NaN NaN NaN NaN NaN NaN NaN NaN NaN NaN NaN NaN NaN NaN NaN NaN NaN NaN NaN NaN NaN NaN NaN NaN NaN NaN 
NaN NaN NaN NaN NaN NaN NaN NaN NaN NaN NaN NaN NaN NaN NaN NaN NaN NaN NaN NaN NaN NaN NaN NaN NaN NaN NaN NaN NaN NaN NaN NaN NaN NaN NaN NaN NaN NaN NaN NaN 
NaN NaN NaN NaN NaN NaN NaN NaN NaN NaN NaN NaN NaN NaN NaN NaN NaN NaN NaN NaN NaN NaN NaN NaN NaN NaN NaN NaN NaN NaN NaN NaN NaN NaN NaN NaN NaN NaN NaN NaN 
NaN NaN NaN NaN NaN NaN NaN NaN NaN NaN NaN NaN NaN NaN NaN NaN NaN NaN NaN NaN NaN NaN NaN NaN NaN NaN NaN NaN NaN NaN NaN NaN NaN NaN NaN NaN NaN NaN NaN NaN 
NaN NaN NaN NaN NaN NaN NaN NaN NaN NaN NaN NaN NaN NaN NaN NaN NaN NaN NaN NaN NaN NaN NaN NaN NaN NaN NaN NaN NaN NaN NaN NaN NaN NaN NaN NaN NaN NaN NaN NaN 
NaN NaN NaN NaN NaN NaN NaN NaN NaN NaN NaN NaN NaN NaN NaN NaN NaN NaN NaN NaN NaN NaN NaN NaN NaN NaN NaN NaN NaN NaN NaN NaN NaN NaN NaN NaN NaN NaN NaN NaN 
NaN NaN NaN NaN NaN NaN NaN NaN NaN NaN NaN NaN NaN NaN NaN NaN NaN NaN NaN NaN NaN NaN NaN NaN NaN NaN NaN NaN NaN NaN NaN NaN NaN NaN NaN NaN NaN NaN NaN NaN 
NaN NaN NaN NaN NaN NaN NaN NaN NaN NaN NaN NaN NaN NaN NaN NaN NaN NaN NaN NaN NaN NaN NaN NaN NaN NaN NaN NaN NaN NaN NaN NaN NaN NaN NaN NaN NaN NaN NaN NaN 
NaN NaN NaN NaN NaN NaN NaN NaN NaN NaN NaN NaN NaN NaN NaN NaN NaN NaN NaN NaN NaN NaN NaN NaN NaN NaN NaN NaN NaN NaN NaN NaN NaN NaN NaN NaN NaN NaN NaN NaN 
NaN NaN NaN NaN NaN NaN NaN NaN NaN NaN NaN NaN NaN NaN NaN NaN NaN NaN NaN NaN NaN NaN NaN NaN NaN NaN NaN NaN NaN NaN NaN NaN NaN NaN NaN NaN NaN NaN NaN NaN 
NaN NaN NaN NaN NaN NaN NaN NaN NaN NaN NaN NaN NaN NaN NaN NaN NaN NaN NaN NaN NaN NaN NaN NaN NaN NaN NaN NaN NaN NaN NaN NaN NaN NaN NaN NaN NaN NaN NaN NaN 
NaN NaN NaN NaN NaN NaN NaN NaN NaN NaN NaN NaN NaN NaN NaN NaN NaN NaN NaN NaN NaN NaN NaN NaN NaN NaN NaN NaN NaN NaN NaN NaN NaN NaN NaN NaN NaN NaN NaN NaN 
NaN NaN NaN NaN NaN NaN NaN NaN NaN NaN NaN NaN NaN NaN NaN NaN NaN NaN NaN NaN NaN NaN NaN NaN NaN NaN NaN NaN NaN NaN NaN NaN NaN NaN NaN NaN NaN NaN NaN NaN 
NaN NaN NaN NaN NaN NaN NaN NaN NaN NaN NaN NaN NaN NaN NaN NaN NaN NaN NaN NaN NaN NaN NaN NaN NaN NaN NaN NaN NaN NaN NaN NaN NaN NaN NaN NaN NaN NaN NaN NaN 
NaN NaN NaN NaN NaN NaN NaN NaN NaN NaN NaN NaN NaN NaN NaN NaN NaN NaN NaN NaN NaN NaN NaN NaN NaN NaN NaN NaN NaN NaN NaN NaN NaN NaN NaN NaN NaN NaN NaN NaN 
NaN NaN NaN NaN NaN NaN NaN NaN NaN NaN NaN NaN NaN NaN NaN NaN NaN NaN NaN NaN NaN NaN NaN NaN NaN NaN NaN NaN NaN NaN NaN NaN NaN NaN NaN NaN NaN NaN NaN NaN 
NaN NaN NaN NaN NaN NaN NaN NaN NaN NaN NaN NaN NaN NaN NaN NaN NaN NaN NaN NaN NaN NaN NaN NaN NaN NaN NaN NaN NaN NaN NaN NaN NaN NaN NaN NaN NaN NaN NaN NaN 
NaN NaN NaN NaN NaN NaN NaN NaN NaN NaN NaN NaN NaN NaN NaN NaN NaN NaN NaN NaN NaN NaN NaN NaN NaN NaN NaN NaN NaN NaN NaN NaN NaN NaN NaN NaN NaN NaN NaN NaN 
NaN NaN NaN NaN NaN NaN NaN NaN NaN NaN NaN NaN NaN NaN NaN NaN NaN NaN NaN NaN NaN NaN NaN NaN NaN NaN NaN NaN NaN NaN NaN NaN NaN NaN NaN NaN NaN NaN NaN NaN 
NaN NaN NaN NaN NaN NaN NaN NaN NaN NaN NaN NaN NaN NaN NaN NaN NaN NaN NaN NaN NaN NaN NaN NaN NaN NaN NaN NaN NaN NaN NaN NaN NaN NaN NaN NaN NaN NaN NaN NaN 
NaN NaN NaN NaN NaN NaN NaN NaN NaN NaN NaN NaN NaN NaN NaN NaN NaN NaN NaN NaN NaN NaN NaN NaN NaN NaN NaN NaN NaN NaN NaN NaN NaN NaN NaN NaN NaN NaN NaN NaN 
NaN NaN NaN NaN NaN NaN NaN NaN NaN NaN NaN NaN NaN NaN NaN NaN NaN NaN NaN NaN NaN NaN NaN NaN NaN NaN NaN NaN NaN NaN NaN NaN NaN NaN NaN NaN NaN NaN NaN NaN 
NaN NaN NaN NaN NaN NaN NaN NaN NaN NaN NaN NaN NaN NaN NaN NaN NaN NaN NaN NaN NaN NaN NaN NaN NaN NaN NaN NaN NaN NaN NaN NaN NaN NaN NaN NaN NaN NaN NaN NaN 
NaN NaN NaN NaN NaN NaN NaN NaN NaN NaN NaN NaN NaN NaN NaN NaN NaN NaN NaN NaN NaN NaN NaN NaN NaN NaN NaN NaN NaN NaN NaN NaN NaN NaN NaN NaN NaN NaN NaN NaN 
NaN NaN NaN NaN NaN NaN NaN NaN NaN NaN NaN NaN NaN NaN NaN NaN NaN NaN NaN NaN NaN NaN NaN NaN NaN NaN NaN NaN NaN NaN NaN NaN NaN NaN NaN NaN NaN NaN NaN NaN 
NaN NaN NaN NaN NaN NaN NaN NaN NaN NaN NaN NaN NaN NaN NaN NaN NaN NaN NaN NaN NaN NaN NaN NaN NaN NaN NaN NaN NaN NaN NaN NaN NaN NaN NaN NaN NaN NaN NaN NaN 
NaN NaN NaN NaN NaN NaN NaN NaN NaN NaN NaN NaN NaN NaN NaN NaN NaN NaN NaN NaN NaN NaN NaN NaN NaN NaN NaN NaN NaN NaN NaN NaN NaN NaN NaN NaN NaN NaN NaN NaN 
NaN NaN NaN NaN NaN NaN NaN NaN NaN NaN NaN NaN NaN NaN NaN NaN NaN NaN NaN NaN NaN NaN NaN NaN NaN NaN NaN NaN NaN NaN NaN NaN NaN NaN NaN NaN NaN NaN NaN NaN 
NaN NaN NaN NaN NaN NaN NaN NaN NaN NaN NaN NaN NaN NaN NaN NaN NaN NaN NaN NaN NaN NaN NaN NaN NaN NaN NaN NaN NaN NaN NaN NaN NaN NaN NaN NaN NaN NaN NaN NaN 
NaN NaN NaN NaN NaN NaN NaN NaN NaN NaN NaN NaN NaN NaN NaN NaN NaN NaN NaN NaN NaN NaN NaN NaN NaN NaN NaN NaN NaN NaN NaN NaN NaN NaN NaN NaN NaN NaN NaN NaN 
NaN NaN NaN NaN NaN NaN NaN NaN NaN NaN NaN NaN NaN NaN NaN NaN NaN NaN NaN NaN NaN NaN NaN NaN NaN NaN NaN NaN NaN NaN NaN NaN NaN NaN NaN NaN NaN NaN NaN NaN 
NaN NaN NaN NaN NaN NaN NaN NaN NaN NaN NaN NaN NaN NaN NaN NaN NaN NaN NaN NaN NaN NaN NaN NaN NaN NaN NaN NaN NaN NaN NaN NaN NaN NaN NaN NaN NaN NaN NaN NaN 
NaN NaN NaN NaN NaN NaN NaN NaN NaN NaN NaN NaN NaN NaN NaN NaN NaN NaN NaN NaN NaN NaN NaN NaN NaN NaN NaN NaN NaN NaN NaN NaN NaN NaN NaN NaN NaN NaN NaN NaN 
NaN NaN NaN NaN NaN NaN NaN NaN NaN NaN NaN NaN NaN NaN NaN NaN NaN NaN NaN NaN NaN NaN NaN NaN NaN NaN NaN NaN NaN NaN NaN NaN NaN NaN NaN NaN NaN NaN NaN NaN 
NaN NaN NaN NaN NaN NaN NaN NaN NaN NaN NaN NaN NaN NaN NaN NaN NaN NaN NaN NaN NaN NaN NaN NaN NaN NaN NaN NaN NaN NaN NaN NaN NaN NaN NaN NaN NaN NaN NaN NaN 
NaN NaN NaN NaN NaN NaN NaN NaN NaN NaN NaN NaN NaN NaN NaN NaN NaN NaN NaN NaN NaN NaN NaN NaN NaN NaN NaN NaN NaN NaN NaN NaN NaN NaN NaN NaN NaN NaN NaN NaN 
NaN NaN NaN NaN NaN NaN NaN NaN NaN NaN NaN NaN NaN NaN NaN NaN NaN NaN NaN NaN NaN NaN NaN NaN NaN NaN NaN NaN NaN NaN NaN NaN NaN NaN NaN NaN NaN NaN NaN NaN 
NaN NaN NaN NaN NaN NaN NaN NaN NaN NaN NaN NaN NaN NaN NaN NaN NaN NaN NaN NaN NaN NaN NaN NaN NaN NaN NaN NaN NaN NaN NaN NaN NaN NaN NaN NaN NaN NaN NaN NaN 
NaN NaN NaN NaN NaN NaN NaN NaN NaN NaN NaN NaN NaN NaN NaN NaN NaN NaN NaN NaN NaN NaN NaN NaN NaN NaN NaN NaN NaN NaN NaN NaN NaN NaN NaN NaN NaN NaN NaN NaN 
NaN NaN NaN NaN NaN NaN NaN NaN NaN NaN NaN NaN NaN NaN NaN NaN NaN NaN NaN NaN NaN NaN NaN NaN NaN NaN NaN NaN NaN NaN NaN NaN NaN NaN NaN NaN NaN NaN NaN NaN 
NaN NaN NaN NaN NaN NaN NaN NaN NaN NaN NaN NaN NaN NaN NaN NaN NaN NaN NaN NaN NaN NaN NaN NaN NaN NaN NaN NaN NaN NaN NaN NaN NaN NaN NaN NaN NaN NaN NaN NaN 
NaN NaN NaN NaN NaN NaN NaN NaN NaN NaN NaN NaN NaN NaN NaN NaN NaN NaN NaN NaN NaN NaN NaN NaN NaN NaN NaN NaN NaN NaN NaN NaN NaN NaN NaN NaN NaN NaN NaN NaN 
NaN NaN NaN NaN NaN NaN NaN NaN NaN NaN NaN NaN NaN NaN NaN NaN NaN NaN NaN NaN NaN NaN NaN NaN NaN NaN NaN NaN NaN NaN NaN NaN NaN NaN NaN NaN NaN NaN NaN NaN 
-93.948440 -94.038626 -94.189237 -94.444744 -94.794449 -95.290797 -95.907982 -96.717796 -97.824469 -99.185130 -100.882793 -102.969479 -105.103253 -106.496791 -106.384477 -105.436723 -104.711065 -104.774532 -105.982296 -108.874385 -113.692905 -112.842369 -107.984125 -105.639990 -105.880370 -109.741575 -115.425046 -107.254598 -102.769804 -102.178474 -105.594342 -111.751163 -106.833696 -105.678372 -112.490010 -109.703494 -106.138069 -111.022888 -117.641102 -106.901737 
-58.782799 -65.789868 -70.445703 -71.517536 -73.428681 -72.618545 -75.513194 -84.473297 -93.655125 -92.541905 -86.963529 -78.525725 -81.783625 -80.593701 -82.792509 -80.062801 -83.513400 -82.978005 -78.967234 -81.709340 -78.281805 -79.008528 -80.299080 -81.263869 -81.137881 -78.081158 -78.767750 -78.375801 -79.320482 -81.035191 -76.982393 -79.421618 -80.236954 -76.916369 -75.442206 -78.193223 -77.638075 -78.617570 -81.398578 -82.256827 
-54.285499 -74.660437 -81.227754 -72.442158 -74.304803 -75.588963 -73.694447 -77.723936 -80.468248 -77.399231 -73.626890 -70.366256 -77.722464 -75.641467 -74.268809 -73.486475 -73.231147 -72.944960 -74.880313 -71.561224 -75.421852 -74.941612 -77.681658 -74.404820 -76.151373 -73.852142 -75.472304 -76.340954 -73.907335 -75.605392 -76.289177 -75.999847 -72.793130 -76.077577 -75.210867 -77.262538 -76.135806 -74.774710 -73.430461 -74.878646 
-56.369157 -83.140374 -74.513953 -74.725385 -79.690728 -78.613555 -81.154573 -78.469841 -77.781106 -74.097830 -71.724573 -71.408704 -74.072593 -72.372523 -76.154755 -74.418754 -70.852311 -72.193900 -71.263507 -75.496305 -75.350361 -74.665708 -73.889421 -71.807123 -78.970689 -75.494420 -76.866809 -74.891245 -75.829102 -75.672682 -76.174069 -74.441437 -76.081387 -75.816592 -77.278918 -76.349771 -75.019480 -74.859008 -73.747910 -73.358580 
-61.120604 -53.317333 -54.263798 -56.784005 -58.158733 -58.528109 -63.011170 -66.139339 -64.639561 -62.542793 -63.874366 -71.247381 -67.624806 -67.560058 -72.702141 -70.178411 -69.211064 -69.601062 -71.749846 -71.084434 -71.933513 -70.464434 -69.579674 -72.427217 -74.042790 -70.407910 -71.962141 -71.508574 -72.882752 -76.780348 -74.863632 -74.269693 -73.537437 -71.876716 -72.273721 -76.866624 -75.087974 -74.617973 -73.216654 -73.586358 
-27.679873 -28.190512 -35.944239 -41.347009 -43.456959 -46.375008 -44.526997 -45.842534 -46.844223 -50.597525 -54.313290 -52.648247 -52.520887 -58.201927 -60.642261 -57.912443 -57.928292 -59.156235 -59.764884 -58.370867 -59.701816 -57.485553 -57.566312 -59.611869 -60.680891 -57.102024 -60.863745 -58.220846 -59.648007 -65.913636 -65.274198 -69.049897 -66.823024 -65.100610 -66.882218 -66.054128 -66.032856 -66.645896 -68.009944 -67.126664 
-20.558082 -24.318375 -33.649176 -36.951585 -44.987800 -45.965327 -47.087795 -50.149444 -52.603992 -57.178463 -58.064755 -52.599573 -61.390048 -58.182979 -58.207563 -57.479200 -61.974522 -57.673549 -60.071632 -66.774030 -59.818750 -60.857680 -60.698604 -61.927933 -67.075645 -63.251593 -61.954746 -63.280902 -59.387666 -62.200741 -61.974394 -65.870113 -63.196169 -65.193247 -68.319366 -68.192310 -63.664108 -65.634280 -65.666710 -66.772267 
-20.831736 -23.851085 -33.321105 -40.072782 -45.182112 -46.007362 -43.915514 -41.984915 -51.402271 -51.711824 -54.813872 -48.818909 -50.176554 -52.375641 -56.591816 -57.103976 -50.832569 -51.885726 -54.124880 -58.503130 -52.719176 -55.821583 -56.395533 -56.523404 -57.718160 -62.268883 -56.273879 -57.088421 -65.718625 -64.591003 -65.682812 -62.859543 -60.370646 -69.444835 -67.860006 -69.343622 -66.726138 -68.065449 -68.869355 -70.759314 
-24.479150 -29.249599 -31.771989 -35.243442 -43.662118 -37.372642 -31.041191 -32.487162 -38.090530 -44.199627 -44.862312 -49.801722 -41.646039 -45.607625 -47.020630 -48.051278 -46.166963 -43.168146 -45.103620 -44.842223 -50.324266 -51.160227 -49.173871 -48.711490 -51.431767 -54.386894 -56.711464 -49.653177 -46.011242 -50.447889 -47.510438 -49.015238 -47.646692 -44.762377 -47.585633 -53.671159 -52.320980 -53.228439 -53.566074 -57.560529 
-22.003682 -23.483870 -28.636331 -37.925060 -43.801420 -40.351190 -27.832728 -30.134651 -34.240768 -40.911135 -42.734202 -36.779063 -32.030908 -31.898734 -44.550432 -40.787742 -43.266619 -39.202274 -40.533570 -41.710438 -45.396281 -42.262189 -33.318196 -34.802569 -38.998053 -41.254777 -43.309305 -38.237561 -32.121080 -33.166636 -31.327343 -30.916888 -30.164748 -26.591593 -30.025810 -36.378196 -32.154774 -30.674189 -35.318154 -36.437867 
-20.433296 -25.671472 -25.941653 -32.967444 -51.017786 -42.220067 -27.601731 -30.519811 -29.213294 -26.598105 -37.059627 -35.678747 -32.652245 -33.373451 -45.303000 -48.961349 -53.101021 -50.381273 -51.241209 -52.950984 -60.110883 -55.416260 -35.130165 -30.369057 -38.826548 -38.486804 -41.852664 -29.945013 -27.808373 -28.009132 -27.102725 -24.388685 -18.250662 -13.637321 -17.005431 -28.225130 -26.865734 -21.136608 -25.770932 -28.102049 
-25.270911 -22.751860 -26.903471 -32.851549 -43.876424 -40.371893 -28.432711 -23.108932 -26.142207 -25.072463 -29.847869 -30.543166 -25.401179 -26.406058 -36.829938 -36.392501 -41.658540 -44.564476 -40.010214 -39.147432 -41.469177 -44.077315 -36.028661 -31.558004 -40.466110 -39.086750 -34.879487 -27.041989 -21.154613 -23.909214 -23.123688 -20.417629 -14.788269 -7.381081 -8.646760 -16.513752 -13.326692 -12.645528 -17.291219 -23.964123 
-20.287666 -17.988149 -24.937496 -34.499707 -37.115564 -32.617261 -27.083961 -21.196241 -23.430265 -26.685867 -27.397252 -27.949953 -32.366721 -30.068851 -31.898094 -30.562246 -33.463821 -34.851863 -31.220473 -32.860929 -35.345624 -37.127512 -37.939024 -38.434940 -41.236505 -38.606379 -27.850945 -26.019617 -19.002357 -22.308618 -25.783444 -18.767347 -8.958894 -5.464313 -9.035400 -13.381038 -6.526533 -5.419096 -10.949141 -17.518922 
-21.331722 -20.667396 -29.072000 -38.036381 -34.442139 -33.078514 -28.959413 -26.907320 -27.990644 -24.508498 -24.557627 -26.347701 -23.124260 -27.952342 -29.364603 -30.399124 -29.457047 -32.538139 -31.286568 -31.980289 -36.069600 -38.029724 -45.759640 -42.754266 -38.306214 -38.776117 -26.736488 -18.885101 -17.099336 -24.727198 -33.930798 -25.694006 -9.677983 0.496111 1.562194 -7.872198 -5.210082 -5.163631 -10.835059 -13.700169 
-24.859103 -22.910516 -30.360925 -45.741577 -37.457100 -31.375367 -25.607247 -34.035430 -27.614844 -30.991275 -33.257500 -29.236247 -25.979469 -28.874575 -30.072464 -35.243391 -34.072710 -34.371540 -32.605240 -27.868202 -32.375450 -39.200481 -35.562899 -33.151157 -33.670987 -28.532110 -21.152417 -17.368357 -15.821357 -22.158228 -27.950516 -24.134060 -6.733302 -1.847818 -1.231842 -5.064704 -4.025836 -3.039366 -8.499713 -8.105878 
-17.046568 -19.308212 -33.306514 -40.422625 -43.531725 -40.163199 -31.145838 -30.059217 -31.573469 -30.985539 -31.364991 -26.064761 -29.549586 -29.006943 -28.362094 -31.315856 -33.181748 -27.685737 -29.135875 -31.428217 -31.602046 -36.155723 -37.997662 -32.117776 -28.392603 -27.860508 -19.288162 -17.297782 -16.898762 -19.437482 -25.563564 -23.105322 -8.515206 0.269425 -3.908361 -3.942521 -3.863393 -2.362992 -6.790655 -10.170158 
-14.193564 -16.982543 -28.734923 -35.571472 -34.732317 -34.724735 -33.183198 -26.567358 -34.460682 -38.181334 -37.853315 -32.960700 -32.446194 -33.437488 -29.464940 -29.793750 -37.632057 -36.535486 -27.523695 -26.788499 -30.160671 -37.210947 -38.211681 -31.772677 -28.573116 -24.612134 -19.568238 -20.647909 -16.596872 -20.112215 -17.309927 -14.132466 -4.291329 4.048335 3.378205 -2.811264 0.667222 -0.852552 -1.918884 -5.137883 
-14.268407 -18.932946 -31.381972 -40.158891 -39.179712 -33.568426 -29.358092 -33.949460 -37.095571 -36.608054 -32.024177 -35.092718 -27.142262 -27.493929 -26.043558 -30.150986 -33.505694 -34.768892 -26.939932 -27.056395 -27.869753 -28.948616 -33.295788 -29.060070 -30.723329 -26.095030 -20.788109 -18.706910 -15.956305 -18.983683 -16.463183 -9.656036 -1.756567 1.754946 5.612123 -1.022012 2.779707 2.202853 0.397700 -2.910077 
-24.903565 -25.341340 -35.350484 -32.415287 -31.257342 -30.523408 -30.654108 -35.011063 -33.769639 -38.286006 -35.621065 -35.603951 -29.586964 -30.758064 -31.869275 -34.194505 -29.718074 -33.203482 -23.975524 -25.161293 -28.744196 -29.413493 -30.796851 -27.522112 -29.979544 -27.524890 -26.914624 -19.626533 -14.715393 -15.192303 -12.921186 -9.033335 -2.964471 -1.208334 4.902046 -2.842945 0.146075 4.066960 0.137807 -4.605427 
-31.461052 -24.736113 -26.841467 -32.699626 -37.119687 -33.262612 -31.552296 -32.779082 -29.413269 -31.002831 -40.155506 -32.413823 -34.420045 -27.202026 -27.078241 -27.054791 -29.508533 -32.583210 -24.234893 -29.903269 -32.990274 -32.313882 -31.495269 -23.879147 -27.273041 -25.575648 -23.606441 -22.241242 -17.094093 -16.946981 -18.282413 -11.438756 -4.423591 2.243873 6.245520 -1.169614 1.464632 4.631454 -0.649919 -4.543359 
-30.876252 -25.728166 -41.887526 -42.781132 -35.565264 -31.905945 -32.550112 -30.393206 -33.736495 -37.750008 -33.055953 -32.778168 -32.048840 -32.577227 -34.422030 -33.349676 -32.279275 -33.803513 -26.243655 -25.630583 -29.514000 -29.180011 -30.319817 -27.925537 -29.386320 -27.979066 -25.047539 -22.801908 -20.887576 -16.473786 -19.136312 -14.586334 -6.763972 1.971379 2.330291 -1.016164 3.753212 7.200131 0.401933 -5.469995 
-25.834788 -25.912687 -34.266503 -41.485930 -45.947228 -40.984046 -38.965379 -35.993304 -32.912519 -35.861629 -36.419280 -35.239332 -35.645384 -36.038060 -29.278769 -31.032554 -37.920669 -32.573671 -30.498709 -26.312625 -32.617783 -31.931753 -31.891850 -29.212908 -30.824384 -32.595003 -27.911627 -24.806014 -20.732463 -21.757428 -25.904516 -17.940948 -6.964910 -0.145880 0.674349 -0.551955 3.941619 6.386671 3.082035 -4.322459 
-25.915256 -28.070457 -44.093247 -40.246550 -40.140932 -35.993288 -39.095004 -36.440083 -34.204816 -33.599114 -34.158283 -32.589899 -33.094350 -31.371384 -30.788315 -30.195940 -34.310209 -26.262731 -30.366678 -26.622237 -33.583723 -35.017310 -33.138770 -27.203822 -31.499073 -26.621258 -24.544324 -19.677822 -19.557649 -18.606971 -28.006020 -21.742884 -9.960045 -4.433221 -0.875456 4.424146 4.957272 2.825059 1.875782 -1.098511 
-26.396204 -27.113735 -37.007832 -32.469656 -30.095175 -33.197349 -39.826643 -27.641286 -31.384640 -40.793894 -34.106831 -30.433382 -29.258935 -27.146020 -29.362414 -30.511131 -32.719905 -29.670824 -26.374992 -22.819817 -25.410633 -27.253676 -26.305540 -23.189874 -25.737673 -21.018013 -21.719996 -17.946302 -14.427786 -17.275927 -30.230015 -26.392604 -12.051303 -4.713193 -1.954291 0.392343 5.488182 4.003197 0.578586 -2.616444 
-24.350474 -23.101574 -22.779551 -23.404701 -26.533109 -19.502302 -18.972725 -23.523969 -26.920156 -27.105561 -28.768598 -28.836304 -26.809984 -18.998529 -20.729384 -20.072399 -25.247520 -30.609596 -16.332589 -12.604103 -21.720079 -23.942803 -22.682751 -16.684995 -18.625289 -16.180389 -18.002496 -14.921734 -10.727310 -14.220190 -26.719839 -23.330900 -6.098488 -5.649252 -1.156484 -2.737286 2.668496 3.365738 -1.174782 -5.620183 
-13.333156 -9.145256 -13.834898 -11.887930 -19.858242 -15.252485 -12.474457 -18.916737 -19.723983 -15.592966 -19.242673 -21.186818 -18.515696 -19.305540 -16.563022 -17.549837 -22.489612 -20.631946 -16.884123 -10.014672 -17.667587 -16.914701 -20.213590 -17.800656 -16.872140 -18.878395 -18.657172 -17.536125 -11.942494 -14.277344 -28.553080 -39.185614 -11.442362 -9.056707 -4.294292 -4.821299 -2.300097 -1.257935 -0.040643 -8.722630 
-2.928030 10.980503 16.225219 13.573604 8.465584 9.307559 11.732762 9.646480 3.538315 -3.318604 -2.868019 -6.213934 -9.321352 -10.767018 -11.336398 -11.416138 -10.432031 -6.820336 -4.472324 -0.905953 -4.500310 -8.928185 -8.421340 -8.859183 -13.976423 -18.049958 -17.512009 -16.775574 -14.698274 -15.071487 -27.485619 -34.123941 -13.289624 -15.681685 -13.730893 -12.430868 -11.316991 -9.515205 -9.593404 -13.895639 
6.218460 20.350317 25.418530 19.615298 18.408945 19.684943 17.864715 24.568920 19.136487 9.171449 5.055528 6.422961 1.432223 -1.463447 -1.448118 -2.973745 -2.227263 1.092408 9.030511 11.239437 5.667643 1.644939 2.911705 5.066679 -5.996482 -11.671151 -11.163144 -7.155959 -6.098541 -11.260498 -35.209369 -44.334720 -19.967115 -22.322204 -21.152748 -17.696585 -17.595796 -16.612292 -16.867096 -22.223165 
2.617972 19.566345 24.674985 15.345566 19.042651 14.406611 19.511685 22.392369 19.609090 14.654245 8.943586 4.313160 2.848736 2.382016 0.960192 -2.624779 -0.739061 3.194838 8.571837 13.074347 9.031165 3.587615 4.835304 6.285427 -1.184627 -10.107482 -8.113153 -6.412471 -5.417141 -13.808296 -38.524483 -42.986644 -35.625700 -36.767818 -38.601358 -33.096539 -28.819603 -28.103258 -26.367923 -28.733405 
1.007411 19.621038 24.370850 14.454698 17.303003 11.492933 14.460308 10.794687 22.128136 17.253482 14.298818 8.954275 4.700817 0.749798 1.473529 -2.074290 -0.978318 -1.338451 6.592546 13.443126 5.434693 3.092878 3.013586 6.989601 -2.579760 -7.481453 -8.803918 -9.650751 -7.143551 -14.095123 -34.536365 -35.368059 -31.728732 -33.422718 -36.981356 -33.760327 -24.252859 -22.148312 -22.581643 -26.234924 
2.645721 20.647603 24.389762 13.262853 17.171064 11.199376 12.523611 10.710598 21.390941 16.514704 15.976572 9.690461 4.851489 1.735982 2.711191 0.222281 0.133038 -0.086532 6.197992 12.869588 7.077261 4.309116 5.588496 8.164863 -0.345396 -5.421895 -7.966123 -5.263714 -3.954527 -13.330751 -39.426536 -42.910291 -32.163110 -30.429757 -40.860606 -35.485729 -20.951043 -21.568440 -24.273751 -28.044783 
2.285815 20.403120 24.760618 15.932862 18.823240 12.486718 10.676677 8.041440 19.602246 14.135758 16.274494 10.667248 5.227906 1.230324 4.044702 0.464705 -0.081527 1.192245 7.971709 15.342157 10.804168 6.377816 3.965542 10.040232 0.993217 -6.305773 -9.666231 -5.493340 -4.607762 -13.746360 -39.272090 -38.478650 -28.700678 -29.856520 -42.668949 -39.396580 -23.379386 -22.960877 -27.765269 -33.584851 
0.336924 20.100036 24.818968 15.035332 19.763392 14.489394 10.226529 9.685401 18.744230 12.760887 15.019577 10.992800 7.291832 2.585990 5.423764 1.570250 2.498183 3.280334 7.978193 16.798717 11.182842 4.787598 4.616492 9.613208 1.812757 -3.739711 -8.873727 -8.000101 -3.873637 -8.082697 -28.654017 -28.622583 -23.715176 -26.074598 -30.871581 -30.104530 -23.904993 -22.116114 -25.895894 -31.869784 
-0.339519 19.045037 24.629000 14.726105 19.746497 16.037517 9.743924 9.235505 18.374548 14.557764 14.042859 10.347845 9.135121 2.751710 4.493239 1.759038 1.680862 1.512998 7.382652 15.228517 11.096271 6.546176 5.255970 7.984281 3.589872 -4.921548 -7.780028 -5.930760 -2.852125 -9.666217 -30.053431 -27.515842 -23.173278 -26.189639 -31.458691 -27.404342 -21.126432 -20.929801 -25.376949 -31.411918 
-3.743595 17.995990 24.365358 15.776408 18.992541 16.550354 7.879716 9.200544 17.379424 17.075459 11.203402 8.882519 11.034299 5.324634 5.814148 5.582526 2.585957 2.066501 9.256760 14.478975 11.321036 7.046406 4.413926 5.115873 1.930948 -5.684476 -12.150053 -5.577313 -2.241968 -9.892854 -44.953657 -33.832473 -25.982009 -26.187645 -48.830928 -32.464635 -21.663312 -22.166497 -23.965657 -34.821793 
-7.340289 16.484206 23.899877 15.553700 18.664050 17.466145 6.950113 10.235644 15.903786 18.184119 9.457256 8.520086 11.786970 6.566103 5.439166 3.962865 0.307477 4.372974 9.221918 16.099294 8.101569 4.748617 -1.048266 4.252949 0.683934 -7.193055 -12.416244 -7.832219 -3.444374 -8.425024 -31.743296 -34.589339 -26.181714 -26.780431 -43.645972 -32.169774 -24.067933 -20.322168 -22.660570 -35.260821 
-7.224765 15.929130 23.714100 15.524272 17.288531 18.228006 7.515898 10.790400 14.818297 19.013332 7.934367 7.644012 10.694189 6.172447 5.239196 4.890494 1.889355 2.734696 8.795673 15.031922 6.560383 2.732566 1.743407 3.000630 0.076869 -7.651908 -11.201654 -10.429516 -5.348486 -10.672062 -23.142966 -27.610104 -24.804009 -24.553499 -28.844423 -27.136867 -20.445810 -19.840821 -20.743011 -27.130340 
-5.360019 15.208134 23.430912 15.748559 17.159229 18.242042 6.788060 10.458383 14.194605 20.150714 8.516693 7.187594 9.817668 5.202762 4.790970 4.405967 0.613191 2.562183 10.931342 14.863713 7.533350 2.719062 -1.222481 2.868054 -3.126209 -15.322086 -17.304513 -15.583643 -10.074671 -10.876668 -24.818222 -35.353516 -28.129403 -28.212956 -39.902204 -31.845380 -21.589198 -16.905667 -21.317197 -28.578490 
-7.162230 15.274973 23.383314 16.129359 17.087102 18.078121 6.892108 10.178029 14.797020 19.935802 8.424803 6.095136 9.098915 4.242657 3.320324 4.056342 2.030043 3.900277 11.678481 11.875025 4.627564 0.232936 -1.474662 1.539411 -3.662354 -16.813746 -19.267625 -13.832387 -9.993066 -12.509998 -26.431240 -35.677785 -30.085174 -26.128497 -38.922101 -32.544084 -22.073150 -17.810232 -20.242503 -27.097954 
-7.025237 15.326509 23.167977 15.236182 17.421024 17.814889 7.259981 10.158410 15.816991 18.910062 6.461118 5.645660 9.034813 5.003991 2.761307 3.171962 2.582641 6.201927 13.212485 8.996079 2.935864 -2.170581 -3.631331 -0.774616 -6.072540 -16.837416 -20.274653 -19.969695 -14.069556 -17.155037 -28.389238 -29.945155 -28.777061 -28.118308 -31.687926 -30.061220 -20.905838 -19.288964 -21.177787 -24.577063 
-5.604384 16.004713 22.697153 15.013319 18.029052 16.866913 7.491644 8.397472 15.635488 15.714261 2.483585 1.500407 5.005247 2.821072 1.485325 0.311426 0.413663 5.656568 10.724213 4.033075 -5.346231 -7.264539 -6.981635 -2.097311 -8.220139 -21.027294 -28.382447 -21.449872 -15.557442 -17.608557 -33.668432 -38.749086 -36.145232 -36.725147 -44.015220 -37.025938 -25.398055 -23.778219 -25.972674 -27.042324 
-3.292999 17.192073 22.100914 14.480292 16.761878 9.414036 7.035025 1.860229 7.822517 5.295432 -3.055346 -7.529077 -3.789474 -6.232933 -6.128479 -6.362696 -5.206756 2.372765 3.091102 -5.309746 -11.458377 -15.041362 -13.185240 -7.631761 -17.219677 -26.143253 -32.475719 -26.270810 -20.418978 -18.509177 -32.886344 -36.500247 -41.508370 -40.848457 -46.821799 -40.273950 -31.755306 -33.661825 -34.858831 -34.378347 
-3.459397 17.631628 24.292814 16.395363 17.190347 14.221306 4.698082 4.364427 0.437368 -0.509891 -17.048365 -15.436480 -11.556470 -14.494266 -18.939515 -14.650999 -9.271909 -6.008551 -12.660022 -13.344547 -15.478067 -14.162859 -13.822428 -12.160359 -21.772655 -28.845169 -31.752730 -31.579149 -31.067222 -27.854699 -31.245852 -33.727205 -35.577231 -36.081517 -36.600836 -36.608167 -36.016678 -34.786821 -36.045491 -36.998545 
-1.566651 17.995972 24.036414 14.504203 17.949233 14.446804 4.085891 2.556055 -5.198952 -12.612684 -16.646161 -15.094792 -14.461012 -15.509927 -19.822176 -18.759595 -8.875887 -7.256823 -13.441513 -15.148346 -17.115719 -14.885865 -15.842451 -14.049375 -20.576001 -29.197499 -30.191675 -30.726616 -30.607747 -28.052826 -29.646698 -31.764272 -33.245938 -34.002384 -34.596018 -34.884831 -32.868834 -32.623279 -34.778856 -35.600008 
-0.454352 18.380771 23.590039 14.702628 18.222760 13.286940 4.225064 -1.178572 -6.438138 -13.768519 -21.672307 -14.022857 -15.138278 -17.798938 -20.765127 -18.025282 -8.732740 -10.040009 -11.348983 -16.936394 -18.421146 -17.374805 -17.251183 -15.130494 -24.597616 -34.235526 -37.450660 -38.454048 -37.165488 -30.486238 -32.187140 -37.680691 -39.211239 -40.946465 -41.492056 -41.739050 -36.452711 -37.075800 -40.672912 -41.676288 
0.410726 18.548253 22.936421 13.621857 17.794659 11.746476 4.271516 -2.816035 -5.808872 -16.246444 -19.267220 -11.979599 -16.938986 -20.215393 -21.331837 -17.030557 -8.135955 -14.509624 -14.185365 -17.100886 -20.307652 -19.003446 -18.604656 -17.361057 -27.076356 -33.580302 -35.864473 -36.779677 -36.562429 -35.663312 -37.647694 -38.150824 -38.607306 -41.058170 -41.194375 -41.026721 -37.958479 -36.897328 -39.606554 -40.503169 
1.778624 18.750605 22.192545 12.817476 17.190087 9.898284 8.171054 3.900294 -1.854639 -1.343326 -6.389566 -5.679157 -6.353736 -12.601200 -7.354156 -2.478705 -7.773406 -6.722635 -11.572936 -16.905425 -18.902747 -13.525976 -16.762850 -20.529926 -27.342331 -28.794085 -28.716454 -29.992994 -25.427095 -28.222749 -32.081406 -32.708616 -33.704076 -33.287474 -32.673194 -30.838243 -24.561494 -23.969743 -29.085440 -33.613142 
2.008396 18.406082 21.480493 11.902752 14.557714 8.570356 11.525640 5.143305 -13.131560 -1.426040 -1.515601 -7.733827 -1.891265 -2.292420 -1.378019 -0.788619 -3.094878 -7.052959 -14.231683 -18.721151 -22.918588 -14.527857 -20.837888 -18.466836 -28.604058 -34.618861 -33.568639 -32.595895 -21.488602 -28.743809 -37.298520 -35.658191 -38.155501 -39.309185 -38.187194 -35.525233 -30.241897 -30.471314 -33.895315 -37.994859 
1.651237 17.166979 18.932710 9.718546 11.002661 5.015491 8.606745 -1.728329 -5.610899 -4.785087 -7.328175 -12.459399 -2.912384 -3.839049 -8.580449 -14.416203 -16.773056 -16.021718 -18.632303 -17.671052 -19.152298 -20.038642 -25.596665 -24.002517 -28.708769 -33.608275 -36.186754 -30.223768 -26.132586 -32.451523 -40.030845 -38.952449 -36.447538 -38.734337 -38.491404 -37.698524 -35.889404 -36.631120 -38.959279 -41.519022 
0.369593 16.094251 17.439105 8.526694 9.337497 2.907760 4.871845 -5.372525 -8.884485 -6.906527 -13.628818 -9.585564 -4.135719 -8.176930 -15.690797 -19.325157 -24.890169 -24.986402 -24.157352 -20.728762 -25.136446 -24.979949 -28.967912 -26.319597 -30.931279 -32.930361 -32.459335 -28.292685 -25.567083 -32.962604 -42.934684 -38.708659 -38.293660 -39.519735 -41.791817 -41.543728 -37.072946 -39.114838 -42.789653 -43.490387 
-1.851819 14.705475 15.359929 7.268565 8.251620 1.344082 1.139374 -4.779505 -9.890734 -9.375182 -11.318987 -7.395396 -3.870805 -12.686829 -19.188033 -24.731543 -25.803805 -25.502051 -24.410860 -32.327970 -35.625600 -32.736877 -26.961336 -26.882922 -30.771901 -33.048209 -31.261013 -32.112663 -31.710634 -37.997257 -39.980474 -38.459808 -42.031022 -39.644770 -40.816324 -44.066123 -40.861216 -40.693359 -46.535226 -45.515866 
-2.441148 14.058170 14.613766 6.750614 8.972335 1.869627 2.089086 -6.537435 -8.524406 -12.398762 -8.995879 -3.830415 -2.053375 -11.261764 -22.106393 -20.782724 -23.176510 -28.524849 -26.935902 -30.646607 -32.552005 -28.548707 -26.503051 -24.897216 -32.368228 -33.446909 -33.122071 -35.732865 -36.407708 -38.787675 -41.615466 -43.024758 -39.520108 -42.742806 -44.738263 -40.563651 -39.825920 -38.402069 -46.321115 -48.208601 
-1.935105 13.991890 15.095803 6.938271 12.000838 4.608809 6.016670 -2.030637 -3.987583 -6.863233 -1.930595 1.318437 0.145079 -11.118185 -18.996238 -22.661883 -23.392507 -26.361757 -33.523280 -30.180484 -27.985245 -25.697371 -20.454739 -22.562509 -27.251157 -34.412972 -34.823492 -29.875193 -28.168383 -38.521242 -42.868539 -40.603836 -41.963207 -45.061274 -42.492128 -37.916401 -39.600991 -36.954583 -45.968128 -48.432787 
-2.014937 14.923637 16.396721 10.197641 15.115311 10.165294 12.726893 5.732063 0.950065 -5.902746 0.111735 3.658221 4.154347 0.540265 -10.402783 -18.381259 -23.225333 -33.392359 -30.359342 -32.645492 -32.977182 -32.904133 -26.242892 -29.057805 -36.920083 -40.176088 -33.020742 -27.365655 -29.269853 -35.402722 -44.784397 -42.727126 -46.167473 -47.557000 -42.568779 -43.006141 -44.945639 -37.222121 -44.540297 -48.156753 
-1.236063 15.355655 16.026840 12.119388 14.081566 9.207675 13.947000 12.235294 7.043730 -2.331323 -2.668759 -3.461547 3.349467 5.044286 -3.274559 -9.183669 -18.543182 -22.746878 -28.307287 -31.211765 -33.221596 -27.245817 -18.871153 -22.551002 -30.774855 -34.408527 -27.259924 -21.894568 -26.384422 -30.210405 -41.053408 -43.290674 -45.046095 -48.439062 -45.106423 -48.031329 -47.218921 -33.792435 -40.961649 -44.765473 
0.834854 15.377593 14.993666 12.219199 12.067851 8.707500 11.141262 15.615865 11.664791 -0.278968 -1.979747 -4.736440 -2.529594 3.235009 5.767864 -0.097384 -7.733535 -19.074049 -23.113302 -24.964695 -25.821396 -23.678895 -11.792814 -17.821100 -26.354325 -29.317341 -21.142110 -16.144218 -19.671059 -24.770564 -34.825658 -38.770293 -39.297445 -39.867425 -39.433140 -40.796185 -39.814347 -33.453785 -36.027805 -41.075723 
1.689870 14.439777 12.747684 12.498502 11.321774 8.132445 9.307200 17.184501 9.691653 1.112317 -0.469671 -7.341671 -8.283421 -4.869891 0.998331 3.290106 1.186644 -11.496123 -16.981652 -21.494250 -23.834167 -13.631182 -8.068892 -18.030698 -27.215404 -26.870653 -18.226717 -12.804119 -18.812003 -24.561314 -33.214763 -40.263089 -47.131152 -43.601568 -39.437650 -48.789269 -48.816534 -33.329193 -37.606792 -46.056069 
1.159360 13.000239 10.451033 12.273948 10.103575 4.944157 7.031284 14.330634 9.202486 3.555725 -1.700946 -7.694469 -8.586863 -7.549090 -8.511709 -5.245690 0.890019 1.070767 -7.032578 -12.875366 -12.717608 -7.369928 -3.566731 -14.334472 -20.449112 -21.764842 -17.260982 -11.733341 -16.826966 -22.968831 -30.649993 -32.323559 -37.163466 -39.379077 -38.431625 -44.110284 -43.727850 -34.788361 -39.218968 -43.847643 
-0.728528 11.405403 9.647011 11.565487 8.634777 4.073213 7.587292 11.027207 8.010753 2.144261 -4.208623 -7.546587 -7.568676 -7.307251 -8.806757 -7.831938 -3.822309 2.056157 2.639582 -7.257331 -11.153043 -9.095661 -3.602914 -9.059717 -24.094712 -24.094599 -21.078035 -12.947884 -16.498441 -23.521392 -30.293316 -35.320962 -39.391232 -38.417244 -38.686402 -43.397020 -42.765287 -37.132193 -39.171572 -42.267428 
-0.391274 10.488709 8.323049 9.436214 5.518900 2.728416 6.971311 8.308787 7.761125 -2.308448 -5.089248 -8.726907 -13.037294 -10.467405 -11.621788 -13.196963 -12.094314 -4.780203 2.040824 -1.687240 -8.991199 -3.881704 -1.652151 -7.820209 -23.446418 -22.139387 -18.407726 -12.238615 -13.510836 -21.370141 -30.095008 -36.324407 -37.359345 -47.605400 -48.086403 -58.693458 -55.423652 -38.749230 -44.380762 -47.017735 
-1.499105 9.725423 7.781464 8.238628 3.738212 1.748622 6.768151 5.682188 8.032968 -4.422189 -13.796192 -11.200284 -11.954474 -13.056504 -14.075597 -14.099357 -14.112948 -10.508226 -2.445922 1.204995 -5.113257 -3.637928 -2.081331 -13.663406 -20.882828 -22.455351 -18.979450 -12.380747 -11.336969 -18.957876 -26.210419 -32.414029 -40.384850 -45.422298 -45.906715 -50.059593 -50.216591 -40.994226 -43.394117 -43.974615 
0.064993 9.255457 7.042082 7.352341 2.320725 -0.029299 7.198856 5.834855 3.902751 -5.421271 -12.515961 -13.777124 -12.026783 -19.722116 -19.084840 -17.318490 -20.829752 -18.902402 -12.658223 -0.127286 -4.243265 -7.288606 -3.305135 -12.941572 -23.298363 -21.599077 -22.436205 -17.578114 -12.012151 -19.757818 -28.379671 -36.190806 -37.720124 -43.389642 -44.368885 -45.265069 -45.558412 -42.596997 -44.427424 -45.292779 
-1.562944 8.040148 5.205792 5.016596 -1.411197 -0.205469 4.889736 3.335791 -4.203664 -10.519344 -20.662591 -21.095016 -18.356575 -22.204856 -21.859154 -24.038831 -25.900366 -20.545808 -15.641775 -7.414132 -6.281500 -10.174830 -9.387752 -19.751139 -29.846124 -29.573814 -30.114135 -26.000964 -17.824355 -26.947549 -32.901215 -43.970933 -43.673139 -49.669673 -52.314851 -53.671192 -53.288026 -50.257638 -52.712105 -50.084361 
-3.299061 6.528103 4.949005 4.155788 -0.638746 -1.746535 3.238428 2.573380 -13.636915 -17.984021 -26.377775 -28.353824 -24.850399 -25.175291 -26.362847 -27.057630 -30.027021 -27.377159 -24.479781 -10.976654 -14.263845 -17.011922 -16.826007 -25.833515 -34.843583 -36.150259 -41.515916 -36.014967 -27.349833 -34.864692 -40.819251 -41.214722 -43.277619 -53.559301 -59.745270 -60.785304 -57.246908 -55.607705 -59.897667 -52.743394 
-7.434561 -0.236487 -3.482331 -6.703636 -14.096321 -5.780239 -1.829929 -10.083898 -21.829616 -27.592292 -35.910115 -34.551162 -33.499324 -32.821673 -34.527734 -37.715275 -36.519592 -34.611879 -32.909683 -22.907489 -24.815901 -27.073101 -24.142573 -28.552125 -36.876283 -40.633325 -45.603097 -45.228899 -37.256834 -38.855454 -44.364401 -46.551210 -46.893323 -51.315612 -55.035101 -54.761194 -51.224098 -51.363732 -54.068879 -52.710537 
-18.941822 -8.777822 -8.613184 -15.107478 -18.526105 -23.233868 -18.683604 -19.329443 -27.232498 -37.041570 -38.834398 -40.998498 -40.230774 -46.048399 -43.752509 -52.528246 -48.894059 -40.994079 -43.347837 -35.969361 -32.720620 -35.110568 -33.377330 -34.730120 -42.343458 -45.788919 -54.601662 -55.178308 -44.147743 -46.122438 -50.967101 -55.325446 -55.299911 -56.397405 -61.065384 -62.435978 -57.691414 -59.752141 -59.353303 -58.690976 
-21.182752 -19.743214 -21.804188 -29.111182 -37.403988 -34.747222 -29.627544 -32.904464 -40.538657 -37.847025 -40.820339 -50.141011 -53.747500 -56.861307 -52.631815 -49.633254 -50.180852 -42.371501 -42.546888 -41.862149 -45.778342 -43.996255 -43.133670 -46.181606 -54.292280 -57.477140 -61.969362 -60.541876 -55.490514 -56.424092 -62.311826 -64.095753 -62.497002 -60.652917 -65.593765 -61.695323 -62.344154 -62.135063 -59.622900 -60.682851 
-26.132963 -30.025169 -35.248380 -33.508319 -41.881356 -43.328597 -31.430521 -30.866921 -39.885549 -42.028013 -52.022411 -57.992531 -59.753233 -61.038303 -59.931243 -59.281954 -49.996539 -49.680318 -54.165151 -48.416110 -51.954802 -49.577098 -50.791981 -57.384841 -63.777695 -61.529208 -62.271352 -59.403165 -56.720977 -58.709522 -63.317128 -63.029066 -64.047015 -66.876904 -64.935445 -63.943712 -64.855606 -63.453645 -61.064302 -65.335851 
-39.539997 -30.792605 -30.008284 -37.059645 -43.944348 -42.259108 -39.025275 -38.281688 -49.689312 -46.275186 -52.704668 -47.750723 -43.730964 -41.324353 -41.344388 -42.852919 -43.997820 -43.061616 -48.874388 -48.244902 -49.778538 -48.413015 -47.521755 -49.540737 -48.102094 -48.417585 -48.858709 -47.389697 -50.150742 -56.514757 -59.009487 -59.185041 -62.611067 -60.261480 -59.416717 -59.794782 -56.202604 -58.494161 -60.676327 -66.169949 
-23.541532 -25.521659 -31.202704 -40.199208 -41.095813 -40.239297 -37.555563 -34.220498 -39.337906 -43.614324 -48.881170 -40.124829 -36.264140 -33.920751 -33.463639 -35.504975 -36.331505 -38.534794 -40.591000 -41.144476 -39.640611 -38.500929 -39.124965 -41.328186 -39.799540 -39.051675 -41.729190 -39.122491 -39.215598 -41.036912 -50.157461 -51.040141 -53.708950 -50.557663 -50.451312 -52.882947 -48.288777 -49.996113 -54.362671 -60.125890 
-28.559083 -23.047278 -17.896282 -17.322877 -16.866543 -16.412801 -16.486734 -16.972720 -18.492295 -19.157724 -19.556334 -19.616078 -19.845597 -19.773288 -19.912129 -21.260478 -21.850545 -23.006723 -22.092577 -20.081150 -20.627927 -19.533124 -18.853007 -17.010096 -15.252149 -12.413651 -9.509928 -10.306038 -13.518086 -17.532033 -24.267103 -29.121331 -28.756546 -29.922654 -35.104328 -36.601663 -34.844242 -32.947115 -34.596922 -42.586738 
-19.208086 -16.410518 -18.123235 -16.531064 -15.903149 -17.106008 -15.856703 -15.134787 -16.184742 -17.369706 -18.475314 -17.656738 -16.521604 -17.930860 -20.582497 -19.900508 -20.377526 -22.107999 -25.091909 -20.644117 -18.776689 -18.047569 -18.047607 -17.206823 -17.056321 -8.391835 -5.461924 -8.729497 -9.920049 -16.472610 -19.130493 -18.228850 -16.965225 -13.540058 -17.778048 -21.134285 -21.566313 -20.859059 -20.765122 -25.669893 
-20.020275 -14.085650 -18.344467 -23.270072 -16.592141 -14.108988 -15.114059 -15.435271 -14.908259 -19.955070 -19.731279 -17.176021 -14.740094 -18.732006 -22.963089 -19.985169 -18.477568 -23.734093 -24.024225 -19.784950 -18.553126 -16.579070 -17.257306 -16.514154 -18.741209 -10.489261 -0.854522 2.144245 -3.497889 -14.258433 -16.916447 -13.039649 -10.516122 -9.414084 -9.417219 -12.655326 -11.581028 -12.413155 -13.965325 -19.987619 
-20.716939 -19.418711 -24.638346 -29.347035 -30.928150 -38.307304 -36.543574 -30.467454 -31.627833 -32.079275 -32.941475 -37.375412 -32.983145 -30.212586 -26.606476 -28.457838 -28.143077 -26.525503 -28.928387 -21.525312 -18.124825 -19.778641 -16.985655 -14.151165 -20.554309 -9.392609 -5.303551 2.926785 1.755850 -7.496422 -11.250426 -11.792633 -7.630094 -5.014829 -10.659430 -10.871489 -5.541910 -5.246244 -10.043225 -21.127931 
-24.645041 -27.195448 -32.305761 -37.357443 -42.491292 -43.944925 -41.119329 -36.102290 -33.073483 -32.225431 -35.509729 -30.894840 -33.825618 -28.959657 -32.672620 -30.771699 -28.986672 -28.832141 -27.193961 -22.224440 -20.699816 -18.354128 -15.645068 -7.964917 -11.534876 -5.992373 -1.884039 3.126585 1.069592 -5.738984 -13.251786 -9.489624 -6.930667 -9.763647 -10.263061 -4.220904 -4.479467 -5.847457 -13.131249 -15.813688 
-37.825662 -29.279446 -37.038658 -40.197925 -32.643610 -28.272052 -30.230175 -31.739742 -33.393680 -35.191090 -37.229439 -34.024045 -30.779809 -31.031982 -27.382787 -31.785746 -27.339880 -29.942905 -24.808654 -17.083115 -19.323928 -15.661985 -9.149894 -7.030252 -6.700241 -1.337177 2.534136 4.462060 -1.574582 -8.205593 -13.316521 -8.949937 -5.056499 -5.175733 -9.312506 -6.809120 -2.184299 -4.618499 -7.697503 -13.479370 
-41.369291 -29.246538 -30.366341 -34.598848 -29.630529 -27.261846 -24.146201 -31.613514 -29.162853 -28.332498 -29.403800 -32.289048 -31.205311 -25.131567 -29.935610 -32.586906 -29.238614 -22.124738 -24.033309 -20.022790 -16.601036 -18.411658 -8.702452 -1.773217 -6.331000 -3.576450 3.832621 5.813564 2.494888 -8.366027 -11.598267 -7.751627 -3.730336 -2.614057 -7.733850 -5.978176 -3.925928 -3.682334 -9.281654 -12.038633 
-23.416282 -26.681831 -37.076188 -37.845275 -32.634697 -31.669642 -33.402636 -34.722703 -32.465928 -32.395495 -29.135089 -31.563536 -27.900448 -26.451265 -29.477032 -33.215475 -29.826772 -23.744116 -22.021079 -18.148151 -16.225852 -16.675328 -10.571757 -1.034149 -7.294307 -3.779133 4.000473 6.675748 0.292108 -10.168706 -12.695831 -6.760016 -5.125600 -4.306333 -5.740069 -5.712222 -4.112335 -6.410776 -11.370053 -14.685263 
-26.552350 -30.281932 -34.490955 -41.020016 -31.729554 -28.854414 -30.453065 -31.797630 -36.594481 -36.198596 -37.003600 -36.096267 -29.402547 -28.804488 -29.431611 -30.164212 -30.840467 -29.028497 -23.796470 -21.024009 -15.758742 -14.379833 -7.254812 0.233467 -7.595377 -2.500097 6.539276 6.442413 -0.686680 -7.599971 -13.308299 -6.137836 -7.321552 -5.427643 -7.254420 -6.532127 -4.655428 -5.824178 -11.023266 -15.510246 
-24.481169 -27.671809 -33.332997 -38.460186 -37.517602 -32.931197 -31.655490 -32.410055 -43.489899 -29.706815 -30.242977 -33.868309 -24.340880 -26.932825 -27.779647 -31.921612 -27.859730 -30.334021 -21.705550 -19.964528 -12.276760 -17.116690 -4.570786 -0.625374 -10.428902 -3.200893 7.599557 4.100718 0.800608 -5.501571 -11.958669 -7.867977 -5.999402 -4.877290 -5.957397 -4.255558 -3.718895 -6.282086 -9.357787 -14.941140 
-28.882779 -27.190140 -29.598950 -33.565306 -36.292265 -29.331226 -26.522259 -32.571357 -26.334808 -26.462275 -28.505745 -27.455152 -26.707625 -26.052612 -23.427485 -24.912230 -32.449539 -22.501780 -17.757446 -15.634396 -11.451050 -11.870407 -6.284289 1.742761 -3.627400 2.036221 9.632620 2.153663 0.903010 -3.667143 -12.135110 -8.769601 -7.912099 -5.879357 -4.511195 -3.048378 -5.520059 -5.119713 -11.285786 -15.494476 
-24.884959 -26.657744 -30.551089 -33.128207 -35.409301 -36.459726 -37.931364 -31.770753 -25.299457 -27.275426 -33.719354 -38.882315 -30.707731 -29.475058 -27.057562 -27.483928 -35.780834 -29.082938 -22.724871 -16.098304 -13.636574 -9.507905 -6.834502 0.635548 -7.294200 0.558064 6.752520 3.675122 -3.101420 -11.317743 -13.543582 -10.292286 -9.202175 -5.668637 -8.262125 -7.583640 -8.753960 -6.987419 -10.110972 -15.146418 
-22.852593 -23.566589 -30.555753 -37.748469 -37.302223 -27.667432 -27.665823 -24.176759 -22.198788 -25.679812 -30.225115 -32.074871 -27.887740 -27.374101 -29.074816 -29.052975 -35.204632 -26.638858 -13.830206 -15.188243 -18.331320 -14.755037 -10.710846 1.642377 -8.980919 -3.487309 3.619732 2.129304 -6.384693 -14.134951 -17.386779 -9.887596 -11.742078 -7.853143 -8.283267 -6.673514 -7.464163 -8.530413 -13.492979 -20.549802 
-23.865965 -24.960064 -32.252247 -36.056470 -32.655688 -28.637441 -29.731013 -26.718264 -30.282343 -29.942626 -27.925728 -31.612271 -29.304257 -28.097091 -28.218094 -31.055909 -32.085691 -28.183073 -18.606041 -15.736306 -17.035936 -10.786144 -5.569221 -0.532583 -7.968558 0.270067 -0.810205 -3.391040 -6.789669 -11.863863 -18.662035 -11.002106 -11.717891 -10.499906 -8.860929 -9.364146 -10.671625 -10.722391 -16.759375 -20.308214 
-23.795808 -27.695481 -35.694249 -35.432852 -31.756046 -30.596268 -23.064543 -23.384852 -30.136604 -32.933107 -34.914786 -32.711834 -32.129296 -30.871122 -34.393580 -32.913858 -31.893421 -32.212379 -24.696592 -14.876938 -13.855706 -8.788470 -4.787956 -3.958910 -14.166037 -5.221778 -1.575573 -5.462334 -8.033389 -14.496459 -18.715989 -13.393344 -10.422838 -10.825186 -13.976693 -11.337133 -10.042612 -13.184060 -19.426202 -23.775824 
-35.751025 -32.778955 -40.872878 -41.226344 -38.759485 -31.196857 -26.114543 -24.299173 -29.609325 -29.180372 -31.739392 -34.512321 -31.948024 -32.480356 -35.366082 -37.651004 -37.209408 -30.769957 -27.288894 -20.180901 -24.840729 -14.053080 -8.050255 -9.392954 -18.935544 -8.650012 -2.667142 -6.069239 -11.881938 -13.030066 -18.694442 -18.221059 -15.979220 -16.083361 -14.402544 -17.759950 -17.151156 -17.401375 -22.399624 -26.583359 
-35.297340 -33.868057 -36.137060 -41.856313 -44.367426 -36.442182 -29.469601 -27.171856 -28.821627 -33.311999 -34.912748 -35.539654 -35.543317 -41.169327 -36.899323 -38.756067 -38.350822 -32.413387 -24.581289 -26.699186 -24.703880 -12.160393 -8.365354 -12.950135 -20.097002 -11.681531 -9.540594 -12.509974 -19.603242 -17.223298 -24.006497 -21.655223 -18.094031 -19.971210 -18.661113 -22.428217 -19.872063 -20.568278 -25.462567 -28.275348 
-26.217030 -30.792550 -37.375905 -41.250460 -41.273879 -34.951210 -26.127572 -24.604742 -33.778767 -36.898554 -35.536977 -39.431932 -38.959496 -43.858579 -43.459052 -33.965460 -33.732036 -34.097315 -30.110947 -29.193346 -29.328865 -21.292365 -17.414697 -18.633910 -25.486529 -17.788740 -14.451202 -22.815398 -22.457262 -22.545559 -28.100989 -27.299700 -25.811530 -25.469410 -27.569529 -25.533221 -23.662404 -26.347540 -30.276499 -35.281836 
-21.425958 -25.942831 -31.141727 -41.049623 -39.800680 -31.871754 -26.941724 -23.477075 -31.445814 -37.485077 -41.292220 -41.157522 -42.848625 -46.426514 -47.967528 -39.231574 -39.721350 -33.878814 -28.188773 -30.576614 -36.160242 -27.874514 -26.867595 -28.066978 -35.998429 -26.859184 -22.704420 -25.731389 -27.187225 -33.416039 -40.571749 -33.858392 -31.538537 -30.873044 -31.846815 -32.542217 -31.391626 -32.542848 -38.380750 -43.100705 
-23.388918 -33.990310 -30.640684 -36.677264 -42.794055 -35.942888 -30.120158 -24.060034 -34.089385 -49.382862 -48.095583 -39.670185 -43.756285 -47.483017 -47.929080 -53.652249 -50.778862 -46.274431 -33.404593 -33.337003 -41.999519 -37.157493 -31.967885 -37.066311 -43.623110 -31.975444 -30.631726 -35.796770 -36.102389 -40.721551 -44.319649 -41.217190 -41.629079 -39.387259 -39.484854 -40.013534 -37.775607 -35.365619 -43.182592 -46.306420 
-22.270217 -27.528549 -42.205840 -44.281978 -43.677769 -45.032561 -36.876108 -33.127180 -44.976502 -47.980509 -47.703109 -43.103156 -43.913778 -48.071291 -49.962683 -55.525521 -48.652023 -44.220737 -39.006787 -41.285443 -47.677586 -45.971346 -40.675495 -42.121244 -51.578091 -45.604894 -42.269228 -48.925783 -52.241111 -52.421233 -50.658138 -49.778515 -52.028747 -52.564144 -51.071968 -52.711187 -51.192314 -51.876286 -55.403765 -64.865148 
-25.000963 -29.077789 -37.311674 -47.774105 -47.363588 -40.813618 -42.954572 -40.506183 -45.517008 -47.836369 -47.669538 -44.766050 -45.299887 -50.898751 -57.201067 -59.070553 -57.329434 -50.997731 -42.480725 -47.264208 -56.263908 -48.395449 -50.345945 -53.082237 -58.124493 -51.251334 -53.834698 -56.231600 -53.690181 -51.267240 -56.319956 -62.106499 -62.226966 -58.582332 -63.981359 -66.307682 -62.944246 -60.882691 -57.984778 -69.635988 
-25.021330 -23.187682 -29.545517 -38.424660 -42.953978 -52.770447 -51.367145 -45.737792 -48.545138 -57.496443 -55.976305 -51.903570 -54.296285 -57.532238 -62.605752 -63.411290 -61.784548 -57.268440 -55.794781 -56.420595 -57.988965 -57.754615 -57.269715 -62.214580 -62.601437 -60.548120 -65.520062 -61.175827 -61.546530 -60.313769 -62.507086 -65.577866 -67.697665 -67.605564 -68.991477 -69.155054 -70.265228 -68.540446 -65.813122 -70.754867 
-33.027035 -33.766100 -39.657196 -45.528571 -44.910086 -49.528911 -50.637639 -50.947996 -52.861286 -59.307825 -57.985228 -69.398325 -67.619838 -63.893021 -67.983489 -65.374563 -70.746279 -69.150291 -64.999353 -63.414311 -61.654803 -61.845081 -62.696349 -65.488384 -73.432660 -65.861322 -65.123310 -70.855746 -69.369888 -67.940073 -67.360760 -65.831031 -71.674367 -70.575578 -73.481541 -77.167482 -74.049514 -72.243610 -69.910148 -73.557032 
-58.244019 -63.860715 -59.719014 -62.791217 -64.105704 -62.424643 -63.866019 -65.303942 -71.184437 -70.894637 -70.977143 -73.168662 -75.402316 -76.858585 -72.519159 -67.019875 -69.971858 -71.674704 -68.748566 -73.771902 -72.583295 -71.899727 -73.320367 -71.084801 -76.686704 -71.870625 -74.074639 -72.330598 -73.616234 -72.199452 -73.048216 -71.456942 -71.602785 -72.009014 -72.993832 -71.864405 -71.598256 -74.503542 -72.878722 -74.271561 
-58.052209 -69.966590 -71.230872 -70.995651 -76.666849 -74.137596 -71.903018 -72.279182 -72.614198 -74.382517 -71.805988 -70.787365 -78.572253 -75.123095 -78.641349 -74.858659 -71.520340 -71.561559 -71.600857 -73.320478 -75.154476 -74.423842 -72.952818 -74.987996 -73.263089 -71.381242 -74.873442 -72.671955 -74.663436 -74.096656 -72.681866 -74.421110 -77.394775 -76.245650 -75.136467 -70.258598 -70.387906 -74.305915 -75.190136 -73.675007 
-58.429580 -69.097444 -76.520392 -72.935132 -73.014835 -75.282099 -75.209410 -78.324346 -77.282549 -72.110392 -76.349453 -70.579046 -69.698819 -78.423520 -76.852757 -73.933188 -76.367268 -75.447554 -80.216746 -77.882383 -74.819411 -72.271357 -72.983066 -78.524860 -77.256739 -74.837777 -73.522409 -77.537909 -76.017143 -76.069831 -74.516319 -73.930884 -75.451723 -75.451464 -72.641899 -74.012495 -74.210800 -75.273052 -75.593904 -74.869299 
-59.555866 -75.678658 -75.998974 -71.368327 -73.505873 -74.126752 -71.065054 -67.468610 -69.071757 -75.815951 -72.496093 -75.785701 -75.657920 -78.983593 -77.621322 -71.914175 -74.120465 -71.647839 -76.579770 -75.548312 -76.788553 -76.168362 -72.420129 -76.809791 -78.799957 -74.993347 -72.834860 -74.500073 -73.417636 -77.983818 -74.231073 -72.955410 -73.366743 -74.429365 -76.860888 -73.820374 -76.335265 -78.111896 -76.414807 -78.368341 
-59.582494 -72.480474 -76.691399 -75.837251 -77.159652 -74.483088 -76.282639 -73.924992 -76.365394 -77.659812 -76.148282 -72.741521 -73.558152 -75.032507 -75.272427 -74.649507 -74.359089 -75.269344 -77.898587 -72.307077 -70.842789 -74.992078 -78.408756 -78.241124 -75.645562 -74.334277 -74.081523 -78.292149 -73.828779 -75.418238 -74.752992 -78.120124 -75.895706 -73.173388 -74.475529 -74.591581 -74.447011 -74.363798 -75.026926 -78.309881 
-57.598520 -77.479152 -89.973500 -84.712705 -75.789775 -73.503640 -71.368625 -73.620089 -71.901455 -70.452748 -69.828731 -68.786227 -77.740873 -73.073969 -74.291702 -76.646384 -74.568390 -71.886612 -75.560318 -72.291231 -78.398792 -75.747517 -73.893750 -77.730967 -76.661244 -75.894573 -78.482916 -76.850942 -75.034136 -72.720740 -74.850081 -76.024647 -75.540189 -76.102810 -75.152055 -76.179218 -77.211172 -77.299558 -73.142130 -76.904427 
-58.054098 -75.681796 -74.642052 -78.637017 -77.059476 -73.491368 -75.737919 -72.694766 -72.826255 -75.593287 -76.247678 -75.554352 -76.604098 -79.462716 -72.200526 -75.693692 -72.077147 -75.125879 -72.668612 -75.445582 -77.920650 -76.697919 -77.562482 -78.150825 -76.939210 -74.626646 -77.108589 -76.779038 -74.693255 -75.605739 -74.897901 -78.542291 -74.770210 -74.714997 -76.414846 -74.104821 -73.326786 -75.614982 -73.552100 -76.144793 
-56.578648 -78.347823 -77.645427 -81.192993 -77.271916 -76.015782 -80.889256 -81.542079 -81.230301 -80.080941 -76.786162 -75.939466 -73.545304 -74.304077 -72.858751 -76.292707 -75.077462 -76.826999 -72.974285 -75.218354 -76.602600 -81.182158 -80.414365 -75.246608 -76.297111 -73.301967 -75.393291 -76.521255 -74.379351 -73.760168 -72.365956 -75.728793 -77.700144 -76.349465 -74.161168 -76.904509 -74.880974 -73.869968 -77.766965 -76.159100 
-56.581599 -69.257538 -72.292017 -69.494244 -68.733098 -72.372234 -67.841309 -71.749921 -76.437557 -79.806135 -73.320574 -73.896810 -74.787815 -79.602569 -76.096903 -74.195229 -77.054304 -81.356290 -77.098741 -73.379853 -73.592700 -71.960281 -76.326885 -77.753562 -79.367151 -76.444847 -74.826883 -73.700862 -71.914090 -74.994613 -72.492375 -72.010298 -79.328792 -75.583198 -77.050079 -74.522716 -72.167793 -73.963589 -75.605511 -75.510699 
-67.029684 -70.100096 -72.950744 -73.379429 -74.638005 -75.594818 -75.074413 -76.792138 -79.069519 -80.564589 -79.378374 -81.090969 -82.889057 -84.723718 -83.392620 -84.863624 -86.331454 -87.681608 -88.475428 -83.137112 -80.622661 -78.441930 -83.790045 -85.241355 -87.365954 -90.275218 -85.718038 -87.199510 -80.957017 -82.385295 -81.352246 -80.392477 -85.864164 -83.623267 -89.042112 -85.332554 -81.329891 -80.240307 -82.602991 -83.683632 
NaN NaN NaN NaN NaN NaN NaN NaN NaN NaN NaN NaN NaN NaN NaN NaN NaN NaN NaN NaN NaN NaN NaN NaN NaN NaN NaN NaN NaN NaN NaN NaN NaN NaN NaN NaN NaN NaN NaN NaN 
NaN NaN NaN NaN NaN NaN NaN NaN NaN NaN NaN NaN NaN NaN NaN NaN NaN NaN NaN NaN NaN NaN NaN NaN NaN NaN NaN NaN NaN NaN NaN NaN NaN NaN NaN NaN NaN NaN NaN NaN 
NaN NaN NaN NaN NaN NaN NaN NaN NaN NaN NaN NaN NaN NaN NaN NaN NaN NaN NaN NaN NaN NaN NaN NaN NaN NaN NaN NaN NaN NaN NaN NaN NaN NaN NaN NaN NaN NaN NaN NaN 
NaN NaN NaN NaN NaN NaN NaN NaN NaN NaN NaN NaN NaN NaN NaN NaN NaN NaN NaN NaN NaN NaN NaN NaN NaN NaN NaN NaN NaN NaN NaN NaN NaN NaN NaN NaN NaN NaN NaN NaN 
NaN NaN NaN NaN NaN NaN NaN NaN NaN NaN NaN NaN NaN NaN NaN NaN NaN NaN NaN NaN NaN NaN NaN NaN NaN NaN NaN NaN NaN NaN NaN NaN NaN NaN NaN NaN NaN NaN NaN NaN 
NaN NaN NaN NaN NaN NaN NaN NaN NaN NaN NaN NaN NaN NaN NaN NaN NaN NaN NaN NaN NaN NaN NaN NaN NaN NaN NaN NaN NaN NaN NaN NaN NaN NaN NaN NaN NaN NaN NaN NaN 
NaN NaN NaN NaN NaN NaN NaN NaN NaN NaN NaN NaN NaN NaN NaN NaN NaN NaN NaN NaN NaN NaN NaN NaN NaN NaN NaN NaN NaN NaN NaN NaN NaN NaN NaN NaN NaN NaN NaN NaN 
NaN NaN NaN NaN NaN NaN NaN NaN NaN NaN NaN NaN NaN NaN NaN NaN NaN NaN NaN NaN NaN NaN NaN NaN NaN NaN NaN NaN NaN NaN NaN NaN NaN NaN NaN NaN NaN NaN NaN NaN 
NaN NaN NaN NaN NaN NaN NaN NaN NaN NaN NaN NaN NaN NaN NaN NaN NaN NaN NaN NaN NaN NaN NaN NaN NaN NaN NaN NaN NaN NaN NaN NaN NaN NaN NaN NaN NaN NaN NaN NaN 
NaN NaN NaN NaN NaN NaN NaN NaN NaN NaN NaN NaN NaN NaN NaN NaN NaN NaN NaN NaN NaN NaN NaN NaN NaN NaN NaN NaN NaN NaN NaN NaN NaN NaN NaN NaN NaN NaN NaN NaN 
NaN NaN NaN NaN NaN NaN NaN NaN NaN NaN NaN NaN NaN NaN NaN NaN NaN NaN NaN NaN NaN NaN NaN NaN NaN NaN NaN NaN NaN NaN NaN NaN NaN NaN NaN NaN NaN NaN NaN NaN 
NaN NaN NaN NaN NaN NaN NaN NaN NaN NaN NaN NaN NaN NaN NaN NaN NaN NaN NaN NaN NaN NaN NaN NaN NaN NaN NaN NaN NaN NaN NaN NaN NaN NaN NaN NaN NaN NaN NaN NaN 
NaN NaN NaN NaN NaN NaN NaN NaN NaN NaN NaN NaN NaN NaN NaN NaN NaN NaN NaN NaN NaN NaN NaN NaN NaN NaN NaN NaN NaN NaN NaN NaN NaN NaN NaN NaN NaN NaN NaN NaN 
NaN NaN NaN NaN NaN NaN NaN NaN NaN NaN NaN NaN NaN NaN NaN NaN NaN NaN NaN NaN NaN NaN NaN NaN NaN NaN NaN NaN NaN NaN NaN NaN NaN NaN NaN NaN NaN NaN NaN NaN 
NaN NaN NaN NaN NaN NaN NaN NaN NaN NaN NaN NaN NaN NaN NaN NaN NaN NaN NaN NaN NaN NaN NaN NaN NaN NaN NaN NaN NaN NaN NaN NaN NaN NaN NaN NaN NaN NaN NaN NaN 
NaN NaN NaN NaN NaN NaN NaN NaN NaN NaN NaN NaN NaN NaN NaN NaN NaN NaN NaN NaN NaN NaN NaN NaN NaN NaN NaN NaN NaN NaN NaN NaN NaN NaN NaN NaN NaN NaN NaN NaN 
NaN NaN NaN NaN NaN NaN NaN NaN NaN NaN NaN NaN NaN NaN NaN NaN NaN NaN NaN NaN NaN NaN NaN NaN NaN NaN NaN NaN NaN NaN NaN NaN NaN NaN NaN NaN NaN NaN NaN NaN 
NaN NaN NaN NaN NaN NaN NaN NaN NaN NaN NaN NaN NaN NaN NaN NaN NaN NaN NaN NaN NaN NaN NaN NaN NaN NaN NaN NaN NaN NaN NaN NaN NaN NaN NaN NaN NaN NaN NaN NaN 
NaN NaN NaN NaN NaN NaN NaN NaN NaN NaN NaN NaN NaN NaN NaN NaN NaN NaN NaN NaN NaN NaN NaN NaN NaN NaN NaN NaN NaN NaN NaN NaN NaN NaN NaN NaN NaN NaN NaN NaN 
NaN NaN NaN NaN NaN NaN NaN NaN NaN NaN NaN NaN NaN NaN NaN NaN NaN NaN NaN NaN NaN NaN NaN NaN NaN NaN NaN NaN NaN NaN NaN NaN NaN NaN NaN NaN NaN NaN NaN NaN 
NaN NaN NaN NaN NaN NaN NaN NaN NaN NaN NaN NaN NaN NaN NaN NaN NaN NaN NaN NaN NaN NaN NaN NaN NaN NaN NaN NaN NaN NaN NaN NaN NaN NaN NaN NaN NaN NaN NaN NaN 
NaN NaN NaN NaN NaN NaN NaN NaN NaN NaN NaN NaN NaN NaN NaN NaN NaN NaN NaN NaN NaN NaN NaN NaN NaN NaN NaN NaN NaN NaN NaN NaN NaN NaN NaN NaN NaN NaN NaN NaN 
NaN NaN NaN NaN NaN NaN NaN NaN NaN NaN NaN NaN NaN NaN NaN NaN NaN NaN NaN NaN NaN NaN NaN NaN NaN NaN NaN NaN NaN NaN NaN NaN NaN NaN NaN NaN NaN NaN NaN NaN 
NaN NaN NaN NaN NaN NaN NaN NaN NaN NaN NaN NaN NaN NaN NaN NaN NaN NaN NaN NaN NaN NaN NaN NaN NaN NaN NaN NaN NaN NaN NaN NaN NaN NaN NaN NaN NaN NaN NaN NaN 
NaN NaN NaN NaN NaN NaN NaN NaN NaN NaN NaN NaN NaN NaN NaN NaN NaN NaN NaN NaN NaN NaN NaN NaN NaN NaN NaN NaN NaN NaN NaN NaN NaN NaN NaN NaN NaN NaN NaN NaN 
NaN NaN NaN NaN NaN NaN NaN NaN NaN NaN NaN NaN NaN NaN NaN NaN NaN NaN NaN NaN NaN NaN NaN NaN NaN NaN NaN NaN NaN NaN NaN NaN NaN NaN NaN NaN NaN NaN NaN NaN 
NaN NaN NaN NaN NaN NaN NaN NaN NaN NaN NaN NaN NaN NaN NaN NaN NaN NaN NaN NaN NaN NaN NaN NaN NaN NaN NaN NaN NaN NaN NaN NaN NaN NaN NaN NaN NaN NaN NaN NaN 
NaN NaN NaN NaN NaN NaN NaN NaN NaN NaN NaN NaN NaN NaN NaN NaN NaN NaN NaN NaN NaN NaN NaN NaN NaN NaN NaN NaN NaN NaN NaN NaN NaN NaN NaN NaN NaN NaN NaN NaN 
NaN NaN NaN NaN NaN NaN NaN NaN NaN NaN NaN NaN NaN NaN NaN NaN NaN NaN NaN NaN NaN NaN NaN NaN NaN NaN NaN NaN NaN NaN NaN NaN NaN NaN NaN NaN NaN NaN NaN NaN 
NaN NaN NaN NaN NaN NaN NaN NaN NaN NaN NaN NaN NaN NaN NaN NaN NaN NaN NaN NaN NaN NaN NaN NaN NaN NaN NaN NaN NaN NaN NaN NaN NaN NaN NaN NaN NaN NaN NaN NaN 
NaN NaN NaN NaN NaN NaN NaN NaN NaN NaN NaN NaN NaN NaN NaN NaN NaN NaN NaN NaN NaN NaN NaN NaN NaN NaN NaN NaN NaN NaN NaN NaN NaN NaN NaN NaN NaN NaN NaN NaN 
NaN NaN NaN NaN NaN NaN NaN NaN NaN NaN NaN NaN NaN NaN NaN NaN NaN NaN NaN NaN NaN NaN NaN NaN NaN NaN NaN NaN NaN NaN NaN NaN NaN NaN NaN NaN NaN NaN NaN NaN 
NaN NaN NaN NaN NaN NaN NaN NaN NaN NaN NaN NaN NaN NaN NaN NaN NaN NaN NaN NaN NaN NaN NaN NaN NaN NaN NaN NaN NaN NaN NaN NaN NaN NaN NaN NaN NaN NaN NaN NaN 
NaN NaN NaN NaN NaN NaN NaN NaN NaN NaN NaN NaN NaN NaN NaN NaN NaN NaN NaN NaN NaN NaN NaN NaN NaN NaN NaN NaN NaN NaN NaN NaN NaN NaN NaN NaN NaN NaN NaN NaN 
NaN NaN NaN NaN NaN NaN NaN NaN NaN NaN NaN NaN NaN NaN NaN NaN NaN NaN NaN NaN NaN NaN NaN NaN NaN NaN NaN NaN NaN NaN NaN NaN NaN NaN NaN NaN NaN NaN NaN NaN 
NaN NaN NaN NaN NaN NaN NaN NaN NaN NaN NaN NaN NaN NaN NaN NaN NaN NaN NaN NaN NaN NaN NaN NaN NaN NaN NaN NaN NaN NaN NaN NaN NaN NaN NaN NaN NaN NaN NaN NaN 
NaN NaN NaN NaN NaN NaN NaN NaN NaN NaN NaN NaN NaN NaN NaN NaN NaN NaN NaN NaN NaN NaN NaN NaN NaN NaN NaN NaN NaN NaN NaN NaN NaN NaN NaN NaN NaN NaN NaN NaN 
NaN NaN NaN NaN NaN NaN NaN NaN NaN NaN NaN NaN NaN NaN NaN NaN NaN NaN NaN NaN NaN NaN NaN NaN NaN NaN NaN NaN NaN NaN NaN NaN NaN NaN NaN NaN NaN NaN NaN NaN 
NaN NaN NaN NaN NaN NaN NaN NaN NaN NaN NaN NaN NaN NaN NaN NaN NaN NaN NaN NaN NaN NaN NaN NaN NaN NaN NaN NaN NaN NaN NaN NaN NaN NaN NaN NaN NaN NaN NaN NaN 
NaN NaN NaN NaN NaN NaN NaN NaN NaN NaN NaN NaN NaN NaN NaN NaN NaN NaN NaN NaN NaN NaN NaN NaN NaN NaN NaN NaN NaN NaN NaN NaN NaN NaN NaN NaN NaN NaN NaN NaN 
NaN NaN NaN NaN NaN NaN NaN NaN NaN NaN NaN NaN NaN NaN NaN NaN NaN NaN NaN NaN NaN NaN NaN NaN NaN NaN NaN NaN NaN NaN NaN NaN NaN NaN NaN NaN NaN NaN NaN NaN 
NaN NaN NaN NaN NaN NaN NaN NaN NaN NaN NaN NaN NaN NaN NaN NaN NaN NaN NaN NaN NaN NaN NaN NaN NaN NaN NaN NaN NaN NaN NaN NaN NaN NaN NaN NaN NaN NaN NaN NaN 
NaN NaN NaN NaN NaN NaN NaN NaN NaN NaN NaN NaN NaN NaN NaN NaN NaN NaN NaN NaN NaN NaN NaN NaN NaN NaN NaN NaN NaN NaN NaN NaN NaN NaN NaN NaN NaN NaN NaN NaN 
NaN NaN NaN NaN NaN NaN NaN NaN NaN NaN NaN NaN NaN NaN NaN NaN NaN NaN NaN NaN NaN NaN NaN NaN NaN NaN NaN NaN NaN NaN NaN NaN NaN NaN NaN NaN NaN NaN NaN NaN 
NaN NaN NaN NaN NaN NaN NaN NaN NaN NaN NaN NaN NaN NaN NaN NaN NaN NaN NaN NaN NaN NaN NaN NaN NaN NaN NaN NaN NaN NaN NaN NaN NaN NaN NaN NaN NaN NaN NaN NaN 
NaN NaN NaN NaN NaN NaN NaN NaN NaN NaN NaN NaN NaN NaN NaN NaN NaN NaN NaN NaN NaN NaN NaN NaN NaN NaN NaN NaN NaN NaN NaN NaN NaN NaN NaN NaN NaN NaN NaN NaN 
NaN NaN NaN NaN NaN NaN NaN NaN NaN NaN NaN NaN NaN NaN NaN NaN NaN NaN NaN NaN NaN NaN NaN NaN NaN NaN NaN NaN NaN NaN NaN NaN NaN NaN NaN NaN NaN NaN NaN NaN 
NaN NaN NaN NaN NaN NaN NaN NaN NaN NaN NaN NaN NaN NaN NaN NaN NaN NaN NaN NaN NaN NaN NaN NaN NaN NaN NaN NaN NaN NaN NaN NaN NaN NaN NaN NaN NaN NaN NaN NaN 
NaN NaN NaN NaN NaN NaN NaN NaN NaN NaN NaN NaN NaN NaN NaN NaN NaN NaN NaN NaN NaN NaN NaN NaN NaN NaN NaN NaN NaN NaN NaN NaN NaN NaN NaN NaN NaN NaN NaN NaN 
NaN NaN NaN NaN NaN NaN NaN NaN NaN NaN NaN NaN NaN NaN NaN NaN NaN NaN NaN NaN NaN NaN NaN NaN NaN NaN NaN NaN NaN NaN NaN NaN NaN NaN NaN NaN NaN NaN NaN NaN 
NaN NaN NaN NaN NaN NaN NaN NaN NaN NaN NaN NaN NaN NaN NaN NaN NaN NaN NaN NaN NaN NaN NaN NaN NaN NaN NaN NaN NaN NaN NaN NaN NaN NaN NaN NaN NaN NaN NaN NaN 
NaN NaN NaN NaN NaN NaN NaN NaN NaN NaN NaN NaN NaN NaN NaN NaN NaN NaN NaN NaN NaN NaN NaN NaN NaN NaN NaN NaN NaN NaN NaN NaN NaN NaN NaN NaN NaN NaN NaN NaN 
NaN NaN NaN NaN NaN NaN NaN NaN NaN NaN NaN NaN NaN NaN NaN NaN NaN NaN NaN NaN NaN NaN NaN NaN NaN NaN NaN NaN NaN NaN NaN NaN NaN NaN NaN NaN NaN NaN NaN NaN 
NaN NaN NaN NaN NaN NaN NaN NaN NaN NaN NaN NaN NaN NaN NaN NaN NaN NaN NaN NaN NaN NaN NaN NaN NaN NaN NaN NaN NaN NaN NaN NaN NaN NaN NaN NaN NaN NaN NaN NaN 
NaN NaN NaN NaN NaN NaN NaN NaN NaN NaN NaN NaN NaN NaN NaN NaN NaN NaN NaN NaN NaN NaN NaN NaN NaN NaN NaN NaN NaN NaN NaN NaN NaN NaN NaN NaN NaN NaN NaN NaN 
NaN NaN NaN NaN NaN NaN NaN NaN NaN NaN NaN NaN NaN NaN NaN NaN NaN NaN NaN NaN NaN NaN NaN NaN NaN NaN NaN NaN NaN NaN NaN NaN NaN NaN NaN NaN NaN NaN NaN NaN 
NaN NaN NaN NaN NaN NaN NaN NaN NaN NaN NaN NaN NaN NaN NaN NaN NaN NaN NaN NaN NaN NaN NaN NaN NaN NaN NaN NaN NaN NaN NaN NaN NaN NaN NaN NaN NaN NaN NaN NaN 
NaN NaN NaN NaN NaN NaN NaN NaN NaN NaN NaN NaN NaN NaN NaN NaN NaN NaN NaN NaN NaN NaN NaN NaN NaN NaN NaN NaN NaN NaN NaN NaN NaN NaN NaN NaN NaN NaN NaN NaN 
NaN NaN NaN NaN NaN NaN NaN NaN NaN NaN NaN NaN NaN NaN NaN NaN NaN NaN NaN NaN NaN NaN NaN NaN NaN NaN NaN NaN NaN NaN NaN NaN NaN NaN NaN NaN NaN NaN NaN NaN 
NaN NaN NaN NaN NaN NaN NaN NaN NaN NaN NaN NaN NaN NaN NaN NaN NaN NaN NaN NaN NaN NaN NaN NaN NaN NaN NaN NaN NaN NaN NaN NaN NaN NaN NaN NaN NaN NaN NaN NaN 
NaN NaN NaN NaN NaN NaN NaN NaN NaN NaN NaN NaN NaN NaN NaN NaN NaN NaN NaN NaN NaN NaN NaN NaN NaN NaN NaN NaN NaN NaN NaN NaN NaN NaN NaN NaN NaN NaN NaN NaN 
NaN NaN NaN NaN NaN NaN NaN NaN NaN NaN NaN NaN NaN NaN NaN NaN NaN NaN NaN NaN NaN NaN NaN NaN NaN NaN NaN NaN NaN NaN NaN NaN NaN NaN NaN NaN NaN NaN NaN NaN 
NaN NaN NaN NaN NaN NaN NaN NaN NaN NaN NaN NaN NaN NaN NaN NaN NaN NaN NaN NaN NaN NaN NaN NaN NaN NaN NaN NaN NaN NaN NaN NaN NaN NaN NaN NaN NaN NaN NaN NaN 
NaN NaN NaN NaN NaN NaN NaN NaN NaN NaN NaN NaN NaN NaN NaN NaN NaN NaN NaN NaN NaN NaN NaN NaN NaN NaN NaN NaN NaN NaN NaN NaN NaN NaN NaN NaN NaN NaN NaN NaN 
NaN NaN NaN NaN NaN NaN NaN NaN NaN NaN NaN NaN NaN NaN NaN NaN NaN NaN NaN NaN NaN NaN NaN NaN NaN NaN NaN NaN NaN NaN NaN NaN NaN NaN NaN NaN NaN NaN NaN NaN 
NaN NaN NaN NaN NaN NaN NaN NaN NaN NaN NaN NaN NaN NaN NaN NaN NaN NaN NaN NaN NaN NaN NaN NaN NaN NaN NaN NaN NaN NaN NaN NaN NaN NaN NaN NaN NaN NaN NaN NaN 
NaN NaN NaN NaN NaN NaN NaN NaN NaN NaN NaN NaN NaN NaN NaN NaN NaN NaN NaN NaN NaN NaN NaN NaN NaN NaN NaN NaN NaN NaN NaN NaN NaN NaN NaN NaN NaN NaN NaN NaN 
NaN NaN NaN NaN NaN NaN NaN NaN NaN NaN NaN NaN NaN NaN NaN NaN NaN NaN NaN NaN NaN NaN NaN NaN NaN NaN NaN NaN NaN NaN NaN NaN NaN NaN NaN NaN NaN NaN NaN NaN 
NaN NaN NaN NaN NaN NaN NaN NaN NaN NaN NaN NaN NaN NaN NaN NaN NaN NaN NaN NaN NaN NaN NaN NaN NaN NaN NaN NaN NaN NaN NaN NaN NaN NaN NaN NaN NaN NaN NaN NaN 
NaN NaN NaN NaN NaN NaN NaN NaN NaN NaN NaN NaN NaN NaN NaN NaN NaN NaN NaN NaN NaN NaN NaN NaN NaN NaN NaN NaN NaN NaN NaN NaN NaN NaN NaN NaN NaN NaN NaN NaN 
NaN NaN NaN NaN NaN NaN NaN NaN NaN NaN NaN NaN NaN NaN NaN NaN NaN NaN NaN NaN NaN NaN NaN NaN NaN NaN NaN NaN NaN NaN NaN NaN NaN NaN NaN NaN NaN NaN NaN NaN 
NaN NaN NaN NaN NaN NaN NaN NaN NaN NaN NaN NaN NaN NaN NaN NaN NaN NaN NaN NaN NaN NaN NaN NaN NaN NaN NaN NaN NaN NaN NaN NaN NaN NaN NaN NaN NaN NaN NaN NaN 
NaN NaN NaN NaN NaN NaN NaN NaN NaN NaN NaN NaN NaN NaN NaN NaN NaN NaN NaN NaN NaN NaN NaN NaN NaN NaN NaN NaN NaN NaN NaN NaN NaN NaN NaN NaN NaN NaN NaN NaN 
