NaN NaN NaN NaN NaN NaN NaN NaN NaN NaN NaN NaN NaN NaN NaN NaN NaN NaN NaN NaN NaN NaN NaN NaN NaN NaN NaN NaN NaN NaN NaN NaN NaN NaN NaN NaN NaN NaN NaN NaN 
NaN NaN NaN NaN NaN NaN NaN NaN NaN NaN NaN NaN NaN NaN NaN NaN NaN NaN NaN NaN NaN NaN NaN NaN NaN NaN NaN NaN NaN NaN NaN NaN NaN NaN NaN NaN NaN NaN NaN NaN 
NaN NaN NaN NaN NaN NaN NaN NaN NaN NaN NaN NaN NaN NaN NaN NaN NaN NaN NaN NaN NaN NaN NaN NaN NaN NaN NaN NaN NaN NaN NaN NaN NaN NaN NaN NaN NaN NaN NaN NaN 
NaN NaN NaN NaN NaN NaN NaN NaN NaN NaN NaN NaN NaN NaN NaN NaN NaN NaN NaN NaN NaN NaN NaN NaN NaN NaN NaN NaN NaN NaN NaN NaN NaN NaN NaN NaN NaN NaN NaN NaN 
NaN NaN NaN NaN NaN NaN NaN NaN NaN NaN NaN NaN NaN NaN NaN NaN NaN NaN NaN NaN NaN NaN NaN NaN NaN NaN NaN NaN NaN NaN NaN NaN NaN NaN NaN NaN NaN NaN NaN NaN 
NaN NaN NaN NaN NaN NaN NaN NaN NaN NaN NaN NaN NaN NaN NaN NaN NaN NaN NaN NaN NaN NaN NaN NaN NaN NaN NaN NaN NaN NaN NaN NaN NaN NaN NaN NaN NaN NaN NaN NaN 
NaN NaN NaN NaN NaN NaN NaN NaN NaN NaN NaN NaN NaN NaN NaN NaN NaN NaN NaN NaN NaN NaN NaN NaN NaN NaN NaN NaN NaN NaN NaN NaN NaN NaN NaN NaN NaN NaN NaN NaN 
NaN NaN NaN NaN NaN NaN NaN NaN NaN NaN NaN NaN NaN NaN NaN NaN NaN NaN NaN NaN NaN NaN NaN NaN NaN NaN NaN NaN NaN NaN NaN NaN NaN NaN NaN NaN NaN NaN NaN NaN 
NaN NaN NaN NaN NaN NaN NaN NaN NaN NaN NaN NaN NaN NaN NaN NaN NaN NaN NaN NaN NaN NaN NaN NaN NaN NaN NaN NaN NaN NaN NaN NaN NaN NaN NaN NaN NaN NaN NaN NaN 
NaN NaN NaN NaN NaN NaN NaN NaN NaN NaN NaN NaN NaN NaN NaN NaN NaN NaN NaN NaN NaN NaN NaN NaN NaN NaN NaN NaN NaN NaN NaN NaN NaN NaN NaN NaN NaN NaN NaN NaN 
NaN NaN NaN NaN NaN NaN NaN NaN NaN NaN NaN NaN NaN NaN NaN NaN NaN NaN NaN NaN NaN NaN NaN NaN NaN NaN NaN NaN NaN NaN NaN NaN NaN NaN NaN NaN NaN NaN NaN NaN 
NaN NaN NaN NaN NaN NaN NaN NaN NaN NaN NaN NaN NaN NaN NaN NaN NaN NaN NaN NaN NaN NaN NaN NaN NaN NaN NaN NaN NaN NaN NaN NaN NaN NaN NaN NaN NaN NaN NaN NaN 
NaN NaN NaN NaN NaN NaN NaN NaN NaN NaN NaN NaN NaN NaN NaN NaN NaN NaN NaN NaN NaN NaN NaN NaN NaN NaN NaN NaN NaN NaN NaN NaN NaN NaN NaN NaN NaN NaN NaN NaN 
NaN NaN NaN NaN NaN NaN NaN NaN NaN NaN NaN NaN NaN NaN NaN NaN NaN NaN NaN NaN NaN NaN NaN NaN NaN NaN NaN NaN NaN NaN NaN NaN NaN NaN NaN NaN NaN NaN NaN NaN 
NaN NaN NaN NaN NaN NaN NaN NaN NaN NaN NaN NaN NaN NaN NaN NaN NaN NaN NaN NaN NaN NaN NaN NaN NaN NaN NaN NaN NaN NaN NaN NaN NaN NaN NaN NaN NaN NaN NaN NaN 
NaN NaN NaN NaN NaN NaN NaN NaN NaN NaN NaN NaN NaN NaN NaN NaN NaN NaN NaN NaN NaN NaN NaN NaN NaN NaN NaN NaN NaN NaN NaN NaN NaN NaN NaN NaN NaN NaN NaN NaN 
NaN NaN NaN NaN NaN NaN NaN NaN NaN NaN NaN NaN NaN NaN NaN NaN NaN NaN NaN NaN NaN NaN NaN NaN NaN NaN NaN NaN NaN NaN NaN NaN NaN NaN NaN NaN NaN NaN NaN NaN 
NaN NaN NaN NaN NaN NaN NaN NaN NaN NaN NaN NaN NaN NaN NaN NaN NaN NaN NaN NaN NaN NaN NaN NaN NaN NaN NaN NaN NaN NaN NaN NaN NaN NaN NaN NaN NaN NaN NaN NaN 
NaN NaN NaN NaN NaN NaN NaN NaN NaN NaN NaN NaN NaN NaN NaN NaN NaN NaN NaN NaN NaN NaN NaN NaN NaN NaN NaN NaN NaN NaN NaN NaN NaN NaN NaN NaN NaN NaN NaN NaN 
NaN NaN NaN NaN NaN NaN NaN NaN NaN NaN NaN NaN NaN NaN NaN NaN NaN NaN NaN NaN NaN NaN NaN NaN NaN NaN NaN NaN NaN NaN NaN NaN NaN NaN NaN NaN NaN NaN NaN NaN 
NaN NaN NaN NaN NaN NaN NaN NaN NaN NaN NaN NaN NaN NaN NaN NaN NaN NaN NaN NaN NaN NaN NaN NaN NaN NaN NaN NaN NaN NaN NaN NaN NaN NaN NaN NaN NaN NaN NaN NaN 
NaN NaN NaN NaN NaN NaN NaN NaN NaN NaN NaN NaN NaN NaN NaN NaN NaN NaN NaN NaN NaN NaN NaN NaN NaN NaN NaN NaN NaN NaN NaN NaN NaN NaN NaN NaN NaN NaN NaN NaN 
NaN NaN NaN NaN NaN NaN NaN NaN NaN NaN NaN NaN NaN NaN NaN NaN NaN NaN NaN NaN NaN NaN NaN NaN NaN NaN NaN NaN NaN NaN NaN NaN NaN NaN NaN NaN NaN NaN NaN NaN 
NaN NaN NaN NaN NaN NaN NaN NaN NaN NaN NaN NaN NaN NaN NaN NaN NaN NaN NaN NaN NaN NaN NaN NaN NaN NaN NaN NaN NaN NaN NaN NaN NaN NaN NaN NaN NaN NaN NaN NaN 
NaN NaN NaN NaN NaN NaN NaN NaN NaN NaN NaN NaN NaN NaN NaN NaN NaN NaN NaN NaN NaN NaN NaN NaN NaN NaN NaN NaN NaN NaN NaN NaN NaN NaN NaN NaN NaN NaN NaN NaN 
NaN NaN NaN NaN NaN NaN NaN NaN NaN NaN NaN NaN NaN NaN NaN NaN NaN NaN NaN NaN NaN NaN NaN NaN NaN NaN NaN NaN NaN NaN NaN NaN NaN NaN NaN NaN NaN NaN NaN NaN 
NaN NaN NaN NaN NaN NaN NaN NaN NaN NaN NaN NaN NaN NaN NaN NaN NaN NaN NaN NaN NaN NaN NaN NaN NaN NaN NaN NaN NaN NaN NaN NaN NaN NaN NaN NaN NaN NaN NaN NaN 
NaN NaN NaN NaN NaN NaN NaN NaN NaN NaN NaN NaN NaN NaN NaN NaN NaN NaN NaN NaN NaN NaN NaN NaN NaN NaN NaN NaN NaN NaN NaN NaN NaN NaN NaN NaN NaN NaN NaN NaN 
NaN NaN NaN NaN NaN NaN NaN NaN NaN NaN NaN NaN NaN NaN NaN NaN NaN NaN NaN NaN NaN NaN NaN NaN NaN NaN NaN NaN NaN NaN NaN NaN NaN NaN NaN NaN NaN NaN NaN NaN 
NaN NaN NaN NaN NaN NaN NaN NaN NaN NaN NaN NaN NaN NaN NaN NaN NaN NaN NaN NaN NaN NaN NaN NaN NaN NaN NaN NaN NaN NaN NaN NaN NaN NaN NaN NaN NaN NaN NaN NaN 
NaN NaN NaN NaN NaN NaN NaN NaN NaN NaN NaN NaN NaN NaN NaN NaN NaN NaN NaN NaN NaN NaN NaN NaN NaN NaN NaN NaN NaN NaN NaN NaN NaN NaN NaN NaN NaN NaN NaN NaN 
NaN NaN NaN NaN NaN NaN NaN NaN NaN NaN NaN NaN NaN NaN NaN NaN NaN NaN NaN NaN NaN NaN NaN NaN NaN NaN NaN NaN NaN NaN NaN NaN NaN NaN NaN NaN NaN NaN NaN NaN 
NaN NaN NaN NaN NaN NaN NaN NaN NaN NaN NaN NaN NaN NaN NaN NaN NaN NaN NaN NaN NaN NaN NaN NaN NaN NaN NaN NaN NaN NaN NaN NaN NaN NaN NaN NaN NaN NaN NaN NaN 
NaN NaN NaN NaN NaN NaN NaN NaN NaN NaN NaN NaN NaN NaN NaN NaN NaN NaN NaN NaN NaN NaN NaN NaN NaN NaN NaN NaN NaN NaN NaN NaN NaN NaN NaN NaN NaN NaN NaN NaN 
NaN NaN NaN NaN NaN NaN NaN NaN NaN NaN NaN NaN NaN NaN NaN NaN NaN NaN NaN NaN NaN NaN NaN NaN NaN NaN NaN NaN NaN NaN NaN NaN NaN NaN NaN NaN NaN NaN NaN NaN 
NaN NaN NaN NaN NaN NaN NaN NaN NaN NaN NaN NaN NaN NaN NaN NaN NaN NaN NaN NaN NaN NaN NaN NaN NaN NaN NaN NaN NaN NaN NaN NaN NaN NaN NaN NaN NaN NaN NaN NaN 
NaN NaN NaN NaN NaN NaN NaN NaN NaN NaN NaN NaN NaN NaN NaN NaN NaN NaN NaN NaN NaN NaN NaN NaN NaN NaN NaN NaN NaN NaN NaN NaN NaN NaN NaN NaN NaN NaN NaN NaN 
NaN NaN NaN NaN NaN NaN NaN NaN NaN NaN NaN NaN NaN NaN NaN NaN NaN NaN NaN NaN NaN NaN NaN NaN NaN NaN NaN NaN NaN NaN NaN NaN NaN NaN NaN NaN NaN NaN NaN NaN 
NaN NaN NaN NaN NaN NaN NaN NaN NaN NaN NaN NaN NaN NaN NaN NaN NaN NaN NaN NaN NaN NaN NaN NaN NaN NaN NaN NaN NaN NaN NaN NaN NaN NaN NaN NaN NaN NaN NaN NaN 
NaN NaN NaN NaN NaN NaN NaN NaN NaN NaN NaN NaN NaN NaN NaN NaN NaN NaN NaN NaN NaN NaN NaN NaN NaN NaN NaN NaN NaN NaN NaN NaN NaN NaN NaN NaN NaN NaN NaN NaN 
NaN NaN NaN NaN NaN NaN NaN NaN NaN NaN NaN NaN NaN NaN NaN NaN NaN NaN NaN NaN NaN NaN NaN NaN NaN NaN NaN NaN NaN NaN NaN NaN NaN NaN NaN NaN NaN NaN NaN NaN 
NaN NaN NaN NaN NaN NaN NaN NaN NaN NaN NaN NaN NaN NaN NaN NaN NaN NaN NaN NaN NaN NaN NaN NaN NaN NaN NaN NaN NaN NaN NaN NaN NaN NaN NaN NaN NaN NaN NaN NaN 
NaN NaN NaN NaN NaN NaN NaN NaN NaN NaN NaN NaN NaN NaN NaN NaN NaN NaN NaN NaN NaN NaN NaN NaN NaN NaN NaN NaN NaN NaN NaN NaN NaN NaN NaN NaN NaN NaN NaN NaN 
NaN NaN NaN NaN NaN NaN NaN NaN NaN NaN NaN NaN NaN NaN NaN NaN NaN NaN NaN NaN NaN NaN NaN NaN NaN NaN NaN NaN NaN NaN NaN NaN NaN NaN NaN NaN NaN NaN NaN NaN 
NaN NaN NaN NaN NaN NaN NaN NaN NaN NaN NaN NaN NaN NaN NaN NaN NaN NaN NaN NaN NaN NaN NaN NaN NaN NaN NaN NaN NaN NaN NaN NaN NaN NaN NaN NaN NaN NaN NaN NaN 
NaN NaN NaN NaN NaN NaN NaN NaN NaN NaN NaN NaN NaN NaN NaN NaN NaN NaN NaN NaN NaN NaN NaN NaN NaN NaN NaN NaN NaN NaN NaN NaN NaN NaN NaN NaN NaN NaN NaN NaN 
NaN NaN NaN NaN NaN NaN NaN NaN NaN NaN NaN NaN NaN NaN NaN NaN NaN NaN NaN NaN NaN NaN NaN NaN NaN NaN NaN NaN NaN NaN NaN NaN NaN NaN NaN NaN NaN NaN NaN NaN 
NaN NaN NaN NaN NaN NaN NaN NaN NaN NaN NaN NaN NaN NaN NaN NaN NaN NaN NaN NaN NaN NaN NaN NaN NaN NaN NaN NaN NaN NaN NaN NaN NaN NaN NaN NaN NaN NaN NaN NaN 
NaN NaN NaN NaN NaN NaN NaN NaN NaN NaN NaN NaN NaN NaN NaN NaN NaN NaN NaN NaN NaN NaN NaN NaN NaN NaN NaN NaN NaN NaN NaN NaN NaN NaN NaN NaN NaN NaN NaN NaN 
NaN NaN NaN NaN NaN NaN NaN NaN NaN NaN NaN NaN NaN NaN NaN NaN NaN NaN NaN NaN NaN NaN NaN NaN NaN NaN NaN NaN NaN NaN NaN NaN NaN NaN NaN NaN NaN NaN NaN NaN 
NaN NaN NaN NaN NaN NaN NaN NaN NaN NaN NaN NaN NaN NaN NaN NaN NaN NaN NaN NaN NaN NaN NaN NaN NaN NaN NaN NaN NaN NaN NaN NaN NaN NaN NaN NaN NaN NaN NaN NaN 
NaN NaN NaN NaN NaN NaN NaN NaN NaN NaN NaN NaN NaN NaN NaN NaN NaN NaN NaN NaN NaN NaN NaN NaN NaN NaN NaN NaN NaN NaN NaN NaN NaN NaN NaN NaN NaN NaN NaN NaN 
NaN NaN NaN NaN NaN NaN NaN NaN NaN NaN NaN NaN NaN NaN NaN NaN NaN NaN NaN NaN NaN NaN NaN NaN NaN NaN NaN NaN NaN NaN NaN NaN NaN NaN NaN NaN NaN NaN NaN NaN 
NaN NaN NaN NaN NaN NaN NaN NaN NaN NaN NaN NaN NaN NaN NaN NaN NaN NaN NaN NaN NaN NaN NaN NaN NaN NaN NaN NaN NaN NaN NaN NaN NaN NaN NaN NaN NaN NaN NaN NaN 
NaN NaN NaN NaN NaN NaN NaN NaN NaN NaN NaN NaN NaN NaN NaN NaN NaN NaN NaN NaN NaN NaN NaN NaN NaN NaN NaN NaN NaN NaN NaN NaN NaN NaN NaN NaN NaN NaN NaN NaN 
NaN NaN NaN NaN NaN NaN NaN NaN NaN NaN NaN NaN NaN NaN NaN NaN NaN NaN NaN NaN NaN NaN NaN NaN NaN NaN NaN NaN NaN NaN NaN NaN NaN NaN NaN NaN NaN NaN NaN NaN 
NaN NaN NaN NaN NaN NaN NaN NaN NaN NaN NaN NaN NaN NaN NaN NaN NaN NaN NaN NaN NaN NaN NaN NaN NaN NaN NaN NaN NaN NaN NaN NaN NaN NaN NaN NaN NaN NaN NaN NaN 
NaN NaN NaN NaN NaN NaN NaN NaN NaN NaN NaN NaN NaN NaN NaN NaN NaN NaN NaN NaN NaN NaN NaN NaN NaN NaN NaN NaN NaN NaN NaN NaN NaN NaN NaN NaN NaN NaN NaN NaN 
NaN NaN NaN NaN NaN NaN NaN NaN NaN NaN NaN NaN NaN NaN NaN NaN NaN NaN NaN NaN NaN NaN NaN NaN NaN NaN NaN NaN NaN NaN NaN NaN NaN NaN NaN NaN NaN NaN NaN NaN 
NaN NaN NaN NaN NaN NaN NaN NaN NaN NaN NaN NaN NaN NaN NaN NaN NaN NaN NaN NaN NaN NaN NaN NaN NaN NaN NaN NaN NaN NaN NaN NaN NaN NaN NaN NaN NaN NaN NaN NaN 
NaN NaN NaN NaN NaN NaN NaN NaN NaN NaN NaN NaN NaN NaN NaN NaN NaN NaN NaN NaN NaN NaN NaN NaN NaN NaN NaN NaN NaN NaN NaN NaN NaN NaN NaN NaN NaN NaN NaN NaN 
NaN NaN NaN NaN NaN NaN NaN NaN NaN NaN NaN NaN NaN NaN NaN NaN NaN NaN NaN NaN NaN NaN NaN NaN NaN NaN NaN NaN NaN NaN NaN NaN NaN NaN NaN NaN NaN NaN NaN NaN 
NaN NaN NaN NaN NaN NaN NaN NaN NaN NaN NaN NaN NaN NaN NaN NaN NaN NaN NaN NaN NaN NaN NaN NaN NaN NaN NaN NaN NaN NaN NaN NaN NaN NaN NaN NaN NaN NaN NaN NaN 
NaN NaN NaN NaN NaN NaN NaN NaN NaN NaN NaN NaN NaN NaN NaN NaN NaN NaN NaN NaN NaN NaN NaN NaN NaN NaN NaN NaN NaN NaN NaN NaN NaN NaN NaN NaN NaN NaN NaN NaN 
NaN NaN NaN NaN NaN NaN NaN NaN NaN NaN NaN NaN NaN NaN NaN NaN NaN NaN NaN NaN NaN NaN NaN NaN NaN NaN NaN NaN NaN NaN NaN NaN NaN NaN NaN NaN NaN NaN NaN NaN 
NaN NaN NaN NaN NaN NaN NaN NaN NaN NaN NaN NaN NaN NaN NaN NaN NaN NaN NaN NaN NaN NaN NaN NaN NaN NaN NaN NaN NaN NaN NaN NaN NaN NaN NaN NaN NaN NaN NaN NaN 
NaN NaN NaN NaN NaN NaN NaN NaN NaN NaN NaN NaN NaN NaN NaN NaN NaN NaN NaN NaN NaN NaN NaN NaN NaN NaN NaN NaN NaN NaN NaN NaN NaN NaN NaN NaN NaN NaN NaN NaN 
NaN NaN NaN NaN NaN NaN NaN NaN NaN NaN NaN NaN NaN NaN NaN NaN NaN NaN NaN NaN NaN NaN NaN NaN NaN NaN NaN NaN NaN NaN NaN NaN NaN NaN NaN NaN NaN NaN NaN NaN 
NaN NaN NaN NaN NaN NaN NaN NaN NaN NaN NaN NaN NaN NaN NaN NaN NaN NaN NaN NaN NaN NaN NaN NaN NaN NaN NaN NaN NaN NaN NaN NaN NaN NaN NaN NaN NaN NaN NaN NaN 
NaN NaN NaN NaN NaN NaN NaN NaN NaN NaN NaN NaN NaN NaN NaN NaN NaN NaN NaN NaN NaN NaN NaN NaN NaN NaN NaN NaN NaN NaN NaN NaN NaN NaN NaN NaN NaN NaN NaN NaN 
NaN NaN NaN NaN NaN NaN NaN NaN NaN NaN NaN NaN NaN NaN NaN NaN NaN NaN NaN NaN NaN NaN NaN NaN NaN NaN NaN NaN NaN NaN NaN NaN NaN NaN NaN NaN NaN NaN NaN NaN 
NaN NaN NaN NaN NaN NaN NaN NaN NaN NaN NaN NaN NaN NaN NaN NaN NaN NaN NaN NaN NaN NaN NaN NaN NaN NaN NaN NaN NaN NaN NaN NaN NaN NaN NaN NaN NaN NaN NaN NaN 
NaN NaN NaN NaN NaN NaN NaN NaN NaN NaN NaN NaN NaN NaN NaN NaN NaN NaN NaN NaN NaN NaN NaN NaN NaN NaN NaN NaN NaN NaN NaN NaN NaN NaN NaN NaN NaN NaN NaN NaN 
NaN NaN NaN NaN NaN NaN NaN NaN NaN NaN NaN NaN NaN NaN NaN NaN NaN NaN NaN NaN NaN NaN NaN NaN NaN NaN NaN NaN NaN NaN NaN NaN NaN NaN NaN NaN NaN NaN NaN NaN 
NaN NaN NaN NaN NaN NaN NaN NaN NaN NaN NaN NaN NaN NaN NaN NaN NaN NaN NaN NaN NaN NaN NaN NaN NaN NaN NaN NaN NaN NaN NaN NaN NaN NaN NaN NaN NaN NaN NaN NaN 
NaN NaN NaN NaN NaN NaN NaN NaN NaN NaN NaN NaN NaN NaN NaN NaN NaN NaN NaN NaN NaN NaN NaN NaN NaN NaN NaN NaN NaN NaN NaN NaN NaN NaN NaN NaN NaN NaN NaN NaN 
NaN NaN NaN NaN NaN NaN NaN NaN NaN NaN NaN NaN NaN NaN NaN NaN NaN NaN NaN NaN NaN NaN NaN NaN NaN NaN NaN NaN NaN NaN NaN NaN NaN NaN NaN NaN NaN NaN NaN NaN 
NaN NaN NaN NaN NaN NaN NaN NaN NaN NaN NaN NaN NaN NaN NaN NaN NaN NaN NaN NaN NaN NaN NaN NaN NaN NaN NaN NaN NaN NaN NaN NaN NaN NaN NaN NaN NaN NaN NaN NaN 
NaN NaN NaN NaN NaN NaN NaN NaN NaN NaN NaN NaN NaN NaN NaN NaN NaN NaN NaN NaN NaN NaN NaN NaN NaN NaN NaN NaN NaN NaN NaN NaN NaN NaN NaN NaN NaN NaN NaN NaN 
NaN NaN NaN NaN NaN NaN NaN NaN NaN NaN NaN NaN NaN NaN NaN NaN NaN NaN NaN NaN NaN NaN NaN NaN NaN NaN NaN NaN NaN NaN NaN NaN NaN NaN NaN NaN NaN NaN NaN NaN 
NaN NaN NaN NaN NaN NaN NaN NaN NaN NaN NaN NaN NaN NaN NaN NaN NaN NaN NaN NaN NaN NaN NaN NaN NaN NaN NaN NaN NaN NaN NaN NaN NaN NaN NaN NaN NaN NaN NaN NaN 
NaN NaN NaN NaN NaN NaN NaN NaN NaN NaN NaN NaN NaN NaN NaN NaN NaN NaN NaN NaN NaN NaN NaN NaN NaN NaN NaN NaN NaN NaN NaN NaN NaN NaN NaN NaN NaN NaN NaN NaN 
NaN NaN NaN NaN NaN NaN NaN NaN NaN NaN NaN NaN NaN NaN NaN NaN NaN NaN NaN NaN NaN NaN NaN NaN NaN NaN NaN NaN NaN NaN NaN NaN NaN NaN NaN NaN NaN NaN NaN NaN 
NaN NaN NaN NaN NaN NaN NaN NaN NaN NaN NaN NaN NaN NaN NaN NaN NaN NaN NaN NaN NaN NaN NaN NaN NaN NaN NaN NaN NaN NaN NaN NaN NaN NaN NaN NaN NaN NaN NaN NaN 
NaN NaN NaN NaN NaN NaN NaN NaN NaN NaN NaN NaN NaN NaN NaN NaN NaN NaN NaN NaN NaN NaN NaN NaN NaN NaN NaN NaN NaN NaN NaN NaN NaN NaN NaN NaN NaN NaN NaN NaN 
NaN NaN NaN NaN NaN NaN NaN NaN NaN NaN NaN NaN NaN NaN NaN NaN NaN NaN NaN NaN NaN NaN NaN NaN NaN NaN NaN NaN NaN NaN NaN NaN NaN NaN NaN NaN NaN NaN NaN NaN 
NaN NaN NaN NaN NaN NaN NaN NaN NaN NaN NaN NaN NaN NaN NaN NaN NaN NaN NaN NaN NaN NaN NaN NaN NaN NaN NaN NaN NaN NaN NaN NaN NaN NaN NaN NaN NaN NaN NaN NaN 
NaN NaN NaN NaN NaN NaN NaN NaN NaN NaN NaN NaN NaN NaN NaN NaN NaN NaN NaN NaN NaN NaN NaN NaN NaN NaN NaN NaN NaN NaN NaN NaN NaN NaN NaN NaN NaN NaN NaN NaN 
NaN NaN NaN NaN NaN NaN NaN NaN NaN NaN NaN NaN NaN NaN NaN NaN NaN NaN NaN NaN NaN NaN NaN NaN NaN NaN NaN NaN NaN NaN NaN NaN NaN NaN NaN NaN NaN NaN NaN NaN 
NaN NaN NaN NaN NaN NaN NaN NaN NaN NaN NaN NaN NaN NaN NaN NaN NaN NaN NaN NaN NaN NaN NaN NaN NaN NaN NaN NaN NaN NaN NaN NaN NaN NaN NaN NaN NaN NaN NaN NaN 
NaN NaN NaN NaN NaN NaN NaN NaN NaN NaN NaN NaN NaN NaN NaN NaN NaN NaN NaN NaN NaN NaN NaN NaN NaN NaN NaN NaN NaN NaN NaN NaN NaN NaN NaN NaN NaN NaN NaN NaN 
NaN NaN NaN NaN NaN NaN NaN NaN NaN NaN NaN NaN NaN NaN NaN NaN NaN NaN NaN NaN NaN NaN NaN NaN NaN NaN NaN NaN NaN NaN NaN NaN NaN NaN NaN NaN NaN NaN NaN NaN 
NaN NaN NaN NaN NaN NaN NaN NaN NaN NaN NaN NaN NaN NaN NaN NaN NaN NaN NaN NaN NaN NaN NaN NaN NaN NaN NaN NaN NaN NaN NaN NaN NaN NaN NaN NaN NaN NaN NaN NaN 
NaN NaN NaN NaN NaN NaN NaN NaN NaN NaN NaN NaN NaN NaN NaN NaN NaN NaN NaN NaN NaN NaN NaN NaN NaN NaN NaN NaN NaN NaN NaN NaN NaN NaN NaN NaN NaN NaN NaN NaN 
NaN NaN NaN NaN NaN NaN NaN NaN NaN NaN NaN NaN NaN NaN NaN NaN NaN NaN NaN NaN NaN NaN NaN NaN NaN NaN NaN NaN NaN NaN NaN NaN NaN NaN NaN NaN NaN NaN NaN NaN 
-69.803630 -74.327894 -78.639819 -82.179827 -82.521399 -80.632476 -79.535358 -81.106974 -82.715372 -80.702788 -82.220316 -84.756913 -83.511500 -86.187350 -83.856719 -88.652089 -86.741287 -89.605711 -87.356533 -84.063213 -87.368733 -82.392685 -88.177720 -84.532760 -88.572685 -86.634335 -82.574291 -80.732902 -81.995401 -84.307573 -83.533528 -84.673501 -83.890762 -83.852568 -81.427311 -80.164029 -81.280285 -86.579453 -86.125432 -86.550555 
-63.397958 -71.297951 -75.898020 -84.937112 -83.691916 -81.580344 -76.738518 -76.113450 -79.157557 -74.929388 -74.434294 -76.013123 -75.947392 -83.046995 -78.576352 -79.102923 -77.848697 -75.851079 -83.398443 -78.417451 -79.529719 -74.844004 -76.067308 -75.739881 -80.829582 -78.719584 -75.963321 -74.825311 -72.624253 -75.631410 -74.766266 -75.596498 -75.955831 -75.166360 -77.236829 -75.838033 -77.131378 -78.764700 -75.786193 -78.771522 
-58.893277 -61.588041 -63.299730 -71.588756 -78.807266 -71.508587 -71.224537 -71.943119 -72.868659 -80.528685 -66.507958 -68.289262 -74.846678 -75.669747 -69.683939 -75.199250 -72.037431 -67.495905 -73.167358 -71.113971 -74.876892 -68.222727 -69.865441 -78.711275 -71.267746 -73.508928 -78.716637 -73.165148 -71.865767 -70.129255 -72.603081 -73.772289 -74.280711 -70.277552 -75.913347 -72.997810 -77.411429 -77.762667 -75.025026 -76.857224 
-59.428028 -70.149815 -74.058459 -64.832365 -66.679058 -69.273728 -69.227545 -69.512152 -72.238054 -71.943222 -68.783490 -69.474399 -73.105475 -71.732282 -70.869593 -67.722714 -71.811197 -65.573581 -69.698185 -73.520327 -75.118710 -73.042876 -71.574914 -74.675527 -70.402578 -76.001020 -77.811775 -74.792033 -72.003809 -70.852650 -68.079961 -69.952820 -70.305257 -69.795401 -73.680131 -71.677116 -75.661948 -75.780549 -72.576783 -74.843106 
-21.612593 -26.408621 -33.194766 -38.863246 -42.781507 -47.605822 -51.506040 -50.379274 -48.379705 -50.380504 -55.561229 -52.371468 -54.180329 -58.443743 -57.509821 -54.569947 -57.245658 -56.116949 -59.049382 -59.769638 -63.672893 -63.634822 -61.351674 -61.816408 -64.015046 -62.498805 -67.134460 -64.898945 -63.337628 -66.180984 -62.545707 -64.682337 -64.996227 -66.314250 -67.832663 -67.626732 -67.404003 -68.856602 -68.558884 -66.838151 
-13.616665 -23.651453 -36.765718 -46.263940 -47.030965 -54.010559 -50.949295 -49.110932 -52.387852 -51.574777 -55.771196 -53.713059 -50.065321 -57.065167 -62.957942 -54.870120 -57.895663 -62.659043 -61.780521 -61.051607 -62.939927 -66.644220 -64.977839 -61.516805 -65.060743 -65.324870 -63.756020 -65.175133 -65.101541 -67.146651 -64.543235 -67.197585 -64.928653 -65.754789 -66.264212 -67.141131 -69.013478 -67.690690 -69.001363 -69.629001 
-19.304391 -36.730205 -43.279888 -46.775927 -49.816722 -52.866090 -52.170669 -54.700596 -57.358268 -59.438488 -61.349820 -55.673045 -54.564481 -51.991933 -56.674608 -57.239520 -57.058566 -66.083377 -59.352215 -60.397802 -61.944236 -70.040393 -68.289130 -63.521229 -64.707193 -66.126767 -64.817940 -68.239093 -65.709724 -63.387826 -64.871075 -67.456425 -62.394426 -62.007301 -63.265653 -65.709056 -68.093403 -69.253513 -66.828392 -67.627169 
-19.108475 -30.573557 -40.865137 -50.132436 -51.573437 -47.623204 -48.633613 -52.397475 -52.265180 -57.354693 -53.977721 -51.272435 -50.508232 -53.121250 -54.216696 -58.268901 -56.737021 -61.486396 -56.821430 -55.280849 -63.353721 -66.248523 -63.899891 -63.483875 -61.926994 -65.409711 -68.039786 -66.318956 -62.239161 -58.776532 -58.869223 -64.153833 -59.728746 -58.734606 -58.348879 -60.293471 -60.471143 -69.437134 -65.582136 -66.134912 
-19.853543 -35.139432 -40.111233 -41.999335 -48.848513 -43.793540 -44.476515 -40.149259 -46.066851 -50.821025 -52.494349 -49.030327 -48.329562 -48.920914 -53.546647 -54.316825 -55.773619 -57.350718 -51.928731 -46.968826 -51.490700 -53.494338 -53.706130 -54.181469 -58.351913 -57.914750 -60.612832 -58.333805 -51.282306 -49.188529 -49.541433 -53.428321 -53.211575 -52.582971 -51.463857 -51.137579 -53.109318 -52.610916 -49.904218 -53.265267 
-21.876232 -30.001167 -36.304249 -49.147472 -57.166016 -50.277859 -42.187679 -40.133692 -42.027841 -46.895032 -47.820571 -42.843959 -40.877403 -42.669660 -51.131065 -55.043897 -54.240585 -55.914568 -42.399055 -36.259578 -44.607049 -52.908225 -52.967131 -52.912416 -43.350582 -46.797251 -54.179494 -44.512378 -43.589352 -38.778215 -40.594609 -42.665011 -39.351944 -40.976542 -40.000635 -40.471195 -41.397223 -44.230004 -42.936486 -45.332508 
-25.798470 -30.068229 -37.338093 -49.419056 -52.674198 -50.956914 -48.584609 -46.668430 -51.184392 -59.225074 -54.299822 -39.392743 -41.394398 -52.371323 -57.748777 -57.583644 -59.800043 -62.142436 -36.395315 -32.539478 -49.254985 -55.628512 -57.763878 -58.702939 -41.585655 -49.328954 -57.342611 -42.840233 -34.900066 -30.205839 -29.660923 -31.509199 -29.773150 -29.623225 -31.658365 -31.771282 -35.389427 -38.322864 -35.398983 -37.207242 
-16.703779 -28.512990 -41.725381 -49.883719 -55.881411 -54.453485 -53.582179 -60.910604 -50.201628 -46.619636 -56.585253 -40.369991 -42.004727 -53.808505 -48.502330 -50.521368 -56.580820 -58.558897 -35.908403 -35.526329 -46.552116 -41.531236 -49.333261 -48.564331 -39.699079 -43.242582 -52.294140 -42.586259 -34.062389 -28.049647 -29.174834 -25.860075 -24.893551 -20.611487 -26.957949 -19.821845 -24.981176 -27.080948 -29.532166 -28.092815 
-15.373787 -26.589499 -30.415212 -43.327495 -47.242392 -41.787851 -48.547908 -66.669343 -46.723094 -41.592207 -56.172006 -43.110381 -41.602355 -48.419417 -43.681896 -42.877380 -47.398062 -56.499904 -36.851094 -36.724873 -42.393489 -38.928888 -44.664635 -43.703392 -35.063804 -38.133031 -45.257983 -42.437644 -33.112830 -25.213864 -30.764480 -30.573935 -26.215515 -20.254023 -23.172877 -16.150359 -18.415817 -19.222451 -20.927972 -20.504300 
-17.185048 -40.186104 -36.255015 -43.951108 -43.690744 -35.130352 -42.403091 -61.067226 -45.523725 -41.344429 -56.233640 -41.930913 -32.344402 -44.905248 -44.249272 -39.905661 -41.337226 -56.013948 -32.373194 -32.534747 -36.705692 -38.378533 -43.528069 -41.623278 -32.937039 -35.430838 -42.453078 -42.849133 -33.598702 -23.424064 -27.919592 -26.412653 -26.218872 -19.747809 -22.322509 -15.376910 -16.309105 -16.402360 -17.499373 -17.683725 
-19.119016 -27.674174 -33.064774 -43.060365 -45.218183 -35.226615 -42.513083 -58.513415 -47.347162 -43.922384 -49.712594 -41.271024 -38.042543 -46.473850 -40.627036 -36.326829 -39.511332 -55.938383 -38.312705 -36.816977 -37.870614 -40.889617 -40.459912 -42.518695 -35.175952 -35.782387 -38.821952 -38.464537 -33.333248 -26.727735 -28.380644 -31.018555 -26.812208 -22.738810 -24.997722 -17.664047 -16.639316 -15.217068 -13.907486 -15.922752 
-20.364682 -29.565239 -44.378824 -49.067855 -38.556175 -38.722182 -43.079086 -47.099883 -45.451338 -42.038325 -47.543010 -49.395386 -41.672532 -41.310883 -40.182832 -38.965694 -43.733437 -54.113137 -38.483991 -31.798189 -35.688284 -38.625384 -37.180507 -40.643965 -37.216172 -38.687712 -40.865322 -34.890396 -40.269933 -26.496142 -34.967398 -38.382395 -35.726726 -32.286626 -32.393617 -14.109241 -14.203746 -15.726821 -16.502105 -13.761318 
-20.508564 -31.704580 -40.329252 -39.598360 -43.231666 -37.811521 -35.506059 -38.575197 -41.815679 -39.771844 -37.686164 -38.346566 -37.337461 -32.993629 -36.942257 -33.085452 -38.134090 -42.709571 -38.580487 -36.044014 -38.366629 -34.814533 -34.816082 -37.839642 -31.505174 -35.292946 -39.068899 -34.051908 -32.937719 -27.288994 -36.428654 -30.832603 -26.438824 -33.502944 -33.299347 -16.248667 -15.789976 -15.553135 -12.510334 -11.482910 
-16.815365 -31.793830 -36.994833 -39.150292 -36.413197 -33.155369 -36.660040 -33.167262 -36.993428 -34.327065 -31.333059 -32.056716 -32.129901 -30.196508 -27.899918 -32.822159 -35.764861 -40.537567 -35.512621 -29.223059 -31.570556 -32.554522 -35.573387 -38.564120 -29.770737 -32.614153 -33.489059 -34.784064 -30.651737 -23.555602 -29.634774 -28.482116 -23.264838 -24.158382 -26.222584 -13.240469 -15.931509 -15.287578 -13.248360 -13.661583 
-19.440041 -24.721538 -28.912000 -39.076823 -34.623737 -30.053734 -32.805027 -30.677446 -26.732207 -27.712997 -29.062835 -29.817277 -34.798452 -34.008953 -34.425197 -33.902986 -33.900806 -35.106493 -36.294415 -28.307418 -30.288559 -29.561436 -32.019678 -33.026606 -28.531160 -29.825574 -35.400672 -31.004954 -25.008644 -24.114621 -27.657681 -26.358729 -19.513340 -17.635629 -26.494235 -11.740740 -14.927613 -12.399114 -12.878898 -13.354897 
-22.035938 -24.875462 -22.802366 -24.523887 -29.961395 -29.907494 -26.403884 -27.870045 -25.562189 -23.895939 -26.979754 -30.677878 -28.164713 -29.974954 -31.366334 -37.686293 -34.929077 -38.307689 -36.048049 -25.848081 -27.422323 -32.344973 -36.082892 -38.099029 -24.739695 -31.455066 -32.459372 -30.556807 -24.593486 -25.680905 -28.490270 -24.342317 -22.578001 -18.763302 -22.152196 -12.608380 -17.671921 -16.776524 -13.794830 -15.997807 
-25.584001 -25.752199 -25.565032 -25.347582 -33.721179 -28.980296 -21.930476 -18.993154 -23.675322 -20.936469 -29.384568 -28.691254 -22.870453 -24.612139 -29.221342 -35.784814 -35.834707 -30.064280 -35.220212 -23.763522 -28.002921 -30.930395 -38.311581 -34.375845 -21.781672 -28.177145 -32.163052 -31.342580 -23.629252 -20.956091 -27.731703 -24.841591 -20.426657 -20.133859 -23.660311 -14.623889 -22.412811 -22.731696 -19.545220 -20.367071 
-10.398858 -3.192763 2.004537 2.423540 -4.469888 -9.049461 -4.874435 -7.977232 -17.987083 -13.884859 -21.151444 -24.200041 -27.790980 -28.288550 -28.823147 -26.547917 -26.746309 -26.537760 -23.536874 -16.482744 -21.922966 -25.454787 -28.784704 -29.785487 -20.573955 -28.621175 -30.796091 -30.070000 -24.888999 -19.875142 -23.697009 -29.031355 -25.684824 -24.419573 -28.900125 -21.095189 -30.822967 -26.695184 -24.413017 -27.277191 
-6.918911 6.505019 12.980259 11.971914 11.035099 8.656079 13.861044 10.333812 3.800158 -1.528414 -7.239682 -10.176675 -12.419045 -12.021187 -12.438916 -11.542400 -12.362457 -11.147474 -4.833292 0.917261 -3.287006 -9.429157 -13.964758 -14.878025 -10.648588 -19.705793 -22.951580 -21.348781 -14.037118 -10.263414 -18.752739 -34.073268 -29.173257 -27.074514 -36.189188 -27.376837 -35.891709 -35.681455 -32.171453 -33.538093 
-7.527970 9.106980 11.346457 5.257120 12.057172 7.582297 15.702860 14.470287 12.150988 1.192096 -1.528821 -3.987868 -4.815089 -8.554185 -9.008579 -9.920513 -10.005771 -9.154898 -3.278619 3.610235 1.920529 -4.577587 -4.907243 -2.735261 -3.100452 -6.858700 -13.368390 -13.104394 -7.529960 -9.700628 -17.350867 -33.562556 -35.047081 -29.857684 -40.832051 -45.348580 -53.525874 -52.383980 -51.436150 -40.906504 
-8.805580 8.544727 11.462769 5.883767 12.707105 5.220409 9.869182 6.746013 13.985497 4.345196 -2.110479 -7.385529 -4.509114 -7.346417 -9.751773 -11.206796 -9.889731 -8.687609 -5.865285 2.218174 7.750273 3.915590 -0.170078 0.442573 5.151217 -0.712221 -5.552573 -5.779518 0.367364 -2.450027 -12.131252 -25.971066 -30.757740 -26.718342 -32.680165 -37.732273 -37.966147 -38.118679 -38.302736 -32.472513 
-8.109457 8.765721 11.309935 5.633622 11.958737 5.096094 9.208575 7.821444 16.480446 6.862526 -0.444387 -2.799551 -3.834242 -5.414564 -9.610052 -10.694032 -9.238413 -7.092321 -5.800780 0.230639 9.162014 6.762193 1.766089 3.367329 7.352857 3.704631 -1.759022 -2.268346 2.160233 -0.776147 -10.500224 -23.679275 -34.070200 -28.513578 -30.314014 -36.808353 -37.115374 -37.130368 -37.405320 -30.840191 
-8.368603 9.039186 11.528733 6.409899 11.800568 6.055614 8.709554 8.388914 16.316607 8.115316 3.283215 0.181090 -2.574940 -5.600439 -8.236010 -11.106862 -10.625746 -8.295647 -9.024069 0.907359 10.904593 8.461214 1.939032 2.292018 7.658077 4.976971 0.679292 1.020658 4.266340 -0.272136 -10.847562 -23.399754 -34.855175 -30.974907 -32.876912 -44.211398 -44.461385 -40.648027 -40.472051 -32.220027 
-8.414760 8.957883 11.450033 6.167708 11.249551 4.890536 8.838856 7.705611 14.437208 9.551802 5.210014 -0.507459 -2.774597 -6.000022 -8.083070 -8.982185 -8.552472 -9.149906 -11.343416 -1.444740 7.332655 11.227953 5.987768 6.480934 9.263468 6.204065 1.845649 2.544706 5.306356 -0.085906 -8.543559 -20.792476 -35.079835 -34.412344 -38.975662 -44.507841 -44.436979 -39.094485 -38.489306 -28.341337 
-7.978932 9.060701 11.534600 5.585232 11.055033 4.362247 9.273380 7.935909 13.119645 9.681660 4.320865 -0.351225 -3.139901 -6.218397 -9.019736 -8.533400 -8.416312 -8.784670 -10.220407 -4.121537 3.957650 9.869766 4.855210 6.609636 8.482656 5.458183 1.528404 2.625745 4.777805 -1.681094 -11.955969 -23.160626 -37.758615 -33.952807 -39.215362 -41.411716 -41.275710 -38.393988 -37.839428 -31.377458 
-7.763820 9.371767 11.591187 5.286247 10.582726 4.456317 8.617620 7.296305 12.585475 9.231224 5.689705 -0.484348 -2.134169 -5.277242 -9.270276 -11.446844 -10.365048 -9.726327 -8.594044 -3.249423 5.399952 11.021359 4.647733 5.494972 6.941281 5.219585 2.894215 3.889397 5.864884 -0.160226 -9.661654 -22.104860 -37.778983 -33.860031 -37.255503 -39.270639 -39.262412 -38.505502 -39.005286 -34.050496 
-6.897218 9.417521 11.685185 5.476840 10.450345 4.346921 7.824856 6.341349 11.457515 8.834448 5.703576 -0.230482 -2.794934 -6.991091 -9.892575 -12.501285 -12.133645 -11.160278 -10.368547 -2.284958 5.226665 10.363536 3.565874 4.743179 6.551448 4.357058 0.738993 2.892220 6.220587 0.256212 -9.802923 -20.937669 -41.930183 -37.455640 -44.976815 -58.129422 -49.014477 -42.135718 -44.042089 -35.310640 
-6.775023 8.875221 11.748108 5.348827 10.724835 3.908689 7.656155 5.705603 10.458153 8.939516 6.547284 0.139133 -3.667046 -5.776536 -8.203187 -11.329194 -11.372708 -11.540751 -8.039090 -3.611725 5.851995 10.372051 2.406778 4.053237 8.429614 5.988705 1.298095 3.142867 6.199086 0.543685 -8.913833 -20.619429 -37.430269 -34.072953 -39.886906 -48.544768 -42.987812 -38.115775 -38.956614 -30.517316 
-9.042558 8.744289 11.765890 4.703452 10.950081 2.961226 7.026971 3.351830 10.004710 8.340400 7.714784 1.206704 -1.666972 -4.652994 -8.003798 -9.418389 -8.938869 -8.133361 -7.431813 -1.101888 7.654598 9.391342 4.840379 5.202357 9.218740 6.076776 0.757976 2.795603 5.227283 0.162182 -7.284045 -18.639607 -31.713864 -34.444555 -36.861571 -40.192776 -40.334027 -37.524253 -39.606367 -31.281401 
-5.997493 8.997203 12.612341 5.190762 10.829817 4.460409 5.668631 1.421061 9.837937 7.086671 9.452633 1.953620 -2.270489 -5.821060 -9.680539 -9.720912 -8.175626 -8.639169 -5.078974 1.172508 9.644312 6.442865 2.273629 4.996883 8.818437 4.042310 0.677591 3.547968 5.653703 -0.527867 -9.296310 -18.806792 -31.288131 -40.287660 -42.739334 -49.072175 -43.787653 -38.841531 -41.182493 -30.683127 
-8.505129 9.101662 13.034503 4.348046 10.316981 4.444012 5.095156 3.364107 10.207906 8.390430 11.022007 1.854674 -2.482427 -3.356186 -6.821102 -9.728645 -8.986546 -8.579604 -5.066712 2.546062 9.581887 7.908736 3.454598 5.040180 8.635887 4.867970 0.997926 2.554674 4.066666 -1.468859 -8.519140 -20.811822 -33.158594 -40.101989 -40.968778 -42.101580 -40.705602 -37.983108 -40.388784 -31.649320 
-10.903339 8.381051 13.167142 3.320672 10.623036 4.758617 5.699448 3.462355 10.623689 6.964206 10.381676 1.739772 -1.167541 -3.400796 -8.655683 -9.179046 -9.023500 -6.881120 -4.015187 4.368913 10.392853 2.554770 0.619489 5.042780 7.908797 4.274580 -0.666197 1.327152 3.241438 -2.320297 -9.379617 -20.062629 -29.631736 -35.269859 -35.603082 -36.311876 -36.486560 -35.612354 -36.724929 -34.225031 
-7.587992 8.497751 12.862836 3.689296 10.516274 5.200835 6.518073 4.729751 11.324645 6.394177 9.049399 1.129569 -2.000098 -3.515246 -8.427097 -6.840581 -6.726969 -5.274567 0.147376 8.078425 8.942659 1.027741 -1.176953 2.511229 6.845871 1.916924 -1.161492 1.556687 3.796854 -3.062374 -12.234449 -20.726607 -32.795174 -38.371780 -39.107074 -41.721927 -41.321004 -39.204103 -42.042630 -35.353196 
-8.631840 8.392297 12.617087 4.590561 10.136622 5.654065 6.506893 5.796720 11.182014 3.550910 5.089635 -2.606160 -3.301875 -4.272295 -10.036345 -7.518472 -8.250330 -8.064474 0.568304 7.837808 1.332117 -2.439682 -3.850000 0.562042 4.652322 -1.945804 -3.257685 0.777427 3.374484 -4.459942 -13.560415 -22.314632 -37.850490 -39.935121 -41.587813 -45.431724 -45.838830 -42.396844 -45.039955 -38.580438 
-9.323980 8.257724 11.000820 5.542019 7.815027 5.011682 4.902120 -0.142322 4.464242 -3.581904 -2.152620 -8.005761 -6.545986 -7.134524 -15.368495 -10.875577 -10.474759 -7.388022 -0.246460 1.808043 -4.701717 -8.169475 -9.049496 -4.559239 -2.976944 -8.803321 -9.879262 -4.847864 -1.526655 -10.788586 -17.665719 -26.976156 -42.394212 -43.281401 -43.235637 -51.415019 -51.295327 -49.200697 -50.450970 -42.145500 
-10.702508 8.017620 12.623477 4.011157 10.578511 5.705050 1.104130 -4.627889 -13.561018 -13.969844 -13.635487 -14.246923 -12.648197 -15.416781 -23.878135 -21.583412 -19.607344 -18.056245 -13.033986 -16.606846 -19.868870 -16.956606 -14.790731 -17.100098 -19.121108 -17.557407 -18.152731 -17.714676 -19.496870 -24.427963 -27.476322 -31.376346 -39.656091 -40.347208 -41.788560 -42.128240 -42.276879 -42.315368 -42.841378 -42.308886 
-10.472256 8.506777 12.835117 4.756485 11.127217 5.059521 -2.087079 -7.726890 -12.516659 -19.771332 -16.863926 -19.306081 -14.309071 -14.279625 -28.798312 -30.292620 -20.105691 -20.880116 -21.462008 -21.172001 -23.267987 -21.311299 -16.960951 -16.353537 -22.022388 -23.782269 -23.367164 -22.515698 -20.378883 -24.856545 -30.826087 -40.300424 -46.798414 -49.595064 -53.332546 -55.033409 -54.880651 -54.270906 -56.057647 -55.304889 
-9.077511 8.457484 12.456925 4.889213 10.437060 3.290293 -3.058959 -9.497884 -9.246979 -21.116508 -32.547138 -26.521889 -16.425098 -16.782712 -33.712528 -28.325508 -21.460351 -21.557956 -30.267150 -30.615517 -27.518955 -21.060539 -17.762771 -15.606925 -21.242223 -29.907993 -31.866917 -28.928038 -26.004024 -32.284951 -32.917186 -40.674215 -45.141255 -52.268922 -54.107279 -58.382538 -59.500135 -58.608505 -64.465137 -60.425011 
-9.012707 8.405837 11.631020 4.271637 9.099864 0.937730 -3.118510 -13.246260 -9.939068 -24.555865 -33.177912 -24.164787 -16.738506 -21.185232 -30.206114 -26.687280 -24.900574 -24.620409 -29.702876 -30.383135 -32.244593 -28.503419 -24.661698 -21.550218 -32.353551 -39.451946 -41.790254 -38.181850 -39.974138 -42.781706 -43.086391 -51.407828 -49.136036 -53.349656 -53.215730 -55.651561 -56.141365 -56.899230 -57.639438 -55.249823 
-8.988643 7.997740 10.068440 3.087837 6.548230 -3.004016 -4.385754 -12.118856 -12.240160 -24.715219 -27.258523 -23.674228 -18.376421 -26.084695 -25.108610 -24.062295 -28.244785 -32.043613 -32.899782 -34.970186 -37.550787 -31.815401 -28.662122 -26.297789 -35.836309 -46.298311 -47.380147 -49.327066 -46.456539 -45.105238 -46.881202 -52.077519 -52.822466 -54.796352 -54.314755 -56.387017 -56.473342 -57.715100 -57.717987 -54.485673 
-6.944346 6.424447 7.042107 0.477115 5.264253 -3.472341 -4.158147 -13.202710 -19.127150 -18.594560 -23.813892 -26.886493 -19.254610 -25.709846 -23.854600 -21.311291 -27.423079 -25.608561 -24.977599 -22.005621 -26.914073 -23.898885 -23.817695 -26.384034 -27.674830 -34.968564 -39.038246 -38.686215 -42.290803 -42.455972 -45.407230 -50.352264 -48.880626 -52.527281 -51.752136 -53.634529 -51.757080 -54.806485 -53.963077 -49.129672 
-5.470294 5.417596 5.427897 2.928750 4.437246 -0.920839 -2.891770 -6.220803 -10.622908 -12.620897 -16.583123 -20.774942 -20.697171 -23.571319 -22.003784 -19.651519 -28.412316 -23.119504 -25.428838 -22.578983 -29.130123 -29.815397 -28.323182 -30.859153 -34.348549 -37.982905 -37.794309 -38.972896 -39.791644 -41.840025 -43.690910 -49.860895 -48.518179 -51.876941 -50.913792 -53.510224 -51.696538 -55.846488 -54.992703 -48.543934 
-5.976118 5.283742 4.482549 1.525576 1.472036 -0.965659 -3.415512 -5.962398 -13.697408 -18.964781 -16.978779 -15.841718 -12.821784 -13.095190 -14.751558 -21.579795 -30.283460 -34.778332 -41.657068 -41.167531 -41.267078 -37.289915 -40.493198 -35.923233 -37.827883 -41.655605 -43.232757 -44.283144 -45.696069 -46.501048 -49.855354 -53.401636 -55.369073 -55.191529 -54.490753 -57.978624 -57.424318 -58.243326 -59.199917 -53.226111 
-7.010060 4.666502 3.405401 0.685379 1.481847 -2.172983 -3.549019 -6.617998 -14.210554 -16.990023 -15.619752 -16.129772 -14.627657 -14.294661 -22.404387 -30.494456 -35.511416 -37.923362 -42.534194 -40.675186 -41.880367 -43.044848 -38.999509 -32.823737 -39.570861 -45.193001 -42.824333 -39.331773 -40.835608 -46.226761 -48.745866 -49.483252 -53.476416 -51.151358 -53.029834 -54.252653 -53.201253 -54.666256 -57.649440 -56.377662 
-7.382035 5.659068 3.756066 2.566699 3.352658 0.619433 -0.153087 -2.523308 -9.766011 -13.181301 -11.386632 -16.167323 -10.426998 -8.754446 -16.970770 -22.190856 -30.777969 -37.888938 -38.412707 -39.102391 -39.905294 -38.203152 -32.451499 -30.739184 -40.328239 -42.179073 -40.261154 -33.727620 -40.040084 -44.644313 -44.766006 -49.390851 -54.212979 -52.904582 -51.823654 -54.567717 -55.942906 -57.053673 -56.678040 -53.482026 
-7.205704 6.337925 5.223692 4.820796 3.755341 3.957777 3.253113 2.598490 -8.594005 -12.830891 -10.861682 -9.487445 -7.227196 -4.389794 -5.402526 -15.483286 -26.420346 -29.094519 -30.636383 -31.416932 -32.221188 -31.480444 -28.079044 -24.713902 -30.240853 -35.199970 -34.020225 -30.165300 -35.316437 -38.949357 -37.935523 -40.943412 -41.988974 -42.423259 -42.792858 -43.388809 -43.734215 -43.948228 -44.185163 -44.087764 
-3.443626 7.815848 5.662042 6.298373 4.882744 6.490269 6.873976 8.270806 -1.325216 -9.776919 -10.226023 -8.038664 -10.145286 -6.057300 -2.515644 -7.198451 -14.350052 -23.970167 -30.095310 -29.564508 -29.248790 -27.640885 -22.742171 -19.750271 -26.004989 -28.375918 -27.174521 -24.165410 -31.600598 -37.336803 -38.447105 -46.445473 -48.640577 -48.257578 -49.474759 -49.862671 -50.465340 -50.884986 -49.534545 -40.042374 
-3.082196 8.109425 6.813188 8.101110 6.237311 8.929590 9.165259 12.152584 -0.375497 -8.316289 -8.055916 -6.632994 -13.134327 -10.510558 -7.283354 -4.265288 -3.841714 -14.403623 -23.721834 -25.410199 -26.519214 -23.865913 -18.645909 -16.893530 -23.927321 -26.616110 -23.357533 -20.221533 -31.666399 -37.238553 -35.088179 -44.519617 -50.828347 -49.030296 -53.202633 -55.496833 -53.572013 -54.361221 -52.498568 -43.333249 
-3.705246 7.842292 6.432829 8.929043 6.731384 8.339691 10.827163 13.668166 -1.912846 -8.006024 -6.751650 -7.341033 -15.159147 -11.579154 -13.844732 -12.595848 -4.237767 -4.814420 -12.513078 -18.117749 -21.138134 -19.942099 -16.271422 -13.996708 -23.382822 -27.472579 -24.501057 -18.504949 -26.324312 -35.452929 -28.606552 -38.105515 -48.685948 -46.037564 -49.108731 -52.202911 -52.012098 -51.919068 -49.115531 -41.027119 
-4.400990 7.238035 6.277737 9.174558 6.050272 6.916471 12.540152 10.398763 -5.121357 -5.346898 -7.898093 -14.285130 -13.510737 -14.702397 -12.713892 -14.404556 -11.524359 -7.528260 -6.459875 -11.653132 -16.266140 -18.679681 -13.858294 -14.723600 -20.783959 -26.496608 -24.385688 -19.805241 -31.863737 -40.829297 -30.433664 -33.227783 -49.697342 -46.489364 -50.921137 -56.934894 -55.370784 -55.430111 -52.201211 -39.063794 
-3.385466 6.897719 6.336262 8.980626 5.693248 6.083985 11.406799 5.264313 -2.104448 -4.848000 -9.526776 -14.535106 -14.123241 -16.414202 -17.093871 -17.773108 -17.000863 -10.364359 -8.506954 -7.547044 -13.610749 -16.406207 -14.310356 -15.149096 -26.509402 -29.227843 -22.135410 -19.794165 -31.148209 -38.808837 -29.384908 -35.401922 -54.116053 -47.258190 -48.512234 -58.648125 -55.121496 -53.283632 -52.325134 -39.627838 
-2.381169 6.273086 6.018900 8.115651 4.330949 4.317424 10.065847 2.339689 -2.202796 -7.437418 -14.096500 -15.306607 -16.928420 -19.885676 -20.244520 -22.963071 -19.013970 -19.598479 -15.973269 -11.693704 -16.830267 -22.815077 -16.315289 -17.810398 -22.729007 -27.837686 -24.966702 -23.526725 -32.553084 -35.513163 -30.881742 -35.836988 -45.993600 -43.617302 -43.733966 -48.695865 -48.702622 -48.836327 -47.297213 -36.496977 
-1.289781 5.743057 5.601716 6.228658 0.374941 3.834019 7.092044 2.256202 -7.731479 -16.892128 -19.316121 -17.572173 -21.032240 -21.635765 -24.280093 -25.787300 -29.928225 -27.864659 -26.746523 -17.086992 -15.151077 -22.167430 -17.047371 -19.077775 -25.271134 -29.552843 -24.738380 -18.716330 -30.656470 -32.075688 -29.211183 -37.309144 -47.093764 -45.776354 -47.309987 -49.863914 -50.071442 -50.197427 -47.777189 -40.032422 
-1.571815 4.275616 3.251783 2.498857 -7.035735 3.523127 4.529095 -1.035798 -13.078080 -22.698203 -17.804568 -23.626156 -27.348326 -27.410052 -27.593551 -31.725118 -37.602507 -35.699982 -33.686992 -23.174939 -18.477068 -25.118424 -21.250830 -22.022459 -30.130611 -31.933696 -25.552983 -20.769747 -30.065657 -32.205547 -31.320967 -40.555386 -50.002799 -49.622422 -48.489330 -53.182302 -53.379632 -52.293724 -51.588325 -44.832765 
-4.667130 -0.380138 -3.587524 -1.822543 -4.726965 -0.194164 -1.021104 -9.425121 -19.135869 -23.500642 -28.541821 -31.833640 -32.612251 -34.322038 -34.497940 -40.542358 -41.005736 -42.669218 -40.232173 -28.023218 -21.381720 -27.090735 -27.320064 -23.138293 -34.100442 -35.021055 -28.378853 -23.652512 -30.475079 -35.196914 -42.364640 -48.974890 -55.797475 -55.652607 -53.956002 -58.261274 -59.014264 -55.274785 -55.474711 -49.495617 
-12.807374 -7.851992 -14.956934 -18.768193 -22.935333 -22.849745 -21.914228 -23.001854 -28.246043 -33.837687 -39.417693 -39.301699 -38.424334 -46.309486 -44.774578 -44.283910 -48.692603 -48.606963 -49.667181 -39.053601 -36.573696 -42.701681 -37.194633 -34.529399 -37.238386 -41.154801 -41.888867 -36.377779 -39.134456 -43.852088 -43.533219 -55.077349 -72.901840 -64.158077 -63.002484 -69.553411 -76.186883 -62.401169 -64.036430 -55.127007 
-10.579029 -21.538371 -28.905077 -29.395027 -42.228560 -37.338176 -31.417586 -34.530476 -40.509527 -41.516588 -44.173090 -47.606323 -47.785328 -51.114548 -54.009676 -54.997277 -56.657733 -57.970117 -54.894188 -48.367587 -42.522499 -41.391823 -45.144645 -44.243627 -45.038395 -47.365977 -49.091865 -48.492806 -50.085702 -53.498503 -55.740504 -62.810507 -64.273010 -64.984727 -66.638564 -74.131351 -72.613914 -65.714169 -66.080123 -63.070474 
-15.237902 -29.991196 -34.705834 -33.315872 -40.200408 -40.516335 -40.286271 -39.706565 -44.346986 -53.001075 -57.769227 -57.059784 -59.160707 -58.363833 -54.891971 -56.267237 -56.936357 -50.671304 -47.478574 -44.686475 -40.259024 -42.017297 -43.490554 -38.479480 -31.836638 -28.955968 -32.339633 -36.413482 -41.646009 -49.399669 -49.226879 -51.363506 -53.812884 -52.998349 -55.214288 -57.157534 -55.204082 -56.718147 -53.917541 -53.002671 
-28.427030 -27.021139 -32.077037 -40.902986 -44.343456 -48.156881 -50.856161 -47.379235 -49.884891 -54.994660 -48.442566 -46.802277 -56.651416 -55.252732 -48.850878 -50.990977 -47.895830 -43.831690 -42.419052 -40.303524 -33.204482 -40.814019 -28.369564 -27.243986 -24.829421 -24.045213 -24.357090 -29.147658 -26.803900 -38.599728 -40.294163 -41.003341 -44.934463 -47.839939 -47.069287 -47.858666 -49.303887 -50.344137 -42.897229 -41.905924 
-32.814645 -30.630320 -39.065257 -55.008915 -59.874503 -57.056741 -45.368028 -43.383546 -48.839390 -54.866261 -45.297077 -48.979081 -43.389629 -46.419712 -45.653441 -44.882240 -48.057651 -44.829008 -42.359609 -36.019047 -28.500623 -32.688069 -22.261735 -19.978204 -20.007895 -16.389813 -19.552571 -23.697018 -24.258030 -30.558224 -34.853461 -36.982466 -41.039841 -39.207757 -41.148216 -40.964126 -43.213198 -43.470256 -39.792278 -40.256740 
-23.563579 -29.671707 -41.384936 -52.948087 -62.976850 -54.409490 -47.146700 -46.296921 -46.201643 -53.830976 -48.777384 -47.140851 -42.984583 -42.545440 -39.315684 -41.875570 -48.239667 -39.470985 -35.248394 -33.024805 -29.951680 -33.022322 -26.688119 -21.241867 -14.280667 -8.769866 -13.754922 -20.483967 -20.924989 -24.183107 -29.329895 -30.760237 -35.160103 -35.444054 -34.528660 -36.211741 -38.203091 -38.680476 -34.995481 -36.088973 
-23.128446 -26.624695 -34.440452 -49.914179 -61.602627 -51.363380 -50.261223 -51.155629 -49.772108 -53.541439 -49.393282 -48.073859 -46.471866 -46.613301 -44.164162 -39.478462 -42.685301 -38.719378 -34.907503 -28.848866 -28.894703 -27.357886 -23.969048 -14.118605 -10.503130 -14.393279 -10.789738 -15.171731 -20.452762 -22.899200 -29.016648 -31.786819 -39.484673 -34.692319 -29.842972 -30.927323 -37.469101 -38.539472 -35.495753 -37.524161 
-26.505966 -27.799246 -36.620044 -45.845353 -53.823212 -44.114747 -40.927718 -43.608058 -47.700264 -43.452923 -39.006091 -39.473324 -44.918556 -48.374023 -45.984040 -41.299689 -41.712169 -38.832422 -31.773181 -22.418467 -18.174735 -21.742995 -17.265164 -10.968973 -6.740231 -5.317161 -7.673320 -13.387757 -15.991157 -22.446078 -30.730060 -27.915810 -29.381448 -30.349339 -28.687331 -31.105193 -34.429756 -40.352587 -36.712780 -38.328263 
-28.856859 -30.767947 -40.773637 -44.826615 -51.383133 -45.874077 -40.434488 -41.249837 -39.046300 -37.299151 -36.890947 -37.331658 -40.184485 -39.876687 -38.890477 -34.985343 -37.663980 -31.758205 -29.971360 -17.912842 -13.843637 -20.128355 -13.002319 -8.126853 -6.129858 -7.796871 -7.083220 -11.383589 -17.328029 -22.656386 -21.758091 -26.610011 -29.556239 -28.145675 -31.296372 -31.166473 -31.777830 -39.777746 -32.381013 -35.479893 
-28.502421 -38.866950 -45.173422 -42.351381 -43.588297 -44.203093 -38.557227 -39.663903 -44.797863 -38.340237 -38.673191 -35.619698 -38.496182 -36.889485 -37.059989 -36.134342 -35.886957 -37.099385 -26.574755 -18.552503 -12.316995 -19.173824 -12.020630 -3.974687 -4.614790 -6.935623 -5.997473 -7.642590 -11.798451 -18.747034 -20.924320 -25.539106 -32.594685 -29.529200 -30.068106 -28.352983 -31.273576 -39.084005 -31.450801 -33.409127 
-26.927588 -37.542526 -42.299724 -43.862506 -43.209353 -41.947564 -35.975450 -36.634346 -44.715038 -43.480025 -38.435528 -36.420949 -38.377882 -39.335718 -34.135498 -36.868617 -34.305829 -35.293327 -26.452607 -22.689543 -15.468241 -13.595444 -13.309880 -5.146099 -3.619035 -4.388489 -10.128559 -13.476040 -15.824300 -19.599480 -23.576531 -27.202452 -32.529323 -33.619704 -32.164157 -30.849118 -31.418560 -39.246619 -32.925879 -34.459582 
-30.929661 -45.700121 -37.020860 -41.379809 -44.316567 -42.790166 -33.454541 -36.361089 -41.894085 -42.968852 -39.690892 -38.545182 -40.505326 -41.557107 -32.650084 -34.205086 -33.864720 -35.979656 -27.048245 -20.251309 -15.879046 -19.693682 -10.061384 -5.306526 -3.854805 -7.669375 -12.409058 -19.006929 -18.423652 -23.164453 -25.248949 -27.118137 -31.556244 -36.360458 -33.017238 -29.406671 -32.802504 -38.844619 -35.395186 -34.428859 
-31.017697 -35.835713 -38.797774 -38.071676 -47.745776 -40.026843 -35.241762 -35.942995 -43.206069 -38.650616 -38.258438 -34.011443 -39.323609 -43.111942 -39.241540 -41.088665 -41.547217 -36.153965 -28.259577 -20.880782 -22.005547 -22.374272 -13.365828 -7.502618 -7.557496 -7.844700 -9.479764 -18.814102 -20.623509 -21.908330 -26.748636 -28.357152 -33.404944 -36.757936 -33.435193 -32.481853 -34.621860 -39.598074 -35.825524 -35.450894 
-23.552913 -34.268112 -40.179799 -38.474743 -41.320880 -38.267871 -34.283707 -40.764145 -47.095701 -36.273624 -38.929856 -36.397843 -39.500166 -42.842284 -37.877445 -43.309460 -47.233563 -39.437842 -29.839935 -24.450137 -20.340873 -23.537316 -14.591085 -7.596320 -9.795422 -8.729970 -10.541224 -18.032430 -20.104888 -21.912081 -29.441107 -28.291142 -37.631996 -38.012730 -33.066654 -33.665563 -35.761418 -38.199047 -35.553608 -35.636720 
-19.227615 -41.546171 -37.614605 -41.016720 -48.377388 -44.357809 -41.667688 -42.713068 -43.487806 -40.412029 -44.289142 -49.682375 -52.347263 -44.955243 -43.406116 -43.998505 -43.288741 -42.081007 -29.659782 -25.323959 -26.939332 -28.730557 -14.580056 -7.034537 -10.476765 -17.982626 -16.931879 -20.199161 -21.688828 -23.734226 -32.640884 -33.879509 -40.486606 -38.135904 -34.639759 -35.231218 -41.361414 -42.658831 -38.749098 -39.730965 
-21.507558 -34.571587 -37.026613 -45.354131 -49.039678 -42.561161 -42.494081 -41.845739 -40.599019 -45.427666 -39.089839 -41.649699 -41.018155 -50.419831 -49.150820 -49.731288 -46.218304 -39.803342 -32.690374 -25.933591 -24.941057 -31.693144 -25.108047 -13.015816 -13.568500 -21.611227 -19.711294 -22.806994 -26.274172 -30.726545 -33.656245 -34.351588 -40.809249 -39.281153 -38.053353 -39.382040 -42.777855 -45.273481 -40.108901 -41.899279 
-22.792852 -39.104098 -36.702995 -36.960351 -45.811729 -46.556628 -41.794067 -39.793754 -40.326638 -38.396132 -40.230119 -37.428543 -42.202561 -43.975378 -48.273083 -48.965344 -46.988101 -44.117973 -41.262991 -28.128616 -24.944025 -33.648549 -27.312675 -17.626380 -20.990447 -25.587536 -23.921070 -27.736696 -31.950296 -35.492162 -38.093409 -40.501802 -43.645489 -43.123622 -43.880971 -45.309985 -45.202927 -46.406963 -44.872322 -45.202333 
-20.042639 -32.045559 -41.791790 -42.329256 -49.494376 -49.805860 -48.954716 -44.322615 -42.370943 -47.267660 -43.823283 -42.155034 -44.092178 -50.220305 -53.385359 -52.911835 -52.215858 -46.045933 -45.480639 -36.146773 -30.279685 -38.571651 -38.087150 -26.837663 -28.468174 -32.627025 -26.233800 -31.178107 -38.098355 -42.037873 -43.581166 -47.319785 -50.439230 -49.919182 -49.632688 -51.270722 -54.227544 -54.176398 -54.778344 -53.226953 
-32.333622 -38.312064 -41.553933 -51.739948 -58.796307 -57.366669 -53.324585 -49.555409 -45.864253 -54.306236 -50.302420 -42.961671 -49.596716 -54.087200 -61.682590 -58.351410 -50.893656 -51.155377 -45.167406 -43.035600 -44.307895 -47.650887 -39.135469 -31.562185 -36.963450 -41.596457 -36.128719 -39.319394 -45.517482 -52.345785 -51.636261 -56.040882 -57.465042 -58.648489 -56.686442 -56.881963 -57.657360 -58.752791 -62.470788 -62.220894 
-24.319846 -33.440267 -38.282666 -54.671596 -53.542801 -54.307101 -60.075212 -54.858922 -51.617162 -56.746075 -59.147122 -49.670125 -54.464646 -56.793329 -65.714156 -64.318113 -57.081034 -58.542147 -56.094737 -52.354749 -50.498884 -55.076775 -54.485114 -47.964732 -47.870628 -53.461856 -50.853946 -48.976008 -55.675001 -61.238212 -62.171715 -65.264518 -66.170791 -68.734588 -65.253427 -63.212091 -64.641614 -69.649721 -68.592760 -68.879587 
-30.741413 -31.495475 -36.594524 -48.576341 -57.255224 -53.402323 -57.223186 -58.464325 -56.275880 -55.820988 -59.476123 -64.172430 -60.528386 -61.549604 -69.999704 -66.298299 -64.686717 -60.114163 -57.980362 -61.884777 -53.646640 -56.959836 -55.018507 -48.499087 -47.262965 -57.126611 -57.117144 -56.067606 -58.171214 -61.210260 -62.742553 -65.441483 -67.416013 -69.540575 -66.436093 -68.292480 -66.373036 -73.267475 -69.849585 -70.031913 
-29.682636 -28.850201 -38.841481 -59.574543 -54.680917 -54.761623 -68.694576 -62.057612 -57.741369 -64.575150 -62.740815 -62.569665 -66.315431 -64.008162 -67.756642 -65.617567 -64.919140 -57.672650 -59.472988 -59.010355 -59.297087 -62.417279 -57.089529 -57.236129 -57.480507 -58.422564 -60.494938 -62.008551 -65.033299 -67.057522 -66.275170 -65.824597 -67.922580 -72.224175 -64.856803 -67.033746 -67.595338 -74.188913 -72.466564 -69.788491 
-31.277424 -34.811999 -43.706569 -56.568665 -61.346841 -61.492023 -64.973630 -62.525811 -61.052205 -61.826823 -62.435673 -64.107255 -66.266448 -65.753042 -66.033410 -64.455568 -70.252933 -64.843159 -63.945297 -58.399134 -58.728440 -62.177783 -57.249836 -53.362409 -55.991796 -56.215386 -58.040503 -59.947225 -65.779953 -67.586381 -67.150613 -67.065139 -66.833148 -72.417232 -66.919211 -66.838199 -70.755394 -73.372014 -67.785718 -69.180997 
-54.259772 -62.415065 -67.204057 -65.190686 -67.959649 -69.222485 -77.488029 -73.766003 -67.224507 -65.991428 -72.051890 -70.405523 -75.324715 -73.141766 -78.246038 -72.899630 -71.720824 -73.003805 -75.881974 -74.495691 -74.883233 -76.129673 -70.645208 -69.436357 -68.494852 -71.104510 -71.062875 -72.755615 -73.950913 -76.605008 -74.493418 -72.346417 -74.010232 -74.358602 -73.936815 -72.607435 -72.964067 -73.575379 -73.461576 -76.369750 
-59.559428 -69.783740 -72.038809 -71.607841 -70.582045 -67.548076 -74.300379 -77.351626 -79.999131 -79.304912 -73.287221 -70.582007 -74.172976 -76.266888 -73.352631 -73.324674 -75.227267 -72.060112 -74.942403 -71.431414 -72.189042 -72.302517 -72.832204 -72.228026 -74.446576 -72.217182 -74.284563 -77.969084 -83.448326 -76.958097 -74.921245 -72.543781 -75.796288 -73.471714 -73.542158 -75.300613 -75.266668 -75.219356 -77.666920 -78.233850 
-63.207769 -80.235002 -85.672735 -69.648191 -69.005604 -75.799104 -73.748332 -69.752088 -71.181234 -73.399634 -73.219942 -76.059236 -73.441177 -74.755431 -76.309158 -71.609298 -72.701350 -73.600087 -76.901612 -76.573373 -79.040889 -73.222804 -72.755539 -71.617659 -74.932184 -74.470276 -74.547578 -74.844762 -79.039217 -77.560070 -75.831239 -79.517012 -73.616622 -76.705657 -75.612045 -75.446459 -76.996470 -75.639798 -75.257679 -78.359514 
-63.978036 -79.701072 -78.157001 -70.497613 -76.443495 -78.365996 -75.537414 -76.769397 -79.974910 -81.896951 -79.601853 -72.299717 -69.682259 -72.758443 -72.943632 -71.494150 -76.720744 -76.860113 -76.462657 -77.744130 -78.881254 -76.650528 -73.359635 -74.516298 -74.182008 -76.819940 -74.391219 -73.493184 -75.436651 -78.215843 -73.616977 -73.663200 -75.274867 -72.991351 -74.685025 -77.205785 -73.909007 -75.070801 -74.966165 -79.136368 
-60.998733 -72.919431 -80.056243 -76.985109 -77.203924 -77.552282 -74.681374 -75.737253 -77.909968 -76.052879 -76.680399 -71.645627 -70.700863 -76.623231 -70.513070 -71.702014 -73.672830 -76.571401 -78.392647 -81.761572 -78.454079 -76.586706 -77.119847 -73.469710 -78.763386 -74.072332 -75.572069 -75.966625 -76.102167 -74.582958 -73.689624 -74.992261 -76.153059 -73.787984 -74.178778 -74.525308 -73.118849 -75.313016 -74.078258 -75.153921 
-63.413661 -75.520307 -73.916985 -71.695454 -76.512750 -70.160346 -72.895322 -76.143391 -76.168512 -75.974771 -76.834778 -76.423581 -72.585281 -73.174329 -74.179374 -74.316761 -71.796435 -73.767196 -73.476210 -78.555417 -74.433004 -70.176330 -67.654602 -70.985435 -76.361665 -76.483106 -75.432451 -73.365517 -77.791785 -75.157660 -73.649041 -75.972384 -76.994545 -73.950648 -76.103595 -77.477168 -78.037286 -75.265520 -77.201332 -80.067079 
-60.025703 -76.494227 -75.458198 -70.205183 -73.926706 -77.394035 -75.700545 -72.716974 -85.201099 -83.121397 -71.759907 -71.301369 -74.093419 -74.990421 -79.331892 -79.263196 -72.738530 -77.004967 -71.158518 -73.529042 -76.517667 -75.537932 -77.795170 -76.034531 -78.586680 -75.059295 -74.457178 -72.568222 -73.440293 -74.227453 -73.151598 -73.433261 -73.913570 -72.755591 -74.128011 -74.946766 -76.083136 -80.847952 -76.985479 -76.466872 
-59.978715 -75.889693 -74.407984 -74.150684 -74.408719 -73.610351 -74.767061 -69.982172 -78.101191 -73.473617 -71.940696 -71.541445 -75.885059 -73.649506 -78.798756 -81.657482 -72.718581 -71.175318 -74.644655 -75.210041 -74.185793 -73.604611 -73.511802 -73.792688 -75.763216 -74.090134 -75.315726 -74.109561 -72.340228 -71.447021 -73.713798 -73.869758 -74.645974 -72.635928 -75.910102 -73.425020 -74.950088 -76.619057 -74.861103 -77.388290 
-58.037470 -69.207804 -80.355662 -70.680946 -67.820330 -70.567318 -74.996537 -75.673579 -75.001943 -75.331299 -78.378908 -74.599562 -79.150689 -79.119839 -81.280709 -81.078491 -78.712620 -75.276444 -73.964730 -76.944639 -74.254032 -75.089692 -76.502518 -75.684646 -74.700494 -77.796916 -74.241420 -71.008942 -74.585982 -79.387553 -76.497072 -72.902088 -73.847292 -74.134652 -77.154228 -75.911398 -74.307788 -73.144047 -74.718456 -77.064269 
-69.928641 -73.417552 -77.417771 -77.446993 -78.330512 -84.415934 -88.516207 -85.882224 -83.856798 -83.892626 -83.413282 -85.398109 -87.996545 -85.219115 -85.494913 -86.162047 -86.799336 -83.780986 -83.002534 -89.710856 -83.236707 -82.039283 -83.215422 -88.749145 -86.807567 -86.977868 -82.518410 -84.195099 -93.446783 -92.340503 -85.409045 -81.457157 -82.882855 -81.322103 -83.018662 -84.508115 -84.439219 -81.130785 -83.235042 -84.266330 
NaN NaN NaN NaN NaN NaN NaN NaN NaN NaN NaN NaN NaN NaN NaN NaN NaN NaN NaN NaN NaN NaN NaN NaN NaN NaN NaN NaN NaN NaN NaN NaN NaN NaN NaN NaN NaN NaN NaN NaN 
NaN NaN NaN NaN NaN NaN NaN NaN NaN NaN NaN NaN NaN NaN NaN NaN NaN NaN NaN NaN NaN NaN NaN NaN NaN NaN NaN NaN NaN NaN NaN NaN NaN NaN NaN NaN NaN NaN NaN NaN 
NaN NaN NaN NaN NaN NaN NaN NaN NaN NaN NaN NaN NaN NaN NaN NaN NaN NaN NaN NaN NaN NaN NaN NaN NaN NaN NaN NaN NaN NaN NaN NaN NaN NaN NaN NaN NaN NaN NaN NaN 
NaN NaN NaN NaN NaN NaN NaN NaN NaN NaN NaN NaN NaN NaN NaN NaN NaN NaN NaN NaN NaN NaN NaN NaN NaN NaN NaN NaN NaN NaN NaN NaN NaN NaN NaN NaN NaN NaN NaN NaN 
NaN NaN NaN NaN NaN NaN NaN NaN NaN NaN NaN NaN NaN NaN NaN NaN NaN NaN NaN NaN NaN NaN NaN NaN NaN NaN NaN NaN NaN NaN NaN NaN NaN NaN NaN NaN NaN NaN NaN NaN 
NaN NaN NaN NaN NaN NaN NaN NaN NaN NaN NaN NaN NaN NaN NaN NaN NaN NaN NaN NaN NaN NaN NaN NaN NaN NaN NaN NaN NaN NaN NaN NaN NaN NaN NaN NaN NaN NaN NaN NaN 
NaN NaN NaN NaN NaN NaN NaN NaN NaN NaN NaN NaN NaN NaN NaN NaN NaN NaN NaN NaN NaN NaN NaN NaN NaN NaN NaN NaN NaN NaN NaN NaN NaN NaN NaN NaN NaN NaN NaN NaN 
NaN NaN NaN NaN NaN NaN NaN NaN NaN NaN NaN NaN NaN NaN NaN NaN NaN NaN NaN NaN NaN NaN NaN NaN NaN NaN NaN NaN NaN NaN NaN NaN NaN NaN NaN NaN NaN NaN NaN NaN 
NaN NaN NaN NaN NaN NaN NaN NaN NaN NaN NaN NaN NaN NaN NaN NaN NaN NaN NaN NaN NaN NaN NaN NaN NaN NaN NaN NaN NaN NaN NaN NaN NaN NaN NaN NaN NaN NaN NaN NaN 
NaN NaN NaN NaN NaN NaN NaN NaN NaN NaN NaN NaN NaN NaN NaN NaN NaN NaN NaN NaN NaN NaN NaN NaN NaN NaN NaN NaN NaN NaN NaN NaN NaN NaN NaN NaN NaN NaN NaN NaN 
NaN NaN NaN NaN NaN NaN NaN NaN NaN NaN NaN NaN NaN NaN NaN NaN NaN NaN NaN NaN NaN NaN NaN NaN NaN NaN NaN NaN NaN NaN NaN NaN NaN NaN NaN NaN NaN NaN NaN NaN 
NaN NaN NaN NaN NaN NaN NaN NaN NaN NaN NaN NaN NaN NaN NaN NaN NaN NaN NaN NaN NaN NaN NaN NaN NaN NaN NaN NaN NaN NaN NaN NaN NaN NaN NaN NaN NaN NaN NaN NaN 
NaN NaN NaN NaN NaN NaN NaN NaN NaN NaN NaN NaN NaN NaN NaN NaN NaN NaN NaN NaN NaN NaN NaN NaN NaN NaN NaN NaN NaN NaN NaN NaN NaN NaN NaN NaN NaN NaN NaN NaN 
NaN NaN NaN NaN NaN NaN NaN NaN NaN NaN NaN NaN NaN NaN NaN NaN NaN NaN NaN NaN NaN NaN NaN NaN NaN NaN NaN NaN NaN NaN NaN NaN NaN NaN NaN NaN NaN NaN NaN NaN 
NaN NaN NaN NaN NaN NaN NaN NaN NaN NaN NaN NaN NaN NaN NaN NaN NaN NaN NaN NaN NaN NaN NaN NaN NaN NaN NaN NaN NaN NaN NaN NaN NaN NaN NaN NaN NaN NaN NaN NaN 
NaN NaN NaN NaN NaN NaN NaN NaN NaN NaN NaN NaN NaN NaN NaN NaN NaN NaN NaN NaN NaN NaN NaN NaN NaN NaN NaN NaN NaN NaN NaN NaN NaN NaN NaN NaN NaN NaN NaN NaN 
NaN NaN NaN NaN NaN NaN NaN NaN NaN NaN NaN NaN NaN NaN NaN NaN NaN NaN NaN NaN NaN NaN NaN NaN NaN NaN NaN NaN NaN NaN NaN NaN NaN NaN NaN NaN NaN NaN NaN NaN 
NaN NaN NaN NaN NaN NaN NaN NaN NaN NaN NaN NaN NaN NaN NaN NaN NaN NaN NaN NaN NaN NaN NaN NaN NaN NaN NaN NaN NaN NaN NaN NaN NaN NaN NaN NaN NaN NaN NaN NaN 
NaN NaN NaN NaN NaN NaN NaN NaN NaN NaN NaN NaN NaN NaN NaN NaN NaN NaN NaN NaN NaN NaN NaN NaN NaN NaN NaN NaN NaN NaN NaN NaN NaN NaN NaN NaN NaN NaN NaN NaN 
NaN NaN NaN NaN NaN NaN NaN NaN NaN NaN NaN NaN NaN NaN NaN NaN NaN NaN NaN NaN NaN NaN NaN NaN NaN NaN NaN NaN NaN NaN NaN NaN NaN NaN NaN NaN NaN NaN NaN NaN 
NaN NaN NaN NaN NaN NaN NaN NaN NaN NaN NaN NaN NaN NaN NaN NaN NaN NaN NaN NaN NaN NaN NaN NaN NaN NaN NaN NaN NaN NaN NaN NaN NaN NaN NaN NaN NaN NaN NaN NaN 
NaN NaN NaN NaN NaN NaN NaN NaN NaN NaN NaN NaN NaN NaN NaN NaN NaN NaN NaN NaN NaN NaN NaN NaN NaN NaN NaN NaN NaN NaN NaN NaN NaN NaN NaN NaN NaN NaN NaN NaN 
NaN NaN NaN NaN NaN NaN NaN NaN NaN NaN NaN NaN NaN NaN NaN NaN NaN NaN NaN NaN NaN NaN NaN NaN NaN NaN NaN NaN NaN NaN NaN NaN NaN NaN NaN NaN NaN NaN NaN NaN 
NaN NaN NaN NaN NaN NaN NaN NaN NaN NaN NaN NaN NaN NaN NaN NaN NaN NaN NaN NaN NaN NaN NaN NaN NaN NaN NaN NaN NaN NaN NaN NaN NaN NaN NaN NaN NaN NaN NaN NaN 
NaN NaN NaN NaN NaN NaN NaN NaN NaN NaN NaN NaN NaN NaN NaN NaN NaN NaN NaN NaN NaN NaN NaN NaN NaN NaN NaN NaN NaN NaN NaN NaN NaN NaN NaN NaN NaN NaN NaN NaN 
NaN NaN NaN NaN NaN NaN NaN NaN NaN NaN NaN NaN NaN NaN NaN NaN NaN NaN NaN NaN NaN NaN NaN NaN NaN NaN NaN NaN NaN NaN NaN NaN NaN NaN NaN NaN NaN NaN NaN NaN 
NaN NaN NaN NaN NaN NaN NaN NaN NaN NaN NaN NaN NaN NaN NaN NaN NaN NaN NaN NaN NaN NaN NaN NaN NaN NaN NaN NaN NaN NaN NaN NaN NaN NaN NaN NaN NaN NaN NaN NaN 
NaN NaN NaN NaN NaN NaN NaN NaN NaN NaN NaN NaN NaN NaN NaN NaN NaN NaN NaN NaN NaN NaN NaN NaN NaN NaN NaN NaN NaN NaN NaN NaN NaN NaN NaN NaN NaN NaN NaN NaN 
NaN NaN NaN NaN NaN NaN NaN NaN NaN NaN NaN NaN NaN NaN NaN NaN NaN NaN NaN NaN NaN NaN NaN NaN NaN NaN NaN NaN NaN NaN NaN NaN NaN NaN NaN NaN NaN NaN NaN NaN 
NaN NaN NaN NaN NaN NaN NaN NaN NaN NaN NaN NaN NaN NaN NaN NaN NaN NaN NaN NaN NaN NaN NaN NaN NaN NaN NaN NaN NaN NaN NaN NaN NaN NaN NaN NaN NaN NaN NaN NaN 
NaN NaN NaN NaN NaN NaN NaN NaN NaN NaN NaN NaN NaN NaN NaN NaN NaN NaN NaN NaN NaN NaN NaN NaN NaN NaN NaN NaN NaN NaN NaN NaN NaN NaN NaN NaN NaN NaN NaN NaN 
NaN NaN NaN NaN NaN NaN NaN NaN NaN NaN NaN NaN NaN NaN NaN NaN NaN NaN NaN NaN NaN NaN NaN NaN NaN NaN NaN NaN NaN NaN NaN NaN NaN NaN NaN NaN NaN NaN NaN NaN 
NaN NaN NaN NaN NaN NaN NaN NaN NaN NaN NaN NaN NaN NaN NaN NaN NaN NaN NaN NaN NaN NaN NaN NaN NaN NaN NaN NaN NaN NaN NaN NaN NaN NaN NaN NaN NaN NaN NaN NaN 
NaN NaN NaN NaN NaN NaN NaN NaN NaN NaN NaN NaN NaN NaN NaN NaN NaN NaN NaN NaN NaN NaN NaN NaN NaN NaN NaN NaN NaN NaN NaN NaN NaN NaN NaN NaN NaN NaN NaN NaN 
NaN NaN NaN NaN NaN NaN NaN NaN NaN NaN NaN NaN NaN NaN NaN NaN NaN NaN NaN NaN NaN NaN NaN NaN NaN NaN NaN NaN NaN NaN NaN NaN NaN NaN NaN NaN NaN NaN NaN NaN 
NaN NaN NaN NaN NaN NaN NaN NaN NaN NaN NaN NaN NaN NaN NaN NaN NaN NaN NaN NaN NaN NaN NaN NaN NaN NaN NaN NaN NaN NaN NaN NaN NaN NaN NaN NaN NaN NaN NaN NaN 
NaN NaN NaN NaN NaN NaN NaN NaN NaN NaN NaN NaN NaN NaN NaN NaN NaN NaN NaN NaN NaN NaN NaN NaN NaN NaN NaN NaN NaN NaN NaN NaN NaN NaN NaN NaN NaN NaN NaN NaN 
NaN NaN NaN NaN NaN NaN NaN NaN NaN NaN NaN NaN NaN NaN NaN NaN NaN NaN NaN NaN NaN NaN NaN NaN NaN NaN NaN NaN NaN NaN NaN NaN NaN NaN NaN NaN NaN NaN NaN NaN 
NaN NaN NaN NaN NaN NaN NaN NaN NaN NaN NaN NaN NaN NaN NaN NaN NaN NaN NaN NaN NaN NaN NaN NaN NaN NaN NaN NaN NaN NaN NaN NaN NaN NaN NaN NaN NaN NaN NaN NaN 
NaN NaN NaN NaN NaN NaN NaN NaN NaN NaN NaN NaN NaN NaN NaN NaN NaN NaN NaN NaN NaN NaN NaN NaN NaN NaN NaN NaN NaN NaN NaN NaN NaN NaN NaN NaN NaN NaN NaN NaN 
NaN NaN NaN NaN NaN NaN NaN NaN NaN NaN NaN NaN NaN NaN NaN NaN NaN NaN NaN NaN NaN NaN NaN NaN NaN NaN NaN NaN NaN NaN NaN NaN NaN NaN NaN NaN NaN NaN NaN NaN 
NaN NaN NaN NaN NaN NaN NaN NaN NaN NaN NaN NaN NaN NaN NaN NaN NaN NaN NaN NaN NaN NaN NaN NaN NaN NaN NaN NaN NaN NaN NaN NaN NaN NaN NaN NaN NaN NaN NaN NaN 
NaN NaN NaN NaN NaN NaN NaN NaN NaN NaN NaN NaN NaN NaN NaN NaN NaN NaN NaN NaN NaN NaN NaN NaN NaN NaN NaN NaN NaN NaN NaN NaN NaN NaN NaN NaN NaN NaN NaN NaN 
NaN NaN NaN NaN NaN NaN NaN NaN NaN NaN NaN NaN NaN NaN NaN NaN NaN NaN NaN NaN NaN NaN NaN NaN NaN NaN NaN NaN NaN NaN NaN NaN NaN NaN NaN NaN NaN NaN NaN NaN 
NaN NaN NaN NaN NaN NaN NaN NaN NaN NaN NaN NaN NaN NaN NaN NaN NaN NaN NaN NaN NaN NaN NaN NaN NaN NaN NaN NaN NaN NaN NaN NaN NaN NaN NaN NaN NaN NaN NaN NaN 
NaN NaN NaN NaN NaN NaN NaN NaN NaN NaN NaN NaN NaN NaN NaN NaN NaN NaN NaN NaN NaN NaN NaN NaN NaN NaN NaN NaN NaN NaN NaN NaN NaN NaN NaN NaN NaN NaN NaN NaN 
NaN NaN NaN NaN NaN NaN NaN NaN NaN NaN NaN NaN NaN NaN NaN NaN NaN NaN NaN NaN NaN NaN NaN NaN NaN NaN NaN NaN NaN NaN NaN NaN NaN NaN NaN NaN NaN NaN NaN NaN 
NaN NaN NaN NaN NaN NaN NaN NaN NaN NaN NaN NaN NaN NaN NaN NaN NaN NaN NaN NaN NaN NaN NaN NaN NaN NaN NaN NaN NaN NaN NaN NaN NaN NaN NaN NaN NaN NaN NaN NaN 
NaN NaN NaN NaN NaN NaN NaN NaN NaN NaN NaN NaN NaN NaN NaN NaN NaN NaN NaN NaN NaN NaN NaN NaN NaN NaN NaN NaN NaN NaN NaN NaN NaN NaN NaN NaN NaN NaN NaN NaN 
NaN NaN NaN NaN NaN NaN NaN NaN NaN NaN NaN NaN NaN NaN NaN NaN NaN NaN NaN NaN NaN NaN NaN NaN NaN NaN NaN NaN NaN NaN NaN NaN NaN NaN NaN NaN NaN NaN NaN NaN 
NaN NaN NaN NaN NaN NaN NaN NaN NaN NaN NaN NaN NaN NaN NaN NaN NaN NaN NaN NaN NaN NaN NaN NaN NaN NaN NaN NaN NaN NaN NaN NaN NaN NaN NaN NaN NaN NaN NaN NaN 
NaN NaN NaN NaN NaN NaN NaN NaN NaN NaN NaN NaN NaN NaN NaN NaN NaN NaN NaN NaN NaN NaN NaN NaN NaN NaN NaN NaN NaN NaN NaN NaN NaN NaN NaN NaN NaN NaN NaN NaN 
NaN NaN NaN NaN NaN NaN NaN NaN NaN NaN NaN NaN NaN NaN NaN NaN NaN NaN NaN NaN NaN NaN NaN NaN NaN NaN NaN NaN NaN NaN NaN NaN NaN NaN NaN NaN NaN NaN NaN NaN 
NaN NaN NaN NaN NaN NaN NaN NaN NaN NaN NaN NaN NaN NaN NaN NaN NaN NaN NaN NaN NaN NaN NaN NaN NaN NaN NaN NaN NaN NaN NaN NaN NaN NaN NaN NaN NaN NaN NaN NaN 
NaN NaN NaN NaN NaN NaN NaN NaN NaN NaN NaN NaN NaN NaN NaN NaN NaN NaN NaN NaN NaN NaN NaN NaN NaN NaN NaN NaN NaN NaN NaN NaN NaN NaN NaN NaN NaN NaN NaN NaN 
NaN NaN NaN NaN NaN NaN NaN NaN NaN NaN NaN NaN NaN NaN NaN NaN NaN NaN NaN NaN NaN NaN NaN NaN NaN NaN NaN NaN NaN NaN NaN NaN NaN NaN NaN NaN NaN NaN NaN NaN 
NaN NaN NaN NaN NaN NaN NaN NaN NaN NaN NaN NaN NaN NaN NaN NaN NaN NaN NaN NaN NaN NaN NaN NaN NaN NaN NaN NaN NaN NaN NaN NaN NaN NaN NaN NaN NaN NaN NaN NaN 
NaN NaN NaN NaN NaN NaN NaN NaN NaN NaN NaN NaN NaN NaN NaN NaN NaN NaN NaN NaN NaN NaN NaN NaN NaN NaN NaN NaN NaN NaN NaN NaN NaN NaN NaN NaN NaN NaN NaN NaN 
NaN NaN NaN NaN NaN NaN NaN NaN NaN NaN NaN NaN NaN NaN NaN NaN NaN NaN NaN NaN NaN NaN NaN NaN NaN NaN NaN NaN NaN NaN NaN NaN NaN NaN NaN NaN NaN NaN NaN NaN 
NaN NaN NaN NaN NaN NaN NaN NaN NaN NaN NaN NaN NaN NaN NaN NaN NaN NaN NaN NaN NaN NaN NaN NaN NaN NaN NaN NaN NaN NaN NaN NaN NaN NaN NaN NaN NaN NaN NaN NaN 
NaN NaN NaN NaN NaN NaN NaN NaN NaN NaN NaN NaN NaN NaN NaN NaN NaN NaN NaN NaN NaN NaN NaN NaN NaN NaN NaN NaN NaN NaN NaN NaN NaN NaN NaN NaN NaN NaN NaN NaN 
NaN NaN NaN NaN NaN NaN NaN NaN NaN NaN NaN NaN NaN NaN NaN NaN NaN NaN NaN NaN NaN NaN NaN NaN NaN NaN NaN NaN NaN NaN NaN NaN NaN NaN NaN NaN NaN NaN NaN NaN 
NaN NaN NaN NaN NaN NaN NaN NaN NaN NaN NaN NaN NaN NaN NaN NaN NaN NaN NaN NaN NaN NaN NaN NaN NaN NaN NaN NaN NaN NaN NaN NaN NaN NaN NaN NaN NaN NaN NaN NaN 
NaN NaN NaN NaN NaN NaN NaN NaN NaN NaN NaN NaN NaN NaN NaN NaN NaN NaN NaN NaN NaN NaN NaN NaN NaN NaN NaN NaN NaN NaN NaN NaN NaN NaN NaN NaN NaN NaN NaN NaN 
NaN NaN NaN NaN NaN NaN NaN NaN NaN NaN NaN NaN NaN NaN NaN NaN NaN NaN NaN NaN NaN NaN NaN NaN NaN NaN NaN NaN NaN NaN NaN NaN NaN NaN NaN NaN NaN NaN NaN NaN 
NaN NaN NaN NaN NaN NaN NaN NaN NaN NaN NaN NaN NaN NaN NaN NaN NaN NaN NaN NaN NaN NaN NaN NaN NaN NaN NaN NaN NaN NaN NaN NaN NaN NaN NaN NaN NaN NaN NaN NaN 
NaN NaN NaN NaN NaN NaN NaN NaN NaN NaN NaN NaN NaN NaN NaN NaN NaN NaN NaN NaN NaN NaN NaN NaN NaN NaN NaN NaN NaN NaN NaN NaN NaN NaN NaN NaN NaN NaN NaN NaN 
NaN NaN NaN NaN NaN NaN NaN NaN NaN NaN NaN NaN NaN NaN NaN NaN NaN NaN NaN NaN NaN NaN NaN NaN NaN NaN NaN NaN NaN NaN NaN NaN NaN NaN NaN NaN NaN NaN NaN NaN 
NaN NaN NaN NaN NaN NaN NaN NaN NaN NaN NaN NaN NaN NaN NaN NaN NaN NaN NaN NaN NaN NaN NaN NaN NaN NaN NaN NaN NaN NaN NaN NaN NaN NaN NaN NaN NaN NaN NaN NaN 
NaN NaN NaN NaN NaN NaN NaN NaN NaN NaN NaN NaN NaN NaN NaN NaN NaN NaN NaN NaN NaN NaN NaN NaN NaN NaN NaN NaN NaN NaN NaN NaN NaN NaN NaN NaN NaN NaN NaN NaN 
NaN NaN NaN NaN NaN NaN NaN NaN NaN NaN NaN NaN NaN NaN NaN NaN NaN NaN NaN NaN NaN NaN NaN NaN NaN NaN NaN NaN NaN NaN NaN NaN NaN NaN NaN NaN NaN NaN NaN NaN 
NaN NaN NaN NaN NaN NaN NaN NaN NaN NaN NaN NaN NaN NaN NaN NaN NaN NaN NaN NaN NaN NaN NaN NaN NaN NaN NaN NaN NaN NaN NaN NaN NaN NaN NaN NaN NaN NaN NaN NaN 
NaN NaN NaN NaN NaN NaN NaN NaN NaN NaN NaN NaN NaN NaN NaN NaN NaN NaN NaN NaN NaN NaN NaN NaN NaN NaN NaN NaN NaN NaN NaN NaN NaN NaN NaN NaN NaN NaN NaN NaN 
NaN NaN NaN NaN NaN NaN NaN NaN NaN NaN NaN NaN NaN NaN NaN NaN NaN NaN NaN NaN NaN NaN NaN NaN NaN NaN NaN NaN NaN NaN NaN NaN NaN NaN NaN NaN NaN NaN NaN NaN 
NaN NaN NaN NaN NaN NaN NaN NaN NaN NaN NaN NaN NaN NaN NaN NaN NaN NaN NaN NaN NaN NaN NaN NaN NaN NaN NaN NaN NaN NaN NaN NaN NaN NaN NaN NaN NaN NaN NaN NaN 
