NaN NaN NaN NaN NaN NaN NaN NaN NaN NaN NaN NaN NaN NaN NaN NaN NaN NaN NaN NaN NaN NaN NaN NaN NaN NaN NaN NaN NaN NaN NaN NaN NaN NaN NaN NaN NaN NaN NaN NaN 
NaN NaN NaN NaN NaN NaN NaN NaN NaN NaN NaN NaN NaN NaN NaN NaN NaN NaN NaN NaN NaN NaN NaN NaN NaN NaN NaN NaN NaN NaN NaN NaN NaN NaN NaN NaN NaN NaN NaN NaN 
NaN NaN NaN NaN NaN NaN NaN NaN NaN NaN NaN NaN NaN NaN NaN NaN NaN NaN NaN NaN NaN NaN NaN NaN NaN NaN NaN NaN NaN NaN NaN NaN NaN NaN NaN NaN NaN NaN NaN NaN 
NaN NaN NaN NaN NaN NaN NaN NaN NaN NaN NaN NaN NaN NaN NaN NaN NaN NaN NaN NaN NaN NaN NaN NaN NaN NaN NaN NaN NaN NaN NaN NaN NaN NaN NaN NaN NaN NaN NaN NaN 
NaN NaN NaN NaN NaN NaN NaN NaN NaN NaN NaN NaN NaN NaN NaN NaN NaN NaN NaN NaN NaN NaN NaN NaN NaN NaN NaN NaN NaN NaN NaN NaN NaN NaN NaN NaN NaN NaN NaN NaN 
NaN NaN NaN NaN NaN NaN NaN NaN NaN NaN NaN NaN NaN NaN NaN NaN NaN NaN NaN NaN NaN NaN NaN NaN NaN NaN NaN NaN NaN NaN NaN NaN NaN NaN NaN NaN NaN NaN NaN NaN 
NaN NaN NaN NaN NaN NaN NaN NaN NaN NaN NaN NaN NaN NaN NaN NaN NaN NaN NaN NaN NaN NaN NaN NaN NaN NaN NaN NaN NaN NaN NaN NaN NaN NaN NaN NaN NaN NaN NaN NaN 
NaN NaN NaN NaN NaN NaN NaN NaN NaN NaN NaN NaN NaN NaN NaN NaN NaN NaN NaN NaN NaN NaN NaN NaN NaN NaN NaN NaN NaN NaN NaN NaN NaN NaN NaN NaN NaN NaN NaN NaN 
NaN NaN NaN NaN NaN NaN NaN NaN NaN NaN NaN NaN NaN NaN NaN NaN NaN NaN NaN NaN NaN NaN NaN NaN NaN NaN NaN NaN NaN NaN NaN NaN NaN NaN NaN NaN NaN NaN NaN NaN 
NaN NaN NaN NaN NaN NaN NaN NaN NaN NaN NaN NaN NaN NaN NaN NaN NaN NaN NaN NaN NaN NaN NaN NaN NaN NaN NaN NaN NaN NaN NaN NaN NaN NaN NaN NaN NaN NaN NaN NaN 
NaN NaN NaN NaN NaN NaN NaN NaN NaN NaN NaN NaN NaN NaN NaN NaN NaN NaN NaN NaN NaN NaN NaN NaN NaN NaN NaN NaN NaN NaN NaN NaN NaN NaN NaN NaN NaN NaN NaN NaN 
NaN NaN NaN NaN NaN NaN NaN NaN NaN NaN NaN NaN NaN NaN NaN NaN NaN NaN NaN NaN NaN NaN NaN NaN NaN NaN NaN NaN NaN NaN NaN NaN NaN NaN NaN NaN NaN NaN NaN NaN 
NaN NaN NaN NaN NaN NaN NaN NaN NaN NaN NaN NaN NaN NaN NaN NaN NaN NaN NaN NaN NaN NaN NaN NaN NaN NaN NaN NaN NaN NaN NaN NaN NaN NaN NaN NaN NaN NaN NaN NaN 
NaN NaN NaN NaN NaN NaN NaN NaN NaN NaN NaN NaN NaN NaN NaN NaN NaN NaN NaN NaN NaN NaN NaN NaN NaN NaN NaN NaN NaN NaN NaN NaN NaN NaN NaN NaN NaN NaN NaN NaN 
NaN NaN NaN NaN NaN NaN NaN NaN NaN NaN NaN NaN NaN NaN NaN NaN NaN NaN NaN NaN NaN NaN NaN NaN NaN NaN NaN NaN NaN NaN NaN NaN NaN NaN NaN NaN NaN NaN NaN NaN 
NaN NaN NaN NaN NaN NaN NaN NaN NaN NaN NaN NaN NaN NaN NaN NaN NaN NaN NaN NaN NaN NaN NaN NaN NaN NaN NaN NaN NaN NaN NaN NaN NaN NaN NaN NaN NaN NaN NaN NaN 
NaN NaN NaN NaN NaN NaN NaN NaN NaN NaN NaN NaN NaN NaN NaN NaN NaN NaN NaN NaN NaN NaN NaN NaN NaN NaN NaN NaN NaN NaN NaN NaN NaN NaN NaN NaN NaN NaN NaN NaN 
NaN NaN NaN NaN NaN NaN NaN NaN NaN NaN NaN NaN NaN NaN NaN NaN NaN NaN NaN NaN NaN NaN NaN NaN NaN NaN NaN NaN NaN NaN NaN NaN NaN NaN NaN NaN NaN NaN NaN NaN 
NaN NaN NaN NaN NaN NaN NaN NaN NaN NaN NaN NaN NaN NaN NaN NaN NaN NaN NaN NaN NaN NaN NaN NaN NaN NaN NaN NaN NaN NaN NaN NaN NaN NaN NaN NaN NaN NaN NaN NaN 
NaN NaN NaN NaN NaN NaN NaN NaN NaN NaN NaN NaN NaN NaN NaN NaN NaN NaN NaN NaN NaN NaN NaN NaN NaN NaN NaN NaN NaN NaN NaN NaN NaN NaN NaN NaN NaN NaN NaN NaN 
NaN NaN NaN NaN NaN NaN NaN NaN NaN NaN NaN NaN NaN NaN NaN NaN NaN NaN NaN NaN NaN NaN NaN NaN NaN NaN NaN NaN NaN NaN NaN NaN NaN NaN NaN NaN NaN NaN NaN NaN 
NaN NaN NaN NaN NaN NaN NaN NaN NaN NaN NaN NaN NaN NaN NaN NaN NaN NaN NaN NaN NaN NaN NaN NaN NaN NaN NaN NaN NaN NaN NaN NaN NaN NaN NaN NaN NaN NaN NaN NaN 
NaN NaN NaN NaN NaN NaN NaN NaN NaN NaN NaN NaN NaN NaN NaN NaN NaN NaN NaN NaN NaN NaN NaN NaN NaN NaN NaN NaN NaN NaN NaN NaN NaN NaN NaN NaN NaN NaN NaN NaN 
NaN NaN NaN NaN NaN NaN NaN NaN NaN NaN NaN NaN NaN NaN NaN NaN NaN NaN NaN NaN NaN NaN NaN NaN NaN NaN NaN NaN NaN NaN NaN NaN NaN NaN NaN NaN NaN NaN NaN NaN 
NaN NaN NaN NaN NaN NaN NaN NaN NaN NaN NaN NaN NaN NaN NaN NaN NaN NaN NaN NaN NaN NaN NaN NaN NaN NaN NaN NaN NaN NaN NaN NaN NaN NaN NaN NaN NaN NaN NaN NaN 
NaN NaN NaN NaN NaN NaN NaN NaN NaN NaN NaN NaN NaN NaN NaN NaN NaN NaN NaN NaN NaN NaN NaN NaN NaN NaN NaN NaN NaN NaN NaN NaN NaN NaN NaN NaN NaN NaN NaN NaN 
NaN NaN NaN NaN NaN NaN NaN NaN NaN NaN NaN NaN NaN NaN NaN NaN NaN NaN NaN NaN NaN NaN NaN NaN NaN NaN NaN NaN NaN NaN NaN NaN NaN NaN NaN NaN NaN NaN NaN NaN 
NaN NaN NaN NaN NaN NaN NaN NaN NaN NaN NaN NaN NaN NaN NaN NaN NaN NaN NaN NaN NaN NaN NaN NaN NaN NaN NaN NaN NaN NaN NaN NaN NaN NaN NaN NaN NaN NaN NaN NaN 
NaN NaN NaN NaN NaN NaN NaN NaN NaN NaN NaN NaN NaN NaN NaN NaN NaN NaN NaN NaN NaN NaN NaN NaN NaN NaN NaN NaN NaN NaN NaN NaN NaN NaN NaN NaN NaN NaN NaN NaN 
NaN NaN NaN NaN NaN NaN NaN NaN NaN NaN NaN NaN NaN NaN NaN NaN NaN NaN NaN NaN NaN NaN NaN NaN NaN NaN NaN NaN NaN NaN NaN NaN NaN NaN NaN NaN NaN NaN NaN NaN 
NaN NaN NaN NaN NaN NaN NaN NaN NaN NaN NaN NaN NaN NaN NaN NaN NaN NaN NaN NaN NaN NaN NaN NaN NaN NaN NaN NaN NaN NaN NaN NaN NaN NaN NaN NaN NaN NaN NaN NaN 
NaN NaN NaN NaN NaN NaN NaN NaN NaN NaN NaN NaN NaN NaN NaN NaN NaN NaN NaN NaN NaN NaN NaN NaN NaN NaN NaN NaN NaN NaN NaN NaN NaN NaN NaN NaN NaN NaN NaN NaN 
NaN NaN NaN NaN NaN NaN NaN NaN NaN NaN NaN NaN NaN NaN NaN NaN NaN NaN NaN NaN NaN NaN NaN NaN NaN NaN NaN NaN NaN NaN NaN NaN NaN NaN NaN NaN NaN NaN NaN NaN 
NaN NaN NaN NaN NaN NaN NaN NaN NaN NaN NaN NaN NaN NaN NaN NaN NaN NaN NaN NaN NaN NaN NaN NaN NaN NaN NaN NaN NaN NaN NaN NaN NaN NaN NaN NaN NaN NaN NaN NaN 
NaN NaN NaN NaN NaN NaN NaN NaN NaN NaN NaN NaN NaN NaN NaN NaN NaN NaN NaN NaN NaN NaN NaN NaN NaN NaN NaN NaN NaN NaN NaN NaN NaN NaN NaN NaN NaN NaN NaN NaN 
NaN NaN NaN NaN NaN NaN NaN NaN NaN NaN NaN NaN NaN NaN NaN NaN NaN NaN NaN NaN NaN NaN NaN NaN NaN NaN NaN NaN NaN NaN NaN NaN NaN NaN NaN NaN NaN NaN NaN NaN 
NaN NaN NaN NaN NaN NaN NaN NaN NaN NaN NaN NaN NaN NaN NaN NaN NaN NaN NaN NaN NaN NaN NaN NaN NaN NaN NaN NaN NaN NaN NaN NaN NaN NaN NaN NaN NaN NaN NaN NaN 
NaN NaN NaN NaN NaN NaN NaN NaN NaN NaN NaN NaN NaN NaN NaN NaN NaN NaN NaN NaN NaN NaN NaN NaN NaN NaN NaN NaN NaN NaN NaN NaN NaN NaN NaN NaN NaN NaN NaN NaN 
NaN NaN NaN NaN NaN NaN NaN NaN NaN NaN NaN NaN NaN NaN NaN NaN NaN NaN NaN NaN NaN NaN NaN NaN NaN NaN NaN NaN NaN NaN NaN NaN NaN NaN NaN NaN NaN NaN NaN NaN 
NaN NaN NaN NaN NaN NaN NaN NaN NaN NaN NaN NaN NaN NaN NaN NaN NaN NaN NaN NaN NaN NaN NaN NaN NaN NaN NaN NaN NaN NaN NaN NaN NaN NaN NaN NaN NaN NaN NaN NaN 
NaN NaN NaN NaN NaN NaN NaN NaN NaN NaN NaN NaN NaN NaN NaN NaN NaN NaN NaN NaN NaN NaN NaN NaN NaN NaN NaN NaN NaN NaN NaN NaN NaN NaN NaN NaN NaN NaN NaN NaN 
NaN NaN NaN NaN NaN NaN NaN NaN NaN NaN NaN NaN NaN NaN NaN NaN NaN NaN NaN NaN NaN NaN NaN NaN NaN NaN NaN NaN NaN NaN NaN NaN NaN NaN NaN NaN NaN NaN NaN NaN 
NaN NaN NaN NaN NaN NaN NaN NaN NaN NaN NaN NaN NaN NaN NaN NaN NaN NaN NaN NaN NaN NaN NaN NaN NaN NaN NaN NaN NaN NaN NaN NaN NaN NaN NaN NaN NaN NaN NaN NaN 
NaN NaN NaN NaN NaN NaN NaN NaN NaN NaN NaN NaN NaN NaN NaN NaN NaN NaN NaN NaN NaN NaN NaN NaN NaN NaN NaN NaN NaN NaN NaN NaN NaN NaN NaN NaN NaN NaN NaN NaN 
NaN NaN NaN NaN NaN NaN NaN NaN NaN NaN NaN NaN NaN NaN NaN NaN NaN NaN NaN NaN NaN NaN NaN NaN NaN NaN NaN NaN NaN NaN NaN NaN NaN NaN NaN NaN NaN NaN NaN NaN 
NaN NaN NaN NaN NaN NaN NaN NaN NaN NaN NaN NaN NaN NaN NaN NaN NaN NaN NaN NaN NaN NaN NaN NaN NaN NaN NaN NaN NaN NaN NaN NaN NaN NaN NaN NaN NaN NaN NaN NaN 
NaN NaN NaN NaN NaN NaN NaN NaN NaN NaN NaN NaN NaN NaN NaN NaN NaN NaN NaN NaN NaN NaN NaN NaN NaN NaN NaN NaN NaN NaN NaN NaN NaN NaN NaN NaN NaN NaN NaN NaN 
NaN NaN NaN NaN NaN NaN NaN NaN NaN NaN NaN NaN NaN NaN NaN NaN NaN NaN NaN NaN NaN NaN NaN NaN NaN NaN NaN NaN NaN NaN NaN NaN NaN NaN NaN NaN NaN NaN NaN NaN 
NaN NaN NaN NaN NaN NaN NaN NaN NaN NaN NaN NaN NaN NaN NaN NaN NaN NaN NaN NaN NaN NaN NaN NaN NaN NaN NaN NaN NaN NaN NaN NaN NaN NaN NaN NaN NaN NaN NaN NaN 
NaN NaN NaN NaN NaN NaN NaN NaN NaN NaN NaN NaN NaN NaN NaN NaN NaN NaN NaN NaN NaN NaN NaN NaN NaN NaN NaN NaN NaN NaN NaN NaN NaN NaN NaN NaN NaN NaN NaN NaN 
NaN NaN NaN NaN NaN NaN NaN NaN NaN NaN NaN NaN NaN NaN NaN NaN NaN NaN NaN NaN NaN NaN NaN NaN NaN NaN NaN NaN NaN NaN NaN NaN NaN NaN NaN NaN NaN NaN NaN NaN 
NaN NaN NaN NaN NaN NaN NaN NaN NaN NaN NaN NaN NaN NaN NaN NaN NaN NaN NaN NaN NaN NaN NaN NaN NaN NaN NaN NaN NaN NaN NaN NaN NaN NaN NaN NaN NaN NaN NaN NaN 
NaN NaN NaN NaN NaN NaN NaN NaN NaN NaN NaN NaN NaN NaN NaN NaN NaN NaN NaN NaN NaN NaN NaN NaN NaN NaN NaN NaN NaN NaN NaN NaN NaN NaN NaN NaN NaN NaN NaN NaN 
NaN NaN NaN NaN NaN NaN NaN NaN NaN NaN NaN NaN NaN NaN NaN NaN NaN NaN NaN NaN NaN NaN NaN NaN NaN NaN NaN NaN NaN NaN NaN NaN NaN NaN NaN NaN NaN NaN NaN NaN 
NaN NaN NaN NaN NaN NaN NaN NaN NaN NaN NaN NaN NaN NaN NaN NaN NaN NaN NaN NaN NaN NaN NaN NaN NaN NaN NaN NaN NaN NaN NaN NaN NaN NaN NaN NaN NaN NaN NaN NaN 
NaN NaN NaN NaN NaN NaN NaN NaN NaN NaN NaN NaN NaN NaN NaN NaN NaN NaN NaN NaN NaN NaN NaN NaN NaN NaN NaN NaN NaN NaN NaN NaN NaN NaN NaN NaN NaN NaN NaN NaN 
NaN NaN NaN NaN NaN NaN NaN NaN NaN NaN NaN NaN NaN NaN NaN NaN NaN NaN NaN NaN NaN NaN NaN NaN NaN NaN NaN NaN NaN NaN NaN NaN NaN NaN NaN NaN NaN NaN NaN NaN 
NaN NaN NaN NaN NaN NaN NaN NaN NaN NaN NaN NaN NaN NaN NaN NaN NaN NaN NaN NaN NaN NaN NaN NaN NaN NaN NaN NaN NaN NaN NaN NaN NaN NaN NaN NaN NaN NaN NaN NaN 
NaN NaN NaN NaN NaN NaN NaN NaN NaN NaN NaN NaN NaN NaN NaN NaN NaN NaN NaN NaN NaN NaN NaN NaN NaN NaN NaN NaN NaN NaN NaN NaN NaN NaN NaN NaN NaN NaN NaN NaN 
NaN NaN NaN NaN NaN NaN NaN NaN NaN NaN NaN NaN NaN NaN NaN NaN NaN NaN NaN NaN NaN NaN NaN NaN NaN NaN NaN NaN NaN NaN NaN NaN NaN NaN NaN NaN NaN NaN NaN NaN 
NaN NaN NaN NaN NaN NaN NaN NaN NaN NaN NaN NaN NaN NaN NaN NaN NaN NaN NaN NaN NaN NaN NaN NaN NaN NaN NaN NaN NaN NaN NaN NaN NaN NaN NaN NaN NaN NaN NaN NaN 
NaN NaN NaN NaN NaN NaN NaN NaN NaN NaN NaN NaN NaN NaN NaN NaN NaN NaN NaN NaN NaN NaN NaN NaN NaN NaN NaN NaN NaN NaN NaN NaN NaN NaN NaN NaN NaN NaN NaN NaN 
NaN NaN NaN NaN NaN NaN NaN NaN NaN NaN NaN NaN NaN NaN NaN NaN NaN NaN NaN NaN NaN NaN NaN NaN NaN NaN NaN NaN NaN NaN NaN NaN NaN NaN NaN NaN NaN NaN NaN NaN 
NaN NaN NaN NaN NaN NaN NaN NaN NaN NaN NaN NaN NaN NaN NaN NaN NaN NaN NaN NaN NaN NaN NaN NaN NaN NaN NaN NaN NaN NaN NaN NaN NaN NaN NaN NaN NaN NaN NaN NaN 
NaN NaN NaN NaN NaN NaN NaN NaN NaN NaN NaN NaN NaN NaN NaN NaN NaN NaN NaN NaN NaN NaN NaN NaN NaN NaN NaN NaN NaN NaN NaN NaN NaN NaN NaN NaN NaN NaN NaN NaN 
NaN NaN NaN NaN NaN NaN NaN NaN NaN NaN NaN NaN NaN NaN NaN NaN NaN NaN NaN NaN NaN NaN NaN NaN NaN NaN NaN NaN NaN NaN NaN NaN NaN NaN NaN NaN NaN NaN NaN NaN 
NaN NaN NaN NaN NaN NaN NaN NaN NaN NaN NaN NaN NaN NaN NaN NaN NaN NaN NaN NaN NaN NaN NaN NaN NaN NaN NaN NaN NaN NaN NaN NaN NaN NaN NaN NaN NaN NaN NaN NaN 
NaN NaN NaN NaN NaN NaN NaN NaN NaN NaN NaN NaN NaN NaN NaN NaN NaN NaN NaN NaN NaN NaN NaN NaN NaN NaN NaN NaN NaN NaN NaN NaN NaN NaN NaN NaN NaN NaN NaN NaN 
NaN NaN NaN NaN NaN NaN NaN NaN NaN NaN NaN NaN NaN NaN NaN NaN NaN NaN NaN NaN NaN NaN NaN NaN NaN NaN NaN NaN NaN NaN NaN NaN NaN NaN NaN NaN NaN NaN NaN NaN 
NaN NaN NaN NaN NaN NaN NaN NaN NaN NaN NaN NaN NaN NaN NaN NaN NaN NaN NaN NaN NaN NaN NaN NaN NaN NaN NaN NaN NaN NaN NaN NaN NaN NaN NaN NaN NaN NaN NaN NaN 
NaN NaN NaN NaN NaN NaN NaN NaN NaN NaN NaN NaN NaN NaN NaN NaN NaN NaN NaN NaN NaN NaN NaN NaN NaN NaN NaN NaN NaN NaN NaN NaN NaN NaN NaN NaN NaN NaN NaN NaN 
NaN NaN NaN NaN NaN NaN NaN NaN NaN NaN NaN NaN NaN NaN NaN NaN NaN NaN NaN NaN NaN NaN NaN NaN NaN NaN NaN NaN NaN NaN NaN NaN NaN NaN NaN NaN NaN NaN NaN NaN 
NaN NaN NaN NaN NaN NaN NaN NaN NaN NaN NaN NaN NaN NaN NaN NaN NaN NaN NaN NaN NaN NaN NaN NaN NaN NaN NaN NaN NaN NaN NaN NaN NaN NaN NaN NaN NaN NaN NaN NaN 
NaN NaN NaN NaN NaN NaN NaN NaN NaN NaN NaN NaN NaN NaN NaN NaN NaN NaN NaN NaN NaN NaN NaN NaN NaN NaN NaN NaN NaN NaN NaN NaN NaN NaN NaN NaN NaN NaN NaN NaN 
NaN NaN NaN NaN NaN NaN NaN NaN NaN NaN NaN NaN NaN NaN NaN NaN NaN NaN NaN NaN NaN NaN NaN NaN NaN NaN NaN NaN NaN NaN NaN NaN NaN NaN NaN NaN NaN NaN NaN NaN 
NaN NaN NaN NaN NaN NaN NaN NaN NaN NaN NaN NaN NaN NaN NaN NaN NaN NaN NaN NaN NaN NaN NaN NaN NaN NaN NaN NaN NaN NaN NaN NaN NaN NaN NaN NaN NaN NaN NaN NaN 
NaN NaN NaN NaN NaN NaN NaN NaN NaN NaN NaN NaN NaN NaN NaN NaN NaN NaN NaN NaN NaN NaN NaN NaN NaN NaN NaN NaN NaN NaN NaN NaN NaN NaN NaN NaN NaN NaN NaN NaN 
NaN NaN NaN NaN NaN NaN NaN NaN NaN NaN NaN NaN NaN NaN NaN NaN NaN NaN NaN NaN NaN NaN NaN NaN NaN NaN NaN NaN NaN NaN NaN NaN NaN NaN NaN NaN NaN NaN NaN NaN 
NaN NaN NaN NaN NaN NaN NaN NaN NaN NaN NaN NaN NaN NaN NaN NaN NaN NaN NaN NaN NaN NaN NaN NaN NaN NaN NaN NaN NaN NaN NaN NaN NaN NaN NaN NaN NaN NaN NaN NaN 
NaN NaN NaN NaN NaN NaN NaN NaN NaN NaN NaN NaN NaN NaN NaN NaN NaN NaN NaN NaN NaN NaN NaN NaN NaN NaN NaN NaN NaN NaN NaN NaN NaN NaN NaN NaN NaN NaN NaN NaN 
NaN NaN NaN NaN NaN NaN NaN NaN NaN NaN NaN NaN NaN NaN NaN NaN NaN NaN NaN NaN NaN NaN NaN NaN NaN NaN NaN NaN NaN NaN NaN NaN NaN NaN NaN NaN NaN NaN NaN NaN 
NaN NaN NaN NaN NaN NaN NaN NaN NaN NaN NaN NaN NaN NaN NaN NaN NaN NaN NaN NaN NaN NaN NaN NaN NaN NaN NaN NaN NaN NaN NaN NaN NaN NaN NaN NaN NaN NaN NaN NaN 
NaN NaN NaN NaN NaN NaN NaN NaN NaN NaN NaN NaN NaN NaN NaN NaN NaN NaN NaN NaN NaN NaN NaN NaN NaN NaN NaN NaN NaN NaN NaN NaN NaN NaN NaN NaN NaN NaN NaN NaN 
NaN NaN NaN NaN NaN NaN NaN NaN NaN NaN NaN NaN NaN NaN NaN NaN NaN NaN NaN NaN NaN NaN NaN NaN NaN NaN NaN NaN NaN NaN NaN NaN NaN NaN NaN NaN NaN NaN NaN NaN 
NaN NaN NaN NaN NaN NaN NaN NaN NaN NaN NaN NaN NaN NaN NaN NaN NaN NaN NaN NaN NaN NaN NaN NaN NaN NaN NaN NaN NaN NaN NaN NaN NaN NaN NaN NaN NaN NaN NaN NaN 
NaN NaN NaN NaN NaN NaN NaN NaN NaN NaN NaN NaN NaN NaN NaN NaN NaN NaN NaN NaN NaN NaN NaN NaN NaN NaN NaN NaN NaN NaN NaN NaN NaN NaN NaN NaN NaN NaN NaN NaN 
NaN NaN NaN NaN NaN NaN NaN NaN NaN NaN NaN NaN NaN NaN NaN NaN NaN NaN NaN NaN NaN NaN NaN NaN NaN NaN NaN NaN NaN NaN NaN NaN NaN NaN NaN NaN NaN NaN NaN NaN 
NaN NaN NaN NaN NaN NaN NaN NaN NaN NaN NaN NaN NaN NaN NaN NaN NaN NaN NaN NaN NaN NaN NaN NaN NaN NaN NaN NaN NaN NaN NaN NaN NaN NaN NaN NaN NaN NaN NaN NaN 
NaN NaN NaN NaN NaN NaN NaN NaN NaN NaN NaN NaN NaN NaN NaN NaN NaN NaN NaN NaN NaN NaN NaN NaN NaN NaN NaN NaN NaN NaN NaN NaN NaN NaN NaN NaN NaN NaN NaN NaN 
NaN NaN NaN NaN NaN NaN NaN NaN NaN NaN NaN NaN NaN NaN NaN NaN NaN NaN NaN NaN NaN NaN NaN NaN NaN NaN NaN NaN NaN NaN NaN NaN NaN NaN NaN NaN NaN NaN NaN NaN 
-94.690559 -94.775288 -94.917172 -95.159088 -95.492461 -95.970728 -96.573877 -97.380612 -98.515423 -99.972273 -101.912988 -104.555656 -107.575299 -108.874029 -106.791298 -104.115567 -102.209008 -101.246845 -101.247046 -102.403114 -105.341125 -111.483452 -112.103788 -105.551681 -102.568229 -102.334834 -105.028942 -110.226775 -106.603394 -102.344832 -101.955215 -104.890825 -108.795827 -108.969106 -105.471605 -100.707426 -99.700638 -104.358637 -113.607588 -113.147145 
-62.747591 -67.260458 -70.128138 -74.701149 -82.782130 -78.149117 -72.503036 -72.915519 -75.185361 -76.551068 -77.664903 -86.109846 -91.020961 -89.691765 -82.061400 -83.645044 -85.152488 -85.219301 -80.366514 -77.279714 -82.229146 -82.708305 -80.028305 -79.639394 -79.608299 -79.158572 -75.743700 -74.159517 -74.669195 -78.435612 -78.203359 -79.991666 -78.286952 -78.198791 -81.226926 -77.479897 -76.837712 -77.737587 -80.665325 -82.483636 
-62.582238 -73.907685 -72.761359 -78.926629 -81.021551 -77.033162 -74.426203 -73.675496 -77.567969 -78.445122 -75.620901 -75.659448 -81.584218 -84.898008 -81.700052 -83.984921 -80.996169 -78.352635 -77.960389 -76.265842 -75.508985 -75.695257 -73.558703 -74.286135 -76.510394 -75.447023 -75.565090 -74.293511 -72.211732 -74.847354 -75.868137 -77.174000 -75.374890 -75.111464 -77.186925 -75.227026 -78.810626 -77.783878 -75.062942 -77.277730 
-60.807556 -67.484457 -72.399007 -74.530259 -76.764911 -74.312674 -74.734156 -80.511069 -78.112707 -71.729958 -70.773167 -75.869605 -74.262680 -76.618169 -72.771770 -77.271298 -78.067757 -72.849666 -73.556856 -72.634276 -74.216796 -70.032429 -72.136862 -77.000084 -72.720153 -72.516340 -74.713291 -73.792290 -71.800823 -75.134014 -77.431727 -75.839232 -74.585088 -73.617323 -76.092095 -77.158858 -75.607476 -75.181024 -75.612632 -77.270985 
-47.809021 -50.586313 -50.500285 -51.808558 -52.592673 -56.992609 -62.141445 -71.452183 -64.559539 -61.229947 -61.001984 -69.729404 -69.248242 -64.535442 -68.228883 -70.746093 -67.381891 -69.701401 -72.704802 -69.492823 -72.872848 -70.880809 -72.921786 -72.642250 -73.649157 -71.515349 -73.831260 -71.677611 -72.126742 -75.313379 -73.487987 -72.850433 -70.802921 -72.302365 -75.947420 -73.155991 -72.884621 -75.297450 -75.144574 -74.958867 
-19.053349 -25.637148 -33.538160 -37.121988 -40.478429 -45.641582 -53.900839 -49.116986 -47.787532 -51.314302 -55.459839 -52.331022 -51.150794 -59.125881 -58.235116 -57.214694 -60.445417 -56.939940 -60.194882 -58.150596 -61.366444 -63.318080 -63.339345 -63.546584 -65.720273 -63.804474 -66.681161 -65.507550 -63.355245 -67.613561 -67.017177 -66.947265 -68.018489 -69.142306 -68.868605 -69.616202 -69.051907 -69.363513 -68.819132 -70.007623 
-17.408341 -31.916444 -39.302173 -46.413171 -53.517691 -55.748017 -56.894622 -53.741371 -54.528474 -63.198890 -66.475366 -57.887369 -52.268028 -59.275985 -60.062052 -57.860553 -59.817717 -61.780668 -64.968015 -64.406403 -70.755008 -68.075856 -71.533177 -69.576147 -67.880141 -69.051576 -67.609760 -68.400053 -69.338810 -67.117909 -68.542034 -71.967640 -70.265607 -69.972356 -71.343854 -68.282837 -68.101160 -68.962327 -70.363086 -73.069461 
-22.302511 -39.135459 -43.091588 -46.272858 -49.219815 -54.076727 -54.639869 -53.285624 -57.055190 -56.897117 -61.465973 -57.671497 -57.935825 -56.746371 -59.132735 -62.825913 -64.089343 -63.537809 -65.010086 -64.948598 -64.108304 -66.310982 -70.504704 -67.122413 -69.475584 -69.954735 -66.646886 -66.576158 -69.277245 -64.351854 -68.554382 -68.721606 -68.366392 -70.758414 -70.503373 -71.244235 -68.804133 -65.539734 -66.789556 -68.902699 
-22.984213 -33.902130 -46.026695 -48.797747 -49.969844 -44.953358 -44.728345 -44.065781 -52.210262 -58.741932 -54.863918 -50.505441 -49.491010 -53.175415 -55.311888 -62.209447 -62.024445 -58.032742 -55.632254 -53.909464 -62.204979 -64.466307 -59.209677 -60.218024 -59.890476 -64.723064 -68.609446 -66.528383 -65.908780 -60.451894 -63.362360 -62.481977 -66.059666 -62.621269 -63.717853 -64.720895 -61.416965 -62.787501 -62.270683 -64.386407 
-25.239695 -42.439878 -44.266732 -46.284975 -46.185672 -42.856790 -41.729362 -37.887685 -45.522111 -57.122076 -51.097513 -52.184640 -45.901910 -49.292601 -51.331825 -61.215371 -60.854319 -55.162933 -48.986087 -47.966632 -48.973063 -54.234321 -51.414413 -53.926597 -49.482308 -49.356748 -54.653828 -55.243791 -54.740943 -50.854009 -54.241521 -55.775184 -55.350166 -53.937348 -55.721475 -53.046188 -52.892135 -57.043155 -55.531802 -58.134854 
-24.496140 -33.566329 -40.718132 -49.583739 -48.529027 -50.142382 -47.980504 -39.251878 -47.827911 -61.462972 -52.033764 -50.398432 -50.811016 -48.375223 -50.606704 -62.349603 -59.487811 -52.604261 -44.630642 -39.673042 -43.716952 -44.486672 -49.404376 -56.266347 -40.710918 -42.370720 -50.122744 -45.607846 -44.995523 -37.626243 -40.672518 -42.409190 -39.551505 -38.461276 -38.256296 -42.689937 -41.901386 -43.851878 -42.777024 -43.132977 
-33.146644 -36.627814 -38.786593 -50.025549 -54.895688 -54.314073 -43.004353 -37.715340 -51.898525 -65.241500 -57.396347 -57.165046 -55.908317 -54.817480 -56.251222 -66.718355 -63.861117 -58.685461 -38.007242 -31.132694 -45.535414 -42.180674 -51.235083 -55.371704 -35.894390 -46.662461 -55.378746 -41.609235 -34.364471 -30.913854 -31.068094 -31.702818 -30.071139 -27.443615 -33.121178 -31.122595 -33.879872 -36.801820 -37.739135 -37.734618 
-20.925416 -25.434099 -30.279528 -49.777848 -66.864294 -61.555695 -44.475984 -38.439139 -55.592693 -66.897669 -68.192892 -68.793833 -68.302070 -68.268582 -64.849234 -66.299006 -64.856139 -60.380461 -37.923644 -36.716636 -42.386455 -42.887547 -56.321155 -57.939411 -37.146169 -49.705181 -61.954826 -42.489706 -32.596693 -30.060866 -31.512536 -27.065030 -27.373788 -24.790610 -26.554897 -21.316014 -26.723780 -30.146077 -31.224700 -29.015392 
-19.751207 -23.434738 -29.506338 -50.620583 -70.580268 -59.895379 -47.054604 -42.748120 -60.068071 -74.086405 -74.676114 -74.061213 -72.775435 -72.390061 -75.396651 -74.412959 -70.715284 -61.960052 -38.970940 -34.370573 -37.229535 -46.869885 -59.397347 -60.199041 -36.255688 -48.615890 -65.991592 -46.231351 -33.552402 -25.245303 -27.922301 -26.914144 -23.949316 -17.802206 -20.780961 -17.900121 -20.589791 -23.422784 -23.366560 -20.395381 
-25.777810 -27.505538 -35.870951 -51.792035 -58.184836 -54.646428 -47.810120 -50.856039 -52.567111 -57.147367 -53.092668 -56.981884 -50.849627 -54.724443 -58.865063 -56.030194 -53.637992 -59.343224 -35.592245 -32.969928 -36.594557 -53.364731 -51.513976 -50.244278 -33.167417 -42.232897 -52.413108 -49.847533 -33.840910 -26.214345 -27.378803 -26.286476 -25.172356 -19.626302 -17.570619 -19.439472 -20.636278 -23.179931 -23.727298 -19.003592 
-31.203489 -36.986061 -43.008653 -52.081523 -41.637849 -39.312412 -42.021617 -48.305463 -42.039989 -46.854250 -45.503101 -48.887268 -45.519499 -52.624465 -50.518042 -45.362922 -44.866664 -55.630552 -37.352994 -32.985091 -36.999693 -47.092771 -40.838161 -46.704081 -36.662141 -41.558037 -44.032333 -46.500015 -33.012488 -26.372347 -27.867856 -32.050743 -29.083059 -19.662852 -18.079575 -18.822825 -17.580427 -22.075604 -21.009430 -14.485161 
-32.603125 -33.178149 -43.160932 -46.660209 -43.286169 -40.802970 -39.797115 -40.756003 -44.866201 -44.756178 -42.427418 -48.377739 -38.972462 -39.966780 -44.888920 -38.480865 -38.392104 -50.385345 -44.196144 -30.443685 -36.092644 -41.493982 -39.703187 -40.661585 -36.607165 -35.023792 -40.935922 -39.364598 -37.445095 -30.070959 -30.584076 -38.182317 -34.180668 -22.457552 -20.109723 -13.767981 -14.464659 -20.121129 -20.013682 -12.733914 
-18.109393 -31.795536 -45.244036 -45.783290 -45.313490 -42.985843 -37.524573 -37.953547 -49.600309 -49.630579 -46.230398 -47.043669 -42.174920 -36.424318 -36.566305 -36.421545 -41.401549 -46.990744 -41.805067 -35.655438 -37.415599 -36.506670 -39.714910 -39.358475 -33.491770 -35.008388 -41.650971 -39.149018 -34.355130 -30.198629 -33.976662 -35.045389 -34.002368 -21.555439 -20.819644 -16.628074 -17.443435 -19.319175 -19.734160 -12.908359 
-17.543101 -36.057335 -41.548654 -44.205248 -42.904119 -43.745966 -48.680492 -37.964001 -43.569646 -41.865167 -45.376679 -42.760313 -39.533992 -37.465261 -36.025795 -35.847706 -42.530206 -47.407544 -40.931051 -39.828815 -37.281552 -34.448938 -34.610825 -37.231987 -35.515325 -34.674004 -38.128969 -40.988961 -36.821009 -27.474955 -31.279340 -30.896942 -29.467409 -24.639896 -24.421907 -16.593158 -18.879419 -22.394185 -22.790679 -15.741357 
-19.903135 -32.672273 -39.219141 -40.419642 -43.129897 -50.618663 -51.543456 -43.134982 -43.376375 -54.115691 -45.978139 -43.055821 -38.495469 -40.607810 -39.203651 -39.169421 -43.204680 -43.636022 -43.815588 -37.256218 -36.497568 -39.654775 -39.314789 -39.154106 -38.442824 -35.008169 -38.292715 -39.816491 -36.555408 -27.209064 -33.485304 -31.955870 -28.980452 -28.373285 -30.796827 -16.218564 -16.463025 -21.292523 -23.392708 -15.437385 
-21.514709 -30.753813 -40.702156 -50.068468 -49.327261 -44.163867 -45.448363 -41.786250 -49.126441 -47.513738 -39.740178 -38.887798 -38.837286 -34.810882 -34.315878 -33.471137 -40.025447 -42.987082 -39.119190 -35.240492 -34.975995 -40.732250 -40.998972 -37.692085 -32.909704 -33.536994 -39.918597 -38.766350 -39.099695 -29.481724 -32.349876 -32.265052 -27.371562 -24.605387 -24.679082 -17.795799 -15.860322 -18.922847 -20.215680 -17.167393 
-21.883723 -42.694529 -42.393157 -46.553832 -47.702644 -45.271359 -40.244280 -40.510863 -41.357136 -46.361579 -43.131435 -36.896354 -30.728211 -33.789033 -31.648774 -32.309506 -36.605641 -37.549565 -38.318484 -34.736716 -29.475375 -33.851108 -37.332798 -34.293906 -34.641162 -33.468004 -35.423575 -36.112694 -31.605292 -25.403940 -30.685349 -30.821033 -25.782264 -23.830436 -23.981375 -14.799822 -13.237393 -20.820274 -20.396687 -17.163742 
-18.208212 -35.189673 -37.329231 -30.350306 -32.547601 -35.173005 -35.248653 -34.201874 -34.029039 -40.113438 -38.853553 -34.868532 -30.857116 -30.668438 -30.939875 -32.469454 -35.687519 -41.283593 -38.089024 -28.382170 -30.651127 -32.657421 -33.193289 -33.589323 -27.876035 -28.701616 -36.411430 -35.704642 -28.564270 -23.281518 -28.421580 -28.398637 -21.628709 -23.956990 -20.166943 -12.411291 -15.548766 -21.510898 -19.130311 -15.859633 
-19.080551 -29.876744 -36.407697 -33.200827 -30.870169 -28.794395 -30.033482 -30.393192 -30.151810 -28.142570 -28.758646 -28.591756 -29.649032 -24.709921 -25.950086 -30.956318 -35.777729 -39.304254 -33.668046 -23.396623 -25.959115 -29.608025 -34.620789 -37.216149 -26.095784 -30.494160 -35.378759 -35.807663 -30.784209 -20.776332 -26.566781 -30.196717 -19.978614 -17.674257 -21.170415 -11.982504 -16.286303 -27.223692 -19.342142 -15.378252 
-17.382747 -25.880931 -27.013670 -31.293412 -33.270579 -36.220497 -31.386235 -29.897410 -27.087029 -30.311336 -32.437590 -32.077173 -31.733591 -28.681644 -32.910538 -37.512666 -37.705530 -39.062886 -34.540223 -23.633857 -26.663361 -28.287732 -33.589091 -30.826366 -22.922630 -29.409388 -32.020732 -29.637353 -25.128081 -18.406506 -26.818627 -29.286310 -21.184549 -17.790230 -23.641165 -15.274483 -23.024002 -45.610661 -22.553591 -19.439429 
-12.841993 -11.707108 -4.727486 2.658474 4.039251 -0.351127 -9.193542 -10.863524 -13.654306 -16.272841 -22.486003 -26.285597 -23.371407 -25.471235 -28.084490 -29.257238 -27.697599 -28.712969 -26.610829 -24.030997 -27.512965 -27.568316 -28.618885 -28.675072 -24.581130 -28.394874 -29.765947 -26.101310 -23.673662 -16.485639 -25.215169 -32.968813 -28.834155 -22.599246 -27.521143 -17.121217 -24.872131 -65.067000 -26.665372 -25.167552 
-7.343966 -14.667737 -3.634500 12.931722 15.097484 6.005133 3.843391 12.372787 5.032984 -13.535585 -5.113848 -8.404718 -9.128897 -7.570929 -15.505891 -11.303368 -14.945283 -12.204785 -8.899935 -4.001390 -10.366019 -16.852774 -15.540128 -13.883661 -10.871546 -19.113571 -21.702094 -18.221015 -15.119601 -13.619669 -16.688489 -24.776533 -35.972638 -28.172768 -35.434817 -25.784529 -33.187413 -54.499962 -38.086353 -36.998814 
-12.729783 -39.968568 -12.836214 11.704997 13.725631 -2.724668 4.090149 17.991851 10.285346 -17.114404 -1.909180 -10.610548 -8.270341 -4.974799 -16.043275 -8.245374 -14.317929 -7.707699 -3.293435 -1.770413 -4.013607 -12.969271 -13.357165 -9.625850 -2.863394 -17.562819 -17.516336 -14.816415 -12.014303 -6.625506 -12.709726 -21.226698 -42.886223 -32.881093 -41.833772 -33.281701 -42.800671 -48.951451 -59.013895 -44.484341 
-13.943273 -23.177066 -22.768792 9.020526 13.665790 -1.534489 -2.754037 16.442981 12.995373 -13.191704 -2.072837 -6.312582 -13.934324 -5.167725 -16.650255 -7.330901 -14.550238 -6.486679 -4.737183 1.267587 -4.951869 -10.757835 -15.488421 -7.682180 -1.245817 -9.965406 -16.821140 -13.628318 -9.368349 -2.396800 -7.425174 -14.964683 -37.457794 -36.196514 -39.911883 -37.084940 -40.139300 -39.859479 -42.619154 -37.188766 
-11.881390 -27.014858 -24.674073 7.382433 13.972098 0.018156 -11.594659 12.455799 14.349565 -11.203951 -5.613705 -3.749159 -21.237511 -7.452089 -15.753826 -9.793031 -11.382025 -8.391579 -7.794070 4.091799 -4.622404 -7.408007 -15.261701 -6.973215 -4.765885 -7.934873 -13.565743 -14.066090 -8.633661 -2.365270 -6.619596 -14.618878 -35.634073 -40.771519 -42.422036 -42.947447 -42.597369 -40.149111 -43.506202 -39.137276 
-17.914682 -25.347419 -22.413018 6.390023 14.500689 3.311691 -14.851454 8.681987 14.346493 -7.508043 -11.963516 -2.496425 -20.540719 -8.238561 -12.637915 -12.396576 -9.633973 -8.909923 -6.721728 5.097434 -0.978556 -8.910245 -12.239540 -7.271275 -4.941638 -7.311168 -14.295692 -14.899794 -12.503557 -4.364500 -8.716921 -17.747213 -42.010588 -39.472235 -52.145311 -58.485784 -50.650546 -42.836949 -51.132511 -39.568585 
-17.406914 -18.700759 -24.436110 4.378199 14.396238 3.757073 -16.773109 5.163055 14.507757 -4.618200 -12.848110 -3.024715 -18.933944 -10.499465 -10.888947 -16.546490 -9.886646 -11.437729 -5.724059 3.468927 0.333077 -11.944942 -14.352456 -10.165722 -3.468635 -10.485446 -14.561567 -14.806376 -14.686676 -7.721829 -13.328881 -19.843260 -35.045079 -38.784545 -44.692293 -46.703077 -44.839167 -41.155442 -45.482245 -36.719106 
-20.036125 -34.591790 -19.430630 5.531313 14.971645 4.966010 -17.865937 5.259882 15.795513 -2.038601 -15.126290 -3.638240 -18.726331 -9.779160 -8.939741 -16.407165 -7.964864 -12.040346 -4.086889 3.037467 1.879894 -9.222112 -13.087180 -8.449702 -1.953023 -10.907910 -16.005955 -17.689045 -14.364739 -7.518468 -12.101425 -19.019486 -32.255978 -38.742211 -40.152388 -40.628208 -40.495738 -39.586725 -41.253177 -37.056771 
-15.458614 -19.537962 -14.786779 6.467269 15.247790 4.451496 -9.652333 11.063369 17.619713 -2.461826 -11.625796 -2.876539 -20.043515 -7.345946 -9.028582 -11.738218 -7.043266 -8.130250 -3.616787 4.650976 0.990830 -7.471743 -10.700248 -7.703046 -3.630610 -8.662029 -16.762799 -17.741924 -13.893100 -7.061398 -7.096913 -15.044102 -32.262640 -39.814945 -41.739655 -45.741105 -42.023703 -43.403300 -48.274599 -43.180143 
-27.423065 -28.757775 -17.582694 8.823335 15.012943 1.519206 -7.182528 14.770787 17.023908 -7.875887 -7.978817 -3.506889 -18.997684 -4.485456 -13.570980 -6.102675 -9.164596 -3.675184 -3.895848 7.614249 -2.275676 -8.617843 -10.667571 -4.967005 -1.569588 -6.101898 -14.555058 -19.747101 -11.186306 -4.510757 -2.015919 -13.948018 -30.390924 -41.077608 -35.390689 -36.796671 -38.336769 -39.527459 -47.371721 -41.599719 
-20.287567 -21.176928 -10.171446 11.629187 14.022265 -2.561986 -0.684603 17.098151 13.674555 -10.078154 -4.480322 -6.862105 -14.308718 -6.397172 -13.823096 -4.819221 -10.438243 -1.927569 -0.292587 5.558957 -10.038428 -13.522520 -15.635718 -5.512827 -0.159214 -6.227995 -18.052187 -23.416252 -11.273283 -6.497580 -3.479575 -12.311304 -32.703524 -36.932192 -32.572122 -35.801212 -37.515272 -37.887807 -38.873800 -36.856531 
-20.280605 -23.905754 -5.654578 12.563355 11.156365 -8.653689 2.371578 15.467193 4.531841 -16.948234 -8.759873 -12.043195 -8.321660 -10.511207 -8.631207 -7.708692 -8.474376 -8.299109 -0.949306 -3.392205 -11.135991 -15.994519 -15.067830 -9.684663 -4.042535 -6.566855 -18.267886 -33.265780 -12.996277 -7.547331 -6.305709 -11.466287 -24.071609 -29.396557 -30.661420 -31.539391 -32.518908 -32.154280 -38.709457 -32.407030 
-23.693643 -20.123372 1.591761 13.053308 6.475155 -8.227491 8.306994 11.804474 -1.533025 -8.914220 -19.317141 -12.343823 -8.247721 -18.547288 -14.435539 -15.708583 -14.107437 -8.759560 -6.712590 -5.703608 -12.464948 -17.857873 -18.282918 -12.146548 -9.267881 -13.655315 -24.881672 -39.814321 -22.873251 -13.634795 -10.634895 -16.425159 -21.056077 -19.703732 -20.830929 -20.333429 -19.901746 -26.611159 -31.306083 -25.219266 
-19.310694 -16.347272 5.773885 12.270321 0.863700 -7.461421 3.944659 -3.046420 -12.455448 -6.853621 -14.390929 -15.070036 -22.245698 -24.878892 -25.217455 -21.568367 -17.620485 -14.868729 -8.675977 -13.446991 -20.101081 -23.524074 -32.513450 -22.465962 -13.173714 -20.596401 -32.395482 -41.515210 -27.721283 -20.274560 -15.987863 -22.019695 -21.591751 -20.832722 -21.144115 -15.131803 -16.359080 -21.637155 -24.231982 -21.293762 
-19.693887 -16.412249 6.726803 11.458435 -1.339705 -5.796873 -0.368851 -8.798704 -15.929120 -14.941815 -18.416927 -16.404189 -20.707090 -21.422847 -24.802525 -22.123479 -17.405980 -17.213296 -16.850735 -16.302124 -26.239586 -27.327950 -37.052971 -29.029834 -24.162502 -30.713702 -39.384219 -41.599105 -38.273282 -22.862486 -18.819529 -21.548604 -18.935322 -19.901916 -19.602689 -18.783943 -17.739357 -20.530850 -24.342967 -20.488337 
-15.153133 -7.805761 8.619146 9.985593 -8.755230 -6.322227 -7.567858 -14.844024 -14.534450 -18.742766 -22.397104 -19.006759 -15.017265 -24.418736 -26.736156 -22.038335 -23.022707 -21.774365 -18.125989 -18.264559 -27.840562 -30.575295 -33.118475 -33.078272 -28.026880 -26.973932 -33.606894 -37.636566 -35.503619 -25.908761 -19.415724 -19.901509 -18.306196 -15.684946 -17.502571 -19.205775 -19.665568 -17.792311 -24.167281 -19.615449 
-30.632209 -5.017254 10.468117 9.966308 -10.861860 -2.856122 -3.033805 -17.873053 -15.565196 -25.935785 -27.819188 -20.402470 -14.320952 -27.110465 -30.859786 -24.577977 -25.598702 -18.797575 -12.296577 -14.788349 -29.990254 -32.648675 -36.259684 -29.257595 -20.938301 -25.289881 -33.935078 -36.772492 -29.720234 -22.640850 -17.481478 -16.508146 -18.372675 -14.729539 -17.581398 -19.406807 -21.426343 -18.900339 -20.364924 -17.708088 
-21.070263 -1.599836 11.414766 9.314124 -3.299142 6.300598 2.265978 -3.373744 -5.100058 -30.307990 -28.777426 -17.683676 -21.000958 -24.270569 -23.964438 -21.724962 -18.699994 -15.620735 -11.209749 -12.973606 -25.566936 -25.778513 -26.689494 -25.622990 -15.221902 -19.790938 -29.618346 -26.699814 -22.190126 -16.476517 -17.379688 -18.595096 -14.806063 -13.839030 -19.553989 -17.943356 -20.275102 -19.922959 -20.097808 -18.774139 
-17.953802 3.228126 13.122847 7.707658 5.830964 11.823100 3.506347 7.269557 -0.222515 -10.129516 -17.169359 -13.063079 -13.525423 -17.470367 -17.309033 -15.031156 -16.019320 -12.166420 -7.044966 -12.081570 -18.744612 -21.873381 -22.960458 -16.804883 -10.168582 -15.753717 -22.591538 -23.468350 -21.662847 -18.286191 -20.103407 -16.899727 -14.725207 -20.643641 -28.290915 -23.082372 -23.434355 -27.678379 -26.081001 -29.563425 
-15.681080 6.540262 13.885882 6.871533 10.237360 11.567048 6.091378 13.517125 3.626477 -6.537048 -12.374908 -10.077318 -9.226564 -15.198020 -15.824214 -12.872260 -13.813058 -8.647511 -3.397589 -6.868155 -15.912069 -20.311204 -15.068360 -8.323502 -8.324390 -18.193360 -19.472725 -19.537331 -14.394741 -16.903437 -21.753658 -19.046759 -22.867810 -31.296940 -38.647603 -32.388371 -31.820111 -34.009920 -29.306490 -37.885718 
-10.079245 8.922125 13.299417 6.288970 11.301305 7.802573 11.817246 11.707220 4.337334 -4.127578 -9.971021 -6.688380 -9.846380 -14.388662 -15.747533 -13.032706 -11.411482 -8.230522 -1.729118 -5.273584 -13.447091 -14.317846 -10.369294 -9.004804 -15.537185 -20.771641 -18.284392 -13.416456 -14.832194 -21.637123 -21.777452 -22.351866 -30.746077 -37.669900 -41.258836 -41.073354 -39.196832 -42.917218 -38.619807 -38.599302 
-7.065993 9.464376 11.052576 6.457760 9.579434 6.222296 9.990852 8.379180 7.552159 -5.863155 -5.816895 -4.793893 -6.519982 -11.894082 -10.931866 -10.570262 -11.142743 -6.576447 -1.564010 -3.075448 -8.560481 -6.266013 -9.711365 -13.880582 -19.097834 -20.291113 -15.265344 -14.517089 -20.222788 -24.643141 -22.394972 -26.662682 -38.564870 -46.333082 -49.475197 -47.888454 -49.121234 -51.919577 -45.825509 -45.959382 
-6.696051 9.082830 7.903626 7.022383 5.839587 5.164450 7.531882 12.955275 5.673320 -4.807140 -4.508295 -5.265940 -7.134742 -10.720714 -11.159116 -11.763151 -10.771146 -7.395742 -1.098547 -3.287468 -3.825787 -4.156840 -14.509249 -20.788408 -23.149487 -20.817686 -14.167231 -16.599056 -22.820498 -25.844745 -25.193549 -33.847414 -42.667922 -43.914768 -44.535488 -44.986746 -44.193494 -43.102117 -44.164547 -44.785594 
-3.858627 8.862343 5.133199 6.918354 4.664488 4.966869 7.265708 13.830998 4.253002 -4.285085 -3.882913 -8.216364 -8.868814 -11.738351 -12.988325 -10.025459 -9.815416 -3.194123 0.590718 -0.825896 -1.225604 -7.487428 -17.960619 -25.512929 -26.917094 -26.959065 -19.634603 -23.106428 -28.583972 -30.580372 -28.227001 -36.351226 -45.013317 -46.193489 -47.036310 -47.436279 -43.877016 -39.805764 -46.775089 -47.761436 
-3.323361 8.481322 5.227528 7.186069 4.228126 2.264379 5.200433 10.368919 1.783065 -2.191114 -6.199270 -8.746062 -8.380871 -12.337176 -14.217807 -11.348337 -8.308948 -2.927748 0.658265 -0.891534 -3.030631 -14.569266 -25.074230 -30.725051 -30.921586 -32.246009 -24.975548 -24.997219 -36.951816 -40.755374 -36.208937 -38.577914 -52.800750 -54.306229 -57.836299 -58.460553 -47.628108 -40.505359 -53.788942 -48.733521 
-2.026028 8.409615 5.442357 7.389232 3.816183 2.515782 5.431384 5.883172 -0.412877 -2.369408 -6.276103 -9.508704 -9.798310 -13.130617 -13.771012 -12.053676 -8.529539 -2.082578 -1.390811 -2.170282 -8.038836 -20.195681 -26.518885 -31.939003 -33.812142 -34.245937 -27.348525 -27.894405 -39.297252 -41.913233 -41.482967 -39.850504 -43.968607 -45.243974 -45.726103 -46.152012 -44.430252 -42.779357 -45.899358 -44.837570 
-2.915978 7.791443 4.977109 6.906860 2.474694 1.854454 5.061003 3.484991 -0.120591 -2.952719 -8.812590 -11.747975 -10.710560 -14.765478 -14.405174 -14.790506 -10.850087 -3.320983 -2.357481 -3.469656 -11.418168 -20.469509 -32.132484 -34.603006 -37.184935 -36.363229 -33.398884 -33.460129 -40.819114 -44.964122 -45.749331 -45.226335 -48.491442 -49.900463 -50.326139 -50.615291 -47.969136 -45.297951 -48.868947 -47.984519 
-2.623402 7.306587 4.939288 6.856357 1.735088 1.004429 4.974814 1.768849 -2.154402 -5.042903 -12.206078 -10.494662 -11.652848 -14.146833 -15.884933 -15.883978 -11.100083 -6.337310 -4.909894 -5.505652 -16.661625 -26.149125 -36.228693 -40.687494 -40.322694 -39.803833 -34.250572 -32.916011 -44.641121 -48.419493 -49.735939 -48.214641 -51.159792 -53.298769 -53.735322 -53.815905 -47.315450 -45.757937 -49.242095 -51.019401 
-1.976727 6.739159 4.720603 6.761789 0.974055 0.699770 4.365149 -0.363180 -3.607799 -6.225492 -15.868777 -11.056032 -14.523964 -16.665732 -19.599699 -19.840708 -14.346126 -7.642793 -6.102006 -8.753266 -17.635193 -30.511475 -40.208383 -38.974628 -42.524433 -44.643782 -37.623375 -36.283946 -48.307303 -54.458741 -56.292914 -51.702219 -53.647156 -58.638510 -59.168973 -59.364374 -51.100731 -49.223918 -48.249177 -51.598505 
-1.327104 6.312872 4.457785 6.683441 0.082114 -0.835590 4.220648 -1.911669 -7.042884 -6.404173 -16.312432 -11.384849 -14.990730 -18.481927 -18.857199 -20.210050 -14.907209 -9.205331 -7.163020 -12.128240 -20.590217 -30.635833 -40.566321 -40.635653 -43.231137 -44.619386 -38.446842 -40.129993 -51.932683 -53.196435 -55.652974 -58.256649 -61.212303 -62.351401 -64.543249 -64.392434 -59.629397 -49.565945 -47.413390 -49.798231 
-2.053840 5.947153 4.022886 6.258018 -0.832416 -0.783698 4.190013 -1.599261 -9.240511 -8.160471 -15.729405 -13.220886 -15.323487 -18.820166 -19.872346 -21.969334 -18.143163 -9.696550 -6.496810 -11.024204 -22.666302 -29.788610 -38.537951 -41.636149 -45.387708 -45.341571 -36.540368 -41.833003 -51.710558 -54.070317 -55.030469 -55.782093 -56.465726 -57.928620 -57.936386 -58.390042 -58.578784 -48.363359 -45.555055 -49.069672 
-2.561366 5.840185 3.382149 5.165767 -2.776815 -2.206881 4.260501 -3.283698 -10.513680 -9.869209 -16.151249 -14.765660 -16.820840 -21.533619 -23.080188 -22.904124 -21.646563 -14.098913 -8.696430 -12.114030 -22.485654 -33.488014 -41.120926 -42.451525 -46.743311 -46.200162 -42.669007 -46.974136 -53.969363 -55.379275 -61.045893 -62.616911 -63.976948 -65.248213 -61.428995 -64.050681 -66.263060 -51.167339 -45.896282 -50.021255 
-4.008801 5.228814 2.944709 4.656832 -3.795675 -2.973785 4.108557 -3.228323 -11.513143 -15.056456 -21.689419 -17.003350 -19.465679 -22.536114 -24.943745 -24.520777 -25.037314 -17.136078 -12.543009 -14.918651 -22.585059 -35.827937 -48.058760 -46.015801 -47.376026 -43.729706 -41.484278 -50.225574 -54.330352 -51.408292 -57.712507 -67.021689 -67.251407 -65.126652 -63.379748 -70.194579 -70.420744 -56.086520 -54.840100 -58.492784 
-4.115706 4.630179 2.570154 3.987149 -2.168424 -1.237287 3.664235 -3.970125 -13.876284 -19.227346 -21.553890 -19.415395 -23.976625 -26.632202 -26.185049 -25.990902 -26.818611 -20.457287 -10.935472 -12.483277 -18.846367 -32.964366 -41.353817 -45.493854 -44.037524 -43.654414 -41.795571 -47.619146 -48.646322 -49.255531 -50.086322 -50.910804 -51.739652 -51.794434 -50.974711 -52.710948 -53.357024 -51.669920 -51.109077 -53.135954 
-3.186168 4.407435 1.866511 2.935160 -0.721479 -1.121103 2.291289 -3.966313 -16.706842 -23.516831 -23.186127 -22.634755 -34.796046 -32.544385 -29.297999 -26.836673 -30.854810 -26.175587 -14.901616 -15.946226 -16.288482 -29.820616 -40.311608 -45.851211 -48.859662 -40.996101 -44.147911 -51.710496 -54.899441 -44.587119 -50.567371 -63.350242 -61.466506 -59.101380 -50.782742 -60.155206 -66.579437 -57.857320 -57.480901 -60.360874 
-1.836469 4.255557 0.955683 1.035912 -0.428009 -1.400160 -1.393032 -6.060061 -15.790964 -25.021985 -23.802845 -23.538857 -30.086748 -31.803115 -32.478725 -32.047152 -31.331500 -26.999079 -21.426394 -18.851776 -21.339251 -27.816418 -39.110087 -36.818917 -33.424015 -32.634815 -36.644851 -48.823388 -47.393532 -37.944153 -46.053866 -55.591225 -53.200289 -51.606471 -51.062919 -56.251118 -58.196499 -53.374731 -53.896711 -55.862943 
-2.902146 3.580864 -0.049531 -2.863917 -2.484251 -3.585609 -8.429113 -8.411313 -20.316848 -25.890013 -30.196813 -31.434690 -31.412902 -31.978719 -31.278778 -31.945271 -32.569820 -32.606809 -22.447063 -17.353972 -22.812485 -29.947310 -30.954122 -26.477334 -25.977736 -31.126813 -31.496069 -32.395829 -40.256029 -39.542370 -48.396591 -50.499927 -45.008749 -46.331642 -47.139084 -52.327640 -53.227802 -51.494262 -51.878543 -52.310143 
-4.579798 1.899925 -4.696376 -11.658238 -8.303993 -12.668114 -19.095232 -15.181555 -21.127520 -26.889478 -26.344392 -29.441953 -36.191893 -36.159490 -35.859675 -37.652012 -34.692574 -28.972350 -26.651560 -24.991724 -30.541519 -33.819130 -27.366228 -19.673411 -18.461280 -24.836366 -24.086818 -21.510193 -28.285707 -34.612420 -37.805309 -44.395017 -40.178958 -39.310118 -41.185786 -45.261245 -49.123907 -49.385171 -46.886300 -47.387053 
-5.699690 -0.386375 -7.215488 -10.120893 -17.514220 -18.929136 -28.289989 -30.583678 -29.483244 -28.428515 -33.857942 -38.767391 -41.839925 -43.905418 -46.876927 -40.202975 -37.482348 -36.984072 -33.666602 -26.480141 -32.626542 -36.300834 -27.359457 -20.938328 -23.844972 -25.351914 -16.881548 -16.063485 -19.573593 -23.862087 -26.935720 -33.093038 -34.516433 -34.438662 -36.862439 -41.295347 -40.696145 -40.789003 -40.616239 -41.958266 
-8.005693 -3.584764 -6.987171 -10.344530 -17.970013 -22.549467 -25.429396 -29.993960 -40.178389 -40.677196 -37.286487 -36.799161 -38.230734 -45.477853 -46.392824 -39.567657 -42.814661 -39.928963 -34.281874 -29.893497 -36.290073 -38.015784 -34.758042 -25.926385 -24.369946 -26.752152 -16.789997 -13.478696 -21.440077 -21.850476 -21.312423 -24.155751 -27.769555 -33.124307 -34.037869 -34.435082 -33.247283 -33.315449 -32.633569 -34.829480 
-16.182934 -12.702779 -16.501621 -22.641233 -24.533642 -23.820992 -31.459179 -31.787415 -38.311440 -35.557911 -39.018431 -45.349212 -41.726980 -42.507607 -42.612040 -43.317628 -43.393724 -44.933330 -36.540597 -32.492653 -42.010959 -47.733712 -40.582377 -26.958181 -27.932689 -32.815013 -24.514970 -19.031398 -16.846656 -17.093006 -14.049681 -16.070717 -24.851257 -26.507099 -31.550014 -28.266727 -27.347211 -26.813237 -25.213363 -25.942837 
-20.381282 -23.840006 -28.872718 -38.168953 -27.393901 -25.922624 -38.086338 -41.044639 -40.251758 -37.291002 -39.805185 -48.057784 -42.107617 -46.682643 -43.775142 -42.356101 -50.739031 -52.967266 -42.706105 -35.996685 -40.856381 -45.976238 -46.583142 -29.249218 -28.220007 -38.004201 -33.649903 -24.030657 -16.744177 -19.589385 -15.598977 -18.154677 -20.888146 -23.729387 -27.570858 -26.360436 -25.377867 -25.368567 -27.094967 -25.710617 
-19.241960 -29.036659 -35.596183 -42.855204 -35.773987 -33.449025 -38.496379 -39.267318 -37.153862 -42.431773 -42.825643 -43.005141 -40.614687 -43.691115 -40.650883 -43.092409 -46.548927 -55.665815 -45.976313 -41.801141 -46.615250 -47.141573 -48.939389 -32.688929 -35.919449 -43.337348 -35.068912 -28.350946 -20.855345 -25.178607 -21.349501 -15.493270 -19.895550 -21.639003 -24.053877 -24.458969 -28.102828 -25.141199 -20.029214 -24.470962 
-23.018126 -32.880615 -35.501923 -39.375677 -46.899858 -46.584646 -41.038901 -35.359165 -36.627503 -55.106812 -46.198440 -39.358719 -47.147319 -45.665072 -46.388335 -44.830107 -48.336791 -51.663975 -43.706993 -38.105293 -44.472423 -46.143354 -47.443440 -34.516100 -35.614269 -45.566906 -40.161833 -34.161204 -26.488169 -29.316588 -23.785042 -17.184644 -16.830659 -21.522162 -23.253273 -20.190804 -26.372589 -24.650894 -19.651280 -24.515980 
-23.367830 -37.882958 -46.925210 -49.676847 -50.918354 -47.019747 -41.689620 -43.688620 -45.619961 -47.917054 -45.271929 -40.500156 -42.228713 -44.087936 -43.413081 -39.786086 -44.834469 -51.825622 -40.190009 -38.871013 -44.529400 -41.674235 -43.804852 -35.958358 -34.862080 -43.699957 -45.487949 -34.975162 -27.626446 -31.929425 -22.823173 -22.130124 -17.228752 -23.580911 -24.682394 -26.497000 -27.812191 -27.459205 -24.037691 -27.816979 
-26.708010 -46.810497 -44.774434 -49.663318 -46.074129 -45.941689 -43.113191 -43.801963 -45.900034 -47.938373 -54.363358 -47.340053 -46.481006 -44.896728 -39.165342 -42.608719 -46.589149 -52.579376 -48.012232 -44.284657 -49.628468 -46.926147 -45.188404 -42.064022 -35.197474 -41.475128 -44.033728 -30.772862 -29.192005 -34.402382 -24.989921 -21.649194 -21.864184 -19.177564 -24.676937 -25.840687 -27.705659 -27.841332 -25.317483 -28.111129 
-33.971938 -39.441014 -43.072526 -57.590088 -52.281079 -50.730914 -48.247368 -44.016989 -44.391604 -45.739003 -49.614060 -48.425933 -48.011960 -48.404319 -42.675586 -45.770721 -48.972283 -54.253245 -47.801169 -47.882168 -49.867415 -46.458091 -49.621334 -44.616011 -39.813254 -44.306353 -45.642251 -34.883287 -31.447030 -30.149138 -23.039014 -22.349296 -20.949421 -22.172651 -22.674674 -25.290549 -31.191930 -34.121828 -30.984776 -31.546012 
-34.566116 -36.436095 -45.236517 -54.586125 -54.965368 -46.153255 -44.009593 -40.499999 -40.568198 -46.609398 -52.336498 -43.152017 -42.584456 -44.232505 -47.425808 -48.619195 -52.350887 -52.625674 -50.004992 -44.933097 -50.118595 -51.489862 -50.433448 -45.735871 -43.479234 -43.992792 -47.193228 -34.351363 -30.688455 -31.704301 -23.114830 -17.951867 -21.709981 -22.675328 -28.770166 -33.182953 -40.603323 -39.772473 -35.345881 -35.265397 
-24.625851 -22.860468 -23.169195 -26.760042 -33.380614 -43.253044 -42.839588 -42.154128 -39.455576 -41.530937 -44.731594 -48.043615 -43.208608 -43.671153 -45.696693 -51.536328 -52.946759 -52.029680 -50.795468 -44.914003 -47.110235 -49.816768 -54.745391 -44.147588 -47.262465 -49.738769 -46.056182 -38.204241 -34.334961 -32.543611 -28.670130 -20.419309 -22.375618 -29.726415 -34.943037 -36.311027 -44.169296 -43.073731 -40.168631 -38.647739 
-17.903552 -17.062917 -15.710513 -18.085836 -26.121357 -38.799833 -37.739108 -36.865398 -35.337001 -35.048949 -40.569346 -41.357239 -35.721431 -40.875025 -45.148665 -53.083539 -54.977992 -56.329691 -47.199995 -50.347422 -52.299738 -58.080579 -56.752294 -49.373392 -45.098114 -48.663625 -42.338196 -41.275464 -34.517656 -37.201157 -33.082937 -31.542243 -32.891455 -38.197518 -44.094415 -45.792453 -49.314620 -49.709110 -49.624842 -49.391823 
-27.250591 -38.553375 -32.903577 -32.198575 -41.523635 -44.061273 -40.268865 -42.046467 -48.923086 -49.084167 -53.432046 -57.585825 -44.279044 -47.013976 -53.192779 -59.123024 -62.350299 -58.493593 -53.388863 -52.084186 -61.010529 -57.946040 -59.346494 -54.383720 -47.971498 -51.979358 -48.668401 -46.244517 -37.267856 -42.092904 -39.905867 -39.258246 -42.102577 -47.175981 -51.536328 -51.446824 -51.698154 -55.898500 -53.169006 -55.466806 
-23.705545 -33.975640 -41.056486 -43.241736 -44.575574 -54.243196 -48.884007 -48.585378 -51.719354 -51.244515 -59.134003 -52.010274 -49.567957 -52.443711 -57.924495 -62.700204 -65.269828 -68.105353 -55.178298 -55.458186 -62.212954 -60.953424 -60.491787 -57.909924 -56.745157 -64.622136 -60.806704 -54.111244 -45.383689 -50.586091 -48.339317 -46.838246 -49.554955 -55.144448 -62.246428 -60.782678 -57.978044 -63.199431 -61.192420 -61.955537 
-22.125634 -32.962774 -36.443850 -45.052222 -51.159665 -51.586805 -53.689554 -53.982659 -58.903133 -57.637991 -55.532962 -52.957392 -55.631652 -59.158086 -63.354614 -61.860309 -65.988030 -71.141697 -60.284388 -57.381482 -63.398325 -69.065757 -65.322908 -63.869739 -67.223848 -65.191683 -68.139556 -62.550251 -59.389914 -59.789217 -56.386503 -56.066651 -56.955671 -60.094337 -68.121311 -68.133464 -67.227147 -72.282564 -70.054273 -72.536032 
-25.332197 -36.784377 -42.119361 -52.495447 -50.901197 -53.212595 -56.321813 -52.955124 -57.165738 -60.752760 -55.103971 -58.246427 -61.697305 -65.562534 -66.315217 -65.570794 -64.207520 -68.879001 -64.018842 -63.847218 -67.929616 -70.179698 -69.589420 -64.107086 -67.461729 -68.876534 -68.846412 -63.652574 -59.492119 -60.358910 -60.581799 -59.913992 -62.181805 -63.191654 -66.488601 -68.229191 -67.193439 -69.513678 -71.156527 -74.116975 
-30.553969 -36.848017 -46.431431 -49.507985 -52.696033 -53.187331 -54.730882 -55.291107 -59.305259 -54.655411 -55.577527 -57.395558 -63.844180 -70.454611 -64.137317 -59.080157 -66.042110 -67.751311 -64.665482 -69.265576 -66.913761 -67.691744 -65.767182 -69.146881 -71.593766 -69.365581 -67.758839 -69.177132 -67.329850 -62.820147 -64.790316 -61.624576 -61.266443 -64.046254 -62.283984 -64.740291 -70.855750 -71.560582 -69.503998 -73.056329 
-44.814894 -46.377960 -49.973756 -56.784670 -59.431350 -59.938845 -60.430985 -64.486465 -63.679238 -66.675824 -74.074148 -77.874908 -71.430290 -72.318068 -69.817343 -66.178921 -68.749227 -71.861522 -69.710667 -68.828383 -73.669847 -74.388983 -74.027448 -69.715677 -72.118783 -70.694660 -72.094640 -72.856894 -72.234704 -67.856878 -69.466903 -70.306978 -71.401339 -72.034026 -71.415571 -72.022304 -72.035803 -74.886813 -74.696223 -77.190368 
-65.241234 -74.739098 -69.862873 -73.419542 -72.497490 -75.300827 -75.617734 -74.629142 -76.966355 -81.769603 -77.790646 -77.645612 -72.415042 -76.670811 -75.888710 -75.648979 -81.240526 -77.189274 -72.280212 -73.074492 -77.537970 -77.673450 -74.709506 -75.215172 -77.865527 -78.127949 -79.231446 -77.527827 -75.226191 -75.029900 -75.938364 -74.938926 -79.115024 -74.953545 -75.870833 -74.111216 -74.008347 -76.334177 -77.465462 -80.810890 
-64.323173 -73.016650 -73.971967 -71.404914 -73.757038 -77.219171 -72.358291 -71.063885 -76.207272 -75.500393 -74.486203 -77.008132 -73.938758 -78.217327 -79.753938 -76.638082 -79.164142 -73.699449 -78.710384 -82.519249 -79.292486 -73.889469 -76.561504 -76.486950 -75.005196 -76.889033 -75.101209 -77.383021 -77.286561 -79.104895 -77.729862 -75.555784 -77.905513 -76.448970 -76.253976 -73.996501 -75.492682 -77.112517 -77.115871 -77.744309 
-63.990770 -77.215319 -77.446379 -75.384356 -78.652337 -73.739329 -72.185716 -72.836223 -77.158144 -73.664992 -80.097495 -80.795528 -76.178664 -72.714089 -75.999695 -70.742266 -74.232902 -70.676518 -73.391699 -77.483779 -77.477077 -73.031945 -71.952349 -76.025961 -76.142016 -76.166273 -73.202289 -72.515866 -73.219571 -75.676901 -75.930409 -74.436541 -73.467389 -70.994880 -75.009369 -77.350364 -77.103288 -76.071115 -76.065809 -79.278580 
-66.506047 -75.561109 -77.723134 -75.511012 -78.594725 -78.065864 -75.295602 -83.396061 -77.722499 -70.253669 -74.795615 -79.502624 -73.009582 -74.519534 -69.253902 -68.987891 -74.378974 -77.641194 -77.009159 -76.529657 -73.063471 -72.476036 -75.014774 -72.607629 -75.801079 -75.225083 -77.760075 -77.873878 -75.829736 -77.831095 -74.572790 -73.669498 -76.138462 -76.472632 -77.178487 -75.137952 -72.965496 -75.504543 -74.433367 -76.457559 
-64.597048 -79.519747 -80.842647 -80.500263 -75.253798 -71.756230 -77.722440 -77.826272 -75.917087 -84.211582 -78.809930 -71.543483 -75.922945 -76.130958 -69.614141 -71.728486 -73.690484 -75.635263 -76.299845 -76.192564 -71.343913 -73.436308 -69.251559 -73.663581 -76.068854 -74.606744 -74.786608 -73.800502 -74.896628 -77.932316 -78.992774 -76.046122 -74.954900 -78.045951 -77.762618 -77.145398 -75.607404 -74.057990 -77.162851 -79.498586 
-67.172595 -82.851955 -78.357733 -78.839245 -74.802243 -73.419949 -80.081164 -76.513528 -75.854040 -80.489718 -72.632580 -73.801030 -77.533199 -75.671870 -72.918623 -75.714739 -71.591163 -73.114936 -76.538400 -77.557236 -76.991941 -76.955730 -75.066627 -79.734231 -80.658100 -77.118669 -78.987043 -75.918816 -74.130882 -75.923590 -77.393465 -76.360159 -77.764865 -76.637888 -75.866144 -74.824037 -75.020939 -76.467112 -77.052168 -77.027207 
-66.150405 -75.824518 -76.029368 -71.579286 -75.355921 -75.285224 -83.746109 -74.618891 -71.709038 -79.974473 -77.143777 -72.501048 -74.386316 -77.753087 -75.260742 -74.504217 -82.313471 -76.330596 -76.468763 -76.554027 -80.026965 -81.280655 -75.977652 -78.352491 -75.626607 -73.485401 -80.781614 -82.101231 -75.933386 -77.146750 -74.348339 -76.505466 -78.093643 -78.659171 -76.311081 -77.731155 -77.564295 -76.237865 -76.853490 -78.621746 
-60.866764 -72.236339 -81.515286 -76.457382 -71.370009 -69.999261 -77.303262 -75.448905 -76.037379 -74.555251 -78.271117 -76.420644 -75.611462 -78.456154 -76.596278 -77.223401 -76.938217 -77.682014 -80.416990 -79.572296 -74.981719 -77.096580 -81.652191 -76.630021 -78.541710 -75.948596 -77.539158 -78.388514 -77.296785 -79.310342 -78.538558 -73.878452 -75.974995 -75.144956 -79.407657 -76.292943 -79.414596 -78.421468 -76.272079 -77.402836 
-66.483468 -71.267499 -75.777375 -76.424545 -75.103708 -79.972645 -86.360325 -79.857402 -78.360079 -77.563133 -78.315291 -78.135986 -82.278604 -82.494887 -78.231876 -79.002292 -81.081801 -87.178526 -83.193367 -87.291885 -79.628598 -79.122942 -82.767515 -86.136552 -85.043179 -82.393881 -79.077247 -82.773408 -88.119432 -89.014263 -86.336770 -79.095142 -80.116011 -79.730185 -82.031955 -79.858632 -81.383580 -79.275082 -80.665414 -82.453730 
NaN NaN NaN NaN NaN NaN NaN NaN NaN NaN NaN NaN NaN NaN NaN NaN NaN NaN NaN NaN NaN NaN NaN NaN NaN NaN NaN NaN NaN NaN NaN NaN NaN NaN NaN NaN NaN NaN NaN NaN 
NaN NaN NaN NaN NaN NaN NaN NaN NaN NaN NaN NaN NaN NaN NaN NaN NaN NaN NaN NaN NaN NaN NaN NaN NaN NaN NaN NaN NaN NaN NaN NaN NaN NaN NaN NaN NaN NaN NaN NaN 
NaN NaN NaN NaN NaN NaN NaN NaN NaN NaN NaN NaN NaN NaN NaN NaN NaN NaN NaN NaN NaN NaN NaN NaN NaN NaN NaN NaN NaN NaN NaN NaN NaN NaN NaN NaN NaN NaN NaN NaN 
NaN NaN NaN NaN NaN NaN NaN NaN NaN NaN NaN NaN NaN NaN NaN NaN NaN NaN NaN NaN NaN NaN NaN NaN NaN NaN NaN NaN NaN NaN NaN NaN NaN NaN NaN NaN NaN NaN NaN NaN 
NaN NaN NaN NaN NaN NaN NaN NaN NaN NaN NaN NaN NaN NaN NaN NaN NaN NaN NaN NaN NaN NaN NaN NaN NaN NaN NaN NaN NaN NaN NaN NaN NaN NaN NaN NaN NaN NaN NaN NaN 
NaN NaN NaN NaN NaN NaN NaN NaN NaN NaN NaN NaN NaN NaN NaN NaN NaN NaN NaN NaN NaN NaN NaN NaN NaN NaN NaN NaN NaN NaN NaN NaN NaN NaN NaN NaN NaN NaN NaN NaN 
NaN NaN NaN NaN NaN NaN NaN NaN NaN NaN NaN NaN NaN NaN NaN NaN NaN NaN NaN NaN NaN NaN NaN NaN NaN NaN NaN NaN NaN NaN NaN NaN NaN NaN NaN NaN NaN NaN NaN NaN 
NaN NaN NaN NaN NaN NaN NaN NaN NaN NaN NaN NaN NaN NaN NaN NaN NaN NaN NaN NaN NaN NaN NaN NaN NaN NaN NaN NaN NaN NaN NaN NaN NaN NaN NaN NaN NaN NaN NaN NaN 
NaN NaN NaN NaN NaN NaN NaN NaN NaN NaN NaN NaN NaN NaN NaN NaN NaN NaN NaN NaN NaN NaN NaN NaN NaN NaN NaN NaN NaN NaN NaN NaN NaN NaN NaN NaN NaN NaN NaN NaN 
NaN NaN NaN NaN NaN NaN NaN NaN NaN NaN NaN NaN NaN NaN NaN NaN NaN NaN NaN NaN NaN NaN NaN NaN NaN NaN NaN NaN NaN NaN NaN NaN NaN NaN NaN NaN NaN NaN NaN NaN 
NaN NaN NaN NaN NaN NaN NaN NaN NaN NaN NaN NaN NaN NaN NaN NaN NaN NaN NaN NaN NaN NaN NaN NaN NaN NaN NaN NaN NaN NaN NaN NaN NaN NaN NaN NaN NaN NaN NaN NaN 
NaN NaN NaN NaN NaN NaN NaN NaN NaN NaN NaN NaN NaN NaN NaN NaN NaN NaN NaN NaN NaN NaN NaN NaN NaN NaN NaN NaN NaN NaN NaN NaN NaN NaN NaN NaN NaN NaN NaN NaN 
NaN NaN NaN NaN NaN NaN NaN NaN NaN NaN NaN NaN NaN NaN NaN NaN NaN NaN NaN NaN NaN NaN NaN NaN NaN NaN NaN NaN NaN NaN NaN NaN NaN NaN NaN NaN NaN NaN NaN NaN 
NaN NaN NaN NaN NaN NaN NaN NaN NaN NaN NaN NaN NaN NaN NaN NaN NaN NaN NaN NaN NaN NaN NaN NaN NaN NaN NaN NaN NaN NaN NaN NaN NaN NaN NaN NaN NaN NaN NaN NaN 
NaN NaN NaN NaN NaN NaN NaN NaN NaN NaN NaN NaN NaN NaN NaN NaN NaN NaN NaN NaN NaN NaN NaN NaN NaN NaN NaN NaN NaN NaN NaN NaN NaN NaN NaN NaN NaN NaN NaN NaN 
NaN NaN NaN NaN NaN NaN NaN NaN NaN NaN NaN NaN NaN NaN NaN NaN NaN NaN NaN NaN NaN NaN NaN NaN NaN NaN NaN NaN NaN NaN NaN NaN NaN NaN NaN NaN NaN NaN NaN NaN 
NaN NaN NaN NaN NaN NaN NaN NaN NaN NaN NaN NaN NaN NaN NaN NaN NaN NaN NaN NaN NaN NaN NaN NaN NaN NaN NaN NaN NaN NaN NaN NaN NaN NaN NaN NaN NaN NaN NaN NaN 
NaN NaN NaN NaN NaN NaN NaN NaN NaN NaN NaN NaN NaN NaN NaN NaN NaN NaN NaN NaN NaN NaN NaN NaN NaN NaN NaN NaN NaN NaN NaN NaN NaN NaN NaN NaN NaN NaN NaN NaN 
NaN NaN NaN NaN NaN NaN NaN NaN NaN NaN NaN NaN NaN NaN NaN NaN NaN NaN NaN NaN NaN NaN NaN NaN NaN NaN NaN NaN NaN NaN NaN NaN NaN NaN NaN NaN NaN NaN NaN NaN 
NaN NaN NaN NaN NaN NaN NaN NaN NaN NaN NaN NaN NaN NaN NaN NaN NaN NaN NaN NaN NaN NaN NaN NaN NaN NaN NaN NaN NaN NaN NaN NaN NaN NaN NaN NaN NaN NaN NaN NaN 
NaN NaN NaN NaN NaN NaN NaN NaN NaN NaN NaN NaN NaN NaN NaN NaN NaN NaN NaN NaN NaN NaN NaN NaN NaN NaN NaN NaN NaN NaN NaN NaN NaN NaN NaN NaN NaN NaN NaN NaN 
NaN NaN NaN NaN NaN NaN NaN NaN NaN NaN NaN NaN NaN NaN NaN NaN NaN NaN NaN NaN NaN NaN NaN NaN NaN NaN NaN NaN NaN NaN NaN NaN NaN NaN NaN NaN NaN NaN NaN NaN 
NaN NaN NaN NaN NaN NaN NaN NaN NaN NaN NaN NaN NaN NaN NaN NaN NaN NaN NaN NaN NaN NaN NaN NaN NaN NaN NaN NaN NaN NaN NaN NaN NaN NaN NaN NaN NaN NaN NaN NaN 
NaN NaN NaN NaN NaN NaN NaN NaN NaN NaN NaN NaN NaN NaN NaN NaN NaN NaN NaN NaN NaN NaN NaN NaN NaN NaN NaN NaN NaN NaN NaN NaN NaN NaN NaN NaN NaN NaN NaN NaN 
NaN NaN NaN NaN NaN NaN NaN NaN NaN NaN NaN NaN NaN NaN NaN NaN NaN NaN NaN NaN NaN NaN NaN NaN NaN NaN NaN NaN NaN NaN NaN NaN NaN NaN NaN NaN NaN NaN NaN NaN 
NaN NaN NaN NaN NaN NaN NaN NaN NaN NaN NaN NaN NaN NaN NaN NaN NaN NaN NaN NaN NaN NaN NaN NaN NaN NaN NaN NaN NaN NaN NaN NaN NaN NaN NaN NaN NaN NaN NaN NaN 
NaN NaN NaN NaN NaN NaN NaN NaN NaN NaN NaN NaN NaN NaN NaN NaN NaN NaN NaN NaN NaN NaN NaN NaN NaN NaN NaN NaN NaN NaN NaN NaN NaN NaN NaN NaN NaN NaN NaN NaN 
NaN NaN NaN NaN NaN NaN NaN NaN NaN NaN NaN NaN NaN NaN NaN NaN NaN NaN NaN NaN NaN NaN NaN NaN NaN NaN NaN NaN NaN NaN NaN NaN NaN NaN NaN NaN NaN NaN NaN NaN 
NaN NaN NaN NaN NaN NaN NaN NaN NaN NaN NaN NaN NaN NaN NaN NaN NaN NaN NaN NaN NaN NaN NaN NaN NaN NaN NaN NaN NaN NaN NaN NaN NaN NaN NaN NaN NaN NaN NaN NaN 
NaN NaN NaN NaN NaN NaN NaN NaN NaN NaN NaN NaN NaN NaN NaN NaN NaN NaN NaN NaN NaN NaN NaN NaN NaN NaN NaN NaN NaN NaN NaN NaN NaN NaN NaN NaN NaN NaN NaN NaN 
NaN NaN NaN NaN NaN NaN NaN NaN NaN NaN NaN NaN NaN NaN NaN NaN NaN NaN NaN NaN NaN NaN NaN NaN NaN NaN NaN NaN NaN NaN NaN NaN NaN NaN NaN NaN NaN NaN NaN NaN 
NaN NaN NaN NaN NaN NaN NaN NaN NaN NaN NaN NaN NaN NaN NaN NaN NaN NaN NaN NaN NaN NaN NaN NaN NaN NaN NaN NaN NaN NaN NaN NaN NaN NaN NaN NaN NaN NaN NaN NaN 
NaN NaN NaN NaN NaN NaN NaN NaN NaN NaN NaN NaN NaN NaN NaN NaN NaN NaN NaN NaN NaN NaN NaN NaN NaN NaN NaN NaN NaN NaN NaN NaN NaN NaN NaN NaN NaN NaN NaN NaN 
NaN NaN NaN NaN NaN NaN NaN NaN NaN NaN NaN NaN NaN NaN NaN NaN NaN NaN NaN NaN NaN NaN NaN NaN NaN NaN NaN NaN NaN NaN NaN NaN NaN NaN NaN NaN NaN NaN NaN NaN 
NaN NaN NaN NaN NaN NaN NaN NaN NaN NaN NaN NaN NaN NaN NaN NaN NaN NaN NaN NaN NaN NaN NaN NaN NaN NaN NaN NaN NaN NaN NaN NaN NaN NaN NaN NaN NaN NaN NaN NaN 
NaN NaN NaN NaN NaN NaN NaN NaN NaN NaN NaN NaN NaN NaN NaN NaN NaN NaN NaN NaN NaN NaN NaN NaN NaN NaN NaN NaN NaN NaN NaN NaN NaN NaN NaN NaN NaN NaN NaN NaN 
NaN NaN NaN NaN NaN NaN NaN NaN NaN NaN NaN NaN NaN NaN NaN NaN NaN NaN NaN NaN NaN NaN NaN NaN NaN NaN NaN NaN NaN NaN NaN NaN NaN NaN NaN NaN NaN NaN NaN NaN 
NaN NaN NaN NaN NaN NaN NaN NaN NaN NaN NaN NaN NaN NaN NaN NaN NaN NaN NaN NaN NaN NaN NaN NaN NaN NaN NaN NaN NaN NaN NaN NaN NaN NaN NaN NaN NaN NaN NaN NaN 
NaN NaN NaN NaN NaN NaN NaN NaN NaN NaN NaN NaN NaN NaN NaN NaN NaN NaN NaN NaN NaN NaN NaN NaN NaN NaN NaN NaN NaN NaN NaN NaN NaN NaN NaN NaN NaN NaN NaN NaN 
NaN NaN NaN NaN NaN NaN NaN NaN NaN NaN NaN NaN NaN NaN NaN NaN NaN NaN NaN NaN NaN NaN NaN NaN NaN NaN NaN NaN NaN NaN NaN NaN NaN NaN NaN NaN NaN NaN NaN NaN 
NaN NaN NaN NaN NaN NaN NaN NaN NaN NaN NaN NaN NaN NaN NaN NaN NaN NaN NaN NaN NaN NaN NaN NaN NaN NaN NaN NaN NaN NaN NaN NaN NaN NaN NaN NaN NaN NaN NaN NaN 
NaN NaN NaN NaN NaN NaN NaN NaN NaN NaN NaN NaN NaN NaN NaN NaN NaN NaN NaN NaN NaN NaN NaN NaN NaN NaN NaN NaN NaN NaN NaN NaN NaN NaN NaN NaN NaN NaN NaN NaN 
NaN NaN NaN NaN NaN NaN NaN NaN NaN NaN NaN NaN NaN NaN NaN NaN NaN NaN NaN NaN NaN NaN NaN NaN NaN NaN NaN NaN NaN NaN NaN NaN NaN NaN NaN NaN NaN NaN NaN NaN 
NaN NaN NaN NaN NaN NaN NaN NaN NaN NaN NaN NaN NaN NaN NaN NaN NaN NaN NaN NaN NaN NaN NaN NaN NaN NaN NaN NaN NaN NaN NaN NaN NaN NaN NaN NaN NaN NaN NaN NaN 
NaN NaN NaN NaN NaN NaN NaN NaN NaN NaN NaN NaN NaN NaN NaN NaN NaN NaN NaN NaN NaN NaN NaN NaN NaN NaN NaN NaN NaN NaN NaN NaN NaN NaN NaN NaN NaN NaN NaN NaN 
NaN NaN NaN NaN NaN NaN NaN NaN NaN NaN NaN NaN NaN NaN NaN NaN NaN NaN NaN NaN NaN NaN NaN NaN NaN NaN NaN NaN NaN NaN NaN NaN NaN NaN NaN NaN NaN NaN NaN NaN 
NaN NaN NaN NaN NaN NaN NaN NaN NaN NaN NaN NaN NaN NaN NaN NaN NaN NaN NaN NaN NaN NaN NaN NaN NaN NaN NaN NaN NaN NaN NaN NaN NaN NaN NaN NaN NaN NaN NaN NaN 
NaN NaN NaN NaN NaN NaN NaN NaN NaN NaN NaN NaN NaN NaN NaN NaN NaN NaN NaN NaN NaN NaN NaN NaN NaN NaN NaN NaN NaN NaN NaN NaN NaN NaN NaN NaN NaN NaN NaN NaN 
NaN NaN NaN NaN NaN NaN NaN NaN NaN NaN NaN NaN NaN NaN NaN NaN NaN NaN NaN NaN NaN NaN NaN NaN NaN NaN NaN NaN NaN NaN NaN NaN NaN NaN NaN NaN NaN NaN NaN NaN 
NaN NaN NaN NaN NaN NaN NaN NaN NaN NaN NaN NaN NaN NaN NaN NaN NaN NaN NaN NaN NaN NaN NaN NaN NaN NaN NaN NaN NaN NaN NaN NaN NaN NaN NaN NaN NaN NaN NaN NaN 
NaN NaN NaN NaN NaN NaN NaN NaN NaN NaN NaN NaN NaN NaN NaN NaN NaN NaN NaN NaN NaN NaN NaN NaN NaN NaN NaN NaN NaN NaN NaN NaN NaN NaN NaN NaN NaN NaN NaN NaN 
NaN NaN NaN NaN NaN NaN NaN NaN NaN NaN NaN NaN NaN NaN NaN NaN NaN NaN NaN NaN NaN NaN NaN NaN NaN NaN NaN NaN NaN NaN NaN NaN NaN NaN NaN NaN NaN NaN NaN NaN 
NaN NaN NaN NaN NaN NaN NaN NaN NaN NaN NaN NaN NaN NaN NaN NaN NaN NaN NaN NaN NaN NaN NaN NaN NaN NaN NaN NaN NaN NaN NaN NaN NaN NaN NaN NaN NaN NaN NaN NaN 
NaN NaN NaN NaN NaN NaN NaN NaN NaN NaN NaN NaN NaN NaN NaN NaN NaN NaN NaN NaN NaN NaN NaN NaN NaN NaN NaN NaN NaN NaN NaN NaN NaN NaN NaN NaN NaN NaN NaN NaN 
NaN NaN NaN NaN NaN NaN NaN NaN NaN NaN NaN NaN NaN NaN NaN NaN NaN NaN NaN NaN NaN NaN NaN NaN NaN NaN NaN NaN NaN NaN NaN NaN NaN NaN NaN NaN NaN NaN NaN NaN 
NaN NaN NaN NaN NaN NaN NaN NaN NaN NaN NaN NaN NaN NaN NaN NaN NaN NaN NaN NaN NaN NaN NaN NaN NaN NaN NaN NaN NaN NaN NaN NaN NaN NaN NaN NaN NaN NaN NaN NaN 
NaN NaN NaN NaN NaN NaN NaN NaN NaN NaN NaN NaN NaN NaN NaN NaN NaN NaN NaN NaN NaN NaN NaN NaN NaN NaN NaN NaN NaN NaN NaN NaN NaN NaN NaN NaN NaN NaN NaN NaN 
NaN NaN NaN NaN NaN NaN NaN NaN NaN NaN NaN NaN NaN NaN NaN NaN NaN NaN NaN NaN NaN NaN NaN NaN NaN NaN NaN NaN NaN NaN NaN NaN NaN NaN NaN NaN NaN NaN NaN NaN 
NaN NaN NaN NaN NaN NaN NaN NaN NaN NaN NaN NaN NaN NaN NaN NaN NaN NaN NaN NaN NaN NaN NaN NaN NaN NaN NaN NaN NaN NaN NaN NaN NaN NaN NaN NaN NaN NaN NaN NaN 
NaN NaN NaN NaN NaN NaN NaN NaN NaN NaN NaN NaN NaN NaN NaN NaN NaN NaN NaN NaN NaN NaN NaN NaN NaN NaN NaN NaN NaN NaN NaN NaN NaN NaN NaN NaN NaN NaN NaN NaN 
NaN NaN NaN NaN NaN NaN NaN NaN NaN NaN NaN NaN NaN NaN NaN NaN NaN NaN NaN NaN NaN NaN NaN NaN NaN NaN NaN NaN NaN NaN NaN NaN NaN NaN NaN NaN NaN NaN NaN NaN 
NaN NaN NaN NaN NaN NaN NaN NaN NaN NaN NaN NaN NaN NaN NaN NaN NaN NaN NaN NaN NaN NaN NaN NaN NaN NaN NaN NaN NaN NaN NaN NaN NaN NaN NaN NaN NaN NaN NaN NaN 
NaN NaN NaN NaN NaN NaN NaN NaN NaN NaN NaN NaN NaN NaN NaN NaN NaN NaN NaN NaN NaN NaN NaN NaN NaN NaN NaN NaN NaN NaN NaN NaN NaN NaN NaN NaN NaN NaN NaN NaN 
NaN NaN NaN NaN NaN NaN NaN NaN NaN NaN NaN NaN NaN NaN NaN NaN NaN NaN NaN NaN NaN NaN NaN NaN NaN NaN NaN NaN NaN NaN NaN NaN NaN NaN NaN NaN NaN NaN NaN NaN 
NaN NaN NaN NaN NaN NaN NaN NaN NaN NaN NaN NaN NaN NaN NaN NaN NaN NaN NaN NaN NaN NaN NaN NaN NaN NaN NaN NaN NaN NaN NaN NaN NaN NaN NaN NaN NaN NaN NaN NaN 
NaN NaN NaN NaN NaN NaN NaN NaN NaN NaN NaN NaN NaN NaN NaN NaN NaN NaN NaN NaN NaN NaN NaN NaN NaN NaN NaN NaN NaN NaN NaN NaN NaN NaN NaN NaN NaN NaN NaN NaN 
NaN NaN NaN NaN NaN NaN NaN NaN NaN NaN NaN NaN NaN NaN NaN NaN NaN NaN NaN NaN NaN NaN NaN NaN NaN NaN NaN NaN NaN NaN NaN NaN NaN NaN NaN NaN NaN NaN NaN NaN 
NaN NaN NaN NaN NaN NaN NaN NaN NaN NaN NaN NaN NaN NaN NaN NaN NaN NaN NaN NaN NaN NaN NaN NaN NaN NaN NaN NaN NaN NaN NaN NaN NaN NaN NaN NaN NaN NaN NaN NaN 
NaN NaN NaN NaN NaN NaN NaN NaN NaN NaN NaN NaN NaN NaN NaN NaN NaN NaN NaN NaN NaN NaN NaN NaN NaN NaN NaN NaN NaN NaN NaN NaN NaN NaN NaN NaN NaN NaN NaN NaN 
NaN NaN NaN NaN NaN NaN NaN NaN NaN NaN NaN NaN NaN NaN NaN NaN NaN NaN NaN NaN NaN NaN NaN NaN NaN NaN NaN NaN NaN NaN NaN NaN NaN NaN NaN NaN NaN NaN NaN NaN 
NaN NaN NaN NaN NaN NaN NaN NaN NaN NaN NaN NaN NaN NaN NaN NaN NaN NaN NaN NaN NaN NaN NaN NaN NaN NaN NaN NaN NaN NaN NaN NaN NaN NaN NaN NaN NaN NaN NaN NaN 
NaN NaN NaN NaN NaN NaN NaN NaN NaN NaN NaN NaN NaN NaN NaN NaN NaN NaN NaN NaN NaN NaN NaN NaN NaN NaN NaN NaN NaN NaN NaN NaN NaN NaN NaN NaN NaN NaN NaN NaN 
NaN NaN NaN NaN NaN NaN NaN NaN NaN NaN NaN NaN NaN NaN NaN NaN NaN NaN NaN NaN NaN NaN NaN NaN NaN NaN NaN NaN NaN NaN NaN NaN NaN NaN NaN NaN NaN NaN NaN NaN 
NaN NaN NaN NaN NaN NaN NaN NaN NaN NaN NaN NaN NaN NaN NaN NaN NaN NaN NaN NaN NaN NaN NaN NaN NaN NaN NaN NaN NaN NaN NaN NaN NaN NaN NaN NaN NaN NaN NaN NaN 
NaN NaN NaN NaN NaN NaN NaN NaN NaN NaN NaN NaN NaN NaN NaN NaN NaN NaN NaN NaN NaN NaN NaN NaN NaN NaN NaN NaN NaN NaN NaN NaN NaN NaN NaN NaN NaN NaN NaN NaN 
