NaN NaN NaN NaN NaN NaN NaN NaN NaN NaN NaN NaN NaN NaN NaN NaN NaN NaN NaN NaN NaN NaN NaN NaN NaN NaN NaN NaN NaN NaN NaN NaN NaN NaN NaN NaN NaN NaN NaN NaN 
NaN NaN NaN NaN NaN NaN NaN NaN NaN NaN NaN NaN NaN NaN NaN NaN NaN NaN NaN NaN NaN NaN NaN NaN NaN NaN NaN NaN NaN NaN NaN NaN NaN NaN NaN NaN NaN NaN NaN NaN 
NaN NaN NaN NaN NaN NaN NaN NaN NaN NaN NaN NaN NaN NaN NaN NaN NaN NaN NaN NaN NaN NaN NaN NaN NaN NaN NaN NaN NaN NaN NaN NaN NaN NaN NaN NaN NaN NaN NaN NaN 
NaN NaN NaN NaN NaN NaN NaN NaN NaN NaN NaN NaN NaN NaN NaN NaN NaN NaN NaN NaN NaN NaN NaN NaN NaN NaN NaN NaN NaN NaN NaN NaN NaN NaN NaN NaN NaN NaN NaN NaN 
NaN NaN NaN NaN NaN NaN NaN NaN NaN NaN NaN NaN NaN NaN NaN NaN NaN NaN NaN NaN NaN NaN NaN NaN NaN NaN NaN NaN NaN NaN NaN NaN NaN NaN NaN NaN NaN NaN NaN NaN 
NaN NaN NaN NaN NaN NaN NaN NaN NaN NaN NaN NaN NaN NaN NaN NaN NaN NaN NaN NaN NaN NaN NaN NaN NaN NaN NaN NaN NaN NaN NaN NaN NaN NaN NaN NaN NaN NaN NaN NaN 
NaN NaN NaN NaN NaN NaN NaN NaN NaN NaN NaN NaN NaN NaN NaN NaN NaN NaN NaN NaN NaN NaN NaN NaN NaN NaN NaN NaN NaN NaN NaN NaN NaN NaN NaN NaN NaN NaN NaN NaN 
NaN NaN NaN NaN NaN NaN NaN NaN NaN NaN NaN NaN NaN NaN NaN NaN NaN NaN NaN NaN NaN NaN NaN NaN NaN NaN NaN NaN NaN NaN NaN NaN NaN NaN NaN NaN NaN NaN NaN NaN 
NaN NaN NaN NaN NaN NaN NaN NaN NaN NaN NaN NaN NaN NaN NaN NaN NaN NaN NaN NaN NaN NaN NaN NaN NaN NaN NaN NaN NaN NaN NaN NaN NaN NaN NaN NaN NaN NaN NaN NaN 
NaN NaN NaN NaN NaN NaN NaN NaN NaN NaN NaN NaN NaN NaN NaN NaN NaN NaN NaN NaN NaN NaN NaN NaN NaN NaN NaN NaN NaN NaN NaN NaN NaN NaN NaN NaN NaN NaN NaN NaN 
NaN NaN NaN NaN NaN NaN NaN NaN NaN NaN NaN NaN NaN NaN NaN NaN NaN NaN NaN NaN NaN NaN NaN NaN NaN NaN NaN NaN NaN NaN NaN NaN NaN NaN NaN NaN NaN NaN NaN NaN 
NaN NaN NaN NaN NaN NaN NaN NaN NaN NaN NaN NaN NaN NaN NaN NaN NaN NaN NaN NaN NaN NaN NaN NaN NaN NaN NaN NaN NaN NaN NaN NaN NaN NaN NaN NaN NaN NaN NaN NaN 
NaN NaN NaN NaN NaN NaN NaN NaN NaN NaN NaN NaN NaN NaN NaN NaN NaN NaN NaN NaN NaN NaN NaN NaN NaN NaN NaN NaN NaN NaN NaN NaN NaN NaN NaN NaN NaN NaN NaN NaN 
NaN NaN NaN NaN NaN NaN NaN NaN NaN NaN NaN NaN NaN NaN NaN NaN NaN NaN NaN NaN NaN NaN NaN NaN NaN NaN NaN NaN NaN NaN NaN NaN NaN NaN NaN NaN NaN NaN NaN NaN 
NaN NaN NaN NaN NaN NaN NaN NaN NaN NaN NaN NaN NaN NaN NaN NaN NaN NaN NaN NaN NaN NaN NaN NaN NaN NaN NaN NaN NaN NaN NaN NaN NaN NaN NaN NaN NaN NaN NaN NaN 
NaN NaN NaN NaN NaN NaN NaN NaN NaN NaN NaN NaN NaN NaN NaN NaN NaN NaN NaN NaN NaN NaN NaN NaN NaN NaN NaN NaN NaN NaN NaN NaN NaN NaN NaN NaN NaN NaN NaN NaN 
NaN NaN NaN NaN NaN NaN NaN NaN NaN NaN NaN NaN NaN NaN NaN NaN NaN NaN NaN NaN NaN NaN NaN NaN NaN NaN NaN NaN NaN NaN NaN NaN NaN NaN NaN NaN NaN NaN NaN NaN 
NaN NaN NaN NaN NaN NaN NaN NaN NaN NaN NaN NaN NaN NaN NaN NaN NaN NaN NaN NaN NaN NaN NaN NaN NaN NaN NaN NaN NaN NaN NaN NaN NaN NaN NaN NaN NaN NaN NaN NaN 
NaN NaN NaN NaN NaN NaN NaN NaN NaN NaN NaN NaN NaN NaN NaN NaN NaN NaN NaN NaN NaN NaN NaN NaN NaN NaN NaN NaN NaN NaN NaN NaN NaN NaN NaN NaN NaN NaN NaN NaN 
NaN NaN NaN NaN NaN NaN NaN NaN NaN NaN NaN NaN NaN NaN NaN NaN NaN NaN NaN NaN NaN NaN NaN NaN NaN NaN NaN NaN NaN NaN NaN NaN NaN NaN NaN NaN NaN NaN NaN NaN 
NaN NaN NaN NaN NaN NaN NaN NaN NaN NaN NaN NaN NaN NaN NaN NaN NaN NaN NaN NaN NaN NaN NaN NaN NaN NaN NaN NaN NaN NaN NaN NaN NaN NaN NaN NaN NaN NaN NaN NaN 
NaN NaN NaN NaN NaN NaN NaN NaN NaN NaN NaN NaN NaN NaN NaN NaN NaN NaN NaN NaN NaN NaN NaN NaN NaN NaN NaN NaN NaN NaN NaN NaN NaN NaN NaN NaN NaN NaN NaN NaN 
NaN NaN NaN NaN NaN NaN NaN NaN NaN NaN NaN NaN NaN NaN NaN NaN NaN NaN NaN NaN NaN NaN NaN NaN NaN NaN NaN NaN NaN NaN NaN NaN NaN NaN NaN NaN NaN NaN NaN NaN 
NaN NaN NaN NaN NaN NaN NaN NaN NaN NaN NaN NaN NaN NaN NaN NaN NaN NaN NaN NaN NaN NaN NaN NaN NaN NaN NaN NaN NaN NaN NaN NaN NaN NaN NaN NaN NaN NaN NaN NaN 
NaN NaN NaN NaN NaN NaN NaN NaN NaN NaN NaN NaN NaN NaN NaN NaN NaN NaN NaN NaN NaN NaN NaN NaN NaN NaN NaN NaN NaN NaN NaN NaN NaN NaN NaN NaN NaN NaN NaN NaN 
NaN NaN NaN NaN NaN NaN NaN NaN NaN NaN NaN NaN NaN NaN NaN NaN NaN NaN NaN NaN NaN NaN NaN NaN NaN NaN NaN NaN NaN NaN NaN NaN NaN NaN NaN NaN NaN NaN NaN NaN 
NaN NaN NaN NaN NaN NaN NaN NaN NaN NaN NaN NaN NaN NaN NaN NaN NaN NaN NaN NaN NaN NaN NaN NaN NaN NaN NaN NaN NaN NaN NaN NaN NaN NaN NaN NaN NaN NaN NaN NaN 
NaN NaN NaN NaN NaN NaN NaN NaN NaN NaN NaN NaN NaN NaN NaN NaN NaN NaN NaN NaN NaN NaN NaN NaN NaN NaN NaN NaN NaN NaN NaN NaN NaN NaN NaN NaN NaN NaN NaN NaN 
NaN NaN NaN NaN NaN NaN NaN NaN NaN NaN NaN NaN NaN NaN NaN NaN NaN NaN NaN NaN NaN NaN NaN NaN NaN NaN NaN NaN NaN NaN NaN NaN NaN NaN NaN NaN NaN NaN NaN NaN 
NaN NaN NaN NaN NaN NaN NaN NaN NaN NaN NaN NaN NaN NaN NaN NaN NaN NaN NaN NaN NaN NaN NaN NaN NaN NaN NaN NaN NaN NaN NaN NaN NaN NaN NaN NaN NaN NaN NaN NaN 
NaN NaN NaN NaN NaN NaN NaN NaN NaN NaN NaN NaN NaN NaN NaN NaN NaN NaN NaN NaN NaN NaN NaN NaN NaN NaN NaN NaN NaN NaN NaN NaN NaN NaN NaN NaN NaN NaN NaN NaN 
NaN NaN NaN NaN NaN NaN NaN NaN NaN NaN NaN NaN NaN NaN NaN NaN NaN NaN NaN NaN NaN NaN NaN NaN NaN NaN NaN NaN NaN NaN NaN NaN NaN NaN NaN NaN NaN NaN NaN NaN 
NaN NaN NaN NaN NaN NaN NaN NaN NaN NaN NaN NaN NaN NaN NaN NaN NaN NaN NaN NaN NaN NaN NaN NaN NaN NaN NaN NaN NaN NaN NaN NaN NaN NaN NaN NaN NaN NaN NaN NaN 
NaN NaN NaN NaN NaN NaN NaN NaN NaN NaN NaN NaN NaN NaN NaN NaN NaN NaN NaN NaN NaN NaN NaN NaN NaN NaN NaN NaN NaN NaN NaN NaN NaN NaN NaN NaN NaN NaN NaN NaN 
NaN NaN NaN NaN NaN NaN NaN NaN NaN NaN NaN NaN NaN NaN NaN NaN NaN NaN NaN NaN NaN NaN NaN NaN NaN NaN NaN NaN NaN NaN NaN NaN NaN NaN NaN NaN NaN NaN NaN NaN 
NaN NaN NaN NaN NaN NaN NaN NaN NaN NaN NaN NaN NaN NaN NaN NaN NaN NaN NaN NaN NaN NaN NaN NaN NaN NaN NaN NaN NaN NaN NaN NaN NaN NaN NaN NaN NaN NaN NaN NaN 
NaN NaN NaN NaN NaN NaN NaN NaN NaN NaN NaN NaN NaN NaN NaN NaN NaN NaN NaN NaN NaN NaN NaN NaN NaN NaN NaN NaN NaN NaN NaN NaN NaN NaN NaN NaN NaN NaN NaN NaN 
NaN NaN NaN NaN NaN NaN NaN NaN NaN NaN NaN NaN NaN NaN NaN NaN NaN NaN NaN NaN NaN NaN NaN NaN NaN NaN NaN NaN NaN NaN NaN NaN NaN NaN NaN NaN NaN NaN NaN NaN 
NaN NaN NaN NaN NaN NaN NaN NaN NaN NaN NaN NaN NaN NaN NaN NaN NaN NaN NaN NaN NaN NaN NaN NaN NaN NaN NaN NaN NaN NaN NaN NaN NaN NaN NaN NaN NaN NaN NaN NaN 
NaN NaN NaN NaN NaN NaN NaN NaN NaN NaN NaN NaN NaN NaN NaN NaN NaN NaN NaN NaN NaN NaN NaN NaN NaN NaN NaN NaN NaN NaN NaN NaN NaN NaN NaN NaN NaN NaN NaN NaN 
NaN NaN NaN NaN NaN NaN NaN NaN NaN NaN NaN NaN NaN NaN NaN NaN NaN NaN NaN NaN NaN NaN NaN NaN NaN NaN NaN NaN NaN NaN NaN NaN NaN NaN NaN NaN NaN NaN NaN NaN 
NaN NaN NaN NaN NaN NaN NaN NaN NaN NaN NaN NaN NaN NaN NaN NaN NaN NaN NaN NaN NaN NaN NaN NaN NaN NaN NaN NaN NaN NaN NaN NaN NaN NaN NaN NaN NaN NaN NaN NaN 
NaN NaN NaN NaN NaN NaN NaN NaN NaN NaN NaN NaN NaN NaN NaN NaN NaN NaN NaN NaN NaN NaN NaN NaN NaN NaN NaN NaN NaN NaN NaN NaN NaN NaN NaN NaN NaN NaN NaN NaN 
NaN NaN NaN NaN NaN NaN NaN NaN NaN NaN NaN NaN NaN NaN NaN NaN NaN NaN NaN NaN NaN NaN NaN NaN NaN NaN NaN NaN NaN NaN NaN NaN NaN NaN NaN NaN NaN NaN NaN NaN 
NaN NaN NaN NaN NaN NaN NaN NaN NaN NaN NaN NaN NaN NaN NaN NaN NaN NaN NaN NaN NaN NaN NaN NaN NaN NaN NaN NaN NaN NaN NaN NaN NaN NaN NaN NaN NaN NaN NaN NaN 
NaN NaN NaN NaN NaN NaN NaN NaN NaN NaN NaN NaN NaN NaN NaN NaN NaN NaN NaN NaN NaN NaN NaN NaN NaN NaN NaN NaN NaN NaN NaN NaN NaN NaN NaN NaN NaN NaN NaN NaN 
NaN NaN NaN NaN NaN NaN NaN NaN NaN NaN NaN NaN NaN NaN NaN NaN NaN NaN NaN NaN NaN NaN NaN NaN NaN NaN NaN NaN NaN NaN NaN NaN NaN NaN NaN NaN NaN NaN NaN NaN 
NaN NaN NaN NaN NaN NaN NaN NaN NaN NaN NaN NaN NaN NaN NaN NaN NaN NaN NaN NaN NaN NaN NaN NaN NaN NaN NaN NaN NaN NaN NaN NaN NaN NaN NaN NaN NaN NaN NaN NaN 
NaN NaN NaN NaN NaN NaN NaN NaN NaN NaN NaN NaN NaN NaN NaN NaN NaN NaN NaN NaN NaN NaN NaN NaN NaN NaN NaN NaN NaN NaN NaN NaN NaN NaN NaN NaN NaN NaN NaN NaN 
NaN NaN NaN NaN NaN NaN NaN NaN NaN NaN NaN NaN NaN NaN NaN NaN NaN NaN NaN NaN NaN NaN NaN NaN NaN NaN NaN NaN NaN NaN NaN NaN NaN NaN NaN NaN NaN NaN NaN NaN 
NaN NaN NaN NaN NaN NaN NaN NaN NaN NaN NaN NaN NaN NaN NaN NaN NaN NaN NaN NaN NaN NaN NaN NaN NaN NaN NaN NaN NaN NaN NaN NaN NaN NaN NaN NaN NaN NaN NaN NaN 
NaN NaN NaN NaN NaN NaN NaN NaN NaN NaN NaN NaN NaN NaN NaN NaN NaN NaN NaN NaN NaN NaN NaN NaN NaN NaN NaN NaN NaN NaN NaN NaN NaN NaN NaN NaN NaN NaN NaN NaN 
NaN NaN NaN NaN NaN NaN NaN NaN NaN NaN NaN NaN NaN NaN NaN NaN NaN NaN NaN NaN NaN NaN NaN NaN NaN NaN NaN NaN NaN NaN NaN NaN NaN NaN NaN NaN NaN NaN NaN NaN 
NaN NaN NaN NaN NaN NaN NaN NaN NaN NaN NaN NaN NaN NaN NaN NaN NaN NaN NaN NaN NaN NaN NaN NaN NaN NaN NaN NaN NaN NaN NaN NaN NaN NaN NaN NaN NaN NaN NaN NaN 
NaN NaN NaN NaN NaN NaN NaN NaN NaN NaN NaN NaN NaN NaN NaN NaN NaN NaN NaN NaN NaN NaN NaN NaN NaN NaN NaN NaN NaN NaN NaN NaN NaN NaN NaN NaN NaN NaN NaN NaN 
NaN NaN NaN NaN NaN NaN NaN NaN NaN NaN NaN NaN NaN NaN NaN NaN NaN NaN NaN NaN NaN NaN NaN NaN NaN NaN NaN NaN NaN NaN NaN NaN NaN NaN NaN NaN NaN NaN NaN NaN 
NaN NaN NaN NaN NaN NaN NaN NaN NaN NaN NaN NaN NaN NaN NaN NaN NaN NaN NaN NaN NaN NaN NaN NaN NaN NaN NaN NaN NaN NaN NaN NaN NaN NaN NaN NaN NaN NaN NaN NaN 
NaN NaN NaN NaN NaN NaN NaN NaN NaN NaN NaN NaN NaN NaN NaN NaN NaN NaN NaN NaN NaN NaN NaN NaN NaN NaN NaN NaN NaN NaN NaN NaN NaN NaN NaN NaN NaN NaN NaN NaN 
NaN NaN NaN NaN NaN NaN NaN NaN NaN NaN NaN NaN NaN NaN NaN NaN NaN NaN NaN NaN NaN NaN NaN NaN NaN NaN NaN NaN NaN NaN NaN NaN NaN NaN NaN NaN NaN NaN NaN NaN 
NaN NaN NaN NaN NaN NaN NaN NaN NaN NaN NaN NaN NaN NaN NaN NaN NaN NaN NaN NaN NaN NaN NaN NaN NaN NaN NaN NaN NaN NaN NaN NaN NaN NaN NaN NaN NaN NaN NaN NaN 
NaN NaN NaN NaN NaN NaN NaN NaN NaN NaN NaN NaN NaN NaN NaN NaN NaN NaN NaN NaN NaN NaN NaN NaN NaN NaN NaN NaN NaN NaN NaN NaN NaN NaN NaN NaN NaN NaN NaN NaN 
NaN NaN NaN NaN NaN NaN NaN NaN NaN NaN NaN NaN NaN NaN NaN NaN NaN NaN NaN NaN NaN NaN NaN NaN NaN NaN NaN NaN NaN NaN NaN NaN NaN NaN NaN NaN NaN NaN NaN NaN 
NaN NaN NaN NaN NaN NaN NaN NaN NaN NaN NaN NaN NaN NaN NaN NaN NaN NaN NaN NaN NaN NaN NaN NaN NaN NaN NaN NaN NaN NaN NaN NaN NaN NaN NaN NaN NaN NaN NaN NaN 
NaN NaN NaN NaN NaN NaN NaN NaN NaN NaN NaN NaN NaN NaN NaN NaN NaN NaN NaN NaN NaN NaN NaN NaN NaN NaN NaN NaN NaN NaN NaN NaN NaN NaN NaN NaN NaN NaN NaN NaN 
NaN NaN NaN NaN NaN NaN NaN NaN NaN NaN NaN NaN NaN NaN NaN NaN NaN NaN NaN NaN NaN NaN NaN NaN NaN NaN NaN NaN NaN NaN NaN NaN NaN NaN NaN NaN NaN NaN NaN NaN 
NaN NaN NaN NaN NaN NaN NaN NaN NaN NaN NaN NaN NaN NaN NaN NaN NaN NaN NaN NaN NaN NaN NaN NaN NaN NaN NaN NaN NaN NaN NaN NaN NaN NaN NaN NaN NaN NaN NaN NaN 
NaN NaN NaN NaN NaN NaN NaN NaN NaN NaN NaN NaN NaN NaN NaN NaN NaN NaN NaN NaN NaN NaN NaN NaN NaN NaN NaN NaN NaN NaN NaN NaN NaN NaN NaN NaN NaN NaN NaN NaN 
NaN NaN NaN NaN NaN NaN NaN NaN NaN NaN NaN NaN NaN NaN NaN NaN NaN NaN NaN NaN NaN NaN NaN NaN NaN NaN NaN NaN NaN NaN NaN NaN NaN NaN NaN NaN NaN NaN NaN NaN 
NaN NaN NaN NaN NaN NaN NaN NaN NaN NaN NaN NaN NaN NaN NaN NaN NaN NaN NaN NaN NaN NaN NaN NaN NaN NaN NaN NaN NaN NaN NaN NaN NaN NaN NaN NaN NaN NaN NaN NaN 
NaN NaN NaN NaN NaN NaN NaN NaN NaN NaN NaN NaN NaN NaN NaN NaN NaN NaN NaN NaN NaN NaN NaN NaN NaN NaN NaN NaN NaN NaN NaN NaN NaN NaN NaN NaN NaN NaN NaN NaN 
NaN NaN NaN NaN NaN NaN NaN NaN NaN NaN NaN NaN NaN NaN NaN NaN NaN NaN NaN NaN NaN NaN NaN NaN NaN NaN NaN NaN NaN NaN NaN NaN NaN NaN NaN NaN NaN NaN NaN NaN 
NaN NaN NaN NaN NaN NaN NaN NaN NaN NaN NaN NaN NaN NaN NaN NaN NaN NaN NaN NaN NaN NaN NaN NaN NaN NaN NaN NaN NaN NaN NaN NaN NaN NaN NaN NaN NaN NaN NaN NaN 
NaN NaN NaN NaN NaN NaN NaN NaN NaN NaN NaN NaN NaN NaN NaN NaN NaN NaN NaN NaN NaN NaN NaN NaN NaN NaN NaN NaN NaN NaN NaN NaN NaN NaN NaN NaN NaN NaN NaN NaN 
NaN NaN NaN NaN NaN NaN NaN NaN NaN NaN NaN NaN NaN NaN NaN NaN NaN NaN NaN NaN NaN NaN NaN NaN NaN NaN NaN NaN NaN NaN NaN NaN NaN NaN NaN NaN NaN NaN NaN NaN 
NaN NaN NaN NaN NaN NaN NaN NaN NaN NaN NaN NaN NaN NaN NaN NaN NaN NaN NaN NaN NaN NaN NaN NaN NaN NaN NaN NaN NaN NaN NaN NaN NaN NaN NaN NaN NaN NaN NaN NaN 
NaN NaN NaN NaN NaN NaN NaN NaN NaN NaN NaN NaN NaN NaN NaN NaN NaN NaN NaN NaN NaN NaN NaN NaN NaN NaN NaN NaN NaN NaN NaN NaN NaN NaN NaN NaN NaN NaN NaN NaN 
NaN NaN NaN NaN NaN NaN NaN NaN NaN NaN NaN NaN NaN NaN NaN NaN NaN NaN NaN NaN NaN NaN NaN NaN NaN NaN NaN NaN NaN NaN NaN NaN NaN NaN NaN NaN NaN NaN NaN NaN 
NaN NaN NaN NaN NaN NaN NaN NaN NaN NaN NaN NaN NaN NaN NaN NaN NaN NaN NaN NaN NaN NaN NaN NaN NaN NaN NaN NaN NaN NaN NaN NaN NaN NaN NaN NaN NaN NaN NaN NaN 
NaN NaN NaN NaN NaN NaN NaN NaN NaN NaN NaN NaN NaN NaN NaN NaN NaN NaN NaN NaN NaN NaN NaN NaN NaN NaN NaN NaN NaN NaN NaN NaN NaN NaN NaN NaN NaN NaN NaN NaN 
NaN NaN NaN NaN NaN NaN NaN NaN NaN NaN NaN NaN NaN NaN NaN NaN NaN NaN NaN NaN NaN NaN NaN NaN NaN NaN NaN NaN NaN NaN NaN NaN NaN NaN NaN NaN NaN NaN NaN NaN 
NaN NaN NaN NaN NaN NaN NaN NaN NaN NaN NaN NaN NaN NaN NaN NaN NaN NaN NaN NaN NaN NaN NaN NaN NaN NaN NaN NaN NaN NaN NaN NaN NaN NaN NaN NaN NaN NaN NaN NaN 
NaN NaN NaN NaN NaN NaN NaN NaN NaN NaN NaN NaN NaN NaN NaN NaN NaN NaN NaN NaN NaN NaN NaN NaN NaN NaN NaN NaN NaN NaN NaN NaN NaN NaN NaN NaN NaN NaN NaN NaN 
NaN NaN NaN NaN NaN NaN NaN NaN NaN NaN NaN NaN NaN NaN NaN NaN NaN NaN NaN NaN NaN NaN NaN NaN NaN NaN NaN NaN NaN NaN NaN NaN NaN NaN NaN NaN NaN NaN NaN NaN 
NaN NaN NaN NaN NaN NaN NaN NaN NaN NaN NaN NaN NaN NaN NaN NaN NaN NaN NaN NaN NaN NaN NaN NaN NaN NaN NaN NaN NaN NaN NaN NaN NaN NaN NaN NaN NaN NaN NaN NaN 
NaN NaN NaN NaN NaN NaN NaN NaN NaN NaN NaN NaN NaN NaN NaN NaN NaN NaN NaN NaN NaN NaN NaN NaN NaN NaN NaN NaN NaN NaN NaN NaN NaN NaN NaN NaN NaN NaN NaN NaN 
NaN NaN NaN NaN NaN NaN NaN NaN NaN NaN NaN NaN NaN NaN NaN NaN NaN NaN NaN NaN NaN NaN NaN NaN NaN NaN NaN NaN NaN NaN NaN NaN NaN NaN NaN NaN NaN NaN NaN NaN 
NaN NaN NaN NaN NaN NaN NaN NaN NaN NaN NaN NaN NaN NaN NaN NaN NaN NaN NaN NaN NaN NaN NaN NaN NaN NaN NaN NaN NaN NaN NaN NaN NaN NaN NaN NaN NaN NaN NaN NaN 
NaN NaN NaN NaN NaN NaN NaN NaN NaN NaN NaN NaN NaN NaN NaN NaN NaN NaN NaN NaN NaN NaN NaN NaN NaN NaN NaN NaN NaN NaN NaN NaN NaN NaN NaN NaN NaN NaN NaN NaN 
NaN NaN NaN NaN NaN NaN NaN NaN NaN NaN NaN NaN NaN NaN NaN NaN NaN NaN NaN NaN NaN NaN NaN NaN NaN NaN NaN NaN NaN NaN NaN NaN NaN NaN NaN NaN NaN NaN NaN NaN 
NaN NaN NaN NaN NaN NaN NaN NaN NaN NaN NaN NaN NaN NaN NaN NaN NaN NaN NaN NaN NaN NaN NaN NaN NaN NaN NaN NaN NaN NaN NaN NaN NaN NaN NaN NaN NaN NaN NaN NaN 
NaN NaN NaN NaN NaN NaN NaN NaN NaN NaN NaN NaN NaN NaN NaN NaN NaN NaN NaN NaN NaN NaN NaN NaN NaN NaN NaN NaN NaN NaN NaN NaN NaN NaN NaN NaN NaN NaN NaN NaN 
NaN NaN NaN NaN NaN NaN NaN NaN NaN NaN NaN NaN NaN NaN NaN NaN NaN NaN NaN NaN NaN NaN NaN NaN NaN NaN NaN NaN NaN NaN NaN NaN NaN NaN NaN NaN NaN NaN NaN NaN 
-93.118198 -93.220489 -93.391820 -93.684018 -94.087158 -94.666493 -95.399851 -96.387648 -97.796563 -99.657316 -102.294630 -106.526689 -114.805051 -117.305099 -108.441039 -104.560792 -102.618839 -101.944926 -102.389990 -104.134664 -107.928993 -115.572262 -115.163099 -109.377830 -107.964634 -109.536206 -110.340004 -106.416614 -103.684011 -104.229602 -109.023061 -108.363558 -103.209471 -103.626409 -111.537165 -108.278981 -104.857023 -108.331315 -111.920236 -109.999994 
-58.382930 -65.624329 -72.879537 -71.980901 -72.130665 -71.769563 -75.411261 -85.480922 -86.704946 -86.594610 -78.739909 -75.842448 -81.346366 -84.193718 -86.235213 -77.830944 -81.652140 -85.131343 -80.025329 -78.206607 -76.546643 -80.681532 -87.337081 -80.141121 -80.543521 -79.501780 -79.590774 -75.489607 -77.048555 -81.669448 -77.414212 -77.029241 -76.114003 -74.044776 -74.780035 -77.732079 -78.982243 -78.915374 -77.272398 -78.429099 
-54.271473 -73.096627 -78.408804 -72.294215 -71.365572 -70.061239 -75.860965 -71.968619 -74.025994 -79.758366 -74.930936 -72.351268 -72.079591 -74.393534 -75.808738 -70.282893 -73.021015 -74.925706 -77.286063 -75.097353 -75.288767 -75.335144 -76.652936 -72.556724 -76.200940 -72.855654 -75.042454 -70.422838 -70.974688 -72.544523 -72.802620 -72.852707 -74.219025 -72.144379 -73.743765 -73.792243 -76.206068 -74.356530 -73.820645 -73.961019 
-55.328947 -73.567220 -73.016453 -77.277000 -74.869390 -73.683943 -76.537915 -79.798112 -78.570440 -77.000086 -72.257184 -73.373800 -79.147437 -76.325091 -73.118810 -71.834204 -68.294304 -75.436903 -74.908393 -76.019190 -73.555606 -72.024021 -72.954699 -72.836890 -76.114472 -72.565893 -71.219353 -72.101441 -71.211558 -73.656026 -74.805850 -75.394754 -72.722467 -73.403872 -72.951054 -69.228998 -72.218740 -75.604699 -74.814470 -75.077602 
-61.602498 -52.696241 -53.455736 -55.012794 -57.109130 -59.202922 -64.327730 -69.817939 -66.896648 -62.411212 -65.295869 -68.250429 -69.172477 -69.588406 -70.916358 -70.878005 -70.218751 -71.389668 -70.656288 -71.731325 -72.954223 -72.031011 -71.356415 -75.748924 -73.329259 -71.704082 -71.285251 -68.442081 -69.432953 -74.399483 -72.223377 -72.208319 -72.100363 -72.474926 -71.650476 -74.082686 -72.860147 -74.790487 -72.551538 -73.557324 
-27.433024 -29.890559 -38.354301 -39.285676 -40.228428 -42.224328 -47.228567 -51.296689 -49.153840 -48.894365 -52.005126 -55.458838 -56.129018 -61.803926 -62.207962 -58.099752 -59.727545 -58.958143 -58.607202 -59.630043 -60.376275 -59.182158 -68.623736 -65.953899 -61.316888 -61.553982 -61.645797 -59.519867 -61.472077 -65.985593 -69.338190 -71.070522 -69.684152 -66.746987 -68.013862 -66.507561 -64.589368 -68.460579 -70.569524 -70.171831 
-22.515469 -25.719792 -33.557311 -36.095261 -43.448345 -49.637739 -50.519947 -45.676426 -52.743795 -55.437533 -57.713478 -49.775250 -51.177940 -61.159783 -58.888326 -56.205778 -59.860906 -60.187521 -60.195394 -61.157278 -63.959603 -60.592600 -63.767786 -63.774922 -65.145045 -64.799320 -64.356595 -63.051781 -64.770800 -63.588031 -62.603332 -65.659388 -64.797719 -65.512378 -66.970849 -67.940537 -61.852883 -60.841318 -66.593598 -68.317251 
-25.074691 -26.879416 -37.444516 -42.925821 -45.328550 -41.332624 -39.871962 -39.065780 -50.434819 -54.155689 -55.510409 -46.063232 -52.836860 -56.814083 -56.281146 -59.474877 -58.481962 -54.527777 -61.704530 -59.527975 -60.484933 -64.679319 -59.435043 -64.007643 -67.806670 -62.557159 -59.771897 -60.433241 -58.243557 -61.699965 -62.332644 -66.545285 -62.617687 -62.601225 -62.979028 -61.562455 -59.390869 -59.259099 -67.430406 -66.176781 
-24.057939 -27.550578 -31.565719 -32.570002 -37.836546 -39.095541 -35.469276 -31.442392 -37.200822 -50.445738 -41.528242 -40.499874 -41.661185 -45.372206 -48.175629 -49.513894 -49.659931 -48.703831 -44.582923 -42.110135 -52.665366 -52.231830 -48.565764 -47.429855 -48.621274 -51.342690 -52.704807 -53.861087 -48.837511 -51.119476 -48.660550 -46.659545 -43.021387 -44.029962 -49.246548 -50.656461 -52.582385 -53.515022 -52.683025 -56.260178 
-22.816545 -28.624114 -45.833845 -36.805670 -38.210232 -34.704748 -31.162733 -30.273623 -34.930206 -33.033001 -35.379171 -36.768326 -35.065174 -38.292430 -40.417014 -41.116525 -42.303933 -40.534726 -39.422516 -40.294149 -43.711366 -42.760385 -37.338299 -33.569872 -39.504699 -40.482857 -41.353364 -40.704680 -40.388567 -37.618318 -31.869652 -27.006476 -30.154501 -27.162767 -29.531360 -36.262898 -35.802165 -34.493068 -34.492255 -38.183457 
-22.019736 -30.921311 -39.536618 -40.013976 -38.098746 -34.969479 -31.327697 -31.258514 -32.419471 -36.429294 -34.874993 -37.280869 -38.122311 -31.561865 -36.229232 -46.287068 -38.651371 -40.842004 -43.947840 -39.129652 -39.856055 -39.126084 -34.719121 -27.678642 -33.256597 -35.115548 -33.871530 -26.695592 -27.932090 -31.176628 -34.222606 -22.332121 -18.619751 -17.207885 -18.357881 -35.334478 -30.050135 -21.955151 -23.842125 -28.663733 
-21.107486 -21.242824 -26.856768 -36.448871 -39.524229 -38.641034 -33.024130 -23.792190 -25.240272 -32.097964 -29.056944 -28.763991 -30.629383 -33.057551 -32.995983 -37.365654 -35.913336 -36.021842 -30.578793 -38.179671 -36.102169 -37.041469 -41.118208 -29.775974 -31.005430 -32.110442 -33.574824 -27.370726 -20.944223 -29.417790 -31.650038 -13.301975 -9.967745 -8.368990 -13.321291 -21.678237 -17.049090 -11.796993 -16.541628 -22.009722 
-16.432650 -18.306728 -25.479123 -39.511432 -42.262746 -38.589451 -36.389695 -23.743040 -27.109801 -28.444286 -34.724526 -36.007802 -34.832974 -32.938553 -33.882953 -30.050438 -33.664295 -32.131679 -29.149352 -32.453730 -34.813200 -39.302502 -49.526236 -42.679630 -36.359555 -30.294183 -38.885967 -33.694789 -17.607638 -29.219711 -24.236438 -7.509109 -3.049162 -1.698347 -8.237684 -14.698270 -8.926104 -9.886679 -11.187049 -18.552349 
-18.039111 -18.305127 -27.129054 -41.390118 -39.330287 -31.295958 -32.807480 -31.236861 -33.046713 -32.090925 -29.424125 -29.065072 -34.792583 -35.856768 -29.417462 -31.260710 -32.261788 -31.291535 -28.929105 -30.790254 -35.340231 -34.611101 -37.648086 -35.132725 -36.117953 -28.950472 -29.584589 -24.412256 -16.579012 -24.315609 -20.811538 -10.702540 -8.175185 -3.348497 -8.073050 -10.462861 -8.037652 -9.103498 -9.618744 -12.164397 
-30.457985 -37.789247 -36.359804 -36.510668 -34.713802 -28.519384 -32.721709 -35.234459 -27.983504 -28.270245 -30.057235 -29.615051 -29.773971 -28.754058 -31.525213 -39.742797 -37.563027 -29.405465 -30.230483 -33.783585 -31.428930 -33.477521 -31.828880 -30.383380 -30.035051 -27.824256 -25.387431 -21.283284 -21.875283 -22.084202 -21.453060 -11.046163 -3.912645 -3.314944 -5.631046 -6.598011 -6.180195 -4.489460 -5.311329 -11.833353 
-23.513687 -24.915209 -33.502487 -38.373005 -36.755344 -36.390709 -38.605536 -31.847613 -34.361907 -34.077928 -30.577263 -31.544777 -27.350862 -28.474711 -31.648656 -34.245887 -30.453550 -32.820562 -27.004061 -31.229187 -33.721219 -30.386207 -30.205007 -28.178573 -29.835771 -28.122234 -24.935151 -24.803271 -16.081778 -17.007273 -18.505080 -8.388909 -3.146966 -0.169908 -1.480428 -7.760324 -3.302395 -1.060886 -6.068816 -8.395185 
-21.744953 -21.964504 -30.794486 -41.309819 -38.217312 -32.544480 -34.402985 -32.775486 -36.377776 -33.241702 -35.300620 -30.713786 -29.094184 -28.414972 -28.686007 -32.803222 -30.157588 -31.498078 -28.230293 -29.201214 -32.881450 -27.897026 -25.545385 -27.567786 -28.617588 -24.362070 -20.829510 -19.390537 -16.240078 -17.012200 -19.955724 -6.821733 -0.902629 2.831665 -0.063755 -7.161191 -1.114831 -1.430888 -3.738563 -7.976104 
-27.854377 -34.278834 -36.604056 -38.118772 -36.398928 -36.345615 -37.104898 -39.139482 -29.644468 -28.194900 -30.536773 -32.498514 -30.167510 -28.313807 -29.904677 -30.542500 -32.134892 -32.849833 -28.897044 -28.716680 -30.812288 -31.701384 -28.657708 -24.942114 -21.570850 -25.880064 -23.231957 -19.717943 -18.964582 -17.456549 -16.214857 -6.342412 1.526811 4.494844 1.081244 -5.336910 -2.141523 0.939036 -3.982572 -5.497931 
-25.857957 -24.821199 -33.798550 -36.543260 -36.469678 -35.714420 -36.654902 -34.884758 -32.052672 -33.506371 -33.839329 -27.870810 -25.807824 -27.703615 -32.149618 -28.762655 -30.871513 -29.942167 -27.882955 -25.247012 -28.570993 -29.740114 -28.878076 -28.493173 -25.067961 -25.932116 -26.901887 -19.455833 -17.380409 -17.884509 -16.152966 -6.841615 -0.129345 0.238569 -1.085262 -2.834009 -2.473006 1.014668 -1.610273 -5.784348 
-21.443317 -25.103511 -35.912783 -41.364646 -39.330153 -37.104637 -44.740619 -32.686270 -35.367515 -40.803343 -33.131686 -30.829377 -30.021036 -32.102010 -32.345794 -34.307798 -32.533890 -32.903653 -28.964867 -26.390921 -29.356925 -30.323975 -32.506061 -27.580039 -27.487695 -27.882909 -25.499588 -18.466091 -14.217199 -14.576390 -18.776540 -1.953350 2.076576 2.694859 0.666759 -1.014966 2.398593 1.827665 -0.596387 -1.606091 
-23.924931 -28.358483 -29.999151 -33.539658 -43.030704 -36.423300 -34.130676 -34.792955 -38.581262 -36.812792 -31.571989 -29.630436 -31.969065 -31.792458 -31.968127 -30.058864 -32.461898 -35.010279 -24.764216 -24.142207 -26.559112 -28.455697 -25.572300 -27.423945 -25.522250 -26.946156 -24.857131 -21.195900 -14.775808 -14.116833 -18.111500 -5.057196 0.746784 4.447235 2.690705 -0.322728 4.592902 1.313498 0.982513 -3.155413 
-17.656394 -17.849981 -25.123609 -30.765307 -28.013934 -25.852008 -28.242529 -33.987395 -32.907314 -30.584004 -34.462388 -35.116249 -30.694679 -26.701877 -26.816620 -30.352750 -26.674158 -28.991077 -27.786279 -27.236861 -20.684468 -23.472166 -27.576934 -27.359005 -25.327467 -30.002263 -24.683647 -21.351579 -18.079153 -16.704573 -17.451014 -6.402819 0.427784 1.762962 -0.804481 -0.102124 4.768571 3.688572 4.888101 0.566975 
-15.093755 -17.675929 -30.835911 -39.307804 -31.079248 -31.898892 -30.577455 -35.692659 -28.620163 -27.987013 -30.273831 -29.511638 -28.030578 -28.438834 -28.311199 -27.182471 -28.203439 -27.687387 -26.245862 -21.647317 -21.208747 -22.936794 -29.060170 -24.340711 -23.062152 -26.231779 -19.746991 -16.422129 -14.033806 -13.326092 -16.881853 -11.559604 -0.424638 3.516523 1.504362 0.060440 4.393396 5.228211 3.965729 2.139244 
-23.715475 -25.958823 -32.955740 -33.376753 -25.937959 -26.157046 -26.154161 -31.509960 -30.851111 -28.987098 -26.130849 -21.354387 -24.149347 -26.757214 -30.186478 -27.859767 -26.966593 -28.270472 -28.342438 -19.722470 -23.647830 -23.137838 -23.760202 -25.337470 -22.303210 -23.878667 -20.631818 -17.801828 -11.110686 -11.284488 -18.844733 -10.918725 0.028803 1.047391 2.927186 2.065148 1.865493 4.210300 3.390079 0.454939 
-30.105839 -28.820281 -26.694013 -28.431899 -25.104090 -19.102612 -22.684452 -21.228939 -18.779148 -22.878257 -25.704961 -21.311980 -19.956655 -22.677308 -19.988136 -25.489454 -22.688039 -21.657035 -18.840632 -19.646963 -14.583746 -15.226095 -19.996158 -19.013848 -16.335439 -18.710484 -18.105857 -17.559399 -12.360514 -12.469725 -15.995536 -9.480253 1.933005 -1.081443 0.844204 -0.237318 -0.600273 4.505443 1.036130 -1.104272 
-20.457435 -20.389844 -19.852846 -19.735817 -18.480851 -14.430519 -19.528282 -18.205770 -13.890192 -16.317247 -17.259951 -16.353907 -12.722515 -14.936647 -16.662255 -22.629710 -17.786375 -17.552473 -13.074495 -9.508633 -15.796439 -18.286529 -19.833703 -16.475570 -11.956067 -15.034548 -21.643913 -12.360021 -8.645353 -11.203866 -17.403416 -12.623509 -1.786449 -3.576353 -4.207812 1.074785 -0.054150 0.786920 -1.793179 -2.984491 
-17.135190 -6.633235 3.695597 8.124029 7.421706 1.101972 -8.669180 -5.869611 -6.385638 -9.918037 -14.291374 -11.712152 -13.312682 -16.315865 -16.786866 -22.597157 -22.630339 -17.012241 -10.685862 -6.064803 -12.490427 -16.469540 -18.685579 -10.553865 -11.694813 -17.079473 -28.036163 -16.180084 -12.425116 -14.434195 -22.640258 -14.968404 -7.087447 -8.114782 -10.196956 -6.888050 -5.666579 -5.586220 -6.894577 -8.229238 
-4.100099 6.844995 19.179800 22.604008 17.932737 22.006255 23.902941 17.263389 5.424325 0.121656 -0.964551 -3.148566 -6.053584 -6.518949 -5.351072 -8.358073 -5.418036 -1.643651 1.470448 -0.181566 -5.737612 -11.534162 -11.173384 -3.245004 -7.852531 -17.566434 -29.105306 -20.094687 -9.060860 -9.580868 -21.340294 -17.131678 -13.765688 -14.774038 -19.186783 -13.864730 -16.617871 -14.677917 -12.322848 -13.765652 
-2.599241 3.113592 19.070671 23.301048 10.459976 22.844771 30.846814 19.016512 0.741694 0.522639 -1.349658 3.520648 -4.390256 -0.798559 -4.334955 -5.197078 -1.933272 1.577942 5.097203 6.882420 -7.330063 -9.246478 -9.871321 -2.023130 -11.022565 -20.415961 -26.313664 -19.035925 -6.992792 -5.248673 -19.630304 -19.958398 -21.616767 -19.990429 -24.563728 -16.961617 -16.846982 -15.010430 -18.239156 -18.238040 
-13.177309 -6.156184 16.678536 22.292506 9.729309 21.267353 31.255136 19.377045 4.491252 6.195161 -0.091639 4.827730 -4.361202 0.073833 -4.882122 -3.690600 -0.810347 1.841392 6.604287 9.972623 -2.630697 -9.154177 -10.993574 -4.268780 -9.421157 -22.200207 -23.500827 -19.339428 -11.524358 -8.353951 -18.892817 -19.624560 -20.885278 -24.367003 -26.786053 -24.533182 -19.904622 -18.195278 -23.130230 -23.971840 
-3.866850 -8.660677 14.749422 21.395608 10.454314 19.805763 31.068506 20.467294 1.285961 6.223510 -3.193856 5.128411 -6.759935 -0.745690 -6.089496 -4.319669 -4.214615 0.023489 5.400141 6.847159 -2.311717 -10.554253 -12.456718 -6.828717 -9.828420 -24.102173 -29.722022 -22.413381 -11.004739 -9.117654 -18.318113 -21.827359 -22.418814 -29.420259 -41.962795 -29.295940 -23.632617 -19.865962 -33.001445 -26.996009 
-16.248071 -12.649119 13.696810 21.072953 10.668194 19.041494 30.585667 20.194758 -1.962786 3.266061 -6.154267 4.097947 -6.645454 -1.513895 -8.253596 -3.469045 -3.129937 -0.667958 5.487622 4.524731 -4.752060 -10.525244 -11.721217 -8.527194 -10.429601 -17.593275 -20.883991 -19.188888 -13.390743 -11.033706 -17.677909 -23.738954 -24.501163 -26.199456 -27.359956 -26.412281 -21.228737 -19.027128 -26.900812 -26.499849 
-9.861901 -7.141191 14.267218 21.213150 10.045806 18.884433 29.562205 19.956983 -5.350798 -1.669412 -8.448335 2.381058 -7.601749 -3.409534 -10.312938 -5.293861 -5.784335 -1.814199 4.435370 -5.086834 -10.215043 -12.966384 -13.953783 -12.460159 -13.941985 -19.640878 -24.654290 -22.262116 -16.315775 -8.684970 -16.931029 -24.522402 -23.165711 -25.701722 -29.609531 -26.429100 -19.833413 -18.706671 -25.813854 -26.199280 
-6.628913 -7.847926 14.803643 21.434284 10.285236 16.807691 25.641510 14.377421 -1.871191 -0.679750 -9.775819 -2.009324 -9.172899 -4.648942 -13.463714 -8.706115 -8.031302 -1.430815 4.852236 -9.523169 -10.934607 -12.888521 -15.048262 -10.929596 -8.756206 -21.490790 -28.357109 -24.109217 -17.312742 -13.695998 -20.586701 -21.292972 -19.190071 -19.817595 -24.312250 -22.920164 -17.865195 -15.636372 -19.559168 -20.055567 
-8.871531 -4.391837 16.320124 20.719360 6.981528 10.567967 18.850565 7.104589 -5.846625 -1.030143 -10.365406 -10.226753 -9.908562 -7.403940 -13.179242 -14.359774 -17.930625 -6.239526 -5.905573 -14.014161 -13.626298 -18.919811 -19.948055 -13.173129 -10.168021 -27.279994 -37.222254 -30.867770 -15.532506 -12.055731 -18.997856 -15.299455 -12.060181 -12.803023 -13.096177 -12.560604 -10.727585 -12.864832 -11.828690 -14.114477 
-12.791352 0.485546 17.435297 18.912383 2.435457 8.461397 9.720266 -2.682269 -3.104622 -6.746362 -9.419520 -9.976065 -12.111623 -14.149543 -18.334403 -26.659238 -16.663632 -8.247838 -5.448636 -10.263655 -16.722787 -19.983500 -21.032981 -16.207456 -15.338430 -25.919579 -41.401871 -31.383456 -14.129202 -12.124481 -13.224479 -7.200545 -6.234803 -9.594470 -12.875619 -6.082184 -5.869951 -6.356010 -8.110573 -13.159491 
-20.915099 3.437480 17.625458 16.820484 0.876536 5.134149 2.083108 -7.199342 -6.754118 -17.251401 -15.867295 -18.596755 -14.160090 -16.188803 -21.543635 -30.469938 -23.600902 -14.887446 -8.330596 -17.084570 -22.269270 -28.776478 -27.839643 -22.338098 -21.987606 -26.503020 -40.439067 -31.931981 -12.566624 -11.674550 -10.602069 -4.753176 -3.369279 -4.879901 -9.327367 -1.493430 -3.042305 -2.016324 -3.847485 -9.667230 
-20.517816 3.659432 15.555874 10.748393 -3.002336 -3.497551 -3.026765 -9.149815 -11.018294 -20.838203 -20.225261 -22.734486 -17.766356 -20.444692 -27.871269 -40.294832 -29.717389 -19.631904 -18.146962 -24.801763 -29.821301 -36.029492 -35.010540 -28.214804 -20.051009 -23.993452 -24.388447 -23.103703 -10.918669 -12.014776 -12.408221 -5.635673 -2.871729 -2.291153 -9.769104 1.838472 2.392777 0.651382 0.522892 -5.772071 
-21.138429 1.647069 13.226204 8.477299 -10.045457 -6.708794 -13.263129 -13.994738 -21.308825 -21.167356 -23.940296 -25.311954 -28.649127 -31.968095 -30.413747 -37.571868 -27.579226 -23.445528 -19.136873 -25.309351 -34.884745 -34.022346 -29.076853 -22.871680 -24.515736 -25.163337 -19.975621 -18.550526 -15.008128 -11.397541 -9.865536 -2.774075 1.057947 2.062078 -7.400499 1.861112 5.958201 1.573167 1.311591 -4.720216 
-19.736916 -0.182440 10.342620 6.425106 -8.844610 -9.830480 -21.880933 -24.224069 -25.324897 -24.470000 -28.987724 -31.796264 -26.659537 -32.658566 -27.044537 -27.629224 -31.379593 -26.491659 -19.588913 -23.463293 -24.673589 -29.203342 -27.118747 -22.130743 -21.206888 -27.018348 -19.367495 -21.526498 -13.972271 -12.459050 -11.657775 -3.261007 -0.869549 -2.163090 -3.896519 -0.325858 4.906913 2.207972 2.217061 -1.476152 
-15.026054 -4.242076 3.070856 -2.701355 -12.421966 -13.470874 -20.155582 -28.398245 -28.071536 -30.123891 -28.108575 -28.927868 -26.951972 -33.642623 -32.737405 -24.532997 -25.199853 -26.847029 -18.081772 -22.203185 -23.288880 -22.836223 -22.168211 -14.332468 -16.974539 -21.692309 -19.417029 -19.951413 -13.764227 -13.807888 -11.310087 -3.754140 -1.124931 -2.095281 -3.248732 3.933484 5.137674 4.950477 2.324990 -2.563222 
-15.885903 -2.579152 7.771705 4.382717 -11.786398 -10.299144 -18.413538 -18.208879 -22.599812 -28.561939 -27.370438 -26.810705 -25.520098 -32.648088 -31.877178 -31.563960 -30.920926 -21.634283 -18.452579 -19.400651 -22.541409 -20.764709 -20.817700 -12.736699 -17.935088 -19.030561 -17.943345 -19.616958 -12.621271 -7.491413 -8.028886 -1.870753 -2.449805 -5.015052 -11.117130 -0.643864 -0.324948 -1.504319 -1.533922 -6.903400 
-24.422358 2.552423 14.796187 11.853316 -7.110948 -1.698513 -2.160999 -6.303642 -8.875645 -18.624044 -17.495693 -20.019227 -19.970335 -15.984785 -17.603280 -21.281234 -17.311664 -15.698347 -7.463055 -15.118040 -18.829454 -19.895041 -15.467825 -6.633396 -18.415127 -21.537146 -16.983002 -19.257445 -10.370936 -6.898772 -8.076750 -7.583827 -6.733009 -8.211224 -7.851535 -4.724348 -3.280166 -5.845413 -5.032185 -10.308552 
-15.666035 7.438797 18.716492 15.104036 6.032679 13.818938 7.781051 6.397738 2.509009 -7.223667 -12.954127 -9.335802 -14.571932 -14.264421 -14.771456 -14.327316 -11.821835 -5.789927 -0.713453 -6.283243 -14.462947 -14.576172 -10.628102 -5.802061 -17.230468 -20.029606 -18.965531 -13.984661 -11.403474 -10.537574 -13.087740 -10.753932 -11.875863 -12.839957 -12.547438 -12.735575 -9.389235 -9.827883 -10.730022 -14.921578 
-11.650974 9.791025 20.462942 15.413407 13.591025 20.767358 10.217703 11.876145 8.161710 2.803646 -6.034476 -7.563360 -7.613509 -8.482790 -11.012820 -9.096946 -7.405810 -1.597993 4.537997 -1.952943 -8.837947 -8.989682 -6.812543 -5.792934 -15.995820 -18.283667 -17.497643 -13.948315 -14.066261 -11.160191 -14.609207 -17.048221 -18.342737 -19.530376 -22.249916 -20.515838 -14.814368 -18.289476 -19.571553 -19.328718 
-10.947097 11.617225 20.576865 14.625471 18.455632 21.984986 13.330132 19.701857 9.536749 6.282015 -2.585916 -4.105468 -5.559755 -5.553427 -5.091600 -6.267596 -3.459789 2.867184 7.034676 2.042986 -4.373943 -5.074335 -5.224288 -9.601027 -17.640185 -20.377411 -16.709444 -14.194292 -19.205550 -17.218354 -18.270524 -23.957619 -24.837814 -26.284155 -27.191179 -27.177498 -23.450169 -22.544343 -25.941348 -23.892497 
-7.004224 12.664996 19.499266 12.731332 19.981931 19.533051 19.195945 23.985484 11.319135 4.326893 1.734937 -4.226683 -4.294228 -3.513412 -4.649629 -5.132428 -4.531532 3.104846 7.274155 -1.886778 -5.344402 -3.835702 -9.890457 -18.544186 -22.275170 -19.205104 -15.346239 -13.513091 -18.948978 -17.260394 -23.515366 -33.977530 -37.656049 -35.508126 -38.028286 -36.648118 -29.209204 -29.450349 -32.875244 -28.486207 
-7.103558 12.935894 17.735511 9.736818 18.860358 14.649837 22.095292 23.049035 12.373942 2.659347 1.977088 -6.183949 -5.572714 -5.962347 -7.391904 -5.956400 -5.350910 1.073825 2.309427 -2.206769 -4.216243 -1.853355 -11.779458 -17.791336 -24.512810 -22.452217 -15.219697 -16.243696 -22.978041 -22.674976 -28.879832 -34.889224 -35.174016 -38.024633 -45.470626 -44.795473 -31.317084 -33.699594 -39.124118 -29.501789 
-2.566972 13.762357 16.700611 11.123354 17.551368 11.529730 18.804283 13.863220 10.802991 2.629641 -0.624468 -7.190592 -5.006872 -9.070824 -9.258490 -6.358622 -5.201503 3.618563 7.006227 -3.191873 -4.953721 -4.478264 -16.679472 -18.537995 -22.674351 -21.471321 -15.063261 -15.394879 -22.109473 -21.031504 -31.403606 -40.383260 -38.741727 -37.613922 -46.329111 -49.221071 -37.088764 -33.423411 -38.170115 -31.071870 
-3.451317 13.923977 15.536176 11.706567 15.573207 10.950267 14.881191 10.525798 10.273675 1.566043 -5.646007 -8.276750 -5.411971 -9.436233 -8.015253 -8.252297 -3.297672 6.918224 4.634461 -4.745951 -6.767434 -6.831190 -21.568281 -23.549130 -28.376306 -23.303909 -15.588633 -17.897858 -23.918688 -28.268984 -40.121408 -42.896370 -41.061683 -37.837803 -43.130465 -45.377667 -41.341011 -34.716583 -39.528731 -35.343937 
-2.665586 13.299547 13.887558 11.590625 13.237245 9.910636 11.325508 13.514667 9.116855 -0.144343 -5.876374 -5.049274 -6.931495 -10.128145 -8.628523 -10.271009 -4.464603 2.951447 1.346133 -5.837817 -6.321343 -9.502243 -20.873142 -25.838778 -30.702982 -22.693104 -13.305206 -16.821484 -25.451582 -29.652922 -44.527434 -50.268013 -44.901843 -41.987356 -50.541552 -57.107478 -49.444346 -40.520003 -45.084509 -39.258019 
-0.707412 12.915260 11.673469 11.230059 11.282694 9.067584 9.733534 15.701420 8.294853 -2.524600 -7.464870 -7.556796 -9.062061 -11.947556 -13.370174 -12.499045 -10.021688 -1.862193 -2.058532 -11.458362 -8.207882 -7.314947 -23.157064 -26.102945 -28.178910 -23.583662 -18.934814 -23.844244 -29.733773 -34.740608 -38.255603 -38.722582 -39.216489 -38.806079 -40.186338 -40.462468 -40.632604 -39.044403 -40.659294 -38.865985 
-1.414078 12.404204 9.973850 10.850861 9.451831 7.388082 9.483793 15.755222 4.851915 -4.684398 -7.962175 -6.367006 -10.631211 -11.912592 -12.431169 -13.647096 -10.787528 0.446114 -2.223843 -13.208756 -14.727585 -13.744838 -22.711980 -27.837173 -27.219290 -19.395688 -15.643075 -22.703571 -29.203581 -38.327051 -48.647203 -51.737537 -49.702215 -49.027252 -53.419659 -55.056619 -50.832890 -42.430266 -48.616989 -42.401587 
-0.774026 11.774590 8.596688 9.932559 7.747091 5.876802 9.519425 14.854678 0.269471 -9.506685 -10.044918 -7.478486 -13.521796 -14.118419 -14.977108 -16.864947 -15.172296 -5.971355 -4.486660 -12.103442 -18.338357 -17.207057 -24.200813 -25.983798 -26.274807 -20.737228 -17.016759 -22.181995 -27.554805 -36.833192 -43.707058 -43.853051 -44.203977 -43.804461 -44.571423 -44.998195 -44.085609 -39.421334 -43.617233 -38.910957 
-2.547198 10.204384 5.974528 9.536312 7.361100 5.997442 9.980287 13.081695 -1.922650 -9.643645 -12.113081 -11.394910 -17.717087 -14.989772 -17.586664 -18.656439 -16.063961 -7.338127 -5.379387 -14.628791 -21.381677 -19.379433 -19.086548 -22.481554 -24.713369 -21.161466 -20.499033 -24.871217 -28.717445 -35.532139 -39.836147 -40.319654 -40.483744 -41.169989 -41.631636 -41.941884 -41.788863 -39.606881 -42.000518 -37.933962 
-1.384677 9.298758 5.018112 8.575709 5.922596 5.436767 8.732893 8.172697 -7.043076 -12.735281 -14.856235 -15.751079 -20.351434 -19.375715 -20.617001 -20.923011 -17.862893 -10.202306 -8.123094 -15.468301 -23.647207 -21.889919 -19.345740 -23.272146 -25.887499 -26.098932 -25.922429 -29.524025 -31.692192 -42.922138 -56.687966 -53.532127 -53.817640 -56.656180 -56.885122 -53.831566 -48.161018 -47.315311 -48.173742 -40.516253 
-2.783151 7.231655 4.209435 7.123844 2.652422 0.309620 4.979765 0.247221 -10.444002 -15.375986 -18.658936 -19.290014 -20.408527 -22.787732 -24.862733 -26.511765 -21.401243 -13.708075 -10.111931 -18.908978 -28.021257 -28.060350 -25.151118 -27.016959 -30.533063 -30.533218 -28.440419 -28.679451 -36.226369 -42.851678 -45.831281 -49.693867 -50.481330 -50.454950 -52.768158 -45.917701 -41.457006 -41.160839 -39.147629 -36.205230 
-3.377036 5.466185 2.009389 3.106445 -1.349509 -2.002898 0.243809 -5.794480 -16.048267 -25.975062 -24.615730 -22.478351 -24.035156 -24.590388 -27.261904 -34.943218 -25.098150 -16.223243 -19.435616 -27.148722 -33.050208 -28.316736 -28.126536 -30.269279 -34.344286 -29.393685 -26.439367 -25.862247 -33.941905 -35.429467 -37.628295 -40.016884 -40.106439 -43.702937 -41.522603 -36.637800 -35.567969 -36.263785 -33.771202 -34.166727 
-6.799640 3.043704 -1.038202 -1.934191 -3.484205 -8.643866 -8.441690 -7.970814 -21.095715 -28.296875 -24.885499 -27.155938 -28.295032 -31.449497 -28.549991 -36.732655 -29.158054 -20.108475 -21.200577 -31.784457 -44.460946 -30.108651 -22.908688 -25.293252 -35.983459 -29.009317 -20.006716 -16.710887 -20.973619 -25.950161 -23.436672 -29.659759 -28.784963 -27.255273 -32.467176 -30.167539 -24.452450 -22.937906 -22.260243 -26.838999 
-8.535544 0.598631 -2.816652 -9.972840 -12.354344 -12.860490 -14.110983 -19.807909 -27.190991 -26.405699 -29.160588 -27.199255 -29.497047 -28.005251 -33.227475 -42.843927 -35.617015 -25.012312 -22.071634 -31.635010 -50.350774 -36.520858 -28.535691 -24.964422 -31.729384 -23.221728 -18.459603 -12.080052 -16.321207 -17.263271 -15.355105 -12.631607 -18.884680 -21.069835 -23.267992 -18.222208 -13.057374 -11.611945 -14.278520 -18.916424 
-14.162439 -5.948380 -7.524192 -21.433870 -25.963334 -26.318656 -21.723571 -26.939759 -27.374711 -22.272441 -27.864851 -25.985118 -28.066666 -27.342816 -30.932921 -32.880586 -37.062005 -32.055892 -27.455613 -39.986473 -49.369968 -40.832876 -32.338998 -26.385128 -31.433170 -23.459860 -13.424415 -10.497899 -13.118351 -15.621306 -13.213600 -10.607976 -13.455074 -17.823855 -17.341596 -12.029610 -8.568457 -12.172335 -12.772323 -17.163934 
-29.026993 -19.456207 -20.250683 -24.157729 -28.271080 -33.184911 -30.919224 -26.908936 -29.367512 -27.955504 -27.736981 -23.944875 -27.127694 -29.319594 -30.860308 -31.846018 -33.536628 -31.138476 -30.299133 -44.466387 -38.203316 -38.168663 -37.150494 -33.144311 -31.381719 -23.353305 -21.457338 -12.899075 -12.908565 -13.677250 -9.298304 -9.262483 -13.797697 -13.543308 -12.617784 -12.482578 -7.699523 -6.976586 -8.478051 -12.798508 
-27.196895 -32.962444 -27.644903 -32.091774 -38.765272 -33.731780 -27.610093 -28.312585 -30.369301 -33.183862 -33.761537 -33.730984 -33.176905 -34.980347 -33.173882 -35.887035 -33.841820 -33.092781 -32.544622 -38.632622 -36.347956 -34.620553 -33.054396 -34.098932 -35.263755 -26.135093 -20.868747 -13.925730 -13.872872 -16.338780 -8.846530 -5.451615 -10.199401 -8.659057 -11.163390 -9.636149 -5.322342 -4.294111 -5.170401 -9.393173 
-21.300488 -27.091232 -38.852923 -39.578424 -40.531643 -36.839075 -39.772109 -39.560612 -37.191807 -39.606558 -33.085098 -30.374274 -25.321639 -26.761994 -32.101926 -33.800233 -35.880378 -29.945165 -28.837010 -33.546506 -34.663552 -32.412005 -33.674756 -32.778086 -32.224098 -29.231300 -22.265575 -13.252081 -13.683430 -14.731476 -10.103458 -3.231133 -7.118451 -4.862850 -7.187220 -6.202448 -5.510414 -3.543387 -4.814654 -8.042948 
-29.248209 -26.737328 -32.849862 -40.614140 -49.322781 -45.628558 -34.580264 -30.356983 -36.699938 -37.681357 -37.702975 -38.826535 -37.591788 -36.004021 -36.195824 -35.591353 -35.311916 -34.843880 -30.929902 -33.357568 -38.172706 -35.123250 -34.380806 -31.033665 -31.435347 -28.173161 -25.369726 -15.284827 -12.667976 -12.130649 -7.726373 -1.686285 -7.308921 -7.823889 -9.939392 -7.824310 -3.354797 -4.995017 -4.995401 -9.900915 
-39.819377 -36.325918 -40.133703 -45.216905 -43.531763 -42.512092 -39.645794 -34.560921 -32.302805 -31.034424 -35.025440 -33.970179 -40.778068 -40.557401 -32.185290 -31.563200 -39.816672 -36.732387 -26.106669 -30.601862 -36.063595 -35.148744 -30.016405 -32.619350 -28.994190 -25.726990 -23.122941 -20.129068 -10.818499 -11.028547 -11.614172 -4.070798 -4.810701 -4.844675 -7.964274 -7.060430 -2.450660 -5.332855 -5.680773 -8.270245 
-33.985330 -32.112531 -34.486581 -44.102550 -42.566361 -34.517133 -31.846371 -37.913054 -31.547305 -30.394368 -30.390017 -36.463040 -37.848494 -33.235074 -29.394742 -33.022236 -34.845380 -38.013812 -30.528561 -32.956066 -36.229422 -36.096156 -28.832955 -32.000153 -32.519517 -31.757122 -26.257064 -20.014856 -16.101807 -17.311795 -15.972254 -6.337870 -2.036848 -4.148820 -8.794169 -6.319925 -5.257697 -7.682456 -6.924765 -7.944770 
-40.724525 -30.044843 -30.522767 -36.265167 -42.364997 -39.509906 -35.556691 -44.928391 -32.321972 -36.974779 -36.544974 -35.158397 -34.591068 -29.064210 -39.132819 -40.865744 -35.857415 -35.304033 -32.922614 -33.967548 -37.772413 -40.574345 -32.787686 -31.084719 -33.200540 -30.716225 -27.316729 -18.865799 -14.151391 -17.166360 -15.291597 -1.470779 -4.553391 -9.586731 -8.403775 -6.904478 -8.010124 -7.496767 -9.818716 -10.813026 
-25.042767 -26.315160 -34.266078 -37.057885 -39.617363 -36.464220 -44.239615 -35.444129 -33.705841 -36.144550 -37.733315 -35.075451 -34.051071 -29.431938 -31.004582 -35.636761 -33.794588 -35.157309 -35.317315 -34.182474 -42.366682 -38.071054 -29.626659 -31.246917 -31.513261 -29.274725 -23.033819 -16.955735 -14.450405 -18.640485 -14.503368 -2.604879 -2.966544 -8.633870 -7.522234 -8.847382 -8.481531 -8.363632 -8.376495 -11.872480 
-26.752814 -30.610628 -41.644512 -41.404872 -40.525037 -38.797223 -36.476027 -30.970301 -34.435580 -34.295347 -34.549454 -35.100033 -38.312599 -37.367871 -36.615937 -39.847277 -38.953544 -32.844796 -33.081337 -36.384755 -35.507396 -34.197040 -29.574881 -31.896784 -31.969965 -31.618497 -21.540123 -18.682317 -18.292195 -17.821345 -10.438452 -5.525421 -5.574942 -1.340151 -5.430038 -8.039934 -5.395620 -7.198096 -8.511975 -10.771149 
-25.899510 -27.953602 -38.840437 -50.180801 -47.706457 -41.738969 -40.990460 -36.521720 -30.248660 -31.364366 -36.965291 -30.163930 -33.173507 -37.824737 -28.454723 -33.235604 -40.681545 -36.868521 -35.011698 -35.602728 -34.524933 -38.800582 -30.700234 -28.780230 -27.877994 -29.796006 -21.704496 -18.639965 -22.117454 -17.724613 -8.763329 -9.862833 -4.533416 -2.930282 -8.792875 -12.279883 -8.112529 -6.136160 -7.972463 -12.571039 
-24.436078 -24.089106 -34.078952 -42.107736 -42.107865 -40.210724 -41.124480 -36.368890 -34.087829 -36.414666 -40.084500 -39.123594 -35.605480 -41.904450 -36.141205 -34.762474 -37.212649 -33.357103 -35.733533 -39.993707 -41.067099 -40.008714 -37.870934 -30.731844 -32.338826 -31.706448 -25.036154 -18.285525 -14.241062 -19.306566 -14.089476 -8.110374 -1.084562 -4.318799 -9.534480 -12.062054 -14.751058 -8.769090 -8.089057 -13.376144 
-28.019584 -34.135160 -31.825849 -39.927409 -43.282909 -45.262912 -39.711375 -33.279784 -32.668982 -39.138245 -37.997820 -33.026614 -35.022648 -39.284741 -38.628424 -39.034737 -39.644011 -35.724636 -34.412063 -38.848668 -43.928087 -41.077591 -30.519399 -34.343511 -32.771939 -33.058806 -28.689792 -23.520848 -18.003830 -16.274846 -15.452083 -4.841783 -5.333147 -7.998390 -10.926401 -15.610679 -14.688031 -14.580940 -13.829525 -14.442128 
-27.024055 -25.453143 -34.246493 -45.261629 -45.203260 -33.523192 -28.984370 -32.487147 -35.641941 -39.668952 -32.121254 -31.649170 -35.513109 -35.472520 -35.457054 -37.417820 -35.897082 -31.858554 -34.340918 -40.211566 -41.549535 -38.800462 -30.998034 -32.815704 -29.593019 -29.100831 -28.837276 -23.438694 -17.157324 -17.948597 -15.094638 -8.006447 -7.616973 -9.321179 -13.785096 -14.989192 -14.403652 -11.321405 -12.725755 -15.560070 
-33.899702 -33.124324 -37.956496 -43.233882 -41.922422 -35.839208 -30.839338 -34.532902 -33.386642 -37.608639 -34.372199 -32.436018 -40.940490 -35.871582 -40.327450 -41.819712 -39.573449 -38.972911 -35.551407 -44.186224 -40.728829 -41.537391 -31.308300 -34.263218 -31.616765 -31.287786 -25.801033 -24.065223 -19.023572 -20.049136 -15.644734 -8.619881 -9.041659 -8.511063 -15.325027 -17.317512 -14.091408 -13.614599 -17.027218 -21.682790 
-32.990508 -35.537787 -33.178718 -42.758256 -39.405521 -32.755541 -31.815292 -35.630015 -31.092993 -31.596582 -39.961599 -36.764053 -33.185044 -33.636080 -38.367868 -38.222707 -38.716891 -45.462457 -40.246109 -38.240041 -40.913260 -38.381856 -30.188685 -30.252701 -34.385359 -33.522377 -29.359222 -26.795290 -18.737847 -20.630127 -16.655113 -7.803524 -10.284974 -11.435024 -14.855828 -16.728407 -18.525949 -14.760543 -18.804800 -21.630475 
-32.298841 -29.680955 -33.735358 -35.375854 -38.196518 -38.923760 -36.741311 -31.504074 -30.291659 -32.104727 -41.990810 -40.013959 -34.150251 -37.953958 -37.277858 -37.355350 -36.858193 -39.513250 -36.964838 -42.819625 -42.148384 -37.951606 -33.734199 -33.763978 -38.222624 -35.823776 -29.632081 -25.994083 -17.449746 -24.633371 -18.714413 -10.674695 -14.585034 -15.064570 -17.812289 -18.275436 -21.255128 -18.346113 -18.832206 -23.789926 
-31.098995 -31.265586 -41.845301 -39.209334 -40.618441 -42.260316 -32.134493 -29.334365 -33.145987 -34.312217 -39.198881 -40.321364 -38.361097 -36.698680 -39.592488 -38.211924 -37.430927 -39.967882 -40.659421 -39.019496 -38.753998 -39.508593 -34.467189 -36.030079 -39.099371 -35.508373 -31.527951 -25.123504 -21.845854 -24.353601 -18.928439 -14.651239 -16.000786 -14.941608 -18.780318 -21.513304 -20.121598 -18.476156 -23.873925 -28.285534 
-21.117119 -16.972136 -18.072492 -18.844572 -22.062741 -25.028503 -23.918717 -24.963360 -28.056336 -31.747340 -39.994723 -32.886561 -37.463752 -36.036373 -33.686269 -34.111897 -30.062416 -32.657617 -35.744358 -32.861954 -35.514104 -38.240066 -30.010447 -36.920486 -38.086015 -35.394113 -35.435718 -29.888480 -22.176960 -25.280518 -24.166977 -16.348717 -18.837522 -21.685372 -23.117352 -24.460655 -23.287618 -24.995652 -26.483454 -32.423648 
-8.605799 -4.824574 -5.184874 -7.152242 -12.699253 -17.476643 -17.396980 -17.245112 -23.839947 -31.881348 -33.674076 -33.710035 -36.469811 -33.196406 -31.981816 -30.577516 -26.780730 -32.299206 -32.529971 -33.737419 -36.814065 -38.935453 -34.713788 -39.091026 -43.559445 -44.350871 -43.099325 -34.837336 -28.126638 -31.012857 -26.655049 -23.266358 -24.324959 -28.606930 -31.697026 -29.078418 -30.804290 -32.562572 -32.258532 -38.471830 
-11.051404 -15.264436 -22.663329 -19.144454 -25.785474 -36.284623 -39.948393 -29.251638 -33.165454 -42.929687 -40.597575 -33.687374 -39.768681 -42.413102 -38.825100 -37.840309 -34.453233 -40.812334 -41.816561 -42.359774 -45.336350 -40.714012 -39.478447 -44.169133 -48.511479 -48.317211 -42.722952 -41.573150 -37.979701 -37.423556 -37.834091 -34.483218 -34.843812 -37.338506 -40.451974 -40.143253 -37.627267 -39.070601 -42.051145 -48.193018 
-17.976229 -26.482764 -41.537401 -38.571337 -37.851263 -39.832379 -40.103718 -36.863046 -41.283312 -43.480853 -43.885226 -41.280160 -45.436774 -50.540890 -45.453583 -38.502840 -43.612142 -47.493624 -48.663483 -51.344332 -47.964885 -50.603916 -49.340999 -51.242857 -54.553966 -53.434314 -45.819477 -47.907463 -42.392333 -43.640565 -47.976811 -42.375157 -40.759444 -45.672602 -43.711568 -42.780327 -42.210486 -47.199986 -49.611130 -52.809004 
-23.260329 -21.309854 -30.452535 -38.451991 -40.723766 -48.379060 -47.227423 -43.538779 -43.604515 -48.137719 -46.241549 -46.861676 -44.849680 -52.176977 -50.145738 -42.060810 -41.655012 -47.678216 -52.806882 -55.949032 -58.750060 -59.270733 -54.757999 -56.233415 -63.880853 -62.777630 -56.774186 -54.908540 -55.643176 -55.841590 -59.114667 -52.682509 -54.493112 -55.106391 -57.779654 -59.441932 -54.277713 -52.913480 -59.405828 -63.794798 
-18.990372 -19.952130 -30.346472 -41.912030 -40.101258 -46.152792 -51.262736 -47.219102 -42.400738 -49.308186 -44.335532 -42.386036 -52.122659 -57.980795 -53.375466 -48.283434 -47.640082 -45.730253 -53.370403 -58.840303 -59.955350 -57.813835 -59.548689 -61.109397 -62.968201 -66.464970 -64.374010 -60.749240 -58.925082 -62.907180 -62.889870 -60.364396 -61.107564 -63.906654 -69.420180 -69.730987 -65.197807 -62.062287 -67.548119 -70.478377 
-23.332694 -25.293288 -33.309057 -43.388135 -41.360871 -42.091110 -49.587445 -49.665457 -50.118465 -47.811541 -53.570258 -49.871136 -51.667686 -57.271388 -51.594905 -52.553333 -52.946014 -59.634097 -57.330261 -58.160739 -57.554626 -58.608223 -64.288166 -66.526244 -63.950784 -70.462454 -65.368906 -63.221998 -65.214635 -66.572638 -61.905471 -62.208393 -62.395921 -61.819028 -67.773753 -73.231005 -71.031998 -65.843822 -70.400072 -74.715477 
-43.117165 -44.075479 -45.885968 -50.333536 -53.605945 -56.859905 -60.971896 -61.367855 -60.596428 -58.671008 -57.488953 -55.264141 -59.926851 -63.186581 -60.607594 -61.381558 -62.606713 -63.632983 -62.163577 -65.277227 -63.030967 -67.224665 -72.392889 -71.312871 -68.162893 -74.781306 -71.024856 -69.463336 -70.197298 -70.489478 -68.839675 -69.058698 -68.457475 -67.673482 -70.536847 -74.168273 -76.071151 -71.033260 -72.493079 -77.485987 
-63.212531 -66.741629 -63.350187 -58.962276 -68.321558 -68.369427 -67.662066 -71.927160 -63.018106 -63.056048 -62.162886 -62.325114 -72.948811 -68.875439 -66.729760 -73.132521 -65.438552 -64.449100 -67.219462 -70.299962 -65.253147 -67.558377 -71.663392 -71.232305 -70.849827 -74.710022 -70.273345 -70.258546 -68.728871 -70.822037 -69.959671 -67.854010 -69.361146 -71.612701 -73.535647 -75.055150 -74.502866 -72.372652 -73.030707 -75.592208 
-58.098272 -74.405173 -72.410104 -64.825736 -71.905221 -71.573477 -71.563956 -74.784996 -74.583122 -70.344537 -72.100119 -76.049128 -68.251160 -68.718674 -71.828815 -75.198040 -74.837611 -70.848531 -73.175020 -75.193546 -71.261917 -71.289767 -71.092997 -69.794828 -73.722875 -72.268967 -72.363016 -74.436941 -73.596003 -75.121277 -75.273258 -72.043817 -73.366300 -72.700601 -72.787068 -76.409745 -73.314214 -74.314583 -73.380149 -75.096562 
-57.468534 -74.604396 -75.997814 -79.737068 -73.605071 -75.442112 -77.544488 -75.026611 -73.465640 -74.300018 -70.889863 -76.765895 -72.672907 -70.483401 -73.658251 -77.376019 -77.408389 -71.852152 -70.971409 -70.974746 -72.656504 -74.594265 -70.536239 -71.773113 -75.255203 -76.852151 -74.539648 -72.013197 -73.421833 -74.151635 -73.139876 -73.418718 -73.094736 -73.737454 -71.902150 -74.636155 -73.256263 -73.267889 -72.791459 -74.919969 
-57.731104 -71.795516 -71.151151 -72.364127 -79.602102 -77.800891 -79.037473 -72.785051 -75.117590 -69.740900 -73.912544 -75.885877 -76.327584 -74.918548 -73.691418 -73.541986 -70.846580 -71.519183 -72.915753 -75.325085 -76.169477 -76.601289 -76.253232 -71.332353 -70.654893 -73.855648 -72.939426 -72.159753 -73.569392 -73.239253 -74.202405 -74.115891 -71.374699 -71.905766 -75.564016 -72.159148 -72.288973 -76.024271 -75.895236 -76.404952 
-58.465699 -78.523465 -74.499841 -74.326127 -74.047309 -74.432375 -73.006370 -74.753387 -78.301230 -73.510568 -77.144298 -73.894723 -71.368203 -78.322499 -76.842608 -71.726650 -72.670127 -73.828875 -71.099569 -69.849525 -76.455613 -71.348712 -77.046706 -73.577398 -74.282894 -75.731271 -75.681110 -76.897574 -76.047413 -74.184390 -74.516792 -73.401330 -73.320217 -72.441165 -74.639962 -72.241283 -74.694306 -75.962764 -74.219132 -75.907049 
-56.332862 -75.482988 -75.373329 -76.521776 -75.140700 -69.943701 -71.799148 -69.930569 -69.671286 -73.710105 -76.609579 -79.441719 -77.151152 -73.378248 -73.774623 -73.305214 -72.027266 -71.495808 -73.161432 -74.846816 -80.753829 -72.670881 -81.384770 -76.861524 -75.465356 -73.325345 -74.174179 -73.936825 -75.221079 -77.563704 -76.334999 -74.054086 -73.805885 -74.474949 -72.957483 -72.115811 -76.589373 -78.242829 -74.535680 -77.341542 
-58.458132 -79.981035 -77.235011 -76.106599 -75.984161 -69.314688 -71.174236 -76.883688 -70.944172 -70.161397 -73.028441 -72.831514 -70.926704 -75.466384 -73.016673 -71.125359 -72.547719 -80.731662 -80.465141 -73.759572 -74.867592 -74.364340 -77.808059 -73.229234 -72.749136 -73.602365 -74.843086 -74.725797 -72.548574 -74.371163 -72.279654 -73.993156 -80.084618 -75.775603 -73.960083 -74.570934 -76.295431 -75.300076 -74.744541 -76.766178 
-54.735931 -66.968591 -68.193831 -72.302865 -70.772028 -77.855745 -76.092780 -74.313896 -74.619917 -78.017733 -67.446232 -69.076294 -72.118909 -74.882789 -73.401628 -70.827034 -73.886859 -75.565317 -79.674005 -75.210477 -77.352534 -73.907221 -74.999393 -74.806662 -75.809961 -71.943700 -70.949145 -78.245229 -74.410001 -74.513853 -74.699624 -73.019998 -76.028590 -74.105346 -71.893966 -74.932932 -75.575718 -74.861526 -74.585298 -78.721797 
-59.840120 -63.617619 -67.374051 -71.479016 -78.542102 -82.824491 -76.854567 -74.905145 -76.227955 -83.543128 -79.498973 -79.589890 -80.339231 -77.368017 -75.676792 -78.537901 -76.238800 -76.216855 -82.730557 -79.213550 -76.374073 -74.732516 -80.627660 -77.090394 -80.379150 -83.940537 -77.454430 -82.079433 -77.258763 -82.498221 -80.519007 -76.209904 -79.974460 -77.963952 -81.041190 -79.987848 -82.246833 -81.374218 -81.232429 -85.244902 
NaN NaN NaN NaN NaN NaN NaN NaN NaN NaN NaN NaN NaN NaN NaN NaN NaN NaN NaN NaN NaN NaN NaN NaN NaN NaN NaN NaN NaN NaN NaN NaN NaN NaN NaN NaN NaN NaN NaN NaN 
NaN NaN NaN NaN NaN NaN NaN NaN NaN NaN NaN NaN NaN NaN NaN NaN NaN NaN NaN NaN NaN NaN NaN NaN NaN NaN NaN NaN NaN NaN NaN NaN NaN NaN NaN NaN NaN NaN NaN NaN 
NaN NaN NaN NaN NaN NaN NaN NaN NaN NaN NaN NaN NaN NaN NaN NaN NaN NaN NaN NaN NaN NaN NaN NaN NaN NaN NaN NaN NaN NaN NaN NaN NaN NaN NaN NaN NaN NaN NaN NaN 
NaN NaN NaN NaN NaN NaN NaN NaN NaN NaN NaN NaN NaN NaN NaN NaN NaN NaN NaN NaN NaN NaN NaN NaN NaN NaN NaN NaN NaN NaN NaN NaN NaN NaN NaN NaN NaN NaN NaN NaN 
NaN NaN NaN NaN NaN NaN NaN NaN NaN NaN NaN NaN NaN NaN NaN NaN NaN NaN NaN NaN NaN NaN NaN NaN NaN NaN NaN NaN NaN NaN NaN NaN NaN NaN NaN NaN NaN NaN NaN NaN 
NaN NaN NaN NaN NaN NaN NaN NaN NaN NaN NaN NaN NaN NaN NaN NaN NaN NaN NaN NaN NaN NaN NaN NaN NaN NaN NaN NaN NaN NaN NaN NaN NaN NaN NaN NaN NaN NaN NaN NaN 
NaN NaN NaN NaN NaN NaN NaN NaN NaN NaN NaN NaN NaN NaN NaN NaN NaN NaN NaN NaN NaN NaN NaN NaN NaN NaN NaN NaN NaN NaN NaN NaN NaN NaN NaN NaN NaN NaN NaN NaN 
NaN NaN NaN NaN NaN NaN NaN NaN NaN NaN NaN NaN NaN NaN NaN NaN NaN NaN NaN NaN NaN NaN NaN NaN NaN NaN NaN NaN NaN NaN NaN NaN NaN NaN NaN NaN NaN NaN NaN NaN 
NaN NaN NaN NaN NaN NaN NaN NaN NaN NaN NaN NaN NaN NaN NaN NaN NaN NaN NaN NaN NaN NaN NaN NaN NaN NaN NaN NaN NaN NaN NaN NaN NaN NaN NaN NaN NaN NaN NaN NaN 
NaN NaN NaN NaN NaN NaN NaN NaN NaN NaN NaN NaN NaN NaN NaN NaN NaN NaN NaN NaN NaN NaN NaN NaN NaN NaN NaN NaN NaN NaN NaN NaN NaN NaN NaN NaN NaN NaN NaN NaN 
NaN NaN NaN NaN NaN NaN NaN NaN NaN NaN NaN NaN NaN NaN NaN NaN NaN NaN NaN NaN NaN NaN NaN NaN NaN NaN NaN NaN NaN NaN NaN NaN NaN NaN NaN NaN NaN NaN NaN NaN 
NaN NaN NaN NaN NaN NaN NaN NaN NaN NaN NaN NaN NaN NaN NaN NaN NaN NaN NaN NaN NaN NaN NaN NaN NaN NaN NaN NaN NaN NaN NaN NaN NaN NaN NaN NaN NaN NaN NaN NaN 
NaN NaN NaN NaN NaN NaN NaN NaN NaN NaN NaN NaN NaN NaN NaN NaN NaN NaN NaN NaN NaN NaN NaN NaN NaN NaN NaN NaN NaN NaN NaN NaN NaN NaN NaN NaN NaN NaN NaN NaN 
NaN NaN NaN NaN NaN NaN NaN NaN NaN NaN NaN NaN NaN NaN NaN NaN NaN NaN NaN NaN NaN NaN NaN NaN NaN NaN NaN NaN NaN NaN NaN NaN NaN NaN NaN NaN NaN NaN NaN NaN 
NaN NaN NaN NaN NaN NaN NaN NaN NaN NaN NaN NaN NaN NaN NaN NaN NaN NaN NaN NaN NaN NaN NaN NaN NaN NaN NaN NaN NaN NaN NaN NaN NaN NaN NaN NaN NaN NaN NaN NaN 
NaN NaN NaN NaN NaN NaN NaN NaN NaN NaN NaN NaN NaN NaN NaN NaN NaN NaN NaN NaN NaN NaN NaN NaN NaN NaN NaN NaN NaN NaN NaN NaN NaN NaN NaN NaN NaN NaN NaN NaN 
NaN NaN NaN NaN NaN NaN NaN NaN NaN NaN NaN NaN NaN NaN NaN NaN NaN NaN NaN NaN NaN NaN NaN NaN NaN NaN NaN NaN NaN NaN NaN NaN NaN NaN NaN NaN NaN NaN NaN NaN 
NaN NaN NaN NaN NaN NaN NaN NaN NaN NaN NaN NaN NaN NaN NaN NaN NaN NaN NaN NaN NaN NaN NaN NaN NaN NaN NaN NaN NaN NaN NaN NaN NaN NaN NaN NaN NaN NaN NaN NaN 
NaN NaN NaN NaN NaN NaN NaN NaN NaN NaN NaN NaN NaN NaN NaN NaN NaN NaN NaN NaN NaN NaN NaN NaN NaN NaN NaN NaN NaN NaN NaN NaN NaN NaN NaN NaN NaN NaN NaN NaN 
NaN NaN NaN NaN NaN NaN NaN NaN NaN NaN NaN NaN NaN NaN NaN NaN NaN NaN NaN NaN NaN NaN NaN NaN NaN NaN NaN NaN NaN NaN NaN NaN NaN NaN NaN NaN NaN NaN NaN NaN 
NaN NaN NaN NaN NaN NaN NaN NaN NaN NaN NaN NaN NaN NaN NaN NaN NaN NaN NaN NaN NaN NaN NaN NaN NaN NaN NaN NaN NaN NaN NaN NaN NaN NaN NaN NaN NaN NaN NaN NaN 
NaN NaN NaN NaN NaN NaN NaN NaN NaN NaN NaN NaN NaN NaN NaN NaN NaN NaN NaN NaN NaN NaN NaN NaN NaN NaN NaN NaN NaN NaN NaN NaN NaN NaN NaN NaN NaN NaN NaN NaN 
NaN NaN NaN NaN NaN NaN NaN NaN NaN NaN NaN NaN NaN NaN NaN NaN NaN NaN NaN NaN NaN NaN NaN NaN NaN NaN NaN NaN NaN NaN NaN NaN NaN NaN NaN NaN NaN NaN NaN NaN 
NaN NaN NaN NaN NaN NaN NaN NaN NaN NaN NaN NaN NaN NaN NaN NaN NaN NaN NaN NaN NaN NaN NaN NaN NaN NaN NaN NaN NaN NaN NaN NaN NaN NaN NaN NaN NaN NaN NaN NaN 
NaN NaN NaN NaN NaN NaN NaN NaN NaN NaN NaN NaN NaN NaN NaN NaN NaN NaN NaN NaN NaN NaN NaN NaN NaN NaN NaN NaN NaN NaN NaN NaN NaN NaN NaN NaN NaN NaN NaN NaN 
NaN NaN NaN NaN NaN NaN NaN NaN NaN NaN NaN NaN NaN NaN NaN NaN NaN NaN NaN NaN NaN NaN NaN NaN NaN NaN NaN NaN NaN NaN NaN NaN NaN NaN NaN NaN NaN NaN NaN NaN 
NaN NaN NaN NaN NaN NaN NaN NaN NaN NaN NaN NaN NaN NaN NaN NaN NaN NaN NaN NaN NaN NaN NaN NaN NaN NaN NaN NaN NaN NaN NaN NaN NaN NaN NaN NaN NaN NaN NaN NaN 
NaN NaN NaN NaN NaN NaN NaN NaN NaN NaN NaN NaN NaN NaN NaN NaN NaN NaN NaN NaN NaN NaN NaN NaN NaN NaN NaN NaN NaN NaN NaN NaN NaN NaN NaN NaN NaN NaN NaN NaN 
NaN NaN NaN NaN NaN NaN NaN NaN NaN NaN NaN NaN NaN NaN NaN NaN NaN NaN NaN NaN NaN NaN NaN NaN NaN NaN NaN NaN NaN NaN NaN NaN NaN NaN NaN NaN NaN NaN NaN NaN 
NaN NaN NaN NaN NaN NaN NaN NaN NaN NaN NaN NaN NaN NaN NaN NaN NaN NaN NaN NaN NaN NaN NaN NaN NaN NaN NaN NaN NaN NaN NaN NaN NaN NaN NaN NaN NaN NaN NaN NaN 
NaN NaN NaN NaN NaN NaN NaN NaN NaN NaN NaN NaN NaN NaN NaN NaN NaN NaN NaN NaN NaN NaN NaN NaN NaN NaN NaN NaN NaN NaN NaN NaN NaN NaN NaN NaN NaN NaN NaN NaN 
NaN NaN NaN NaN NaN NaN NaN NaN NaN NaN NaN NaN NaN NaN NaN NaN NaN NaN NaN NaN NaN NaN NaN NaN NaN NaN NaN NaN NaN NaN NaN NaN NaN NaN NaN NaN NaN NaN NaN NaN 
NaN NaN NaN NaN NaN NaN NaN NaN NaN NaN NaN NaN NaN NaN NaN NaN NaN NaN NaN NaN NaN NaN NaN NaN NaN NaN NaN NaN NaN NaN NaN NaN NaN NaN NaN NaN NaN NaN NaN NaN 
NaN NaN NaN NaN NaN NaN NaN NaN NaN NaN NaN NaN NaN NaN NaN NaN NaN NaN NaN NaN NaN NaN NaN NaN NaN NaN NaN NaN NaN NaN NaN NaN NaN NaN NaN NaN NaN NaN NaN NaN 
NaN NaN NaN NaN NaN NaN NaN NaN NaN NaN NaN NaN NaN NaN NaN NaN NaN NaN NaN NaN NaN NaN NaN NaN NaN NaN NaN NaN NaN NaN NaN NaN NaN NaN NaN NaN NaN NaN NaN NaN 
NaN NaN NaN NaN NaN NaN NaN NaN NaN NaN NaN NaN NaN NaN NaN NaN NaN NaN NaN NaN NaN NaN NaN NaN NaN NaN NaN NaN NaN NaN NaN NaN NaN NaN NaN NaN NaN NaN NaN NaN 
NaN NaN NaN NaN NaN NaN NaN NaN NaN NaN NaN NaN NaN NaN NaN NaN NaN NaN NaN NaN NaN NaN NaN NaN NaN NaN NaN NaN NaN NaN NaN NaN NaN NaN NaN NaN NaN NaN NaN NaN 
NaN NaN NaN NaN NaN NaN NaN NaN NaN NaN NaN NaN NaN NaN NaN NaN NaN NaN NaN NaN NaN NaN NaN NaN NaN NaN NaN NaN NaN NaN NaN NaN NaN NaN NaN NaN NaN NaN NaN NaN 
NaN NaN NaN NaN NaN NaN NaN NaN NaN NaN NaN NaN NaN NaN NaN NaN NaN NaN NaN NaN NaN NaN NaN NaN NaN NaN NaN NaN NaN NaN NaN NaN NaN NaN NaN NaN NaN NaN NaN NaN 
NaN NaN NaN NaN NaN NaN NaN NaN NaN NaN NaN NaN NaN NaN NaN NaN NaN NaN NaN NaN NaN NaN NaN NaN NaN NaN NaN NaN NaN NaN NaN NaN NaN NaN NaN NaN NaN NaN NaN NaN 
NaN NaN NaN NaN NaN NaN NaN NaN NaN NaN NaN NaN NaN NaN NaN NaN NaN NaN NaN NaN NaN NaN NaN NaN NaN NaN NaN NaN NaN NaN NaN NaN NaN NaN NaN NaN NaN NaN NaN NaN 
NaN NaN NaN NaN NaN NaN NaN NaN NaN NaN NaN NaN NaN NaN NaN NaN NaN NaN NaN NaN NaN NaN NaN NaN NaN NaN NaN NaN NaN NaN NaN NaN NaN NaN NaN NaN NaN NaN NaN NaN 
NaN NaN NaN NaN NaN NaN NaN NaN NaN NaN NaN NaN NaN NaN NaN NaN NaN NaN NaN NaN NaN NaN NaN NaN NaN NaN NaN NaN NaN NaN NaN NaN NaN NaN NaN NaN NaN NaN NaN NaN 
NaN NaN NaN NaN NaN NaN NaN NaN NaN NaN NaN NaN NaN NaN NaN NaN NaN NaN NaN NaN NaN NaN NaN NaN NaN NaN NaN NaN NaN NaN NaN NaN NaN NaN NaN NaN NaN NaN NaN NaN 
NaN NaN NaN NaN NaN NaN NaN NaN NaN NaN NaN NaN NaN NaN NaN NaN NaN NaN NaN NaN NaN NaN NaN NaN NaN NaN NaN NaN NaN NaN NaN NaN NaN NaN NaN NaN NaN NaN NaN NaN 
NaN NaN NaN NaN NaN NaN NaN NaN NaN NaN NaN NaN NaN NaN NaN NaN NaN NaN NaN NaN NaN NaN NaN NaN NaN NaN NaN NaN NaN NaN NaN NaN NaN NaN NaN NaN NaN NaN NaN NaN 
NaN NaN NaN NaN NaN NaN NaN NaN NaN NaN NaN NaN NaN NaN NaN NaN NaN NaN NaN NaN NaN NaN NaN NaN NaN NaN NaN NaN NaN NaN NaN NaN NaN NaN NaN NaN NaN NaN NaN NaN 
NaN NaN NaN NaN NaN NaN NaN NaN NaN NaN NaN NaN NaN NaN NaN NaN NaN NaN NaN NaN NaN NaN NaN NaN NaN NaN NaN NaN NaN NaN NaN NaN NaN NaN NaN NaN NaN NaN NaN NaN 
NaN NaN NaN NaN NaN NaN NaN NaN NaN NaN NaN NaN NaN NaN NaN NaN NaN NaN NaN NaN NaN NaN NaN NaN NaN NaN NaN NaN NaN NaN NaN NaN NaN NaN NaN NaN NaN NaN NaN NaN 
NaN NaN NaN NaN NaN NaN NaN NaN NaN NaN NaN NaN NaN NaN NaN NaN NaN NaN NaN NaN NaN NaN NaN NaN NaN NaN NaN NaN NaN NaN NaN NaN NaN NaN NaN NaN NaN NaN NaN NaN 
NaN NaN NaN NaN NaN NaN NaN NaN NaN NaN NaN NaN NaN NaN NaN NaN NaN NaN NaN NaN NaN NaN NaN NaN NaN NaN NaN NaN NaN NaN NaN NaN NaN NaN NaN NaN NaN NaN NaN NaN 
NaN NaN NaN NaN NaN NaN NaN NaN NaN NaN NaN NaN NaN NaN NaN NaN NaN NaN NaN NaN NaN NaN NaN NaN NaN NaN NaN NaN NaN NaN NaN NaN NaN NaN NaN NaN NaN NaN NaN NaN 
NaN NaN NaN NaN NaN NaN NaN NaN NaN NaN NaN NaN NaN NaN NaN NaN NaN NaN NaN NaN NaN NaN NaN NaN NaN NaN NaN NaN NaN NaN NaN NaN NaN NaN NaN NaN NaN NaN NaN NaN 
NaN NaN NaN NaN NaN NaN NaN NaN NaN NaN NaN NaN NaN NaN NaN NaN NaN NaN NaN NaN NaN NaN NaN NaN NaN NaN NaN NaN NaN NaN NaN NaN NaN NaN NaN NaN NaN NaN NaN NaN 
NaN NaN NaN NaN NaN NaN NaN NaN NaN NaN NaN NaN NaN NaN NaN NaN NaN NaN NaN NaN NaN NaN NaN NaN NaN NaN NaN NaN NaN NaN NaN NaN NaN NaN NaN NaN NaN NaN NaN NaN 
NaN NaN NaN NaN NaN NaN NaN NaN NaN NaN NaN NaN NaN NaN NaN NaN NaN NaN NaN NaN NaN NaN NaN NaN NaN NaN NaN NaN NaN NaN NaN NaN NaN NaN NaN NaN NaN NaN NaN NaN 
NaN NaN NaN NaN NaN NaN NaN NaN NaN NaN NaN NaN NaN NaN NaN NaN NaN NaN NaN NaN NaN NaN NaN NaN NaN NaN NaN NaN NaN NaN NaN NaN NaN NaN NaN NaN NaN NaN NaN NaN 
NaN NaN NaN NaN NaN NaN NaN NaN NaN NaN NaN NaN NaN NaN NaN NaN NaN NaN NaN NaN NaN NaN NaN NaN NaN NaN NaN NaN NaN NaN NaN NaN NaN NaN NaN NaN NaN NaN NaN NaN 
NaN NaN NaN NaN NaN NaN NaN NaN NaN NaN NaN NaN NaN NaN NaN NaN NaN NaN NaN NaN NaN NaN NaN NaN NaN NaN NaN NaN NaN NaN NaN NaN NaN NaN NaN NaN NaN NaN NaN NaN 
NaN NaN NaN NaN NaN NaN NaN NaN NaN NaN NaN NaN NaN NaN NaN NaN NaN NaN NaN NaN NaN NaN NaN NaN NaN NaN NaN NaN NaN NaN NaN NaN NaN NaN NaN NaN NaN NaN NaN NaN 
NaN NaN NaN NaN NaN NaN NaN NaN NaN NaN NaN NaN NaN NaN NaN NaN NaN NaN NaN NaN NaN NaN NaN NaN NaN NaN NaN NaN NaN NaN NaN NaN NaN NaN NaN NaN NaN NaN NaN NaN 
NaN NaN NaN NaN NaN NaN NaN NaN NaN NaN NaN NaN NaN NaN NaN NaN NaN NaN NaN NaN NaN NaN NaN NaN NaN NaN NaN NaN NaN NaN NaN NaN NaN NaN NaN NaN NaN NaN NaN NaN 
NaN NaN NaN NaN NaN NaN NaN NaN NaN NaN NaN NaN NaN NaN NaN NaN NaN NaN NaN NaN NaN NaN NaN NaN NaN NaN NaN NaN NaN NaN NaN NaN NaN NaN NaN NaN NaN NaN NaN NaN 
NaN NaN NaN NaN NaN NaN NaN NaN NaN NaN NaN NaN NaN NaN NaN NaN NaN NaN NaN NaN NaN NaN NaN NaN NaN NaN NaN NaN NaN NaN NaN NaN NaN NaN NaN NaN NaN NaN NaN NaN 
NaN NaN NaN NaN NaN NaN NaN NaN NaN NaN NaN NaN NaN NaN NaN NaN NaN NaN NaN NaN NaN NaN NaN NaN NaN NaN NaN NaN NaN NaN NaN NaN NaN NaN NaN NaN NaN NaN NaN NaN 
NaN NaN NaN NaN NaN NaN NaN NaN NaN NaN NaN NaN NaN NaN NaN NaN NaN NaN NaN NaN NaN NaN NaN NaN NaN NaN NaN NaN NaN NaN NaN NaN NaN NaN NaN NaN NaN NaN NaN NaN 
NaN NaN NaN NaN NaN NaN NaN NaN NaN NaN NaN NaN NaN NaN NaN NaN NaN NaN NaN NaN NaN NaN NaN NaN NaN NaN NaN NaN NaN NaN NaN NaN NaN NaN NaN NaN NaN NaN NaN NaN 
NaN NaN NaN NaN NaN NaN NaN NaN NaN NaN NaN NaN NaN NaN NaN NaN NaN NaN NaN NaN NaN NaN NaN NaN NaN NaN NaN NaN NaN NaN NaN NaN NaN NaN NaN NaN NaN NaN NaN NaN 
NaN NaN NaN NaN NaN NaN NaN NaN NaN NaN NaN NaN NaN NaN NaN NaN NaN NaN NaN NaN NaN NaN NaN NaN NaN NaN NaN NaN NaN NaN NaN NaN NaN NaN NaN NaN NaN NaN NaN NaN 
NaN NaN NaN NaN NaN NaN NaN NaN NaN NaN NaN NaN NaN NaN NaN NaN NaN NaN NaN NaN NaN NaN NaN NaN NaN NaN NaN NaN NaN NaN NaN NaN NaN NaN NaN NaN NaN NaN NaN NaN 
NaN NaN NaN NaN NaN NaN NaN NaN NaN NaN NaN NaN NaN NaN NaN NaN NaN NaN NaN NaN NaN NaN NaN NaN NaN NaN NaN NaN NaN NaN NaN NaN NaN NaN NaN NaN NaN NaN NaN NaN 
NaN NaN NaN NaN NaN NaN NaN NaN NaN NaN NaN NaN NaN NaN NaN NaN NaN NaN NaN NaN NaN NaN NaN NaN NaN NaN NaN NaN NaN NaN NaN NaN NaN NaN NaN NaN NaN NaN NaN NaN 
NaN NaN NaN NaN NaN NaN NaN NaN NaN NaN NaN NaN NaN NaN NaN NaN NaN NaN NaN NaN NaN NaN NaN NaN NaN NaN NaN NaN NaN NaN NaN NaN NaN NaN NaN NaN NaN NaN NaN NaN 
NaN NaN NaN NaN NaN NaN NaN NaN NaN NaN NaN NaN NaN NaN NaN NaN NaN NaN NaN NaN NaN NaN NaN NaN NaN NaN NaN NaN NaN NaN NaN NaN NaN NaN NaN NaN NaN NaN NaN NaN 
