NaN NaN NaN NaN NaN NaN NaN NaN NaN NaN NaN NaN NaN NaN NaN NaN NaN NaN NaN NaN NaN NaN NaN NaN NaN NaN NaN NaN NaN NaN NaN NaN NaN NaN NaN NaN NaN NaN NaN NaN 
NaN NaN NaN NaN NaN NaN NaN NaN NaN NaN NaN NaN NaN NaN NaN NaN NaN NaN NaN NaN NaN NaN NaN NaN NaN NaN NaN NaN NaN NaN NaN NaN NaN NaN NaN NaN NaN NaN NaN NaN 
NaN NaN NaN NaN NaN NaN NaN NaN NaN NaN NaN NaN NaN NaN NaN NaN NaN NaN NaN NaN NaN NaN NaN NaN NaN NaN NaN NaN NaN NaN NaN NaN NaN NaN NaN NaN NaN NaN NaN NaN 
NaN NaN NaN NaN NaN NaN NaN NaN NaN NaN NaN NaN NaN NaN NaN NaN NaN NaN NaN NaN NaN NaN NaN NaN NaN NaN NaN NaN NaN NaN NaN NaN NaN NaN NaN NaN NaN NaN NaN NaN 
NaN NaN NaN NaN NaN NaN NaN NaN NaN NaN NaN NaN NaN NaN NaN NaN NaN NaN NaN NaN NaN NaN NaN NaN NaN NaN NaN NaN NaN NaN NaN NaN NaN NaN NaN NaN NaN NaN NaN NaN 
NaN NaN NaN NaN NaN NaN NaN NaN NaN NaN NaN NaN NaN NaN NaN NaN NaN NaN NaN NaN NaN NaN NaN NaN NaN NaN NaN NaN NaN NaN NaN NaN NaN NaN NaN NaN NaN NaN NaN NaN 
NaN NaN NaN NaN NaN NaN NaN NaN NaN NaN NaN NaN NaN NaN NaN NaN NaN NaN NaN NaN NaN NaN NaN NaN NaN NaN NaN NaN NaN NaN NaN NaN NaN NaN NaN NaN NaN NaN NaN NaN 
NaN NaN NaN NaN NaN NaN NaN NaN NaN NaN NaN NaN NaN NaN NaN NaN NaN NaN NaN NaN NaN NaN NaN NaN NaN NaN NaN NaN NaN NaN NaN NaN NaN NaN NaN NaN NaN NaN NaN NaN 
NaN NaN NaN NaN NaN NaN NaN NaN NaN NaN NaN NaN NaN NaN NaN NaN NaN NaN NaN NaN NaN NaN NaN NaN NaN NaN NaN NaN NaN NaN NaN NaN NaN NaN NaN NaN NaN NaN NaN NaN 
NaN NaN NaN NaN NaN NaN NaN NaN NaN NaN NaN NaN NaN NaN NaN NaN NaN NaN NaN NaN NaN NaN NaN NaN NaN NaN NaN NaN NaN NaN NaN NaN NaN NaN NaN NaN NaN NaN NaN NaN 
NaN NaN NaN NaN NaN NaN NaN NaN NaN NaN NaN NaN NaN NaN NaN NaN NaN NaN NaN NaN NaN NaN NaN NaN NaN NaN NaN NaN NaN NaN NaN NaN NaN NaN NaN NaN NaN NaN NaN NaN 
NaN NaN NaN NaN NaN NaN NaN NaN NaN NaN NaN NaN NaN NaN NaN NaN NaN NaN NaN NaN NaN NaN NaN NaN NaN NaN NaN NaN NaN NaN NaN NaN NaN NaN NaN NaN NaN NaN NaN NaN 
NaN NaN NaN NaN NaN NaN NaN NaN NaN NaN NaN NaN NaN NaN NaN NaN NaN NaN NaN NaN NaN NaN NaN NaN NaN NaN NaN NaN NaN NaN NaN NaN NaN NaN NaN NaN NaN NaN NaN NaN 
NaN NaN NaN NaN NaN NaN NaN NaN NaN NaN NaN NaN NaN NaN NaN NaN NaN NaN NaN NaN NaN NaN NaN NaN NaN NaN NaN NaN NaN NaN NaN NaN NaN NaN NaN NaN NaN NaN NaN NaN 
NaN NaN NaN NaN NaN NaN NaN NaN NaN NaN NaN NaN NaN NaN NaN NaN NaN NaN NaN NaN NaN NaN NaN NaN NaN NaN NaN NaN NaN NaN NaN NaN NaN NaN NaN NaN NaN NaN NaN NaN 
NaN NaN NaN NaN NaN NaN NaN NaN NaN NaN NaN NaN NaN NaN NaN NaN NaN NaN NaN NaN NaN NaN NaN NaN NaN NaN NaN NaN NaN NaN NaN NaN NaN NaN NaN NaN NaN NaN NaN NaN 
NaN NaN NaN NaN NaN NaN NaN NaN NaN NaN NaN NaN NaN NaN NaN NaN NaN NaN NaN NaN NaN NaN NaN NaN NaN NaN NaN NaN NaN NaN NaN NaN NaN NaN NaN NaN NaN NaN NaN NaN 
NaN NaN NaN NaN NaN NaN NaN NaN NaN NaN NaN NaN NaN NaN NaN NaN NaN NaN NaN NaN NaN NaN NaN NaN NaN NaN NaN NaN NaN NaN NaN NaN NaN NaN NaN NaN NaN NaN NaN NaN 
NaN NaN NaN NaN NaN NaN NaN NaN NaN NaN NaN NaN NaN NaN NaN NaN NaN NaN NaN NaN NaN NaN NaN NaN NaN NaN NaN NaN NaN NaN NaN NaN NaN NaN NaN NaN NaN NaN NaN NaN 
NaN NaN NaN NaN NaN NaN NaN NaN NaN NaN NaN NaN NaN NaN NaN NaN NaN NaN NaN NaN NaN NaN NaN NaN NaN NaN NaN NaN NaN NaN NaN NaN NaN NaN NaN NaN NaN NaN NaN NaN 
NaN NaN NaN NaN NaN NaN NaN NaN NaN NaN NaN NaN NaN NaN NaN NaN NaN NaN NaN NaN NaN NaN NaN NaN NaN NaN NaN NaN NaN NaN NaN NaN NaN NaN NaN NaN NaN NaN NaN NaN 
NaN NaN NaN NaN NaN NaN NaN NaN NaN NaN NaN NaN NaN NaN NaN NaN NaN NaN NaN NaN NaN NaN NaN NaN NaN NaN NaN NaN NaN NaN NaN NaN NaN NaN NaN NaN NaN NaN NaN NaN 
NaN NaN NaN NaN NaN NaN NaN NaN NaN NaN NaN NaN NaN NaN NaN NaN NaN NaN NaN NaN NaN NaN NaN NaN NaN NaN NaN NaN NaN NaN NaN NaN NaN NaN NaN NaN NaN NaN NaN NaN 
NaN NaN NaN NaN NaN NaN NaN NaN NaN NaN NaN NaN NaN NaN NaN NaN NaN NaN NaN NaN NaN NaN NaN NaN NaN NaN NaN NaN NaN NaN NaN NaN NaN NaN NaN NaN NaN NaN NaN NaN 
NaN NaN NaN NaN NaN NaN NaN NaN NaN NaN NaN NaN NaN NaN NaN NaN NaN NaN NaN NaN NaN NaN NaN NaN NaN NaN NaN NaN NaN NaN NaN NaN NaN NaN NaN NaN NaN NaN NaN NaN 
NaN NaN NaN NaN NaN NaN NaN NaN NaN NaN NaN NaN NaN NaN NaN NaN NaN NaN NaN NaN NaN NaN NaN NaN NaN NaN NaN NaN NaN NaN NaN NaN NaN NaN NaN NaN NaN NaN NaN NaN 
NaN NaN NaN NaN NaN NaN NaN NaN NaN NaN NaN NaN NaN NaN NaN NaN NaN NaN NaN NaN NaN NaN NaN NaN NaN NaN NaN NaN NaN NaN NaN NaN NaN NaN NaN NaN NaN NaN NaN NaN 
NaN NaN NaN NaN NaN NaN NaN NaN NaN NaN NaN NaN NaN NaN NaN NaN NaN NaN NaN NaN NaN NaN NaN NaN NaN NaN NaN NaN NaN NaN NaN NaN NaN NaN NaN NaN NaN NaN NaN NaN 
NaN NaN NaN NaN NaN NaN NaN NaN NaN NaN NaN NaN NaN NaN NaN NaN NaN NaN NaN NaN NaN NaN NaN NaN NaN NaN NaN NaN NaN NaN NaN NaN NaN NaN NaN NaN NaN NaN NaN NaN 
NaN NaN NaN NaN NaN NaN NaN NaN NaN NaN NaN NaN NaN NaN NaN NaN NaN NaN NaN NaN NaN NaN NaN NaN NaN NaN NaN NaN NaN NaN NaN NaN NaN NaN NaN NaN NaN NaN NaN NaN 
NaN NaN NaN NaN NaN NaN NaN NaN NaN NaN NaN NaN NaN NaN NaN NaN NaN NaN NaN NaN NaN NaN NaN NaN NaN NaN NaN NaN NaN NaN NaN NaN NaN NaN NaN NaN NaN NaN NaN NaN 
NaN NaN NaN NaN NaN NaN NaN NaN NaN NaN NaN NaN NaN NaN NaN NaN NaN NaN NaN NaN NaN NaN NaN NaN NaN NaN NaN NaN NaN NaN NaN NaN NaN NaN NaN NaN NaN NaN NaN NaN 
NaN NaN NaN NaN NaN NaN NaN NaN NaN NaN NaN NaN NaN NaN NaN NaN NaN NaN NaN NaN NaN NaN NaN NaN NaN NaN NaN NaN NaN NaN NaN NaN NaN NaN NaN NaN NaN NaN NaN NaN 
NaN NaN NaN NaN NaN NaN NaN NaN NaN NaN NaN NaN NaN NaN NaN NaN NaN NaN NaN NaN NaN NaN NaN NaN NaN NaN NaN NaN NaN NaN NaN NaN NaN NaN NaN NaN NaN NaN NaN NaN 
NaN NaN NaN NaN NaN NaN NaN NaN NaN NaN NaN NaN NaN NaN NaN NaN NaN NaN NaN NaN NaN NaN NaN NaN NaN NaN NaN NaN NaN NaN NaN NaN NaN NaN NaN NaN NaN NaN NaN NaN 
NaN NaN NaN NaN NaN NaN NaN NaN NaN NaN NaN NaN NaN NaN NaN NaN NaN NaN NaN NaN NaN NaN NaN NaN NaN NaN NaN NaN NaN NaN NaN NaN NaN NaN NaN NaN NaN NaN NaN NaN 
NaN NaN NaN NaN NaN NaN NaN NaN NaN NaN NaN NaN NaN NaN NaN NaN NaN NaN NaN NaN NaN NaN NaN NaN NaN NaN NaN NaN NaN NaN NaN NaN NaN NaN NaN NaN NaN NaN NaN NaN 
NaN NaN NaN NaN NaN NaN NaN NaN NaN NaN NaN NaN NaN NaN NaN NaN NaN NaN NaN NaN NaN NaN NaN NaN NaN NaN NaN NaN NaN NaN NaN NaN NaN NaN NaN NaN NaN NaN NaN NaN 
NaN NaN NaN NaN NaN NaN NaN NaN NaN NaN NaN NaN NaN NaN NaN NaN NaN NaN NaN NaN NaN NaN NaN NaN NaN NaN NaN NaN NaN NaN NaN NaN NaN NaN NaN NaN NaN NaN NaN NaN 
NaN NaN NaN NaN NaN NaN NaN NaN NaN NaN NaN NaN NaN NaN NaN NaN NaN NaN NaN NaN NaN NaN NaN NaN NaN NaN NaN NaN NaN NaN NaN NaN NaN NaN NaN NaN NaN NaN NaN NaN 
NaN NaN NaN NaN NaN NaN NaN NaN NaN NaN NaN NaN NaN NaN NaN NaN NaN NaN NaN NaN NaN NaN NaN NaN NaN NaN NaN NaN NaN NaN NaN NaN NaN NaN NaN NaN NaN NaN NaN NaN 
NaN NaN NaN NaN NaN NaN NaN NaN NaN NaN NaN NaN NaN NaN NaN NaN NaN NaN NaN NaN NaN NaN NaN NaN NaN NaN NaN NaN NaN NaN NaN NaN NaN NaN NaN NaN NaN NaN NaN NaN 
NaN NaN NaN NaN NaN NaN NaN NaN NaN NaN NaN NaN NaN NaN NaN NaN NaN NaN NaN NaN NaN NaN NaN NaN NaN NaN NaN NaN NaN NaN NaN NaN NaN NaN NaN NaN NaN NaN NaN NaN 
NaN NaN NaN NaN NaN NaN NaN NaN NaN NaN NaN NaN NaN NaN NaN NaN NaN NaN NaN NaN NaN NaN NaN NaN NaN NaN NaN NaN NaN NaN NaN NaN NaN NaN NaN NaN NaN NaN NaN NaN 
NaN NaN NaN NaN NaN NaN NaN NaN NaN NaN NaN NaN NaN NaN NaN NaN NaN NaN NaN NaN NaN NaN NaN NaN NaN NaN NaN NaN NaN NaN NaN NaN NaN NaN NaN NaN NaN NaN NaN NaN 
NaN NaN NaN NaN NaN NaN NaN NaN NaN NaN NaN NaN NaN NaN NaN NaN NaN NaN NaN NaN NaN NaN NaN NaN NaN NaN NaN NaN NaN NaN NaN NaN NaN NaN NaN NaN NaN NaN NaN NaN 
NaN NaN NaN NaN NaN NaN NaN NaN NaN NaN NaN NaN NaN NaN NaN NaN NaN NaN NaN NaN NaN NaN NaN NaN NaN NaN NaN NaN NaN NaN NaN NaN NaN NaN NaN NaN NaN NaN NaN NaN 
NaN NaN NaN NaN NaN NaN NaN NaN NaN NaN NaN NaN NaN NaN NaN NaN NaN NaN NaN NaN NaN NaN NaN NaN NaN NaN NaN NaN NaN NaN NaN NaN NaN NaN NaN NaN NaN NaN NaN NaN 
NaN NaN NaN NaN NaN NaN NaN NaN NaN NaN NaN NaN NaN NaN NaN NaN NaN NaN NaN NaN NaN NaN NaN NaN NaN NaN NaN NaN NaN NaN NaN NaN NaN NaN NaN NaN NaN NaN NaN NaN 
NaN NaN NaN NaN NaN NaN NaN NaN NaN NaN NaN NaN NaN NaN NaN NaN NaN NaN NaN NaN NaN NaN NaN NaN NaN NaN NaN NaN NaN NaN NaN NaN NaN NaN NaN NaN NaN NaN NaN NaN 
NaN NaN NaN NaN NaN NaN NaN NaN NaN NaN NaN NaN NaN NaN NaN NaN NaN NaN NaN NaN NaN NaN NaN NaN NaN NaN NaN NaN NaN NaN NaN NaN NaN NaN NaN NaN NaN NaN NaN NaN 
NaN NaN NaN NaN NaN NaN NaN NaN NaN NaN NaN NaN NaN NaN NaN NaN NaN NaN NaN NaN NaN NaN NaN NaN NaN NaN NaN NaN NaN NaN NaN NaN NaN NaN NaN NaN NaN NaN NaN NaN 
NaN NaN NaN NaN NaN NaN NaN NaN NaN NaN NaN NaN NaN NaN NaN NaN NaN NaN NaN NaN NaN NaN NaN NaN NaN NaN NaN NaN NaN NaN NaN NaN NaN NaN NaN NaN NaN NaN NaN NaN 
NaN NaN NaN NaN NaN NaN NaN NaN NaN NaN NaN NaN NaN NaN NaN NaN NaN NaN NaN NaN NaN NaN NaN NaN NaN NaN NaN NaN NaN NaN NaN NaN NaN NaN NaN NaN NaN NaN NaN NaN 
NaN NaN NaN NaN NaN NaN NaN NaN NaN NaN NaN NaN NaN NaN NaN NaN NaN NaN NaN NaN NaN NaN NaN NaN NaN NaN NaN NaN NaN NaN NaN NaN NaN NaN NaN NaN NaN NaN NaN NaN 
NaN NaN NaN NaN NaN NaN NaN NaN NaN NaN NaN NaN NaN NaN NaN NaN NaN NaN NaN NaN NaN NaN NaN NaN NaN NaN NaN NaN NaN NaN NaN NaN NaN NaN NaN NaN NaN NaN NaN NaN 
NaN NaN NaN NaN NaN NaN NaN NaN NaN NaN NaN NaN NaN NaN NaN NaN NaN NaN NaN NaN NaN NaN NaN NaN NaN NaN NaN NaN NaN NaN NaN NaN NaN NaN NaN NaN NaN NaN NaN NaN 
NaN NaN NaN NaN NaN NaN NaN NaN NaN NaN NaN NaN NaN NaN NaN NaN NaN NaN NaN NaN NaN NaN NaN NaN NaN NaN NaN NaN NaN NaN NaN NaN NaN NaN NaN NaN NaN NaN NaN NaN 
NaN NaN NaN NaN NaN NaN NaN NaN NaN NaN NaN NaN NaN NaN NaN NaN NaN NaN NaN NaN NaN NaN NaN NaN NaN NaN NaN NaN NaN NaN NaN NaN NaN NaN NaN NaN NaN NaN NaN NaN 
NaN NaN NaN NaN NaN NaN NaN NaN NaN NaN NaN NaN NaN NaN NaN NaN NaN NaN NaN NaN NaN NaN NaN NaN NaN NaN NaN NaN NaN NaN NaN NaN NaN NaN NaN NaN NaN NaN NaN NaN 
NaN NaN NaN NaN NaN NaN NaN NaN NaN NaN NaN NaN NaN NaN NaN NaN NaN NaN NaN NaN NaN NaN NaN NaN NaN NaN NaN NaN NaN NaN NaN NaN NaN NaN NaN NaN NaN NaN NaN NaN 
NaN NaN NaN NaN NaN NaN NaN NaN NaN NaN NaN NaN NaN NaN NaN NaN NaN NaN NaN NaN NaN NaN NaN NaN NaN NaN NaN NaN NaN NaN NaN NaN NaN NaN NaN NaN NaN NaN NaN NaN 
NaN NaN NaN NaN NaN NaN NaN NaN NaN NaN NaN NaN NaN NaN NaN NaN NaN NaN NaN NaN NaN NaN NaN NaN NaN NaN NaN NaN NaN NaN NaN NaN NaN NaN NaN NaN NaN NaN NaN NaN 
NaN NaN NaN NaN NaN NaN NaN NaN NaN NaN NaN NaN NaN NaN NaN NaN NaN NaN NaN NaN NaN NaN NaN NaN NaN NaN NaN NaN NaN NaN NaN NaN NaN NaN NaN NaN NaN NaN NaN NaN 
NaN NaN NaN NaN NaN NaN NaN NaN NaN NaN NaN NaN NaN NaN NaN NaN NaN NaN NaN NaN NaN NaN NaN NaN NaN NaN NaN NaN NaN NaN NaN NaN NaN NaN NaN NaN NaN NaN NaN NaN 
NaN NaN NaN NaN NaN NaN NaN NaN NaN NaN NaN NaN NaN NaN NaN NaN NaN NaN NaN NaN NaN NaN NaN NaN NaN NaN NaN NaN NaN NaN NaN NaN NaN NaN NaN NaN NaN NaN NaN NaN 
NaN NaN NaN NaN NaN NaN NaN NaN NaN NaN NaN NaN NaN NaN NaN NaN NaN NaN NaN NaN NaN NaN NaN NaN NaN NaN NaN NaN NaN NaN NaN NaN NaN NaN NaN NaN NaN NaN NaN NaN 
NaN NaN NaN NaN NaN NaN NaN NaN NaN NaN NaN NaN NaN NaN NaN NaN NaN NaN NaN NaN NaN NaN NaN NaN NaN NaN NaN NaN NaN NaN NaN NaN NaN NaN NaN NaN NaN NaN NaN NaN 
NaN NaN NaN NaN NaN NaN NaN NaN NaN NaN NaN NaN NaN NaN NaN NaN NaN NaN NaN NaN NaN NaN NaN NaN NaN NaN NaN NaN NaN NaN NaN NaN NaN NaN NaN NaN NaN NaN NaN NaN 
NaN NaN NaN NaN NaN NaN NaN NaN NaN NaN NaN NaN NaN NaN NaN NaN NaN NaN NaN NaN NaN NaN NaN NaN NaN NaN NaN NaN NaN NaN NaN NaN NaN NaN NaN NaN NaN NaN NaN NaN 
NaN NaN NaN NaN NaN NaN NaN NaN NaN NaN NaN NaN NaN NaN NaN NaN NaN NaN NaN NaN NaN NaN NaN NaN NaN NaN NaN NaN NaN NaN NaN NaN NaN NaN NaN NaN NaN NaN NaN NaN 
NaN NaN NaN NaN NaN NaN NaN NaN NaN NaN NaN NaN NaN NaN NaN NaN NaN NaN NaN NaN NaN NaN NaN NaN NaN NaN NaN NaN NaN NaN NaN NaN NaN NaN NaN NaN NaN NaN NaN NaN 
NaN NaN NaN NaN NaN NaN NaN NaN NaN NaN NaN NaN NaN NaN NaN NaN NaN NaN NaN NaN NaN NaN NaN NaN NaN NaN NaN NaN NaN NaN NaN NaN NaN NaN NaN NaN NaN NaN NaN NaN 
NaN NaN NaN NaN NaN NaN NaN NaN NaN NaN NaN NaN NaN NaN NaN NaN NaN NaN NaN NaN NaN NaN NaN NaN NaN NaN NaN NaN NaN NaN NaN NaN NaN NaN NaN NaN NaN NaN NaN NaN 
NaN NaN NaN NaN NaN NaN NaN NaN NaN NaN NaN NaN NaN NaN NaN NaN NaN NaN NaN NaN NaN NaN NaN NaN NaN NaN NaN NaN NaN NaN NaN NaN NaN NaN NaN NaN NaN NaN NaN NaN 
NaN NaN NaN NaN NaN NaN NaN NaN NaN NaN NaN NaN NaN NaN NaN NaN NaN NaN NaN NaN NaN NaN NaN NaN NaN NaN NaN NaN NaN NaN NaN NaN NaN NaN NaN NaN NaN NaN NaN NaN 
NaN NaN NaN NaN NaN NaN NaN NaN NaN NaN NaN NaN NaN NaN NaN NaN NaN NaN NaN NaN NaN NaN NaN NaN NaN NaN NaN NaN NaN NaN NaN NaN NaN NaN NaN NaN NaN NaN NaN NaN 
NaN NaN NaN NaN NaN NaN NaN NaN NaN NaN NaN NaN NaN NaN NaN NaN NaN NaN NaN NaN NaN NaN NaN NaN NaN NaN NaN NaN NaN NaN NaN NaN NaN NaN NaN NaN NaN NaN NaN NaN 
NaN NaN NaN NaN NaN NaN NaN NaN NaN NaN NaN NaN NaN NaN NaN NaN NaN NaN NaN NaN NaN NaN NaN NaN NaN NaN NaN NaN NaN NaN NaN NaN NaN NaN NaN NaN NaN NaN NaN NaN 
NaN NaN NaN NaN NaN NaN NaN NaN NaN NaN NaN NaN NaN NaN NaN NaN NaN NaN NaN NaN NaN NaN NaN NaN NaN NaN NaN NaN NaN NaN NaN NaN NaN NaN NaN NaN NaN NaN NaN NaN 
NaN NaN NaN NaN NaN NaN NaN NaN NaN NaN NaN NaN NaN NaN NaN NaN NaN NaN NaN NaN NaN NaN NaN NaN NaN NaN NaN NaN NaN NaN NaN NaN NaN NaN NaN NaN NaN NaN NaN NaN 
NaN NaN NaN NaN NaN NaN NaN NaN NaN NaN NaN NaN NaN NaN NaN NaN NaN NaN NaN NaN NaN NaN NaN NaN NaN NaN NaN NaN NaN NaN NaN NaN NaN NaN NaN NaN NaN NaN NaN NaN 
NaN NaN NaN NaN NaN NaN NaN NaN NaN NaN NaN NaN NaN NaN NaN NaN NaN NaN NaN NaN NaN NaN NaN NaN NaN NaN NaN NaN NaN NaN NaN NaN NaN NaN NaN NaN NaN NaN NaN NaN 
NaN NaN NaN NaN NaN NaN NaN NaN NaN NaN NaN NaN NaN NaN NaN NaN NaN NaN NaN NaN NaN NaN NaN NaN NaN NaN NaN NaN NaN NaN NaN NaN NaN NaN NaN NaN NaN NaN NaN NaN 
NaN NaN NaN NaN NaN NaN NaN NaN NaN NaN NaN NaN NaN NaN NaN NaN NaN NaN NaN NaN NaN NaN NaN NaN NaN NaN NaN NaN NaN NaN NaN NaN NaN NaN NaN NaN NaN NaN NaN NaN 
NaN NaN NaN NaN NaN NaN NaN NaN NaN NaN NaN NaN NaN NaN NaN NaN NaN NaN NaN NaN NaN NaN NaN NaN NaN NaN NaN NaN NaN NaN NaN NaN NaN NaN NaN NaN NaN NaN NaN NaN 
NaN NaN NaN NaN NaN NaN NaN NaN NaN NaN NaN NaN NaN NaN NaN NaN NaN NaN NaN NaN NaN NaN NaN NaN NaN NaN NaN NaN NaN NaN NaN NaN NaN NaN NaN NaN NaN NaN NaN NaN 
NaN NaN NaN NaN NaN NaN NaN NaN NaN NaN NaN NaN NaN NaN NaN NaN NaN NaN NaN NaN NaN NaN NaN NaN NaN NaN NaN NaN NaN NaN NaN NaN NaN NaN NaN NaN NaN NaN NaN NaN 
NaN NaN NaN NaN NaN NaN NaN NaN NaN NaN NaN NaN NaN NaN NaN NaN NaN NaN NaN NaN NaN NaN NaN NaN NaN NaN NaN NaN NaN NaN NaN NaN NaN NaN NaN NaN NaN NaN NaN NaN 
NaN NaN NaN NaN NaN NaN NaN NaN NaN NaN NaN NaN NaN NaN NaN NaN NaN NaN NaN NaN NaN NaN NaN NaN NaN NaN NaN NaN NaN NaN NaN NaN NaN NaN NaN NaN NaN NaN NaN NaN 
NaN NaN NaN NaN NaN NaN NaN NaN NaN NaN NaN NaN NaN NaN NaN NaN NaN NaN NaN NaN NaN NaN NaN NaN NaN NaN NaN NaN NaN NaN NaN NaN NaN NaN NaN NaN NaN NaN NaN NaN 
NaN NaN NaN NaN NaN NaN NaN NaN NaN NaN NaN NaN NaN NaN NaN NaN NaN NaN NaN NaN NaN NaN NaN NaN NaN NaN NaN NaN NaN NaN NaN NaN NaN NaN NaN NaN NaN NaN NaN NaN 
-61.424505 -66.295305 -69.950893 -70.893810 -72.302685 -73.685335 -77.824683 -81.084501 -81.251146 -81.729965 -76.974674 -76.207117 -81.026332 -89.421812 -85.368256 -81.062117 -83.489653 -84.535721 -82.372959 -78.359789 -77.162010 -82.613146 -83.696317 -78.218893 -80.232125 -80.526270 -84.109611 -82.681544 -82.043667 -82.931216 -79.387762 -80.926118 -80.180015 -77.864210 -77.599373 -77.399548 -83.167949 -79.712287 -82.263486 -84.335257 
-53.801446 -71.553811 -79.093582 -69.095841 -69.126012 -68.172029 -75.726552 -74.639943 -71.772850 -72.176937 -71.319791 -71.252253 -70.138018 -70.868193 -76.127367 -74.989144 -69.744459 -69.650241 -75.551750 -71.760577 -70.515680 -73.619414 -74.572933 -70.778164 -73.197073 -72.239696 -75.186385 -72.059095 -73.069569 -75.115613 -72.397425 -71.854353 -74.277947 -70.395839 -71.276352 -74.017719 -74.998212 -72.929827 -73.230422 -75.178143 
-55.147011 -68.635946 -65.930224 -65.898002 -69.439590 -66.647737 -69.329818 -61.439520 -64.286015 -68.271482 -70.551372 -70.557522 -73.447105 -74.074091 -71.718398 -70.595611 -65.010844 -72.070845 -75.615700 -72.040794 -72.649859 -71.733661 -71.696499 -71.937021 -77.076970 -74.998409 -73.834601 -71.402304 -69.465651 -72.794896 -74.459344 -74.158761 -72.240886 -71.800755 -74.544635 -69.024020 -69.624183 -72.749749 -74.312502 -76.773660 
-51.599873 -62.892731 -68.453767 -70.870035 -64.512009 -62.873623 -62.693900 -62.051435 -65.076625 -65.326116 -68.832339 -70.285824 -64.610133 -67.338612 -67.512305 -68.099769 -64.800256 -70.878821 -71.095966 -65.493673 -69.367483 -70.600092 -69.907450 -70.800329 -74.992678 -75.687116 -71.451823 -68.055259 -72.326726 -73.967062 -72.976124 -72.858708 -69.885107 -72.788556 -70.324374 -71.706926 -70.939465 -73.953827 -72.267037 -71.874785 
-32.771970 -36.504665 -45.397475 -47.528678 -45.417324 -44.154517 -46.847609 -47.809151 -49.461493 -47.487097 -50.487170 -54.875377 -54.566790 -60.680375 -57.710955 -57.736532 -55.339845 -55.998150 -58.903081 -57.239302 -59.507859 -64.005505 -60.073894 -60.724213 -61.167080 -59.425022 -61.237768 -60.082112 -57.683709 -64.179876 -71.420498 -70.957352 -69.745819 -67.555312 -66.578168 -68.110865 -66.104902 -66.950053 -71.730151 -72.465233 
-23.046575 -28.607898 -36.903354 -38.799350 -46.416972 -44.449184 -45.084898 -47.939587 -54.509890 -51.278187 -53.949645 -56.335602 -59.355368 -57.840369 -59.328681 -56.779828 -57.089228 -58.064654 -58.649666 -56.480132 -55.948511 -61.000824 -58.245470 -58.878871 -61.682808 -61.597806 -58.781610 -57.371753 -61.225188 -63.549895 -62.211160 -65.112594 -62.633015 -65.224594 -65.379475 -63.511784 -63.335007 -62.497316 -70.711656 -70.984267 
-18.177085 -20.536257 -30.817754 -42.309321 -45.952031 -44.915500 -43.954235 -45.083376 -46.928847 -53.895236 -51.315824 -54.402278 -56.590071 -59.094506 -57.166063 -54.800644 -55.439670 -52.588914 -53.665911 -50.210820 -51.281987 -58.005702 -52.411579 -53.108285 -61.483022 -59.526006 -55.337994 -61.225972 -59.529322 -61.455793 -61.518428 -63.386927 -61.460708 -62.156271 -61.566070 -61.988889 -62.589464 -60.841593 -69.001590 -67.148958 
-17.639712 -22.871038 -33.223826 -43.767260 -49.531234 -44.087077 -42.143308 -47.605132 -44.542446 -46.323998 -48.532182 -41.060161 -45.376122 -54.165334 -53.442784 -49.998476 -47.458473 -45.248788 -51.555940 -45.524940 -46.178088 -47.653031 -44.948879 -45.703613 -51.905509 -56.276645 -48.127428 -48.929852 -52.180071 -55.478303 -60.093375 -63.493548 -61.072764 -58.817208 -57.998732 -59.104007 -59.101698 -60.875378 -60.657228 -66.525081 
-18.788768 -23.797679 -32.939754 -34.157983 -37.712377 -33.972906 -30.606900 -29.442844 -36.219467 -33.695892 -35.849561 -37.533150 -32.888240 -39.287069 -39.155990 -39.328023 -45.303919 -38.712506 -39.444046 -33.373285 -32.455147 -33.350795 -30.439580 -31.813814 -39.508277 -35.382240 -22.895771 -25.704537 -34.040727 -35.390528 -38.671808 -37.088404 -38.787524 -39.397082 -40.713449 -40.781929 -40.381284 -41.405031 -41.703669 -50.674000 
-19.171265 -25.195061 -38.382983 -36.315892 -34.533880 -33.923988 -27.946090 -24.479168 -33.515314 -32.054148 -31.767525 -37.945361 -41.627073 -37.027814 -37.932814 -41.066536 -42.466815 -41.510674 -35.291470 -22.941089 -23.470154 -26.062719 -20.651928 -14.047550 -23.918816 -22.764408 -12.535380 -14.277464 -19.480305 -22.103770 -23.060809 -25.592057 -26.010550 -22.584354 -26.919635 -27.542640 -25.773034 -30.265270 -32.256640 -39.110023 
-25.150099 -30.309573 -38.910615 -46.389507 -53.571612 -48.090676 -32.147827 -27.103886 -27.637538 -32.650757 -27.502067 -42.227099 -55.712555 -48.251235 -47.508073 -53.289043 -50.827642 -48.714493 -32.645308 -18.699219 -24.197067 -18.808841 -16.265580 -7.130698 -17.148418 -19.564918 -7.401155 -2.663144 -9.180454 -14.950472 -19.379640 -21.268706 -17.067654 -15.106300 -21.093486 -20.340484 -19.988276 -21.263713 -25.593625 -29.870749 
-26.205564 -30.454943 -44.305015 -48.997283 -45.878392 -43.993151 -35.592477 -27.127714 -30.650891 -34.611386 -27.948177 -35.628333 -40.532037 -40.340482 -43.501188 -40.681950 -39.065929 -42.146857 -35.263741 -23.816556 -29.697639 -19.398164 -17.219162 -11.375943 -16.516464 -11.777593 -2.213694 2.212870 -9.535991 -11.806633 -13.846051 -16.595893 -14.362765 -13.657300 -16.222397 -16.067732 -15.796566 -16.975902 -19.830981 -23.920837 
-22.447066 -24.484029 -34.158659 -44.164668 -41.646652 -33.405060 -25.316835 -24.112180 -24.006970 -30.921665 -30.756634 -31.371910 -35.167134 -33.670919 -38.391555 -35.093641 -32.604005 -36.782168 -31.264235 -18.782745 -24.719032 -22.259500 -18.798829 -6.897080 -10.828233 -10.904373 -5.842934 0.235627 -3.821419 -9.091260 -13.147966 -16.761473 -12.600485 -9.710206 -12.736787 -12.604880 -10.879054 -11.496625 -15.030604 -18.974201 
-27.099950 -25.916723 -29.179407 -39.885508 -43.159625 -31.319270 -24.469222 -25.801271 -25.956526 -32.263209 -32.294218 -27.316978 -26.966735 -29.567325 -35.358907 -31.571237 -31.251681 -28.018714 -26.764300 -19.332390 -19.630753 -18.380047 -15.034133 -8.363155 -12.172828 -10.834720 -1.054223 5.826423 -3.304572 -7.289493 -13.295916 -13.494908 -11.142921 -8.973964 -10.718175 -9.800240 -6.796691 -7.598914 -11.150983 -18.403499 
-20.736530 -21.870180 -32.591727 -34.633531 -31.700357 -27.609126 -20.831623 -21.173997 -25.706162 -26.344999 -30.075294 -27.259782 -26.488807 -27.349415 -28.968487 -32.515431 -29.941954 -27.264058 -23.085618 -17.489185 -15.284115 -17.548983 -12.188771 -4.506991 -8.892541 -8.647344 4.644960 5.218204 -0.907338 -4.630574 -9.207002 -8.953523 -10.097667 -7.412914 -9.489546 -6.958311 -5.581204 -4.533491 -9.492004 -13.931374 
-19.844523 -21.625710 -34.674694 -33.448106 -33.180155 -36.907620 -32.283103 -24.886568 -27.964468 -35.835879 -28.539113 -25.931933 -24.688685 -24.873136 -22.174583 -26.340878 -32.020158 -27.845199 -21.786314 -17.279408 -13.280721 -13.637663 -11.079376 -7.049785 -5.116157 -7.864899 4.967006 6.333105 -1.653252 -6.219941 -7.327012 -7.229688 -7.228993 -5.886750 -7.156416 -5.095969 -2.816215 -4.143441 -7.897352 -11.820724 
-18.160828 -18.637131 -23.149076 -32.799129 -40.175739 -28.654685 -20.892778 -20.697687 -22.348022 -26.398908 -33.003294 -36.450065 -25.705067 -24.353379 -23.971665 -29.172843 -32.866318 -24.880170 -19.267546 -21.196041 -17.897984 -16.691700 -9.738101 -0.509388 -3.528678 -8.046728 5.654292 8.953683 4.639136 -1.203669 -4.222629 -3.775348 -2.851673 -2.698997 -2.715366 -3.366051 -0.164562 0.433345 -4.554701 -7.989141 
-22.378955 -28.691846 -29.529702 -35.414922 -35.782795 -33.327702 -23.042399 -30.116264 -27.155396 -31.018872 -37.906556 -32.382782 -22.801060 -16.894782 -22.851460 -27.919459 -23.551208 -24.216231 -26.637981 -17.235479 -17.250779 -15.311260 -8.058798 -0.836994 -0.263058 -4.520754 4.204198 7.333518 6.763578 -1.113058 -5.914305 -0.542593 -3.417623 -2.393133 -0.701265 -3.230801 -0.992663 -0.738964 -3.064611 -8.335514 
-22.953473 -23.033185 -30.694712 -33.939711 -33.928873 -30.465813 -28.003863 -24.382978 -28.267536 -34.298069 -32.898944 -27.857958 -24.238917 -20.548896 -22.123256 -23.663246 -29.111004 -26.037706 -25.418109 -16.800809 -13.298541 -13.489539 -6.273577 0.131873 -0.580559 -2.201490 7.375699 13.403307 6.534640 1.514938 -4.449892 -0.875408 -4.969967 -1.396690 -2.014945 -2.388937 -1.726694 -0.065645 -3.431792 -7.668571 
-22.042604 -24.065314 -32.022213 -28.352897 -34.001739 -32.669585 -28.666703 -26.170654 -31.715748 -30.122261 -30.798652 -27.092995 -26.295771 -26.143594 -25.362593 -28.394332 -29.580923 -23.409032 -19.221737 -18.116513 -12.410847 -10.612676 -9.851705 -0.265624 3.820597 0.231331 6.438789 11.885440 8.033118 1.602506 -8.070367 -8.337174 -4.918959 0.924843 -1.747229 -0.506439 2.163508 1.192196 -2.196630 -6.125016 
-13.824324 -16.588395 -28.508913 -30.685628 -28.167394 -23.225256 -20.383386 -20.177754 -28.880586 -26.695022 -31.913285 -30.100035 -32.247321 -22.982130 -25.358964 -25.290263 -28.047826 -23.338416 -20.849875 -15.224826 -13.599444 -12.640149 -14.973079 4.074738 4.123928 -2.586248 3.972917 8.639605 5.415114 4.864558 -6.221812 -0.796315 0.006159 1.547757 -2.358369 -4.245559 2.675653 4.265676 -2.344139 -6.762254 
-12.004033 -14.889306 -25.215679 -22.935239 -20.274334 -23.718532 -26.766044 -26.802244 -25.054032 -26.851651 -26.478619 -26.663781 -29.550236 -24.819868 -30.804820 -27.572276 -26.559390 -19.097411 -20.212498 -14.163834 -11.455824 -13.982342 -17.193597 1.045612 3.943593 0.865130 6.527764 13.536437 7.957627 4.485256 -4.059495 -2.448450 1.101559 1.354002 -4.682357 -4.955299 -0.124334 3.756953 -3.114370 -6.354287 
-20.341932 -21.394065 -23.190616 -22.214126 -18.523521 -19.316546 -26.213507 -25.312690 -24.473528 -24.940130 -28.003898 -33.408661 -26.393212 -24.382752 -26.852706 -26.022967 -25.183734 -23.087940 -22.656290 -15.780048 -13.465761 -8.428426 -14.152189 0.564147 5.242034 -1.315635 5.402270 16.613655 6.162343 1.527926 -3.087682 -0.262687 0.651599 -0.574322 -3.711900 -3.733225 -2.137249 2.152289 -1.694268 -6.944838 
-30.981124 -22.631540 -21.019275 -17.349382 -20.556692 -30.338711 -23.081486 -29.137731 -29.724398 -29.879429 -35.037745 -30.335956 -29.587448 -35.205829 -28.362124 -25.366016 -22.554346 -23.369815 -18.989868 -16.741951 -11.300657 -7.531445 -9.083435 -2.039415 7.796273 1.017382 -2.383871 7.966158 5.140619 -1.331634 -4.133009 -1.921074 -2.213333 -0.211169 -1.462830 -2.818763 0.268195 -0.513671 -4.898987 -8.562005 
-27.513447 -14.496381 -8.651750 -11.651576 -15.237200 -21.183435 -20.045874 -18.169146 -20.719761 -25.590932 -25.589825 -24.639627 -27.195656 -27.217382 -23.272285 -21.742019 -23.495125 -22.339164 -17.492127 -13.148639 -10.002930 -4.536633 -9.885448 -1.140617 4.773137 0.337589 -6.900153 -0.320685 1.455949 -3.290093 -8.481590 -6.213907 -5.321511 -5.098994 -7.669179 -5.626030 -1.723237 -5.298982 -6.796839 -15.170422 
-6.796678 5.879095 15.668378 18.628816 15.687505 7.705498 4.245196 0.291607 -12.591033 -19.390334 -15.055397 -20.287639 -20.581741 -23.457320 -26.560587 -25.566717 -22.381988 -21.862165 -18.192692 -14.270603 -12.957626 -5.021843 -6.560773 -2.159821 -1.367314 -6.044748 -7.698024 -1.968000 -3.437877 -7.364694 -11.594806 -13.571991 -11.693229 -9.410266 -9.540076 -11.833692 -9.092915 -10.340774 -15.479751 -24.478016 
-3.354061 5.847652 21.941568 25.863603 17.177308 16.042596 16.677825 6.676445 -8.828040 -13.971678 -7.913172 -11.369132 -12.032842 -13.684709 -14.655773 -17.381095 -17.447696 -18.971865 -14.127859 -8.546211 -4.580779 2.228485 -0.120028 -5.481427 -3.107162 0.840817 -1.214133 -0.160189 -2.162963 -6.424979 -20.259756 -18.296078 -21.273734 -15.182474 -15.360873 -15.793733 -12.741684 -17.720908 -19.431574 -29.287573 
-9.446476 -2.396667 20.220457 26.168441 14.708479 11.320874 18.646828 7.556329 -9.363873 -6.896903 -13.164413 -6.547030 -14.133869 -10.163978 -15.968704 -13.029044 -15.924495 -17.283954 -15.118126 -9.873903 -7.169151 3.207852 0.301078 -4.356162 -2.310569 0.281416 0.454575 4.183202 0.610332 -2.600550 -20.216717 -23.501272 -24.550145 -21.344287 -22.479295 -24.122442 -21.605562 -24.527197 -26.391123 -30.556474 
-18.175165 -8.731399 18.404495 25.978595 15.145526 4.363031 16.598748 8.339238 -13.172973 -7.798250 -24.806906 -6.879978 -13.832472 -11.143697 -18.739200 -13.721791 -19.819442 -17.473515 -12.766267 -11.778806 -8.312354 -0.029404 1.270422 -4.228433 -4.736622 -1.927794 -2.684822 0.849114 -1.335937 -7.040845 -19.716446 -36.026685 -35.388513 -35.335925 -36.005379 -34.301038 -28.263206 -31.973025 -38.348526 -31.615547 
-15.366525 -10.258643 16.977870 25.460424 15.373116 -0.368046 15.071509 8.239620 -15.318334 -8.487498 -22.097296 -7.591279 -16.268781 -14.000578 -21.104565 -15.987256 -20.560745 -19.179509 -14.758805 -17.285703 -10.236603 -1.698942 0.354260 -8.027123 -7.961365 -3.220950 -3.241952 1.256319 -0.002532 -10.433066 -19.117350 -31.743983 -33.290609 -39.045782 -35.719733 -36.186614 -26.993825 -30.728372 -40.414387 -31.843894 
-13.438144 -14.321775 15.784673 24.905709 15.323859 -0.510369 14.436838 8.074476 -13.633641 -8.462080 -21.292000 -7.936396 -16.290040 -13.586461 -19.949822 -17.344051 -21.397477 -19.596818 -16.113000 -18.759281 -12.073121 -4.936004 -1.786548 -11.302211 -7.650285 -5.384252 -4.638485 -0.713000 -0.724572 -11.305405 -18.780335 -28.078394 -33.945972 -40.718044 -35.107525 -41.225224 -26.196319 -29.307334 -42.835935 -32.734194 
-20.688250 -18.120286 15.622864 24.788471 15.349363 -1.287378 14.213831 8.386166 -15.323466 -8.866782 -21.415338 -7.996134 -15.601974 -13.932166 -20.500348 -18.506917 -24.386552 -20.802765 -15.732937 -23.346622 -12.862505 -6.127834 -5.300998 -12.351652 -8.233219 -4.449150 -3.624606 -0.356729 -1.188133 -13.399883 -22.078284 -27.723631 -33.066262 -41.136277 -34.723472 -39.925377 -25.407483 -27.977573 -39.426783 -32.029398 
-20.820516 -14.000723 15.611865 24.759600 15.439703 -1.054763 14.798562 8.966542 -17.409798 -8.340660 -21.125867 -7.233374 -14.606296 -12.615438 -18.537494 -16.756478 -21.555185 -20.649948 -16.746122 -17.316544 -10.373776 -2.704868 -0.454678 -7.960154 -9.915635 -3.683279 -5.990655 -1.514124 -0.503011 -13.063841 -25.302579 -27.324359 -31.101222 -38.754607 -32.933081 -41.412322 -25.919567 -30.063371 -39.332035 -31.159763 
-24.360994 -11.956496 15.778751 24.589909 14.899548 -0.948992 15.309884 8.719011 -12.754203 -7.112713 -17.102938 -7.921807 -15.858426 -11.930668 -17.749072 -16.757627 -20.258178 -20.049787 -17.805037 -15.310157 -11.474028 -3.525536 3.368866 -7.056449 -7.493097 -2.186885 -2.917971 0.155241 0.226661 -11.707321 -23.521583 -29.488702 -32.861791 -39.554538 -33.332958 -40.024606 -28.504574 -32.682737 -38.707461 -29.867956 
-25.590009 -12.479028 16.748426 24.395252 13.543424 5.985159 16.877391 7.400539 -12.494826 -9.084690 -14.183979 -8.762009 -14.347869 -11.436567 -17.854752 -16.764337 -18.598855 -19.761920 -18.707095 -14.728020 -11.647597 -0.807440 1.893977 -7.266095 -5.438921 -3.453769 -4.682409 1.615077 0.962527 -10.173121 -21.241854 -28.689783 -31.729940 -33.301701 -30.186641 -33.704538 -26.682243 -27.555298 -34.007326 -29.208885 
-10.712223 -4.640588 17.981241 23.797605 11.253315 9.673047 17.950012 4.967333 -10.074690 -11.980018 -14.815631 -10.254823 -15.891937 -13.380214 -16.869521 -16.780710 -17.136776 -18.777341 -19.238460 -12.839368 -10.830784 1.660082 1.602139 -9.147279 -6.629865 -5.282556 -4.386073 0.404618 -2.021450 -8.609037 -20.297285 -29.442333 -32.756067 -38.424665 -36.377537 -40.571364 -29.532873 -31.384911 -39.951088 -30.298268 
-13.981349 -2.349663 19.236839 22.887329 8.389893 15.731639 18.967586 1.224657 -8.279496 -18.218352 -10.060223 -14.605448 -11.419728 -15.367956 -14.051669 -20.870687 -20.111758 -16.735878 -15.606916 -13.710203 -11.714928 0.184285 2.948649 -5.364888 -4.735535 -7.801205 -13.137337 -1.839890 -4.128111 -12.148061 -22.045870 -32.605940 -35.035579 -42.337542 -41.095608 -50.318902 -34.749400 -35.501529 -45.262143 -32.349328 
-17.685544 4.342367 21.411018 22.685146 8.143105 20.027060 19.643685 -2.355249 -4.432388 -10.040151 -8.613436 -12.808810 -10.473288 -13.086807 -14.286429 -18.064130 -18.240855 -17.203367 -15.612582 -15.540216 -11.052970 2.680331 -0.137728 -6.324295 -11.202806 -14.927006 -11.017812 -4.732443 -7.684320 -15.452055 -24.247806 -28.896769 -30.433754 -31.103627 -31.451992 -31.936547 -29.118875 -30.795789 -32.320738 -29.152632 
-18.536782 8.271979 21.741552 19.858547 10.019190 23.178502 18.822178 -3.955085 -7.699856 -10.237044 -9.954752 -13.176249 -13.289307 -17.442399 -21.296940 -25.542366 -21.552412 -20.326352 -17.904350 -11.489822 -2.870769 0.887467 -5.130611 -5.524235 -17.678248 -22.355072 -17.138565 -9.509475 -12.390642 -15.917888 -22.995563 -35.563016 -42.487074 -52.132040 -51.168574 -53.580930 -41.623704 -47.316262 -46.314971 -34.775192 
-6.997286 10.431331 18.220128 15.993599 16.236415 19.875221 14.202764 -0.068229 -13.147552 -11.459731 -16.686723 -20.987846 -16.375126 -21.088799 -26.762609 -25.789473 -24.898815 -20.428521 -16.546235 -9.282367 -5.989913 -12.663388 -14.158511 -14.228187 -26.997554 -28.420144 -24.210857 -16.711823 -21.429868 -24.108536 -30.920154 -36.448607 -40.411868 -43.335702 -44.571696 -44.935120 -41.550287 -43.898017 -43.733787 -39.955099 
-4.417684 10.645945 16.278249 9.772246 3.642524 1.059078 -5.704869 -7.060841 -14.169941 -17.248272 -16.939721 -21.404516 -24.738905 -25.300286 -25.650284 -26.364955 -25.996616 -23.314372 -22.576350 -19.651417 -17.309305 -21.133884 -23.948253 -26.698646 -30.586592 -35.374511 -31.989328 -31.277622 -30.206689 -32.794548 -36.179063 -37.644353 -38.599483 -39.221033 -39.669607 -40.084297 -40.354648 -40.528170 -40.803362 -39.886147 
-6.519851 7.480836 12.690183 5.498101 -10.288632 -10.347754 -8.746217 -22.096275 -26.853681 -31.062131 -31.755128 -32.771072 -37.589295 -37.842160 -38.621537 -39.783142 -37.455129 -37.338527 -34.524351 -30.196756 -23.877959 -26.681740 -29.750117 -33.396205 -35.999795 -45.372561 -40.939132 -38.310997 -37.917267 -43.811289 -47.027997 -49.459315 -50.504705 -50.652708 -50.753373 -51.919968 -51.935204 -52.215282 -52.164458 -49.775486 
-11.151358 -1.824565 -3.256626 -8.277941 -17.595524 -18.095933 -19.820439 -25.028010 -30.004918 -34.738998 -37.025140 -37.400523 -38.829505 -39.112561 -39.621353 -41.932834 -41.802295 -40.724114 -38.952366 -35.073681 -33.963346 -35.968759 -39.556792 -43.071781 -44.285363 -47.095996 -47.541766 -45.236767 -46.794532 -49.757532 -51.466416 -52.107441 -52.355030 -52.842441 -53.089337 -53.670501 -53.820367 -53.975145 -54.150589 -54.526473 
-18.925974 -18.508985 -15.274999 -26.912172 -25.584778 -18.909218 -22.969769 -35.785195 -37.653822 -39.958263 -51.273343 -49.435252 -49.548576 -53.777263 -58.366840 -57.402686 -57.637491 -55.384906 -55.737318 -51.310928 -53.890690 -46.534543 -49.041958 -47.299915 -54.152721 -60.217189 -53.636106 -52.140117 -55.127576 -64.616324 -65.586699 -66.785795 -64.823090 -66.250860 -65.622143 -67.043303 -65.853787 -66.697760 -65.797224 -69.991178 
-27.185918 -24.367245 -25.414278 -31.533578 -27.406070 -22.965241 -33.182411 -39.872369 -44.231174 -43.283969 -47.417617 -55.697194 -63.302569 -63.013900 -60.860501 -61.275225 -59.025553 -62.148734 -62.650372 -53.474959 -54.284718 -48.048039 -53.763018 -53.674513 -55.043923 -59.679975 -60.630443 -61.463467 -60.889851 -65.123034 -65.900104 -63.927373 -64.780972 -67.205193 -67.475954 -65.224566 -65.867892 -67.582942 -67.690946 -68.390112 
-19.159755 -22.325717 -19.386083 -25.409311 -35.846147 -34.267541 -39.893784 -41.845761 -49.910530 -53.149587 -54.068326 -60.359805 -64.283945 -66.320197 -64.642414 -65.820367 -63.208791 -60.487950 -58.628573 -55.328512 -56.893033 -52.270814 -58.936518 -52.884173 -58.100817 -61.157252 -62.928976 -63.741527 -66.495885 -65.234255 -69.318317 -68.061858 -64.979335 -68.398012 -66.854362 -65.723407 -67.391572 -66.556944 -65.915883 -68.470075 
-29.970994 -25.093773 -19.753094 -29.564583 -46.558309 -45.696903 -45.817006 -43.413788 -47.738769 -48.528968 -53.303565 -60.412445 -60.249620 -58.501423 -63.745015 -63.897586 -61.979847 -58.599243 -60.118262 -56.485155 -57.174644 -58.170490 -66.270757 -57.612190 -61.686364 -62.982691 -68.082211 -67.574711 -65.199061 -65.597743 -66.373615 -67.942918 -65.238881 -66.504461 -65.919623 -67.814695 -67.856600 -67.452653 -68.392098 -69.382243 
-27.770327 -27.776795 -23.682274 -33.352933 -41.899599 -39.837843 -42.442339 -43.988706 -40.828161 -42.139042 -41.934606 -43.613670 -42.802178 -44.634116 -44.036838 -45.807429 -46.149971 -46.011794 -45.978670 -46.625565 -45.919703 -46.553635 -47.194996 -47.346464 -47.832946 -47.710393 -48.026789 -48.438536 -48.641863 -49.047621 -49.393963 -49.737259 -50.473154 -50.473666 -51.048721 -51.731355 -51.911242 -52.240632 -53.204386 -52.839690 
-3.966299 -0.937127 -2.846564 -6.535891 -6.879531 -6.779821 -8.243283 -11.581597 -17.704890 -18.670122 -19.316572 -17.208423 -17.068345 -19.801068 -23.124334 -26.387785 -24.348635 -22.875823 -23.873242 -24.565134 -26.338413 -29.943082 -28.209583 -28.317643 -31.607417 -37.471009 -34.875256 -31.382290 -40.849828 -39.720761 -38.750792 -33.632223 -30.811903 -34.878926 -34.219104 -33.725462 -30.753554 -33.776926 -43.665194 -43.162373 
5.681819 5.681097 -3.738152 -16.166997 -11.873330 -10.601982 -12.586079 -14.163406 -18.864994 -19.552682 -24.916128 -20.295308 -19.368880 -25.749954 -27.090440 -26.024742 -23.150475 -20.934524 -28.001326 -29.071892 -30.257641 -25.073674 -23.566333 -28.418025 -30.908223 -31.966312 -30.845800 -22.319768 -29.382353 -29.148544 -30.426559 -33.606231 -33.041652 -33.690448 -34.457974 -33.838264 -32.503778 -33.164984 -34.897836 -40.702139 
2.863300 -3.168898 -16.319274 -23.745645 -20.680630 -22.726211 -29.571018 -24.260311 -17.276784 -17.782304 -21.922371 -22.169717 -19.903300 -32.107930 -32.015966 -27.753814 -25.663237 -21.946908 -26.405003 -29.931199 -33.835739 -22.248188 -23.965786 -27.169168 -32.162471 -35.101869 -35.487374 -28.717692 -29.217092 -34.933466 -36.245837 -34.054818 -35.904354 -33.978858 -37.556127 -35.366258 -34.101139 -32.637196 -37.413424 -39.827471 
-5.039636 -14.957912 -23.138403 -25.126726 -22.641881 -25.290178 -26.532328 -26.781108 -29.957315 -27.882882 -25.319754 -23.372515 -20.310020 -30.484146 -33.431587 -30.671605 -28.832478 -19.746915 -18.819020 -29.153017 -32.856496 -31.362846 -29.175856 -31.885256 -35.720407 -38.870905 -36.787764 -32.626812 -34.108457 -37.764673 -39.125692 -37.603033 -37.267885 -38.753263 -36.821860 -39.014986 -34.466524 -33.733391 -43.775561 -47.445284 
-17.350038 -19.986753 -21.090946 -25.664009 -30.572647 -25.324758 -21.141742 -19.176180 -32.823311 -36.422966 -35.830102 -26.914550 -30.345634 -32.239159 -35.034862 -36.702462 -30.238544 -24.688772 -21.527968 -28.666278 -33.895899 -34.061469 -33.816537 -37.018783 -40.263482 -38.801452 -37.693009 -33.865507 -36.035614 -45.551003 -45.014991 -42.271821 -41.101072 -42.715136 -40.430487 -41.956727 -41.142985 -44.954614 -48.688065 -49.365930 
-28.759271 -27.678220 -26.467408 -34.154089 -35.691921 -28.964589 -24.775685 -24.552200 -30.266756 -30.152275 -31.842802 -26.424554 -34.222812 -31.856111 -35.694601 -37.719575 -34.663623 -23.586695 -21.932613 -35.461861 -42.809587 -41.439200 -41.990082 -42.582764 -45.192198 -43.287665 -46.027474 -37.923716 -39.156447 -50.304545 -44.511998 -43.154682 -42.981131 -45.930369 -44.924628 -44.592828 -43.267986 -44.991044 -49.854494 -50.954894 
-27.257443 -26.967740 -32.850676 -34.992469 -39.103148 -33.505523 -30.987659 -23.583089 -31.559926 -29.891835 -31.069971 -27.623632 -34.066831 -34.877161 -35.704479 -38.571088 -36.439433 -27.663367 -27.908931 -42.786608 -46.516447 -38.426009 -39.700659 -46.234946 -47.046901 -49.802309 -47.679097 -39.882019 -44.490188 -51.215581 -52.053261 -48.301362 -49.533765 -48.488641 -50.636777 -52.365094 -46.692199 -52.496170 -53.312416 -57.045524 
-28.849006 -34.576910 -34.903751 -34.803131 -38.033399 -41.349230 -37.806078 -28.188130 -30.219440 -35.794315 -33.714050 -30.044580 -36.810478 -39.945117 -41.647132 -47.616442 -43.832214 -29.081309 -31.144085 -43.309822 -47.627970 -46.752663 -44.311876 -47.522146 -53.325876 -53.704230 -48.390304 -42.303713 -46.686802 -57.038700 -55.733617 -49.088007 -52.904894 -51.847559 -53.462912 -56.908475 -54.565935 -56.108378 -58.680257 -60.827255 
-25.408500 -32.777999 -29.273212 -30.092600 -36.335707 -36.196981 -34.704047 -34.518512 -40.144682 -39.460804 -38.114870 -32.763293 -33.005592 -41.023217 -49.648741 -45.076024 -41.022087 -37.927085 -32.865877 -44.728956 -49.024204 -48.710600 -48.620688 -52.131459 -58.076113 -58.839359 -58.561698 -49.242286 -54.827364 -60.576912 -62.514884 -59.986836 -60.430202 -58.177525 -61.050957 -57.338685 -56.433017 -62.056079 -65.445715 -69.132700 
-22.456432 -23.219450 -33.659142 -34.810838 -36.157738 -38.773956 -40.814586 -32.946796 -31.122039 -37.657982 -49.594533 -47.241201 -38.527763 -45.732807 -46.320761 -44.705166 -43.644891 -39.653904 -38.253190 -48.666622 -50.624292 -52.210701 -55.074299 -56.848797 -59.437626 -67.125630 -59.774965 -58.076914 -59.767202 -60.839206 -60.211544 -61.352799 -63.942485 -63.788894 -64.655373 -59.641782 -59.699568 -62.076503 -64.670989 -71.207693 
-19.539278 -24.068222 -33.169684 -37.742867 -42.617601 -45.498441 -44.794356 -36.188313 -35.598835 -41.054358 -47.539400 -42.542722 -45.055056 -48.480327 -52.161114 -50.569761 -52.981569 -47.418084 -42.908175 -45.753553 -54.452680 -58.009096 -59.046277 -57.669385 -59.550688 -58.770211 -61.820453 -59.821449 -60.773815 -63.240217 -63.506925 -61.767248 -64.959824 -62.687064 -66.535092 -63.495810 -57.966582 -61.249302 -64.945728 -66.002074 
-38.065596 -44.083065 -51.513268 -47.865656 -49.475394 -55.371120 -51.671099 -50.363216 -50.376656 -54.655076 -59.430906 -56.025529 -55.631856 -60.772644 -62.978752 -58.750527 -62.911944 -61.385207 -58.201222 -60.191410 -60.282056 -62.692639 -68.574915 -68.852184 -68.824503 -65.018540 -66.951946 -67.876909 -69.643420 -70.167758 -66.653714 -69.869244 -70.158158 -66.643240 -68.151031 -69.379215 -65.578813 -69.462204 -70.546321 -71.025712 
-58.866780 -62.078799 -68.094676 -68.280314 -64.671536 -72.870066 -67.792200 -65.304527 -69.732540 -67.548676 -67.414832 -69.974045 -69.615662 -68.682612 -68.149988 -73.305660 -71.342273 -67.559535 -69.745694 -69.812963 -71.392720 -69.500570 -70.385208 -74.261542 -70.937469 -73.560950 -70.313826 -71.164423 -69.861023 -71.976480 -73.253373 -71.989264 -73.208637 -70.350277 -73.098169 -68.774243 -70.169113 -71.894800 -71.496891 -75.176504 
-56.965453 -72.992994 -75.268521 -76.521105 -70.909894 -77.070881 -77.232776 -71.970529 -73.179468 -74.540465 -74.062102 -75.432309 -75.360985 -73.996643 -76.774365 -75.394690 -72.673456 -71.598387 -71.922332 -72.628071 -78.461163 -75.926938 -74.198634 -74.617566 -71.440868 -77.190920 -78.082026 -77.062918 -75.071032 -74.160868 -73.314393 -74.293256 -75.043207 -74.322454 -71.928273 -73.303095 -74.837866 -74.288161 -74.794170 -74.727135 
-57.856994 -73.745050 -76.000800 -73.589724 -71.226001 -79.936974 -75.169644 -74.404511 -75.731454 -79.054523 -80.510411 -73.978261 -73.990436 -70.505783 -71.669597 -74.051772 -77.571607 -71.280951 -72.737435 -75.496162 -73.959248 -73.890608 -76.778005 -74.383418 -75.932458 -76.387755 -77.765024 -74.193325 -72.278373 -74.145275 -73.438565 -75.018786 -75.739497 -77.645452 -74.237349 -74.991576 -76.179720 -75.719028 -73.935261 -77.583673 
-57.957007 -79.765428 -71.441094 -71.112286 -78.403425 -75.497963 -75.859181 -76.371225 -72.237710 -72.703859 -84.394106 -72.397395 -74.340613 -80.081625 -77.349114 -70.581246 -71.203741 -74.741032 -76.590427 -74.653453 -76.437744 -76.013885 -77.751624 -77.838174 -76.247913 -72.844708 -73.731135 -74.592346 -76.595771 -75.743981 -72.827472 -74.928014 -77.848394 -74.745167 -71.374115 -73.409519 -75.163331 -77.008833 -75.751196 -78.340146 
-57.245194 -80.429640 -72.333492 -68.512887 -72.826110 -79.381693 -75.962468 -73.300688 -78.037699 -72.434770 -68.287933 -69.657215 -69.838628 -70.700148 -72.588291 -73.619815 -71.848530 -72.879062 -74.371485 -74.993494 -73.054025 -74.574681 -75.277360 -76.777076 -75.609176 -76.303390 -78.540408 -75.230458 -73.725088 -74.998801 -73.022006 -75.382392 -75.333895 -74.925395 -73.120873 -74.153962 -74.290478 -75.368395 -73.419129 -76.663381 
-57.759668 -74.017283 -73.719623 -71.355352 -70.857768 -73.995880 -78.483570 -79.537172 -77.079667 -75.954882 -72.213277 -69.854651 -73.761631 -73.627740 -76.328633 -75.311534 -78.023022 -75.801904 -75.942656 -74.979533 -73.516894 -75.687563 -73.033532 -75.665247 -75.547661 -76.056844 -77.410056 -73.852805 -72.364340 -74.222952 -73.159942 -75.586081 -74.160328 -77.182449 -74.239799 -76.019752 -74.018905 -74.926442 -71.918874 -75.125970 
-59.671505 -77.925020 -76.664180 -76.710793 -84.690046 -76.652853 -74.957734 -73.790673 -75.516416 -79.539408 -79.520175 -80.377200 -79.302903 -75.977804 -75.111968 -73.546902 -69.759331 -69.928857 -73.780250 -73.355594 -73.250004 -72.189319 -75.291124 -73.192823 -75.695914 -76.045184 -77.882583 -74.525358 -74.122346 -75.985218 -74.081097 -75.036144 -73.798915 -74.491184 -72.225784 -76.218805 -73.125981 -72.731767 -75.882860 -75.106535 
-56.995509 -72.498837 -76.376546 -73.946121 -76.386304 -73.780694 -74.431251 -75.704472 -74.971522 -79.058264 -78.548420 -71.479951 -72.436709 -78.937112 -78.480341 -68.845940 -73.186278 -74.355552 -73.444705 -70.285498 -73.417978 -73.343804 -72.344194 -75.290546 -75.518216 -76.657723 -73.393379 -77.399214 -76.545802 -76.052124 -73.838088 -73.435185 -74.738521 -74.353106 -75.835803 -74.988918 -74.707556 -74.742208 -79.184340 -74.157349 
-58.585678 -65.206528 -68.926406 -70.265504 -74.496399 -77.695423 -73.549578 -76.770396 -78.900500 -76.074034 -72.609530 -73.405678 -79.044667 -75.892030 -76.419921 -75.919518 -73.163090 -75.326640 -76.100124 -75.882634 -74.744775 -71.936058 -79.391401 -79.533112 -81.144833 -83.604977 -76.493009 -80.875476 -75.943414 -79.002073 -76.072451 -73.525893 -76.155768 -74.709833 -78.727391 -77.736809 -78.346785 -74.498935 -76.447508 -76.750971 
-83.080068 -86.814762 -85.638301 -91.212041 -88.865187 -90.500285 -90.020627 -89.466569 -89.719916 -86.605718 -87.552045 -91.839839 -90.159588 -88.726993 -90.636864 -86.670390 -90.438186 -93.151857 -88.766035 -87.749656 -87.019987 -90.132104 -90.814962 -88.561175 -92.992416 -90.826306 -89.299637 -93.787632 -89.136075 -92.735088 -89.352582 -89.055272 -87.992056 -91.376385 -89.486667 -90.072056 -91.408940 -89.984093 -88.741865 -89.938342 
-107.618619 -108.478067 -110.039053 -113.128968 -118.418428 -119.709748 -113.914688 -110.002234 -107.910103 -107.439763 -108.587804 -112.319256 -118.956996 -114.086984 -108.945886 -107.632015 -109.750037 -116.550081 -113.148353 -108.196753 -109.111206 -115.835073 -111.058671 -108.309686 -113.917527 -111.201957 -109.143195 -114.240700 -109.155123 -112.924754 -110.011009 -112.423104 -110.149512 -112.547512 -110.577115 -111.438940 -111.872964 -111.144432 -111.110739 -111.382193 
NaN NaN NaN NaN NaN NaN NaN NaN NaN NaN NaN NaN NaN NaN NaN NaN NaN NaN NaN NaN NaN NaN NaN NaN NaN NaN NaN NaN NaN NaN NaN NaN NaN NaN NaN NaN NaN NaN NaN NaN 
NaN NaN NaN NaN NaN NaN NaN NaN NaN NaN NaN NaN NaN NaN NaN NaN NaN NaN NaN NaN NaN NaN NaN NaN NaN NaN NaN NaN NaN NaN NaN NaN NaN NaN NaN NaN NaN NaN NaN NaN 
NaN NaN NaN NaN NaN NaN NaN NaN NaN NaN NaN NaN NaN NaN NaN NaN NaN NaN NaN NaN NaN NaN NaN NaN NaN NaN NaN NaN NaN NaN NaN NaN NaN NaN NaN NaN NaN NaN NaN NaN 
NaN NaN NaN NaN NaN NaN NaN NaN NaN NaN NaN NaN NaN NaN NaN NaN NaN NaN NaN NaN NaN NaN NaN NaN NaN NaN NaN NaN NaN NaN NaN NaN NaN NaN NaN NaN NaN NaN NaN NaN 
NaN NaN NaN NaN NaN NaN NaN NaN NaN NaN NaN NaN NaN NaN NaN NaN NaN NaN NaN NaN NaN NaN NaN NaN NaN NaN NaN NaN NaN NaN NaN NaN NaN NaN NaN NaN NaN NaN NaN NaN 
NaN NaN NaN NaN NaN NaN NaN NaN NaN NaN NaN NaN NaN NaN NaN NaN NaN NaN NaN NaN NaN NaN NaN NaN NaN NaN NaN NaN NaN NaN NaN NaN NaN NaN NaN NaN NaN NaN NaN NaN 
NaN NaN NaN NaN NaN NaN NaN NaN NaN NaN NaN NaN NaN NaN NaN NaN NaN NaN NaN NaN NaN NaN NaN NaN NaN NaN NaN NaN NaN NaN NaN NaN NaN NaN NaN NaN NaN NaN NaN NaN 
NaN NaN NaN NaN NaN NaN NaN NaN NaN NaN NaN NaN NaN NaN NaN NaN NaN NaN NaN NaN NaN NaN NaN NaN NaN NaN NaN NaN NaN NaN NaN NaN NaN NaN NaN NaN NaN NaN NaN NaN 
NaN NaN NaN NaN NaN NaN NaN NaN NaN NaN NaN NaN NaN NaN NaN NaN NaN NaN NaN NaN NaN NaN NaN NaN NaN NaN NaN NaN NaN NaN NaN NaN NaN NaN NaN NaN NaN NaN NaN NaN 
NaN NaN NaN NaN NaN NaN NaN NaN NaN NaN NaN NaN NaN NaN NaN NaN NaN NaN NaN NaN NaN NaN NaN NaN NaN NaN NaN NaN NaN NaN NaN NaN NaN NaN NaN NaN NaN NaN NaN NaN 
NaN NaN NaN NaN NaN NaN NaN NaN NaN NaN NaN NaN NaN NaN NaN NaN NaN NaN NaN NaN NaN NaN NaN NaN NaN NaN NaN NaN NaN NaN NaN NaN NaN NaN NaN NaN NaN NaN NaN NaN 
NaN NaN NaN NaN NaN NaN NaN NaN NaN NaN NaN NaN NaN NaN NaN NaN NaN NaN NaN NaN NaN NaN NaN NaN NaN NaN NaN NaN NaN NaN NaN NaN NaN NaN NaN NaN NaN NaN NaN NaN 
NaN NaN NaN NaN NaN NaN NaN NaN NaN NaN NaN NaN NaN NaN NaN NaN NaN NaN NaN NaN NaN NaN NaN NaN NaN NaN NaN NaN NaN NaN NaN NaN NaN NaN NaN NaN NaN NaN NaN NaN 
NaN NaN NaN NaN NaN NaN NaN NaN NaN NaN NaN NaN NaN NaN NaN NaN NaN NaN NaN NaN NaN NaN NaN NaN NaN NaN NaN NaN NaN NaN NaN NaN NaN NaN NaN NaN NaN NaN NaN NaN 
NaN NaN NaN NaN NaN NaN NaN NaN NaN NaN NaN NaN NaN NaN NaN NaN NaN NaN NaN NaN NaN NaN NaN NaN NaN NaN NaN NaN NaN NaN NaN NaN NaN NaN NaN NaN NaN NaN NaN NaN 
NaN NaN NaN NaN NaN NaN NaN NaN NaN NaN NaN NaN NaN NaN NaN NaN NaN NaN NaN NaN NaN NaN NaN NaN NaN NaN NaN NaN NaN NaN NaN NaN NaN NaN NaN NaN NaN NaN NaN NaN 
NaN NaN NaN NaN NaN NaN NaN NaN NaN NaN NaN NaN NaN NaN NaN NaN NaN NaN NaN NaN NaN NaN NaN NaN NaN NaN NaN NaN NaN NaN NaN NaN NaN NaN NaN NaN NaN NaN NaN NaN 
NaN NaN NaN NaN NaN NaN NaN NaN NaN NaN NaN NaN NaN NaN NaN NaN NaN NaN NaN NaN NaN NaN NaN NaN NaN NaN NaN NaN NaN NaN NaN NaN NaN NaN NaN NaN NaN NaN NaN NaN 
NaN NaN NaN NaN NaN NaN NaN NaN NaN NaN NaN NaN NaN NaN NaN NaN NaN NaN NaN NaN NaN NaN NaN NaN NaN NaN NaN NaN NaN NaN NaN NaN NaN NaN NaN NaN NaN NaN NaN NaN 
NaN NaN NaN NaN NaN NaN NaN NaN NaN NaN NaN NaN NaN NaN NaN NaN NaN NaN NaN NaN NaN NaN NaN NaN NaN NaN NaN NaN NaN NaN NaN NaN NaN NaN NaN NaN NaN NaN NaN NaN 
NaN NaN NaN NaN NaN NaN NaN NaN NaN NaN NaN NaN NaN NaN NaN NaN NaN NaN NaN NaN NaN NaN NaN NaN NaN NaN NaN NaN NaN NaN NaN NaN NaN NaN NaN NaN NaN NaN NaN NaN 
NaN NaN NaN NaN NaN NaN NaN NaN NaN NaN NaN NaN NaN NaN NaN NaN NaN NaN NaN NaN NaN NaN NaN NaN NaN NaN NaN NaN NaN NaN NaN NaN NaN NaN NaN NaN NaN NaN NaN NaN 
NaN NaN NaN NaN NaN NaN NaN NaN NaN NaN NaN NaN NaN NaN NaN NaN NaN NaN NaN NaN NaN NaN NaN NaN NaN NaN NaN NaN NaN NaN NaN NaN NaN NaN NaN NaN NaN NaN NaN NaN 
NaN NaN NaN NaN NaN NaN NaN NaN NaN NaN NaN NaN NaN NaN NaN NaN NaN NaN NaN NaN NaN NaN NaN NaN NaN NaN NaN NaN NaN NaN NaN NaN NaN NaN NaN NaN NaN NaN NaN NaN 
NaN NaN NaN NaN NaN NaN NaN NaN NaN NaN NaN NaN NaN NaN NaN NaN NaN NaN NaN NaN NaN NaN NaN NaN NaN NaN NaN NaN NaN NaN NaN NaN NaN NaN NaN NaN NaN NaN NaN NaN 
NaN NaN NaN NaN NaN NaN NaN NaN NaN NaN NaN NaN NaN NaN NaN NaN NaN NaN NaN NaN NaN NaN NaN NaN NaN NaN NaN NaN NaN NaN NaN NaN NaN NaN NaN NaN NaN NaN NaN NaN 
NaN NaN NaN NaN NaN NaN NaN NaN NaN NaN NaN NaN NaN NaN NaN NaN NaN NaN NaN NaN NaN NaN NaN NaN NaN NaN NaN NaN NaN NaN NaN NaN NaN NaN NaN NaN NaN NaN NaN NaN 
NaN NaN NaN NaN NaN NaN NaN NaN NaN NaN NaN NaN NaN NaN NaN NaN NaN NaN NaN NaN NaN NaN NaN NaN NaN NaN NaN NaN NaN NaN NaN NaN NaN NaN NaN NaN NaN NaN NaN NaN 
NaN NaN NaN NaN NaN NaN NaN NaN NaN NaN NaN NaN NaN NaN NaN NaN NaN NaN NaN NaN NaN NaN NaN NaN NaN NaN NaN NaN NaN NaN NaN NaN NaN NaN NaN NaN NaN NaN NaN NaN 
NaN NaN NaN NaN NaN NaN NaN NaN NaN NaN NaN NaN NaN NaN NaN NaN NaN NaN NaN NaN NaN NaN NaN NaN NaN NaN NaN NaN NaN NaN NaN NaN NaN NaN NaN NaN NaN NaN NaN NaN 
NaN NaN NaN NaN NaN NaN NaN NaN NaN NaN NaN NaN NaN NaN NaN NaN NaN NaN NaN NaN NaN NaN NaN NaN NaN NaN NaN NaN NaN NaN NaN NaN NaN NaN NaN NaN NaN NaN NaN NaN 
NaN NaN NaN NaN NaN NaN NaN NaN NaN NaN NaN NaN NaN NaN NaN NaN NaN NaN NaN NaN NaN NaN NaN NaN NaN NaN NaN NaN NaN NaN NaN NaN NaN NaN NaN NaN NaN NaN NaN NaN 
NaN NaN NaN NaN NaN NaN NaN NaN NaN NaN NaN NaN NaN NaN NaN NaN NaN NaN NaN NaN NaN NaN NaN NaN NaN NaN NaN NaN NaN NaN NaN NaN NaN NaN NaN NaN NaN NaN NaN NaN 
NaN NaN NaN NaN NaN NaN NaN NaN NaN NaN NaN NaN NaN NaN NaN NaN NaN NaN NaN NaN NaN NaN NaN NaN NaN NaN NaN NaN NaN NaN NaN NaN NaN NaN NaN NaN NaN NaN NaN NaN 
NaN NaN NaN NaN NaN NaN NaN NaN NaN NaN NaN NaN NaN NaN NaN NaN NaN NaN NaN NaN NaN NaN NaN NaN NaN NaN NaN NaN NaN NaN NaN NaN NaN NaN NaN NaN NaN NaN NaN NaN 
NaN NaN NaN NaN NaN NaN NaN NaN NaN NaN NaN NaN NaN NaN NaN NaN NaN NaN NaN NaN NaN NaN NaN NaN NaN NaN NaN NaN NaN NaN NaN NaN NaN NaN NaN NaN NaN NaN NaN NaN 
NaN NaN NaN NaN NaN NaN NaN NaN NaN NaN NaN NaN NaN NaN NaN NaN NaN NaN NaN NaN NaN NaN NaN NaN NaN NaN NaN NaN NaN NaN NaN NaN NaN NaN NaN NaN NaN NaN NaN NaN 
NaN NaN NaN NaN NaN NaN NaN NaN NaN NaN NaN NaN NaN NaN NaN NaN NaN NaN NaN NaN NaN NaN NaN NaN NaN NaN NaN NaN NaN NaN NaN NaN NaN NaN NaN NaN NaN NaN NaN NaN 
NaN NaN NaN NaN NaN NaN NaN NaN NaN NaN NaN NaN NaN NaN NaN NaN NaN NaN NaN NaN NaN NaN NaN NaN NaN NaN NaN NaN NaN NaN NaN NaN NaN NaN NaN NaN NaN NaN NaN NaN 
NaN NaN NaN NaN NaN NaN NaN NaN NaN NaN NaN NaN NaN NaN NaN NaN NaN NaN NaN NaN NaN NaN NaN NaN NaN NaN NaN NaN NaN NaN NaN NaN NaN NaN NaN NaN NaN NaN NaN NaN 
NaN NaN NaN NaN NaN NaN NaN NaN NaN NaN NaN NaN NaN NaN NaN NaN NaN NaN NaN NaN NaN NaN NaN NaN NaN NaN NaN NaN NaN NaN NaN NaN NaN NaN NaN NaN NaN NaN NaN NaN 
NaN NaN NaN NaN NaN NaN NaN NaN NaN NaN NaN NaN NaN NaN NaN NaN NaN NaN NaN NaN NaN NaN NaN NaN NaN NaN NaN NaN NaN NaN NaN NaN NaN NaN NaN NaN NaN NaN NaN NaN 
NaN NaN NaN NaN NaN NaN NaN NaN NaN NaN NaN NaN NaN NaN NaN NaN NaN NaN NaN NaN NaN NaN NaN NaN NaN NaN NaN NaN NaN NaN NaN NaN NaN NaN NaN NaN NaN NaN NaN NaN 
NaN NaN NaN NaN NaN NaN NaN NaN NaN NaN NaN NaN NaN NaN NaN NaN NaN NaN NaN NaN NaN NaN NaN NaN NaN NaN NaN NaN NaN NaN NaN NaN NaN NaN NaN NaN NaN NaN NaN NaN 
NaN NaN NaN NaN NaN NaN NaN NaN NaN NaN NaN NaN NaN NaN NaN NaN NaN NaN NaN NaN NaN NaN NaN NaN NaN NaN NaN NaN NaN NaN NaN NaN NaN NaN NaN NaN NaN NaN NaN NaN 
NaN NaN NaN NaN NaN NaN NaN NaN NaN NaN NaN NaN NaN NaN NaN NaN NaN NaN NaN NaN NaN NaN NaN NaN NaN NaN NaN NaN NaN NaN NaN NaN NaN NaN NaN NaN NaN NaN NaN NaN 
NaN NaN NaN NaN NaN NaN NaN NaN NaN NaN NaN NaN NaN NaN NaN NaN NaN NaN NaN NaN NaN NaN NaN NaN NaN NaN NaN NaN NaN NaN NaN NaN NaN NaN NaN NaN NaN NaN NaN NaN 
NaN NaN NaN NaN NaN NaN NaN NaN NaN NaN NaN NaN NaN NaN NaN NaN NaN NaN NaN NaN NaN NaN NaN NaN NaN NaN NaN NaN NaN NaN NaN NaN NaN NaN NaN NaN NaN NaN NaN NaN 
NaN NaN NaN NaN NaN NaN NaN NaN NaN NaN NaN NaN NaN NaN NaN NaN NaN NaN NaN NaN NaN NaN NaN NaN NaN NaN NaN NaN NaN NaN NaN NaN NaN NaN NaN NaN NaN NaN NaN NaN 
NaN NaN NaN NaN NaN NaN NaN NaN NaN NaN NaN NaN NaN NaN NaN NaN NaN NaN NaN NaN NaN NaN NaN NaN NaN NaN NaN NaN NaN NaN NaN NaN NaN NaN NaN NaN NaN NaN NaN NaN 
NaN NaN NaN NaN NaN NaN NaN NaN NaN NaN NaN NaN NaN NaN NaN NaN NaN NaN NaN NaN NaN NaN NaN NaN NaN NaN NaN NaN NaN NaN NaN NaN NaN NaN NaN NaN NaN NaN NaN NaN 
NaN NaN NaN NaN NaN NaN NaN NaN NaN NaN NaN NaN NaN NaN NaN NaN NaN NaN NaN NaN NaN NaN NaN NaN NaN NaN NaN NaN NaN NaN NaN NaN NaN NaN NaN NaN NaN NaN NaN NaN 
NaN NaN NaN NaN NaN NaN NaN NaN NaN NaN NaN NaN NaN NaN NaN NaN NaN NaN NaN NaN NaN NaN NaN NaN NaN NaN NaN NaN NaN NaN NaN NaN NaN NaN NaN NaN NaN NaN NaN NaN 
NaN NaN NaN NaN NaN NaN NaN NaN NaN NaN NaN NaN NaN NaN NaN NaN NaN NaN NaN NaN NaN NaN NaN NaN NaN NaN NaN NaN NaN NaN NaN NaN NaN NaN NaN NaN NaN NaN NaN NaN 
NaN NaN NaN NaN NaN NaN NaN NaN NaN NaN NaN NaN NaN NaN NaN NaN NaN NaN NaN NaN NaN NaN NaN NaN NaN NaN NaN NaN NaN NaN NaN NaN NaN NaN NaN NaN NaN NaN NaN NaN 
NaN NaN NaN NaN NaN NaN NaN NaN NaN NaN NaN NaN NaN NaN NaN NaN NaN NaN NaN NaN NaN NaN NaN NaN NaN NaN NaN NaN NaN NaN NaN NaN NaN NaN NaN NaN NaN NaN NaN NaN 
NaN NaN NaN NaN NaN NaN NaN NaN NaN NaN NaN NaN NaN NaN NaN NaN NaN NaN NaN NaN NaN NaN NaN NaN NaN NaN NaN NaN NaN NaN NaN NaN NaN NaN NaN NaN NaN NaN NaN NaN 
NaN NaN NaN NaN NaN NaN NaN NaN NaN NaN NaN NaN NaN NaN NaN NaN NaN NaN NaN NaN NaN NaN NaN NaN NaN NaN NaN NaN NaN NaN NaN NaN NaN NaN NaN NaN NaN NaN NaN NaN 
NaN NaN NaN NaN NaN NaN NaN NaN NaN NaN NaN NaN NaN NaN NaN NaN NaN NaN NaN NaN NaN NaN NaN NaN NaN NaN NaN NaN NaN NaN NaN NaN NaN NaN NaN NaN NaN NaN NaN NaN 
NaN NaN NaN NaN NaN NaN NaN NaN NaN NaN NaN NaN NaN NaN NaN NaN NaN NaN NaN NaN NaN NaN NaN NaN NaN NaN NaN NaN NaN NaN NaN NaN NaN NaN NaN NaN NaN NaN NaN NaN 
NaN NaN NaN NaN NaN NaN NaN NaN NaN NaN NaN NaN NaN NaN NaN NaN NaN NaN NaN NaN NaN NaN NaN NaN NaN NaN NaN NaN NaN NaN NaN NaN NaN NaN NaN NaN NaN NaN NaN NaN 
NaN NaN NaN NaN NaN NaN NaN NaN NaN NaN NaN NaN NaN NaN NaN NaN NaN NaN NaN NaN NaN NaN NaN NaN NaN NaN NaN NaN NaN NaN NaN NaN NaN NaN NaN NaN NaN NaN NaN NaN 
NaN NaN NaN NaN NaN NaN NaN NaN NaN NaN NaN NaN NaN NaN NaN NaN NaN NaN NaN NaN NaN NaN NaN NaN NaN NaN NaN NaN NaN NaN NaN NaN NaN NaN NaN NaN NaN NaN NaN NaN 
NaN NaN NaN NaN NaN NaN NaN NaN NaN NaN NaN NaN NaN NaN NaN NaN NaN NaN NaN NaN NaN NaN NaN NaN NaN NaN NaN NaN NaN NaN NaN NaN NaN NaN NaN NaN NaN NaN NaN NaN 
NaN NaN NaN NaN NaN NaN NaN NaN NaN NaN NaN NaN NaN NaN NaN NaN NaN NaN NaN NaN NaN NaN NaN NaN NaN NaN NaN NaN NaN NaN NaN NaN NaN NaN NaN NaN NaN NaN NaN NaN 
NaN NaN NaN NaN NaN NaN NaN NaN NaN NaN NaN NaN NaN NaN NaN NaN NaN NaN NaN NaN NaN NaN NaN NaN NaN NaN NaN NaN NaN NaN NaN NaN NaN NaN NaN NaN NaN NaN NaN NaN 
NaN NaN NaN NaN NaN NaN NaN NaN NaN NaN NaN NaN NaN NaN NaN NaN NaN NaN NaN NaN NaN NaN NaN NaN NaN NaN NaN NaN NaN NaN NaN NaN NaN NaN NaN NaN NaN NaN NaN NaN 
NaN NaN NaN NaN NaN NaN NaN NaN NaN NaN NaN NaN NaN NaN NaN NaN NaN NaN NaN NaN NaN NaN NaN NaN NaN NaN NaN NaN NaN NaN NaN NaN NaN NaN NaN NaN NaN NaN NaN NaN 
NaN NaN NaN NaN NaN NaN NaN NaN NaN NaN NaN NaN NaN NaN NaN NaN NaN NaN NaN NaN NaN NaN NaN NaN NaN NaN NaN NaN NaN NaN NaN NaN NaN NaN NaN NaN NaN NaN NaN NaN 
NaN NaN NaN NaN NaN NaN NaN NaN NaN NaN NaN NaN NaN NaN NaN NaN NaN NaN NaN NaN NaN NaN NaN NaN NaN NaN NaN NaN NaN NaN NaN NaN NaN NaN NaN NaN NaN NaN NaN NaN 
NaN NaN NaN NaN NaN NaN NaN NaN NaN NaN NaN NaN NaN NaN NaN NaN NaN NaN NaN NaN NaN NaN NaN NaN NaN NaN NaN NaN NaN NaN NaN NaN NaN NaN NaN NaN NaN NaN NaN NaN 
