NaN NaN NaN NaN NaN NaN NaN NaN NaN NaN NaN NaN NaN NaN NaN NaN NaN NaN NaN NaN NaN NaN NaN NaN NaN NaN NaN NaN NaN NaN NaN NaN NaN NaN NaN NaN NaN NaN NaN NaN 
NaN NaN NaN NaN NaN NaN NaN NaN NaN NaN NaN NaN NaN NaN NaN NaN NaN NaN NaN NaN NaN NaN NaN NaN NaN NaN NaN NaN NaN NaN NaN NaN NaN NaN NaN NaN NaN NaN NaN NaN 
NaN NaN NaN NaN NaN NaN NaN NaN NaN NaN NaN NaN NaN NaN NaN NaN NaN NaN NaN NaN NaN NaN NaN NaN NaN NaN NaN NaN NaN NaN NaN NaN NaN NaN NaN NaN NaN NaN NaN NaN 
NaN NaN NaN NaN NaN NaN NaN NaN NaN NaN NaN NaN NaN NaN NaN NaN NaN NaN NaN NaN NaN NaN NaN NaN NaN NaN NaN NaN NaN NaN NaN NaN NaN NaN NaN NaN NaN NaN NaN NaN 
NaN NaN NaN NaN NaN NaN NaN NaN NaN NaN NaN NaN NaN NaN NaN NaN NaN NaN NaN NaN NaN NaN NaN NaN NaN NaN NaN NaN NaN NaN NaN NaN NaN NaN NaN NaN NaN NaN NaN NaN 
NaN NaN NaN NaN NaN NaN NaN NaN NaN NaN NaN NaN NaN NaN NaN NaN NaN NaN NaN NaN NaN NaN NaN NaN NaN NaN NaN NaN NaN NaN NaN NaN NaN NaN NaN NaN NaN NaN NaN NaN 
NaN NaN NaN NaN NaN NaN NaN NaN NaN NaN NaN NaN NaN NaN NaN NaN NaN NaN NaN NaN NaN NaN NaN NaN NaN NaN NaN NaN NaN NaN NaN NaN NaN NaN NaN NaN NaN NaN NaN NaN 
NaN NaN NaN NaN NaN NaN NaN NaN NaN NaN NaN NaN NaN NaN NaN NaN NaN NaN NaN NaN NaN NaN NaN NaN NaN NaN NaN NaN NaN NaN NaN NaN NaN NaN NaN NaN NaN NaN NaN NaN 
NaN NaN NaN NaN NaN NaN NaN NaN NaN NaN NaN NaN NaN NaN NaN NaN NaN NaN NaN NaN NaN NaN NaN NaN NaN NaN NaN NaN NaN NaN NaN NaN NaN NaN NaN NaN NaN NaN NaN NaN 
NaN NaN NaN NaN NaN NaN NaN NaN NaN NaN NaN NaN NaN NaN NaN NaN NaN NaN NaN NaN NaN NaN NaN NaN NaN NaN NaN NaN NaN NaN NaN NaN NaN NaN NaN NaN NaN NaN NaN NaN 
NaN NaN NaN NaN NaN NaN NaN NaN NaN NaN NaN NaN NaN NaN NaN NaN NaN NaN NaN NaN NaN NaN NaN NaN NaN NaN NaN NaN NaN NaN NaN NaN NaN NaN NaN NaN NaN NaN NaN NaN 
NaN NaN NaN NaN NaN NaN NaN NaN NaN NaN NaN NaN NaN NaN NaN NaN NaN NaN NaN NaN NaN NaN NaN NaN NaN NaN NaN NaN NaN NaN NaN NaN NaN NaN NaN NaN NaN NaN NaN NaN 
NaN NaN NaN NaN NaN NaN NaN NaN NaN NaN NaN NaN NaN NaN NaN NaN NaN NaN NaN NaN NaN NaN NaN NaN NaN NaN NaN NaN NaN NaN NaN NaN NaN NaN NaN NaN NaN NaN NaN NaN 
NaN NaN NaN NaN NaN NaN NaN NaN NaN NaN NaN NaN NaN NaN NaN NaN NaN NaN NaN NaN NaN NaN NaN NaN NaN NaN NaN NaN NaN NaN NaN NaN NaN NaN NaN NaN NaN NaN NaN NaN 
NaN NaN NaN NaN NaN NaN NaN NaN NaN NaN NaN NaN NaN NaN NaN NaN NaN NaN NaN NaN NaN NaN NaN NaN NaN NaN NaN NaN NaN NaN NaN NaN NaN NaN NaN NaN NaN NaN NaN NaN 
NaN NaN NaN NaN NaN NaN NaN NaN NaN NaN NaN NaN NaN NaN NaN NaN NaN NaN NaN NaN NaN NaN NaN NaN NaN NaN NaN NaN NaN NaN NaN NaN NaN NaN NaN NaN NaN NaN NaN NaN 
NaN NaN NaN NaN NaN NaN NaN NaN NaN NaN NaN NaN NaN NaN NaN NaN NaN NaN NaN NaN NaN NaN NaN NaN NaN NaN NaN NaN NaN NaN NaN NaN NaN NaN NaN NaN NaN NaN NaN NaN 
NaN NaN NaN NaN NaN NaN NaN NaN NaN NaN NaN NaN NaN NaN NaN NaN NaN NaN NaN NaN NaN NaN NaN NaN NaN NaN NaN NaN NaN NaN NaN NaN NaN NaN NaN NaN NaN NaN NaN NaN 
NaN NaN NaN NaN NaN NaN NaN NaN NaN NaN NaN NaN NaN NaN NaN NaN NaN NaN NaN NaN NaN NaN NaN NaN NaN NaN NaN NaN NaN NaN NaN NaN NaN NaN NaN NaN NaN NaN NaN NaN 
NaN NaN NaN NaN NaN NaN NaN NaN NaN NaN NaN NaN NaN NaN NaN NaN NaN NaN NaN NaN NaN NaN NaN NaN NaN NaN NaN NaN NaN NaN NaN NaN NaN NaN NaN NaN NaN NaN NaN NaN 
NaN NaN NaN NaN NaN NaN NaN NaN NaN NaN NaN NaN NaN NaN NaN NaN NaN NaN NaN NaN NaN NaN NaN NaN NaN NaN NaN NaN NaN NaN NaN NaN NaN NaN NaN NaN NaN NaN NaN NaN 
NaN NaN NaN NaN NaN NaN NaN NaN NaN NaN NaN NaN NaN NaN NaN NaN NaN NaN NaN NaN NaN NaN NaN NaN NaN NaN NaN NaN NaN NaN NaN NaN NaN NaN NaN NaN NaN NaN NaN NaN 
NaN NaN NaN NaN NaN NaN NaN NaN NaN NaN NaN NaN NaN NaN NaN NaN NaN NaN NaN NaN NaN NaN NaN NaN NaN NaN NaN NaN NaN NaN NaN NaN NaN NaN NaN NaN NaN NaN NaN NaN 
NaN NaN NaN NaN NaN NaN NaN NaN NaN NaN NaN NaN NaN NaN NaN NaN NaN NaN NaN NaN NaN NaN NaN NaN NaN NaN NaN NaN NaN NaN NaN NaN NaN NaN NaN NaN NaN NaN NaN NaN 
NaN NaN NaN NaN NaN NaN NaN NaN NaN NaN NaN NaN NaN NaN NaN NaN NaN NaN NaN NaN NaN NaN NaN NaN NaN NaN NaN NaN NaN NaN NaN NaN NaN NaN NaN NaN NaN NaN NaN NaN 
NaN NaN NaN NaN NaN NaN NaN NaN NaN NaN NaN NaN NaN NaN NaN NaN NaN NaN NaN NaN NaN NaN NaN NaN NaN NaN NaN NaN NaN NaN NaN NaN NaN NaN NaN NaN NaN NaN NaN NaN 
NaN NaN NaN NaN NaN NaN NaN NaN NaN NaN NaN NaN NaN NaN NaN NaN NaN NaN NaN NaN NaN NaN NaN NaN NaN NaN NaN NaN NaN NaN NaN NaN NaN NaN NaN NaN NaN NaN NaN NaN 
NaN NaN NaN NaN NaN NaN NaN NaN NaN NaN NaN NaN NaN NaN NaN NaN NaN NaN NaN NaN NaN NaN NaN NaN NaN NaN NaN NaN NaN NaN NaN NaN NaN NaN NaN NaN NaN NaN NaN NaN 
NaN NaN NaN NaN NaN NaN NaN NaN NaN NaN NaN NaN NaN NaN NaN NaN NaN NaN NaN NaN NaN NaN NaN NaN NaN NaN NaN NaN NaN NaN NaN NaN NaN NaN NaN NaN NaN NaN NaN NaN 
NaN NaN NaN NaN NaN NaN NaN NaN NaN NaN NaN NaN NaN NaN NaN NaN NaN NaN NaN NaN NaN NaN NaN NaN NaN NaN NaN NaN NaN NaN NaN NaN NaN NaN NaN NaN NaN NaN NaN NaN 
NaN NaN NaN NaN NaN NaN NaN NaN NaN NaN NaN NaN NaN NaN NaN NaN NaN NaN NaN NaN NaN NaN NaN NaN NaN NaN NaN NaN NaN NaN NaN NaN NaN NaN NaN NaN NaN NaN NaN NaN 
NaN NaN NaN NaN NaN NaN NaN NaN NaN NaN NaN NaN NaN NaN NaN NaN NaN NaN NaN NaN NaN NaN NaN NaN NaN NaN NaN NaN NaN NaN NaN NaN NaN NaN NaN NaN NaN NaN NaN NaN 
NaN NaN NaN NaN NaN NaN NaN NaN NaN NaN NaN NaN NaN NaN NaN NaN NaN NaN NaN NaN NaN NaN NaN NaN NaN NaN NaN NaN NaN NaN NaN NaN NaN NaN NaN NaN NaN NaN NaN NaN 
NaN NaN NaN NaN NaN NaN NaN NaN NaN NaN NaN NaN NaN NaN NaN NaN NaN NaN NaN NaN NaN NaN NaN NaN NaN NaN NaN NaN NaN NaN NaN NaN NaN NaN NaN NaN NaN NaN NaN NaN 
NaN NaN NaN NaN NaN NaN NaN NaN NaN NaN NaN NaN NaN NaN NaN NaN NaN NaN NaN NaN NaN NaN NaN NaN NaN NaN NaN NaN NaN NaN NaN NaN NaN NaN NaN NaN NaN NaN NaN NaN 
NaN NaN NaN NaN NaN NaN NaN NaN NaN NaN NaN NaN NaN NaN NaN NaN NaN NaN NaN NaN NaN NaN NaN NaN NaN NaN NaN NaN NaN NaN NaN NaN NaN NaN NaN NaN NaN NaN NaN NaN 
NaN NaN NaN NaN NaN NaN NaN NaN NaN NaN NaN NaN NaN NaN NaN NaN NaN NaN NaN NaN NaN NaN NaN NaN NaN NaN NaN NaN NaN NaN NaN NaN NaN NaN NaN NaN NaN NaN NaN NaN 
NaN NaN NaN NaN NaN NaN NaN NaN NaN NaN NaN NaN NaN NaN NaN NaN NaN NaN NaN NaN NaN NaN NaN NaN NaN NaN NaN NaN NaN NaN NaN NaN NaN NaN NaN NaN NaN NaN NaN NaN 
NaN NaN NaN NaN NaN NaN NaN NaN NaN NaN NaN NaN NaN NaN NaN NaN NaN NaN NaN NaN NaN NaN NaN NaN NaN NaN NaN NaN NaN NaN NaN NaN NaN NaN NaN NaN NaN NaN NaN NaN 
NaN NaN NaN NaN NaN NaN NaN NaN NaN NaN NaN NaN NaN NaN NaN NaN NaN NaN NaN NaN NaN NaN NaN NaN NaN NaN NaN NaN NaN NaN NaN NaN NaN NaN NaN NaN NaN NaN NaN NaN 
NaN NaN NaN NaN NaN NaN NaN NaN NaN NaN NaN NaN NaN NaN NaN NaN NaN NaN NaN NaN NaN NaN NaN NaN NaN NaN NaN NaN NaN NaN NaN NaN NaN NaN NaN NaN NaN NaN NaN NaN 
NaN NaN NaN NaN NaN NaN NaN NaN NaN NaN NaN NaN NaN NaN NaN NaN NaN NaN NaN NaN NaN NaN NaN NaN NaN NaN NaN NaN NaN NaN NaN NaN NaN NaN NaN NaN NaN NaN NaN NaN 
NaN NaN NaN NaN NaN NaN NaN NaN NaN NaN NaN NaN NaN NaN NaN NaN NaN NaN NaN NaN NaN NaN NaN NaN NaN NaN NaN NaN NaN NaN NaN NaN NaN NaN NaN NaN NaN NaN NaN NaN 
NaN NaN NaN NaN NaN NaN NaN NaN NaN NaN NaN NaN NaN NaN NaN NaN NaN NaN NaN NaN NaN NaN NaN NaN NaN NaN NaN NaN NaN NaN NaN NaN NaN NaN NaN NaN NaN NaN NaN NaN 
NaN NaN NaN NaN NaN NaN NaN NaN NaN NaN NaN NaN NaN NaN NaN NaN NaN NaN NaN NaN NaN NaN NaN NaN NaN NaN NaN NaN NaN NaN NaN NaN NaN NaN NaN NaN NaN NaN NaN NaN 
NaN NaN NaN NaN NaN NaN NaN NaN NaN NaN NaN NaN NaN NaN NaN NaN NaN NaN NaN NaN NaN NaN NaN NaN NaN NaN NaN NaN NaN NaN NaN NaN NaN NaN NaN NaN NaN NaN NaN NaN 
NaN NaN NaN NaN NaN NaN NaN NaN NaN NaN NaN NaN NaN NaN NaN NaN NaN NaN NaN NaN NaN NaN NaN NaN NaN NaN NaN NaN NaN NaN NaN NaN NaN NaN NaN NaN NaN NaN NaN NaN 
NaN NaN NaN NaN NaN NaN NaN NaN NaN NaN NaN NaN NaN NaN NaN NaN NaN NaN NaN NaN NaN NaN NaN NaN NaN NaN NaN NaN NaN NaN NaN NaN NaN NaN NaN NaN NaN NaN NaN NaN 
NaN NaN NaN NaN NaN NaN NaN NaN NaN NaN NaN NaN NaN NaN NaN NaN NaN NaN NaN NaN NaN NaN NaN NaN NaN NaN NaN NaN NaN NaN NaN NaN NaN NaN NaN NaN NaN NaN NaN NaN 
NaN NaN NaN NaN NaN NaN NaN NaN NaN NaN NaN NaN NaN NaN NaN NaN NaN NaN NaN NaN NaN NaN NaN NaN NaN NaN NaN NaN NaN NaN NaN NaN NaN NaN NaN NaN NaN NaN NaN NaN 
NaN NaN NaN NaN NaN NaN NaN NaN NaN NaN NaN NaN NaN NaN NaN NaN NaN NaN NaN NaN NaN NaN NaN NaN NaN NaN NaN NaN NaN NaN NaN NaN NaN NaN NaN NaN NaN NaN NaN NaN 
NaN NaN NaN NaN NaN NaN NaN NaN NaN NaN NaN NaN NaN NaN NaN NaN NaN NaN NaN NaN NaN NaN NaN NaN NaN NaN NaN NaN NaN NaN NaN NaN NaN NaN NaN NaN NaN NaN NaN NaN 
NaN NaN NaN NaN NaN NaN NaN NaN NaN NaN NaN NaN NaN NaN NaN NaN NaN NaN NaN NaN NaN NaN NaN NaN NaN NaN NaN NaN NaN NaN NaN NaN NaN NaN NaN NaN NaN NaN NaN NaN 
NaN NaN NaN NaN NaN NaN NaN NaN NaN NaN NaN NaN NaN NaN NaN NaN NaN NaN NaN NaN NaN NaN NaN NaN NaN NaN NaN NaN NaN NaN NaN NaN NaN NaN NaN NaN NaN NaN NaN NaN 
NaN NaN NaN NaN NaN NaN NaN NaN NaN NaN NaN NaN NaN NaN NaN NaN NaN NaN NaN NaN NaN NaN NaN NaN NaN NaN NaN NaN NaN NaN NaN NaN NaN NaN NaN NaN NaN NaN NaN NaN 
NaN NaN NaN NaN NaN NaN NaN NaN NaN NaN NaN NaN NaN NaN NaN NaN NaN NaN NaN NaN NaN NaN NaN NaN NaN NaN NaN NaN NaN NaN NaN NaN NaN NaN NaN NaN NaN NaN NaN NaN 
NaN NaN NaN NaN NaN NaN NaN NaN NaN NaN NaN NaN NaN NaN NaN NaN NaN NaN NaN NaN NaN NaN NaN NaN NaN NaN NaN NaN NaN NaN NaN NaN NaN NaN NaN NaN NaN NaN NaN NaN 
NaN NaN NaN NaN NaN NaN NaN NaN NaN NaN NaN NaN NaN NaN NaN NaN NaN NaN NaN NaN NaN NaN NaN NaN NaN NaN NaN NaN NaN NaN NaN NaN NaN NaN NaN NaN NaN NaN NaN NaN 
NaN NaN NaN NaN NaN NaN NaN NaN NaN NaN NaN NaN NaN NaN NaN NaN NaN NaN NaN NaN NaN NaN NaN NaN NaN NaN NaN NaN NaN NaN NaN NaN NaN NaN NaN NaN NaN NaN NaN NaN 
NaN NaN NaN NaN NaN NaN NaN NaN NaN NaN NaN NaN NaN NaN NaN NaN NaN NaN NaN NaN NaN NaN NaN NaN NaN NaN NaN NaN NaN NaN NaN NaN NaN NaN NaN NaN NaN NaN NaN NaN 
NaN NaN NaN NaN NaN NaN NaN NaN NaN NaN NaN NaN NaN NaN NaN NaN NaN NaN NaN NaN NaN NaN NaN NaN NaN NaN NaN NaN NaN NaN NaN NaN NaN NaN NaN NaN NaN NaN NaN NaN 
NaN NaN NaN NaN NaN NaN NaN NaN NaN NaN NaN NaN NaN NaN NaN NaN NaN NaN NaN NaN NaN NaN NaN NaN NaN NaN NaN NaN NaN NaN NaN NaN NaN NaN NaN NaN NaN NaN NaN NaN 
NaN NaN NaN NaN NaN NaN NaN NaN NaN NaN NaN NaN NaN NaN NaN NaN NaN NaN NaN NaN NaN NaN NaN NaN NaN NaN NaN NaN NaN NaN NaN NaN NaN NaN NaN NaN NaN NaN NaN NaN 
NaN NaN NaN NaN NaN NaN NaN NaN NaN NaN NaN NaN NaN NaN NaN NaN NaN NaN NaN NaN NaN NaN NaN NaN NaN NaN NaN NaN NaN NaN NaN NaN NaN NaN NaN NaN NaN NaN NaN NaN 
NaN NaN NaN NaN NaN NaN NaN NaN NaN NaN NaN NaN NaN NaN NaN NaN NaN NaN NaN NaN NaN NaN NaN NaN NaN NaN NaN NaN NaN NaN NaN NaN NaN NaN NaN NaN NaN NaN NaN NaN 
NaN NaN NaN NaN NaN NaN NaN NaN NaN NaN NaN NaN NaN NaN NaN NaN NaN NaN NaN NaN NaN NaN NaN NaN NaN NaN NaN NaN NaN NaN NaN NaN NaN NaN NaN NaN NaN NaN NaN NaN 
NaN NaN NaN NaN NaN NaN NaN NaN NaN NaN NaN NaN NaN NaN NaN NaN NaN NaN NaN NaN NaN NaN NaN NaN NaN NaN NaN NaN NaN NaN NaN NaN NaN NaN NaN NaN NaN NaN NaN NaN 
NaN NaN NaN NaN NaN NaN NaN NaN NaN NaN NaN NaN NaN NaN NaN NaN NaN NaN NaN NaN NaN NaN NaN NaN NaN NaN NaN NaN NaN NaN NaN NaN NaN NaN NaN NaN NaN NaN NaN NaN 
NaN NaN NaN NaN NaN NaN NaN NaN NaN NaN NaN NaN NaN NaN NaN NaN NaN NaN NaN NaN NaN NaN NaN NaN NaN NaN NaN NaN NaN NaN NaN NaN NaN NaN NaN NaN NaN NaN NaN NaN 
NaN NaN NaN NaN NaN NaN NaN NaN NaN NaN NaN NaN NaN NaN NaN NaN NaN NaN NaN NaN NaN NaN NaN NaN NaN NaN NaN NaN NaN NaN NaN NaN NaN NaN NaN NaN NaN NaN NaN NaN 
NaN NaN NaN NaN NaN NaN NaN NaN NaN NaN NaN NaN NaN NaN NaN NaN NaN NaN NaN NaN NaN NaN NaN NaN NaN NaN NaN NaN NaN NaN NaN NaN NaN NaN NaN NaN NaN NaN NaN NaN 
NaN NaN NaN NaN NaN NaN NaN NaN NaN NaN NaN NaN NaN NaN NaN NaN NaN NaN NaN NaN NaN NaN NaN NaN NaN NaN NaN NaN NaN NaN NaN NaN NaN NaN NaN NaN NaN NaN NaN NaN 
NaN NaN NaN NaN NaN NaN NaN NaN NaN NaN NaN NaN NaN NaN NaN NaN NaN NaN NaN NaN NaN NaN NaN NaN NaN NaN NaN NaN NaN NaN NaN NaN NaN NaN NaN NaN NaN NaN NaN NaN 
NaN NaN NaN NaN NaN NaN NaN NaN NaN NaN NaN NaN NaN NaN NaN NaN NaN NaN NaN NaN NaN NaN NaN NaN NaN NaN NaN NaN NaN NaN NaN NaN NaN NaN NaN NaN NaN NaN NaN NaN 
NaN NaN NaN NaN NaN NaN NaN NaN NaN NaN NaN NaN NaN NaN NaN NaN NaN NaN NaN NaN NaN NaN NaN NaN NaN NaN NaN NaN NaN NaN NaN NaN NaN NaN NaN NaN NaN NaN NaN NaN 
NaN NaN NaN NaN NaN NaN NaN NaN NaN NaN NaN NaN NaN NaN NaN NaN NaN NaN NaN NaN NaN NaN NaN NaN NaN NaN NaN NaN NaN NaN NaN NaN NaN NaN NaN NaN NaN NaN NaN NaN 
NaN NaN NaN NaN NaN NaN NaN NaN NaN NaN NaN NaN NaN NaN NaN NaN NaN NaN NaN NaN NaN NaN NaN NaN NaN NaN NaN NaN NaN NaN NaN NaN NaN NaN NaN NaN NaN NaN NaN NaN 
NaN NaN NaN NaN NaN NaN NaN NaN NaN NaN NaN NaN NaN NaN NaN NaN NaN NaN NaN NaN NaN NaN NaN NaN NaN NaN NaN NaN NaN NaN NaN NaN NaN NaN NaN NaN NaN NaN NaN NaN 
NaN NaN NaN NaN NaN NaN NaN NaN NaN NaN NaN NaN NaN NaN NaN NaN NaN NaN NaN NaN NaN NaN NaN NaN NaN NaN NaN NaN NaN NaN NaN NaN NaN NaN NaN NaN NaN NaN NaN NaN 
NaN NaN NaN NaN NaN NaN NaN NaN NaN NaN NaN NaN NaN NaN NaN NaN NaN NaN NaN NaN NaN NaN NaN NaN NaN NaN NaN NaN NaN NaN NaN NaN NaN NaN NaN NaN NaN NaN NaN NaN 
NaN NaN NaN NaN NaN NaN NaN NaN NaN NaN NaN NaN NaN NaN NaN NaN NaN NaN NaN NaN NaN NaN NaN NaN NaN NaN NaN NaN NaN NaN NaN NaN NaN NaN NaN NaN NaN NaN NaN NaN 
NaN NaN NaN NaN NaN NaN NaN NaN NaN NaN NaN NaN NaN NaN NaN NaN NaN NaN NaN NaN NaN NaN NaN NaN NaN NaN NaN NaN NaN NaN NaN NaN NaN NaN NaN NaN NaN NaN NaN NaN 
NaN NaN NaN NaN NaN NaN NaN NaN NaN NaN NaN NaN NaN NaN NaN NaN NaN NaN NaN NaN NaN NaN NaN NaN NaN NaN NaN NaN NaN NaN NaN NaN NaN NaN NaN NaN NaN NaN NaN NaN 
NaN NaN NaN NaN NaN NaN NaN NaN NaN NaN NaN NaN NaN NaN NaN NaN NaN NaN NaN NaN NaN NaN NaN NaN NaN NaN NaN NaN NaN NaN NaN NaN NaN NaN NaN NaN NaN NaN NaN NaN 
NaN NaN NaN NaN NaN NaN NaN NaN NaN NaN NaN NaN NaN NaN NaN NaN NaN NaN NaN NaN NaN NaN NaN NaN NaN NaN NaN NaN NaN NaN NaN NaN NaN NaN NaN NaN NaN NaN NaN NaN 
NaN NaN NaN NaN NaN NaN NaN NaN NaN NaN NaN NaN NaN NaN NaN NaN NaN NaN NaN NaN NaN NaN NaN NaN NaN NaN NaN NaN NaN NaN NaN NaN NaN NaN NaN NaN NaN NaN NaN NaN 
NaN NaN NaN NaN NaN NaN NaN NaN NaN NaN NaN NaN NaN NaN NaN NaN NaN NaN NaN NaN NaN NaN NaN NaN NaN NaN NaN NaN NaN NaN NaN NaN NaN NaN NaN NaN NaN NaN NaN NaN 
NaN NaN NaN NaN NaN NaN NaN NaN NaN NaN NaN NaN NaN NaN NaN NaN NaN NaN NaN NaN NaN NaN NaN NaN NaN NaN NaN NaN NaN NaN NaN NaN NaN NaN NaN NaN NaN NaN NaN NaN 
-96.454110 -96.525027 -96.643328 -96.843635 -97.116745 -97.501972 -97.975861 -98.586524 -99.393767 -100.327139 -101.365119 -102.379833 -103.015665 -102.949410 -102.196415 -101.155651 -100.198234 -99.604184 -99.538750 -100.175046 -101.815621 -105.152169 -112.192529 -115.919815 -107.966984 -104.831659 -104.413561 -105.964941 -108.782405 -111.269061 -114.002676 -121.333842 -125.814144 -114.146468 -105.904408 -102.035234 -102.168944 -106.735109 -116.508778 -112.470946 
-64.245092 -70.352133 -74.006048 -74.073356 -78.956473 -81.356209 -75.886939 -77.445920 -77.910421 -73.826868 -77.791507 -79.750907 -77.057442 -84.060874 -90.475736 -88.919649 -82.694205 -82.898106 -77.782490 -75.698477 -80.020102 -77.725570 -81.601122 -78.725190 -81.837455 -84.091775 -78.781673 -73.665758 -76.436662 -82.057023 -85.290893 -80.711530 -80.635121 -80.246341 -77.828597 -77.610308 -79.072455 -80.578612 -81.532385 -83.245831 
-61.870577 -79.212272 -77.470600 -74.866187 -79.217292 -80.738148 -77.101683 -78.580542 -78.504198 -72.184970 -76.500755 -71.761443 -76.785390 -79.429621 -79.303935 -80.505805 -78.000523 -75.722737 -77.569252 -76.460568 -80.672743 -77.366684 -74.602340 -73.994259 -76.719430 -75.853458 -77.540687 -76.141959 -73.458228 -75.833335 -78.775057 -78.036123 -77.672748 -77.401233 -74.046651 -74.283196 -75.331933 -77.564359 -74.542933 -76.275092 
-62.170731 -76.103797 -78.788641 -73.025470 -76.929384 -80.339120 -76.108781 -80.773054 -75.584659 -72.821505 -69.363642 -74.443349 -79.141476 -79.111094 -73.323981 -77.642956 -73.596950 -71.332474 -75.879747 -73.025316 -74.406370 -70.211263 -71.709780 -78.396107 -76.670645 -74.330851 -72.500353 -74.992659 -74.934061 -76.292472 -77.091654 -77.777563 -73.935620 -72.069941 -71.991977 -75.364065 -76.811710 -75.930320 -76.530644 -78.049866 
-53.532777 -56.496295 -55.713345 -54.013281 -54.980131 -57.719286 -62.317668 -68.023156 -66.715557 -62.020249 -62.721542 -66.996120 -68.099556 -64.924873 -66.102785 -70.740524 -69.194127 -68.857510 -76.449898 -70.529307 -70.507006 -71.755942 -73.213841 -71.249982 -74.202858 -72.459317 -72.650522 -73.191110 -73.147067 -74.106463 -74.065336 -71.809492 -72.201685 -71.814186 -74.645767 -75.302631 -74.227572 -73.897868 -73.645438 -75.615199 
-22.549366 -26.726562 -32.676414 -38.686719 -42.958854 -47.009052 -50.566393 -52.304202 -49.914673 -50.977838 -55.773631 -51.021904 -51.282468 -56.804395 -56.438312 -55.421221 -57.754784 -56.833102 -59.548593 -62.035827 -65.843642 -63.713994 -64.024246 -67.220382 -63.429275 -62.792377 -63.488002 -64.927806 -63.725366 -66.783447 -68.417553 -67.162078 -67.978358 -67.802256 -68.282019 -68.124403 -69.779695 -70.208055 -71.640581 -70.576038 
-23.070742 -30.724962 -40.356255 -56.253149 -54.961307 -66.922041 -56.951994 -55.751707 -57.878134 -61.202802 -63.550556 -60.062339 -61.940925 -65.695268 -65.097573 -64.932885 -70.278803 -69.027030 -64.859098 -66.191778 -66.684710 -70.634716 -69.296017 -69.034434 -65.334285 -64.335664 -63.403793 -68.849122 -70.066458 -71.128297 -74.043335 -68.950541 -71.493987 -68.745535 -70.401957 -70.660433 -72.569989 -71.296210 -70.884146 -73.545328 
-27.021218 -39.651411 -43.538932 -47.282118 -57.186448 -58.893762 -59.793969 -54.923703 -55.505046 -55.724491 -63.452465 -68.469167 -71.202949 -69.602479 -70.052072 -66.604220 -69.242221 -70.998556 -67.489476 -66.493761 -65.699631 -67.099161 -68.260885 -66.139348 -64.411646 -68.414619 -68.107463 -68.547382 -69.032479 -68.768257 -71.793955 -75.935702 -70.862412 -71.728905 -72.509071 -74.670574 -74.394185 -72.336381 -71.268211 -73.825674 
-28.660520 -35.339606 -43.851528 -47.879642 -57.144788 -56.677718 -57.723921 -55.006186 -57.405927 -61.244584 -64.008413 -61.385397 -62.022418 -61.029253 -63.702497 -64.154850 -62.308759 -65.852491 -63.406578 -61.397305 -65.694599 -64.164085 -67.073149 -65.632331 -64.888419 -62.559299 -62.817507 -61.960756 -63.583237 -68.812070 -67.588664 -68.041473 -66.511730 -68.710479 -66.178542 -69.235944 -71.351401 -69.730614 -69.349690 -70.736279 
-24.522066 -38.168476 -42.939649 -48.246804 -49.107795 -53.242837 -54.478596 -53.602679 -55.196132 -55.987022 -57.717109 -51.810671 -50.828400 -57.739275 -61.172163 -55.003992 -56.132738 -56.759382 -46.644845 -48.995431 -48.188706 -45.918644 -46.161104 -44.733915 -47.265568 -44.643766 -47.714809 -48.644658 -50.924655 -56.047156 -60.919635 -56.562107 -58.737651 -61.624813 -59.722894 -61.310135 -62.849617 -63.423813 -63.461681 -63.597182 
-23.646440 -33.967052 -41.482245 -50.067314 -54.490627 -50.054512 -53.028210 -54.153328 -53.056613 -57.807460 -51.266684 -55.608656 -57.271584 -61.936143 -64.133569 -54.885105 -51.908680 -52.781478 -45.495683 -37.082697 -31.887776 -36.706934 -35.067001 -32.859094 -31.853788 -31.661722 -32.842802 -30.778244 -39.119326 -47.409546 -50.801675 -47.945276 -53.865276 -50.802450 -49.309136 -54.776653 -54.535093 -52.498364 -51.643668 -55.904519 
-23.309490 -38.786789 -50.998344 -53.705876 -51.363576 -53.183730 -53.596541 -56.477170 -53.165906 -61.063612 -52.133066 -58.061138 -48.562951 -57.538441 -63.467796 -51.122502 -47.198493 -49.778644 -42.677007 -37.908304 -30.149862 -31.951727 -27.202019 -23.025219 -23.112585 -23.406184 -23.422936 -28.830693 -31.771566 -42.619396 -43.155151 -44.412379 -44.818684 -41.628738 -43.021721 -42.938500 -46.242397 -44.707176 -46.042031 -47.310329 
-26.937397 -41.980777 -44.771142 -52.363046 -56.457560 -55.337947 -58.668840 -61.088870 -55.450447 -61.076596 -56.113488 -55.119478 -42.363328 -52.875278 -58.674865 -45.566805 -38.527434 -42.172508 -37.164878 -28.273898 -26.490242 -27.730630 -21.304787 -19.242169 -16.938332 -21.018191 -21.288573 -23.440774 -26.932384 -35.426088 -34.525399 -37.745156 -41.617368 -36.212651 -35.711732 -35.218900 -39.251340 -42.361448 -38.447023 -43.341147 
-28.459502 -34.805055 -38.344331 -50.557559 -52.023759 -53.275088 -49.905408 -53.543804 -51.148225 -51.365505 -53.857134 -48.294980 -39.940847 -47.896158 -50.900010 -41.283231 -36.929181 -37.950049 -34.879576 -28.847090 -25.378765 -22.518191 -20.803835 -12.312213 -9.481538 -14.325894 -17.085179 -16.537247 -20.484442 -31.095086 -29.688070 -29.693903 -33.420338 -32.078157 -31.971821 -30.378491 -34.765023 -40.986130 -34.882457 -38.014923 
-31.383465 -31.683601 -38.573693 -54.550677 -56.977290 -49.645710 -45.337795 -51.833699 -50.854147 -43.367658 -50.182468 -45.178586 -39.686123 -46.481870 -54.069870 -41.291754 -39.041313 -35.606196 -33.939399 -28.873696 -25.267319 -24.196930 -20.360786 -6.974619 -3.894096 -10.680685 -14.257014 -14.398922 -14.106832 -23.164284 -25.494651 -28.074291 -26.680388 -27.138959 -29.793995 -26.547376 -31.278927 -34.541187 -28.216029 -31.681004 
-40.121492 -45.169773 -51.585124 -50.282786 -46.641511 -37.813991 -35.460501 -43.790305 -45.300844 -40.051397 -46.969796 -45.542123 -43.550125 -41.275989 -44.108768 -39.049559 -33.680450 -31.812055 -32.072361 -25.313539 -19.636033 -21.470339 -15.474171 -8.576156 -4.285654 -13.844747 -12.898073 -15.015756 -19.098459 -20.173742 -22.124894 -23.532693 -24.849478 -26.188854 -25.297651 -23.211779 -27.100064 -30.696253 -25.030474 -29.100498 
-30.502400 -32.906024 -38.997441 -48.141275 -45.803935 -43.124834 -35.523091 -39.562064 -40.653209 -41.844823 -41.428057 -45.391693 -33.649239 -32.596216 -40.117535 -41.278288 -40.310836 -33.559231 -24.899859 -21.409558 -18.314742 -21.947678 -13.812754 -8.336209 -1.259443 -7.560678 -5.905200 -10.138299 -15.010977 -15.589895 -22.164617 -19.409933 -20.715920 -22.733771 -22.115446 -22.045916 -24.068820 -29.601149 -23.550706 -25.756113 
-32.630561 -35.996998 -38.226461 -42.592232 -42.444595 -39.735411 -40.944100 -34.884664 -42.496125 -45.565204 -39.741560 -37.073892 -36.466660 -39.390857 -30.597656 -30.700283 -35.667989 -30.105316 -30.209317 -26.276119 -16.855012 -15.143087 -14.480776 -4.624815 0.456187 -4.598913 -5.076318 -7.980516 -7.100991 -12.464658 -17.256305 -17.753431 -18.220220 -19.154999 -18.017527 -17.811196 -19.011817 -25.553067 -19.971275 -23.732563 
-29.703204 -42.978615 -38.837414 -45.896723 -38.881653 -40.532010 -35.013498 -38.840019 -48.463589 -42.109486 -40.013642 -34.449720 -38.095999 -36.921370 -36.066671 -29.399680 -27.531709 -33.275140 -32.558538 -27.056758 -15.612951 -15.288425 -12.846503 -2.964664 4.062351 -3.407013 -8.096008 -4.232039 -6.221925 -13.796301 -10.000282 -12.937216 -15.288857 -16.213524 -18.050843 -16.707552 -19.006185 -23.791720 -19.958473 -19.778925 
-32.951065 -39.225444 -37.865650 -40.318878 -39.851298 -37.969232 -34.475671 -41.991587 -46.845706 -46.305614 -37.759206 -36.554557 -32.627418 -35.258366 -35.019559 -28.420420 -30.203105 -32.376613 -25.605029 -23.659702 -15.270707 -16.503391 -12.348364 -5.100604 4.420828 -1.252595 -4.398966 -3.607444 -5.882989 -11.112316 -16.953121 -13.081509 -16.266872 -18.858755 -17.547467 -15.699135 -20.440373 -22.393524 -17.711090 -17.123018 
-38.604236 -30.660918 -35.485357 -44.890952 -45.950238 -40.800957 -33.468138 -36.845998 -38.667223 -40.645273 -37.380502 -29.791905 -31.924894 -34.713676 -30.678197 -28.379553 -32.360109 -31.270971 -25.700843 -23.342967 -12.863550 -11.959691 -9.398767 -7.098757 -0.377402 -0.945464 -2.767206 -5.220218 -9.940069 -12.403760 -12.796328 -12.793759 -12.701159 -12.767477 -16.181074 -16.732196 -16.742962 -21.446906 -16.094838 -18.720628 
-30.838308 -38.166863 -42.780906 -39.960692 -41.856630 -37.590580 -33.199361 -34.559351 -35.142897 -39.544755 -34.357531 -30.814523 -31.448897 -31.445183 -30.302170 -26.809966 -28.370545 -28.663933 -26.577933 -18.452489 -14.049726 -12.821614 -11.769155 -0.700979 0.876657 -1.663257 0.245585 0.614049 -5.074122 -8.193244 -6.770682 -13.088905 -13.312711 -12.407061 -13.172716 -13.772545 -18.670918 -24.805203 -16.083356 -15.331328 
-23.996708 -36.640542 -44.657570 -37.470938 -36.759028 -32.747229 -27.654378 -34.188926 -30.260375 -30.531323 -33.921436 -31.660267 -29.442066 -27.405771 -26.212361 -24.111701 -24.270379 -32.910155 -21.673442 -18.348803 -11.451947 -7.723018 -11.179654 -3.744881 2.685948 -0.594553 0.882866 0.617039 -2.971841 -6.823701 -9.605709 -9.991137 -14.936516 -13.147200 -15.117533 -14.589492 -17.579188 -21.466318 -12.927805 -16.537720 
-25.473814 -28.883530 -30.224129 -31.352910 -39.214425 -31.594861 -27.930870 -31.720856 -42.138142 -36.701583 -39.090959 -28.965315 -26.047803 -27.396120 -21.836264 -23.021248 -22.992017 -28.554241 -19.546059 -18.657978 -14.951374 -12.141756 -7.828747 -4.913163 0.417977 -2.942436 -1.568829 -0.585733 -2.109605 -6.476591 -10.550310 -14.045836 -12.935954 -11.470422 -13.577003 -14.292043 -16.678271 -21.676944 -13.409910 -14.706172 
-26.019358 -28.909990 -30.768797 -30.066336 -30.289734 -36.347803 -39.731406 -42.371953 -41.446117 -39.758208 -32.477264 -27.379031 -20.405846 -26.515359 -21.344987 -23.498760 -22.734224 -22.878249 -19.974069 -17.408309 -13.734425 -5.396358 -10.371935 -7.057359 1.260055 -4.470248 -3.853335 -4.240578 -4.880682 -5.716502 -12.781935 -17.170591 -15.238662 -16.090696 -17.887613 -19.324190 -18.887628 -22.668931 -15.149976 -16.264685 
-28.717536 -37.649799 -32.568426 -28.037547 -22.131443 -19.977996 -24.379197 -29.803687 -29.350271 -33.030126 -33.634406 -31.348171 -29.850550 -33.390527 -26.898874 -26.028056 -27.234100 -25.939421 -22.556518 -21.852729 -17.251468 -8.498818 -8.969357 -6.783659 0.630665 -2.137533 -11.324558 -4.935842 -5.910501 -10.708977 -15.586683 -17.981247 -20.206293 -19.600665 -21.715109 -22.454568 -25.235422 -25.982259 -17.131415 -18.181289 
-16.069121 -21.491064 -28.119008 -6.602750 5.828793 7.424870 -1.799451 -16.095478 -19.335982 -20.951318 -25.948547 -28.258974 -24.424000 -26.706899 -28.973349 -26.736941 -30.228800 -31.021518 -23.508908 -21.670391 -22.295099 -10.017552 -14.038460 -12.710216 -4.090759 -4.695444 -14.979081 -12.707648 -7.250494 -13.436894 -17.777567 -25.708651 -26.753522 -26.064181 -25.333731 -23.138878 -26.104913 -33.584752 -24.640648 -24.285387 
-15.750778 -24.167848 -22.522549 -0.868605 16.027017 16.242658 1.800833 -15.457524 -8.028119 -9.716688 -26.913685 -23.107373 -15.086748 -26.360316 -27.878220 -24.148525 -27.978928 -25.020871 -29.796989 -17.186376 -20.405836 -16.170682 -6.897095 -8.758686 -4.861095 -7.520310 -12.898021 -11.628191 -8.197944 -14.584964 -17.044666 -25.031152 -29.987706 -30.152768 -30.856250 -29.802207 -30.033980 -37.759828 -30.178424 -30.370926 
-23.077292 -37.443338 -30.780074 -1.356966 17.722919 16.095004 -6.434609 -24.246055 -6.150541 -8.502356 -33.142009 -20.201995 -13.908173 -29.689320 -26.333064 -31.766023 -28.256624 -21.534975 -26.999970 -16.983251 -17.843139 -13.496090 1.795788 -3.007472 -7.122934 -6.763571 -12.138143 -12.479707 -9.411436 -11.713589 -15.989131 -23.492701 -31.786544 -39.321870 -42.129679 -38.591917 -34.559222 -44.228108 -38.721505 -34.046443 
-22.244008 -38.200851 -34.118454 -2.264630 17.464316 15.978966 -5.515490 -16.247606 -8.685496 -9.822835 -30.837406 -21.832001 -16.424223 -36.982112 -27.657123 -28.395103 -27.736229 -18.984167 -27.237283 -17.956808 -18.277649 -14.136845 0.425143 -0.790945 -4.297387 -4.535579 -11.191024 -11.246824 -8.332002 -8.859338 -16.099950 -21.523677 -33.611747 -43.517585 -44.667098 -42.717839 -38.244811 -42.476335 -41.751547 -39.470368 
-22.257609 -23.728772 -24.962356 -1.246589 17.140940 14.455087 -7.801025 -17.208556 -7.972430 -13.183917 -33.394090 -21.480703 -17.509220 -37.163626 -23.940143 -27.530207 -25.571629 -19.625899 -26.392399 -20.342703 -18.516495 -15.374123 -2.132670 -2.161336 -0.390973 -5.700850 -8.715752 -8.377616 -4.915690 -5.960276 -11.433763 -21.849320 -37.981216 -48.929712 -51.008953 -47.720691 -41.961540 -44.700797 -47.688458 -40.994067 
-23.803949 -33.544382 -24.048285 2.578392 16.991141 11.769697 -11.194099 -17.635554 -8.028462 -16.552857 -23.914789 -18.654214 -19.898362 -25.114294 -19.155053 -30.189863 -19.605159 -22.023922 -22.584352 -23.471889 -18.555858 -19.851630 -8.136206 2.938921 2.023698 -3.535752 -8.003087 -5.538157 -3.628808 -2.826862 -9.915469 -26.171731 -32.196348 -34.846786 -35.792311 -36.558081 -36.801829 -36.210315 -37.554764 -37.177449 
-21.956702 -23.062169 -22.496623 5.844746 16.112520 7.126211 -15.873099 -10.169704 -5.688060 -21.571655 -23.760443 -17.920514 -27.436697 -18.801071 -17.217137 -24.841340 -20.244318 -26.414492 -22.974234 -23.239569 -19.924147 -22.224579 -8.910276 1.676835 3.856612 -3.244104 -5.327727 -4.347854 -0.975537 -1.268542 -4.363541 -20.508941 -41.325177 -44.305273 -45.511589 -45.903995 -44.045593 -40.286678 -45.882482 -42.635928 
-28.677572 -29.757559 -10.082649 10.532582 13.899969 -0.987975 -11.935809 1.252508 -3.625697 -22.569957 -11.156710 -16.435352 -24.569353 -17.737479 -23.164304 -21.582604 -24.573465 -22.613217 -26.663600 -23.938669 -21.847662 -23.083190 -12.125121 2.938211 3.687599 -0.994420 -3.731661 -3.093050 -1.171829 0.336695 -2.930252 -18.848880 -48.294980 -47.679492 -51.878506 -48.912965 -43.162018 -35.435720 -46.835084 -44.052449 
-20.436230 -22.161301 -5.975957 11.800556 9.478370 -10.158345 0.643269 6.760151 -6.635551 -12.287477 -10.381839 -22.978047 -21.927961 -25.272092 -17.887001 -22.166446 -22.997390 -25.190511 -26.607572 -22.486698 -21.790600 -21.992832 -10.306550 1.828969 2.462002 0.179253 -2.958798 -3.566020 0.054786 -0.288541 -5.164305 -23.431051 -60.105258 -48.458674 -48.019587 -44.369902 -43.807782 -36.717810 -46.521240 -40.691665 
-31.237220 -17.752244 3.763268 12.698232 4.564057 -2.292868 7.711624 3.320843 -11.513574 -9.152631 -18.917385 -21.786459 -22.394529 -19.633157 -20.777464 -23.270326 -24.923876 -27.286383 -30.562209 -23.670938 -23.084514 -21.687715 -7.862794 1.006019 4.152903 -2.330504 -3.975147 -3.398399 -0.905163 -0.824678 -7.093705 -24.529173 -51.135958 -46.010686 -44.931632 -42.642690 -43.972834 -39.145974 -46.384235 -40.016356 
-21.084185 -12.395378 7.461006 12.026598 1.821653 6.529062 10.074600 -4.144798 -9.646248 -16.616310 -20.935523 -22.014129 -19.291909 -22.764058 -21.269524 -26.076570 -25.868000 -28.430595 -30.017622 -25.883693 -23.844693 -18.999800 -12.729106 -0.586745 6.152504 0.070126 -1.134958 -1.694457 0.005458 -1.016034 -6.421438 -25.361310 -41.666008 -41.188688 -43.903246 -42.990448 -42.679248 -40.376982 -43.322452 -37.277910 
-26.888052 -4.818376 8.589253 6.650021 1.997902 12.715253 7.127775 -7.641374 -12.142085 -19.778466 -19.637977 -20.169521 -18.480248 -18.949329 -21.048222 -23.598896 -25.757983 -26.391203 -29.011229 -26.413816 -25.113979 -17.983022 -11.237222 -1.944420 4.052328 1.170195 -2.283534 -1.695386 0.648919 -1.185942 -8.438854 -23.809498 -45.332412 -44.663804 -45.707349 -45.458618 -43.369461 -43.611123 -45.321920 -39.858974 
-19.975533 -0.852469 7.582002 2.189023 10.112656 14.347208 2.105976 -5.978798 -18.731318 -17.749655 -20.663775 -19.882778 -21.299901 -25.827684 -24.995490 -23.088190 -25.605031 -25.411364 -25.969323 -23.663094 -21.825991 -19.253409 -10.562166 1.539330 5.176695 2.185344 -2.776248 -3.360527 -0.132305 -1.857969 -8.088543 -22.456536 -36.073545 -41.156393 -43.039776 -44.736963 -43.582711 -44.441999 -44.153845 -38.291563 
-14.056222 1.946387 4.472301 1.845619 13.630307 10.487394 -1.329513 -8.932468 -19.339139 -21.180323 -21.556403 -21.191545 -26.519815 -27.917292 -27.486228 -26.078778 -25.956951 -27.873650 -27.959129 -25.483894 -23.839494 -22.604837 -10.843751 1.904234 6.285542 1.096896 -6.677932 -8.088681 -2.674997 -6.629501 -12.595616 -24.022235 -36.919431 -41.525342 -42.093314 -42.120761 -41.843442 -40.232993 -42.223304 -39.151747 
-12.195590 3.070367 4.194093 5.793003 10.635342 -0.093149 -2.696487 -9.929887 -12.764236 -15.213616 -19.511307 -25.207513 -29.331465 -27.294127 -27.024105 -26.228587 -29.667851 -28.567872 -29.592810 -26.253777 -21.895690 -18.603726 -5.856931 3.034849 3.973661 -4.567550 -12.419446 -9.461923 -4.161787 -11.275675 -19.213653 -29.188949 -45.365537 -48.792103 -50.951391 -49.436758 -46.115132 -43.845704 -49.407377 -41.351572 
-11.832573 3.215335 2.744191 6.705704 6.313529 3.646085 0.779848 -7.502875 -14.519216 -20.428222 -25.724020 -23.457752 -26.577318 -25.526565 -25.367837 -28.909802 -28.763602 -29.015847 -26.556971 -25.041027 -20.688877 -14.264744 -6.028791 -3.500328 -3.909819 -11.464284 -14.101137 -12.536597 -11.435434 -20.632890 -27.139422 -34.706835 -45.344137 -48.214323 -50.176662 -50.776011 -50.248604 -49.607179 -50.926171 -44.873911 
-8.481276 3.010614 0.004538 5.519969 4.772743 6.540393 2.180536 -6.984281 -17.715497 -26.279641 -26.180770 -22.662182 -26.909359 -28.517108 -27.719408 -29.024269 -30.846026 -28.879378 -26.982158 -22.932042 -17.264493 -12.222081 -11.965929 -16.035959 -13.104980 -19.556667 -22.193113 -19.394349 -15.110539 -20.523441 -31.426775 -39.430023 -51.773638 -51.292674 -57.706203 -59.242487 -54.302606 -49.825651 -57.130388 -47.057069 
-6.676806 1.565403 1.738794 4.133224 4.371574 6.182056 2.053836 -7.195730 -19.127121 -21.945203 -25.162351 -25.542034 -27.340130 -27.715965 -28.912568 -28.231852 -32.173754 -28.181008 -22.754344 -14.619884 -16.950003 -24.026653 -21.743027 -16.744252 -19.106945 -25.375898 -29.948176 -31.363305 -28.393668 -30.565736 -35.798199 -45.161478 -50.551992 -51.931065 -52.709072 -52.988676 -53.206168 -52.308415 -53.573468 -51.497356 
-9.308278 -2.592388 -1.479614 -1.827080 -6.530737 -8.876052 -11.769532 -17.272098 -21.818624 -25.480968 -33.015753 -31.153446 -33.008845 -33.518828 -34.340736 -36.490304 -36.411474 -34.546090 -31.555760 -31.454841 -33.475782 -32.246894 -30.520374 -33.506774 -33.830813 -36.890768 -39.918657 -42.890028 -35.595774 -39.976046 -43.651392 -49.688702 -51.551535 -51.864419 -52.317008 -52.556159 -52.733379 -52.773767 -53.105074 -52.676826 
-13.586806 -4.983974 -3.935370 -6.023548 -19.351786 -18.569804 -23.171551 -31.580819 -34.379371 -40.543538 -43.683833 -43.808892 -47.721649 -47.500097 -44.926044 -50.425061 -47.859144 -47.998657 -49.019577 -43.086530 -47.671204 -44.660210 -46.520118 -43.800695 -44.631011 -47.139399 -47.165782 -47.133679 -44.273477 -50.490447 -55.332361 -57.135001 -58.851591 -59.078193 -59.742002 -60.138459 -60.422016 -59.529456 -60.138645 -59.826850 
-15.887323 -12.987284 -19.863864 -21.805777 -26.652836 -28.520392 -35.210000 -36.638571 -42.334308 -47.134221 -52.168540 -48.803110 -51.320181 -50.505325 -53.319699 -57.019137 -54.727872 -53.736142 -49.528003 -49.642700 -46.437065 -46.566473 -55.269369 -50.618479 -48.381971 -52.952598 -54.195529 -52.368416 -54.376048 -59.160244 -61.388662 -64.073402 -66.803716 -67.692309 -68.433000 -69.676750 -68.528374 -67.985789 -69.370146 -68.798197 
-24.443046 -17.572376 -21.585183 -37.257811 -39.433267 -37.988492 -43.901704 -42.628524 -45.361896 -52.880293 -59.325941 -62.626755 -52.128915 -53.735520 -62.221336 -66.434152 -61.587235 -57.178151 -58.577709 -56.168678 -52.579612 -55.937299 -56.732439 -55.534913 -58.361989 -64.863610 -65.001095 -60.925714 -60.402011 -71.659337 -73.077523 -71.166490 -71.202415 -75.716377 -74.833449 -73.044126 -73.670004 -78.482720 -77.646829 -75.607782 
-26.083943 -26.633922 -29.162841 -34.794083 -39.214143 -41.534016 -48.263430 -49.883152 -50.813275 -57.505932 -60.043319 -62.993693 -57.621840 -56.092985 -60.152006 -65.990858 -58.581043 -57.534896 -59.842606 -62.847340 -60.606262 -60.777552 -59.146336 -63.402487 -64.199964 -66.881733 -67.458213 -63.925450 -66.924602 -70.333339 -72.484635 -69.613241 -71.612872 -77.348888 -73.783456 -69.325484 -70.396902 -74.152792 -75.705409 -74.463521 
-22.206951 -32.131486 -45.400112 -39.650459 -42.485513 -48.280941 -51.145481 -51.133827 -57.134605 -59.715494 -71.284432 -58.566599 -56.885673 -56.886425 -58.741886 -58.967308 -61.831124 -63.290259 -59.474150 -57.577812 -61.228468 -63.932626 -59.675417 -60.668389 -61.089969 -64.942502 -66.890773 -66.709126 -69.013944 -68.096716 -70.462064 -69.365745 -70.891634 -74.115561 -69.728834 -70.400035 -68.707140 -70.552964 -71.754403 -74.448388 
-21.918334 -40.330156 -43.454624 -53.408262 -47.833912 -50.578052 -56.397735 -49.130423 -46.618730 -50.957462 -56.890433 -56.569100 -48.788916 -47.807788 -48.857366 -51.487306 -53.048172 -57.176992 -58.796916 -54.219389 -55.249483 -58.373107 -51.407984 -53.237880 -56.179224 -58.285464 -56.784405 -61.854316 -63.689963 -64.803060 -63.163169 -65.283077 -65.168790 -70.992255 -65.176347 -66.133357 -67.936891 -68.946294 -65.505719 -70.437832 
-24.503413 -34.117417 -37.573411 -48.493126 -47.994037 -43.001732 -44.120654 -46.581929 -48.832868 -50.603663 -50.190208 -46.265686 -48.594080 -44.320032 -44.260962 -45.255958 -46.523765 -48.319517 -46.977496 -47.515855 -50.474742 -50.615749 -44.636235 -46.625039 -47.317065 -50.341539 -51.918388 -51.688137 -54.710824 -59.073755 -59.855833 -61.009116 -61.684799 -65.809938 -63.681982 -62.671547 -64.049206 -63.347852 -61.738342 -66.031094 
-16.776971 -25.488255 -37.371129 -44.520023 -46.190757 -42.315745 -43.011050 -43.209526 -47.946309 -45.889479 -45.407941 -42.090369 -43.862542 -43.605046 -39.322780 -41.894156 -35.837167 -42.516061 -41.393880 -44.641769 -47.049101 -45.297656 -48.792166 -43.838525 -43.182828 -46.466909 -49.105320 -48.869319 -51.039416 -56.378752 -57.020755 -59.361054 -63.049913 -67.426767 -63.088885 -60.205404 -60.622276 -65.156750 -65.464847 -68.262727 
-21.723822 -37.500590 -40.264590 -43.646471 -39.469349 -39.681915 -44.536672 -50.312501 -55.261353 -48.609252 -44.045321 -41.043314 -47.598484 -53.460287 -50.858875 -47.258649 -40.189643 -44.739150 -50.158757 -54.780851 -54.149618 -51.700178 -46.412586 -49.160495 -52.860744 -57.593314 -57.404053 -51.653918 -58.897728 -62.668977 -62.646111 -64.012105 -65.308575 -67.398334 -68.723684 -69.002124 -66.828472 -68.625085 -70.456610 -73.504521 
-27.668645 -32.816502 -37.015381 -39.104875 -39.106223 -37.500593 -43.161415 -50.471126 -52.349509 -57.507027 -47.442463 -38.904169 -51.804502 -53.583889 -52.342324 -49.887133 -41.314363 -45.145398 -46.431363 -54.687343 -56.182504 -57.608333 -52.041455 -50.674541 -55.281995 -57.554099 -58.999171 -50.871950 -61.133273 -64.112718 -60.918717 -63.039061 -66.850324 -67.549986 -68.982305 -69.659766 -69.398937 -69.154908 -72.231197 -72.954948 
-26.982832 -31.668022 -41.653905 -43.236905 -41.290662 -41.418575 -46.285687 -47.220656 -48.991030 -51.332668 -48.410064 -41.189503 -49.455632 -52.674592 -56.720090 -49.026582 -43.642617 -44.047000 -48.856277 -57.270711 -57.083627 -61.909137 -57.188724 -54.330985 -58.162370 -63.054881 -59.074065 -59.052642 -67.261053 -65.822575 -65.057849 -71.042029 -71.069875 -70.711567 -70.308144 -71.532257 -69.670205 -70.886171 -73.135467 -72.411263 
-31.046914 -33.327740 -39.042407 -42.020359 -46.637491 -51.568785 -49.118059 -45.449904 -52.854672 -48.041724 -46.970566 -45.812491 -49.243429 -53.875959 -57.164484 -60.701051 -55.752417 -52.110262 -49.818949 -57.060881 -59.789288 -59.512808 -62.009886 -63.483535 -61.928355 -66.685425 -56.933052 -54.192493 -65.044872 -64.987383 -67.308719 -75.354533 -71.647958 -73.074100 -69.464402 -73.039279 -74.986341 -72.033500 -71.241193 -72.007359 
-51.211542 -59.762872 -61.627296 -59.781747 -66.442313 -63.156270 -65.189938 -61.113546 -64.261131 -63.616807 -64.559314 -63.377869 -72.616282 -70.085206 -66.946254 -61.151594 -62.139220 -63.087924 -64.732682 -71.916736 -70.403691 -71.919270 -68.590940 -69.491650 -70.115206 -68.624398 -69.390380 -68.705141 -71.687260 -69.587418 -73.590543 -76.688327 -74.004207 -75.919023 -71.917809 -72.908294 -73.343103 -72.119920 -73.684006 -77.393067 
-62.749948 -71.168021 -71.066377 -69.450651 -68.996990 -72.646021 -73.199996 -68.150767 -68.874334 -66.204983 -70.933206 -68.299570 -73.046606 -75.388224 -68.758877 -66.208874 -73.142387 -71.641282 -69.880959 -72.642254 -73.763004 -79.842166 -73.095725 -79.210511 -76.577077 -73.238098 -72.466995 -73.343237 -74.706835 -72.572379 -74.893240 -77.028918 -73.665434 -76.020744 -76.195687 -76.263084 -72.357418 -74.051513 -74.385349 -77.900152 
-63.776502 -73.186110 -80.160392 -78.270975 -74.039169 -78.054149 -77.185879 -73.825677 -80.464890 -73.432816 -71.541396 -77.180220 -74.242028 -76.782108 -78.438519 -80.537615 -76.395347 -75.882072 -75.271579 -74.617978 -77.922538 -82.311065 -79.930724 -77.079102 -73.780565 -74.409737 -77.523417 -78.757402 -78.043689 -74.249926 -79.061727 -73.838686 -75.772142 -77.464130 -73.939013 -75.794399 -76.166603 -76.716850 -77.641593 -79.265097 
-64.042074 -82.378996 -80.117253 -77.219021 -77.690262 -74.028107 -73.439848 -74.362192 -80.402537 -87.489622 -81.097824 -70.857861 -76.322139 -76.915643 -82.502793 -78.820485 -72.409227 -77.938589 -75.380330 -73.780091 -73.096343 -78.180726 -76.926291 -75.190535 -75.969965 -78.197661 -80.852489 -77.608939 -75.063562 -72.392687 -78.552736 -78.692658 -77.059600 -80.911352 -78.422778 -76.917529 -74.274738 -73.400020 -75.866438 -76.675447 
-64.129188 -75.515504 -70.288004 -70.325601 -72.750630 -74.659689 -71.776672 -77.770791 -77.374394 -79.520441 -78.415514 -71.548441 -69.337357 -72.651486 -83.281986 -78.679419 -71.129049 -81.451886 -78.023222 -72.233339 -74.308251 -73.574960 -75.880776 -75.514220 -76.683176 -75.970563 -78.059172 -75.108107 -76.622889 -74.413127 -77.759282 -76.650960 -78.059307 -78.340058 -75.686627 -78.013861 -75.076291 -76.268820 -75.701119 -77.884804 
-64.197188 -79.676334 -76.284964 -78.328482 -77.493992 -73.641239 -75.383569 -74.658934 -76.523253 -75.743366 -80.818013 -72.274586 -72.992313 -74.801265 -76.894607 -81.091406 -70.907655 -73.308697 -74.213783 -79.256095 -76.118949 -76.181193 -74.678638 -75.605864 -81.518946 -78.640078 -77.283615 -74.571165 -74.903808 -75.900539 -75.991010 -77.840199 -79.425227 -76.402650 -73.902655 -76.093914 -74.349660 -74.637241 -74.459499 -78.454156 
-62.744709 -74.353459 -78.029287 -83.621206 -84.514318 -79.182186 -72.092235 -71.230948 -74.214750 -77.425227 -73.784808 -75.567283 -77.456430 -71.231202 -75.368634 -79.379251 -75.137648 -71.442526 -70.419725 -77.913266 -76.005834 -72.019453 -71.635571 -74.742157 -78.939317 -75.435765 -73.367336 -74.573877 -73.686391 -77.037649 -76.574528 -78.122710 -77.144883 -73.318321 -73.864820 -77.457543 -76.289710 -75.615860 -75.181498 -79.775219 
-63.539484 -82.144797 -80.430272 -73.641629 -76.272134 -79.599874 -78.426686 -77.544348 -73.816366 -71.640482 -76.694514 -77.721131 -74.319306 -74.916890 -75.585672 -80.299897 -75.836297 -73.116452 -76.390520 -74.974527 -73.439597 -79.210236 -75.939267 -73.624883 -77.297266 -74.404428 -77.406097 -77.314174 -78.410746 -79.110492 -78.007965 -77.577410 -76.720170 -75.610850 -76.486220 -77.757614 -74.145245 -77.139081 -77.041363 -78.424311 
-63.849887 -87.300714 -77.885075 -71.050277 -73.999720 -76.690708 -79.439785 -75.237182 -74.819610 -72.124074 -76.569702 -78.397322 -75.859456 -76.504037 -73.271140 -76.892213 -75.012096 -74.116611 -77.102419 -75.402529 -77.101266 -73.696547 -72.761085 -75.360484 -74.639138 -74.857159 -76.904575 -76.930975 -78.385334 -76.601897 -74.526062 -75.113553 -76.377928 -76.467456 -78.154413 -78.681505 -79.501994 -76.158061 -74.666099 -80.142171 
-61.693715 -68.355586 -69.438567 -75.292761 -76.779756 -73.674341 -72.205877 -77.303124 -82.514359 -71.726209 -72.700141 -77.198949 -76.838655 -76.683288 -75.447173 -74.738029 -75.563315 -77.362616 -78.730919 -76.207501 -73.917885 -76.414188 -73.616105 -76.308208 -75.947674 -77.995513 -78.909964 -78.242016 -78.336098 -80.176225 -76.847546 -75.065625 -74.647178 -76.144454 -77.585864 -78.289967 -78.670528 -78.213878 -79.264707 -80.447445 
-78.244284 -79.702023 -82.151461 -85.377343 -86.351534 -85.372215 -85.984877 -89.326405 -90.731219 -87.025898 -86.184805 -87.744352 -87.991158 -87.600250 -87.581640 -86.733284 -88.210330 -89.494101 -91.272704 -88.821564 -87.273535 -87.880067 -87.302159 -90.519065 -90.935603 -94.103769 -92.655787 -91.441889 -93.766497 -98.514580 -95.701205 -88.707944 -88.496713 -88.588530 -90.048975 -91.694424 -91.791413 -91.252092 -92.748840 -94.549412 
NaN NaN NaN NaN NaN NaN NaN NaN NaN NaN NaN NaN NaN NaN NaN NaN NaN NaN NaN NaN NaN NaN NaN NaN NaN NaN NaN NaN NaN NaN NaN NaN NaN NaN NaN NaN NaN NaN NaN NaN 
NaN NaN NaN NaN NaN NaN NaN NaN NaN NaN NaN NaN NaN NaN NaN NaN NaN NaN NaN NaN NaN NaN NaN NaN NaN NaN NaN NaN NaN NaN NaN NaN NaN NaN NaN NaN NaN NaN NaN NaN 
NaN NaN NaN NaN NaN NaN NaN NaN NaN NaN NaN NaN NaN NaN NaN NaN NaN NaN NaN NaN NaN NaN NaN NaN NaN NaN NaN NaN NaN NaN NaN NaN NaN NaN NaN NaN NaN NaN NaN NaN 
NaN NaN NaN NaN NaN NaN NaN NaN NaN NaN NaN NaN NaN NaN NaN NaN NaN NaN NaN NaN NaN NaN NaN NaN NaN NaN NaN NaN NaN NaN NaN NaN NaN NaN NaN NaN NaN NaN NaN NaN 
NaN NaN NaN NaN NaN NaN NaN NaN NaN NaN NaN NaN NaN NaN NaN NaN NaN NaN NaN NaN NaN NaN NaN NaN NaN NaN NaN NaN NaN NaN NaN NaN NaN NaN NaN NaN NaN NaN NaN NaN 
NaN NaN NaN NaN NaN NaN NaN NaN NaN NaN NaN NaN NaN NaN NaN NaN NaN NaN NaN NaN NaN NaN NaN NaN NaN NaN NaN NaN NaN NaN NaN NaN NaN NaN NaN NaN NaN NaN NaN NaN 
NaN NaN NaN NaN NaN NaN NaN NaN NaN NaN NaN NaN NaN NaN NaN NaN NaN NaN NaN NaN NaN NaN NaN NaN NaN NaN NaN NaN NaN NaN NaN NaN NaN NaN NaN NaN NaN NaN NaN NaN 
NaN NaN NaN NaN NaN NaN NaN NaN NaN NaN NaN NaN NaN NaN NaN NaN NaN NaN NaN NaN NaN NaN NaN NaN NaN NaN NaN NaN NaN NaN NaN NaN NaN NaN NaN NaN NaN NaN NaN NaN 
NaN NaN NaN NaN NaN NaN NaN NaN NaN NaN NaN NaN NaN NaN NaN NaN NaN NaN NaN NaN NaN NaN NaN NaN NaN NaN NaN NaN NaN NaN NaN NaN NaN NaN NaN NaN NaN NaN NaN NaN 
NaN NaN NaN NaN NaN NaN NaN NaN NaN NaN NaN NaN NaN NaN NaN NaN NaN NaN NaN NaN NaN NaN NaN NaN NaN NaN NaN NaN NaN NaN NaN NaN NaN NaN NaN NaN NaN NaN NaN NaN 
NaN NaN NaN NaN NaN NaN NaN NaN NaN NaN NaN NaN NaN NaN NaN NaN NaN NaN NaN NaN NaN NaN NaN NaN NaN NaN NaN NaN NaN NaN NaN NaN NaN NaN NaN NaN NaN NaN NaN NaN 
NaN NaN NaN NaN NaN NaN NaN NaN NaN NaN NaN NaN NaN NaN NaN NaN NaN NaN NaN NaN NaN NaN NaN NaN NaN NaN NaN NaN NaN NaN NaN NaN NaN NaN NaN NaN NaN NaN NaN NaN 
NaN NaN NaN NaN NaN NaN NaN NaN NaN NaN NaN NaN NaN NaN NaN NaN NaN NaN NaN NaN NaN NaN NaN NaN NaN NaN NaN NaN NaN NaN NaN NaN NaN NaN NaN NaN NaN NaN NaN NaN 
NaN NaN NaN NaN NaN NaN NaN NaN NaN NaN NaN NaN NaN NaN NaN NaN NaN NaN NaN NaN NaN NaN NaN NaN NaN NaN NaN NaN NaN NaN NaN NaN NaN NaN NaN NaN NaN NaN NaN NaN 
NaN NaN NaN NaN NaN NaN NaN NaN NaN NaN NaN NaN NaN NaN NaN NaN NaN NaN NaN NaN NaN NaN NaN NaN NaN NaN NaN NaN NaN NaN NaN NaN NaN NaN NaN NaN NaN NaN NaN NaN 
NaN NaN NaN NaN NaN NaN NaN NaN NaN NaN NaN NaN NaN NaN NaN NaN NaN NaN NaN NaN NaN NaN NaN NaN NaN NaN NaN NaN NaN NaN NaN NaN NaN NaN NaN NaN NaN NaN NaN NaN 
NaN NaN NaN NaN NaN NaN NaN NaN NaN NaN NaN NaN NaN NaN NaN NaN NaN NaN NaN NaN NaN NaN NaN NaN NaN NaN NaN NaN NaN NaN NaN NaN NaN NaN NaN NaN NaN NaN NaN NaN 
NaN NaN NaN NaN NaN NaN NaN NaN NaN NaN NaN NaN NaN NaN NaN NaN NaN NaN NaN NaN NaN NaN NaN NaN NaN NaN NaN NaN NaN NaN NaN NaN NaN NaN NaN NaN NaN NaN NaN NaN 
NaN NaN NaN NaN NaN NaN NaN NaN NaN NaN NaN NaN NaN NaN NaN NaN NaN NaN NaN NaN NaN NaN NaN NaN NaN NaN NaN NaN NaN NaN NaN NaN NaN NaN NaN NaN NaN NaN NaN NaN 
NaN NaN NaN NaN NaN NaN NaN NaN NaN NaN NaN NaN NaN NaN NaN NaN NaN NaN NaN NaN NaN NaN NaN NaN NaN NaN NaN NaN NaN NaN NaN NaN NaN NaN NaN NaN NaN NaN NaN NaN 
NaN NaN NaN NaN NaN NaN NaN NaN NaN NaN NaN NaN NaN NaN NaN NaN NaN NaN NaN NaN NaN NaN NaN NaN NaN NaN NaN NaN NaN NaN NaN NaN NaN NaN NaN NaN NaN NaN NaN NaN 
NaN NaN NaN NaN NaN NaN NaN NaN NaN NaN NaN NaN NaN NaN NaN NaN NaN NaN NaN NaN NaN NaN NaN NaN NaN NaN NaN NaN NaN NaN NaN NaN NaN NaN NaN NaN NaN NaN NaN NaN 
NaN NaN NaN NaN NaN NaN NaN NaN NaN NaN NaN NaN NaN NaN NaN NaN NaN NaN NaN NaN NaN NaN NaN NaN NaN NaN NaN NaN NaN NaN NaN NaN NaN NaN NaN NaN NaN NaN NaN NaN 
NaN NaN NaN NaN NaN NaN NaN NaN NaN NaN NaN NaN NaN NaN NaN NaN NaN NaN NaN NaN NaN NaN NaN NaN NaN NaN NaN NaN NaN NaN NaN NaN NaN NaN NaN NaN NaN NaN NaN NaN 
NaN NaN NaN NaN NaN NaN NaN NaN NaN NaN NaN NaN NaN NaN NaN NaN NaN NaN NaN NaN NaN NaN NaN NaN NaN NaN NaN NaN NaN NaN NaN NaN NaN NaN NaN NaN NaN NaN NaN NaN 
NaN NaN NaN NaN NaN NaN NaN NaN NaN NaN NaN NaN NaN NaN NaN NaN NaN NaN NaN NaN NaN NaN NaN NaN NaN NaN NaN NaN NaN NaN NaN NaN NaN NaN NaN NaN NaN NaN NaN NaN 
NaN NaN NaN NaN NaN NaN NaN NaN NaN NaN NaN NaN NaN NaN NaN NaN NaN NaN NaN NaN NaN NaN NaN NaN NaN NaN NaN NaN NaN NaN NaN NaN NaN NaN NaN NaN NaN NaN NaN NaN 
NaN NaN NaN NaN NaN NaN NaN NaN NaN NaN NaN NaN NaN NaN NaN NaN NaN NaN NaN NaN NaN NaN NaN NaN NaN NaN NaN NaN NaN NaN NaN NaN NaN NaN NaN NaN NaN NaN NaN NaN 
NaN NaN NaN NaN NaN NaN NaN NaN NaN NaN NaN NaN NaN NaN NaN NaN NaN NaN NaN NaN NaN NaN NaN NaN NaN NaN NaN NaN NaN NaN NaN NaN NaN NaN NaN NaN NaN NaN NaN NaN 
NaN NaN NaN NaN NaN NaN NaN NaN NaN NaN NaN NaN NaN NaN NaN NaN NaN NaN NaN NaN NaN NaN NaN NaN NaN NaN NaN NaN NaN NaN NaN NaN NaN NaN NaN NaN NaN NaN NaN NaN 
NaN NaN NaN NaN NaN NaN NaN NaN NaN NaN NaN NaN NaN NaN NaN NaN NaN NaN NaN NaN NaN NaN NaN NaN NaN NaN NaN NaN NaN NaN NaN NaN NaN NaN NaN NaN NaN NaN NaN NaN 
NaN NaN NaN NaN NaN NaN NaN NaN NaN NaN NaN NaN NaN NaN NaN NaN NaN NaN NaN NaN NaN NaN NaN NaN NaN NaN NaN NaN NaN NaN NaN NaN NaN NaN NaN NaN NaN NaN NaN NaN 
NaN NaN NaN NaN NaN NaN NaN NaN NaN NaN NaN NaN NaN NaN NaN NaN NaN NaN NaN NaN NaN NaN NaN NaN NaN NaN NaN NaN NaN NaN NaN NaN NaN NaN NaN NaN NaN NaN NaN NaN 
NaN NaN NaN NaN NaN NaN NaN NaN NaN NaN NaN NaN NaN NaN NaN NaN NaN NaN NaN NaN NaN NaN NaN NaN NaN NaN NaN NaN NaN NaN NaN NaN NaN NaN NaN NaN NaN NaN NaN NaN 
NaN NaN NaN NaN NaN NaN NaN NaN NaN NaN NaN NaN NaN NaN NaN NaN NaN NaN NaN NaN NaN NaN NaN NaN NaN NaN NaN NaN NaN NaN NaN NaN NaN NaN NaN NaN NaN NaN NaN NaN 
NaN NaN NaN NaN NaN NaN NaN NaN NaN NaN NaN NaN NaN NaN NaN NaN NaN NaN NaN NaN NaN NaN NaN NaN NaN NaN NaN NaN NaN NaN NaN NaN NaN NaN NaN NaN NaN NaN NaN NaN 
NaN NaN NaN NaN NaN NaN NaN NaN NaN NaN NaN NaN NaN NaN NaN NaN NaN NaN NaN NaN NaN NaN NaN NaN NaN NaN NaN NaN NaN NaN NaN NaN NaN NaN NaN NaN NaN NaN NaN NaN 
NaN NaN NaN NaN NaN NaN NaN NaN NaN NaN NaN NaN NaN NaN NaN NaN NaN NaN NaN NaN NaN NaN NaN NaN NaN NaN NaN NaN NaN NaN NaN NaN NaN NaN NaN NaN NaN NaN NaN NaN 
NaN NaN NaN NaN NaN NaN NaN NaN NaN NaN NaN NaN NaN NaN NaN NaN NaN NaN NaN NaN NaN NaN NaN NaN NaN NaN NaN NaN NaN NaN NaN NaN NaN NaN NaN NaN NaN NaN NaN NaN 
NaN NaN NaN NaN NaN NaN NaN NaN NaN NaN NaN NaN NaN NaN NaN NaN NaN NaN NaN NaN NaN NaN NaN NaN NaN NaN NaN NaN NaN NaN NaN NaN NaN NaN NaN NaN NaN NaN NaN NaN 
NaN NaN NaN NaN NaN NaN NaN NaN NaN NaN NaN NaN NaN NaN NaN NaN NaN NaN NaN NaN NaN NaN NaN NaN NaN NaN NaN NaN NaN NaN NaN NaN NaN NaN NaN NaN NaN NaN NaN NaN 
NaN NaN NaN NaN NaN NaN NaN NaN NaN NaN NaN NaN NaN NaN NaN NaN NaN NaN NaN NaN NaN NaN NaN NaN NaN NaN NaN NaN NaN NaN NaN NaN NaN NaN NaN NaN NaN NaN NaN NaN 
NaN NaN NaN NaN NaN NaN NaN NaN NaN NaN NaN NaN NaN NaN NaN NaN NaN NaN NaN NaN NaN NaN NaN NaN NaN NaN NaN NaN NaN NaN NaN NaN NaN NaN NaN NaN NaN NaN NaN NaN 
NaN NaN NaN NaN NaN NaN NaN NaN NaN NaN NaN NaN NaN NaN NaN NaN NaN NaN NaN NaN NaN NaN NaN NaN NaN NaN NaN NaN NaN NaN NaN NaN NaN NaN NaN NaN NaN NaN NaN NaN 
NaN NaN NaN NaN NaN NaN NaN NaN NaN NaN NaN NaN NaN NaN NaN NaN NaN NaN NaN NaN NaN NaN NaN NaN NaN NaN NaN NaN NaN NaN NaN NaN NaN NaN NaN NaN NaN NaN NaN NaN 
NaN NaN NaN NaN NaN NaN NaN NaN NaN NaN NaN NaN NaN NaN NaN NaN NaN NaN NaN NaN NaN NaN NaN NaN NaN NaN NaN NaN NaN NaN NaN NaN NaN NaN NaN NaN NaN NaN NaN NaN 
NaN NaN NaN NaN NaN NaN NaN NaN NaN NaN NaN NaN NaN NaN NaN NaN NaN NaN NaN NaN NaN NaN NaN NaN NaN NaN NaN NaN NaN NaN NaN NaN NaN NaN NaN NaN NaN NaN NaN NaN 
NaN NaN NaN NaN NaN NaN NaN NaN NaN NaN NaN NaN NaN NaN NaN NaN NaN NaN NaN NaN NaN NaN NaN NaN NaN NaN NaN NaN NaN NaN NaN NaN NaN NaN NaN NaN NaN NaN NaN NaN 
NaN NaN NaN NaN NaN NaN NaN NaN NaN NaN NaN NaN NaN NaN NaN NaN NaN NaN NaN NaN NaN NaN NaN NaN NaN NaN NaN NaN NaN NaN NaN NaN NaN NaN NaN NaN NaN NaN NaN NaN 
NaN NaN NaN NaN NaN NaN NaN NaN NaN NaN NaN NaN NaN NaN NaN NaN NaN NaN NaN NaN NaN NaN NaN NaN NaN NaN NaN NaN NaN NaN NaN NaN NaN NaN NaN NaN NaN NaN NaN NaN 
NaN NaN NaN NaN NaN NaN NaN NaN NaN NaN NaN NaN NaN NaN NaN NaN NaN NaN NaN NaN NaN NaN NaN NaN NaN NaN NaN NaN NaN NaN NaN NaN NaN NaN NaN NaN NaN NaN NaN NaN 
NaN NaN NaN NaN NaN NaN NaN NaN NaN NaN NaN NaN NaN NaN NaN NaN NaN NaN NaN NaN NaN NaN NaN NaN NaN NaN NaN NaN NaN NaN NaN NaN NaN NaN NaN NaN NaN NaN NaN NaN 
NaN NaN NaN NaN NaN NaN NaN NaN NaN NaN NaN NaN NaN NaN NaN NaN NaN NaN NaN NaN NaN NaN NaN NaN NaN NaN NaN NaN NaN NaN NaN NaN NaN NaN NaN NaN NaN NaN NaN NaN 
NaN NaN NaN NaN NaN NaN NaN NaN NaN NaN NaN NaN NaN NaN NaN NaN NaN NaN NaN NaN NaN NaN NaN NaN NaN NaN NaN NaN NaN NaN NaN NaN NaN NaN NaN NaN NaN NaN NaN NaN 
NaN NaN NaN NaN NaN NaN NaN NaN NaN NaN NaN NaN NaN NaN NaN NaN NaN NaN NaN NaN NaN NaN NaN NaN NaN NaN NaN NaN NaN NaN NaN NaN NaN NaN NaN NaN NaN NaN NaN NaN 
NaN NaN NaN NaN NaN NaN NaN NaN NaN NaN NaN NaN NaN NaN NaN NaN NaN NaN NaN NaN NaN NaN NaN NaN NaN NaN NaN NaN NaN NaN NaN NaN NaN NaN NaN NaN NaN NaN NaN NaN 
NaN NaN NaN NaN NaN NaN NaN NaN NaN NaN NaN NaN NaN NaN NaN NaN NaN NaN NaN NaN NaN NaN NaN NaN NaN NaN NaN NaN NaN NaN NaN NaN NaN NaN NaN NaN NaN NaN NaN NaN 
NaN NaN NaN NaN NaN NaN NaN NaN NaN NaN NaN NaN NaN NaN NaN NaN NaN NaN NaN NaN NaN NaN NaN NaN NaN NaN NaN NaN NaN NaN NaN NaN NaN NaN NaN NaN NaN NaN NaN NaN 
NaN NaN NaN NaN NaN NaN NaN NaN NaN NaN NaN NaN NaN NaN NaN NaN NaN NaN NaN NaN NaN NaN NaN NaN NaN NaN NaN NaN NaN NaN NaN NaN NaN NaN NaN NaN NaN NaN NaN NaN 
NaN NaN NaN NaN NaN NaN NaN NaN NaN NaN NaN NaN NaN NaN NaN NaN NaN NaN NaN NaN NaN NaN NaN NaN NaN NaN NaN NaN NaN NaN NaN NaN NaN NaN NaN NaN NaN NaN NaN NaN 
NaN NaN NaN NaN NaN NaN NaN NaN NaN NaN NaN NaN NaN NaN NaN NaN NaN NaN NaN NaN NaN NaN NaN NaN NaN NaN NaN NaN NaN NaN NaN NaN NaN NaN NaN NaN NaN NaN NaN NaN 
NaN NaN NaN NaN NaN NaN NaN NaN NaN NaN NaN NaN NaN NaN NaN NaN NaN NaN NaN NaN NaN NaN NaN NaN NaN NaN NaN NaN NaN NaN NaN NaN NaN NaN NaN NaN NaN NaN NaN NaN 
NaN NaN NaN NaN NaN NaN NaN NaN NaN NaN NaN NaN NaN NaN NaN NaN NaN NaN NaN NaN NaN NaN NaN NaN NaN NaN NaN NaN NaN NaN NaN NaN NaN NaN NaN NaN NaN NaN NaN NaN 
NaN NaN NaN NaN NaN NaN NaN NaN NaN NaN NaN NaN NaN NaN NaN NaN NaN NaN NaN NaN NaN NaN NaN NaN NaN NaN NaN NaN NaN NaN NaN NaN NaN NaN NaN NaN NaN NaN NaN NaN 
NaN NaN NaN NaN NaN NaN NaN NaN NaN NaN NaN NaN NaN NaN NaN NaN NaN NaN NaN NaN NaN NaN NaN NaN NaN NaN NaN NaN NaN NaN NaN NaN NaN NaN NaN NaN NaN NaN NaN NaN 
NaN NaN NaN NaN NaN NaN NaN NaN NaN NaN NaN NaN NaN NaN NaN NaN NaN NaN NaN NaN NaN NaN NaN NaN NaN NaN NaN NaN NaN NaN NaN NaN NaN NaN NaN NaN NaN NaN NaN NaN 
NaN NaN NaN NaN NaN NaN NaN NaN NaN NaN NaN NaN NaN NaN NaN NaN NaN NaN NaN NaN NaN NaN NaN NaN NaN NaN NaN NaN NaN NaN NaN NaN NaN NaN NaN NaN NaN NaN NaN NaN 
NaN NaN NaN NaN NaN NaN NaN NaN NaN NaN NaN NaN NaN NaN NaN NaN NaN NaN NaN NaN NaN NaN NaN NaN NaN NaN NaN NaN NaN NaN NaN NaN NaN NaN NaN NaN NaN NaN NaN NaN 
NaN NaN NaN NaN NaN NaN NaN NaN NaN NaN NaN NaN NaN NaN NaN NaN NaN NaN NaN NaN NaN NaN NaN NaN NaN NaN NaN NaN NaN NaN NaN NaN NaN NaN NaN NaN NaN NaN NaN NaN 
NaN NaN NaN NaN NaN NaN NaN NaN NaN NaN NaN NaN NaN NaN NaN NaN NaN NaN NaN NaN NaN NaN NaN NaN NaN NaN NaN NaN NaN NaN NaN NaN NaN NaN NaN NaN NaN NaN NaN NaN 
NaN NaN NaN NaN NaN NaN NaN NaN NaN NaN NaN NaN NaN NaN NaN NaN NaN NaN NaN NaN NaN NaN NaN NaN NaN NaN NaN NaN NaN NaN NaN NaN NaN NaN NaN NaN NaN NaN NaN NaN 
NaN NaN NaN NaN NaN NaN NaN NaN NaN NaN NaN NaN NaN NaN NaN NaN NaN NaN NaN NaN NaN NaN NaN NaN NaN NaN NaN NaN NaN NaN NaN NaN NaN NaN NaN NaN NaN NaN NaN NaN 
NaN NaN NaN NaN NaN NaN NaN NaN NaN NaN NaN NaN NaN NaN NaN NaN NaN NaN NaN NaN NaN NaN NaN NaN NaN NaN NaN NaN NaN NaN NaN NaN NaN NaN NaN NaN NaN NaN NaN NaN 
NaN NaN NaN NaN NaN NaN NaN NaN NaN NaN NaN NaN NaN NaN NaN NaN NaN NaN NaN NaN NaN NaN NaN NaN NaN NaN NaN NaN NaN NaN NaN NaN NaN NaN NaN NaN NaN NaN NaN NaN 
NaN NaN NaN NaN NaN NaN NaN NaN NaN NaN NaN NaN NaN NaN NaN NaN NaN NaN NaN NaN NaN NaN NaN NaN NaN NaN NaN NaN NaN NaN NaN NaN NaN NaN NaN NaN NaN NaN NaN NaN 
