NaN NaN NaN NaN NaN NaN NaN NaN NaN NaN NaN NaN NaN NaN NaN NaN NaN NaN NaN NaN NaN NaN NaN NaN NaN NaN NaN NaN NaN NaN NaN NaN NaN NaN NaN NaN NaN NaN NaN NaN 
NaN NaN NaN NaN NaN NaN NaN NaN NaN NaN NaN NaN NaN NaN NaN NaN NaN NaN NaN NaN NaN NaN NaN NaN NaN NaN NaN NaN NaN NaN NaN NaN NaN NaN NaN NaN NaN NaN NaN NaN 
NaN NaN NaN NaN NaN NaN NaN NaN NaN NaN NaN NaN NaN NaN NaN NaN NaN NaN NaN NaN NaN NaN NaN NaN NaN NaN NaN NaN NaN NaN NaN NaN NaN NaN NaN NaN NaN NaN NaN NaN 
NaN NaN NaN NaN NaN NaN NaN NaN NaN NaN NaN NaN NaN NaN NaN NaN NaN NaN NaN NaN NaN NaN NaN NaN NaN NaN NaN NaN NaN NaN NaN NaN NaN NaN NaN NaN NaN NaN NaN NaN 
NaN NaN NaN NaN NaN NaN NaN NaN NaN NaN NaN NaN NaN NaN NaN NaN NaN NaN NaN NaN NaN NaN NaN NaN NaN NaN NaN NaN NaN NaN NaN NaN NaN NaN NaN NaN NaN NaN NaN NaN 
NaN NaN NaN NaN NaN NaN NaN NaN NaN NaN NaN NaN NaN NaN NaN NaN NaN NaN NaN NaN NaN NaN NaN NaN NaN NaN NaN NaN NaN NaN NaN NaN NaN NaN NaN NaN NaN NaN NaN NaN 
NaN NaN NaN NaN NaN NaN NaN NaN NaN NaN NaN NaN NaN NaN NaN NaN NaN NaN NaN NaN NaN NaN NaN NaN NaN NaN NaN NaN NaN NaN NaN NaN NaN NaN NaN NaN NaN NaN NaN NaN 
NaN NaN NaN NaN NaN NaN NaN NaN NaN NaN NaN NaN NaN NaN NaN NaN NaN NaN NaN NaN NaN NaN NaN NaN NaN NaN NaN NaN NaN NaN NaN NaN NaN NaN NaN NaN NaN NaN NaN NaN 
NaN NaN NaN NaN NaN NaN NaN NaN NaN NaN NaN NaN NaN NaN NaN NaN NaN NaN NaN NaN NaN NaN NaN NaN NaN NaN NaN NaN NaN NaN NaN NaN NaN NaN NaN NaN NaN NaN NaN NaN 
NaN NaN NaN NaN NaN NaN NaN NaN NaN NaN NaN NaN NaN NaN NaN NaN NaN NaN NaN NaN NaN NaN NaN NaN NaN NaN NaN NaN NaN NaN NaN NaN NaN NaN NaN NaN NaN NaN NaN NaN 
NaN NaN NaN NaN NaN NaN NaN NaN NaN NaN NaN NaN NaN NaN NaN NaN NaN NaN NaN NaN NaN NaN NaN NaN NaN NaN NaN NaN NaN NaN NaN NaN NaN NaN NaN NaN NaN NaN NaN NaN 
NaN NaN NaN NaN NaN NaN NaN NaN NaN NaN NaN NaN NaN NaN NaN NaN NaN NaN NaN NaN NaN NaN NaN NaN NaN NaN NaN NaN NaN NaN NaN NaN NaN NaN NaN NaN NaN NaN NaN NaN 
NaN NaN NaN NaN NaN NaN NaN NaN NaN NaN NaN NaN NaN NaN NaN NaN NaN NaN NaN NaN NaN NaN NaN NaN NaN NaN NaN NaN NaN NaN NaN NaN NaN NaN NaN NaN NaN NaN NaN NaN 
NaN NaN NaN NaN NaN NaN NaN NaN NaN NaN NaN NaN NaN NaN NaN NaN NaN NaN NaN NaN NaN NaN NaN NaN NaN NaN NaN NaN NaN NaN NaN NaN NaN NaN NaN NaN NaN NaN NaN NaN 
NaN NaN NaN NaN NaN NaN NaN NaN NaN NaN NaN NaN NaN NaN NaN NaN NaN NaN NaN NaN NaN NaN NaN NaN NaN NaN NaN NaN NaN NaN NaN NaN NaN NaN NaN NaN NaN NaN NaN NaN 
NaN NaN NaN NaN NaN NaN NaN NaN NaN NaN NaN NaN NaN NaN NaN NaN NaN NaN NaN NaN NaN NaN NaN NaN NaN NaN NaN NaN NaN NaN NaN NaN NaN NaN NaN NaN NaN NaN NaN NaN 
NaN NaN NaN NaN NaN NaN NaN NaN NaN NaN NaN NaN NaN NaN NaN NaN NaN NaN NaN NaN NaN NaN NaN NaN NaN NaN NaN NaN NaN NaN NaN NaN NaN NaN NaN NaN NaN NaN NaN NaN 
NaN NaN NaN NaN NaN NaN NaN NaN NaN NaN NaN NaN NaN NaN NaN NaN NaN NaN NaN NaN NaN NaN NaN NaN NaN NaN NaN NaN NaN NaN NaN NaN NaN NaN NaN NaN NaN NaN NaN NaN 
NaN NaN NaN NaN NaN NaN NaN NaN NaN NaN NaN NaN NaN NaN NaN NaN NaN NaN NaN NaN NaN NaN NaN NaN NaN NaN NaN NaN NaN NaN NaN NaN NaN NaN NaN NaN NaN NaN NaN NaN 
NaN NaN NaN NaN NaN NaN NaN NaN NaN NaN NaN NaN NaN NaN NaN NaN NaN NaN NaN NaN NaN NaN NaN NaN NaN NaN NaN NaN NaN NaN NaN NaN NaN NaN NaN NaN NaN NaN NaN NaN 
NaN NaN NaN NaN NaN NaN NaN NaN NaN NaN NaN NaN NaN NaN NaN NaN NaN NaN NaN NaN NaN NaN NaN NaN NaN NaN NaN NaN NaN NaN NaN NaN NaN NaN NaN NaN NaN NaN NaN NaN 
NaN NaN NaN NaN NaN NaN NaN NaN NaN NaN NaN NaN NaN NaN NaN NaN NaN NaN NaN NaN NaN NaN NaN NaN NaN NaN NaN NaN NaN NaN NaN NaN NaN NaN NaN NaN NaN NaN NaN NaN 
NaN NaN NaN NaN NaN NaN NaN NaN NaN NaN NaN NaN NaN NaN NaN NaN NaN NaN NaN NaN NaN NaN NaN NaN NaN NaN NaN NaN NaN NaN NaN NaN NaN NaN NaN NaN NaN NaN NaN NaN 
NaN NaN NaN NaN NaN NaN NaN NaN NaN NaN NaN NaN NaN NaN NaN NaN NaN NaN NaN NaN NaN NaN NaN NaN NaN NaN NaN NaN NaN NaN NaN NaN NaN NaN NaN NaN NaN NaN NaN NaN 
NaN NaN NaN NaN NaN NaN NaN NaN NaN NaN NaN NaN NaN NaN NaN NaN NaN NaN NaN NaN NaN NaN NaN NaN NaN NaN NaN NaN NaN NaN NaN NaN NaN NaN NaN NaN NaN NaN NaN NaN 
NaN NaN NaN NaN NaN NaN NaN NaN NaN NaN NaN NaN NaN NaN NaN NaN NaN NaN NaN NaN NaN NaN NaN NaN NaN NaN NaN NaN NaN NaN NaN NaN NaN NaN NaN NaN NaN NaN NaN NaN 
NaN NaN NaN NaN NaN NaN NaN NaN NaN NaN NaN NaN NaN NaN NaN NaN NaN NaN NaN NaN NaN NaN NaN NaN NaN NaN NaN NaN NaN NaN NaN NaN NaN NaN NaN NaN NaN NaN NaN NaN 
NaN NaN NaN NaN NaN NaN NaN NaN NaN NaN NaN NaN NaN NaN NaN NaN NaN NaN NaN NaN NaN NaN NaN NaN NaN NaN NaN NaN NaN NaN NaN NaN NaN NaN NaN NaN NaN NaN NaN NaN 
NaN NaN NaN NaN NaN NaN NaN NaN NaN NaN NaN NaN NaN NaN NaN NaN NaN NaN NaN NaN NaN NaN NaN NaN NaN NaN NaN NaN NaN NaN NaN NaN NaN NaN NaN NaN NaN NaN NaN NaN 
NaN NaN NaN NaN NaN NaN NaN NaN NaN NaN NaN NaN NaN NaN NaN NaN NaN NaN NaN NaN NaN NaN NaN NaN NaN NaN NaN NaN NaN NaN NaN NaN NaN NaN NaN NaN NaN NaN NaN NaN 
NaN NaN NaN NaN NaN NaN NaN NaN NaN NaN NaN NaN NaN NaN NaN NaN NaN NaN NaN NaN NaN NaN NaN NaN NaN NaN NaN NaN NaN NaN NaN NaN NaN NaN NaN NaN NaN NaN NaN NaN 
NaN NaN NaN NaN NaN NaN NaN NaN NaN NaN NaN NaN NaN NaN NaN NaN NaN NaN NaN NaN NaN NaN NaN NaN NaN NaN NaN NaN NaN NaN NaN NaN NaN NaN NaN NaN NaN NaN NaN NaN 
NaN NaN NaN NaN NaN NaN NaN NaN NaN NaN NaN NaN NaN NaN NaN NaN NaN NaN NaN NaN NaN NaN NaN NaN NaN NaN NaN NaN NaN NaN NaN NaN NaN NaN NaN NaN NaN NaN NaN NaN 
NaN NaN NaN NaN NaN NaN NaN NaN NaN NaN NaN NaN NaN NaN NaN NaN NaN NaN NaN NaN NaN NaN NaN NaN NaN NaN NaN NaN NaN NaN NaN NaN NaN NaN NaN NaN NaN NaN NaN NaN 
NaN NaN NaN NaN NaN NaN NaN NaN NaN NaN NaN NaN NaN NaN NaN NaN NaN NaN NaN NaN NaN NaN NaN NaN NaN NaN NaN NaN NaN NaN NaN NaN NaN NaN NaN NaN NaN NaN NaN NaN 
NaN NaN NaN NaN NaN NaN NaN NaN NaN NaN NaN NaN NaN NaN NaN NaN NaN NaN NaN NaN NaN NaN NaN NaN NaN NaN NaN NaN NaN NaN NaN NaN NaN NaN NaN NaN NaN NaN NaN NaN 
NaN NaN NaN NaN NaN NaN NaN NaN NaN NaN NaN NaN NaN NaN NaN NaN NaN NaN NaN NaN NaN NaN NaN NaN NaN NaN NaN NaN NaN NaN NaN NaN NaN NaN NaN NaN NaN NaN NaN NaN 
NaN NaN NaN NaN NaN NaN NaN NaN NaN NaN NaN NaN NaN NaN NaN NaN NaN NaN NaN NaN NaN NaN NaN NaN NaN NaN NaN NaN NaN NaN NaN NaN NaN NaN NaN NaN NaN NaN NaN NaN 
NaN NaN NaN NaN NaN NaN NaN NaN NaN NaN NaN NaN NaN NaN NaN NaN NaN NaN NaN NaN NaN NaN NaN NaN NaN NaN NaN NaN NaN NaN NaN NaN NaN NaN NaN NaN NaN NaN NaN NaN 
NaN NaN NaN NaN NaN NaN NaN NaN NaN NaN NaN NaN NaN NaN NaN NaN NaN NaN NaN NaN NaN NaN NaN NaN NaN NaN NaN NaN NaN NaN NaN NaN NaN NaN NaN NaN NaN NaN NaN NaN 
NaN NaN NaN NaN NaN NaN NaN NaN NaN NaN NaN NaN NaN NaN NaN NaN NaN NaN NaN NaN NaN NaN NaN NaN NaN NaN NaN NaN NaN NaN NaN NaN NaN NaN NaN NaN NaN NaN NaN NaN 
NaN NaN NaN NaN NaN NaN NaN NaN NaN NaN NaN NaN NaN NaN NaN NaN NaN NaN NaN NaN NaN NaN NaN NaN NaN NaN NaN NaN NaN NaN NaN NaN NaN NaN NaN NaN NaN NaN NaN NaN 
NaN NaN NaN NaN NaN NaN NaN NaN NaN NaN NaN NaN NaN NaN NaN NaN NaN NaN NaN NaN NaN NaN NaN NaN NaN NaN NaN NaN NaN NaN NaN NaN NaN NaN NaN NaN NaN NaN NaN NaN 
NaN NaN NaN NaN NaN NaN NaN NaN NaN NaN NaN NaN NaN NaN NaN NaN NaN NaN NaN NaN NaN NaN NaN NaN NaN NaN NaN NaN NaN NaN NaN NaN NaN NaN NaN NaN NaN NaN NaN NaN 
NaN NaN NaN NaN NaN NaN NaN NaN NaN NaN NaN NaN NaN NaN NaN NaN NaN NaN NaN NaN NaN NaN NaN NaN NaN NaN NaN NaN NaN NaN NaN NaN NaN NaN NaN NaN NaN NaN NaN NaN 
NaN NaN NaN NaN NaN NaN NaN NaN NaN NaN NaN NaN NaN NaN NaN NaN NaN NaN NaN NaN NaN NaN NaN NaN NaN NaN NaN NaN NaN NaN NaN NaN NaN NaN NaN NaN NaN NaN NaN NaN 
NaN NaN NaN NaN NaN NaN NaN NaN NaN NaN NaN NaN NaN NaN NaN NaN NaN NaN NaN NaN NaN NaN NaN NaN NaN NaN NaN NaN NaN NaN NaN NaN NaN NaN NaN NaN NaN NaN NaN NaN 
NaN NaN NaN NaN NaN NaN NaN NaN NaN NaN NaN NaN NaN NaN NaN NaN NaN NaN NaN NaN NaN NaN NaN NaN NaN NaN NaN NaN NaN NaN NaN NaN NaN NaN NaN NaN NaN NaN NaN NaN 
NaN NaN NaN NaN NaN NaN NaN NaN NaN NaN NaN NaN NaN NaN NaN NaN NaN NaN NaN NaN NaN NaN NaN NaN NaN NaN NaN NaN NaN NaN NaN NaN NaN NaN NaN NaN NaN NaN NaN NaN 
NaN NaN NaN NaN NaN NaN NaN NaN NaN NaN NaN NaN NaN NaN NaN NaN NaN NaN NaN NaN NaN NaN NaN NaN NaN NaN NaN NaN NaN NaN NaN NaN NaN NaN NaN NaN NaN NaN NaN NaN 
NaN NaN NaN NaN NaN NaN NaN NaN NaN NaN NaN NaN NaN NaN NaN NaN NaN NaN NaN NaN NaN NaN NaN NaN NaN NaN NaN NaN NaN NaN NaN NaN NaN NaN NaN NaN NaN NaN NaN NaN 
NaN NaN NaN NaN NaN NaN NaN NaN NaN NaN NaN NaN NaN NaN NaN NaN NaN NaN NaN NaN NaN NaN NaN NaN NaN NaN NaN NaN NaN NaN NaN NaN NaN NaN NaN NaN NaN NaN NaN NaN 
NaN NaN NaN NaN NaN NaN NaN NaN NaN NaN NaN NaN NaN NaN NaN NaN NaN NaN NaN NaN NaN NaN NaN NaN NaN NaN NaN NaN NaN NaN NaN NaN NaN NaN NaN NaN NaN NaN NaN NaN 
NaN NaN NaN NaN NaN NaN NaN NaN NaN NaN NaN NaN NaN NaN NaN NaN NaN NaN NaN NaN NaN NaN NaN NaN NaN NaN NaN NaN NaN NaN NaN NaN NaN NaN NaN NaN NaN NaN NaN NaN 
NaN NaN NaN NaN NaN NaN NaN NaN NaN NaN NaN NaN NaN NaN NaN NaN NaN NaN NaN NaN NaN NaN NaN NaN NaN NaN NaN NaN NaN NaN NaN NaN NaN NaN NaN NaN NaN NaN NaN NaN 
NaN NaN NaN NaN NaN NaN NaN NaN NaN NaN NaN NaN NaN NaN NaN NaN NaN NaN NaN NaN NaN NaN NaN NaN NaN NaN NaN NaN NaN NaN NaN NaN NaN NaN NaN NaN NaN NaN NaN NaN 
NaN NaN NaN NaN NaN NaN NaN NaN NaN NaN NaN NaN NaN NaN NaN NaN NaN NaN NaN NaN NaN NaN NaN NaN NaN NaN NaN NaN NaN NaN NaN NaN NaN NaN NaN NaN NaN NaN NaN NaN 
NaN NaN NaN NaN NaN NaN NaN NaN NaN NaN NaN NaN NaN NaN NaN NaN NaN NaN NaN NaN NaN NaN NaN NaN NaN NaN NaN NaN NaN NaN NaN NaN NaN NaN NaN NaN NaN NaN NaN NaN 
NaN NaN NaN NaN NaN NaN NaN NaN NaN NaN NaN NaN NaN NaN NaN NaN NaN NaN NaN NaN NaN NaN NaN NaN NaN NaN NaN NaN NaN NaN NaN NaN NaN NaN NaN NaN NaN NaN NaN NaN 
NaN NaN NaN NaN NaN NaN NaN NaN NaN NaN NaN NaN NaN NaN NaN NaN NaN NaN NaN NaN NaN NaN NaN NaN NaN NaN NaN NaN NaN NaN NaN NaN NaN NaN NaN NaN NaN NaN NaN NaN 
NaN NaN NaN NaN NaN NaN NaN NaN NaN NaN NaN NaN NaN NaN NaN NaN NaN NaN NaN NaN NaN NaN NaN NaN NaN NaN NaN NaN NaN NaN NaN NaN NaN NaN NaN NaN NaN NaN NaN NaN 
NaN NaN NaN NaN NaN NaN NaN NaN NaN NaN NaN NaN NaN NaN NaN NaN NaN NaN NaN NaN NaN NaN NaN NaN NaN NaN NaN NaN NaN NaN NaN NaN NaN NaN NaN NaN NaN NaN NaN NaN 
NaN NaN NaN NaN NaN NaN NaN NaN NaN NaN NaN NaN NaN NaN NaN NaN NaN NaN NaN NaN NaN NaN NaN NaN NaN NaN NaN NaN NaN NaN NaN NaN NaN NaN NaN NaN NaN NaN NaN NaN 
NaN NaN NaN NaN NaN NaN NaN NaN NaN NaN NaN NaN NaN NaN NaN NaN NaN NaN NaN NaN NaN NaN NaN NaN NaN NaN NaN NaN NaN NaN NaN NaN NaN NaN NaN NaN NaN NaN NaN NaN 
NaN NaN NaN NaN NaN NaN NaN NaN NaN NaN NaN NaN NaN NaN NaN NaN NaN NaN NaN NaN NaN NaN NaN NaN NaN NaN NaN NaN NaN NaN NaN NaN NaN NaN NaN NaN NaN NaN NaN NaN 
NaN NaN NaN NaN NaN NaN NaN NaN NaN NaN NaN NaN NaN NaN NaN NaN NaN NaN NaN NaN NaN NaN NaN NaN NaN NaN NaN NaN NaN NaN NaN NaN NaN NaN NaN NaN NaN NaN NaN NaN 
NaN NaN NaN NaN NaN NaN NaN NaN NaN NaN NaN NaN NaN NaN NaN NaN NaN NaN NaN NaN NaN NaN NaN NaN NaN NaN NaN NaN NaN NaN NaN NaN NaN NaN NaN NaN NaN NaN NaN NaN 
NaN NaN NaN NaN NaN NaN NaN NaN NaN NaN NaN NaN NaN NaN NaN NaN NaN NaN NaN NaN NaN NaN NaN NaN NaN NaN NaN NaN NaN NaN NaN NaN NaN NaN NaN NaN NaN NaN NaN NaN 
NaN NaN NaN NaN NaN NaN NaN NaN NaN NaN NaN NaN NaN NaN NaN NaN NaN NaN NaN NaN NaN NaN NaN NaN NaN NaN NaN NaN NaN NaN NaN NaN NaN NaN NaN NaN NaN NaN NaN NaN 
NaN NaN NaN NaN NaN NaN NaN NaN NaN NaN NaN NaN NaN NaN NaN NaN NaN NaN NaN NaN NaN NaN NaN NaN NaN NaN NaN NaN NaN NaN NaN NaN NaN NaN NaN NaN NaN NaN NaN NaN 
NaN NaN NaN NaN NaN NaN NaN NaN NaN NaN NaN NaN NaN NaN NaN NaN NaN NaN NaN NaN NaN NaN NaN NaN NaN NaN NaN NaN NaN NaN NaN NaN NaN NaN NaN NaN NaN NaN NaN NaN 
NaN NaN NaN NaN NaN NaN NaN NaN NaN NaN NaN NaN NaN NaN NaN NaN NaN NaN NaN NaN NaN NaN NaN NaN NaN NaN NaN NaN NaN NaN NaN NaN NaN NaN NaN NaN NaN NaN NaN NaN 
NaN NaN NaN NaN NaN NaN NaN NaN NaN NaN NaN NaN NaN NaN NaN NaN NaN NaN NaN NaN NaN NaN NaN NaN NaN NaN NaN NaN NaN NaN NaN NaN NaN NaN NaN NaN NaN NaN NaN NaN 
NaN NaN NaN NaN NaN NaN NaN NaN NaN NaN NaN NaN NaN NaN NaN NaN NaN NaN NaN NaN NaN NaN NaN NaN NaN NaN NaN NaN NaN NaN NaN NaN NaN NaN NaN NaN NaN NaN NaN NaN 
NaN NaN NaN NaN NaN NaN NaN NaN NaN NaN NaN NaN NaN NaN NaN NaN NaN NaN NaN NaN NaN NaN NaN NaN NaN NaN NaN NaN NaN NaN NaN NaN NaN NaN NaN NaN NaN NaN NaN NaN 
NaN NaN NaN NaN NaN NaN NaN NaN NaN NaN NaN NaN NaN NaN NaN NaN NaN NaN NaN NaN NaN NaN NaN NaN NaN NaN NaN NaN NaN NaN NaN NaN NaN NaN NaN NaN NaN NaN NaN NaN 
NaN NaN NaN NaN NaN NaN NaN NaN NaN NaN NaN NaN NaN NaN NaN NaN NaN NaN NaN NaN NaN NaN NaN NaN NaN NaN NaN NaN NaN NaN NaN NaN NaN NaN NaN NaN NaN NaN NaN NaN 
NaN NaN NaN NaN NaN NaN NaN NaN NaN NaN NaN NaN NaN NaN NaN NaN NaN NaN NaN NaN NaN NaN NaN NaN NaN NaN NaN NaN NaN NaN NaN NaN NaN NaN NaN NaN NaN NaN NaN NaN 
NaN NaN NaN NaN NaN NaN NaN NaN NaN NaN NaN NaN NaN NaN NaN NaN NaN NaN NaN NaN NaN NaN NaN NaN NaN NaN NaN NaN NaN NaN NaN NaN NaN NaN NaN NaN NaN NaN NaN NaN 
NaN NaN NaN NaN NaN NaN NaN NaN NaN NaN NaN NaN NaN NaN NaN NaN NaN NaN NaN NaN NaN NaN NaN NaN NaN NaN NaN NaN NaN NaN NaN NaN NaN NaN NaN NaN NaN NaN NaN NaN 
NaN NaN NaN NaN NaN NaN NaN NaN NaN NaN NaN NaN NaN NaN NaN NaN NaN NaN NaN NaN NaN NaN NaN NaN NaN NaN NaN NaN NaN NaN NaN NaN NaN NaN NaN NaN NaN NaN NaN NaN 
NaN NaN NaN NaN NaN NaN NaN NaN NaN NaN NaN NaN NaN NaN NaN NaN NaN NaN NaN NaN NaN NaN NaN NaN NaN NaN NaN NaN NaN NaN NaN NaN NaN NaN NaN NaN NaN NaN NaN NaN 
NaN NaN NaN NaN NaN NaN NaN NaN NaN NaN NaN NaN NaN NaN NaN NaN NaN NaN NaN NaN NaN NaN NaN NaN NaN NaN NaN NaN NaN NaN NaN NaN NaN NaN NaN NaN NaN NaN NaN NaN 
NaN NaN NaN NaN NaN NaN NaN NaN NaN NaN NaN NaN NaN NaN NaN NaN NaN NaN NaN NaN NaN NaN NaN NaN NaN NaN NaN NaN NaN NaN NaN NaN NaN NaN NaN NaN NaN NaN NaN NaN 
NaN NaN NaN NaN NaN NaN NaN NaN NaN NaN NaN NaN NaN NaN NaN NaN NaN NaN NaN NaN NaN NaN NaN NaN NaN NaN NaN NaN NaN NaN NaN NaN NaN NaN NaN NaN NaN NaN NaN NaN 
NaN NaN NaN NaN NaN NaN NaN NaN NaN NaN NaN NaN NaN NaN NaN NaN NaN NaN NaN NaN NaN NaN NaN NaN NaN NaN NaN NaN NaN NaN NaN NaN NaN NaN NaN NaN NaN NaN NaN NaN 
NaN NaN NaN NaN NaN NaN NaN NaN NaN NaN NaN NaN NaN NaN NaN NaN NaN NaN NaN NaN NaN NaN NaN NaN NaN NaN NaN NaN NaN NaN NaN NaN NaN NaN NaN NaN NaN NaN NaN NaN 
-68.225653 -72.678068 -78.171632 -80.495741 -82.888271 -83.451872 -79.540501 -82.009385 -88.451439 -83.115912 -83.451840 -95.542493 -92.391186 -84.896627 -85.999240 -85.140072 -82.394274 -82.186013 -83.909313 -84.188516 -78.911216 -79.086471 -82.831994 -80.959477 -85.363542 -85.069239 -85.224638 -88.510799 -86.761359 -82.598637 -85.181707 -82.065389 -81.547327 -85.202279 -84.604196 -89.390561 -90.369270 -88.580832 -85.036489 -87.458318 
-60.776893 -73.451433 -78.017015 -74.353507 -73.988644 -74.971646 -72.146253 -76.287471 -89.419434 -75.270049 -72.899792 -77.760929 -80.062212 -74.247513 -76.487517 -78.339936 -76.800888 -74.283034 -73.216550 -80.876398 -76.496201 -72.798653 -74.852219 -75.879519 -77.705452 -75.751759 -74.676286 -76.328306 -75.085253 -76.719251 -78.206733 -74.861492 -74.286086 -77.525945 -76.859839 -77.326999 -75.373335 -75.850101 -75.098968 -76.779292 
-62.369606 -75.924179 -74.218553 -76.720488 -83.932338 -81.298205 -80.726894 -78.601309 -78.371375 -76.526009 -78.428248 -75.381906 -80.331985 -79.617386 -74.067938 -74.691261 -72.704643 -79.845885 -78.344623 -77.060977 -79.861516 -77.140708 -80.478223 -74.809659 -77.643825 -72.063310 -74.137878 -76.809993 -74.444608 -76.916874 -77.574413 -73.137775 -74.622531 -75.452134 -76.357122 -77.242927 -75.029899 -78.412383 -73.551738 -76.957506 
-58.447134 -68.860137 -70.711663 -68.137433 -72.964751 -70.914407 -71.044941 -66.949366 -69.868531 -68.144037 -67.635954 -68.288092 -69.947543 -72.296701 -70.489818 -69.571925 -70.654424 -73.919085 -70.525409 -72.134766 -73.003108 -71.605673 -76.302563 -74.019862 -77.953590 -78.159601 -76.445912 -78.366071 -71.988571 -71.163314 -73.323267 -73.815348 -76.345511 -75.438719 -75.067506 -73.515607 -73.809226 -75.453287 -74.850908 -79.294281 
-33.224993 -33.442654 -36.661289 -41.145090 -45.178660 -45.747571 -46.775649 -47.769633 -49.566413 -50.148365 -51.220911 -52.832286 -53.056341 -54.260198 -56.443850 -56.965627 -57.174160 -58.689850 -59.019437 -59.946563 -61.394054 -60.082031 -61.024867 -59.951632 -61.259930 -61.986716 -63.947029 -65.213731 -64.659961 -64.199222 -65.391620 -67.736133 -67.048997 -66.270931 -67.601979 -70.742826 -67.800445 -67.071540 -68.715127 -71.835306 
-23.105652 -30.675859 -39.157908 -47.521841 -51.410322 -49.754633 -53.256338 -54.696336 -59.923574 -57.522676 -58.817286 -60.224470 -59.540187 -59.441889 -64.123007 -65.598747 -64.546966 -67.800882 -65.550178 -64.898120 -68.414966 -66.292920 -66.424318 -65.415228 -68.409797 -67.348674 -68.784738 -68.575282 -66.696577 -69.208792 -68.873467 -69.562576 -70.720925 -69.943507 -69.724593 -70.401290 -69.919190 -69.514254 -71.903905 -72.683340 
-24.893223 -32.935037 -41.611530 -51.008868 -51.245665 -55.950468 -58.102498 -64.548597 -64.850568 -60.486269 -60.681864 -58.198867 -63.614145 -66.536765 -67.281203 -68.309368 -67.455399 -69.574268 -65.487279 -66.580846 -68.903157 -69.090854 -69.320244 -67.706051 -67.741481 -66.510281 -69.232515 -70.597158 -68.195982 -65.774730 -67.315112 -67.225711 -70.279957 -70.574556 -69.672169 -67.666867 -67.955130 -71.227970 -68.131371 -71.804763 
-27.592913 -36.496601 -43.741563 -48.755548 -50.761694 -51.467454 -48.542304 -50.396590 -53.045601 -58.045490 -57.552178 -52.847481 -46.672382 -53.795757 -67.462966 -65.836978 -69.566714 -68.808190 -67.529334 -64.818579 -67.928120 -70.568072 -66.965496 -66.726687 -68.258395 -70.818141 -68.950930 -69.557768 -68.435176 -71.127748 -70.063158 -69.206660 -67.681115 -73.009052 -70.575795 -70.136434 -71.284430 -70.607826 -71.584494 -75.126988 
-28.230607 -39.532916 -42.305428 -45.667592 -53.405031 -50.480410 -49.507701 -49.723847 -52.480109 -50.807044 -47.583108 -45.276823 -40.233563 -48.411926 -52.255046 -58.904839 -64.346775 -55.243111 -52.680214 -50.799678 -53.234990 -54.948480 -58.460644 -56.216553 -61.158296 -60.781295 -62.232120 -59.678903 -58.184887 -59.075367 -56.616909 -58.320300 -56.294774 -54.830593 -59.202533 -60.674616 -65.477818 -73.838050 -69.101531 -73.906294 
-26.011476 -36.451395 -42.122462 -44.690962 -46.645731 -50.656111 -56.988256 -51.976747 -46.901462 -49.161724 -51.630843 -45.782196 -43.565497 -43.352484 -48.341428 -53.141746 -62.317090 -50.112614 -43.445421 -45.683265 -46.152134 -48.262867 -52.795816 -54.962423 -43.423130 -42.881326 -48.577500 -48.338159 -44.311031 -35.054777 -32.480311 -30.456081 -37.409458 -37.935417 -38.903118 -40.494311 -41.504681 -45.180609 -46.473073 -49.200178 
-27.990983 -41.767423 -43.168776 -50.666248 -58.498900 -61.408341 -62.090271 -56.641200 -58.159579 -58.921606 -59.047248 -60.619424 -49.311484 -47.853799 -59.982744 -54.905416 -63.500785 -59.284484 -39.094279 -41.328894 -56.582251 -51.025268 -57.230858 -59.755097 -41.509114 -40.664093 -49.467926 -43.983685 -34.183652 -28.135602 -30.319062 -28.613202 -28.589152 -24.935958 -28.565455 -28.899971 -31.181773 -36.027534 -39.497135 -36.916553 
-22.823871 -37.475841 -50.603719 -54.192910 -52.039077 -49.506855 -48.899559 -50.804516 -54.439189 -48.036145 -51.845778 -49.720684 -56.427198 -51.351410 -53.866490 -54.213499 -57.480680 -55.133432 -39.139666 -38.682097 -54.807597 -53.362640 -53.787045 -58.835826 -38.159863 -41.523279 -52.914534 -42.504228 -33.754530 -22.376586 -23.797082 -22.926293 -21.211016 -19.991198 -20.846008 -21.697323 -26.074829 -31.520900 -29.728771 -26.448999 
-20.100909 -38.572499 -45.785899 -51.288896 -54.281412 -40.921950 -43.085114 -41.432712 -48.507979 -37.589303 -43.347214 -44.546541 -52.937306 -46.640709 -41.223234 -36.956005 -42.965065 -42.195785 -34.068741 -37.984215 -50.343755 -44.832483 -44.363921 -53.235357 -35.508791 -35.156638 -46.596114 -37.666648 -35.325761 -23.996486 -21.273786 -22.709904 -19.527023 -16.900776 -16.858555 -19.840998 -23.354150 -32.476822 -26.393505 -19.731325 
-23.787769 -38.579255 -37.453027 -37.402102 -39.568099 -36.276790 -39.095510 -38.454280 -37.867051 -37.858460 -35.745940 -35.376821 -39.792258 -39.183570 -40.355338 -40.451498 -42.545248 -43.341332 -34.930225 -31.974800 -37.769202 -37.583801 -39.251926 -45.146172 -30.601323 -32.311108 -40.622623 -36.272365 -39.981126 -24.499280 -22.389399 -22.303783 -17.664858 -16.832415 -20.901947 -18.134424 -25.522475 -37.272479 -23.184368 -17.275538 
-23.599775 -27.673703 -33.515440 -45.839519 -44.260788 -43.203779 -37.829180 -39.941990 -36.693891 -34.972640 -38.141765 -41.013560 -38.567586 -38.846894 -37.523485 -45.789499 -43.821918 -44.896831 -34.306434 -31.860537 -35.960118 -37.662110 -38.745147 -39.651636 -32.478429 -35.617216 -40.317501 -35.100334 -32.405468 -23.719665 -22.760322 -20.222945 -19.225618 -14.232426 -14.762245 -15.094173 -19.339451 -25.870448 -18.850712 -16.933056 
-25.555453 -28.890474 -22.176315 -28.079326 -36.830111 -30.355984 -31.526192 -32.961815 -34.374700 -39.602763 -41.796536 -39.048951 -36.509067 -34.405490 -35.382482 -39.602218 -43.074958 -38.728602 -33.438197 -36.348133 -40.818748 -39.014192 -37.885495 -37.299029 -31.349692 -31.046291 -39.319082 -36.228504 -29.320485 -26.938116 -25.256269 -20.710904 -19.218739 -14.145785 -14.994883 -15.726487 -18.848004 -19.480092 -16.920584 -16.970603 
-25.044415 -24.839912 -20.124129 -23.089414 -34.980344 -31.932944 -33.525490 -35.189228 -33.324627 -33.599166 -37.438115 -41.577273 -29.809982 -30.922034 -33.363800 -33.782615 -37.349247 -39.620853 -32.335706 -30.779386 -34.909142 -34.537940 -37.940666 -39.133595 -31.626657 -32.898426 -39.113121 -40.001429 -28.956921 -22.889153 -24.082824 -21.938789 -16.513441 -13.416421 -19.750275 -17.146094 -18.163125 -17.664787 -18.028140 -14.802580 
-22.627617 -28.372732 -23.777393 -25.132242 -36.097806 -33.893734 -32.154586 -36.606865 -34.873772 -38.264307 -39.137114 -31.487675 -25.449359 -30.348388 -37.438874 -36.035125 -37.042101 -41.568756 -30.839915 -32.281856 -34.374560 -32.772633 -38.370587 -40.648943 -32.424384 -32.842975 -36.601899 -34.295075 -30.424311 -22.845613 -23.627747 -19.770253 -17.832692 -16.357377 -20.586505 -17.143169 -19.039681 -19.014658 -21.086505 -20.971646 
-19.940022 -29.635081 -26.958807 -27.379538 -31.236341 -31.039332 -28.962989 -28.768474 -34.676812 -34.265828 -38.724383 -30.722827 -30.980930 -31.177056 -34.292039 -37.791313 -40.026166 -45.669566 -36.537437 -33.905063 -38.094862 -37.327668 -36.957088 -41.775377 -29.076655 -30.517232 -36.199845 -30.605864 -26.892112 -20.746083 -25.812113 -22.035347 -16.879606 -14.989748 -19.487746 -15.728665 -19.879702 -19.554538 -25.493936 -23.544477 
-21.786213 -18.457375 -16.205161 -23.547122 -23.989177 -16.032906 -16.255440 -19.858172 -23.231681 -24.816545 -25.080486 -14.820522 -11.418668 -19.474038 -30.834840 -35.824138 -40.742811 -42.797608 -33.265649 -31.184149 -34.283152 -36.654878 -31.393381 -36.336730 -32.552137 -37.675059 -35.821653 -30.038963 -24.695431 -18.356130 -24.957249 -26.623783 -24.101807 -22.808103 -22.339554 -19.225329 -24.670101 -24.840981 -32.296440 -26.589560 
-19.722118 -21.160494 -14.128857 -20.365523 -21.369725 -17.669581 -20.674425 -29.713659 -36.011653 -37.571867 -29.912690 -17.865398 -14.043230 -23.952915 -42.722712 -42.534805 -47.293876 -45.754329 -41.288040 -44.888285 -44.263780 -39.085832 -38.852050 -43.558819 -37.318163 -38.586580 -40.336576 -39.977263 -31.153906 -26.089635 -33.402251 -32.130152 -32.192875 -34.606248 -32.508795 -30.128321 -32.158283 -31.607580 -38.973192 -34.641341 
-17.057701 -8.798295 -0.014120 -2.573226 -10.301057 -16.769583 -28.077189 -25.577674 -30.518064 -34.668564 -34.598513 -35.050218 -33.020408 -31.575785 -39.583605 -39.222767 -41.620209 -43.324947 -44.232751 -41.397852 -43.133920 -42.679351 -36.571630 -43.342077 -41.805406 -42.614655 -46.964576 -44.204957 -36.391044 -34.307953 -41.693579 -39.943088 -39.453519 -41.223343 -40.468272 -38.604544 -38.896697 -41.916919 -49.219870 -42.712682 
-13.024767 2.528905 11.836525 9.305132 -1.347916 2.194631 -5.993705 -17.869440 -21.294906 -27.132205 -34.425314 -26.499840 -23.223032 -28.232416 -33.639760 -39.502493 -41.921494 -41.371124 -35.361905 -34.295428 -37.001911 -34.841423 -32.872019 -35.279797 -36.113812 -42.822219 -48.305985 -46.335907 -36.703409 -35.455031 -40.993917 -46.252939 -47.429158 -43.541845 -44.018937 -43.005875 -42.459852 -49.220317 -55.552170 -49.967752 
-19.880137 3.648335 13.853575 7.874133 3.711471 8.799699 -4.066109 -18.354649 -22.115853 -21.571034 -28.794842 -25.977703 -20.002248 -20.149014 -28.035249 -36.912800 -39.380679 -34.472285 -27.152799 -28.330019 -32.456665 -29.329957 -27.963468 -29.431701 -29.375682 -39.239350 -47.076573 -43.654743 -36.679747 -32.379445 -35.659138 -43.450718 -44.699826 -49.178566 -49.649077 -46.978839 -46.498697 -48.959077 -53.554508 -52.756358 
-18.862119 3.978062 13.853908 7.280247 5.571303 10.478513 -4.114100 -13.436542 -22.591980 -18.803236 -25.789857 -21.104871 -15.724311 -17.967930 -23.683960 -32.039366 -34.206643 -29.888646 -22.864568 -23.282361 -28.807732 -26.328426 -25.303311 -26.279777 -28.669955 -35.177828 -42.320005 -41.517732 -34.620001 -28.784429 -33.751863 -38.506983 -41.218450 -45.590229 -46.201545 -45.873744 -45.787038 -47.020749 -47.689268 -47.798169 
-17.245601 4.799743 14.092642 7.570428 7.184599 11.031770 -3.936920 -9.757001 -21.021517 -17.840500 -22.852634 -20.114161 -14.665115 -18.252777 -27.190694 -33.489487 -33.326413 -28.323766 -20.540864 -20.814615 -26.488051 -25.145381 -22.370623 -21.933443 -24.030322 -35.471888 -43.621692 -39.907409 -30.629441 -28.081203 -31.201153 -38.265554 -46.132938 -50.813096 -51.582275 -51.798958 -51.819753 -52.572780 -52.583790 -52.741606 
-14.337212 5.499131 13.895771 6.325636 8.770291 10.725669 -4.882894 -6.744322 -13.821902 -15.926728 -16.928083 -20.405258 -15.094981 -21.737627 -23.852666 -28.794113 -24.943068 -19.107416 -17.533170 -21.567531 -23.696111 -24.247118 -20.177012 -21.321237 -23.433535 -28.729521 -30.767981 -27.733957 -23.584533 -25.178258 -28.181194 -29.077907 -34.323219 -36.583242 -37.976048 -38.828191 -39.487480 -39.965939 -40.328320 -41.051302 
-15.581904 5.537874 13.806708 7.580044 6.506493 13.118177 9.589685 10.299189 7.467855 2.536298 -2.200060 -5.633746 -6.120129 -9.943344 -11.525598 -9.561158 -7.407948 -1.809123 1.443376 -4.371853 -9.884890 -14.143700 -14.595213 -9.654861 -3.553271 -8.892875 -12.560034 -6.181747 -1.782798 -4.467912 -9.116587 -18.534609 -37.948862 -51.454215 -63.942624 -65.162660 -65.931137 -66.126449 -47.224144 -29.185979 
-15.969807 4.975646 13.356600 6.234243 10.151967 11.502633 6.312114 14.232154 8.964691 13.345080 4.936878 0.618776 -4.577241 -6.024630 -7.715963 -7.721236 -7.091883 1.256185 4.617803 -5.045260 -9.614766 -11.281885 -11.655411 -3.728019 3.503080 -3.977315 -3.725308 0.563486 1.045623 -1.068508 -5.450921 -16.427625 -33.286420 -39.893695 -40.228743 -40.444020 -40.624171 -40.390807 -37.703756 -27.351196 
-14.403209 4.913644 13.894333 6.603949 8.138465 12.298783 4.757446 13.347560 7.806266 18.273212 8.111782 4.324536 -5.540937 -7.999802 -5.373844 -5.301955 -2.109971 5.300062 2.979665 -3.015015 -6.952078 -10.517421 -8.542172 -4.214259 3.231771 -1.592561 -2.808183 1.576472 -0.631019 -2.757731 -6.001812 -17.102558 -36.314376 -41.902689 -43.697392 -44.151720 -37.812615 -35.081579 -30.152786 -25.657084 
-21.382824 4.172658 14.349670 8.677443 8.102783 12.836671 4.887487 13.444605 9.047823 21.160358 9.747099 3.438957 -5.496291 -4.221173 0.309022 -0.621926 4.170082 8.133701 4.227201 -5.635108 -8.437639 -8.801344 -5.887050 -1.360875 4.996743 -1.448108 -0.294942 2.773112 -0.407242 -1.638558 -6.034116 -17.810817 -36.425328 -37.773596 -45.166272 -46.130929 -36.912549 -31.921730 -29.215078 -23.846917 
-19.345079 4.174695 14.554004 8.852005 7.530277 13.060977 4.005175 13.485076 9.855124 22.255862 10.718197 3.579669 -3.227885 -3.129480 0.841789 1.146749 6.894651 4.151808 -1.696516 -6.835633 -8.540966 -9.010823 -9.516520 -3.663488 4.849379 -2.033168 -3.064918 1.388570 -4.874090 -3.733814 -5.572395 -17.007775 -37.549930 -38.038390 -44.808829 -45.305270 -37.358552 -32.610298 -29.280887 -24.001558 
-18.678870 3.626707 14.412763 9.216346 6.125387 13.271369 5.968869 14.984797 10.253715 21.440474 10.391906 5.421626 -4.035660 -2.277687 2.207913 5.128796 6.704204 3.194774 -3.457193 -8.420580 -11.097090 -13.547222 -10.332652 -3.836061 2.534524 -2.157689 -1.452527 3.217282 -2.133610 -6.171824 -7.482451 -17.171807 -43.248851 -42.830375 -46.560337 -45.850101 -32.845026 -28.598995 -30.469551 -29.126863 
-17.865935 2.197680 13.781764 8.593112 6.267819 13.490290 5.928069 16.113821 10.318006 19.447272 10.923701 7.240229 -2.626110 -3.845818 3.390090 7.621932 2.138890 -2.680414 -10.250940 -12.757497 -12.908311 -16.325440 -13.235159 -5.225802 0.063948 -3.031411 -2.997224 3.498540 -2.153218 -6.861000 -12.055220 -17.740263 -42.635925 -41.520757 -45.745542 -46.041548 -35.196008 -29.463922 -29.390072 -29.312940 
-13.783028 2.444416 13.728228 8.453296 5.768138 13.550762 5.907509 16.916254 9.807945 17.169310 9.116045 7.313735 -1.045772 2.000639 8.353896 4.727298 -0.357913 -9.490040 -14.655055 -16.305149 -17.968394 -17.683082 -16.283192 -8.745583 -2.478037 -3.199228 -2.429731 1.573988 -3.574507 -9.740317 -14.317839 -21.469805 -43.072992 -45.004566 -48.726957 -49.724115 -42.955549 -31.375155 -28.400158 -31.532579 
-18.712167 3.069920 13.793539 8.267738 6.256664 13.632898 7.942069 18.524014 10.010953 14.380566 6.779567 7.229630 2.075183 5.556111 11.069048 -0.531279 -6.437894 -12.470409 -18.136841 -15.467984 -18.079844 -18.675198 -18.787468 -11.028421 -3.572008 -2.688960 -5.508904 1.236784 -5.609985 -10.367420 -15.349797 -22.856172 -48.975658 -53.225197 -53.505710 -48.240027 -41.512277 -28.303334 -29.744308 -30.183669 
-15.053637 3.097452 13.753718 8.204135 8.454204 14.086968 8.841833 19.446749 8.921234 10.483842 3.315674 5.651566 5.598985 4.191492 7.769688 -3.287526 -10.273604 -19.569580 -23.908329 -21.501307 -23.064153 -20.864227 -18.426391 -14.615319 -4.328463 -8.393403 -5.877785 -1.895774 -8.946491 -13.449133 -14.083408 -26.061600 -42.190974 -43.553198 -43.283475 -40.907652 -39.875536 -32.961877 -35.674060 -34.435091 
-14.809094 4.376353 13.610526 7.294602 10.487461 14.064637 12.184033 19.556943 6.112822 7.643909 1.165949 3.658950 9.195291 3.964680 0.610922 -6.379253 -14.588173 -21.741509 -25.482307 -27.643352 -29.118543 -25.010880 -20.570127 -15.770154 -5.454805 -7.638519 -5.973226 -6.150473 -12.202845 -14.804062 -16.534406 -29.316108 -48.050920 -49.466060 -48.248891 -43.147385 -42.527436 -37.014948 -40.058251 -37.767496 
-13.969904 6.012230 12.877131 5.244574 12.863719 13.215283 14.062408 15.576508 3.463612 3.321209 2.762141 4.984696 7.821010 0.183078 -3.890944 -10.944597 -16.589629 -20.739335 -24.840479 -26.880166 -26.786457 -28.109584 -23.978508 -19.063799 -6.988104 -9.243855 -11.325638 -9.017357 -11.636777 -13.553251 -20.954590 -36.948418 -44.027079 -44.575163 -44.459566 -43.220822 -42.777644 -38.943961 -40.231366 -38.658932 
-12.551776 6.273258 9.386372 5.680172 9.377198 7.145362 7.429062 1.143300 -1.259931 -1.532710 -0.937242 -0.520259 -3.887438 -6.223785 -9.229582 -17.341331 -26.092140 -31.273996 -29.153961 -29.712236 -30.893940 -34.180736 -30.108471 -22.047792 -15.502830 -14.291879 -12.544225 -18.605773 -21.801052 -24.077739 -26.601261 -43.316313 -46.826383 -47.313406 -47.265828 -47.142768 -46.292939 -44.366077 -45.917136 -45.480657 
-8.478166 6.324767 6.410005 0.088378 -3.916720 -12.701269 -8.445368 -3.756068 -6.346553 -12.540007 -10.290776 -9.787315 -13.583122 -15.089601 -19.785629 -23.646489 -33.144162 -36.721301 -38.081681 -38.102707 -39.705396 -40.876126 -36.875345 -30.723569 -26.850352 -29.082004 -26.158235 -29.196827 -30.967263 -32.323443 -40.381023 -44.751164 -45.963276 -46.577942 -46.968454 -47.276741 -47.534518 -47.640595 -48.153193 -48.630548 
-8.626585 5.285849 4.364760 -1.339247 -1.852945 -7.844641 -10.971478 -12.093015 -11.443904 -13.411368 -19.693043 -19.230474 -25.112247 -24.550877 -28.957176 -35.836688 -38.369789 -45.856925 -48.708287 -45.918789 -45.379140 -45.969610 -40.345633 -40.343934 -41.366752 -31.557172 -31.468083 -33.579175 -33.771897 -40.176911 -49.940341 -58.778890 -58.993864 -59.617015 -59.320893 -58.282502 -59.922443 -58.662499 -58.972960 -61.680023 
-9.034004 3.922819 3.671661 -4.919845 -5.172827 -16.748721 -20.930443 -16.127639 -15.295871 -16.531292 -27.074546 -31.888486 -32.004187 -31.599847 -32.339092 -40.964997 -44.205761 -53.682660 -54.360819 -53.309579 -57.276102 -59.687708 -53.288475 -44.748905 -41.577013 -41.094480 -43.572856 -42.612231 -46.481577 -50.780964 -58.953060 -69.437892 -72.020819 -73.623508 -73.062557 -68.124172 -70.402218 -68.868969 -71.147555 -72.977751 
-9.903950 2.522441 1.678125 -6.590292 -7.368028 -21.751392 -28.016727 -27.345171 -25.322742 -30.749626 -32.042350 -34.404766 -34.945100 -35.479382 -40.270384 -40.597473 -49.034676 -55.778755 -56.382570 -54.870040 -57.196350 -58.763130 -56.220923 -54.273187 -45.534218 -48.554491 -52.907103 -51.572457 -54.494114 -55.892106 -62.849813 -63.696452 -64.282537 -63.824344 -65.183047 -64.542052 -64.967535 -66.210732 -66.435130 -66.473486 
-8.016893 2.193490 0.581003 -7.432093 -12.317361 -22.597411 -24.347025 -24.761681 -29.378112 -34.216046 -32.309455 -34.310952 -37.426522 -35.174586 -41.611439 -44.825712 -48.926683 -53.573678 -54.851779 -56.286674 -54.916894 -55.543107 -54.099558 -51.499415 -51.639166 -51.481878 -50.123998 -50.773608 -53.308872 -56.412448 -63.198695 -62.910654 -63.180839 -62.945089 -64.574886 -65.331685 -65.492436 -65.835645 -65.785722 -65.673490 
-6.730006 1.155522 -1.566385 -6.532644 -8.450642 -15.027973 -18.847792 -21.140738 -26.366927 -31.087666 -33.102257 -29.349514 -24.646728 -19.539278 -20.862983 -24.428757 -25.940850 -26.805108 -27.652896 -28.369926 -28.652912 -29.525783 -31.369104 -32.114896 -33.345288 -36.753446 -42.402049 -41.962467 -41.237617 -42.640695 -43.605379 -47.197641 -55.761842 -58.450526 -60.240747 -60.057473 -56.489584 -57.152462 -53.335122 -49.427311 
-2.462518 4.898041 4.853558 -1.311330 -0.605467 -2.855284 -0.571766 -4.810895 -8.444955 -7.866660 -8.994410 -7.823172 -10.594202 -13.628003 -19.973773 -24.494165 -26.588447 -27.833587 -27.862290 -29.439299 -29.286409 -29.610339 -31.929912 -31.397499 -31.614321 -34.936046 -33.083319 -33.270282 -39.815096 -41.731700 -42.589183 -46.254172 -54.785701 -55.984525 -60.801042 -59.520288 -53.230019 -53.470346 -52.852336 -48.225398 
-4.104460 7.054140 4.308850 6.104386 3.273220 4.544131 6.035414 7.549701 -2.534967 -0.793469 1.954567 0.534830 -3.311994 -13.238049 -21.422720 -24.717152 -35.057799 -36.503849 -40.609595 -43.964285 -46.822451 -43.738099 -41.850486 -32.341144 -26.191654 -29.642328 -23.874102 -26.332710 -36.471466 -40.271331 -43.044661 -49.213174 -55.030680 -58.439179 -77.836601 -72.562322 -58.715071 -62.546526 -63.810165 -58.125446 
-2.954096 7.471622 4.891825 7.988291 4.250857 5.684421 11.188311 10.305121 -2.788623 2.127684 3.154591 3.861667 -3.338786 -15.429354 -19.750957 -25.548534 -35.375587 -37.701821 -43.345342 -46.276125 -46.910202 -42.895326 -42.308766 -30.148404 -23.176171 -28.197691 -21.900956 -25.152093 -36.528214 -39.443905 -43.757935 -48.330938 -52.993328 -61.146374 -67.309919 -67.821683 -59.184290 -59.241662 -56.563193 -56.646190 
-3.016482 6.597312 4.970649 8.299134 2.882959 4.793904 11.142126 6.078842 -3.125295 1.852437 3.346432 2.345424 -5.983527 -16.622475 -18.356624 -28.788953 -31.720356 -36.749631 -41.129007 -40.683407 -41.150476 -41.184633 -41.818166 -32.104822 -25.157017 -30.109975 -25.217524 -28.130001 -39.113775 -43.401324 -50.105460 -47.970964 -50.701855 -55.028279 -55.713580 -56.073515 -52.236897 -50.302071 -49.704880 -51.356650 
-2.378364 6.179514 4.540807 7.916059 2.451266 3.831498 11.063620 4.842371 -1.128410 0.797660 4.291778 1.997427 -4.745412 -14.287831 -18.156777 -27.571084 -28.011253 -35.229475 -41.668695 -44.296462 -41.465563 -39.865278 -40.519006 -30.489079 -25.689970 -29.847399 -25.752850 -29.773188 -41.609779 -44.136291 -52.493422 -52.819885 -54.519106 -63.848003 -64.114721 -63.996097 -54.015628 -48.827371 -49.320547 -54.390560 
-1.531951 5.409823 4.806136 7.867587 0.028139 4.213094 10.464408 4.862514 -0.550732 0.720132 3.736123 2.247073 -5.339704 -14.579203 -17.678103 -25.573805 -26.690000 -35.071863 -41.075818 -40.364669 -37.741494 -36.529895 -35.861271 -28.991647 -22.921053 -30.792769 -24.926089 -30.057961 -41.006935 -44.444414 -47.901533 -49.543464 -50.611425 -51.713638 -52.036487 -52.468964 -50.480835 -46.761071 -47.551218 -49.665662 
-4.597629 4.392465 5.225124 8.428144 -1.568190 2.654402 9.776476 6.026412 -0.097298 -0.288387 3.927021 2.153221 -4.619631 -14.898754 -16.632753 -25.233659 -31.151212 -34.417686 -39.507759 -40.346663 -37.423135 -34.121925 -32.608949 -27.446515 -26.695203 -33.668165 -30.295727 -35.308340 -43.141751 -43.988707 -47.715145 -48.299935 -49.246888 -50.394089 -50.470414 -50.606320 -48.429017 -44.172506 -47.901730 -49.933260 
0.666001 6.213094 5.318754 7.608932 -1.150386 2.870552 9.356979 7.542981 0.692374 -0.290445 1.884928 2.476494 -1.615618 -15.522408 -19.301209 -26.972692 -29.338019 -35.057705 -38.311121 -39.045811 -37.026661 -34.039301 -30.781194 -25.238139 -27.332277 -31.702922 -33.537173 -39.951583 -44.409452 -45.111149 -50.325147 -51.350300 -52.194494 -55.636699 -54.002519 -54.029710 -50.694478 -44.407904 -47.838883 -50.362470 
-1.346310 5.546103 5.214824 6.855520 -0.536648 2.907763 7.941154 7.818305 2.884999 -0.886735 0.733951 2.601768 -1.742804 -11.964481 -14.913180 -24.476265 -29.880232 -32.082542 -34.010757 -37.979888 -36.066374 -35.985674 -26.175406 -22.262356 -31.041802 -35.500232 -32.466306 -38.122646 -41.901250 -45.114448 -45.434191 -45.921253 -45.699478 -47.244827 -47.148094 -47.495696 -46.695352 -46.615444 -48.657361 -48.503737 
-2.354667 5.201612 5.086222 6.582548 0.368354 2.063296 7.240748 9.032032 4.216948 -3.698879 -3.307807 1.824399 3.227147 -4.885078 -13.165621 -22.674474 -30.787849 -34.384191 -34.430831 -35.123168 -35.513351 -31.298476 -22.470253 -28.719250 -37.323515 -37.898201 -36.834173 -41.618344 -45.676065 -42.950593 -45.936367 -54.418570 -46.448639 -57.620161 -57.461701 -59.736732 -48.646027 -47.379183 -60.627753 -59.973390 
-1.415050 6.049041 5.624234 7.368077 0.567755 1.052026 5.874329 9.032570 5.302063 -2.113150 -2.399231 -0.786371 4.281286 1.807088 -9.759009 -20.678876 -27.971820 -31.016203 -31.331299 -32.332430 -32.515851 -26.726671 -23.707381 -30.619191 -36.863573 -36.364560 -34.492655 -37.350768 -40.750470 -39.566189 -38.566957 -42.076078 -42.864075 -43.362587 -43.935368 -44.281208 -44.467921 -44.256841 -44.855151 -44.934189 
-0.544388 6.567571 6.061106 7.362295 1.183168 1.883313 5.099034 8.334757 5.132027 -1.137596 -3.882384 -2.085411 -1.045151 3.033855 -6.735318 -23.661600 -26.762876 -32.256538 -30.190538 -31.789641 -31.177562 -23.998550 -26.862332 -41.698874 -44.700655 -40.590572 -34.609651 -39.405939 -44.450444 -43.664022 -39.616273 -45.217130 -49.193300 -57.011662 -61.174190 -61.717440 -57.434309 -51.270212 -59.323153 -60.832166 
-2.766035 5.954670 6.174180 6.750901 0.919097 0.258029 3.557076 7.146988 4.067662 -0.783078 -4.797420 -4.372039 -1.569317 1.840314 -4.870016 -18.746459 -21.702050 -26.490857 -29.028002 -32.442514 -27.485772 -25.671788 -32.208637 -43.805579 -44.866995 -41.653130 -35.653353 -39.733504 -47.006623 -46.627250 -43.588788 -46.159448 -47.362286 -52.332457 -55.154444 -55.595785 -54.390089 -52.965711 -56.312229 -56.520720 
-3.079535 5.216738 5.380149 6.300742 1.053999 0.417462 2.986641 6.427729 2.752941 -2.107870 -7.317571 -5.996003 -3.835639 -3.090801 -3.336079 -10.398508 -18.610960 -24.453266 -24.919018 -22.062125 -24.484645 -25.713728 -32.996943 -41.718701 -42.698859 -40.337415 -35.583020 -38.745412 -43.830215 -44.753934 -43.422581 -43.375971 -43.547015 -45.189539 -49.352593 -49.830687 -49.182493 -49.663272 -50.403608 -50.472895 
-1.892356 5.157992 5.446448 5.987913 -0.739392 -1.055231 0.927001 4.905602 2.311201 -2.900472 -10.981211 -8.189029 -8.492270 -6.891518 -4.357105 -9.372742 -18.557907 -22.344380 -20.278692 -16.634111 -17.593475 -24.774107 -35.942773 -44.389899 -45.986222 -44.457415 -39.070194 -39.693822 -41.615915 -45.005504 -40.717776 -40.850625 -40.968498 -44.906811 -51.207157 -51.766989 -51.556521 -51.910706 -52.443354 -51.872080 
-1.365794 4.761261 4.676338 5.019465 -3.624220 -2.444530 0.438393 4.042224 1.603853 -4.048903 -9.978921 -12.263706 -12.972997 -10.614711 -7.073613 -6.278185 -14.197419 -19.186332 -18.812514 -15.405876 -19.154814 -25.497519 -35.266642 -43.136801 -47.952688 -50.620632 -38.268610 -39.547503 -46.792133 -50.112636 -44.792155 -43.499374 -45.399438 -49.983076 -59.249933 -62.315410 -61.704565 -61.815739 -62.311879 -59.048803 
-1.850726 3.958077 3.410458 3.129253 -5.264963 -3.026845 -0.064387 3.799461 0.629764 -7.365946 -11.107700 -13.217669 -15.262916 -14.385419 -10.060353 -6.312992 -11.373013 -18.249713 -20.803041 -15.144004 -19.553468 -25.385861 -38.399791 -45.991807 -44.247100 -40.025940 -33.655311 -38.254741 -47.731482 -48.113562 -46.883482 -48.054172 -47.711952 -51.783562 -64.473707 -71.397933 -66.474521 -66.193400 -70.658481 -61.199476 
-1.403640 2.496188 1.624125 2.276485 -6.001358 -2.739968 0.140370 3.073970 0.198898 -8.371798 -11.397681 -15.968494 -15.591953 -18.018451 -13.071074 -7.925769 -7.021643 -15.386828 -18.528856 -14.127936 -17.674105 -28.760322 -39.755579 -43.482162 -43.333750 -39.595230 -31.606760 -37.038584 -45.747469 -47.896048 -46.065806 -44.768707 -50.660254 -55.661506 -63.510575 -63.057763 -62.261370 -61.937524 -65.002229 -62.397616 
-3.313720 1.826092 1.162890 2.205958 -4.796852 -1.045576 1.383599 2.603295 -1.159709 -8.711469 -12.693291 -14.273174 -16.632287 -19.925271 -15.344372 -10.319919 -8.736423 -12.818013 -18.481768 -14.409876 -20.327654 -27.049075 -37.943893 -40.846547 -43.367376 -43.810421 -36.978183 -39.921889 -43.626805 -46.508067 -40.139909 -43.616098 -51.465590 -59.324319 -68.236431 -64.599595 -64.561875 -59.442020 -66.692097 -63.388858 
-3.657390 2.415030 2.174500 2.579970 -2.809372 -0.918027 1.762561 4.202725 -1.047951 -10.040813 -13.194679 -15.490134 -16.748693 -17.551944 -16.743794 -13.942972 -10.584570 -11.088616 -15.994565 -12.201747 -15.221666 -25.986488 -36.767626 -40.079172 -43.054685 -41.121549 -36.670551 -42.461800 -44.391539 -45.550603 -42.974942 -49.668784 -59.731285 -57.518948 -62.910362 -65.749404 -61.221347 -58.892785 -66.082200 -66.206662 
-3.541897 2.338807 2.529310 2.596490 -4.067078 -2.328086 2.204651 3.302704 -5.440144 -11.092147 -16.308053 -16.756709 -17.389618 -19.142697 -19.847696 -21.380526 -16.097391 -11.654569 -10.264692 -10.970321 -12.977967 -27.224759 -40.928298 -42.867057 -39.002005 -34.813334 -31.840713 -39.608484 -45.536831 -46.170011 -44.535650 -49.407351 -54.704919 -54.194816 -55.362281 -55.724238 -54.701464 -53.227185 -56.261479 -56.486442 
-3.793935 2.742246 2.522580 1.213768 -5.985643 -1.398807 1.592666 2.049180 -6.206517 -12.040189 -15.397118 -21.028117 -22.868182 -22.735344 -24.148706 -22.742683 -20.655888 -17.075934 -12.928835 -10.555808 -13.860470 -28.610378 -37.558857 -45.181096 -38.864960 -36.669968 -39.955873 -47.409313 -48.737587 -45.791704 -47.586162 -55.840325 -58.088709 -58.419389 -59.599289 -59.717767 -53.835273 -54.278933 -60.604338 -61.322928 
-4.515058 1.339315 0.192034 -3.332923 -9.226883 -1.936692 -2.181497 -4.171463 -12.175877 -17.374035 -21.836973 -26.373199 -24.797019 -33.175672 -28.773373 -28.090634 -28.565044 -23.379364 -17.149253 -14.264310 -16.941614 -26.020787 -36.486746 -36.630484 -31.972821 -30.303402 -38.083359 -51.348346 -49.743562 -42.359710 -49.591928 -62.830783 -62.292359 -65.953026 -68.485010 -68.504186 -59.693664 -57.193451 -66.650410 -70.190216 
-7.587093 -5.904339 -13.185511 -9.539160 -15.399783 -9.162259 -5.320630 -7.342962 -22.921468 -26.052779 -35.102162 -29.175159 -28.365234 -32.471807 -34.126957 -35.654000 -34.128824 -27.809722 -21.468699 -20.387114 -22.308777 -29.416269 -43.505789 -40.907305 -35.490792 -33.521855 -41.711357 -54.678941 -52.542365 -46.468001 -56.505238 -64.625147 -66.210911 -68.265673 -68.771669 -68.379747 -62.714276 -58.378310 -66.728624 -69.994773 
-10.750574 -7.107285 -13.689375 -13.868059 -15.439021 -22.852099 -28.078787 -21.279041 -31.120608 -39.744388 -42.357842 -35.436872 -38.400802 -45.247815 -48.458671 -43.004090 -39.234914 -33.329074 -36.174220 -33.994577 -34.081335 -36.036177 -47.644846 -48.360061 -40.362712 -45.928241 -49.656424 -57.437904 -60.461976 -60.945071 -62.949312 -63.479395 -63.737909 -64.686343 -64.645058 -65.069206 -64.482098 -65.737799 -65.968213 -66.427813 
-13.530325 -8.597178 -14.106726 -17.233764 -22.559034 -29.219523 -31.954357 -33.413847 -36.423564 -44.711958 -52.250914 -47.939986 -47.513186 -52.934157 -59.667444 -54.483280 -51.765832 -44.487253 -44.646867 -34.853084 -42.978468 -50.065941 -51.125702 -50.867611 -52.759396 -55.049982 -58.429355 -65.078941 -67.310204 -66.767616 -65.956518 -67.531631 -68.053908 -68.266740 -68.541457 -69.856455 -69.648496 -68.666591 -69.837542 -71.418661 
-16.072667 -13.044299 -18.184668 -21.893078 -35.328117 -32.232316 -31.403283 -34.125714 -38.646385 -42.159659 -42.133527 -41.321386 -48.309058 -42.980282 -42.399099 -43.368783 -47.964305 -45.342423 -42.928529 -37.038323 -37.074241 -38.804508 -37.332677 -35.409264 -29.850852 -30.568602 -34.684405 -38.681726 -39.964935 -48.991538 -54.969409 -63.725144 -69.201010 -68.489684 -70.838870 -67.912720 -66.271343 -66.187210 -68.271843 -63.869086 
-16.888251 -15.670316 -25.114329 -30.974621 -31.991909 -27.637668 -30.350641 -29.697965 -31.855287 -42.679323 -41.567142 -34.109490 -38.212329 -37.083542 -37.943686 -42.845238 -46.804901 -46.411761 -37.844833 -28.816574 -34.355732 -36.835885 -36.502667 -27.646273 -24.759915 -28.130671 -28.364595 -33.425421 -34.843857 -38.658243 -46.043902 -59.053216 -65.387033 -63.967086 -66.971641 -64.072932 -59.457242 -60.375155 -62.803780 -59.406164 
-20.215754 -19.795682 -30.893735 -33.318124 -32.816445 -33.155386 -38.762325 -29.840501 -29.336392 -37.271697 -38.684440 -40.895534 -43.198864 -44.319193 -50.607911 -51.265016 -50.795686 -45.453730 -37.500746 -31.161967 -33.312031 -41.609029 -38.671656 -33.219838 -36.689491 -37.627069 -34.788740 -37.612419 -42.442785 -43.206892 -50.639080 -60.874303 -65.818323 -58.976069 -66.541814 -72.774822 -61.003767 -64.603706 -64.356319 -65.464165 
-20.766316 -25.803157 -29.490538 -39.806765 -36.360175 -40.213652 -36.567624 -29.508234 -38.864237 -37.023538 -35.093183 -35.201195 -36.743726 -40.499055 -47.673511 -46.658531 -53.865633 -46.706087 -40.660431 -35.720983 -38.960282 -45.322585 -41.314543 -31.552813 -32.953194 -42.040863 -41.808413 -48.687459 -51.992179 -52.648540 -56.584877 -62.285002 -64.053793 -63.995678 -68.497137 -80.815874 -76.220035 -76.529223 -75.802194 -76.542059 
-24.042847 -27.471046 -30.936448 -30.602989 -29.741326 -33.208753 -38.415648 -30.700549 -36.119886 -42.254365 -37.732694 -43.298505 -51.555885 -49.982399 -50.898062 -52.794058 -53.917886 -47.982355 -46.338027 -36.974681 -42.120369 -47.962290 -48.405426 -34.840359 -35.879037 -47.616346 -44.936529 -45.523057 -52.330908 -52.711678 -57.360057 -63.978616 -67.103874 -63.329631 -68.295122 -76.329806 -76.988179 -78.025688 -76.697164 -77.828220 
-24.826169 -27.772457 -28.889500 -35.490235 -33.243619 -35.580135 -44.637629 -40.239228 -44.807552 -40.008092 -43.695454 -44.643696 -43.114768 -55.334630 -60.691093 -60.322145 -54.401743 -52.762678 -44.745656 -38.604016 -43.692251 -50.800824 -55.109863 -42.248203 -41.129719 -49.806451 -50.074061 -52.730911 -58.569019 -58.391659 -61.584114 -67.482044 -72.521663 -69.457243 -70.632190 -70.020132 -74.891662 -77.078388 -72.053225 -79.668020 
-25.437141 -39.641684 -43.492261 -32.210637 -32.913237 -43.157505 -43.182922 -41.416828 -42.028939 -41.680277 -48.877797 -47.538409 -48.173305 -59.508306 -58.417297 -65.596068 -65.295385 -60.264932 -55.601391 -44.222362 -46.692993 -57.932991 -55.706205 -47.774278 -46.140831 -58.954760 -53.767289 -52.801148 -62.212697 -63.697701 -64.938314 -67.392658 -72.001338 -69.366026 -72.678417 -68.583045 -73.218018 -73.884220 -74.264563 -77.674065 
-26.413475 -33.489372 -34.706128 -34.267666 -39.071923 -49.424466 -52.962296 -54.455796 -49.035820 -52.821576 -51.567755 -59.096302 -63.036759 -58.358624 -60.826183 -71.071475 -69.153342 -63.230739 -61.018891 -50.580054 -57.152873 -64.539664 -60.675104 -56.525630 -60.282942 -65.684892 -59.372359 -56.788454 -65.774187 -65.506306 -66.708430 -69.806823 -76.399271 -70.834774 -73.304411 -68.578811 -71.714754 -71.234665 -73.511017 -76.855762 
-46.764720 -54.363447 -62.271958 -59.178604 -54.314658 -60.255482 -62.523077 -59.968155 -65.033364 -67.507437 -66.404285 -68.582692 -73.129944 -66.924263 -67.762426 -69.955285 -72.054403 -71.393702 -68.206231 -66.519727 -67.347614 -68.799362 -71.191675 -68.358333 -67.836400 -75.306500 -68.378133 -67.937438 -71.884637 -73.647449 -71.014773 -74.006587 -77.790705 -74.105123 -74.621095 -72.155682 -75.947686 -74.196108 -70.972962 -75.920331 
-59.295918 -67.551192 -74.681132 -74.327509 -71.325473 -77.101976 -70.876588 -70.098309 -72.369496 -76.410622 -73.172015 -74.056494 -76.625197 -75.925063 -71.456262 -74.161809 -78.316872 -77.390478 -72.298145 -69.605023 -77.854982 -81.137068 -79.553266 -70.741794 -72.308665 -74.700325 -72.334479 -75.157899 -72.446442 -77.888661 -77.156947 -74.154305 -76.613760 -73.232540 -76.138053 -74.818618 -76.175968 -77.898750 -74.923822 -77.990728 
-63.583395 -75.217575 -76.756034 -76.634190 -73.617935 -79.323774 -77.488372 -76.619841 -72.164059 -73.464958 -83.585485 -71.909104 -73.229918 -77.136689 -79.372455 -72.196868 -75.918235 -76.021188 -75.616256 -73.273433 -74.644633 -75.146874 -79.254167 -76.350963 -76.017645 -75.763121 -74.303441 -77.179162 -75.651798 -77.456294 -74.923184 -71.498113 -72.855649 -75.412749 -76.427898 -76.972744 -76.571780 -78.327866 -77.300888 -78.348786 
-64.101122 -78.037018 -75.688987 -70.667928 -71.417558 -79.630486 -79.256615 -78.939349 -71.871129 -74.177979 -79.173077 -73.422666 -77.697928 -82.054019 -71.480671 -74.017174 -74.909158 -72.641130 -74.481190 -76.213265 -79.797360 -76.902342 -73.528193 -78.360263 -78.235132 -76.068345 -74.591525 -75.104455 -77.621542 -74.985526 -75.268402 -76.345266 -80.037164 -78.494258 -77.036693 -80.308634 -77.981629 -76.346647 -78.747807 -79.577008 
-64.479844 -78.340191 -79.366821 -83.462930 -73.018772 -72.595893 -76.308842 -76.549756 -80.062363 -74.903958 -75.113488 -75.582053 -77.663648 -81.532641 -76.451886 -75.303483 -75.135983 -77.748335 -79.048511 -78.248646 -79.082895 -77.576940 -75.188862 -74.589200 -77.613055 -77.295902 -77.324814 -75.269783 -77.152051 -79.996758 -73.789720 -75.251517 -77.988551 -73.633685 -74.406434 -78.479710 -75.457653 -78.173303 -75.172842 -76.888570 
-64.006183 -73.604943 -75.945021 -84.072624 -82.380311 -86.947484 -76.648445 -77.209710 -80.880300 -76.637413 -75.999268 -80.483748 -75.153732 -79.149137 -79.614366 -80.397049 -74.689980 -75.748141 -76.799345 -78.137092 -74.448999 -74.004230 -76.568733 -76.328650 -78.868410 -75.410771 -79.307553 -78.944893 -77.425381 -76.612462 -77.787664 -78.162136 -76.143227 -77.195355 -75.736697 -75.928106 -74.574240 -77.089897 -77.012343 -79.164689 
-63.500773 -80.748763 -81.614173 -80.973613 -75.605808 -73.289738 -72.360463 -77.941705 -75.427858 -74.939194 -72.448218 -73.504513 -73.578005 -77.200915 -79.953037 -79.820378 -80.503856 -78.423991 -75.021358 -73.753659 -74.536226 -76.173871 -75.126405 -75.984937 -75.705130 -74.804050 -78.661486 -78.522111 -77.139997 -72.270923 -74.225062 -76.841211 -78.571945 -76.517733 -80.466899 -79.324214 -74.643729 -75.083052 -77.975614 -79.564610 
-63.887956 -88.435163 -82.333645 -86.372969 -81.342473 -78.223349 -72.411624 -74.763300 -77.719191 -77.942369 -78.561113 -71.092392 -70.332479 -74.592362 -78.188831 -79.044165 -75.911350 -78.102569 -75.284748 -79.150220 -78.651183 -75.487190 -75.458580 -76.406116 -79.313639 -75.331482 -77.504145 -78.557271 -77.432315 -79.233888 -80.459820 -77.002961 -80.876373 -79.076625 -77.265330 -78.126361 -79.465729 -78.677297 -78.198434 -78.277817 
-65.438418 -80.716961 -74.234807 -74.238810 -75.540936 -78.660202 -78.386928 -75.646294 -74.419949 -77.252047 -78.288851 -78.752440 -75.808720 -77.230709 -74.919750 -79.346776 -75.895740 -74.407114 -82.901241 -81.895148 -79.243430 -75.697598 -73.146279 -75.928181 -81.576629 -77.664789 -79.118698 -77.104648 -77.005763 -76.664430 -75.495024 -78.143509 -78.839827 -75.693141 -75.444962 -77.992860 -78.041135 -78.293616 -76.692756 -78.223480 
-61.941872 -66.595290 -67.227747 -73.734570 -80.670511 -82.077140 -78.936556 -82.432063 -84.680252 -74.660490 -75.342685 -80.169222 -82.326660 -76.544331 -77.753052 -81.150232 -79.703712 -78.571874 -86.589504 -81.292894 -73.536879 -75.431446 -75.820339 -83.179989 -78.506209 -79.819297 -76.847137 -78.180292 -81.767571 -81.399849 -76.135353 -75.807758 -77.338367 -76.959258 -77.740491 -79.602552 -78.335450 -78.053984 -77.232673 -77.839251 
-78.723823 -80.065516 -82.422919 -86.473227 -90.476187 -90.580647 -90.582098 -93.356755 -93.949091 -90.117232 -89.447265 -92.278721 -93.485206 -90.854354 -90.554523 -91.886865 -92.152235 -93.187628 -96.854885 -93.785987 -88.681212 -90.142197 -90.525174 -94.347290 -92.629103 -96.516651 -91.399973 -91.552888 -97.598203 -98.336772 -95.412697 -88.783566 -89.109220 -89.303639 -90.865001 -92.461085 -91.337720 -89.694996 -90.314432 -91.224825 
NaN NaN NaN NaN NaN NaN NaN NaN NaN NaN NaN NaN NaN NaN NaN NaN NaN NaN NaN NaN NaN NaN NaN NaN NaN NaN NaN NaN NaN NaN NaN NaN NaN NaN NaN NaN NaN NaN NaN NaN 
NaN NaN NaN NaN NaN NaN NaN NaN NaN NaN NaN NaN NaN NaN NaN NaN NaN NaN NaN NaN NaN NaN NaN NaN NaN NaN NaN NaN NaN NaN NaN NaN NaN NaN NaN NaN NaN NaN NaN NaN 
NaN NaN NaN NaN NaN NaN NaN NaN NaN NaN NaN NaN NaN NaN NaN NaN NaN NaN NaN NaN NaN NaN NaN NaN NaN NaN NaN NaN NaN NaN NaN NaN NaN NaN NaN NaN NaN NaN NaN NaN 
NaN NaN NaN NaN NaN NaN NaN NaN NaN NaN NaN NaN NaN NaN NaN NaN NaN NaN NaN NaN NaN NaN NaN NaN NaN NaN NaN NaN NaN NaN NaN NaN NaN NaN NaN NaN NaN NaN NaN NaN 
NaN NaN NaN NaN NaN NaN NaN NaN NaN NaN NaN NaN NaN NaN NaN NaN NaN NaN NaN NaN NaN NaN NaN NaN NaN NaN NaN NaN NaN NaN NaN NaN NaN NaN NaN NaN NaN NaN NaN NaN 
NaN NaN NaN NaN NaN NaN NaN NaN NaN NaN NaN NaN NaN NaN NaN NaN NaN NaN NaN NaN NaN NaN NaN NaN NaN NaN NaN NaN NaN NaN NaN NaN NaN NaN NaN NaN NaN NaN NaN NaN 
NaN NaN NaN NaN NaN NaN NaN NaN NaN NaN NaN NaN NaN NaN NaN NaN NaN NaN NaN NaN NaN NaN NaN NaN NaN NaN NaN NaN NaN NaN NaN NaN NaN NaN NaN NaN NaN NaN NaN NaN 
NaN NaN NaN NaN NaN NaN NaN NaN NaN NaN NaN NaN NaN NaN NaN NaN NaN NaN NaN NaN NaN NaN NaN NaN NaN NaN NaN NaN NaN NaN NaN NaN NaN NaN NaN NaN NaN NaN NaN NaN 
NaN NaN NaN NaN NaN NaN NaN NaN NaN NaN NaN NaN NaN NaN NaN NaN NaN NaN NaN NaN NaN NaN NaN NaN NaN NaN NaN NaN NaN NaN NaN NaN NaN NaN NaN NaN NaN NaN NaN NaN 
NaN NaN NaN NaN NaN NaN NaN NaN NaN NaN NaN NaN NaN NaN NaN NaN NaN NaN NaN NaN NaN NaN NaN NaN NaN NaN NaN NaN NaN NaN NaN NaN NaN NaN NaN NaN NaN NaN NaN NaN 
NaN NaN NaN NaN NaN NaN NaN NaN NaN NaN NaN NaN NaN NaN NaN NaN NaN NaN NaN NaN NaN NaN NaN NaN NaN NaN NaN NaN NaN NaN NaN NaN NaN NaN NaN NaN NaN NaN NaN NaN 
NaN NaN NaN NaN NaN NaN NaN NaN NaN NaN NaN NaN NaN NaN NaN NaN NaN NaN NaN NaN NaN NaN NaN NaN NaN NaN NaN NaN NaN NaN NaN NaN NaN NaN NaN NaN NaN NaN NaN NaN 
NaN NaN NaN NaN NaN NaN NaN NaN NaN NaN NaN NaN NaN NaN NaN NaN NaN NaN NaN NaN NaN NaN NaN NaN NaN NaN NaN NaN NaN NaN NaN NaN NaN NaN NaN NaN NaN NaN NaN NaN 
NaN NaN NaN NaN NaN NaN NaN NaN NaN NaN NaN NaN NaN NaN NaN NaN NaN NaN NaN NaN NaN NaN NaN NaN NaN NaN NaN NaN NaN NaN NaN NaN NaN NaN NaN NaN NaN NaN NaN NaN 
NaN NaN NaN NaN NaN NaN NaN NaN NaN NaN NaN NaN NaN NaN NaN NaN NaN NaN NaN NaN NaN NaN NaN NaN NaN NaN NaN NaN NaN NaN NaN NaN NaN NaN NaN NaN NaN NaN NaN NaN 
NaN NaN NaN NaN NaN NaN NaN NaN NaN NaN NaN NaN NaN NaN NaN NaN NaN NaN NaN NaN NaN NaN NaN NaN NaN NaN NaN NaN NaN NaN NaN NaN NaN NaN NaN NaN NaN NaN NaN NaN 
NaN NaN NaN NaN NaN NaN NaN NaN NaN NaN NaN NaN NaN NaN NaN NaN NaN NaN NaN NaN NaN NaN NaN NaN NaN NaN NaN NaN NaN NaN NaN NaN NaN NaN NaN NaN NaN NaN NaN NaN 
NaN NaN NaN NaN NaN NaN NaN NaN NaN NaN NaN NaN NaN NaN NaN NaN NaN NaN NaN NaN NaN NaN NaN NaN NaN NaN NaN NaN NaN NaN NaN NaN NaN NaN NaN NaN NaN NaN NaN NaN 
NaN NaN NaN NaN NaN NaN NaN NaN NaN NaN NaN NaN NaN NaN NaN NaN NaN NaN NaN NaN NaN NaN NaN NaN NaN NaN NaN NaN NaN NaN NaN NaN NaN NaN NaN NaN NaN NaN NaN NaN 
NaN NaN NaN NaN NaN NaN NaN NaN NaN NaN NaN NaN NaN NaN NaN NaN NaN NaN NaN NaN NaN NaN NaN NaN NaN NaN NaN NaN NaN NaN NaN NaN NaN NaN NaN NaN NaN NaN NaN NaN 
NaN NaN NaN NaN NaN NaN NaN NaN NaN NaN NaN NaN NaN NaN NaN NaN NaN NaN NaN NaN NaN NaN NaN NaN NaN NaN NaN NaN NaN NaN NaN NaN NaN NaN NaN NaN NaN NaN NaN NaN 
NaN NaN NaN NaN NaN NaN NaN NaN NaN NaN NaN NaN NaN NaN NaN NaN NaN NaN NaN NaN NaN NaN NaN NaN NaN NaN NaN NaN NaN NaN NaN NaN NaN NaN NaN NaN NaN NaN NaN NaN 
NaN NaN NaN NaN NaN NaN NaN NaN NaN NaN NaN NaN NaN NaN NaN NaN NaN NaN NaN NaN NaN NaN NaN NaN NaN NaN NaN NaN NaN NaN NaN NaN NaN NaN NaN NaN NaN NaN NaN NaN 
NaN NaN NaN NaN NaN NaN NaN NaN NaN NaN NaN NaN NaN NaN NaN NaN NaN NaN NaN NaN NaN NaN NaN NaN NaN NaN NaN NaN NaN NaN NaN NaN NaN NaN NaN NaN NaN NaN NaN NaN 
NaN NaN NaN NaN NaN NaN NaN NaN NaN NaN NaN NaN NaN NaN NaN NaN NaN NaN NaN NaN NaN NaN NaN NaN NaN NaN NaN NaN NaN NaN NaN NaN NaN NaN NaN NaN NaN NaN NaN NaN 
NaN NaN NaN NaN NaN NaN NaN NaN NaN NaN NaN NaN NaN NaN NaN NaN NaN NaN NaN NaN NaN NaN NaN NaN NaN NaN NaN NaN NaN NaN NaN NaN NaN NaN NaN NaN NaN NaN NaN NaN 
NaN NaN NaN NaN NaN NaN NaN NaN NaN NaN NaN NaN NaN NaN NaN NaN NaN NaN NaN NaN NaN NaN NaN NaN NaN NaN NaN NaN NaN NaN NaN NaN NaN NaN NaN NaN NaN NaN NaN NaN 
NaN NaN NaN NaN NaN NaN NaN NaN NaN NaN NaN NaN NaN NaN NaN NaN NaN NaN NaN NaN NaN NaN NaN NaN NaN NaN NaN NaN NaN NaN NaN NaN NaN NaN NaN NaN NaN NaN NaN NaN 
NaN NaN NaN NaN NaN NaN NaN NaN NaN NaN NaN NaN NaN NaN NaN NaN NaN NaN NaN NaN NaN NaN NaN NaN NaN NaN NaN NaN NaN NaN NaN NaN NaN NaN NaN NaN NaN NaN NaN NaN 
NaN NaN NaN NaN NaN NaN NaN NaN NaN NaN NaN NaN NaN NaN NaN NaN NaN NaN NaN NaN NaN NaN NaN NaN NaN NaN NaN NaN NaN NaN NaN NaN NaN NaN NaN NaN NaN NaN NaN NaN 
NaN NaN NaN NaN NaN NaN NaN NaN NaN NaN NaN NaN NaN NaN NaN NaN NaN NaN NaN NaN NaN NaN NaN NaN NaN NaN NaN NaN NaN NaN NaN NaN NaN NaN NaN NaN NaN NaN NaN NaN 
NaN NaN NaN NaN NaN NaN NaN NaN NaN NaN NaN NaN NaN NaN NaN NaN NaN NaN NaN NaN NaN NaN NaN NaN NaN NaN NaN NaN NaN NaN NaN NaN NaN NaN NaN NaN NaN NaN NaN NaN 
NaN NaN NaN NaN NaN NaN NaN NaN NaN NaN NaN NaN NaN NaN NaN NaN NaN NaN NaN NaN NaN NaN NaN NaN NaN NaN NaN NaN NaN NaN NaN NaN NaN NaN NaN NaN NaN NaN NaN NaN 
NaN NaN NaN NaN NaN NaN NaN NaN NaN NaN NaN NaN NaN NaN NaN NaN NaN NaN NaN NaN NaN NaN NaN NaN NaN NaN NaN NaN NaN NaN NaN NaN NaN NaN NaN NaN NaN NaN NaN NaN 
NaN NaN NaN NaN NaN NaN NaN NaN NaN NaN NaN NaN NaN NaN NaN NaN NaN NaN NaN NaN NaN NaN NaN NaN NaN NaN NaN NaN NaN NaN NaN NaN NaN NaN NaN NaN NaN NaN NaN NaN 
NaN NaN NaN NaN NaN NaN NaN NaN NaN NaN NaN NaN NaN NaN NaN NaN NaN NaN NaN NaN NaN NaN NaN NaN NaN NaN NaN NaN NaN NaN NaN NaN NaN NaN NaN NaN NaN NaN NaN NaN 
NaN NaN NaN NaN NaN NaN NaN NaN NaN NaN NaN NaN NaN NaN NaN NaN NaN NaN NaN NaN NaN NaN NaN NaN NaN NaN NaN NaN NaN NaN NaN NaN NaN NaN NaN NaN NaN NaN NaN NaN 
NaN NaN NaN NaN NaN NaN NaN NaN NaN NaN NaN NaN NaN NaN NaN NaN NaN NaN NaN NaN NaN NaN NaN NaN NaN NaN NaN NaN NaN NaN NaN NaN NaN NaN NaN NaN NaN NaN NaN NaN 
NaN NaN NaN NaN NaN NaN NaN NaN NaN NaN NaN NaN NaN NaN NaN NaN NaN NaN NaN NaN NaN NaN NaN NaN NaN NaN NaN NaN NaN NaN NaN NaN NaN NaN NaN NaN NaN NaN NaN NaN 
NaN NaN NaN NaN NaN NaN NaN NaN NaN NaN NaN NaN NaN NaN NaN NaN NaN NaN NaN NaN NaN NaN NaN NaN NaN NaN NaN NaN NaN NaN NaN NaN NaN NaN NaN NaN NaN NaN NaN NaN 
NaN NaN NaN NaN NaN NaN NaN NaN NaN NaN NaN NaN NaN NaN NaN NaN NaN NaN NaN NaN NaN NaN NaN NaN NaN NaN NaN NaN NaN NaN NaN NaN NaN NaN NaN NaN NaN NaN NaN NaN 
NaN NaN NaN NaN NaN NaN NaN NaN NaN NaN NaN NaN NaN NaN NaN NaN NaN NaN NaN NaN NaN NaN NaN NaN NaN NaN NaN NaN NaN NaN NaN NaN NaN NaN NaN NaN NaN NaN NaN NaN 
NaN NaN NaN NaN NaN NaN NaN NaN NaN NaN NaN NaN NaN NaN NaN NaN NaN NaN NaN NaN NaN NaN NaN NaN NaN NaN NaN NaN NaN NaN NaN NaN NaN NaN NaN NaN NaN NaN NaN NaN 
NaN NaN NaN NaN NaN NaN NaN NaN NaN NaN NaN NaN NaN NaN NaN NaN NaN NaN NaN NaN NaN NaN NaN NaN NaN NaN NaN NaN NaN NaN NaN NaN NaN NaN NaN NaN NaN NaN NaN NaN 
NaN NaN NaN NaN NaN NaN NaN NaN NaN NaN NaN NaN NaN NaN NaN NaN NaN NaN NaN NaN NaN NaN NaN NaN NaN NaN NaN NaN NaN NaN NaN NaN NaN NaN NaN NaN NaN NaN NaN NaN 
NaN NaN NaN NaN NaN NaN NaN NaN NaN NaN NaN NaN NaN NaN NaN NaN NaN NaN NaN NaN NaN NaN NaN NaN NaN NaN NaN NaN NaN NaN NaN NaN NaN NaN NaN NaN NaN NaN NaN NaN 
NaN NaN NaN NaN NaN NaN NaN NaN NaN NaN NaN NaN NaN NaN NaN NaN NaN NaN NaN NaN NaN NaN NaN NaN NaN NaN NaN NaN NaN NaN NaN NaN NaN NaN NaN NaN NaN NaN NaN NaN 
NaN NaN NaN NaN NaN NaN NaN NaN NaN NaN NaN NaN NaN NaN NaN NaN NaN NaN NaN NaN NaN NaN NaN NaN NaN NaN NaN NaN NaN NaN NaN NaN NaN NaN NaN NaN NaN NaN NaN NaN 
NaN NaN NaN NaN NaN NaN NaN NaN NaN NaN NaN NaN NaN NaN NaN NaN NaN NaN NaN NaN NaN NaN NaN NaN NaN NaN NaN NaN NaN NaN NaN NaN NaN NaN NaN NaN NaN NaN NaN NaN 
NaN NaN NaN NaN NaN NaN NaN NaN NaN NaN NaN NaN NaN NaN NaN NaN NaN NaN NaN NaN NaN NaN NaN NaN NaN NaN NaN NaN NaN NaN NaN NaN NaN NaN NaN NaN NaN NaN NaN NaN 
NaN NaN NaN NaN NaN NaN NaN NaN NaN NaN NaN NaN NaN NaN NaN NaN NaN NaN NaN NaN NaN NaN NaN NaN NaN NaN NaN NaN NaN NaN NaN NaN NaN NaN NaN NaN NaN NaN NaN NaN 
NaN NaN NaN NaN NaN NaN NaN NaN NaN NaN NaN NaN NaN NaN NaN NaN NaN NaN NaN NaN NaN NaN NaN NaN NaN NaN NaN NaN NaN NaN NaN NaN NaN NaN NaN NaN NaN NaN NaN NaN 
NaN NaN NaN NaN NaN NaN NaN NaN NaN NaN NaN NaN NaN NaN NaN NaN NaN NaN NaN NaN NaN NaN NaN NaN NaN NaN NaN NaN NaN NaN NaN NaN NaN NaN NaN NaN NaN NaN NaN NaN 
NaN NaN NaN NaN NaN NaN NaN NaN NaN NaN NaN NaN NaN NaN NaN NaN NaN NaN NaN NaN NaN NaN NaN NaN NaN NaN NaN NaN NaN NaN NaN NaN NaN NaN NaN NaN NaN NaN NaN NaN 
NaN NaN NaN NaN NaN NaN NaN NaN NaN NaN NaN NaN NaN NaN NaN NaN NaN NaN NaN NaN NaN NaN NaN NaN NaN NaN NaN NaN NaN NaN NaN NaN NaN NaN NaN NaN NaN NaN NaN NaN 
NaN NaN NaN NaN NaN NaN NaN NaN NaN NaN NaN NaN NaN NaN NaN NaN NaN NaN NaN NaN NaN NaN NaN NaN NaN NaN NaN NaN NaN NaN NaN NaN NaN NaN NaN NaN NaN NaN NaN NaN 
NaN NaN NaN NaN NaN NaN NaN NaN NaN NaN NaN NaN NaN NaN NaN NaN NaN NaN NaN NaN NaN NaN NaN NaN NaN NaN NaN NaN NaN NaN NaN NaN NaN NaN NaN NaN NaN NaN NaN NaN 
NaN NaN NaN NaN NaN NaN NaN NaN NaN NaN NaN NaN NaN NaN NaN NaN NaN NaN NaN NaN NaN NaN NaN NaN NaN NaN NaN NaN NaN NaN NaN NaN NaN NaN NaN NaN NaN NaN NaN NaN 
NaN NaN NaN NaN NaN NaN NaN NaN NaN NaN NaN NaN NaN NaN NaN NaN NaN NaN NaN NaN NaN NaN NaN NaN NaN NaN NaN NaN NaN NaN NaN NaN NaN NaN NaN NaN NaN NaN NaN NaN 
NaN NaN NaN NaN NaN NaN NaN NaN NaN NaN NaN NaN NaN NaN NaN NaN NaN NaN NaN NaN NaN NaN NaN NaN NaN NaN NaN NaN NaN NaN NaN NaN NaN NaN NaN NaN NaN NaN NaN NaN 
NaN NaN NaN NaN NaN NaN NaN NaN NaN NaN NaN NaN NaN NaN NaN NaN NaN NaN NaN NaN NaN NaN NaN NaN NaN NaN NaN NaN NaN NaN NaN NaN NaN NaN NaN NaN NaN NaN NaN NaN 
NaN NaN NaN NaN NaN NaN NaN NaN NaN NaN NaN NaN NaN NaN NaN NaN NaN NaN NaN NaN NaN NaN NaN NaN NaN NaN NaN NaN NaN NaN NaN NaN NaN NaN NaN NaN NaN NaN NaN NaN 
NaN NaN NaN NaN NaN NaN NaN NaN NaN NaN NaN NaN NaN NaN NaN NaN NaN NaN NaN NaN NaN NaN NaN NaN NaN NaN NaN NaN NaN NaN NaN NaN NaN NaN NaN NaN NaN NaN NaN NaN 
NaN NaN NaN NaN NaN NaN NaN NaN NaN NaN NaN NaN NaN NaN NaN NaN NaN NaN NaN NaN NaN NaN NaN NaN NaN NaN NaN NaN NaN NaN NaN NaN NaN NaN NaN NaN NaN NaN NaN NaN 
NaN NaN NaN NaN NaN NaN NaN NaN NaN NaN NaN NaN NaN NaN NaN NaN NaN NaN NaN NaN NaN NaN NaN NaN NaN NaN NaN NaN NaN NaN NaN NaN NaN NaN NaN NaN NaN NaN NaN NaN 
NaN NaN NaN NaN NaN NaN NaN NaN NaN NaN NaN NaN NaN NaN NaN NaN NaN NaN NaN NaN NaN NaN NaN NaN NaN NaN NaN NaN NaN NaN NaN NaN NaN NaN NaN NaN NaN NaN NaN NaN 
NaN NaN NaN NaN NaN NaN NaN NaN NaN NaN NaN NaN NaN NaN NaN NaN NaN NaN NaN NaN NaN NaN NaN NaN NaN NaN NaN NaN NaN NaN NaN NaN NaN NaN NaN NaN NaN NaN NaN NaN 
NaN NaN NaN NaN NaN NaN NaN NaN NaN NaN NaN NaN NaN NaN NaN NaN NaN NaN NaN NaN NaN NaN NaN NaN NaN NaN NaN NaN NaN NaN NaN NaN NaN NaN NaN NaN NaN NaN NaN NaN 
NaN NaN NaN NaN NaN NaN NaN NaN NaN NaN NaN NaN NaN NaN NaN NaN NaN NaN NaN NaN NaN NaN NaN NaN NaN NaN NaN NaN NaN NaN NaN NaN NaN NaN NaN NaN NaN NaN NaN NaN 
NaN NaN NaN NaN NaN NaN NaN NaN NaN NaN NaN NaN NaN NaN NaN NaN NaN NaN NaN NaN NaN NaN NaN NaN NaN NaN NaN NaN NaN NaN NaN NaN NaN NaN NaN NaN NaN NaN NaN NaN 
NaN NaN NaN NaN NaN NaN NaN NaN NaN NaN NaN NaN NaN NaN NaN NaN NaN NaN NaN NaN NaN NaN NaN NaN NaN NaN NaN NaN NaN NaN NaN NaN NaN NaN NaN NaN NaN NaN NaN NaN 
NaN NaN NaN NaN NaN NaN NaN NaN NaN NaN NaN NaN NaN NaN NaN NaN NaN NaN NaN NaN NaN NaN NaN NaN NaN NaN NaN NaN NaN NaN NaN NaN NaN NaN NaN NaN NaN NaN NaN NaN 
NaN NaN NaN NaN NaN NaN NaN NaN NaN NaN NaN NaN NaN NaN NaN NaN NaN NaN NaN NaN NaN NaN NaN NaN NaN NaN NaN NaN NaN NaN NaN NaN NaN NaN NaN NaN NaN NaN NaN NaN 
NaN NaN NaN NaN NaN NaN NaN NaN NaN NaN NaN NaN NaN NaN NaN NaN NaN NaN NaN NaN NaN NaN NaN NaN NaN NaN NaN NaN NaN NaN NaN NaN NaN NaN NaN NaN NaN NaN NaN NaN 
NaN NaN NaN NaN NaN NaN NaN NaN NaN NaN NaN NaN NaN NaN NaN NaN NaN NaN NaN NaN NaN NaN NaN NaN NaN NaN NaN NaN NaN NaN NaN NaN NaN NaN NaN NaN NaN NaN NaN NaN 
NaN NaN NaN NaN NaN NaN NaN NaN NaN NaN NaN NaN NaN NaN NaN NaN NaN NaN NaN NaN NaN NaN NaN NaN NaN NaN NaN NaN NaN NaN NaN NaN NaN NaN NaN NaN NaN NaN NaN NaN 
NaN NaN NaN NaN NaN NaN NaN NaN NaN NaN NaN NaN NaN NaN NaN NaN NaN NaN NaN NaN NaN NaN NaN NaN NaN NaN NaN NaN NaN NaN NaN NaN NaN NaN NaN NaN NaN NaN NaN NaN 
NaN NaN NaN NaN NaN NaN NaN NaN NaN NaN NaN NaN NaN NaN NaN NaN NaN NaN NaN NaN NaN NaN NaN NaN NaN NaN NaN NaN NaN NaN NaN NaN NaN NaN NaN NaN NaN NaN NaN NaN 
NaN NaN NaN NaN NaN NaN NaN NaN NaN NaN NaN NaN NaN NaN NaN NaN NaN NaN NaN NaN NaN NaN NaN NaN NaN NaN NaN NaN NaN NaN NaN NaN NaN NaN NaN NaN NaN NaN NaN NaN 
NaN NaN NaN NaN NaN NaN NaN NaN NaN NaN NaN NaN NaN NaN NaN NaN NaN NaN NaN NaN NaN NaN NaN NaN NaN NaN NaN NaN NaN NaN NaN NaN NaN NaN NaN NaN NaN NaN NaN NaN 
NaN NaN NaN NaN NaN NaN NaN NaN NaN NaN NaN NaN NaN NaN NaN NaN NaN NaN NaN NaN NaN NaN NaN NaN NaN NaN NaN NaN NaN NaN NaN NaN NaN NaN NaN NaN NaN NaN NaN NaN 
NaN NaN NaN NaN NaN NaN NaN NaN NaN NaN NaN NaN NaN NaN NaN NaN NaN NaN NaN NaN NaN NaN NaN NaN NaN NaN NaN NaN NaN NaN NaN NaN NaN NaN NaN NaN NaN NaN NaN NaN 
NaN NaN NaN NaN NaN NaN NaN NaN NaN NaN NaN NaN NaN NaN NaN NaN NaN NaN NaN NaN NaN NaN NaN NaN NaN NaN NaN NaN NaN NaN NaN NaN NaN NaN NaN NaN NaN NaN NaN NaN 
NaN NaN NaN NaN NaN NaN NaN NaN NaN NaN NaN NaN NaN NaN NaN NaN NaN NaN NaN NaN NaN NaN NaN NaN NaN NaN NaN NaN NaN NaN NaN NaN NaN NaN NaN NaN NaN NaN NaN NaN 
NaN NaN NaN NaN NaN NaN NaN NaN NaN NaN NaN NaN NaN NaN NaN NaN NaN NaN NaN NaN NaN NaN NaN NaN NaN NaN NaN NaN NaN NaN NaN NaN NaN NaN NaN NaN NaN NaN NaN NaN 
NaN NaN NaN NaN NaN NaN NaN NaN NaN NaN NaN NaN NaN NaN NaN NaN NaN NaN NaN NaN NaN NaN NaN NaN NaN NaN NaN NaN NaN NaN NaN NaN NaN NaN NaN NaN NaN NaN NaN NaN 
NaN NaN NaN NaN NaN NaN NaN NaN NaN NaN NaN NaN NaN NaN NaN NaN NaN NaN NaN NaN NaN NaN NaN NaN NaN NaN NaN NaN NaN NaN NaN NaN NaN NaN NaN NaN NaN NaN NaN NaN 
NaN NaN NaN NaN NaN NaN NaN NaN NaN NaN NaN NaN NaN NaN NaN NaN NaN NaN NaN NaN NaN NaN NaN NaN NaN NaN NaN NaN NaN NaN NaN NaN NaN NaN NaN NaN NaN NaN NaN NaN 
NaN NaN NaN NaN NaN NaN NaN NaN NaN NaN NaN NaN NaN NaN NaN NaN NaN NaN NaN NaN NaN NaN NaN NaN NaN NaN NaN NaN NaN NaN NaN NaN NaN NaN NaN NaN NaN NaN NaN NaN 
NaN NaN NaN NaN NaN NaN NaN NaN NaN NaN NaN NaN NaN NaN NaN NaN NaN NaN NaN NaN NaN NaN NaN NaN NaN NaN NaN NaN NaN NaN NaN NaN NaN NaN NaN NaN NaN NaN NaN NaN 
NaN NaN NaN NaN NaN NaN NaN NaN NaN NaN NaN NaN NaN NaN NaN NaN NaN NaN NaN NaN NaN NaN NaN NaN NaN NaN NaN NaN NaN NaN NaN NaN NaN NaN NaN NaN NaN NaN NaN NaN 
NaN NaN NaN NaN NaN NaN NaN NaN NaN NaN NaN NaN NaN NaN NaN NaN NaN NaN NaN NaN NaN NaN NaN NaN NaN NaN NaN NaN NaN NaN NaN NaN NaN NaN NaN NaN NaN NaN NaN NaN 
