NaN NaN NaN NaN NaN NaN NaN NaN NaN NaN NaN NaN NaN NaN NaN NaN NaN NaN NaN NaN NaN NaN NaN NaN NaN NaN NaN NaN NaN NaN NaN NaN NaN NaN NaN NaN NaN NaN NaN NaN 
NaN NaN NaN NaN NaN NaN NaN NaN NaN NaN NaN NaN NaN NaN NaN NaN NaN NaN NaN NaN NaN NaN NaN NaN NaN NaN NaN NaN NaN NaN NaN NaN NaN NaN NaN NaN NaN NaN NaN NaN 
NaN NaN NaN NaN NaN NaN NaN NaN NaN NaN NaN NaN NaN NaN NaN NaN NaN NaN NaN NaN NaN NaN NaN NaN NaN NaN NaN NaN NaN NaN NaN NaN NaN NaN NaN NaN NaN NaN NaN NaN 
NaN NaN NaN NaN NaN NaN NaN NaN NaN NaN NaN NaN NaN NaN NaN NaN NaN NaN NaN NaN NaN NaN NaN NaN NaN NaN NaN NaN NaN NaN NaN NaN NaN NaN NaN NaN NaN NaN NaN NaN 
NaN NaN NaN NaN NaN NaN NaN NaN NaN NaN NaN NaN NaN NaN NaN NaN NaN NaN NaN NaN NaN NaN NaN NaN NaN NaN NaN NaN NaN NaN NaN NaN NaN NaN NaN NaN NaN NaN NaN NaN 
NaN NaN NaN NaN NaN NaN NaN NaN NaN NaN NaN NaN NaN NaN NaN NaN NaN NaN NaN NaN NaN NaN NaN NaN NaN NaN NaN NaN NaN NaN NaN NaN NaN NaN NaN NaN NaN NaN NaN NaN 
NaN NaN NaN NaN NaN NaN NaN NaN NaN NaN NaN NaN NaN NaN NaN NaN NaN NaN NaN NaN NaN NaN NaN NaN NaN NaN NaN NaN NaN NaN NaN NaN NaN NaN NaN NaN NaN NaN NaN NaN 
NaN NaN NaN NaN NaN NaN NaN NaN NaN NaN NaN NaN NaN NaN NaN NaN NaN NaN NaN NaN NaN NaN NaN NaN NaN NaN NaN NaN NaN NaN NaN NaN NaN NaN NaN NaN NaN NaN NaN NaN 
NaN NaN NaN NaN NaN NaN NaN NaN NaN NaN NaN NaN NaN NaN NaN NaN NaN NaN NaN NaN NaN NaN NaN NaN NaN NaN NaN NaN NaN NaN NaN NaN NaN NaN NaN NaN NaN NaN NaN NaN 
NaN NaN NaN NaN NaN NaN NaN NaN NaN NaN NaN NaN NaN NaN NaN NaN NaN NaN NaN NaN NaN NaN NaN NaN NaN NaN NaN NaN NaN NaN NaN NaN NaN NaN NaN NaN NaN NaN NaN NaN 
NaN NaN NaN NaN NaN NaN NaN NaN NaN NaN NaN NaN NaN NaN NaN NaN NaN NaN NaN NaN NaN NaN NaN NaN NaN NaN NaN NaN NaN NaN NaN NaN NaN NaN NaN NaN NaN NaN NaN NaN 
NaN NaN NaN NaN NaN NaN NaN NaN NaN NaN NaN NaN NaN NaN NaN NaN NaN NaN NaN NaN NaN NaN NaN NaN NaN NaN NaN NaN NaN NaN NaN NaN NaN NaN NaN NaN NaN NaN NaN NaN 
NaN NaN NaN NaN NaN NaN NaN NaN NaN NaN NaN NaN NaN NaN NaN NaN NaN NaN NaN NaN NaN NaN NaN NaN NaN NaN NaN NaN NaN NaN NaN NaN NaN NaN NaN NaN NaN NaN NaN NaN 
NaN NaN NaN NaN NaN NaN NaN NaN NaN NaN NaN NaN NaN NaN NaN NaN NaN NaN NaN NaN NaN NaN NaN NaN NaN NaN NaN NaN NaN NaN NaN NaN NaN NaN NaN NaN NaN NaN NaN NaN 
NaN NaN NaN NaN NaN NaN NaN NaN NaN NaN NaN NaN NaN NaN NaN NaN NaN NaN NaN NaN NaN NaN NaN NaN NaN NaN NaN NaN NaN NaN NaN NaN NaN NaN NaN NaN NaN NaN NaN NaN 
NaN NaN NaN NaN NaN NaN NaN NaN NaN NaN NaN NaN NaN NaN NaN NaN NaN NaN NaN NaN NaN NaN NaN NaN NaN NaN NaN NaN NaN NaN NaN NaN NaN NaN NaN NaN NaN NaN NaN NaN 
NaN NaN NaN NaN NaN NaN NaN NaN NaN NaN NaN NaN NaN NaN NaN NaN NaN NaN NaN NaN NaN NaN NaN NaN NaN NaN NaN NaN NaN NaN NaN NaN NaN NaN NaN NaN NaN NaN NaN NaN 
NaN NaN NaN NaN NaN NaN NaN NaN NaN NaN NaN NaN NaN NaN NaN NaN NaN NaN NaN NaN NaN NaN NaN NaN NaN NaN NaN NaN NaN NaN NaN NaN NaN NaN NaN NaN NaN NaN NaN NaN 
NaN NaN NaN NaN NaN NaN NaN NaN NaN NaN NaN NaN NaN NaN NaN NaN NaN NaN NaN NaN NaN NaN NaN NaN NaN NaN NaN NaN NaN NaN NaN NaN NaN NaN NaN NaN NaN NaN NaN NaN 
NaN NaN NaN NaN NaN NaN NaN NaN NaN NaN NaN NaN NaN NaN NaN NaN NaN NaN NaN NaN NaN NaN NaN NaN NaN NaN NaN NaN NaN NaN NaN NaN NaN NaN NaN NaN NaN NaN NaN NaN 
NaN NaN NaN NaN NaN NaN NaN NaN NaN NaN NaN NaN NaN NaN NaN NaN NaN NaN NaN NaN NaN NaN NaN NaN NaN NaN NaN NaN NaN NaN NaN NaN NaN NaN NaN NaN NaN NaN NaN NaN 
NaN NaN NaN NaN NaN NaN NaN NaN NaN NaN NaN NaN NaN NaN NaN NaN NaN NaN NaN NaN NaN NaN NaN NaN NaN NaN NaN NaN NaN NaN NaN NaN NaN NaN NaN NaN NaN NaN NaN NaN 
NaN NaN NaN NaN NaN NaN NaN NaN NaN NaN NaN NaN NaN NaN NaN NaN NaN NaN NaN NaN NaN NaN NaN NaN NaN NaN NaN NaN NaN NaN NaN NaN NaN NaN NaN NaN NaN NaN NaN NaN 
NaN NaN NaN NaN NaN NaN NaN NaN NaN NaN NaN NaN NaN NaN NaN NaN NaN NaN NaN NaN NaN NaN NaN NaN NaN NaN NaN NaN NaN NaN NaN NaN NaN NaN NaN NaN NaN NaN NaN NaN 
NaN NaN NaN NaN NaN NaN NaN NaN NaN NaN NaN NaN NaN NaN NaN NaN NaN NaN NaN NaN NaN NaN NaN NaN NaN NaN NaN NaN NaN NaN NaN NaN NaN NaN NaN NaN NaN NaN NaN NaN 
NaN NaN NaN NaN NaN NaN NaN NaN NaN NaN NaN NaN NaN NaN NaN NaN NaN NaN NaN NaN NaN NaN NaN NaN NaN NaN NaN NaN NaN NaN NaN NaN NaN NaN NaN NaN NaN NaN NaN NaN 
NaN NaN NaN NaN NaN NaN NaN NaN NaN NaN NaN NaN NaN NaN NaN NaN NaN NaN NaN NaN NaN NaN NaN NaN NaN NaN NaN NaN NaN NaN NaN NaN NaN NaN NaN NaN NaN NaN NaN NaN 
NaN NaN NaN NaN NaN NaN NaN NaN NaN NaN NaN NaN NaN NaN NaN NaN NaN NaN NaN NaN NaN NaN NaN NaN NaN NaN NaN NaN NaN NaN NaN NaN NaN NaN NaN NaN NaN NaN NaN NaN 
NaN NaN NaN NaN NaN NaN NaN NaN NaN NaN NaN NaN NaN NaN NaN NaN NaN NaN NaN NaN NaN NaN NaN NaN NaN NaN NaN NaN NaN NaN NaN NaN NaN NaN NaN NaN NaN NaN NaN NaN 
NaN NaN NaN NaN NaN NaN NaN NaN NaN NaN NaN NaN NaN NaN NaN NaN NaN NaN NaN NaN NaN NaN NaN NaN NaN NaN NaN NaN NaN NaN NaN NaN NaN NaN NaN NaN NaN NaN NaN NaN 
NaN NaN NaN NaN NaN NaN NaN NaN NaN NaN NaN NaN NaN NaN NaN NaN NaN NaN NaN NaN NaN NaN NaN NaN NaN NaN NaN NaN NaN NaN NaN NaN NaN NaN NaN NaN NaN NaN NaN NaN 
NaN NaN NaN NaN NaN NaN NaN NaN NaN NaN NaN NaN NaN NaN NaN NaN NaN NaN NaN NaN NaN NaN NaN NaN NaN NaN NaN NaN NaN NaN NaN NaN NaN NaN NaN NaN NaN NaN NaN NaN 
NaN NaN NaN NaN NaN NaN NaN NaN NaN NaN NaN NaN NaN NaN NaN NaN NaN NaN NaN NaN NaN NaN NaN NaN NaN NaN NaN NaN NaN NaN NaN NaN NaN NaN NaN NaN NaN NaN NaN NaN 
NaN NaN NaN NaN NaN NaN NaN NaN NaN NaN NaN NaN NaN NaN NaN NaN NaN NaN NaN NaN NaN NaN NaN NaN NaN NaN NaN NaN NaN NaN NaN NaN NaN NaN NaN NaN NaN NaN NaN NaN 
NaN NaN NaN NaN NaN NaN NaN NaN NaN NaN NaN NaN NaN NaN NaN NaN NaN NaN NaN NaN NaN NaN NaN NaN NaN NaN NaN NaN NaN NaN NaN NaN NaN NaN NaN NaN NaN NaN NaN NaN 
NaN NaN NaN NaN NaN NaN NaN NaN NaN NaN NaN NaN NaN NaN NaN NaN NaN NaN NaN NaN NaN NaN NaN NaN NaN NaN NaN NaN NaN NaN NaN NaN NaN NaN NaN NaN NaN NaN NaN NaN 
NaN NaN NaN NaN NaN NaN NaN NaN NaN NaN NaN NaN NaN NaN NaN NaN NaN NaN NaN NaN NaN NaN NaN NaN NaN NaN NaN NaN NaN NaN NaN NaN NaN NaN NaN NaN NaN NaN NaN NaN 
NaN NaN NaN NaN NaN NaN NaN NaN NaN NaN NaN NaN NaN NaN NaN NaN NaN NaN NaN NaN NaN NaN NaN NaN NaN NaN NaN NaN NaN NaN NaN NaN NaN NaN NaN NaN NaN NaN NaN NaN 
NaN NaN NaN NaN NaN NaN NaN NaN NaN NaN NaN NaN NaN NaN NaN NaN NaN NaN NaN NaN NaN NaN NaN NaN NaN NaN NaN NaN NaN NaN NaN NaN NaN NaN NaN NaN NaN NaN NaN NaN 
NaN NaN NaN NaN NaN NaN NaN NaN NaN NaN NaN NaN NaN NaN NaN NaN NaN NaN NaN NaN NaN NaN NaN NaN NaN NaN NaN NaN NaN NaN NaN NaN NaN NaN NaN NaN NaN NaN NaN NaN 
NaN NaN NaN NaN NaN NaN NaN NaN NaN NaN NaN NaN NaN NaN NaN NaN NaN NaN NaN NaN NaN NaN NaN NaN NaN NaN NaN NaN NaN NaN NaN NaN NaN NaN NaN NaN NaN NaN NaN NaN 
NaN NaN NaN NaN NaN NaN NaN NaN NaN NaN NaN NaN NaN NaN NaN NaN NaN NaN NaN NaN NaN NaN NaN NaN NaN NaN NaN NaN NaN NaN NaN NaN NaN NaN NaN NaN NaN NaN NaN NaN 
NaN NaN NaN NaN NaN NaN NaN NaN NaN NaN NaN NaN NaN NaN NaN NaN NaN NaN NaN NaN NaN NaN NaN NaN NaN NaN NaN NaN NaN NaN NaN NaN NaN NaN NaN NaN NaN NaN NaN NaN 
NaN NaN NaN NaN NaN NaN NaN NaN NaN NaN NaN NaN NaN NaN NaN NaN NaN NaN NaN NaN NaN NaN NaN NaN NaN NaN NaN NaN NaN NaN NaN NaN NaN NaN NaN NaN NaN NaN NaN NaN 
NaN NaN NaN NaN NaN NaN NaN NaN NaN NaN NaN NaN NaN NaN NaN NaN NaN NaN NaN NaN NaN NaN NaN NaN NaN NaN NaN NaN NaN NaN NaN NaN NaN NaN NaN NaN NaN NaN NaN NaN 
NaN NaN NaN NaN NaN NaN NaN NaN NaN NaN NaN NaN NaN NaN NaN NaN NaN NaN NaN NaN NaN NaN NaN NaN NaN NaN NaN NaN NaN NaN NaN NaN NaN NaN NaN NaN NaN NaN NaN NaN 
NaN NaN NaN NaN NaN NaN NaN NaN NaN NaN NaN NaN NaN NaN NaN NaN NaN NaN NaN NaN NaN NaN NaN NaN NaN NaN NaN NaN NaN NaN NaN NaN NaN NaN NaN NaN NaN NaN NaN NaN 
NaN NaN NaN NaN NaN NaN NaN NaN NaN NaN NaN NaN NaN NaN NaN NaN NaN NaN NaN NaN NaN NaN NaN NaN NaN NaN NaN NaN NaN NaN NaN NaN NaN NaN NaN NaN NaN NaN NaN NaN 
NaN NaN NaN NaN NaN NaN NaN NaN NaN NaN NaN NaN NaN NaN NaN NaN NaN NaN NaN NaN NaN NaN NaN NaN NaN NaN NaN NaN NaN NaN NaN NaN NaN NaN NaN NaN NaN NaN NaN NaN 
NaN NaN NaN NaN NaN NaN NaN NaN NaN NaN NaN NaN NaN NaN NaN NaN NaN NaN NaN NaN NaN NaN NaN NaN NaN NaN NaN NaN NaN NaN NaN NaN NaN NaN NaN NaN NaN NaN NaN NaN 
NaN NaN NaN NaN NaN NaN NaN NaN NaN NaN NaN NaN NaN NaN NaN NaN NaN NaN NaN NaN NaN NaN NaN NaN NaN NaN NaN NaN NaN NaN NaN NaN NaN NaN NaN NaN NaN NaN NaN NaN 
NaN NaN NaN NaN NaN NaN NaN NaN NaN NaN NaN NaN NaN NaN NaN NaN NaN NaN NaN NaN NaN NaN NaN NaN NaN NaN NaN NaN NaN NaN NaN NaN NaN NaN NaN NaN NaN NaN NaN NaN 
NaN NaN NaN NaN NaN NaN NaN NaN NaN NaN NaN NaN NaN NaN NaN NaN NaN NaN NaN NaN NaN NaN NaN NaN NaN NaN NaN NaN NaN NaN NaN NaN NaN NaN NaN NaN NaN NaN NaN NaN 
NaN NaN NaN NaN NaN NaN NaN NaN NaN NaN NaN NaN NaN NaN NaN NaN NaN NaN NaN NaN NaN NaN NaN NaN NaN NaN NaN NaN NaN NaN NaN NaN NaN NaN NaN NaN NaN NaN NaN NaN 
NaN NaN NaN NaN NaN NaN NaN NaN NaN NaN NaN NaN NaN NaN NaN NaN NaN NaN NaN NaN NaN NaN NaN NaN NaN NaN NaN NaN NaN NaN NaN NaN NaN NaN NaN NaN NaN NaN NaN NaN 
NaN NaN NaN NaN NaN NaN NaN NaN NaN NaN NaN NaN NaN NaN NaN NaN NaN NaN NaN NaN NaN NaN NaN NaN NaN NaN NaN NaN NaN NaN NaN NaN NaN NaN NaN NaN NaN NaN NaN NaN 
NaN NaN NaN NaN NaN NaN NaN NaN NaN NaN NaN NaN NaN NaN NaN NaN NaN NaN NaN NaN NaN NaN NaN NaN NaN NaN NaN NaN NaN NaN NaN NaN NaN NaN NaN NaN NaN NaN NaN NaN 
NaN NaN NaN NaN NaN NaN NaN NaN NaN NaN NaN NaN NaN NaN NaN NaN NaN NaN NaN NaN NaN NaN NaN NaN NaN NaN NaN NaN NaN NaN NaN NaN NaN NaN NaN NaN NaN NaN NaN NaN 
NaN NaN NaN NaN NaN NaN NaN NaN NaN NaN NaN NaN NaN NaN NaN NaN NaN NaN NaN NaN NaN NaN NaN NaN NaN NaN NaN NaN NaN NaN NaN NaN NaN NaN NaN NaN NaN NaN NaN NaN 
NaN NaN NaN NaN NaN NaN NaN NaN NaN NaN NaN NaN NaN NaN NaN NaN NaN NaN NaN NaN NaN NaN NaN NaN NaN NaN NaN NaN NaN NaN NaN NaN NaN NaN NaN NaN NaN NaN NaN NaN 
NaN NaN NaN NaN NaN NaN NaN NaN NaN NaN NaN NaN NaN NaN NaN NaN NaN NaN NaN NaN NaN NaN NaN NaN NaN NaN NaN NaN NaN NaN NaN NaN NaN NaN NaN NaN NaN NaN NaN NaN 
NaN NaN NaN NaN NaN NaN NaN NaN NaN NaN NaN NaN NaN NaN NaN NaN NaN NaN NaN NaN NaN NaN NaN NaN NaN NaN NaN NaN NaN NaN NaN NaN NaN NaN NaN NaN NaN NaN NaN NaN 
NaN NaN NaN NaN NaN NaN NaN NaN NaN NaN NaN NaN NaN NaN NaN NaN NaN NaN NaN NaN NaN NaN NaN NaN NaN NaN NaN NaN NaN NaN NaN NaN NaN NaN NaN NaN NaN NaN NaN NaN 
NaN NaN NaN NaN NaN NaN NaN NaN NaN NaN NaN NaN NaN NaN NaN NaN NaN NaN NaN NaN NaN NaN NaN NaN NaN NaN NaN NaN NaN NaN NaN NaN NaN NaN NaN NaN NaN NaN NaN NaN 
NaN NaN NaN NaN NaN NaN NaN NaN NaN NaN NaN NaN NaN NaN NaN NaN NaN NaN NaN NaN NaN NaN NaN NaN NaN NaN NaN NaN NaN NaN NaN NaN NaN NaN NaN NaN NaN NaN NaN NaN 
NaN NaN NaN NaN NaN NaN NaN NaN NaN NaN NaN NaN NaN NaN NaN NaN NaN NaN NaN NaN NaN NaN NaN NaN NaN NaN NaN NaN NaN NaN NaN NaN NaN NaN NaN NaN NaN NaN NaN NaN 
NaN NaN NaN NaN NaN NaN NaN NaN NaN NaN NaN NaN NaN NaN NaN NaN NaN NaN NaN NaN NaN NaN NaN NaN NaN NaN NaN NaN NaN NaN NaN NaN NaN NaN NaN NaN NaN NaN NaN NaN 
NaN NaN NaN NaN NaN NaN NaN NaN NaN NaN NaN NaN NaN NaN NaN NaN NaN NaN NaN NaN NaN NaN NaN NaN NaN NaN NaN NaN NaN NaN NaN NaN NaN NaN NaN NaN NaN NaN NaN NaN 
NaN NaN NaN NaN NaN NaN NaN NaN NaN NaN NaN NaN NaN NaN NaN NaN NaN NaN NaN NaN NaN NaN NaN NaN NaN NaN NaN NaN NaN NaN NaN NaN NaN NaN NaN NaN NaN NaN NaN NaN 
NaN NaN NaN NaN NaN NaN NaN NaN NaN NaN NaN NaN NaN NaN NaN NaN NaN NaN NaN NaN NaN NaN NaN NaN NaN NaN NaN NaN NaN NaN NaN NaN NaN NaN NaN NaN NaN NaN NaN NaN 
NaN NaN NaN NaN NaN NaN NaN NaN NaN NaN NaN NaN NaN NaN NaN NaN NaN NaN NaN NaN NaN NaN NaN NaN NaN NaN NaN NaN NaN NaN NaN NaN NaN NaN NaN NaN NaN NaN NaN NaN 
NaN NaN NaN NaN NaN NaN NaN NaN NaN NaN NaN NaN NaN NaN NaN NaN NaN NaN NaN NaN NaN NaN NaN NaN NaN NaN NaN NaN NaN NaN NaN NaN NaN NaN NaN NaN NaN NaN NaN NaN 
NaN NaN NaN NaN NaN NaN NaN NaN NaN NaN NaN NaN NaN NaN NaN NaN NaN NaN NaN NaN NaN NaN NaN NaN NaN NaN NaN NaN NaN NaN NaN NaN NaN NaN NaN NaN NaN NaN NaN NaN 
NaN NaN NaN NaN NaN NaN NaN NaN NaN NaN NaN NaN NaN NaN NaN NaN NaN NaN NaN NaN NaN NaN NaN NaN NaN NaN NaN NaN NaN NaN NaN NaN NaN NaN NaN NaN NaN NaN NaN NaN 
NaN NaN NaN NaN NaN NaN NaN NaN NaN NaN NaN NaN NaN NaN NaN NaN NaN NaN NaN NaN NaN NaN NaN NaN NaN NaN NaN NaN NaN NaN NaN NaN NaN NaN NaN NaN NaN NaN NaN NaN 
NaN NaN NaN NaN NaN NaN NaN NaN NaN NaN NaN NaN NaN NaN NaN NaN NaN NaN NaN NaN NaN NaN NaN NaN NaN NaN NaN NaN NaN NaN NaN NaN NaN NaN NaN NaN NaN NaN NaN NaN 
NaN NaN NaN NaN NaN NaN NaN NaN NaN NaN NaN NaN NaN NaN NaN NaN NaN NaN NaN NaN NaN NaN NaN NaN NaN NaN NaN NaN NaN NaN NaN NaN NaN NaN NaN NaN NaN NaN NaN NaN 
NaN NaN NaN NaN NaN NaN NaN NaN NaN NaN NaN NaN NaN NaN NaN NaN NaN NaN NaN NaN NaN NaN NaN NaN NaN NaN NaN NaN NaN NaN NaN NaN NaN NaN NaN NaN NaN NaN NaN NaN 
NaN NaN NaN NaN NaN NaN NaN NaN NaN NaN NaN NaN NaN NaN NaN NaN NaN NaN NaN NaN NaN NaN NaN NaN NaN NaN NaN NaN NaN NaN NaN NaN NaN NaN NaN NaN NaN NaN NaN NaN 
NaN NaN NaN NaN NaN NaN NaN NaN NaN NaN NaN NaN NaN NaN NaN NaN NaN NaN NaN NaN NaN NaN NaN NaN NaN NaN NaN NaN NaN NaN NaN NaN NaN NaN NaN NaN NaN NaN NaN NaN 
NaN NaN NaN NaN NaN NaN NaN NaN NaN NaN NaN NaN NaN NaN NaN NaN NaN NaN NaN NaN NaN NaN NaN NaN NaN NaN NaN NaN NaN NaN NaN NaN NaN NaN NaN NaN NaN NaN NaN NaN 
NaN NaN NaN NaN NaN NaN NaN NaN NaN NaN NaN NaN NaN NaN NaN NaN NaN NaN NaN NaN NaN NaN NaN NaN NaN NaN NaN NaN NaN NaN NaN NaN NaN NaN NaN NaN NaN NaN NaN NaN 
NaN NaN NaN NaN NaN NaN NaN NaN NaN NaN NaN NaN NaN NaN NaN NaN NaN NaN NaN NaN NaN NaN NaN NaN NaN NaN NaN NaN NaN NaN NaN NaN NaN NaN NaN NaN NaN NaN NaN NaN 
NaN NaN NaN NaN NaN NaN NaN NaN NaN NaN NaN NaN NaN NaN NaN NaN NaN NaN NaN NaN NaN NaN NaN NaN NaN NaN NaN NaN NaN NaN NaN NaN NaN NaN NaN NaN NaN NaN NaN NaN 
NaN NaN NaN NaN NaN NaN NaN NaN NaN NaN NaN NaN NaN NaN NaN NaN NaN NaN NaN NaN NaN NaN NaN NaN NaN NaN NaN NaN NaN NaN NaN NaN NaN NaN NaN NaN NaN NaN NaN NaN 
NaN NaN NaN NaN NaN NaN NaN NaN NaN NaN NaN NaN NaN NaN NaN NaN NaN NaN NaN NaN NaN NaN NaN NaN NaN NaN NaN NaN NaN NaN NaN NaN NaN NaN NaN NaN NaN NaN NaN NaN 
NaN NaN NaN NaN NaN NaN NaN NaN NaN NaN NaN NaN NaN NaN NaN NaN NaN NaN NaN NaN NaN NaN NaN NaN NaN NaN NaN NaN NaN NaN NaN NaN NaN NaN NaN NaN NaN NaN NaN NaN 
NaN NaN NaN NaN NaN NaN NaN NaN NaN NaN NaN NaN NaN NaN NaN NaN NaN NaN NaN NaN NaN NaN NaN NaN NaN NaN NaN NaN NaN NaN NaN NaN NaN NaN NaN NaN NaN NaN NaN NaN 
-68.866824 -72.208209 -77.162375 -78.358574 -78.047235 -80.351257 -81.596077 -84.484032 -95.113066 -93.850200 -85.783777 -84.338076 -89.310961 -95.013348 -96.851174 -88.827145 -88.097807 -89.547207 -85.901088 -86.020777 -83.961006 -84.583518 -88.005867 -87.310530 -92.902148 -97.364197 -92.719626 -86.101233 -83.864061 -91.346268 -86.920798 -85.326665 -85.825865 -85.754402 -84.649634 -83.418199 -87.277684 -88.062821 -88.055997 -88.014940 
-54.087682 -65.629419 -72.012562 -68.651201 -72.834244 -70.082981 -71.887697 -76.202989 -80.397455 -79.801834 -74.059919 -73.562558 -73.375623 -75.820096 -79.223054 -77.212761 -74.133616 -74.332349 -73.303933 -73.108374 -73.347314 -72.903534 -78.957118 -75.811379 -80.138160 -75.151705 -73.915152 -72.053183 -71.380783 -77.900926 -73.679201 -72.932308 -75.203376 -72.603683 -71.028033 -73.253419 -77.304677 -75.102846 -74.015608 -75.299225 
-54.775755 -74.986379 -71.285399 -69.488776 -73.042029 -73.654915 -77.375012 -77.649973 -75.314534 -76.841168 -71.610436 -77.072853 -78.266997 -75.382728 -72.654152 -72.022491 -72.532348 -74.614457 -79.799818 -73.905024 -74.207455 -73.745822 -74.073057 -73.798374 -77.814431 -72.180171 -73.846797 -72.357102 -70.533231 -75.626508 -73.466271 -72.212128 -71.377165 -74.412994 -73.803252 -68.386480 -71.650820 -73.259143 -74.546261 -74.368768 
-55.284370 -73.129845 -69.114997 -73.631573 -77.785520 -75.411686 -76.572185 -76.480589 -73.076661 -70.476805 -73.260140 -74.437306 -75.754806 -77.744918 -73.413201 -71.895109 -69.392145 -71.455542 -76.520855 -78.089688 -71.013242 -75.747487 -72.548149 -74.818215 -76.256857 -72.835459 -72.651341 -71.310930 -72.571647 -74.416702 -71.451398 -74.899949 -72.591353 -73.035045 -71.611530 -74.042163 -73.713477 -73.788501 -72.126100 -73.305209 
-36.196190 -39.303743 -43.770559 -44.839421 -45.073028 -47.497160 -54.594911 -57.545072 -55.287522 -57.237848 -64.775015 -65.308929 -62.015454 -63.732628 -67.550322 -70.413640 -70.360978 -62.451935 -63.970753 -65.197612 -65.230039 -62.564274 -67.871137 -72.068756 -67.800295 -64.885392 -68.959161 -63.598638 -65.395628 -70.993628 -71.035626 -73.105966 -72.956148 -69.542282 -68.529582 -71.142946 -68.708007 -71.386055 -71.186704 -71.402956 
-23.029219 -26.885285 -34.313427 -35.209120 -42.446934 -42.423455 -49.498070 -48.989730 -50.383135 -55.756588 -56.442130 -53.447018 -54.329461 -58.877621 -61.581034 -58.306347 -61.599100 -54.426133 -57.457169 -60.905961 -60.729169 -61.388592 -64.331309 -66.617660 -65.342931 -63.198687 -63.382657 -59.652229 -62.890312 -65.509619 -64.249168 -67.457879 -66.428733 -66.337198 -61.879219 -63.787382 -60.277958 -62.889983 -64.781235 -68.006598 
-21.417706 -24.896743 -38.377348 -38.826992 -36.008649 -40.110135 -50.653762 -45.658688 -55.653553 -58.241255 -52.994370 -55.114406 -56.236542 -56.241740 -57.357248 -59.582253 -57.961109 -54.843185 -59.816603 -57.090771 -56.985132 -54.285842 -53.052446 -54.896031 -56.191144 -56.818195 -54.322890 -54.685407 -52.157082 -53.175784 -52.991252 -52.609168 -51.355920 -50.489405 -54.603271 -55.899562 -54.338902 -50.777691 -53.045481 -57.431373 
-23.246481 -24.093212 -30.353213 -33.101491 -36.889852 -41.718554 -37.792378 -34.338860 -47.271757 -52.525263 -45.474555 -45.901389 -44.194885 -47.318301 -45.881075 -51.628755 -51.125760 -47.608812 -45.049636 -45.991173 -52.160470 -50.718921 -40.671562 -40.441240 -46.119479 -53.245504 -47.098619 -43.239748 -40.292231 -41.407707 -41.731534 -46.081902 -41.863661 -41.326059 -44.497253 -41.135632 -41.532045 -38.324352 -40.987082 -45.531666 
-19.181356 -26.033471 -36.256601 -32.661175 -33.806276 -37.657372 -36.659300 -31.164826 -31.541144 -31.540599 -31.182294 -31.901849 -36.585438 -41.324064 -41.588578 -55.747206 -55.893734 -40.240508 -37.525531 -41.239522 -49.205274 -41.710777 -37.445354 -35.535616 -37.286292 -38.419359 -45.032940 -37.407101 -36.215852 -35.014938 -33.536283 -33.394302 -33.209949 -28.871491 -32.392772 -37.547247 -35.812652 -33.760339 -34.484370 -39.443179 
-17.323755 -26.787977 -35.350992 -33.249479 -31.445504 -39.703369 -33.041998 -29.728466 -33.174227 -33.399048 -31.527009 -31.243337 -34.784989 -29.618268 -34.161099 -59.884721 -63.618091 -37.308561 -31.414117 -26.992623 -43.773511 -37.392654 -34.542286 -23.740190 -29.754427 -35.217755 -35.702893 -27.137815 -25.885337 -23.083398 -21.328676 -19.746879 -23.211573 -19.037716 -23.419396 -25.635633 -27.493212 -23.630854 -25.887491 -28.688039 
-16.168768 -19.954500 -34.285206 -37.694591 -41.200767 -43.031451 -38.631568 -39.893673 -31.810008 -32.966445 -43.586818 -45.101162 -38.408731 -27.611971 -32.958024 -47.141908 -48.440968 -39.347889 -29.172487 -24.854037 -42.222397 -39.282496 -37.983463 -23.590566 -29.624211 -35.170938 -26.159164 -18.859294 -15.895133 -20.336866 -18.479744 -13.902758 -13.726604 -11.702258 -17.720111 -19.933841 -17.930518 -13.991228 -13.588633 -20.019828 
-15.903677 -17.318189 -33.433547 -52.158593 -45.068660 -44.086287 -46.446387 -41.774856 -46.047454 -38.966324 -36.193948 -38.415169 -37.832930 -37.541694 -40.085002 -51.762635 -47.682876 -45.170348 -32.089072 -24.550881 -39.880618 -41.946691 -42.818142 -37.270700 -41.909696 -42.015226 -28.872583 -17.528622 -13.377262 -17.406988 -12.102683 -10.737652 -4.826297 2.880653 -5.670416 -14.556364 -11.277526 -8.819361 -9.956881 -13.752142 
-15.767143 -17.417335 -28.993484 -35.779877 -38.041673 -39.027449 -37.856071 -37.318009 -34.395136 -37.281935 -29.280928 -26.578874 -28.733374 -35.911835 -36.355015 -39.208684 -40.537314 -39.559609 -32.031303 -25.166806 -34.426501 -31.219393 -33.981401 -33.499003 -39.659960 -38.375179 -24.381550 -17.260434 -13.091314 -14.205103 -10.439452 -7.821833 -4.906914 1.049111 -3.202210 -5.728193 -4.964741 -6.389924 -5.941197 -9.779753 
-19.315865 -26.041428 -31.218877 -37.165399 -38.485034 -30.056575 -31.496201 -30.248428 -28.966400 -26.554053 -23.575239 -26.798763 -25.602780 -25.964922 -26.356613 -34.548113 -28.100999 -32.233165 -32.986785 -29.966993 -27.474481 -28.147162 -33.616372 -29.123857 -33.642923 -28.508427 -14.464207 -12.267496 -13.858879 -11.752804 -11.715390 -3.471882 -0.505331 2.263589 -4.103350 -4.384036 -3.223554 -4.656855 -1.832971 -4.671046 
-22.766777 -29.725751 -37.303922 -35.418641 -39.257485 -31.601650 -31.029746 -27.575478 -25.019439 -27.886093 -28.609438 -25.898703 -26.306162 -29.022239 -28.063055 -31.653380 -29.099729 -29.091187 -22.577016 -29.859086 -31.544742 -33.584505 -31.304712 -24.311951 -25.834452 -23.481684 -18.266372 -12.183665 -11.059405 -13.321293 -12.858966 -3.601651 6.352859 5.667806 -3.839242 -2.383780 -0.360367 1.703878 0.685950 -3.843583 
-17.768842 -22.156396 -33.685127 -36.703998 -32.370910 -33.951681 -34.503929 -26.995338 -27.719007 -28.506110 -31.246725 -32.785403 -23.821577 -21.780726 -23.904255 -25.914340 -30.018386 -33.785433 -21.655252 -26.091740 -35.474351 -27.661816 -26.963942 -22.662755 -22.088902 -19.093428 -16.794345 -9.584937 -4.719014 -10.276829 -11.708131 -1.334360 6.590717 5.350698 3.755620 -1.284058 1.345862 3.565139 -0.792079 -2.169363 
-23.435298 -31.593571 -46.487787 -44.049077 -37.419244 -31.043302 -26.934786 -23.381906 -29.181164 -31.249801 -36.435177 -28.121982 -27.652878 -30.080229 -27.446153 -33.752261 -29.357913 -30.888541 -23.045682 -23.623236 -26.384757 -24.277934 -25.200437 -19.514414 -16.042884 -15.907969 -15.338824 -9.001542 -7.531744 -11.596672 -9.005978 -2.249855 5.209856 3.678478 0.971255 -3.035568 1.115552 -1.173782 -2.507669 -2.847506 
-27.966128 -30.471379 -35.357315 -41.928280 -31.679033 -33.808843 -35.476216 -27.807518 -29.694611 -27.636833 -25.883421 -26.202943 -24.404925 -25.000227 -24.014024 -27.116741 -34.551028 -25.511635 -22.182155 -23.370609 -24.031631 -21.535530 -26.517771 -20.107005 -16.604209 -18.467469 -11.406039 -8.950115 -5.979196 -9.593862 -7.558523 0.551996 4.363313 7.026587 3.670544 -0.348940 0.099691 4.279407 4.854440 -5.415711 
-23.296159 -25.740695 -34.477392 -34.708261 -30.375530 -31.064411 -33.721056 -31.651454 -29.067171 -29.149586 -23.250160 -17.510116 -18.983766 -23.204981 -27.847244 -31.653600 -23.612813 -22.041166 -19.894266 -20.449823 -23.272898 -22.618427 -24.599314 -18.697850 -17.477877 -19.656977 -12.046775 -6.392002 -3.200624 -4.627701 -2.880417 6.809844 3.481788 4.062616 -1.320575 0.225473 1.982616 3.248446 -0.359748 -7.668010 
-22.415533 -25.571586 -34.990858 -33.599114 -32.986741 -21.318612 -21.323868 -24.724646 -24.557924 -27.012458 -26.829997 -21.724300 -19.474070 -18.928989 -20.354883 -25.912972 -28.606193 -25.887465 -21.493246 -18.865466 -19.894372 -22.487377 -22.627337 -13.239085 -15.806883 -17.585207 -12.615846 -0.916593 1.200919 -3.824787 -2.018377 2.555337 0.841554 -0.789985 -1.289173 -2.308406 -0.603733 -4.436062 -4.154045 -11.490044 
-5.539907 -1.136781 -0.994398 -4.169654 -5.569043 -5.139896 -6.912185 -8.742433 -15.098401 -17.164444 -16.062572 -18.661334 -19.931604 -21.160874 -18.011596 -21.748522 -27.427200 -21.607452 -14.540929 -13.146133 -18.095528 -17.930814 -15.896720 -13.373588 -12.219572 -8.575944 -3.962957 3.623218 1.784188 -5.209844 -7.679783 -8.326919 -8.804995 -7.039374 -7.039837 -10.984150 -9.222375 -8.195423 -7.426787 -16.113914 
-1.871790 0.669595 -1.589710 -10.041211 -9.958581 -7.009416 -14.471743 -20.369378 -23.866675 -24.374877 -28.021844 -28.277433 -25.159347 -27.307171 -30.546299 -24.997354 -29.013823 -21.350780 -19.121138 -22.580046 -27.273883 -27.128356 -19.575302 -15.967292 -17.019217 -16.924873 -12.519954 -14.017354 -11.795215 -12.823244 -16.860984 -19.534443 -14.989895 -14.010387 -15.987696 -20.306128 -14.836826 -15.933106 -17.369990 -24.299490 
-9.660666 -16.239000 -18.063043 -21.285021 -21.677175 -23.439298 -31.905817 -35.594848 -46.984475 -42.786234 -36.423926 -29.824507 -30.623778 -29.308341 -32.224290 -32.677518 -36.406743 -33.601254 -31.960893 -33.989626 -33.581317 -28.776532 -27.891110 -24.322538 -27.443355 -24.484182 -16.660874 -22.463875 -15.593760 -19.249848 -26.526343 -23.785127 -19.934056 -14.808551 -21.043958 -25.247972 -22.143720 -23.772166 -27.236289 -28.955354 
-9.788567 -13.299632 -27.118189 -28.344524 -35.626030 -35.474209 -41.481505 -42.343817 -45.253445 -42.931970 -45.202972 -44.025359 -44.731906 -44.988638 -46.819632 -40.261055 -42.137316 -39.068127 -36.677865 -38.544361 -41.352960 -46.295079 -41.691554 -40.244994 -39.672790 -37.619661 -31.036973 -34.528092 -30.727575 -30.547074 -33.732710 -38.278811 -31.085764 -31.297695 -33.928235 -36.208474 -31.059535 -34.548291 -36.548405 -41.199784 
-13.434364 -17.337514 -33.591210 -38.772806 -40.801756 -43.258115 -44.015995 -42.956325 -48.863599 -50.524845 -52.677326 -53.703994 -50.866402 -52.505058 -51.009264 -51.071222 -46.089244 -49.014971 -50.772648 -49.806603 -50.775450 -51.775605 -44.930311 -47.737293 -50.429535 -45.288746 -42.823134 -41.731826 -41.388541 -44.011619 -44.690655 -44.974871 -42.949716 -42.767057 -44.238722 -45.031102 -44.158229 -47.556151 -51.455929 -52.476833 
-22.292607 -23.240138 -34.427575 -45.408844 -40.832429 -34.809088 -42.329222 -46.745913 -48.845732 -52.161615 -54.550541 -59.341078 -50.218175 -49.821045 -54.352942 -49.632543 -52.193876 -55.175236 -51.345677 -56.206650 -54.909449 -54.281535 -49.496797 -48.434207 -56.307273 -51.197910 -47.808905 -45.289616 -43.950288 -52.403539 -53.808452 -52.428386 -49.705141 -50.191314 -51.347793 -50.470705 -50.948680 -52.735468 -56.061080 -59.674934 
-25.319000 -37.753143 -32.070476 -27.074891 -22.955026 -26.375511 -37.194975 -42.127837 -43.136381 -42.739649 -42.406238 -48.044957 -43.403087 -44.325978 -45.189659 -42.071245 -44.251582 -45.210149 -44.641742 -50.510567 -48.347031 -48.129774 -45.849143 -47.477443 -48.465967 -53.463097 -49.455802 -48.713864 -47.963823 -46.511380 -50.914014 -48.361682 -51.062355 -48.657344 -45.855763 -45.407590 -46.856819 -48.508352 -47.463293 -46.488739 
-6.744729 -1.340169 0.582823 0.741334 -1.268444 -4.426412 -7.644573 -7.640213 -7.433363 -10.368396 -13.159682 -13.907219 -16.299456 -19.113711 -23.897022 -19.675181 -15.862772 -17.368114 -17.444890 -16.715734 -20.955304 -23.122128 -26.932391 -27.247570 -25.201023 -29.067512 -30.715633 -28.612796 -26.216154 -29.018702 -34.015309 -30.711087 -31.156858 -24.314305 -22.530173 -20.164243 -21.440114 -26.699826 -24.951990 -26.731883 
2.116202 1.172861 5.152154 10.573676 7.544429 4.137978 -2.171876 -3.629797 -5.196142 -11.403005 -15.096799 -12.820242 -18.788525 -13.771457 -15.964393 -12.143726 -12.051375 -16.277449 -17.001519 -15.849482 -16.139305 -19.599646 -21.083021 -20.507291 -24.572842 -25.279706 -26.651873 -22.397696 -22.517425 -26.938967 -29.944758 -28.080439 -27.743853 -21.932456 -22.726016 -21.322099 -22.372052 -24.641604 -23.410740 -25.505686 
5.611063 6.896551 16.831084 24.351846 21.950309 17.728201 19.158790 19.120056 7.531554 0.949326 -2.249420 -0.835016 -3.881430 -3.110128 -4.554521 -1.115009 -7.216399 -9.589173 -14.180551 -21.149798 -22.410374 -19.421986 -13.708749 -15.533230 -20.899502 -19.296072 -15.393663 -9.471753 -13.771384 -18.861738 -25.686462 -25.151982 -30.421286 -29.902959 -30.298364 -29.751662 -26.734539 -25.582877 -28.689762 -31.299319 
1.468413 -1.832571 15.342332 25.316332 17.484099 15.191547 28.284649 24.617214 -6.536775 0.760662 -3.814292 2.177653 -1.927748 -2.054591 -1.098056 4.547012 2.854064 -2.720240 -9.893548 -13.098148 -22.008057 -19.215858 -8.953112 -14.591826 -19.247522 -19.401394 -14.206242 -8.270937 -14.923445 -22.376577 -27.248836 -25.115310 -30.839759 -32.597821 -32.985446 -31.294885 -22.350098 -18.869829 -29.936561 -32.929517 
-4.703779 -10.565403 10.590872 24.511162 18.959477 7.612551 26.485397 27.344444 1.415695 0.536863 -3.923212 -5.747742 0.128086 -6.732811 0.503004 5.232693 5.422021 -2.248830 -10.533330 -11.540392 -17.303686 -21.990156 -11.143658 -10.902903 -19.007134 -22.584083 -18.425357 -14.825807 -18.084350 -23.657768 -26.231865 -21.601749 -32.033430 -34.189937 -34.496528 -31.664657 -21.384350 -16.931279 -25.705622 -32.937157 
-9.428265 -19.173723 6.809494 23.771671 20.352063 1.110519 23.152575 28.794166 8.953839 1.682744 -1.538053 -8.216952 1.438279 -5.831216 1.111412 -1.574802 1.313557 -8.618555 -12.817785 -13.277600 -15.136984 -16.435428 -14.208643 -12.971420 -20.097403 -19.829134 -17.623208 -14.434999 -16.066844 -16.827424 -21.073361 -16.780555 -24.340101 -25.978522 -26.358985 -23.469144 -17.751826 -15.770733 -23.900365 -27.033969 
-10.626255 -12.837332 4.909823 23.394850 21.263099 1.942995 20.670578 28.250892 11.111665 -0.473518 4.460527 -8.983568 2.525399 -3.519077 4.710634 -0.448906 -0.126751 -11.719133 -12.455631 -13.209664 -16.612994 -19.153756 -11.937594 -14.292750 -19.796200 -21.390928 -17.383816 -12.484433 -17.050902 -20.299286 -21.255635 -18.885971 -29.470122 -33.454758 -33.624774 -23.394565 -18.142460 -14.367055 -25.498443 -33.504433 
-11.206069 -11.531054 -0.937565 22.778705 22.749003 3.407121 15.252735 26.629076 12.906068 -2.039015 6.541958 -7.546003 1.773741 0.149056 4.995654 3.699161 -8.965075 -12.791331 -14.715200 -19.812186 -20.517207 -26.156270 -12.712783 -11.627168 -20.091175 -22.176567 -15.951626 -13.181406 -21.867405 -19.945947 -17.798396 -20.727409 -33.437649 -40.265565 -40.091840 -22.380504 -17.922876 -15.143621 -24.591023 -31.595698 
-11.871902 -11.900474 -1.313302 22.158096 23.116082 3.846891 10.200789 24.312208 13.687488 -7.596949 6.025203 -6.630797 -1.039113 0.320271 1.101496 4.553773 -12.275733 -12.334213 -18.280577 -19.309002 -20.127287 -20.552761 -13.307249 -10.988819 -17.876286 -24.108419 -19.175202 -13.707274 -17.910796 -18.561618 -17.153399 -18.600262 -28.343003 -31.919864 -32.162126 -23.218534 -17.119840 -13.937711 -22.612328 -25.180881 
-11.312624 -14.913587 -1.618032 22.054147 22.478285 2.179781 6.742906 21.863409 11.686894 -7.002012 5.530142 -7.455394 0.120755 -0.848254 0.792818 3.221028 -12.091198 -13.002947 -17.837432 -21.388713 -23.420226 -21.160554 -15.271036 -10.634231 -15.550950 -20.806394 -19.108008 -14.240789 -19.128085 -20.979221 -18.317307 -16.965961 -30.652083 -37.357094 -35.714291 -28.145801 -15.918829 -14.917615 -24.272244 -27.580029 
-23.925189 -14.774593 2.359971 22.813380 22.356073 0.855207 6.125864 20.359664 8.324914 -7.714475 4.280161 -7.785675 2.276736 -2.581914 1.666081 0.510616 -16.503919 -19.563776 -21.615771 -25.044820 -26.823548 -27.517105 -22.568203 -16.140540 -14.585138 -21.727670 -22.108948 -21.254588 -13.035158 -17.376877 -19.897365 -16.603391 -29.737565 -37.648226 -35.212571 -30.197636 -16.763861 -15.396179 -24.174208 -28.433731 
-11.719659 -9.812236 2.559566 23.151236 21.703035 -0.743332 8.725656 19.918270 6.225488 -3.075264 4.208970 -8.296268 6.103162 -2.178302 -0.216265 -4.806702 -18.544461 -22.731916 -26.503705 -24.699886 -26.582088 -31.668026 -25.934285 -21.126803 -17.274950 -22.606611 -24.698594 -23.939830 -13.703227 -19.283917 -21.650814 -18.483493 -34.444834 -47.468951 -37.193565 -30.149700 -16.327237 -16.623435 -27.207926 -28.925379 
-18.029514 -11.276309 7.360887 23.672058 20.460479 -2.896867 12.213823 19.643525 2.641253 0.514485 2.237120 -2.608022 8.072975 -4.446816 0.524333 -10.131529 -18.709143 -21.528444 -25.682823 -23.001709 -31.470378 -28.363478 -23.972107 -25.992747 -18.906655 -20.918686 -24.823769 -23.631348 -11.039465 -21.472528 -20.143797 -17.475959 -32.999089 -44.803120 -35.340724 -32.848708 -22.731997 -18.664635 -30.440943 -29.879486 
-18.527065 -13.747623 11.472516 24.242061 18.384320 -3.385690 16.128762 19.066435 -2.668904 3.726468 -0.682280 2.432902 8.067072 -2.857149 -0.772185 -13.652616 -18.271462 -18.139296 -21.904889 -23.325936 -35.215563 -25.809832 -25.830028 -26.628373 -22.011039 -23.739495 -27.657085 -23.105560 -14.793518 -24.615384 -25.695302 -19.685400 -31.331136 -47.394254 -36.066854 -37.692616 -28.838954 -20.552740 -30.477225 -28.903114 
-16.957535 -12.607055 15.058840 24.772520 16.037234 2.740258 18.505454 15.188432 -3.349296 4.213651 -7.882490 7.101331 6.196813 2.267110 -3.463990 -11.718611 -18.564171 -17.023722 -22.880103 -26.157745 -28.971420 -25.859874 -24.998198 -31.967168 -24.199347 -25.017468 -27.489746 -18.964959 -13.769070 -23.484526 -25.603796 -24.692405 -34.640964 -52.016370 -39.962678 -37.630444 -26.521774 -19.867016 -27.439415 -31.270105 
-13.104793 -6.390328 17.967489 25.037175 13.644969 7.044752 18.612815 9.829168 0.127657 3.760647 -7.599609 5.478338 0.595141 5.619821 -6.580182 -12.259508 -15.374252 -17.678550 -22.030746 -21.869789 -26.710473 -28.212361 -27.691068 -32.834693 -24.372041 -28.187801 -30.538708 -20.421699 -13.309499 -24.883358 -24.906760 -23.718826 -32.468478 -41.094375 -38.906883 -36.189280 -27.853938 -21.769833 -27.554558 -28.234724 
-14.333936 0.024539 20.530799 24.978358 11.252244 11.689925 17.690673 2.680264 2.886461 0.884062 -1.065140 0.637067 3.727066 5.315446 -9.673213 -14.305451 -13.881247 -19.479462 -20.931399 -21.446292 -27.968108 -27.671371 -30.332297 -29.920016 -23.130918 -28.131508 -31.314696 -18.335725 -16.669493 -24.153674 -24.008423 -25.031570 -29.902402 -42.407668 -41.712148 -37.072005 -30.177294 -25.873020 -27.763440 -29.477210 
-14.727645 5.498538 22.972999 24.323298 8.783827 15.135891 15.518438 -1.264842 4.070187 -6.413663 1.097983 -1.671257 7.710344 0.626835 -7.519506 -14.743550 -18.219389 -18.163188 -19.939886 -20.990220 -23.978332 -25.234783 -26.199373 -24.825997 -18.296538 -25.957213 -28.483060 -16.918638 -15.544377 -26.032870 -26.891785 -22.934918 -27.247840 -33.258103 -33.591132 -33.696656 -29.380647 -27.769885 -27.547769 -30.425678 
-12.562755 9.002907 23.844006 22.739748 7.506614 16.920674 11.687407 2.687927 3.952007 -6.274935 -0.515025 -0.883049 6.337452 0.119704 -10.565298 -13.651849 -17.166750 -20.851696 -18.524879 -18.842717 -23.879816 -24.402131 -27.398362 -22.201088 -17.363747 -29.425615 -31.583375 -14.301548 -13.379245 -25.901661 -25.167691 -22.607891 -33.561150 -54.406990 -47.740519 -45.615355 -34.129064 -30.136164 -30.933454 -32.371742 
-12.518700 12.634835 24.342756 20.652768 10.078286 17.070480 7.461824 6.532241 2.306040 -0.399423 -3.824992 -3.038555 -2.661334 2.755812 -6.275743 -13.413855 -17.034160 -17.243633 -13.949106 -16.248453 -20.245458 -23.077792 -24.040896 -20.335897 -17.574976 -26.320334 -28.846986 -15.806691 -17.918153 -28.306952 -26.875505 -23.267608 -35.032252 -40.975681 -40.064268 -40.057143 -32.112918 -30.998301 -31.624201 -35.089771 
-10.044741 14.132873 23.595314 16.915722 13.114070 15.984880 4.445412 8.073385 -0.864047 -2.040169 -12.189086 -11.666864 -0.517688 0.177626 -11.737637 -19.935853 -17.689649 -12.825195 -15.426857 -18.293580 -18.506216 -20.009868 -22.576523 -18.790675 -23.140753 -29.703962 -32.637891 -18.244614 -21.916245 -28.573494 -26.579863 -28.450875 -38.430766 -44.985371 -40.666177 -42.779090 -34.659468 -31.294375 -28.568429 -36.846871 
-4.756195 15.411208 22.161800 14.748277 15.524653 13.055813 3.948503 5.422807 -3.137223 -5.935043 -17.234227 -6.728512 -3.862945 -4.399780 -4.183247 -10.338326 -12.322955 -12.016709 -14.209997 -14.411783 -16.414666 -19.343494 -19.859161 -16.121690 -21.774537 -29.994643 -26.284804 -21.312390 -26.223475 -30.954869 -30.227192 -29.162835 -35.853191 -41.148872 -40.412020 -39.792533 -33.135161 -33.719261 -33.947892 -39.497227 
-3.131124 16.284954 20.065951 11.833404 15.625944 8.261110 3.549895 -0.214564 -4.484589 -10.231624 -13.617260 -7.101339 -9.524848 -8.886949 -9.286720 -10.157443 -10.895784 -13.494564 -15.782853 -12.711902 -15.319570 -15.600164 -20.470460 -19.880779 -25.805723 -32.805495 -30.947060 -22.993605 -27.901176 -34.207173 -31.222346 -32.612628 -41.942598 -48.129532 -46.067914 -43.851208 -40.651295 -37.736251 -37.504273 -43.270534 
-0.926194 16.849678 20.123705 10.141069 14.777553 5.572684 -1.287020 -6.488234 -10.085444 -19.353779 -18.617763 -18.255513 -25.760786 -24.514781 -20.058987 -16.166056 -14.692070 -18.588459 -21.498082 -24.213258 -21.726439 -18.222734 -20.493458 -21.636744 -29.530710 -36.291961 -39.499817 -36.061045 -36.283351 -38.889014 -31.177851 -31.491058 -42.029474 -45.759765 -45.547214 -45.489141 -43.640773 -43.754286 -42.992208 -43.530059 
-0.793441 16.476603 18.071809 11.359684 13.521797 0.207913 -6.035209 -10.226646 -11.736594 -19.667248 -23.657215 -20.272760 -30.541163 -34.980896 -28.370697 -24.993848 -17.405589 -14.906267 -23.764457 -25.063205 -24.693136 -21.842566 -21.166450 -18.793571 -30.687398 -36.750126 -42.163896 -40.855313 -38.882510 -45.942472 -35.784224 -35.232498 -46.324970 -51.393452 -51.628356 -52.141965 -50.165631 -49.713482 -49.094207 -46.848381 
-0.810805 15.501607 15.952146 11.042385 11.280053 -3.817799 -12.458285 -9.676947 -15.503490 -32.185664 -24.503611 -27.443967 -28.519909 -30.336131 -29.439633 -26.234272 -23.134192 -21.247319 -24.725005 -28.277533 -28.989518 -24.507683 -21.119776 -21.235983 -32.975624 -39.408374 -46.744084 -46.841129 -45.403905 -50.914886 -35.737444 -34.196397 -46.295902 -57.802634 -58.067407 -58.669616 -56.838606 -58.846098 -53.799613 -49.434161 
1.357898 14.542168 13.400265 10.804227 8.389847 -7.512625 -14.843009 -9.667345 -18.286288 -28.378045 -27.122053 -33.683497 -30.368044 -30.106477 -29.335015 -27.346374 -29.899664 -24.405637 -26.416895 -32.102360 -32.909880 -32.056077 -23.875832 -23.758659 -39.081060 -43.494807 -46.273810 -46.021054 -44.971696 -46.916655 -41.520858 -40.675380 -48.137936 -50.688838 -50.899103 -51.423354 -51.656723 -51.939634 -52.020751 -51.168581 
0.550459 12.827821 10.857282 9.219244 4.131766 -9.121017 -16.224277 -16.296879 -23.997848 -27.141123 -31.539319 -32.070121 -29.394206 -30.792722 -34.474948 -33.725643 -34.491214 -28.680561 -29.549749 -34.341866 -36.034912 -34.689005 -27.894811 -25.129245 -38.099232 -44.459140 -45.606547 -46.229938 -46.072277 -46.715713 -44.271582 -44.481976 -47.472426 -48.739909 -49.209417 -49.554389 -49.837544 -50.095833 -50.150326 -49.948698 
-0.383640 10.810943 8.342391 4.567796 -1.168435 -8.344525 -17.038664 -24.407841 -26.782392 -32.470436 -35.189848 -35.655415 -40.396208 -37.752415 -41.388770 -41.518984 -38.941629 -30.469124 -33.869088 -40.783416 -41.459611 -35.522034 -30.207695 -30.535128 -45.146449 -54.222987 -58.039874 -54.918896 -54.255508 -58.876400 -52.972265 -47.876280 -53.601490 -63.086054 -62.266551 -62.895010 -66.141577 -66.592155 -63.046007 -53.963345 
-3.784834 8.218266 5.635678 -5.333083 -13.256764 -12.790636 -18.777628 -32.104639 -38.611263 -49.585906 -39.673356 -40.226529 -36.492819 -39.262920 -41.829631 -46.450848 -42.909326 -38.049442 -37.217553 -39.326102 -36.978161 -37.398448 -33.396575 -34.679492 -44.679562 -55.402061 -61.990478 -60.664255 -62.190970 -58.377846 -53.160111 -53.342955 -57.450657 -61.264341 -60.824100 -63.209088 -69.026557 -69.939599 -63.601958 -57.606859 
-5.481947 4.911808 -0.313427 -4.930470 -12.689600 -20.136893 -24.531818 -26.481363 -38.420083 -41.323642 -40.932656 -40.526942 -41.001677 -38.700090 -40.536163 -41.584225 -42.574193 -32.999928 -37.777131 -37.766556 -41.188094 -43.032549 -39.421442 -33.739861 -48.839930 -56.124532 -62.378979 -61.542456 -61.531227 -61.485347 -55.001687 -57.560913 -58.739517 -61.903408 -60.915936 -61.201371 -67.648135 -66.276788 -62.256168 -58.091744 
-9.007462 0.196730 -4.818487 -7.890569 -16.696424 -27.977778 -29.841899 -32.549455 -40.312740 -39.180094 -35.759886 -36.423951 -37.234859 -36.555286 -40.362179 -45.116828 -46.334628 -33.268856 -32.227089 -38.645383 -48.000024 -45.861768 -38.021904 -32.464878 -48.019551 -55.809531 -62.333959 -59.336006 -57.409938 -61.741058 -54.709568 -51.165484 -56.352556 -60.243265 -64.357665 -62.192908 -64.856370 -61.998357 -59.491660 -61.811319 
-15.490329 -7.064612 -9.573270 -14.545983 -26.395877 -27.609584 -31.149886 -34.898454 -40.930600 -39.474685 -34.005475 -35.141362 -40.267595 -41.078985 -43.771573 -51.432847 -44.063926 -31.419364 -30.431839 -45.210990 -45.148927 -43.209872 -36.333057 -36.613066 -53.224552 -54.113780 -58.771356 -60.152783 -61.270928 -58.708985 -51.260565 -50.736414 -58.004607 -58.342373 -62.419078 -64.847591 -63.559023 -60.180212 -57.540988 -62.501697 
-22.987859 -17.281867 -16.402141 -16.770401 -22.447442 -27.346151 -36.784837 -41.322852 -45.468882 -39.721434 -35.307247 -40.944522 -43.563065 -41.039620 -49.161835 -52.331572 -43.984523 -30.782596 -32.056732 -42.926121 -46.274499 -43.151028 -41.635904 -38.472270 -50.979489 -55.382213 -59.899654 -62.612395 -64.617629 -58.378273 -50.920484 -53.392674 -56.195153 -57.849545 -61.346384 -64.814016 -63.724830 -59.059290 -63.039958 -62.633837 
-25.104554 -31.761733 -28.875118 -24.431134 -25.268237 -27.590885 -31.711464 -33.034640 -37.934846 -39.308986 -39.266289 -38.353491 -43.559808 -52.287253 -50.427868 -50.455755 -44.933521 -34.389965 -35.839383 -43.600135 -43.994683 -43.398138 -40.206135 -40.823259 -51.767884 -58.534490 -60.456929 -60.088354 -66.053555 -56.936352 -51.869193 -52.210456 -52.858366 -57.107132 -59.381311 -64.119948 -60.884433 -57.490041 -57.775224 -62.389467 
-27.305547 -33.809467 -32.155460 -32.991139 -28.438981 -35.718172 -37.606548 -37.778742 -41.676814 -49.917697 -39.402925 -42.827238 -49.722876 -51.833195 -51.448376 -49.098079 -45.120011 -41.806513 -43.018772 -47.007065 -46.736200 -45.152203 -47.089749 -49.930377 -55.061769 -58.394558 -60.407715 -60.399748 -62.906532 -57.530106 -56.086291 -52.652219 -52.981636 -56.930106 -62.450588 -62.993130 -60.662946 -60.045715 -60.682352 -61.833641 
-22.304932 -24.444480 -28.965223 -29.791947 -32.302518 -33.400185 -38.056591 -48.604613 -47.660011 -50.404939 -46.452381 -51.000046 -48.845592 -48.837572 -49.271301 -55.722488 -47.898048 -41.736958 -45.522504 -51.446937 -49.467445 -53.699182 -53.004497 -54.008556 -60.145861 -59.932502 -60.553237 -63.795325 -60.959369 -58.812571 -58.166067 -53.367113 -56.614500 -61.614502 -63.048973 -64.128172 -61.832545 -61.759611 -63.520976 -67.340051 
-23.227458 -26.493154 -33.258051 -43.849073 -43.357863 -41.702928 -46.397985 -52.260942 -48.139509 -47.125732 -48.353773 -53.845153 -53.959636 -52.460400 -54.165008 -58.965733 -54.247462 -53.736453 -50.738423 -57.197898 -51.353774 -53.380704 -56.718460 -58.242036 -62.976204 -64.947990 -62.348479 -63.893534 -61.535503 -60.613739 -59.849606 -59.786909 -61.531217 -60.869473 -62.823488 -62.405789 -63.219129 -62.164538 -63.274047 -73.582143 
-53.788327 -58.443846 -57.436354 -60.735941 -64.037448 -53.766848 -52.944248 -64.841591 -66.393428 -65.860154 -67.744286 -65.891064 -63.187794 -63.708632 -63.301053 -67.449460 -64.840368 -65.439190 -61.970999 -67.240785 -66.876406 -62.824044 -66.582088 -67.260924 -73.394722 -72.411243 -73.307435 -71.012266 -73.850020 -65.301560 -68.006935 -67.883283 -68.530305 -71.776712 -72.527709 -68.876683 -70.501440 -69.405029 -68.206793 -74.454938 
-54.577219 -64.234461 -63.621597 -64.034950 -74.959646 -65.368932 -65.175697 -72.990641 -77.897159 -72.665009 -66.585372 -69.933267 -68.516888 -73.916337 -71.513102 -74.524398 -71.283912 -69.925103 -69.191774 -74.000595 -75.087351 -70.548187 -72.892083 -76.749798 -76.701901 -76.985904 -75.823178 -74.258127 -77.656153 -71.891014 -72.043357 -71.966688 -72.343750 -75.270369 -74.388327 -76.467647 -73.999111 -74.658164 -74.385613 -76.277309 
-57.968272 -71.068738 -75.082572 -72.730628 -73.528708 -73.589049 -73.724662 -74.935362 -75.854742 -77.410299 -75.636880 -75.651103 -72.023067 -74.622434 -76.105348 -76.648552 -73.985459 -74.038382 -74.408551 -73.905847 -73.841789 -72.208207 -75.948121 -76.371294 -77.663151 -73.855684 -72.822728 -72.722885 -75.550021 -74.016692 -72.837906 -74.435253 -73.698499 -72.105892 -71.098861 -74.285623 -72.353373 -74.367502 -73.912958 -73.886423 
-55.137261 -69.762434 -73.361936 -71.979683 -70.184833 -68.415913 -72.088922 -73.436112 -70.977844 -76.503204 -81.646923 -74.885800 -73.763624 -74.513223 -74.922249 -73.403957 -72.753832 -75.331697 -78.358212 -72.083222 -71.565188 -74.618719 -75.003443 -74.538344 -73.112079 -73.970740 -75.495099 -75.999643 -75.118814 -76.889189 -71.686639 -71.534231 -72.322009 -73.008538 -73.104087 -72.654125 -74.609467 -73.385248 -72.636525 -74.127502 
-58.077816 -73.667644 -74.014660 -70.559019 -72.545231 -68.438476 -71.830920 -74.451539 -72.029156 -75.285539 -76.700204 -74.257890 -76.665511 -71.009935 -72.561037 -69.561209 -71.099388 -70.956698 -68.933143 -69.619312 -71.806551 -71.191360 -72.751209 -71.904835 -74.089105 -72.441560 -74.662907 -77.069583 -74.773805 -76.691771 -74.644288 -75.452475 -73.671356 -70.858235 -75.019742 -72.532882 -71.478810 -71.538688 -74.095772 -75.705281 
-57.205079 -72.191202 -67.888203 -69.665343 -74.321887 -71.724400 -71.550973 -73.092533 -80.793338 -72.828785 -78.298251 -72.924919 -75.408490 -74.645178 -74.191443 -74.322407 -70.617285 -72.320861 -72.784677 -75.003544 -77.013902 -74.685630 -71.840256 -71.597818 -73.350447 -72.182773 -72.955477 -73.306110 -78.099972 -78.024383 -74.140141 -74.163623 -74.699931 -72.847965 -73.721716 -72.817381 -75.573395 -73.288066 -73.816170 -76.598594 
-57.705015 -75.912802 -74.097476 -76.434017 -72.182662 -77.268676 -75.531636 -72.439648 -73.866726 -74.908514 -70.715667 -72.229273 -73.263123 -72.635520 -71.504754 -73.204239 -69.842352 -73.913305 -74.687448 -73.700755 -75.161626 -75.569181 -73.496241 -70.944839 -75.541277 -74.896144 -73.962166 -74.215638 -75.417247 -74.357526 -76.052873 -78.279561 -76.344546 -73.313305 -75.532200 -76.878660 -73.738300 -72.137497 -76.751935 -76.159028 
-56.337168 -74.089226 -75.784729 -77.367103 -78.430260 -69.790791 -72.939105 -77.086677 -78.659686 -75.403973 -74.491759 -77.898295 -78.172850 -74.536128 -73.895919 -72.077806 -73.531650 -80.925195 -79.206194 -72.926047 -78.021149 -79.242730 -76.787196 -71.877650 -74.331980 -72.375589 -73.219962 -75.615889 -76.456517 -75.773300 -75.438296 -73.751865 -74.130763 -74.093240 -72.673536 -73.835213 -72.394979 -74.468312 -73.226007 -76.061195 
-55.374025 -63.110136 -66.547884 -70.107728 -78.804922 -78.375546 -74.668012 -69.745165 -71.409531 -74.030455 -71.951465 -74.056649 -78.555806 -75.112174 -72.110715 -73.208265 -74.060628 -72.798305 -75.526958 -79.567495 -78.487687 -73.974761 -76.057086 -74.693005 -80.124777 -75.428061 -71.489702 -75.833799 -71.227029 -74.854619 -73.340435 -71.267148 -73.455132 -75.005123 -75.834735 -74.940971 -74.943857 -76.908111 -75.507991 -76.349449 
-74.669957 -75.990289 -78.378571 -82.943126 -88.753844 -87.505550 -85.269603 -86.431099 -93.064023 -96.430361 -90.985103 -92.119683 -94.413351 -88.884841 -85.850171 -86.348078 -86.622439 -85.653474 -88.936208 -92.806775 -90.751403 -88.028078 -91.997053 -90.695403 -93.965680 -96.735208 -92.344017 -93.832002 -88.841388 -90.233344 -88.196237 -85.275335 -88.044988 -88.693735 -89.703325 -89.391499 -89.491713 -90.010062 -92.145456 -92.242716 
NaN NaN NaN NaN NaN NaN NaN NaN NaN NaN NaN NaN NaN NaN NaN NaN NaN NaN NaN NaN NaN NaN NaN NaN NaN NaN NaN NaN NaN NaN NaN NaN NaN NaN NaN NaN NaN NaN NaN NaN 
NaN NaN NaN NaN NaN NaN NaN NaN NaN NaN NaN NaN NaN NaN NaN NaN NaN NaN NaN NaN NaN NaN NaN NaN NaN NaN NaN NaN NaN NaN NaN NaN NaN NaN NaN NaN NaN NaN NaN NaN 
NaN NaN NaN NaN NaN NaN NaN NaN NaN NaN NaN NaN NaN NaN NaN NaN NaN NaN NaN NaN NaN NaN NaN NaN NaN NaN NaN NaN NaN NaN NaN NaN NaN NaN NaN NaN NaN NaN NaN NaN 
NaN NaN NaN NaN NaN NaN NaN NaN NaN NaN NaN NaN NaN NaN NaN NaN NaN NaN NaN NaN NaN NaN NaN NaN NaN NaN NaN NaN NaN NaN NaN NaN NaN NaN NaN NaN NaN NaN NaN NaN 
NaN NaN NaN NaN NaN NaN NaN NaN NaN NaN NaN NaN NaN NaN NaN NaN NaN NaN NaN NaN NaN NaN NaN NaN NaN NaN NaN NaN NaN NaN NaN NaN NaN NaN NaN NaN NaN NaN NaN NaN 
NaN NaN NaN NaN NaN NaN NaN NaN NaN NaN NaN NaN NaN NaN NaN NaN NaN NaN NaN NaN NaN NaN NaN NaN NaN NaN NaN NaN NaN NaN NaN NaN NaN NaN NaN NaN NaN NaN NaN NaN 
NaN NaN NaN NaN NaN NaN NaN NaN NaN NaN NaN NaN NaN NaN NaN NaN NaN NaN NaN NaN NaN NaN NaN NaN NaN NaN NaN NaN NaN NaN NaN NaN NaN NaN NaN NaN NaN NaN NaN NaN 
NaN NaN NaN NaN NaN NaN NaN NaN NaN NaN NaN NaN NaN NaN NaN NaN NaN NaN NaN NaN NaN NaN NaN NaN NaN NaN NaN NaN NaN NaN NaN NaN NaN NaN NaN NaN NaN NaN NaN NaN 
NaN NaN NaN NaN NaN NaN NaN NaN NaN NaN NaN NaN NaN NaN NaN NaN NaN NaN NaN NaN NaN NaN NaN NaN NaN NaN NaN NaN NaN NaN NaN NaN NaN NaN NaN NaN NaN NaN NaN NaN 
NaN NaN NaN NaN NaN NaN NaN NaN NaN NaN NaN NaN NaN NaN NaN NaN NaN NaN NaN NaN NaN NaN NaN NaN NaN NaN NaN NaN NaN NaN NaN NaN NaN NaN NaN NaN NaN NaN NaN NaN 
NaN NaN NaN NaN NaN NaN NaN NaN NaN NaN NaN NaN NaN NaN NaN NaN NaN NaN NaN NaN NaN NaN NaN NaN NaN NaN NaN NaN NaN NaN NaN NaN NaN NaN NaN NaN NaN NaN NaN NaN 
NaN NaN NaN NaN NaN NaN NaN NaN NaN NaN NaN NaN NaN NaN NaN NaN NaN NaN NaN NaN NaN NaN NaN NaN NaN NaN NaN NaN NaN NaN NaN NaN NaN NaN NaN NaN NaN NaN NaN NaN 
NaN NaN NaN NaN NaN NaN NaN NaN NaN NaN NaN NaN NaN NaN NaN NaN NaN NaN NaN NaN NaN NaN NaN NaN NaN NaN NaN NaN NaN NaN NaN NaN NaN NaN NaN NaN NaN NaN NaN NaN 
NaN NaN NaN NaN NaN NaN NaN NaN NaN NaN NaN NaN NaN NaN NaN NaN NaN NaN NaN NaN NaN NaN NaN NaN NaN NaN NaN NaN NaN NaN NaN NaN NaN NaN NaN NaN NaN NaN NaN NaN 
NaN NaN NaN NaN NaN NaN NaN NaN NaN NaN NaN NaN NaN NaN NaN NaN NaN NaN NaN NaN NaN NaN NaN NaN NaN NaN NaN NaN NaN NaN NaN NaN NaN NaN NaN NaN NaN NaN NaN NaN 
NaN NaN NaN NaN NaN NaN NaN NaN NaN NaN NaN NaN NaN NaN NaN NaN NaN NaN NaN NaN NaN NaN NaN NaN NaN NaN NaN NaN NaN NaN NaN NaN NaN NaN NaN NaN NaN NaN NaN NaN 
NaN NaN NaN NaN NaN NaN NaN NaN NaN NaN NaN NaN NaN NaN NaN NaN NaN NaN NaN NaN NaN NaN NaN NaN NaN NaN NaN NaN NaN NaN NaN NaN NaN NaN NaN NaN NaN NaN NaN NaN 
NaN NaN NaN NaN NaN NaN NaN NaN NaN NaN NaN NaN NaN NaN NaN NaN NaN NaN NaN NaN NaN NaN NaN NaN NaN NaN NaN NaN NaN NaN NaN NaN NaN NaN NaN NaN NaN NaN NaN NaN 
NaN NaN NaN NaN NaN NaN NaN NaN NaN NaN NaN NaN NaN NaN NaN NaN NaN NaN NaN NaN NaN NaN NaN NaN NaN NaN NaN NaN NaN NaN NaN NaN NaN NaN NaN NaN NaN NaN NaN NaN 
NaN NaN NaN NaN NaN NaN NaN NaN NaN NaN NaN NaN NaN NaN NaN NaN NaN NaN NaN NaN NaN NaN NaN NaN NaN NaN NaN NaN NaN NaN NaN NaN NaN NaN NaN NaN NaN NaN NaN NaN 
NaN NaN NaN NaN NaN NaN NaN NaN NaN NaN NaN NaN NaN NaN NaN NaN NaN NaN NaN NaN NaN NaN NaN NaN NaN NaN NaN NaN NaN NaN NaN NaN NaN NaN NaN NaN NaN NaN NaN NaN 
NaN NaN NaN NaN NaN NaN NaN NaN NaN NaN NaN NaN NaN NaN NaN NaN NaN NaN NaN NaN NaN NaN NaN NaN NaN NaN NaN NaN NaN NaN NaN NaN NaN NaN NaN NaN NaN NaN NaN NaN 
NaN NaN NaN NaN NaN NaN NaN NaN NaN NaN NaN NaN NaN NaN NaN NaN NaN NaN NaN NaN NaN NaN NaN NaN NaN NaN NaN NaN NaN NaN NaN NaN NaN NaN NaN NaN NaN NaN NaN NaN 
NaN NaN NaN NaN NaN NaN NaN NaN NaN NaN NaN NaN NaN NaN NaN NaN NaN NaN NaN NaN NaN NaN NaN NaN NaN NaN NaN NaN NaN NaN NaN NaN NaN NaN NaN NaN NaN NaN NaN NaN 
NaN NaN NaN NaN NaN NaN NaN NaN NaN NaN NaN NaN NaN NaN NaN NaN NaN NaN NaN NaN NaN NaN NaN NaN NaN NaN NaN NaN NaN NaN NaN NaN NaN NaN NaN NaN NaN NaN NaN NaN 
NaN NaN NaN NaN NaN NaN NaN NaN NaN NaN NaN NaN NaN NaN NaN NaN NaN NaN NaN NaN NaN NaN NaN NaN NaN NaN NaN NaN NaN NaN NaN NaN NaN NaN NaN NaN NaN NaN NaN NaN 
NaN NaN NaN NaN NaN NaN NaN NaN NaN NaN NaN NaN NaN NaN NaN NaN NaN NaN NaN NaN NaN NaN NaN NaN NaN NaN NaN NaN NaN NaN NaN NaN NaN NaN NaN NaN NaN NaN NaN NaN 
NaN NaN NaN NaN NaN NaN NaN NaN NaN NaN NaN NaN NaN NaN NaN NaN NaN NaN NaN NaN NaN NaN NaN NaN NaN NaN NaN NaN NaN NaN NaN NaN NaN NaN NaN NaN NaN NaN NaN NaN 
NaN NaN NaN NaN NaN NaN NaN NaN NaN NaN NaN NaN NaN NaN NaN NaN NaN NaN NaN NaN NaN NaN NaN NaN NaN NaN NaN NaN NaN NaN NaN NaN NaN NaN NaN NaN NaN NaN NaN NaN 
NaN NaN NaN NaN NaN NaN NaN NaN NaN NaN NaN NaN NaN NaN NaN NaN NaN NaN NaN NaN NaN NaN NaN NaN NaN NaN NaN NaN NaN NaN NaN NaN NaN NaN NaN NaN NaN NaN NaN NaN 
NaN NaN NaN NaN NaN NaN NaN NaN NaN NaN NaN NaN NaN NaN NaN NaN NaN NaN NaN NaN NaN NaN NaN NaN NaN NaN NaN NaN NaN NaN NaN NaN NaN NaN NaN NaN NaN NaN NaN NaN 
NaN NaN NaN NaN NaN NaN NaN NaN NaN NaN NaN NaN NaN NaN NaN NaN NaN NaN NaN NaN NaN NaN NaN NaN NaN NaN NaN NaN NaN NaN NaN NaN NaN NaN NaN NaN NaN NaN NaN NaN 
NaN NaN NaN NaN NaN NaN NaN NaN NaN NaN NaN NaN NaN NaN NaN NaN NaN NaN NaN NaN NaN NaN NaN NaN NaN NaN NaN NaN NaN NaN NaN NaN NaN NaN NaN NaN NaN NaN NaN NaN 
NaN NaN NaN NaN NaN NaN NaN NaN NaN NaN NaN NaN NaN NaN NaN NaN NaN NaN NaN NaN NaN NaN NaN NaN NaN NaN NaN NaN NaN NaN NaN NaN NaN NaN NaN NaN NaN NaN NaN NaN 
NaN NaN NaN NaN NaN NaN NaN NaN NaN NaN NaN NaN NaN NaN NaN NaN NaN NaN NaN NaN NaN NaN NaN NaN NaN NaN NaN NaN NaN NaN NaN NaN NaN NaN NaN NaN NaN NaN NaN NaN 
NaN NaN NaN NaN NaN NaN NaN NaN NaN NaN NaN NaN NaN NaN NaN NaN NaN NaN NaN NaN NaN NaN NaN NaN NaN NaN NaN NaN NaN NaN NaN NaN NaN NaN NaN NaN NaN NaN NaN NaN 
NaN NaN NaN NaN NaN NaN NaN NaN NaN NaN NaN NaN NaN NaN NaN NaN NaN NaN NaN NaN NaN NaN NaN NaN NaN NaN NaN NaN NaN NaN NaN NaN NaN NaN NaN NaN NaN NaN NaN NaN 
NaN NaN NaN NaN NaN NaN NaN NaN NaN NaN NaN NaN NaN NaN NaN NaN NaN NaN NaN NaN NaN NaN NaN NaN NaN NaN NaN NaN NaN NaN NaN NaN NaN NaN NaN NaN NaN NaN NaN NaN 
NaN NaN NaN NaN NaN NaN NaN NaN NaN NaN NaN NaN NaN NaN NaN NaN NaN NaN NaN NaN NaN NaN NaN NaN NaN NaN NaN NaN NaN NaN NaN NaN NaN NaN NaN NaN NaN NaN NaN NaN 
NaN NaN NaN NaN NaN NaN NaN NaN NaN NaN NaN NaN NaN NaN NaN NaN NaN NaN NaN NaN NaN NaN NaN NaN NaN NaN NaN NaN NaN NaN NaN NaN NaN NaN NaN NaN NaN NaN NaN NaN 
NaN NaN NaN NaN NaN NaN NaN NaN NaN NaN NaN NaN NaN NaN NaN NaN NaN NaN NaN NaN NaN NaN NaN NaN NaN NaN NaN NaN NaN NaN NaN NaN NaN NaN NaN NaN NaN NaN NaN NaN 
NaN NaN NaN NaN NaN NaN NaN NaN NaN NaN NaN NaN NaN NaN NaN NaN NaN NaN NaN NaN NaN NaN NaN NaN NaN NaN NaN NaN NaN NaN NaN NaN NaN NaN NaN NaN NaN NaN NaN NaN 
NaN NaN NaN NaN NaN NaN NaN NaN NaN NaN NaN NaN NaN NaN NaN NaN NaN NaN NaN NaN NaN NaN NaN NaN NaN NaN NaN NaN NaN NaN NaN NaN NaN NaN NaN NaN NaN NaN NaN NaN 
NaN NaN NaN NaN NaN NaN NaN NaN NaN NaN NaN NaN NaN NaN NaN NaN NaN NaN NaN NaN NaN NaN NaN NaN NaN NaN NaN NaN NaN NaN NaN NaN NaN NaN NaN NaN NaN NaN NaN NaN 
NaN NaN NaN NaN NaN NaN NaN NaN NaN NaN NaN NaN NaN NaN NaN NaN NaN NaN NaN NaN NaN NaN NaN NaN NaN NaN NaN NaN NaN NaN NaN NaN NaN NaN NaN NaN NaN NaN NaN NaN 
NaN NaN NaN NaN NaN NaN NaN NaN NaN NaN NaN NaN NaN NaN NaN NaN NaN NaN NaN NaN NaN NaN NaN NaN NaN NaN NaN NaN NaN NaN NaN NaN NaN NaN NaN NaN NaN NaN NaN NaN 
NaN NaN NaN NaN NaN NaN NaN NaN NaN NaN NaN NaN NaN NaN NaN NaN NaN NaN NaN NaN NaN NaN NaN NaN NaN NaN NaN NaN NaN NaN NaN NaN NaN NaN NaN NaN NaN NaN NaN NaN 
NaN NaN NaN NaN NaN NaN NaN NaN NaN NaN NaN NaN NaN NaN NaN NaN NaN NaN NaN NaN NaN NaN NaN NaN NaN NaN NaN NaN NaN NaN NaN NaN NaN NaN NaN NaN NaN NaN NaN NaN 
NaN NaN NaN NaN NaN NaN NaN NaN NaN NaN NaN NaN NaN NaN NaN NaN NaN NaN NaN NaN NaN NaN NaN NaN NaN NaN NaN NaN NaN NaN NaN NaN NaN NaN NaN NaN NaN NaN NaN NaN 
NaN NaN NaN NaN NaN NaN NaN NaN NaN NaN NaN NaN NaN NaN NaN NaN NaN NaN NaN NaN NaN NaN NaN NaN NaN NaN NaN NaN NaN NaN NaN NaN NaN NaN NaN NaN NaN NaN NaN NaN 
NaN NaN NaN NaN NaN NaN NaN NaN NaN NaN NaN NaN NaN NaN NaN NaN NaN NaN NaN NaN NaN NaN NaN NaN NaN NaN NaN NaN NaN NaN NaN NaN NaN NaN NaN NaN NaN NaN NaN NaN 
NaN NaN NaN NaN NaN NaN NaN NaN NaN NaN NaN NaN NaN NaN NaN NaN NaN NaN NaN NaN NaN NaN NaN NaN NaN NaN NaN NaN NaN NaN NaN NaN NaN NaN NaN NaN NaN NaN NaN NaN 
NaN NaN NaN NaN NaN NaN NaN NaN NaN NaN NaN NaN NaN NaN NaN NaN NaN NaN NaN NaN NaN NaN NaN NaN NaN NaN NaN NaN NaN NaN NaN NaN NaN NaN NaN NaN NaN NaN NaN NaN 
NaN NaN NaN NaN NaN NaN NaN NaN NaN NaN NaN NaN NaN NaN NaN NaN NaN NaN NaN NaN NaN NaN NaN NaN NaN NaN NaN NaN NaN NaN NaN NaN NaN NaN NaN NaN NaN NaN NaN NaN 
NaN NaN NaN NaN NaN NaN NaN NaN NaN NaN NaN NaN NaN NaN NaN NaN NaN NaN NaN NaN NaN NaN NaN NaN NaN NaN NaN NaN NaN NaN NaN NaN NaN NaN NaN NaN NaN NaN NaN NaN 
NaN NaN NaN NaN NaN NaN NaN NaN NaN NaN NaN NaN NaN NaN NaN NaN NaN NaN NaN NaN NaN NaN NaN NaN NaN NaN NaN NaN NaN NaN NaN NaN NaN NaN NaN NaN NaN NaN NaN NaN 
NaN NaN NaN NaN NaN NaN NaN NaN NaN NaN NaN NaN NaN NaN NaN NaN NaN NaN NaN NaN NaN NaN NaN NaN NaN NaN NaN NaN NaN NaN NaN NaN NaN NaN NaN NaN NaN NaN NaN NaN 
NaN NaN NaN NaN NaN NaN NaN NaN NaN NaN NaN NaN NaN NaN NaN NaN NaN NaN NaN NaN NaN NaN NaN NaN NaN NaN NaN NaN NaN NaN NaN NaN NaN NaN NaN NaN NaN NaN NaN NaN 
NaN NaN NaN NaN NaN NaN NaN NaN NaN NaN NaN NaN NaN NaN NaN NaN NaN NaN NaN NaN NaN NaN NaN NaN NaN NaN NaN NaN NaN NaN NaN NaN NaN NaN NaN NaN NaN NaN NaN NaN 
NaN NaN NaN NaN NaN NaN NaN NaN NaN NaN NaN NaN NaN NaN NaN NaN NaN NaN NaN NaN NaN NaN NaN NaN NaN NaN NaN NaN NaN NaN NaN NaN NaN NaN NaN NaN NaN NaN NaN NaN 
NaN NaN NaN NaN NaN NaN NaN NaN NaN NaN NaN NaN NaN NaN NaN NaN NaN NaN NaN NaN NaN NaN NaN NaN NaN NaN NaN NaN NaN NaN NaN NaN NaN NaN NaN NaN NaN NaN NaN NaN 
NaN NaN NaN NaN NaN NaN NaN NaN NaN NaN NaN NaN NaN NaN NaN NaN NaN NaN NaN NaN NaN NaN NaN NaN NaN NaN NaN NaN NaN NaN NaN NaN NaN NaN NaN NaN NaN NaN NaN NaN 
NaN NaN NaN NaN NaN NaN NaN NaN NaN NaN NaN NaN NaN NaN NaN NaN NaN NaN NaN NaN NaN NaN NaN NaN NaN NaN NaN NaN NaN NaN NaN NaN NaN NaN NaN NaN NaN NaN NaN NaN 
NaN NaN NaN NaN NaN NaN NaN NaN NaN NaN NaN NaN NaN NaN NaN NaN NaN NaN NaN NaN NaN NaN NaN NaN NaN NaN NaN NaN NaN NaN NaN NaN NaN NaN NaN NaN NaN NaN NaN NaN 
NaN NaN NaN NaN NaN NaN NaN NaN NaN NaN NaN NaN NaN NaN NaN NaN NaN NaN NaN NaN NaN NaN NaN NaN NaN NaN NaN NaN NaN NaN NaN NaN NaN NaN NaN NaN NaN NaN NaN NaN 
NaN NaN NaN NaN NaN NaN NaN NaN NaN NaN NaN NaN NaN NaN NaN NaN NaN NaN NaN NaN NaN NaN NaN NaN NaN NaN NaN NaN NaN NaN NaN NaN NaN NaN NaN NaN NaN NaN NaN NaN 
NaN NaN NaN NaN NaN NaN NaN NaN NaN NaN NaN NaN NaN NaN NaN NaN NaN NaN NaN NaN NaN NaN NaN NaN NaN NaN NaN NaN NaN NaN NaN NaN NaN NaN NaN NaN NaN NaN NaN NaN 
NaN NaN NaN NaN NaN NaN NaN NaN NaN NaN NaN NaN NaN NaN NaN NaN NaN NaN NaN NaN NaN NaN NaN NaN NaN NaN NaN NaN NaN NaN NaN NaN NaN NaN NaN NaN NaN NaN NaN NaN 
NaN NaN NaN NaN NaN NaN NaN NaN NaN NaN NaN NaN NaN NaN NaN NaN NaN NaN NaN NaN NaN NaN NaN NaN NaN NaN NaN NaN NaN NaN NaN NaN NaN NaN NaN NaN NaN NaN NaN NaN 
NaN NaN NaN NaN NaN NaN NaN NaN NaN NaN NaN NaN NaN NaN NaN NaN NaN NaN NaN NaN NaN NaN NaN NaN NaN NaN NaN NaN NaN NaN NaN NaN NaN NaN NaN NaN NaN NaN NaN NaN 
NaN NaN NaN NaN NaN NaN NaN NaN NaN NaN NaN NaN NaN NaN NaN NaN NaN NaN NaN NaN NaN NaN NaN NaN NaN NaN NaN NaN NaN NaN NaN NaN NaN NaN NaN NaN NaN NaN NaN NaN 
NaN NaN NaN NaN NaN NaN NaN NaN NaN NaN NaN NaN NaN NaN NaN NaN NaN NaN NaN NaN NaN NaN NaN NaN NaN NaN NaN NaN NaN NaN NaN NaN NaN NaN NaN NaN NaN NaN NaN NaN 
NaN NaN NaN NaN NaN NaN NaN NaN NaN NaN NaN NaN NaN NaN NaN NaN NaN NaN NaN NaN NaN NaN NaN NaN NaN NaN NaN NaN NaN NaN NaN NaN NaN NaN NaN NaN NaN NaN NaN NaN 
