NaN NaN NaN NaN NaN NaN NaN NaN NaN NaN NaN NaN NaN NaN NaN NaN NaN NaN NaN NaN NaN NaN NaN NaN NaN NaN NaN NaN NaN NaN NaN NaN NaN NaN NaN NaN NaN NaN NaN NaN 
NaN NaN NaN NaN NaN NaN NaN NaN NaN NaN NaN NaN NaN NaN NaN NaN NaN NaN NaN NaN NaN NaN NaN NaN NaN NaN NaN NaN NaN NaN NaN NaN NaN NaN NaN NaN NaN NaN NaN NaN 
NaN NaN NaN NaN NaN NaN NaN NaN NaN NaN NaN NaN NaN NaN NaN NaN NaN NaN NaN NaN NaN NaN NaN NaN NaN NaN NaN NaN NaN NaN NaN NaN NaN NaN NaN NaN NaN NaN NaN NaN 
NaN NaN NaN NaN NaN NaN NaN NaN NaN NaN NaN NaN NaN NaN NaN NaN NaN NaN NaN NaN NaN NaN NaN NaN NaN NaN NaN NaN NaN NaN NaN NaN NaN NaN NaN NaN NaN NaN NaN NaN 
NaN NaN NaN NaN NaN NaN NaN NaN NaN NaN NaN NaN NaN NaN NaN NaN NaN NaN NaN NaN NaN NaN NaN NaN NaN NaN NaN NaN NaN NaN NaN NaN NaN NaN NaN NaN NaN NaN NaN NaN 
NaN NaN NaN NaN NaN NaN NaN NaN NaN NaN NaN NaN NaN NaN NaN NaN NaN NaN NaN NaN NaN NaN NaN NaN NaN NaN NaN NaN NaN NaN NaN NaN NaN NaN NaN NaN NaN NaN NaN NaN 
NaN NaN NaN NaN NaN NaN NaN NaN NaN NaN NaN NaN NaN NaN NaN NaN NaN NaN NaN NaN NaN NaN NaN NaN NaN NaN NaN NaN NaN NaN NaN NaN NaN NaN NaN NaN NaN NaN NaN NaN 
NaN NaN NaN NaN NaN NaN NaN NaN NaN NaN NaN NaN NaN NaN NaN NaN NaN NaN NaN NaN NaN NaN NaN NaN NaN NaN NaN NaN NaN NaN NaN NaN NaN NaN NaN NaN NaN NaN NaN NaN 
NaN NaN NaN NaN NaN NaN NaN NaN NaN NaN NaN NaN NaN NaN NaN NaN NaN NaN NaN NaN NaN NaN NaN NaN NaN NaN NaN NaN NaN NaN NaN NaN NaN NaN NaN NaN NaN NaN NaN NaN 
NaN NaN NaN NaN NaN NaN NaN NaN NaN NaN NaN NaN NaN NaN NaN NaN NaN NaN NaN NaN NaN NaN NaN NaN NaN NaN NaN NaN NaN NaN NaN NaN NaN NaN NaN NaN NaN NaN NaN NaN 
NaN NaN NaN NaN NaN NaN NaN NaN NaN NaN NaN NaN NaN NaN NaN NaN NaN NaN NaN NaN NaN NaN NaN NaN NaN NaN NaN NaN NaN NaN NaN NaN NaN NaN NaN NaN NaN NaN NaN NaN 
NaN NaN NaN NaN NaN NaN NaN NaN NaN NaN NaN NaN NaN NaN NaN NaN NaN NaN NaN NaN NaN NaN NaN NaN NaN NaN NaN NaN NaN NaN NaN NaN NaN NaN NaN NaN NaN NaN NaN NaN 
NaN NaN NaN NaN NaN NaN NaN NaN NaN NaN NaN NaN NaN NaN NaN NaN NaN NaN NaN NaN NaN NaN NaN NaN NaN NaN NaN NaN NaN NaN NaN NaN NaN NaN NaN NaN NaN NaN NaN NaN 
NaN NaN NaN NaN NaN NaN NaN NaN NaN NaN NaN NaN NaN NaN NaN NaN NaN NaN NaN NaN NaN NaN NaN NaN NaN NaN NaN NaN NaN NaN NaN NaN NaN NaN NaN NaN NaN NaN NaN NaN 
NaN NaN NaN NaN NaN NaN NaN NaN NaN NaN NaN NaN NaN NaN NaN NaN NaN NaN NaN NaN NaN NaN NaN NaN NaN NaN NaN NaN NaN NaN NaN NaN NaN NaN NaN NaN NaN NaN NaN NaN 
NaN NaN NaN NaN NaN NaN NaN NaN NaN NaN NaN NaN NaN NaN NaN NaN NaN NaN NaN NaN NaN NaN NaN NaN NaN NaN NaN NaN NaN NaN NaN NaN NaN NaN NaN NaN NaN NaN NaN NaN 
NaN NaN NaN NaN NaN NaN NaN NaN NaN NaN NaN NaN NaN NaN NaN NaN NaN NaN NaN NaN NaN NaN NaN NaN NaN NaN NaN NaN NaN NaN NaN NaN NaN NaN NaN NaN NaN NaN NaN NaN 
NaN NaN NaN NaN NaN NaN NaN NaN NaN NaN NaN NaN NaN NaN NaN NaN NaN NaN NaN NaN NaN NaN NaN NaN NaN NaN NaN NaN NaN NaN NaN NaN NaN NaN NaN NaN NaN NaN NaN NaN 
NaN NaN NaN NaN NaN NaN NaN NaN NaN NaN NaN NaN NaN NaN NaN NaN NaN NaN NaN NaN NaN NaN NaN NaN NaN NaN NaN NaN NaN NaN NaN NaN NaN NaN NaN NaN NaN NaN NaN NaN 
NaN NaN NaN NaN NaN NaN NaN NaN NaN NaN NaN NaN NaN NaN NaN NaN NaN NaN NaN NaN NaN NaN NaN NaN NaN NaN NaN NaN NaN NaN NaN NaN NaN NaN NaN NaN NaN NaN NaN NaN 
NaN NaN NaN NaN NaN NaN NaN NaN NaN NaN NaN NaN NaN NaN NaN NaN NaN NaN NaN NaN NaN NaN NaN NaN NaN NaN NaN NaN NaN NaN NaN NaN NaN NaN NaN NaN NaN NaN NaN NaN 
NaN NaN NaN NaN NaN NaN NaN NaN NaN NaN NaN NaN NaN NaN NaN NaN NaN NaN NaN NaN NaN NaN NaN NaN NaN NaN NaN NaN NaN NaN NaN NaN NaN NaN NaN NaN NaN NaN NaN NaN 
NaN NaN NaN NaN NaN NaN NaN NaN NaN NaN NaN NaN NaN NaN NaN NaN NaN NaN NaN NaN NaN NaN NaN NaN NaN NaN NaN NaN NaN NaN NaN NaN NaN NaN NaN NaN NaN NaN NaN NaN 
NaN NaN NaN NaN NaN NaN NaN NaN NaN NaN NaN NaN NaN NaN NaN NaN NaN NaN NaN NaN NaN NaN NaN NaN NaN NaN NaN NaN NaN NaN NaN NaN NaN NaN NaN NaN NaN NaN NaN NaN 
NaN NaN NaN NaN NaN NaN NaN NaN NaN NaN NaN NaN NaN NaN NaN NaN NaN NaN NaN NaN NaN NaN NaN NaN NaN NaN NaN NaN NaN NaN NaN NaN NaN NaN NaN NaN NaN NaN NaN NaN 
NaN NaN NaN NaN NaN NaN NaN NaN NaN NaN NaN NaN NaN NaN NaN NaN NaN NaN NaN NaN NaN NaN NaN NaN NaN NaN NaN NaN NaN NaN NaN NaN NaN NaN NaN NaN NaN NaN NaN NaN 
NaN NaN NaN NaN NaN NaN NaN NaN NaN NaN NaN NaN NaN NaN NaN NaN NaN NaN NaN NaN NaN NaN NaN NaN NaN NaN NaN NaN NaN NaN NaN NaN NaN NaN NaN NaN NaN NaN NaN NaN 
NaN NaN NaN NaN NaN NaN NaN NaN NaN NaN NaN NaN NaN NaN NaN NaN NaN NaN NaN NaN NaN NaN NaN NaN NaN NaN NaN NaN NaN NaN NaN NaN NaN NaN NaN NaN NaN NaN NaN NaN 
NaN NaN NaN NaN NaN NaN NaN NaN NaN NaN NaN NaN NaN NaN NaN NaN NaN NaN NaN NaN NaN NaN NaN NaN NaN NaN NaN NaN NaN NaN NaN NaN NaN NaN NaN NaN NaN NaN NaN NaN 
NaN NaN NaN NaN NaN NaN NaN NaN NaN NaN NaN NaN NaN NaN NaN NaN NaN NaN NaN NaN NaN NaN NaN NaN NaN NaN NaN NaN NaN NaN NaN NaN NaN NaN NaN NaN NaN NaN NaN NaN 
NaN NaN NaN NaN NaN NaN NaN NaN NaN NaN NaN NaN NaN NaN NaN NaN NaN NaN NaN NaN NaN NaN NaN NaN NaN NaN NaN NaN NaN NaN NaN NaN NaN NaN NaN NaN NaN NaN NaN NaN 
NaN NaN NaN NaN NaN NaN NaN NaN NaN NaN NaN NaN NaN NaN NaN NaN NaN NaN NaN NaN NaN NaN NaN NaN NaN NaN NaN NaN NaN NaN NaN NaN NaN NaN NaN NaN NaN NaN NaN NaN 
NaN NaN NaN NaN NaN NaN NaN NaN NaN NaN NaN NaN NaN NaN NaN NaN NaN NaN NaN NaN NaN NaN NaN NaN NaN NaN NaN NaN NaN NaN NaN NaN NaN NaN NaN NaN NaN NaN NaN NaN 
NaN NaN NaN NaN NaN NaN NaN NaN NaN NaN NaN NaN NaN NaN NaN NaN NaN NaN NaN NaN NaN NaN NaN NaN NaN NaN NaN NaN NaN NaN NaN NaN NaN NaN NaN NaN NaN NaN NaN NaN 
NaN NaN NaN NaN NaN NaN NaN NaN NaN NaN NaN NaN NaN NaN NaN NaN NaN NaN NaN NaN NaN NaN NaN NaN NaN NaN NaN NaN NaN NaN NaN NaN NaN NaN NaN NaN NaN NaN NaN NaN 
NaN NaN NaN NaN NaN NaN NaN NaN NaN NaN NaN NaN NaN NaN NaN NaN NaN NaN NaN NaN NaN NaN NaN NaN NaN NaN NaN NaN NaN NaN NaN NaN NaN NaN NaN NaN NaN NaN NaN NaN 
NaN NaN NaN NaN NaN NaN NaN NaN NaN NaN NaN NaN NaN NaN NaN NaN NaN NaN NaN NaN NaN NaN NaN NaN NaN NaN NaN NaN NaN NaN NaN NaN NaN NaN NaN NaN NaN NaN NaN NaN 
NaN NaN NaN NaN NaN NaN NaN NaN NaN NaN NaN NaN NaN NaN NaN NaN NaN NaN NaN NaN NaN NaN NaN NaN NaN NaN NaN NaN NaN NaN NaN NaN NaN NaN NaN NaN NaN NaN NaN NaN 
NaN NaN NaN NaN NaN NaN NaN NaN NaN NaN NaN NaN NaN NaN NaN NaN NaN NaN NaN NaN NaN NaN NaN NaN NaN NaN NaN NaN NaN NaN NaN NaN NaN NaN NaN NaN NaN NaN NaN NaN 
NaN NaN NaN NaN NaN NaN NaN NaN NaN NaN NaN NaN NaN NaN NaN NaN NaN NaN NaN NaN NaN NaN NaN NaN NaN NaN NaN NaN NaN NaN NaN NaN NaN NaN NaN NaN NaN NaN NaN NaN 
NaN NaN NaN NaN NaN NaN NaN NaN NaN NaN NaN NaN NaN NaN NaN NaN NaN NaN NaN NaN NaN NaN NaN NaN NaN NaN NaN NaN NaN NaN NaN NaN NaN NaN NaN NaN NaN NaN NaN NaN 
NaN NaN NaN NaN NaN NaN NaN NaN NaN NaN NaN NaN NaN NaN NaN NaN NaN NaN NaN NaN NaN NaN NaN NaN NaN NaN NaN NaN NaN NaN NaN NaN NaN NaN NaN NaN NaN NaN NaN NaN 
NaN NaN NaN NaN NaN NaN NaN NaN NaN NaN NaN NaN NaN NaN NaN NaN NaN NaN NaN NaN NaN NaN NaN NaN NaN NaN NaN NaN NaN NaN NaN NaN NaN NaN NaN NaN NaN NaN NaN NaN 
NaN NaN NaN NaN NaN NaN NaN NaN NaN NaN NaN NaN NaN NaN NaN NaN NaN NaN NaN NaN NaN NaN NaN NaN NaN NaN NaN NaN NaN NaN NaN NaN NaN NaN NaN NaN NaN NaN NaN NaN 
NaN NaN NaN NaN NaN NaN NaN NaN NaN NaN NaN NaN NaN NaN NaN NaN NaN NaN NaN NaN NaN NaN NaN NaN NaN NaN NaN NaN NaN NaN NaN NaN NaN NaN NaN NaN NaN NaN NaN NaN 
NaN NaN NaN NaN NaN NaN NaN NaN NaN NaN NaN NaN NaN NaN NaN NaN NaN NaN NaN NaN NaN NaN NaN NaN NaN NaN NaN NaN NaN NaN NaN NaN NaN NaN NaN NaN NaN NaN NaN NaN 
NaN NaN NaN NaN NaN NaN NaN NaN NaN NaN NaN NaN NaN NaN NaN NaN NaN NaN NaN NaN NaN NaN NaN NaN NaN NaN NaN NaN NaN NaN NaN NaN NaN NaN NaN NaN NaN NaN NaN NaN 
NaN NaN NaN NaN NaN NaN NaN NaN NaN NaN NaN NaN NaN NaN NaN NaN NaN NaN NaN NaN NaN NaN NaN NaN NaN NaN NaN NaN NaN NaN NaN NaN NaN NaN NaN NaN NaN NaN NaN NaN 
NaN NaN NaN NaN NaN NaN NaN NaN NaN NaN NaN NaN NaN NaN NaN NaN NaN NaN NaN NaN NaN NaN NaN NaN NaN NaN NaN NaN NaN NaN NaN NaN NaN NaN NaN NaN NaN NaN NaN NaN 
NaN NaN NaN NaN NaN NaN NaN NaN NaN NaN NaN NaN NaN NaN NaN NaN NaN NaN NaN NaN NaN NaN NaN NaN NaN NaN NaN NaN NaN NaN NaN NaN NaN NaN NaN NaN NaN NaN NaN NaN 
NaN NaN NaN NaN NaN NaN NaN NaN NaN NaN NaN NaN NaN NaN NaN NaN NaN NaN NaN NaN NaN NaN NaN NaN NaN NaN NaN NaN NaN NaN NaN NaN NaN NaN NaN NaN NaN NaN NaN NaN 
NaN NaN NaN NaN NaN NaN NaN NaN NaN NaN NaN NaN NaN NaN NaN NaN NaN NaN NaN NaN NaN NaN NaN NaN NaN NaN NaN NaN NaN NaN NaN NaN NaN NaN NaN NaN NaN NaN NaN NaN 
NaN NaN NaN NaN NaN NaN NaN NaN NaN NaN NaN NaN NaN NaN NaN NaN NaN NaN NaN NaN NaN NaN NaN NaN NaN NaN NaN NaN NaN NaN NaN NaN NaN NaN NaN NaN NaN NaN NaN NaN 
NaN NaN NaN NaN NaN NaN NaN NaN NaN NaN NaN NaN NaN NaN NaN NaN NaN NaN NaN NaN NaN NaN NaN NaN NaN NaN NaN NaN NaN NaN NaN NaN NaN NaN NaN NaN NaN NaN NaN NaN 
NaN NaN NaN NaN NaN NaN NaN NaN NaN NaN NaN NaN NaN NaN NaN NaN NaN NaN NaN NaN NaN NaN NaN NaN NaN NaN NaN NaN NaN NaN NaN NaN NaN NaN NaN NaN NaN NaN NaN NaN 
NaN NaN NaN NaN NaN NaN NaN NaN NaN NaN NaN NaN NaN NaN NaN NaN NaN NaN NaN NaN NaN NaN NaN NaN NaN NaN NaN NaN NaN NaN NaN NaN NaN NaN NaN NaN NaN NaN NaN NaN 
NaN NaN NaN NaN NaN NaN NaN NaN NaN NaN NaN NaN NaN NaN NaN NaN NaN NaN NaN NaN NaN NaN NaN NaN NaN NaN NaN NaN NaN NaN NaN NaN NaN NaN NaN NaN NaN NaN NaN NaN 
NaN NaN NaN NaN NaN NaN NaN NaN NaN NaN NaN NaN NaN NaN NaN NaN NaN NaN NaN NaN NaN NaN NaN NaN NaN NaN NaN NaN NaN NaN NaN NaN NaN NaN NaN NaN NaN NaN NaN NaN 
NaN NaN NaN NaN NaN NaN NaN NaN NaN NaN NaN NaN NaN NaN NaN NaN NaN NaN NaN NaN NaN NaN NaN NaN NaN NaN NaN NaN NaN NaN NaN NaN NaN NaN NaN NaN NaN NaN NaN NaN 
NaN NaN NaN NaN NaN NaN NaN NaN NaN NaN NaN NaN NaN NaN NaN NaN NaN NaN NaN NaN NaN NaN NaN NaN NaN NaN NaN NaN NaN NaN NaN NaN NaN NaN NaN NaN NaN NaN NaN NaN 
NaN NaN NaN NaN NaN NaN NaN NaN NaN NaN NaN NaN NaN NaN NaN NaN NaN NaN NaN NaN NaN NaN NaN NaN NaN NaN NaN NaN NaN NaN NaN NaN NaN NaN NaN NaN NaN NaN NaN NaN 
NaN NaN NaN NaN NaN NaN NaN NaN NaN NaN NaN NaN NaN NaN NaN NaN NaN NaN NaN NaN NaN NaN NaN NaN NaN NaN NaN NaN NaN NaN NaN NaN NaN NaN NaN NaN NaN NaN NaN NaN 
NaN NaN NaN NaN NaN NaN NaN NaN NaN NaN NaN NaN NaN NaN NaN NaN NaN NaN NaN NaN NaN NaN NaN NaN NaN NaN NaN NaN NaN NaN NaN NaN NaN NaN NaN NaN NaN NaN NaN NaN 
NaN NaN NaN NaN NaN NaN NaN NaN NaN NaN NaN NaN NaN NaN NaN NaN NaN NaN NaN NaN NaN NaN NaN NaN NaN NaN NaN NaN NaN NaN NaN NaN NaN NaN NaN NaN NaN NaN NaN NaN 
NaN NaN NaN NaN NaN NaN NaN NaN NaN NaN NaN NaN NaN NaN NaN NaN NaN NaN NaN NaN NaN NaN NaN NaN NaN NaN NaN NaN NaN NaN NaN NaN NaN NaN NaN NaN NaN NaN NaN NaN 
NaN NaN NaN NaN NaN NaN NaN NaN NaN NaN NaN NaN NaN NaN NaN NaN NaN NaN NaN NaN NaN NaN NaN NaN NaN NaN NaN NaN NaN NaN NaN NaN NaN NaN NaN NaN NaN NaN NaN NaN 
NaN NaN NaN NaN NaN NaN NaN NaN NaN NaN NaN NaN NaN NaN NaN NaN NaN NaN NaN NaN NaN NaN NaN NaN NaN NaN NaN NaN NaN NaN NaN NaN NaN NaN NaN NaN NaN NaN NaN NaN 
NaN NaN NaN NaN NaN NaN NaN NaN NaN NaN NaN NaN NaN NaN NaN NaN NaN NaN NaN NaN NaN NaN NaN NaN NaN NaN NaN NaN NaN NaN NaN NaN NaN NaN NaN NaN NaN NaN NaN NaN 
NaN NaN NaN NaN NaN NaN NaN NaN NaN NaN NaN NaN NaN NaN NaN NaN NaN NaN NaN NaN NaN NaN NaN NaN NaN NaN NaN NaN NaN NaN NaN NaN NaN NaN NaN NaN NaN NaN NaN NaN 
NaN NaN NaN NaN NaN NaN NaN NaN NaN NaN NaN NaN NaN NaN NaN NaN NaN NaN NaN NaN NaN NaN NaN NaN NaN NaN NaN NaN NaN NaN NaN NaN NaN NaN NaN NaN NaN NaN NaN NaN 
NaN NaN NaN NaN NaN NaN NaN NaN NaN NaN NaN NaN NaN NaN NaN NaN NaN NaN NaN NaN NaN NaN NaN NaN NaN NaN NaN NaN NaN NaN NaN NaN NaN NaN NaN NaN NaN NaN NaN NaN 
NaN NaN NaN NaN NaN NaN NaN NaN NaN NaN NaN NaN NaN NaN NaN NaN NaN NaN NaN NaN NaN NaN NaN NaN NaN NaN NaN NaN NaN NaN NaN NaN NaN NaN NaN NaN NaN NaN NaN NaN 
NaN NaN NaN NaN NaN NaN NaN NaN NaN NaN NaN NaN NaN NaN NaN NaN NaN NaN NaN NaN NaN NaN NaN NaN NaN NaN NaN NaN NaN NaN NaN NaN NaN NaN NaN NaN NaN NaN NaN NaN 
NaN NaN NaN NaN NaN NaN NaN NaN NaN NaN NaN NaN NaN NaN NaN NaN NaN NaN NaN NaN NaN NaN NaN NaN NaN NaN NaN NaN NaN NaN NaN NaN NaN NaN NaN NaN NaN NaN NaN NaN 
NaN NaN NaN NaN NaN NaN NaN NaN NaN NaN NaN NaN NaN NaN NaN NaN NaN NaN NaN NaN NaN NaN NaN NaN NaN NaN NaN NaN NaN NaN NaN NaN NaN NaN NaN NaN NaN NaN NaN NaN 
NaN NaN NaN NaN NaN NaN NaN NaN NaN NaN NaN NaN NaN NaN NaN NaN NaN NaN NaN NaN NaN NaN NaN NaN NaN NaN NaN NaN NaN NaN NaN NaN NaN NaN NaN NaN NaN NaN NaN NaN 
NaN NaN NaN NaN NaN NaN NaN NaN NaN NaN NaN NaN NaN NaN NaN NaN NaN NaN NaN NaN NaN NaN NaN NaN NaN NaN NaN NaN NaN NaN NaN NaN NaN NaN NaN NaN NaN NaN NaN NaN 
NaN NaN NaN NaN NaN NaN NaN NaN NaN NaN NaN NaN NaN NaN NaN NaN NaN NaN NaN NaN NaN NaN NaN NaN NaN NaN NaN NaN NaN NaN NaN NaN NaN NaN NaN NaN NaN NaN NaN NaN 
NaN NaN NaN NaN NaN NaN NaN NaN NaN NaN NaN NaN NaN NaN NaN NaN NaN NaN NaN NaN NaN NaN NaN NaN NaN NaN NaN NaN NaN NaN NaN NaN NaN NaN NaN NaN NaN NaN NaN NaN 
NaN NaN NaN NaN NaN NaN NaN NaN NaN NaN NaN NaN NaN NaN NaN NaN NaN NaN NaN NaN NaN NaN NaN NaN NaN NaN NaN NaN NaN NaN NaN NaN NaN NaN NaN NaN NaN NaN NaN NaN 
NaN NaN NaN NaN NaN NaN NaN NaN NaN NaN NaN NaN NaN NaN NaN NaN NaN NaN NaN NaN NaN NaN NaN NaN NaN NaN NaN NaN NaN NaN NaN NaN NaN NaN NaN NaN NaN NaN NaN NaN 
NaN NaN NaN NaN NaN NaN NaN NaN NaN NaN NaN NaN NaN NaN NaN NaN NaN NaN NaN NaN NaN NaN NaN NaN NaN NaN NaN NaN NaN NaN NaN NaN NaN NaN NaN NaN NaN NaN NaN NaN 
NaN NaN NaN NaN NaN NaN NaN NaN NaN NaN NaN NaN NaN NaN NaN NaN NaN NaN NaN NaN NaN NaN NaN NaN NaN NaN NaN NaN NaN NaN NaN NaN NaN NaN NaN NaN NaN NaN NaN NaN 
NaN NaN NaN NaN NaN NaN NaN NaN NaN NaN NaN NaN NaN NaN NaN NaN NaN NaN NaN NaN NaN NaN NaN NaN NaN NaN NaN NaN NaN NaN NaN NaN NaN NaN NaN NaN NaN NaN NaN NaN 
NaN NaN NaN NaN NaN NaN NaN NaN NaN NaN NaN NaN NaN NaN NaN NaN NaN NaN NaN NaN NaN NaN NaN NaN NaN NaN NaN NaN NaN NaN NaN NaN NaN NaN NaN NaN NaN NaN NaN NaN 
-91.959182 -92.049779 -92.201231 -92.458654 -92.811974 -93.315792 -93.946555 -94.782859 -95.946555 -97.423939 -99.382101 -102.123153 -105.903234 -110.628330 -111.352053 -107.954142 -105.610136 -104.824454 -105.497339 -107.832908 -111.290674 -110.063912 -105.939567 -103.639340 -103.506086 -106.058360 -111.431900 -108.317553 -103.621414 -103.028075 -106.800651 -109.267168 -104.050213 -103.981530 -111.502528 -106.949159 -103.660454 -107.308933 -109.476570 -115.431755 
-57.921681 -64.969091 -69.375111 -69.375496 -71.025674 -71.047804 -74.143626 -81.139781 -85.734410 -84.281571 -81.990129 -78.134444 -80.365248 -85.272138 -86.712510 -79.829082 -79.981326 -77.655408 -76.448372 -78.739444 -77.582412 -76.976407 -81.010594 -74.970231 -77.481856 -79.905331 -80.188794 -76.544257 -77.761268 -79.469857 -75.537727 -76.307457 -76.091840 -75.783913 -74.551710 -74.948765 -81.862090 -78.543278 -79.028366 -81.104813 
-53.657051 -75.580210 -81.890313 -70.790947 -70.759482 -68.965644 -78.946315 -82.761038 -74.846698 -70.547046 -69.944864 -71.767226 -71.475493 -73.861081 -75.295479 -70.805338 -72.420968 -71.285122 -75.848697 -71.412248 -71.160324 -73.788427 -75.090491 -70.902081 -73.307515 -71.609067 -74.071748 -70.016310 -71.654115 -74.087657 -72.544637 -70.979099 -73.454875 -72.742413 -74.757065 -75.258667 -76.888144 -74.666507 -73.527966 -75.963402 
-54.508120 -73.606591 -74.733942 -78.181470 -79.135948 -71.785283 -74.799395 -76.702431 -79.073946 -75.159190 -73.642895 -80.573966 -77.291047 -79.107638 -74.650037 -69.756638 -67.644667 -71.708125 -73.544171 -71.863479 -72.714541 -73.848426 -77.491784 -75.037484 -80.386780 -73.419600 -70.429445 -71.819934 -72.741110 -72.582039 -74.902279 -73.443889 -71.591779 -72.176204 -73.442361 -70.755467 -72.699688 -74.710839 -73.464701 -74.656189 
-59.631955 -56.550609 -56.706619 -57.145617 -58.002881 -58.466017 -61.637964 -65.087483 -70.076349 -66.068900 -66.294174 -72.109718 -73.222630 -67.819506 -70.865421 -71.150175 -67.925643 -71.199765 -75.814101 -69.287675 -69.665020 -70.714200 -68.217836 -70.118591 -69.993862 -71.812272 -72.136628 -68.998047 -69.270677 -74.130194 -72.543941 -73.308543 -70.060023 -69.260300 -69.729882 -70.588539 -72.965819 -71.586986 -69.896510 -73.646506 
-27.514411 -30.789532 -41.267698 -43.737209 -41.146985 -40.776684 -45.704171 -50.451805 -48.066577 -50.179620 -55.390993 -57.730096 -55.765174 -59.899552 -59.286648 -56.979096 -58.389410 -57.503171 -59.274423 -59.658030 -63.939502 -59.220967 -61.109763 -64.437577 -61.528472 -61.335590 -64.294101 -59.974240 -57.878841 -65.048507 -67.975727 -70.442892 -66.678273 -64.906367 -66.048242 -64.648902 -63.295923 -63.096403 -64.837450 -67.287688 
-19.408290 -24.998754 -39.916046 -36.182368 -39.070812 -43.929482 -48.045283 -51.398426 -52.100763 -57.284516 -56.395602 -54.043572 -59.692159 -55.481358 -57.496651 -54.684293 -54.990266 -58.088887 -63.787418 -61.681044 -64.810634 -63.736779 -63.326024 -60.110643 -60.766720 -62.586671 -60.259838 -57.971206 -59.919360 -61.283732 -60.202946 -61.677918 -57.876250 -62.755974 -62.041432 -60.668683 -60.692246 -62.611976 -58.979749 -56.980231 
-20.125340 -19.658721 -31.236867 -41.563152 -45.035522 -43.717796 -42.002366 -41.380243 -55.991671 -53.262198 -50.059498 -47.615719 -51.210111 -55.905464 -53.296039 -52.402210 -47.473670 -46.193813 -52.475599 -53.936376 -54.042723 -55.419659 -51.813854 -55.639681 -58.247870 -57.106432 -55.329937 -53.735904 -54.069722 -54.624622 -53.988577 -53.027518 -54.649132 -58.238093 -57.671699 -55.030601 -55.413692 -57.674957 -53.375016 -52.276414 
-18.117670 -19.674312 -31.723804 -38.660419 -48.152284 -39.869360 -36.766808 -39.672104 -53.605190 -44.032935 -48.486011 -42.780514 -50.037735 -43.176694 -43.457998 -47.211698 -44.907668 -44.176378 -42.700572 -41.926166 -48.753091 -46.774432 -46.165951 -45.132301 -47.055294 -44.113380 -43.329780 -39.007541 -37.815828 -40.245433 -38.585524 -40.303108 -41.249883 -43.048367 -44.532923 -44.775638 -42.480403 -39.472401 -46.313105 -46.205471 
-18.379488 -19.361696 -27.919234 -41.744981 -41.327896 -44.045880 -31.472351 -33.704476 -51.028849 -49.294278 -59.427847 -48.996293 -49.953636 -35.925098 -45.483503 -46.469975 -46.301349 -34.694702 -31.324986 -38.717357 -52.589848 -52.597935 -40.510330 -39.292002 -43.088609 -35.438796 -30.004516 -27.534044 -26.875725 -25.148519 -25.906171 -25.481479 -28.293910 -31.635466 -34.483610 -33.907219 -32.031686 -31.875527 -34.089244 -36.906211 
-20.791088 -25.453749 -33.829416 -49.691663 -52.370282 -43.381928 -31.968492 -37.528476 -56.100234 -57.407405 -54.293716 -50.121038 -40.310432 -32.273504 -43.975217 -54.191963 -53.996537 -41.129586 -31.066690 -36.734452 -57.351729 -54.810174 -33.294897 -37.080753 -42.580590 -33.472818 -28.615943 -21.399876 -16.253204 -20.439624 -17.904384 -19.359830 -22.634506 -23.042254 -24.573200 -28.399310 -23.928780 -20.398722 -21.619736 -29.938044 
-18.815162 -21.552927 -36.634061 -49.011841 -56.073128 -44.200336 -32.395794 -40.345525 -62.587438 -65.092585 -61.949118 -51.352084 -30.120524 -31.816537 -47.053013 -61.242351 -62.063653 -45.313275 -36.882661 -38.357967 -59.569377 -57.752060 -32.050130 -37.396383 -43.491504 -29.622212 -22.613238 -14.606039 -13.781992 -14.794952 -13.931513 -10.145604 -14.832703 -13.941830 -19.355721 -20.112925 -12.294704 -11.976894 -14.213312 -20.150375 
-17.552164 -16.461997 -28.070445 -48.027958 -50.578373 -45.567220 -37.357772 -45.464917 -54.779737 -47.887976 -46.484729 -44.814247 -25.790923 -30.779620 -48.056585 -49.920933 -48.257797 -48.951759 -43.949701 -43.318709 -48.500214 -47.365684 -37.463911 -41.848486 -44.544459 -26.737460 -23.689975 -17.602312 -10.864540 -10.787932 -12.435540 -8.118632 -10.113823 -6.682715 -11.508182 -14.502194 -7.295231 -6.857695 -7.475831 -14.202056 
-21.098996 -17.526702 -25.727517 -40.192458 -40.895816 -34.866011 -36.399592 -42.463240 -41.273105 -35.746022 -37.228744 -38.928807 -24.938420 -31.677839 -39.384332 -36.986721 -38.334802 -33.611190 -30.130690 -34.786733 -38.765162 -39.595499 -36.965713 -32.964636 -40.009134 -22.711254 -16.087429 -9.902848 -6.674675 -9.443044 -7.809748 -6.971114 -6.764458 -3.788432 -4.235996 -8.921200 -5.069780 -4.193998 -7.041920 -11.212948 
-22.969014 -21.035904 -29.170917 -38.985705 -38.431204 -27.933202 -33.267972 -34.268361 -34.647508 -28.592734 -31.818707 -34.362311 -29.448591 -33.553406 -32.474966 -29.750767 -32.826031 -28.392038 -24.597140 -29.508101 -34.024822 -34.337533 -31.217849 -25.382452 -36.658872 -25.662239 -18.937694 -8.866277 -7.404692 -8.299341 -5.080697 -6.541315 -3.703637 -2.630567 -6.827026 -6.312583 -0.601452 -1.165578 -2.035473 -7.522009 
-13.782748 -19.275355 -34.085391 -37.216937 -36.567759 -33.504026 -33.372660 -34.881534 -27.456556 -28.712140 -32.478284 -32.799139 -25.885041 -32.067407 -29.505784 -25.682692 -31.948324 -28.411987 -23.223959 -29.953735 -33.486645 -31.553789 -28.283999 -21.125689 -31.231648 -22.772904 -25.825989 -10.583899 -6.085183 -6.544593 -0.965797 -1.416367 -2.322180 -1.363534 -2.141468 -2.680308 1.372503 -0.112280 -0.893171 -4.242323 
-13.219812 -15.752153 -28.038658 -31.944395 -38.428247 -36.783378 -38.001866 -30.885834 -31.472787 -31.761744 -32.584645 -33.610628 -34.630625 -34.030065 -29.886262 -31.086723 -35.473487 -33.598447 -25.657143 -27.165313 -33.269235 -33.160403 -30.276802 -25.952694 -29.174814 -17.634341 -17.858648 -9.993658 -6.706857 -8.678153 -3.398161 0.551045 -2.010135 -0.641610 1.618746 -1.627316 1.214335 -0.925690 1.236706 -1.966325 
-21.236753 -19.992499 -29.025121 -44.472356 -36.482198 -38.121760 -33.472821 -33.797562 -31.643836 -34.639663 -34.004536 -36.606750 -35.663062 -29.588278 -34.038978 -28.579662 -30.577928 -35.190389 -29.661944 -26.131307 -27.305664 -27.154394 -32.964907 -28.534501 -22.423838 -18.042387 -15.556965 -10.020201 -10.607240 -8.898775 -3.058779 2.063919 1.565972 1.717861 -0.911541 -3.132033 -0.453029 1.053718 4.434804 -2.441419 
-24.950716 -27.905474 -33.469166 -34.790545 -32.734977 -32.571035 -31.842553 -29.614604 -26.285073 -30.096566 -30.269935 -32.676689 -30.206191 -32.129459 -27.570632 -25.883526 -27.329107 -32.046472 -22.536077 -21.544592 -29.364731 -29.745398 -26.058837 -23.141414 -22.478652 -16.649881 -12.804224 -7.099140 -3.218834 -1.330055 -0.306482 1.336167 2.726479 4.208108 -1.006813 1.011184 5.622006 4.085969 3.464685 -1.628949 
-22.911260 -24.014367 -35.969629 -39.451335 -31.372369 -32.132388 -38.681353 -31.025234 -27.705728 -33.365518 -36.029638 -33.792903 -28.009936 -25.994000 -24.026518 -28.887802 -35.575793 -28.729526 -16.739196 -23.133245 -29.043212 -26.049176 -21.093110 -13.462683 -16.724429 -13.616645 -12.976808 -7.228442 -0.973577 -1.446597 0.335716 1.568247 2.428429 1.844751 -0.967704 2.626696 6.593538 2.452163 0.709354 0.781298 
-23.258768 -26.280670 -35.501221 -26.817123 -28.339197 -24.355940 -21.091061 -23.154591 -21.526875 -24.869063 -32.106244 -25.949937 -20.926220 -22.215665 -25.137703 -27.640022 -23.013525 -30.975846 -17.612495 -18.919486 -25.854570 -24.887594 -18.370753 -15.701090 -18.731334 -12.636587 -9.820399 -5.403562 -0.754562 -0.265935 0.083371 0.727419 -1.782675 0.364364 0.209958 1.137341 5.175998 0.549223 -0.197815 -1.828255 
-25.100879 -23.306220 -19.938951 -20.022168 -17.828927 -20.015625 -16.995823 -19.498267 -19.973459 -19.849992 -19.112220 -17.371619 -16.203269 -19.086139 -17.183347 -21.755506 -21.927897 -21.128272 -14.284580 -15.024589 -15.970165 -18.029328 -15.082532 -3.401971 -12.114455 -9.943685 -10.650346 -3.164307 2.856243 1.862185 -0.720456 -2.433939 -3.013033 -2.358138 -1.634132 -0.753027 4.929182 -0.652761 -0.319081 -2.715402 
-16.672763 -9.150072 -10.571868 -16.525276 -11.803787 -20.728694 -14.628369 -14.829808 -18.189003 -20.151552 -20.016705 -15.239676 -14.809872 -18.241350 -18.838962 -21.951760 -18.305151 -15.903832 -12.359019 -16.980555 -14.588747 -17.675855 -13.541140 -1.115091 -11.801776 -15.930201 -13.875687 -5.255191 -3.454120 -9.014247 -6.688539 -5.726870 -3.584087 -5.982009 -8.226020 -7.687895 -4.798714 -6.783197 -4.728592 -6.034380 
0.161026 13.312075 18.951089 18.229793 11.246277 11.187850 14.714160 8.358748 5.609472 0.394270 -4.373075 -2.089154 -8.437379 -5.872628 -7.996312 -8.489660 -5.259526 -3.376507 -6.141988 -7.129498 -7.768314 -7.800627 -12.708835 -9.738697 -20.030822 -19.903507 -16.232207 -11.216841 -9.065388 -12.468304 -11.227179 -10.653960 -11.562994 -12.203675 -11.682468 -12.853534 -12.191738 -10.454862 -9.093644 -15.100149 
2.177247 18.192293 25.579832 19.452930 20.577023 21.860147 23.430766 26.372187 15.589892 12.767430 4.083492 3.779065 5.763321 3.282189 1.955393 2.095450 7.876432 13.022661 2.356329 2.169205 5.531054 1.402624 -8.163207 -11.830255 -21.467742 -18.434818 -4.406891 -4.362689 -9.423956 -10.672302 -15.402050 -17.055023 -18.151593 -19.278447 -17.145033 -18.600090 -18.810267 -17.493720 -16.401243 -21.895827 
2.422589 17.810833 23.973348 15.509012 21.762929 19.088053 22.285339 27.041964 21.650067 16.886763 5.134285 3.523452 5.663956 4.890108 2.587850 4.841180 11.084410 14.805253 1.632344 2.483125 4.544557 -3.520143 -12.613801 -15.154813 -24.002507 -17.182171 -7.392096 -8.537840 -14.513133 -12.617475 -21.081846 -25.610413 -25.577867 -30.513071 -31.001798 -34.378950 -25.290262 -23.633286 -35.087392 -33.917976 
-1.612433 17.494154 22.642965 15.120997 22.287830 18.571083 22.306934 20.909738 23.281509 15.800106 2.993481 5.239712 5.590684 6.130989 5.759034 7.091612 14.629543 14.373178 8.238338 7.867745 5.087910 -6.029173 -16.598480 -21.442438 -23.482895 -17.552266 -6.486512 -9.312152 -13.812471 -15.408155 -22.319762 -29.015458 -29.450695 -29.529184 -30.830374 -31.770815 -24.096405 -20.959715 -32.128389 -30.628834 
-0.553001 17.028245 21.995914 13.060065 22.193779 18.244754 21.778549 18.851020 23.728841 15.323163 -0.206199 5.796862 5.611682 5.994507 5.127862 7.168399 15.810860 14.503413 9.853246 10.099164 4.441227 -7.619873 -18.539816 -20.064171 -20.010225 -16.493374 -9.915655 -12.136545 -18.085399 -19.577015 -23.201718 -26.449965 -26.930179 -27.692999 -28.426608 -28.695461 -22.847933 -20.547910 -28.245024 -29.034545 
0.252569 17.275932 21.856569 14.455195 22.261148 17.604824 22.154056 19.371668 23.311845 13.645726 0.301381 4.877758 5.161551 6.029608 4.711187 7.488791 15.460702 14.802291 9.016160 11.715418 3.203437 -12.590190 -15.601189 -21.357450 -20.913605 -15.383434 -7.365714 -12.626259 -18.210607 -21.058927 -24.913812 -29.248306 -28.915247 -30.508860 -31.806541 -32.299662 -22.489458 -20.184751 -30.360773 -31.735311 
-1.144257 17.389062 22.198841 15.527561 22.669375 17.912028 22.184632 19.220255 22.544575 13.455480 0.905357 3.085785 4.129881 4.857542 3.661681 6.005802 14.938971 14.667407 9.893686 10.942945 1.221533 -16.553699 -17.770842 -23.799228 -26.952796 -16.747378 -6.788622 -12.725050 -19.134014 -22.065558 -24.895999 -36.140203 -33.192977 -37.766311 -44.418833 -45.221636 -24.311082 -23.296557 -34.693271 -36.442578 
-1.269628 17.468727 22.307664 14.045507 22.331640 17.743479 22.486493 18.560166 20.147533 11.076237 2.211058 3.232189 2.513301 2.829781 1.950260 5.458427 14.518871 13.971087 8.809867 8.700344 0.740946 -16.417423 -20.376205 -26.338125 -23.607285 -13.347251 -10.694482 -17.173170 -22.160734 -23.383852 -23.043629 -30.287431 -29.495710 -31.278182 -32.347746 -32.560268 -24.533243 -20.202107 -29.426913 -32.107664 
-0.081804 17.361927 21.935514 14.176269 21.873677 17.472511 21.974443 17.414314 17.742056 8.618495 2.626322 3.280301 0.575797 -2.611062 -0.570335 2.463701 9.932335 9.597239 5.006764 6.080927 -6.649717 -18.317143 -18.189585 -22.654282 -23.755122 -13.879742 -14.588358 -21.260486 -26.415860 -25.071023 -25.851428 -35.522769 -35.029858 -34.511315 -36.051565 -36.952311 -30.708844 -28.626076 -33.068769 -30.283868 
0.228044 18.063092 21.783951 14.672943 19.841546 16.395687 20.141282 14.122719 14.432702 6.260116 5.143679 3.020925 1.524684 -0.024316 0.276793 3.078671 8.358885 12.299222 3.445744 4.744067 -4.009255 -16.591333 -17.235016 -19.559944 -25.084039 -21.153955 -21.537496 -23.665611 -28.627173 -30.262262 -34.116963 -37.127712 -37.664441 -37.698657 -38.573078 -38.741844 -32.184991 -29.694786 -35.666975 -32.699434 
1.335411 18.507256 20.563409 13.221198 12.617881 10.353632 12.730434 8.960293 9.734543 2.829824 4.078506 -4.937552 -0.292769 0.082200 -0.980127 1.025661 1.994923 4.143058 -0.489294 -1.882682 -8.154866 -16.203892 -25.068399 -27.817897 -27.561006 -29.144931 -29.050512 -25.533966 -25.612305 -31.414541 -38.347530 -37.492185 -39.668423 -39.769521 -35.532083 -36.167260 -30.056214 -29.750109 -36.638296 -32.575494 
4.353031 17.044397 16.908748 6.148094 -8.318447 -1.235092 -2.624552 -2.556656 -8.223655 -3.513639 -9.837853 -11.469470 -12.635410 -9.643884 -9.675752 -8.272803 -6.592088 -10.343152 -13.750391 -17.478689 -18.196993 -21.161162 -31.972615 -33.393767 -31.167487 -28.586079 -25.827553 -29.181124 -26.671751 -33.398564 -38.605150 -36.612508 -33.887475 -28.868610 -30.261464 -30.381191 -26.963646 -25.813987 -26.362114 -26.390174 
0.396681 12.096354 9.747438 -1.292981 -7.048869 -10.761299 -5.351601 -8.969609 -16.212468 -17.665767 -12.441287 -17.754379 -19.303242 -21.229316 -22.189255 -22.545248 -20.238198 -19.208195 -23.606001 -20.028758 -22.883892 -24.732047 -25.756958 -28.937979 -30.008283 -25.643632 -24.812493 -29.196484 -23.123000 -27.988398 -33.629873 -33.421981 -27.139241 -24.340973 -26.036292 -26.285348 -20.935420 -20.862133 -21.357577 -24.057333 
-4.765634 1.338751 -1.064178 -12.267213 -15.860241 -16.394112 -10.177708 -11.500841 -17.882583 -26.816560 -22.688379 -21.625210 -20.180399 -18.972447 -20.872448 -18.315592 -22.583806 -19.412441 -19.851059 -23.306033 -21.740645 -24.222745 -23.734109 -22.673486 -24.499405 -19.926882 -19.396548 -16.894322 -22.319368 -25.229699 -27.030083 -27.495094 -20.826194 -19.799899 -22.252049 -23.657611 -20.750769 -17.489182 -19.707559 -19.011813 
-11.175951 -8.328380 -9.429179 -17.311795 -13.433737 -14.752897 -15.905937 -17.358673 -17.395265 -24.467254 -26.448017 -22.966741 -24.800789 -22.330586 -20.438378 -21.480895 -22.637733 -22.213571 -23.236281 -24.031173 -22.079215 -20.988848 -20.965798 -20.313524 -24.005741 -24.944230 -21.369518 -19.705781 -21.249426 -23.640125 -23.713878 -24.373372 -22.241951 -18.909592 -20.533659 -22.230501 -19.216368 -16.913049 -17.820381 -20.261274 
-14.205445 -12.267083 -14.279259 -21.478384 -24.013658 -19.389905 -15.542936 -20.284934 -33.535114 -31.328682 -29.812752 -28.097148 -27.479248 -35.763566 -28.594467 -22.671340 -18.562003 -19.652731 -26.569607 -25.826814 -21.224113 -25.529616 -24.042826 -23.404690 -22.056678 -32.171085 -19.866984 -15.077791 -19.563198 -27.795064 -27.268017 -25.178796 -21.340850 -23.482628 -24.604604 -20.910203 -18.580059 -21.029235 -18.825383 -22.880609 
-16.043556 -11.529806 -14.128262 -22.866510 -34.724773 -31.996385 -26.447436 -28.294937 -35.061228 -31.290151 -36.475027 -35.700682 -38.960521 -41.316928 -32.999229 -29.277191 -29.931286 -28.260759 -32.376786 -26.680202 -24.530239 -28.627748 -24.741390 -26.591033 -28.378901 -34.627063 -31.423975 -27.142699 -28.243211 -32.854924 -30.772448 -28.629732 -27.397500 -25.228352 -28.130737 -24.426525 -23.205484 -24.482336 -25.069456 -26.437749 
-18.182650 -21.637706 -34.305331 -36.682490 -34.920564 -41.675635 -36.109931 -36.744465 -40.584378 -34.769171 -40.945874 -41.013392 -41.264197 -44.737715 -37.480065 -35.335935 -35.611962 -38.313773 -42.444430 -39.227638 -40.066451 -37.711332 -38.688663 -37.115766 -33.028033 -38.820653 -37.178510 -33.034645 -35.198798 -36.938837 -37.519033 -34.939450 -37.896073 -34.294239 -38.108460 -33.159563 -27.774177 -29.539719 -29.004992 -33.317738 
-23.362849 -22.187682 -26.392656 -33.073117 -39.912412 -49.054679 -49.102076 -40.900061 -48.093713 -42.852058 -45.297305 -48.002948 -45.906072 -46.784082 -40.952700 -38.959201 -41.340908 -41.319962 -40.465879 -43.960787 -45.638558 -42.511488 -43.295333 -41.938287 -43.027952 -45.426943 -43.252990 -40.391828 -44.893634 -46.786144 -45.994924 -45.055505 -43.890744 -42.840263 -44.796746 -40.082857 -37.334831 -38.022410 -37.352742 -40.470823 
-19.577195 -24.140354 -35.006042 -45.159062 -44.323250 -51.513282 -49.961666 -46.420850 -46.180229 -42.538793 -54.193043 -48.263859 -46.507193 -52.352578 -49.722702 -46.380912 -47.355011 -44.748978 -39.508947 -46.147910 -52.226038 -48.709483 -50.633757 -52.243015 -55.758676 -46.812783 -52.704693 -54.892130 -56.164214 -58.104603 -57.512242 -54.503155 -51.367537 -48.203341 -50.988655 -49.401030 -46.725413 -47.205151 -46.958241 -49.893472 
-30.412342 -22.170572 -34.370126 -37.654927 -41.080386 -44.263800 -42.752492 -44.794548 -42.450541 -43.646028 -49.659084 -54.275196 -51.192257 -51.138596 -47.326656 -44.499964 -48.555729 -45.267607 -38.746608 -44.618697 -50.533743 -48.118655 -50.879141 -48.146932 -49.526190 -44.103206 -51.206287 -52.728931 -53.615875 -53.797378 -53.357657 -46.568826 -47.335885 -45.878895 -48.073475 -48.572832 -46.826039 -49.370715 -48.955749 -50.583396 
-17.738421 -20.660215 -35.288087 -40.359877 -41.873009 -43.088300 -43.096125 -36.541945 -42.077762 -47.208889 -38.449277 -38.109615 -37.314214 -39.453577 -42.894926 -43.907681 -46.050534 -45.000938 -43.048661 -42.513659 -47.381204 -47.685929 -43.046040 -41.149499 -43.339975 -47.185110 -48.309557 -44.377258 -47.830570 -47.790748 -49.483253 -45.423711 -44.482812 -40.664127 -43.669917 -43.203098 -44.237759 -45.122438 -42.814798 -47.859728 
-20.079979 -11.185672 -13.011540 -15.939331 -15.690019 -12.053420 -15.017375 -20.173588 -17.791771 -25.512893 -21.578436 -19.661747 -19.465040 -28.907250 -28.259620 -27.289828 -27.983638 -23.106936 -20.649500 -27.243863 -28.796775 -31.929811 -29.706982 -28.484996 -30.292121 -33.034740 -37.995086 -31.962715 -33.970386 -40.720718 -42.964008 -35.445569 -32.601403 -33.465793 -30.815689 -30.978700 -34.833116 -36.761629 -35.087870 -36.024499 
-0.334548 2.032771 0.754013 -7.689757 -12.625483 -3.265892 -3.641919 -6.792675 -6.559911 -9.179522 -17.175900 -16.245344 -11.170190 -20.048609 -15.684707 -13.653390 -20.149845 -18.389701 -18.692514 -19.166917 -23.654449 -24.767323 -23.169996 -22.975684 -24.925392 -28.088044 -31.323415 -26.851523 -28.090682 -35.598371 -38.810608 -33.181491 -28.240310 -31.228722 -31.601180 -27.471548 -31.938828 -32.437625 -30.094028 -32.427763 
6.812218 12.257594 14.906346 9.577423 -0.465190 5.594573 0.633403 1.392333 -3.814731 -4.334126 -9.306854 -8.043117 -9.715231 -7.158485 -8.527644 -11.732752 -20.418737 -25.585443 -29.497180 -27.498286 -26.446630 -24.433855 -25.462148 -32.428491 -34.748377 -33.999422 -29.333045 -27.574103 -33.654484 -38.451499 -41.847327 -39.986328 -39.278403 -38.809850 -39.023355 -37.373952 -38.218674 -34.937038 -38.247316 -40.511336 
4.161523 16.158690 15.906262 13.220783 12.637799 8.725232 8.051269 14.005191 9.784980 2.858782 0.957970 -0.881005 1.005624 6.574147 4.339423 -6.908247 -12.506071 -18.140348 -23.738787 -22.552019 -21.252294 -15.290407 -14.289491 -25.332174 -28.640065 -26.542111 -17.584866 -18.179436 -28.823934 -36.808718 -40.804082 -40.730912 -40.414809 -37.882336 -44.985657 -44.417763 -42.060240 -32.370404 -38.774202 -42.979016 
2.958026 16.708876 12.987076 13.491813 10.706580 5.115350 10.901419 18.788384 13.248060 3.870773 1.497810 -4.061991 1.736909 4.580933 5.448733 -3.794719 -12.361813 -17.697574 -20.723397 -22.807036 -23.396342 -13.250489 -8.718210 -20.169182 -25.816945 -24.487999 -17.791868 -17.831178 -28.394726 -35.828490 -37.958491 -40.144850 -43.932164 -42.772304 -48.217357 -47.640089 -48.389130 -38.689182 -42.374337 -46.394265 
4.883787 16.046508 11.148236 12.903035 9.270886 1.913970 11.791497 16.149953 12.787143 5.694789 -2.816532 -2.255650 1.196379 5.798539 6.467948 -4.565180 -11.840291 -14.597876 -17.884107 -20.414359 -17.869205 -10.907468 -8.117215 -16.411074 -21.006910 -23.109006 -17.202238 -20.995720 -29.731771 -33.598566 -34.096397 -35.101132 -39.349905 -38.515121 -39.889387 -40.353398 -40.530886 -36.689744 -38.047563 -40.651340 
4.623142 15.208128 10.844040 12.603324 7.922189 0.668669 9.451394 11.358531 12.595841 5.408133 -1.103801 -1.514579 2.108466 4.769782 6.889122 -4.641354 -10.957791 -14.130533 -18.733172 -17.643705 -16.857271 -11.595150 -8.393590 -16.332630 -20.078337 -22.599019 -14.050399 -18.727591 -27.536683 -33.318741 -34.287522 -33.225951 -40.600845 -40.826261 -46.711992 -48.964545 -47.225536 -38.041403 -40.232865 -43.626716 
4.823187 14.661555 10.571205 12.355943 6.636443 -0.814468 8.677689 10.773780 13.850916 5.812960 -0.626392 -1.934111 -0.084803 5.232033 7.849609 -1.874682 -11.253377 -14.652977 -18.684072 -19.196268 -17.746018 -9.383331 -6.717182 -16.901144 -23.260072 -20.273875 -14.520018 -16.845646 -25.510670 -31.755302 -35.439017 -37.380501 -41.782691 -43.142228 -50.386097 -68.136087 -53.732263 -35.425866 -41.687972 -48.537315 
4.734419 13.991142 10.475809 12.104943 4.807090 -1.230691 7.918808 10.017702 13.396504 7.747727 -1.864115 -0.607916 -1.914441 2.558229 7.859032 0.465187 -11.519704 -15.244576 -17.041214 -17.839072 -17.599597 -7.474792 -7.499510 -17.643479 -25.882156 -20.482439 -14.616705 -16.821694 -25.969929 -30.777829 -34.200341 -39.994473 -43.182352 -42.447291 -45.033853 -46.572684 -45.252354 -33.212904 -37.667403 -45.804915 
4.597043 13.387391 10.100209 11.392519 2.709806 -1.077533 7.245947 9.529988 11.884109 9.142008 -2.809720 -1.659880 -1.510702 -0.966578 6.182073 5.799695 -7.527644 -15.465045 -16.422200 -18.011920 -15.946674 -7.022429 -10.906162 -20.849172 -25.189655 -21.774881 -12.761751 -18.103204 -25.963487 -30.726367 -33.057341 -38.344270 -41.723264 -41.567628 -43.947896 -45.354165 -44.633463 -32.583225 -36.927417 -44.481887 
4.394247 12.281305 9.860900 11.119389 0.400873 -2.508855 6.587829 8.734764 11.072862 10.058349 -3.166865 -3.501980 -5.662170 -1.811127 2.110104 5.869579 -0.714156 -12.661573 -16.983482 -16.904745 -14.539982 -7.363251 -16.426895 -24.799977 -25.374113 -25.419630 -16.501914 -21.160388 -30.599904 -40.045042 -38.558449 -42.034245 -43.790176 -46.897888 -50.121712 -53.261546 -51.612974 -37.159865 -40.650326 -49.003192 
3.473579 11.291497 9.478407 10.214263 -1.039549 -0.100399 4.979981 7.026641 10.575746 8.084886 -4.748211 -4.830617 -8.002793 -8.415177 -6.325705 2.996850 1.686737 -11.581392 -14.884922 -19.561520 -17.063586 -10.164108 -16.821971 -26.559434 -25.832375 -26.791917 -23.161963 -26.325245 -33.732561 -38.489341 -38.892218 -41.987478 -42.434841 -43.781263 -44.853289 -45.908903 -46.034554 -37.356191 -40.499116 -45.400295 
4.436900 10.368132 9.002654 9.144185 -2.123759 -2.046466 3.722739 6.267627 10.061208 2.504959 -7.382183 -7.688223 -7.746295 -8.934680 -7.011224 -0.397361 3.152247 -6.322352 -12.950113 -15.530886 -13.647811 -10.856090 -20.620408 -29.120810 -34.684942 -29.106101 -23.341067 -29.354827 -37.590087 -38.390640 -41.970132 -43.490178 -44.058283 -45.316055 -46.144167 -46.682849 -46.554798 -41.561273 -44.878017 -45.416982 
4.044350 10.338302 8.839695 8.019479 -2.047587 -0.962912 2.876867 4.254554 9.014230 1.643703 -8.175289 -9.929905 -14.528212 -14.445726 -12.808206 -5.570270 0.757125 -2.101905 -13.213178 -11.592086 -11.907083 -18.118838 -25.770898 -29.317881 -34.067959 -30.801490 -23.545821 -30.611393 -40.877578 -42.069327 -42.561033 -46.633887 -46.766561 -49.931806 -51.347542 -52.741360 -52.732799 -44.097273 -47.236843 -46.644733 
2.633148 9.415827 8.286887 7.083991 -3.617999 -1.078645 2.945983 5.109549 7.726520 -0.850212 -7.852512 -9.568700 -11.758683 -17.171554 -13.432846 -11.710771 -7.681902 -2.707049 -9.627004 -11.425508 -10.817009 -15.805234 -23.330657 -27.680155 -30.665197 -33.028834 -29.071386 -36.065267 -43.485178 -44.511928 -45.724077 -49.226626 -46.578405 -51.396150 -53.236832 -54.312127 -54.109526 -40.916484 -46.147275 -47.576172 
2.095422 9.021934 8.090094 6.414489 -5.524232 -0.747704 2.759855 3.465672 3.068316 -3.564899 -8.656112 -11.574402 -11.727054 -15.422631 -15.598398 -13.731256 -11.055120 -3.542368 -10.306509 -12.841859 -11.999340 -22.084354 -29.560026 -35.058370 -40.769251 -33.503076 -37.196340 -43.935085 -45.266205 -44.643954 -45.334295 -48.006928 -48.266620 -53.275619 -55.045485 -55.790891 -54.724154 -42.513479 -48.841169 -45.671363 
1.679295 8.200269 6.740670 5.155633 -11.437119 -1.453898 2.364377 2.641080 -2.149904 -9.215194 -12.538337 -16.785530 -15.322886 -18.978661 -18.708330 -21.118181 -16.910694 -8.056586 -3.791233 -9.816116 -13.119194 -21.960127 -26.428918 -32.985668 -35.422864 -30.507886 -38.777930 -46.993076 -50.672244 -48.454263 -49.447130 -49.836575 -48.444308 -52.700197 -56.728759 -56.843514 -58.055838 -40.523500 -47.633223 -46.296401 
1.236758 7.368369 5.366692 3.847365 -7.237103 -1.214781 1.274622 4.095699 -6.440927 -13.461415 -17.390273 -20.335811 -22.845800 -21.186107 -23.359219 -18.954027 -19.627175 -6.990695 -8.410891 -9.505160 -12.054939 -21.562774 -34.291256 -37.866431 -37.197238 -34.024169 -43.598288 -46.120048 -47.458054 -47.377552 -48.936726 -48.720138 -48.271708 -50.212565 -50.991217 -51.665887 -51.837817 -45.103698 -48.965618 -47.978128 
0.510681 6.780695 4.082924 3.196978 -5.807773 -3.740361 1.169925 3.724368 -9.362616 -16.280144 -21.309244 -24.810857 -27.603940 -26.241062 -24.356440 -25.728255 -24.486735 -16.708642 -13.173580 -14.809163 -18.145129 -26.707679 -32.358781 -33.691282 -36.114482 -44.256978 -50.899091 -51.375702 -53.598420 -52.478889 -55.843276 -55.768815 -53.127886 -56.068885 -56.660114 -57.305052 -59.033480 -54.522066 -57.259310 -50.579533 
-1.226976 5.007897 2.110726 2.165078 -5.447024 -4.809499 -2.414705 -1.726655 -15.217873 -22.682390 -23.695169 -27.056606 -26.483769 -25.279573 -27.046361 -26.551625 -23.144217 -16.672649 -9.842032 -15.718785 -17.171995 -26.143431 -32.518345 -32.567639 -36.912231 -49.877986 -56.069776 -54.995902 -55.483299 -53.445166 -59.231060 -61.149478 -58.645004 -60.318845 -60.445801 -62.273744 -62.331569 -56.987517 -59.427189 -51.589452 
-4.805081 2.870312 -0.101689 -2.760865 -11.032362 -15.328836 -15.872886 -13.228817 -23.497518 -32.502107 -29.658623 -30.525385 -31.186460 -35.188688 -37.922591 -34.686759 -30.329934 -22.633969 -19.517952 -29.792293 -24.666728 -31.862547 -45.009565 -36.410993 -46.791105 -56.109586 -59.800511 -59.365792 -59.544032 -59.051773 -66.764236 -65.299005 -64.199032 -66.015381 -64.499352 -69.722799 -66.759815 -61.680096 -65.336177 -61.850715 
-8.753353 1.272636 -1.027224 -5.659156 -13.086067 -15.770224 -18.888280 -21.227693 -29.870116 -35.130551 -35.662975 -35.652085 -37.819172 -39.468793 -41.212237 -42.541296 -36.378751 -33.084650 -30.719966 -35.851026 -37.532199 -41.025504 -45.490107 -45.695863 -48.025128 -49.568036 -50.298621 -50.853858 -51.351320 -52.211107 -52.608985 -53.118197 -53.348521 -54.071924 -54.457682 -54.829585 -55.130925 -55.656119 -55.550316 -55.518620 
-12.827173 -0.702621 -0.653126 -8.448689 -15.671169 -20.112086 -25.224557 -24.594809 -34.570088 -42.039211 -35.693262 -43.134849 -45.645540 -46.375817 -47.452486 -47.051980 -39.361054 -34.152699 -33.389693 -37.541303 -47.984227 -46.726933 -52.932512 -50.326648 -53.475144 -56.450351 -57.358764 -58.195095 -58.351402 -59.048587 -59.381092 -59.551299 -59.235833 -60.377062 -60.036928 -60.170300 -60.444343 -61.048898 -61.995472 -61.474038 
-16.258749 -4.616618 -4.859533 -19.007794 -22.374530 -33.868068 -37.526181 -31.507814 -33.392446 -36.888120 -43.220146 -49.887618 -54.980534 -52.010543 -54.046137 -52.883537 -47.434820 -46.814154 -41.727464 -37.796985 -45.785471 -46.744311 -55.932467 -57.173912 -60.828923 -64.027999 -63.086786 -62.519805 -63.569219 -64.202042 -63.740499 -65.979585 -64.237947 -63.374405 -65.146186 -63.882844 -64.175084 -66.451194 -68.015471 -67.115112 
-21.558949 -11.412583 -12.761853 -23.602678 -31.325197 -38.469138 -35.560739 -40.323067 -44.826685 -45.180661 -49.068415 -51.569002 -51.156485 -52.828532 -55.418489 -56.115875 -53.265888 -48.288810 -44.915781 -41.401038 -48.700429 -45.796594 -55.399739 -62.969511 -63.481906 -63.488088 -60.918795 -62.302018 -63.737985 -62.672094 -63.360363 -67.803519 -65.947742 -62.713683 -65.218198 -64.376998 -64.356130 -67.735673 -66.822855 -63.550800 
-17.114330 -17.582524 -15.032390 -16.209644 -17.295947 -19.548310 -20.468587 -20.383363 -23.749403 -25.641542 -27.150920 -26.913405 -27.131094 -28.457411 -29.069765 -29.518991 -30.688781 -27.986795 -30.701674 -35.981309 -37.346756 -35.773068 -40.888793 -42.056591 -49.530217 -55.641519 -52.570435 -48.411830 -47.401657 -52.701085 -56.936908 -54.580618 -58.376158 -58.530415 -55.534734 -50.003562 -50.392190 -48.552582 -51.811631 -55.426177 
-10.619419 -12.091681 -13.460882 -12.855086 -17.071168 -20.405626 -21.495910 -19.575695 -26.278463 -28.445468 -29.716909 -28.678385 -28.903903 -30.606172 -31.400294 -31.083186 -33.902830 -25.918189 -30.496012 -37.728851 -38.461138 -35.000518 -35.331963 -37.733731 -46.347887 -52.622782 -51.391298 -50.132588 -49.116763 -55.212804 -58.717718 -56.225282 -57.357241 -59.695186 -58.517973 -51.744815 -49.140916 -47.356930 -53.453585 -56.491821 
-13.004346 -16.967426 -31.114527 -25.598962 -26.203389 -32.329731 -31.381258 -35.192427 -43.946866 -46.037495 -39.701847 -38.663501 -43.352874 -46.006972 -43.444091 -48.263659 -52.411710 -37.784850 -35.431977 -38.050410 -45.524638 -47.890633 -44.322777 -48.198028 -56.850201 -60.734699 -61.637090 -63.586743 -61.108972 -60.735750 -63.317801 -61.961829 -62.881886 -65.031386 -66.490189 -64.909565 -61.426837 -63.591904 -63.591159 -66.271888 
-19.234537 -25.926311 -34.032597 -31.671252 -38.107000 -42.072300 -41.243937 -35.382015 -43.001783 -42.121068 -45.071228 -45.014828 -47.758104 -44.051680 -45.483129 -52.649097 -45.305053 -36.148543 -38.095651 -43.433568 -46.558181 -46.736080 -47.501318 -52.325188 -59.514025 -58.268449 -60.000125 -61.304677 -66.040565 -61.793647 -67.428671 -67.636473 -64.137258 -69.535139 -69.826240 -67.483344 -63.886956 -73.077110 -68.392407 -68.825375 
-22.745679 -29.853385 -34.117276 -29.697058 -32.818413 -36.973268 -38.713845 -43.185503 -40.786455 -45.270749 -46.083681 -39.540323 -42.302438 -46.437790 -48.500354 -49.253381 -44.713199 -41.481209 -35.821232 -42.695856 -47.303664 -48.321444 -51.576283 -58.614220 -61.917906 -58.453179 -63.099212 -60.774600 -63.970230 -65.313327 -69.056503 -66.072184 -62.585054 -69.877882 -73.332314 -69.724049 -65.004818 -73.297746 -69.643978 -67.120473 
-24.380946 -27.831002 -37.205262 -32.379214 -31.617430 -36.780697 -43.066532 -40.513194 -42.430036 -47.383814 -52.250762 -49.845510 -50.784349 -53.643738 -50.207228 -50.774385 -47.795131 -40.121462 -37.339888 -43.813422 -49.710692 -54.557734 -48.843854 -53.018404 -59.145716 -58.140033 -61.702763 -57.041281 -59.257415 -63.509232 -63.260795 -59.107917 -62.982677 -67.778212 -75.401885 -70.878693 -69.034314 -75.516989 -71.402150 -64.967173 
-44.328028 -45.178901 -49.586528 -51.316173 -54.246907 -61.620363 -60.104897 -58.093011 -64.698961 -60.599075 -63.513153 -63.234088 -65.729673 -64.425042 -59.675462 -64.335827 -62.772392 -57.382995 -54.481662 -60.908830 -62.923542 -62.128694 -63.365257 -63.758261 -69.626289 -72.649043 -70.391669 -71.144598 -68.404400 -67.452820 -67.868369 -69.357323 -71.636707 -70.270381 -73.809651 -72.617109 -73.879438 -74.922320 -71.107087 -69.177634 
-58.745177 -69.000384 -66.790366 -66.498495 -69.561860 -69.480256 -70.385573 -73.458382 -72.839842 -68.015529 -68.561951 -72.986002 -68.870381 -70.559889 -71.044506 -75.588512 -73.207651 -80.113215 -73.033970 -73.809596 -74.147914 -67.714758 -68.860344 -68.429625 -71.646849 -75.567087 -74.219235 -72.706930 -71.703042 -74.723444 -75.626274 -71.718005 -71.413070 -70.640072 -74.674572 -73.419626 -71.395356 -72.992082 -71.901196 -73.409504 
-58.274059 -71.877324 -72.392322 -75.064997 -72.426194 -73.556621 -73.504351 -73.229086 -80.080698 -72.728270 -74.596140 -75.766553 -71.016895 -72.589235 -73.061430 -73.656149 -72.743569 -70.916375 -72.143718 -77.786076 -72.194540 -72.646781 -71.762599 -70.918920 -73.541002 -76.011746 -76.234051 -74.800084 -73.710584 -74.733595 -73.971606 -72.714869 -73.801142 -75.727185 -71.479798 -73.653243 -72.260978 -72.588424 -73.705834 -75.886521 
-57.460488 -70.877055 -78.918959 -76.518943 -72.349778 -73.905676 -76.215332 -76.396465 -82.655234 -77.098929 -74.203624 -78.991807 -75.787371 -74.710850 -75.804154 -74.068342 -74.371535 -70.986608 -73.204096 -73.655803 -72.435708 -76.409280 -77.616533 -77.492699 -78.448953 -76.185592 -74.198183 -75.157191 -73.542518 -73.390712 -71.265897 -75.054031 -74.952767 -77.266169 -77.700303 -74.720484 -75.648439 -74.769183 -76.216669 -76.427974 
-59.712554 -73.730139 -72.348770 -68.881811 -73.939187 -74.194150 -70.474363 -67.995496 -77.523109 -80.724457 -77.015497 -75.164094 -72.296105 -72.811859 -75.397515 -75.203777 -74.146743 -73.936259 -75.754185 -78.639681 -72.612860 -74.928342 -82.974545 -74.957638 -74.523262 -76.406479 -75.345077 -74.420467 -72.316767 -73.537312 -76.157924 -75.987367 -73.175720 -75.399158 -77.893658 -74.685741 -75.219243 -75.174267 -72.790024 -76.180274 
-58.584695 -80.516499 -83.621109 -74.163352 -73.636030 -71.532441 -72.850609 -71.285357 -75.248097 -74.083946 -79.357023 -76.821955 -72.839283 -73.802172 -70.382588 -70.695790 -69.008512 -70.225713 -70.876374 -72.380215 -73.005403 -70.316040 -79.806973 -76.580119 -74.411979 -74.844195 -75.789462 -73.363960 -77.076306 -74.533853 -73.789817 -72.977493 -77.167463 -77.283966 -74.967256 -73.846011 -71.071480 -73.545945 -72.854553 -73.319479 
-56.710901 -82.737505 -77.257007 -71.970979 -73.591507 -80.762320 -76.270746 -71.290775 -68.174068 -70.675788 -74.823898 -77.324887 -78.114348 -75.620087 -70.978496 -72.009610 -69.605333 -72.775472 -74.922744 -74.043951 -73.531797 -72.422545 -74.426143 -74.096389 -76.441679 -72.524599 -72.399961 -72.472121 -74.507776 -76.917407 -73.689395 -74.550395 -78.590955 -73.465513 -73.992898 -73.510535 -74.941392 -77.506237 -75.718341 -77.627432 
-55.447165 -74.395019 -74.448542 -72.073081 -71.668325 -69.787570 -73.304509 -75.884134 -71.363984 -67.791225 -71.710185 -76.670821 -72.978610 -74.003578 -73.131090 -69.407353 -71.426218 -75.387249 -79.219686 -75.832708 -77.886838 -78.220449 -75.630328 -72.395839 -77.139354 -74.206904 -78.928712 -76.309973 -71.980223 -73.955248 -74.173582 -76.036855 -77.706527 -73.876539 -70.773139 -72.390504 -75.397267 -77.766615 -73.012747 -74.682176 
-57.052759 -69.755614 -74.030184 -77.822812 -71.331513 -75.494997 -76.150685 -73.423594 -75.274376 -72.813052 -66.853781 -74.615781 -71.151328 -70.031318 -72.917057 -74.864897 -73.557471 -71.369043 -71.581163 -72.638153 -74.912341 -75.071944 -73.540099 -75.610439 -78.796593 -72.689552 -73.283298 -78.439792 -75.421302 -74.733590 -76.293949 -74.426499 -74.360103 -75.776954 -72.693142 -75.521869 -75.843513 -76.901552 -75.500873 -76.045773 
-57.279997 -62.557573 -67.508224 -70.632184 -74.768697 -84.219047 -77.280884 -72.824181 -74.116552 -86.258770 -79.620785 -77.327460 -80.427955 -80.284348 -75.826876 -77.023771 -76.968995 -76.576530 -82.607373 -78.383097 -75.875870 -72.222805 -76.900471 -76.605758 -77.785933 -79.636182 -74.627850 -78.322057 -73.735187 -80.575223 -77.843268 -74.020215 -76.303022 -76.798741 -78.038527 -77.285053 -76.882563 -77.781553 -76.902193 -80.087428 
-88.767854 -88.965254 -89.298987 -89.877180 -90.696203 -91.920162 -93.566082 -96.005244 -100.147528 -107.538376 -108.646312 -101.377950 -97.809119 -96.159890 -95.877532 -96.925402 -99.467296 -102.256679 -101.027150 -98.299964 -97.285950 -98.144300 -99.601388 -99.481947 -99.652006 -104.179916 -107.373418 -100.313697 -99.501071 -100.711697 -98.126565 -97.042287 -96.975623 -97.255099 -99.550119 -99.081464 -97.283132 -98.303909 -97.889124 -100.134500 
NaN NaN NaN NaN NaN NaN NaN NaN NaN NaN NaN NaN NaN NaN NaN NaN NaN NaN NaN NaN NaN NaN NaN NaN NaN NaN NaN NaN NaN NaN NaN NaN NaN NaN NaN NaN NaN NaN NaN NaN 
NaN NaN NaN NaN NaN NaN NaN NaN NaN NaN NaN NaN NaN NaN NaN NaN NaN NaN NaN NaN NaN NaN NaN NaN NaN NaN NaN NaN NaN NaN NaN NaN NaN NaN NaN NaN NaN NaN NaN NaN 
NaN NaN NaN NaN NaN NaN NaN NaN NaN NaN NaN NaN NaN NaN NaN NaN NaN NaN NaN NaN NaN NaN NaN NaN NaN NaN NaN NaN NaN NaN NaN NaN NaN NaN NaN NaN NaN NaN NaN NaN 
NaN NaN NaN NaN NaN NaN NaN NaN NaN NaN NaN NaN NaN NaN NaN NaN NaN NaN NaN NaN NaN NaN NaN NaN NaN NaN NaN NaN NaN NaN NaN NaN NaN NaN NaN NaN NaN NaN NaN NaN 
NaN NaN NaN NaN NaN NaN NaN NaN NaN NaN NaN NaN NaN NaN NaN NaN NaN NaN NaN NaN NaN NaN NaN NaN NaN NaN NaN NaN NaN NaN NaN NaN NaN NaN NaN NaN NaN NaN NaN NaN 
NaN NaN NaN NaN NaN NaN NaN NaN NaN NaN NaN NaN NaN NaN NaN NaN NaN NaN NaN NaN NaN NaN NaN NaN NaN NaN NaN NaN NaN NaN NaN NaN NaN NaN NaN NaN NaN NaN NaN NaN 
NaN NaN NaN NaN NaN NaN NaN NaN NaN NaN NaN NaN NaN NaN NaN NaN NaN NaN NaN NaN NaN NaN NaN NaN NaN NaN NaN NaN NaN NaN NaN NaN NaN NaN NaN NaN NaN NaN NaN NaN 
NaN NaN NaN NaN NaN NaN NaN NaN NaN NaN NaN NaN NaN NaN NaN NaN NaN NaN NaN NaN NaN NaN NaN NaN NaN NaN NaN NaN NaN NaN NaN NaN NaN NaN NaN NaN NaN NaN NaN NaN 
NaN NaN NaN NaN NaN NaN NaN NaN NaN NaN NaN NaN NaN NaN NaN NaN NaN NaN NaN NaN NaN NaN NaN NaN NaN NaN NaN NaN NaN NaN NaN NaN NaN NaN NaN NaN NaN NaN NaN NaN 
NaN NaN NaN NaN NaN NaN NaN NaN NaN NaN NaN NaN NaN NaN NaN NaN NaN NaN NaN NaN NaN NaN NaN NaN NaN NaN NaN NaN NaN NaN NaN NaN NaN NaN NaN NaN NaN NaN NaN NaN 
NaN NaN NaN NaN NaN NaN NaN NaN NaN NaN NaN NaN NaN NaN NaN NaN NaN NaN NaN NaN NaN NaN NaN NaN NaN NaN NaN NaN NaN NaN NaN NaN NaN NaN NaN NaN NaN NaN NaN NaN 
NaN NaN NaN NaN NaN NaN NaN NaN NaN NaN NaN NaN NaN NaN NaN NaN NaN NaN NaN NaN NaN NaN NaN NaN NaN NaN NaN NaN NaN NaN NaN NaN NaN NaN NaN NaN NaN NaN NaN NaN 
NaN NaN NaN NaN NaN NaN NaN NaN NaN NaN NaN NaN NaN NaN NaN NaN NaN NaN NaN NaN NaN NaN NaN NaN NaN NaN NaN NaN NaN NaN NaN NaN NaN NaN NaN NaN NaN NaN NaN NaN 
NaN NaN NaN NaN NaN NaN NaN NaN NaN NaN NaN NaN NaN NaN NaN NaN NaN NaN NaN NaN NaN NaN NaN NaN NaN NaN NaN NaN NaN NaN NaN NaN NaN NaN NaN NaN NaN NaN NaN NaN 
NaN NaN NaN NaN NaN NaN NaN NaN NaN NaN NaN NaN NaN NaN NaN NaN NaN NaN NaN NaN NaN NaN NaN NaN NaN NaN NaN NaN NaN NaN NaN NaN NaN NaN NaN NaN NaN NaN NaN NaN 
NaN NaN NaN NaN NaN NaN NaN NaN NaN NaN NaN NaN NaN NaN NaN NaN NaN NaN NaN NaN NaN NaN NaN NaN NaN NaN NaN NaN NaN NaN NaN NaN NaN NaN NaN NaN NaN NaN NaN NaN 
NaN NaN NaN NaN NaN NaN NaN NaN NaN NaN NaN NaN NaN NaN NaN NaN NaN NaN NaN NaN NaN NaN NaN NaN NaN NaN NaN NaN NaN NaN NaN NaN NaN NaN NaN NaN NaN NaN NaN NaN 
NaN NaN NaN NaN NaN NaN NaN NaN NaN NaN NaN NaN NaN NaN NaN NaN NaN NaN NaN NaN NaN NaN NaN NaN NaN NaN NaN NaN NaN NaN NaN NaN NaN NaN NaN NaN NaN NaN NaN NaN 
NaN NaN NaN NaN NaN NaN NaN NaN NaN NaN NaN NaN NaN NaN NaN NaN NaN NaN NaN NaN NaN NaN NaN NaN NaN NaN NaN NaN NaN NaN NaN NaN NaN NaN NaN NaN NaN NaN NaN NaN 
NaN NaN NaN NaN NaN NaN NaN NaN NaN NaN NaN NaN NaN NaN NaN NaN NaN NaN NaN NaN NaN NaN NaN NaN NaN NaN NaN NaN NaN NaN NaN NaN NaN NaN NaN NaN NaN NaN NaN NaN 
NaN NaN NaN NaN NaN NaN NaN NaN NaN NaN NaN NaN NaN NaN NaN NaN NaN NaN NaN NaN NaN NaN NaN NaN NaN NaN NaN NaN NaN NaN NaN NaN NaN NaN NaN NaN NaN NaN NaN NaN 
NaN NaN NaN NaN NaN NaN NaN NaN NaN NaN NaN NaN NaN NaN NaN NaN NaN NaN NaN NaN NaN NaN NaN NaN NaN NaN NaN NaN NaN NaN NaN NaN NaN NaN NaN NaN NaN NaN NaN NaN 
NaN NaN NaN NaN NaN NaN NaN NaN NaN NaN NaN NaN NaN NaN NaN NaN NaN NaN NaN NaN NaN NaN NaN NaN NaN NaN NaN NaN NaN NaN NaN NaN NaN NaN NaN NaN NaN NaN NaN NaN 
NaN NaN NaN NaN NaN NaN NaN NaN NaN NaN NaN NaN NaN NaN NaN NaN NaN NaN NaN NaN NaN NaN NaN NaN NaN NaN NaN NaN NaN NaN NaN NaN NaN NaN NaN NaN NaN NaN NaN NaN 
NaN NaN NaN NaN NaN NaN NaN NaN NaN NaN NaN NaN NaN NaN NaN NaN NaN NaN NaN NaN NaN NaN NaN NaN NaN NaN NaN NaN NaN NaN NaN NaN NaN NaN NaN NaN NaN NaN NaN NaN 
NaN NaN NaN NaN NaN NaN NaN NaN NaN NaN NaN NaN NaN NaN NaN NaN NaN NaN NaN NaN NaN NaN NaN NaN NaN NaN NaN NaN NaN NaN NaN NaN NaN NaN NaN NaN NaN NaN NaN NaN 
NaN NaN NaN NaN NaN NaN NaN NaN NaN NaN NaN NaN NaN NaN NaN NaN NaN NaN NaN NaN NaN NaN NaN NaN NaN NaN NaN NaN NaN NaN NaN NaN NaN NaN NaN NaN NaN NaN NaN NaN 
NaN NaN NaN NaN NaN NaN NaN NaN NaN NaN NaN NaN NaN NaN NaN NaN NaN NaN NaN NaN NaN NaN NaN NaN NaN NaN NaN NaN NaN NaN NaN NaN NaN NaN NaN NaN NaN NaN NaN NaN 
NaN NaN NaN NaN NaN NaN NaN NaN NaN NaN NaN NaN NaN NaN NaN NaN NaN NaN NaN NaN NaN NaN NaN NaN NaN NaN NaN NaN NaN NaN NaN NaN NaN NaN NaN NaN NaN NaN NaN NaN 
NaN NaN NaN NaN NaN NaN NaN NaN NaN NaN NaN NaN NaN NaN NaN NaN NaN NaN NaN NaN NaN NaN NaN NaN NaN NaN NaN NaN NaN NaN NaN NaN NaN NaN NaN NaN NaN NaN NaN NaN 
NaN NaN NaN NaN NaN NaN NaN NaN NaN NaN NaN NaN NaN NaN NaN NaN NaN NaN NaN NaN NaN NaN NaN NaN NaN NaN NaN NaN NaN NaN NaN NaN NaN NaN NaN NaN NaN NaN NaN NaN 
NaN NaN NaN NaN NaN NaN NaN NaN NaN NaN NaN NaN NaN NaN NaN NaN NaN NaN NaN NaN NaN NaN NaN NaN NaN NaN NaN NaN NaN NaN NaN NaN NaN NaN NaN NaN NaN NaN NaN NaN 
NaN NaN NaN NaN NaN NaN NaN NaN NaN NaN NaN NaN NaN NaN NaN NaN NaN NaN NaN NaN NaN NaN NaN NaN NaN NaN NaN NaN NaN NaN NaN NaN NaN NaN NaN NaN NaN NaN NaN NaN 
NaN NaN NaN NaN NaN NaN NaN NaN NaN NaN NaN NaN NaN NaN NaN NaN NaN NaN NaN NaN NaN NaN NaN NaN NaN NaN NaN NaN NaN NaN NaN NaN NaN NaN NaN NaN NaN NaN NaN NaN 
NaN NaN NaN NaN NaN NaN NaN NaN NaN NaN NaN NaN NaN NaN NaN NaN NaN NaN NaN NaN NaN NaN NaN NaN NaN NaN NaN NaN NaN NaN NaN NaN NaN NaN NaN NaN NaN NaN NaN NaN 
NaN NaN NaN NaN NaN NaN NaN NaN NaN NaN NaN NaN NaN NaN NaN NaN NaN NaN NaN NaN NaN NaN NaN NaN NaN NaN NaN NaN NaN NaN NaN NaN NaN NaN NaN NaN NaN NaN NaN NaN 
NaN NaN NaN NaN NaN NaN NaN NaN NaN NaN NaN NaN NaN NaN NaN NaN NaN NaN NaN NaN NaN NaN NaN NaN NaN NaN NaN NaN NaN NaN NaN NaN NaN NaN NaN NaN NaN NaN NaN NaN 
NaN NaN NaN NaN NaN NaN NaN NaN NaN NaN NaN NaN NaN NaN NaN NaN NaN NaN NaN NaN NaN NaN NaN NaN NaN NaN NaN NaN NaN NaN NaN NaN NaN NaN NaN NaN NaN NaN NaN NaN 
NaN NaN NaN NaN NaN NaN NaN NaN NaN NaN NaN NaN NaN NaN NaN NaN NaN NaN NaN NaN NaN NaN NaN NaN NaN NaN NaN NaN NaN NaN NaN NaN NaN NaN NaN NaN NaN NaN NaN NaN 
NaN NaN NaN NaN NaN NaN NaN NaN NaN NaN NaN NaN NaN NaN NaN NaN NaN NaN NaN NaN NaN NaN NaN NaN NaN NaN NaN NaN NaN NaN NaN NaN NaN NaN NaN NaN NaN NaN NaN NaN 
NaN NaN NaN NaN NaN NaN NaN NaN NaN NaN NaN NaN NaN NaN NaN NaN NaN NaN NaN NaN NaN NaN NaN NaN NaN NaN NaN NaN NaN NaN NaN NaN NaN NaN NaN NaN NaN NaN NaN NaN 
NaN NaN NaN NaN NaN NaN NaN NaN NaN NaN NaN NaN NaN NaN NaN NaN NaN NaN NaN NaN NaN NaN NaN NaN NaN NaN NaN NaN NaN NaN NaN NaN NaN NaN NaN NaN NaN NaN NaN NaN 
NaN NaN NaN NaN NaN NaN NaN NaN NaN NaN NaN NaN NaN NaN NaN NaN NaN NaN NaN NaN NaN NaN NaN NaN NaN NaN NaN NaN NaN NaN NaN NaN NaN NaN NaN NaN NaN NaN NaN NaN 
NaN NaN NaN NaN NaN NaN NaN NaN NaN NaN NaN NaN NaN NaN NaN NaN NaN NaN NaN NaN NaN NaN NaN NaN NaN NaN NaN NaN NaN NaN NaN NaN NaN NaN NaN NaN NaN NaN NaN NaN 
NaN NaN NaN NaN NaN NaN NaN NaN NaN NaN NaN NaN NaN NaN NaN NaN NaN NaN NaN NaN NaN NaN NaN NaN NaN NaN NaN NaN NaN NaN NaN NaN NaN NaN NaN NaN NaN NaN NaN NaN 
NaN NaN NaN NaN NaN NaN NaN NaN NaN NaN NaN NaN NaN NaN NaN NaN NaN NaN NaN NaN NaN NaN NaN NaN NaN NaN NaN NaN NaN NaN NaN NaN NaN NaN NaN NaN NaN NaN NaN NaN 
NaN NaN NaN NaN NaN NaN NaN NaN NaN NaN NaN NaN NaN NaN NaN NaN NaN NaN NaN NaN NaN NaN NaN NaN NaN NaN NaN NaN NaN NaN NaN NaN NaN NaN NaN NaN NaN NaN NaN NaN 
NaN NaN NaN NaN NaN NaN NaN NaN NaN NaN NaN NaN NaN NaN NaN NaN NaN NaN NaN NaN NaN NaN NaN NaN NaN NaN NaN NaN NaN NaN NaN NaN NaN NaN NaN NaN NaN NaN NaN NaN 
NaN NaN NaN NaN NaN NaN NaN NaN NaN NaN NaN NaN NaN NaN NaN NaN NaN NaN NaN NaN NaN NaN NaN NaN NaN NaN NaN NaN NaN NaN NaN NaN NaN NaN NaN NaN NaN NaN NaN NaN 
NaN NaN NaN NaN NaN NaN NaN NaN NaN NaN NaN NaN NaN NaN NaN NaN NaN NaN NaN NaN NaN NaN NaN NaN NaN NaN NaN NaN NaN NaN NaN NaN NaN NaN NaN NaN NaN NaN NaN NaN 
NaN NaN NaN NaN NaN NaN NaN NaN NaN NaN NaN NaN NaN NaN NaN NaN NaN NaN NaN NaN NaN NaN NaN NaN NaN NaN NaN NaN NaN NaN NaN NaN NaN NaN NaN NaN NaN NaN NaN NaN 
NaN NaN NaN NaN NaN NaN NaN NaN NaN NaN NaN NaN NaN NaN NaN NaN NaN NaN NaN NaN NaN NaN NaN NaN NaN NaN NaN NaN NaN NaN NaN NaN NaN NaN NaN NaN NaN NaN NaN NaN 
NaN NaN NaN NaN NaN NaN NaN NaN NaN NaN NaN NaN NaN NaN NaN NaN NaN NaN NaN NaN NaN NaN NaN NaN NaN NaN NaN NaN NaN NaN NaN NaN NaN NaN NaN NaN NaN NaN NaN NaN 
NaN NaN NaN NaN NaN NaN NaN NaN NaN NaN NaN NaN NaN NaN NaN NaN NaN NaN NaN NaN NaN NaN NaN NaN NaN NaN NaN NaN NaN NaN NaN NaN NaN NaN NaN NaN NaN NaN NaN NaN 
NaN NaN NaN NaN NaN NaN NaN NaN NaN NaN NaN NaN NaN NaN NaN NaN NaN NaN NaN NaN NaN NaN NaN NaN NaN NaN NaN NaN NaN NaN NaN NaN NaN NaN NaN NaN NaN NaN NaN NaN 
NaN NaN NaN NaN NaN NaN NaN NaN NaN NaN NaN NaN NaN NaN NaN NaN NaN NaN NaN NaN NaN NaN NaN NaN NaN NaN NaN NaN NaN NaN NaN NaN NaN NaN NaN NaN NaN NaN NaN NaN 
NaN NaN NaN NaN NaN NaN NaN NaN NaN NaN NaN NaN NaN NaN NaN NaN NaN NaN NaN NaN NaN NaN NaN NaN NaN NaN NaN NaN NaN NaN NaN NaN NaN NaN NaN NaN NaN NaN NaN NaN 
NaN NaN NaN NaN NaN NaN NaN NaN NaN NaN NaN NaN NaN NaN NaN NaN NaN NaN NaN NaN NaN NaN NaN NaN NaN NaN NaN NaN NaN NaN NaN NaN NaN NaN NaN NaN NaN NaN NaN NaN 
NaN NaN NaN NaN NaN NaN NaN NaN NaN NaN NaN NaN NaN NaN NaN NaN NaN NaN NaN NaN NaN NaN NaN NaN NaN NaN NaN NaN NaN NaN NaN NaN NaN NaN NaN NaN NaN NaN NaN NaN 
NaN NaN NaN NaN NaN NaN NaN NaN NaN NaN NaN NaN NaN NaN NaN NaN NaN NaN NaN NaN NaN NaN NaN NaN NaN NaN NaN NaN NaN NaN NaN NaN NaN NaN NaN NaN NaN NaN NaN NaN 
NaN NaN NaN NaN NaN NaN NaN NaN NaN NaN NaN NaN NaN NaN NaN NaN NaN NaN NaN NaN NaN NaN NaN NaN NaN NaN NaN NaN NaN NaN NaN NaN NaN NaN NaN NaN NaN NaN NaN NaN 
NaN NaN NaN NaN NaN NaN NaN NaN NaN NaN NaN NaN NaN NaN NaN NaN NaN NaN NaN NaN NaN NaN NaN NaN NaN NaN NaN NaN NaN NaN NaN NaN NaN NaN NaN NaN NaN NaN NaN NaN 
NaN NaN NaN NaN NaN NaN NaN NaN NaN NaN NaN NaN NaN NaN NaN NaN NaN NaN NaN NaN NaN NaN NaN NaN NaN NaN NaN NaN NaN NaN NaN NaN NaN NaN NaN NaN NaN NaN NaN NaN 
NaN NaN NaN NaN NaN NaN NaN NaN NaN NaN NaN NaN NaN NaN NaN NaN NaN NaN NaN NaN NaN NaN NaN NaN NaN NaN NaN NaN NaN NaN NaN NaN NaN NaN NaN NaN NaN NaN NaN NaN 
NaN NaN NaN NaN NaN NaN NaN NaN NaN NaN NaN NaN NaN NaN NaN NaN NaN NaN NaN NaN NaN NaN NaN NaN NaN NaN NaN NaN NaN NaN NaN NaN NaN NaN NaN NaN NaN NaN NaN NaN 
NaN NaN NaN NaN NaN NaN NaN NaN NaN NaN NaN NaN NaN NaN NaN NaN NaN NaN NaN NaN NaN NaN NaN NaN NaN NaN NaN NaN NaN NaN NaN NaN NaN NaN NaN NaN NaN NaN NaN NaN 
NaN NaN NaN NaN NaN NaN NaN NaN NaN NaN NaN NaN NaN NaN NaN NaN NaN NaN NaN NaN NaN NaN NaN NaN NaN NaN NaN NaN NaN NaN NaN NaN NaN NaN NaN NaN NaN NaN NaN NaN 
NaN NaN NaN NaN NaN NaN NaN NaN NaN NaN NaN NaN NaN NaN NaN NaN NaN NaN NaN NaN NaN NaN NaN NaN NaN NaN NaN NaN NaN NaN NaN NaN NaN NaN NaN NaN NaN NaN NaN NaN 
NaN NaN NaN NaN NaN NaN NaN NaN NaN NaN NaN NaN NaN NaN NaN NaN NaN NaN NaN NaN NaN NaN NaN NaN NaN NaN NaN NaN NaN NaN NaN NaN NaN NaN NaN NaN NaN NaN NaN NaN 
NaN NaN NaN NaN NaN NaN NaN NaN NaN NaN NaN NaN NaN NaN NaN NaN NaN NaN NaN NaN NaN NaN NaN NaN NaN NaN NaN NaN NaN NaN NaN NaN NaN NaN NaN NaN NaN NaN NaN NaN 
NaN NaN NaN NaN NaN NaN NaN NaN NaN NaN NaN NaN NaN NaN NaN NaN NaN NaN NaN NaN NaN NaN NaN NaN NaN NaN NaN NaN NaN NaN NaN NaN NaN NaN NaN NaN NaN NaN NaN NaN 
NaN NaN NaN NaN NaN NaN NaN NaN NaN NaN NaN NaN NaN NaN NaN NaN NaN NaN NaN NaN NaN NaN NaN NaN NaN NaN NaN NaN NaN NaN NaN NaN NaN NaN NaN NaN NaN NaN NaN NaN 
NaN NaN NaN NaN NaN NaN NaN NaN NaN NaN NaN NaN NaN NaN NaN NaN NaN NaN NaN NaN NaN NaN NaN NaN NaN NaN NaN NaN NaN NaN NaN NaN NaN NaN NaN NaN NaN NaN NaN NaN 
NaN NaN NaN NaN NaN NaN NaN NaN NaN NaN NaN NaN NaN NaN NaN NaN NaN NaN NaN NaN NaN NaN NaN NaN NaN NaN NaN NaN NaN NaN NaN NaN NaN NaN NaN NaN NaN NaN NaN NaN 
