NaN NaN NaN NaN NaN NaN NaN NaN NaN NaN NaN NaN NaN NaN NaN NaN NaN NaN NaN NaN NaN NaN NaN NaN NaN NaN NaN NaN NaN NaN NaN NaN NaN NaN NaN NaN NaN NaN NaN NaN 
NaN NaN NaN NaN NaN NaN NaN NaN NaN NaN NaN NaN NaN NaN NaN NaN NaN NaN NaN NaN NaN NaN NaN NaN NaN NaN NaN NaN NaN NaN NaN NaN NaN NaN NaN NaN NaN NaN NaN NaN 
NaN NaN NaN NaN NaN NaN NaN NaN NaN NaN NaN NaN NaN NaN NaN NaN NaN NaN NaN NaN NaN NaN NaN NaN NaN NaN NaN NaN NaN NaN NaN NaN NaN NaN NaN NaN NaN NaN NaN NaN 
NaN NaN NaN NaN NaN NaN NaN NaN NaN NaN NaN NaN NaN NaN NaN NaN NaN NaN NaN NaN NaN NaN NaN NaN NaN NaN NaN NaN NaN NaN NaN NaN NaN NaN NaN NaN NaN NaN NaN NaN 
NaN NaN NaN NaN NaN NaN NaN NaN NaN NaN NaN NaN NaN NaN NaN NaN NaN NaN NaN NaN NaN NaN NaN NaN NaN NaN NaN NaN NaN NaN NaN NaN NaN NaN NaN NaN NaN NaN NaN NaN 
NaN NaN NaN NaN NaN NaN NaN NaN NaN NaN NaN NaN NaN NaN NaN NaN NaN NaN NaN NaN NaN NaN NaN NaN NaN NaN NaN NaN NaN NaN NaN NaN NaN NaN NaN NaN NaN NaN NaN NaN 
NaN NaN NaN NaN NaN NaN NaN NaN NaN NaN NaN NaN NaN NaN NaN NaN NaN NaN NaN NaN NaN NaN NaN NaN NaN NaN NaN NaN NaN NaN NaN NaN NaN NaN NaN NaN NaN NaN NaN NaN 
NaN NaN NaN NaN NaN NaN NaN NaN NaN NaN NaN NaN NaN NaN NaN NaN NaN NaN NaN NaN NaN NaN NaN NaN NaN NaN NaN NaN NaN NaN NaN NaN NaN NaN NaN NaN NaN NaN NaN NaN 
NaN NaN NaN NaN NaN NaN NaN NaN NaN NaN NaN NaN NaN NaN NaN NaN NaN NaN NaN NaN NaN NaN NaN NaN NaN NaN NaN NaN NaN NaN NaN NaN NaN NaN NaN NaN NaN NaN NaN NaN 
NaN NaN NaN NaN NaN NaN NaN NaN NaN NaN NaN NaN NaN NaN NaN NaN NaN NaN NaN NaN NaN NaN NaN NaN NaN NaN NaN NaN NaN NaN NaN NaN NaN NaN NaN NaN NaN NaN NaN NaN 
NaN NaN NaN NaN NaN NaN NaN NaN NaN NaN NaN NaN NaN NaN NaN NaN NaN NaN NaN NaN NaN NaN NaN NaN NaN NaN NaN NaN NaN NaN NaN NaN NaN NaN NaN NaN NaN NaN NaN NaN 
NaN NaN NaN NaN NaN NaN NaN NaN NaN NaN NaN NaN NaN NaN NaN NaN NaN NaN NaN NaN NaN NaN NaN NaN NaN NaN NaN NaN NaN NaN NaN NaN NaN NaN NaN NaN NaN NaN NaN NaN 
NaN NaN NaN NaN NaN NaN NaN NaN NaN NaN NaN NaN NaN NaN NaN NaN NaN NaN NaN NaN NaN NaN NaN NaN NaN NaN NaN NaN NaN NaN NaN NaN NaN NaN NaN NaN NaN NaN NaN NaN 
NaN NaN NaN NaN NaN NaN NaN NaN NaN NaN NaN NaN NaN NaN NaN NaN NaN NaN NaN NaN NaN NaN NaN NaN NaN NaN NaN NaN NaN NaN NaN NaN NaN NaN NaN NaN NaN NaN NaN NaN 
NaN NaN NaN NaN NaN NaN NaN NaN NaN NaN NaN NaN NaN NaN NaN NaN NaN NaN NaN NaN NaN NaN NaN NaN NaN NaN NaN NaN NaN NaN NaN NaN NaN NaN NaN NaN NaN NaN NaN NaN 
NaN NaN NaN NaN NaN NaN NaN NaN NaN NaN NaN NaN NaN NaN NaN NaN NaN NaN NaN NaN NaN NaN NaN NaN NaN NaN NaN NaN NaN NaN NaN NaN NaN NaN NaN NaN NaN NaN NaN NaN 
NaN NaN NaN NaN NaN NaN NaN NaN NaN NaN NaN NaN NaN NaN NaN NaN NaN NaN NaN NaN NaN NaN NaN NaN NaN NaN NaN NaN NaN NaN NaN NaN NaN NaN NaN NaN NaN NaN NaN NaN 
NaN NaN NaN NaN NaN NaN NaN NaN NaN NaN NaN NaN NaN NaN NaN NaN NaN NaN NaN NaN NaN NaN NaN NaN NaN NaN NaN NaN NaN NaN NaN NaN NaN NaN NaN NaN NaN NaN NaN NaN 
NaN NaN NaN NaN NaN NaN NaN NaN NaN NaN NaN NaN NaN NaN NaN NaN NaN NaN NaN NaN NaN NaN NaN NaN NaN NaN NaN NaN NaN NaN NaN NaN NaN NaN NaN NaN NaN NaN NaN NaN 
NaN NaN NaN NaN NaN NaN NaN NaN NaN NaN NaN NaN NaN NaN NaN NaN NaN NaN NaN NaN NaN NaN NaN NaN NaN NaN NaN NaN NaN NaN NaN NaN NaN NaN NaN NaN NaN NaN NaN NaN 
NaN NaN NaN NaN NaN NaN NaN NaN NaN NaN NaN NaN NaN NaN NaN NaN NaN NaN NaN NaN NaN NaN NaN NaN NaN NaN NaN NaN NaN NaN NaN NaN NaN NaN NaN NaN NaN NaN NaN NaN 
NaN NaN NaN NaN NaN NaN NaN NaN NaN NaN NaN NaN NaN NaN NaN NaN NaN NaN NaN NaN NaN NaN NaN NaN NaN NaN NaN NaN NaN NaN NaN NaN NaN NaN NaN NaN NaN NaN NaN NaN 
NaN NaN NaN NaN NaN NaN NaN NaN NaN NaN NaN NaN NaN NaN NaN NaN NaN NaN NaN NaN NaN NaN NaN NaN NaN NaN NaN NaN NaN NaN NaN NaN NaN NaN NaN NaN NaN NaN NaN NaN 
NaN NaN NaN NaN NaN NaN NaN NaN NaN NaN NaN NaN NaN NaN NaN NaN NaN NaN NaN NaN NaN NaN NaN NaN NaN NaN NaN NaN NaN NaN NaN NaN NaN NaN NaN NaN NaN NaN NaN NaN 
NaN NaN NaN NaN NaN NaN NaN NaN NaN NaN NaN NaN NaN NaN NaN NaN NaN NaN NaN NaN NaN NaN NaN NaN NaN NaN NaN NaN NaN NaN NaN NaN NaN NaN NaN NaN NaN NaN NaN NaN 
NaN NaN NaN NaN NaN NaN NaN NaN NaN NaN NaN NaN NaN NaN NaN NaN NaN NaN NaN NaN NaN NaN NaN NaN NaN NaN NaN NaN NaN NaN NaN NaN NaN NaN NaN NaN NaN NaN NaN NaN 
NaN NaN NaN NaN NaN NaN NaN NaN NaN NaN NaN NaN NaN NaN NaN NaN NaN NaN NaN NaN NaN NaN NaN NaN NaN NaN NaN NaN NaN NaN NaN NaN NaN NaN NaN NaN NaN NaN NaN NaN 
NaN NaN NaN NaN NaN NaN NaN NaN NaN NaN NaN NaN NaN NaN NaN NaN NaN NaN NaN NaN NaN NaN NaN NaN NaN NaN NaN NaN NaN NaN NaN NaN NaN NaN NaN NaN NaN NaN NaN NaN 
NaN NaN NaN NaN NaN NaN NaN NaN NaN NaN NaN NaN NaN NaN NaN NaN NaN NaN NaN NaN NaN NaN NaN NaN NaN NaN NaN NaN NaN NaN NaN NaN NaN NaN NaN NaN NaN NaN NaN NaN 
NaN NaN NaN NaN NaN NaN NaN NaN NaN NaN NaN NaN NaN NaN NaN NaN NaN NaN NaN NaN NaN NaN NaN NaN NaN NaN NaN NaN NaN NaN NaN NaN NaN NaN NaN NaN NaN NaN NaN NaN 
NaN NaN NaN NaN NaN NaN NaN NaN NaN NaN NaN NaN NaN NaN NaN NaN NaN NaN NaN NaN NaN NaN NaN NaN NaN NaN NaN NaN NaN NaN NaN NaN NaN NaN NaN NaN NaN NaN NaN NaN 
NaN NaN NaN NaN NaN NaN NaN NaN NaN NaN NaN NaN NaN NaN NaN NaN NaN NaN NaN NaN NaN NaN NaN NaN NaN NaN NaN NaN NaN NaN NaN NaN NaN NaN NaN NaN NaN NaN NaN NaN 
NaN NaN NaN NaN NaN NaN NaN NaN NaN NaN NaN NaN NaN NaN NaN NaN NaN NaN NaN NaN NaN NaN NaN NaN NaN NaN NaN NaN NaN NaN NaN NaN NaN NaN NaN NaN NaN NaN NaN NaN 
NaN NaN NaN NaN NaN NaN NaN NaN NaN NaN NaN NaN NaN NaN NaN NaN NaN NaN NaN NaN NaN NaN NaN NaN NaN NaN NaN NaN NaN NaN NaN NaN NaN NaN NaN NaN NaN NaN NaN NaN 
NaN NaN NaN NaN NaN NaN NaN NaN NaN NaN NaN NaN NaN NaN NaN NaN NaN NaN NaN NaN NaN NaN NaN NaN NaN NaN NaN NaN NaN NaN NaN NaN NaN NaN NaN NaN NaN NaN NaN NaN 
NaN NaN NaN NaN NaN NaN NaN NaN NaN NaN NaN NaN NaN NaN NaN NaN NaN NaN NaN NaN NaN NaN NaN NaN NaN NaN NaN NaN NaN NaN NaN NaN NaN NaN NaN NaN NaN NaN NaN NaN 
NaN NaN NaN NaN NaN NaN NaN NaN NaN NaN NaN NaN NaN NaN NaN NaN NaN NaN NaN NaN NaN NaN NaN NaN NaN NaN NaN NaN NaN NaN NaN NaN NaN NaN NaN NaN NaN NaN NaN NaN 
NaN NaN NaN NaN NaN NaN NaN NaN NaN NaN NaN NaN NaN NaN NaN NaN NaN NaN NaN NaN NaN NaN NaN NaN NaN NaN NaN NaN NaN NaN NaN NaN NaN NaN NaN NaN NaN NaN NaN NaN 
NaN NaN NaN NaN NaN NaN NaN NaN NaN NaN NaN NaN NaN NaN NaN NaN NaN NaN NaN NaN NaN NaN NaN NaN NaN NaN NaN NaN NaN NaN NaN NaN NaN NaN NaN NaN NaN NaN NaN NaN 
NaN NaN NaN NaN NaN NaN NaN NaN NaN NaN NaN NaN NaN NaN NaN NaN NaN NaN NaN NaN NaN NaN NaN NaN NaN NaN NaN NaN NaN NaN NaN NaN NaN NaN NaN NaN NaN NaN NaN NaN 
NaN NaN NaN NaN NaN NaN NaN NaN NaN NaN NaN NaN NaN NaN NaN NaN NaN NaN NaN NaN NaN NaN NaN NaN NaN NaN NaN NaN NaN NaN NaN NaN NaN NaN NaN NaN NaN NaN NaN NaN 
NaN NaN NaN NaN NaN NaN NaN NaN NaN NaN NaN NaN NaN NaN NaN NaN NaN NaN NaN NaN NaN NaN NaN NaN NaN NaN NaN NaN NaN NaN NaN NaN NaN NaN NaN NaN NaN NaN NaN NaN 
NaN NaN NaN NaN NaN NaN NaN NaN NaN NaN NaN NaN NaN NaN NaN NaN NaN NaN NaN NaN NaN NaN NaN NaN NaN NaN NaN NaN NaN NaN NaN NaN NaN NaN NaN NaN NaN NaN NaN NaN 
NaN NaN NaN NaN NaN NaN NaN NaN NaN NaN NaN NaN NaN NaN NaN NaN NaN NaN NaN NaN NaN NaN NaN NaN NaN NaN NaN NaN NaN NaN NaN NaN NaN NaN NaN NaN NaN NaN NaN NaN 
NaN NaN NaN NaN NaN NaN NaN NaN NaN NaN NaN NaN NaN NaN NaN NaN NaN NaN NaN NaN NaN NaN NaN NaN NaN NaN NaN NaN NaN NaN NaN NaN NaN NaN NaN NaN NaN NaN NaN NaN 
NaN NaN NaN NaN NaN NaN NaN NaN NaN NaN NaN NaN NaN NaN NaN NaN NaN NaN NaN NaN NaN NaN NaN NaN NaN NaN NaN NaN NaN NaN NaN NaN NaN NaN NaN NaN NaN NaN NaN NaN 
NaN NaN NaN NaN NaN NaN NaN NaN NaN NaN NaN NaN NaN NaN NaN NaN NaN NaN NaN NaN NaN NaN NaN NaN NaN NaN NaN NaN NaN NaN NaN NaN NaN NaN NaN NaN NaN NaN NaN NaN 
NaN NaN NaN NaN NaN NaN NaN NaN NaN NaN NaN NaN NaN NaN NaN NaN NaN NaN NaN NaN NaN NaN NaN NaN NaN NaN NaN NaN NaN NaN NaN NaN NaN NaN NaN NaN NaN NaN NaN NaN 
NaN NaN NaN NaN NaN NaN NaN NaN NaN NaN NaN NaN NaN NaN NaN NaN NaN NaN NaN NaN NaN NaN NaN NaN NaN NaN NaN NaN NaN NaN NaN NaN NaN NaN NaN NaN NaN NaN NaN NaN 
NaN NaN NaN NaN NaN NaN NaN NaN NaN NaN NaN NaN NaN NaN NaN NaN NaN NaN NaN NaN NaN NaN NaN NaN NaN NaN NaN NaN NaN NaN NaN NaN NaN NaN NaN NaN NaN NaN NaN NaN 
NaN NaN NaN NaN NaN NaN NaN NaN NaN NaN NaN NaN NaN NaN NaN NaN NaN NaN NaN NaN NaN NaN NaN NaN NaN NaN NaN NaN NaN NaN NaN NaN NaN NaN NaN NaN NaN NaN NaN NaN 
NaN NaN NaN NaN NaN NaN NaN NaN NaN NaN NaN NaN NaN NaN NaN NaN NaN NaN NaN NaN NaN NaN NaN NaN NaN NaN NaN NaN NaN NaN NaN NaN NaN NaN NaN NaN NaN NaN NaN NaN 
NaN NaN NaN NaN NaN NaN NaN NaN NaN NaN NaN NaN NaN NaN NaN NaN NaN NaN NaN NaN NaN NaN NaN NaN NaN NaN NaN NaN NaN NaN NaN NaN NaN NaN NaN NaN NaN NaN NaN NaN 
NaN NaN NaN NaN NaN NaN NaN NaN NaN NaN NaN NaN NaN NaN NaN NaN NaN NaN NaN NaN NaN NaN NaN NaN NaN NaN NaN NaN NaN NaN NaN NaN NaN NaN NaN NaN NaN NaN NaN NaN 
NaN NaN NaN NaN NaN NaN NaN NaN NaN NaN NaN NaN NaN NaN NaN NaN NaN NaN NaN NaN NaN NaN NaN NaN NaN NaN NaN NaN NaN NaN NaN NaN NaN NaN NaN NaN NaN NaN NaN NaN 
NaN NaN NaN NaN NaN NaN NaN NaN NaN NaN NaN NaN NaN NaN NaN NaN NaN NaN NaN NaN NaN NaN NaN NaN NaN NaN NaN NaN NaN NaN NaN NaN NaN NaN NaN NaN NaN NaN NaN NaN 
NaN NaN NaN NaN NaN NaN NaN NaN NaN NaN NaN NaN NaN NaN NaN NaN NaN NaN NaN NaN NaN NaN NaN NaN NaN NaN NaN NaN NaN NaN NaN NaN NaN NaN NaN NaN NaN NaN NaN NaN 
NaN NaN NaN NaN NaN NaN NaN NaN NaN NaN NaN NaN NaN NaN NaN NaN NaN NaN NaN NaN NaN NaN NaN NaN NaN NaN NaN NaN NaN NaN NaN NaN NaN NaN NaN NaN NaN NaN NaN NaN 
NaN NaN NaN NaN NaN NaN NaN NaN NaN NaN NaN NaN NaN NaN NaN NaN NaN NaN NaN NaN NaN NaN NaN NaN NaN NaN NaN NaN NaN NaN NaN NaN NaN NaN NaN NaN NaN NaN NaN NaN 
NaN NaN NaN NaN NaN NaN NaN NaN NaN NaN NaN NaN NaN NaN NaN NaN NaN NaN NaN NaN NaN NaN NaN NaN NaN NaN NaN NaN NaN NaN NaN NaN NaN NaN NaN NaN NaN NaN NaN NaN 
NaN NaN NaN NaN NaN NaN NaN NaN NaN NaN NaN NaN NaN NaN NaN NaN NaN NaN NaN NaN NaN NaN NaN NaN NaN NaN NaN NaN NaN NaN NaN NaN NaN NaN NaN NaN NaN NaN NaN NaN 
NaN NaN NaN NaN NaN NaN NaN NaN NaN NaN NaN NaN NaN NaN NaN NaN NaN NaN NaN NaN NaN NaN NaN NaN NaN NaN NaN NaN NaN NaN NaN NaN NaN NaN NaN NaN NaN NaN NaN NaN 
NaN NaN NaN NaN NaN NaN NaN NaN NaN NaN NaN NaN NaN NaN NaN NaN NaN NaN NaN NaN NaN NaN NaN NaN NaN NaN NaN NaN NaN NaN NaN NaN NaN NaN NaN NaN NaN NaN NaN NaN 
NaN NaN NaN NaN NaN NaN NaN NaN NaN NaN NaN NaN NaN NaN NaN NaN NaN NaN NaN NaN NaN NaN NaN NaN NaN NaN NaN NaN NaN NaN NaN NaN NaN NaN NaN NaN NaN NaN NaN NaN 
NaN NaN NaN NaN NaN NaN NaN NaN NaN NaN NaN NaN NaN NaN NaN NaN NaN NaN NaN NaN NaN NaN NaN NaN NaN NaN NaN NaN NaN NaN NaN NaN NaN NaN NaN NaN NaN NaN NaN NaN 
NaN NaN NaN NaN NaN NaN NaN NaN NaN NaN NaN NaN NaN NaN NaN NaN NaN NaN NaN NaN NaN NaN NaN NaN NaN NaN NaN NaN NaN NaN NaN NaN NaN NaN NaN NaN NaN NaN NaN NaN 
NaN NaN NaN NaN NaN NaN NaN NaN NaN NaN NaN NaN NaN NaN NaN NaN NaN NaN NaN NaN NaN NaN NaN NaN NaN NaN NaN NaN NaN NaN NaN NaN NaN NaN NaN NaN NaN NaN NaN NaN 
NaN NaN NaN NaN NaN NaN NaN NaN NaN NaN NaN NaN NaN NaN NaN NaN NaN NaN NaN NaN NaN NaN NaN NaN NaN NaN NaN NaN NaN NaN NaN NaN NaN NaN NaN NaN NaN NaN NaN NaN 
NaN NaN NaN NaN NaN NaN NaN NaN NaN NaN NaN NaN NaN NaN NaN NaN NaN NaN NaN NaN NaN NaN NaN NaN NaN NaN NaN NaN NaN NaN NaN NaN NaN NaN NaN NaN NaN NaN NaN NaN 
NaN NaN NaN NaN NaN NaN NaN NaN NaN NaN NaN NaN NaN NaN NaN NaN NaN NaN NaN NaN NaN NaN NaN NaN NaN NaN NaN NaN NaN NaN NaN NaN NaN NaN NaN NaN NaN NaN NaN NaN 
NaN NaN NaN NaN NaN NaN NaN NaN NaN NaN NaN NaN NaN NaN NaN NaN NaN NaN NaN NaN NaN NaN NaN NaN NaN NaN NaN NaN NaN NaN NaN NaN NaN NaN NaN NaN NaN NaN NaN NaN 
NaN NaN NaN NaN NaN NaN NaN NaN NaN NaN NaN NaN NaN NaN NaN NaN NaN NaN NaN NaN NaN NaN NaN NaN NaN NaN NaN NaN NaN NaN NaN NaN NaN NaN NaN NaN NaN NaN NaN NaN 
NaN NaN NaN NaN NaN NaN NaN NaN NaN NaN NaN NaN NaN NaN NaN NaN NaN NaN NaN NaN NaN NaN NaN NaN NaN NaN NaN NaN NaN NaN NaN NaN NaN NaN NaN NaN NaN NaN NaN NaN 
NaN NaN NaN NaN NaN NaN NaN NaN NaN NaN NaN NaN NaN NaN NaN NaN NaN NaN NaN NaN NaN NaN NaN NaN NaN NaN NaN NaN NaN NaN NaN NaN NaN NaN NaN NaN NaN NaN NaN NaN 
NaN NaN NaN NaN NaN NaN NaN NaN NaN NaN NaN NaN NaN NaN NaN NaN NaN NaN NaN NaN NaN NaN NaN NaN NaN NaN NaN NaN NaN NaN NaN NaN NaN NaN NaN NaN NaN NaN NaN NaN 
NaN NaN NaN NaN NaN NaN NaN NaN NaN NaN NaN NaN NaN NaN NaN NaN NaN NaN NaN NaN NaN NaN NaN NaN NaN NaN NaN NaN NaN NaN NaN NaN NaN NaN NaN NaN NaN NaN NaN NaN 
NaN NaN NaN NaN NaN NaN NaN NaN NaN NaN NaN NaN NaN NaN NaN NaN NaN NaN NaN NaN NaN NaN NaN NaN NaN NaN NaN NaN NaN NaN NaN NaN NaN NaN NaN NaN NaN NaN NaN NaN 
NaN NaN NaN NaN NaN NaN NaN NaN NaN NaN NaN NaN NaN NaN NaN NaN NaN NaN NaN NaN NaN NaN NaN NaN NaN NaN NaN NaN NaN NaN NaN NaN NaN NaN NaN NaN NaN NaN NaN NaN 
NaN NaN NaN NaN NaN NaN NaN NaN NaN NaN NaN NaN NaN NaN NaN NaN NaN NaN NaN NaN NaN NaN NaN NaN NaN NaN NaN NaN NaN NaN NaN NaN NaN NaN NaN NaN NaN NaN NaN NaN 
NaN NaN NaN NaN NaN NaN NaN NaN NaN NaN NaN NaN NaN NaN NaN NaN NaN NaN NaN NaN NaN NaN NaN NaN NaN NaN NaN NaN NaN NaN NaN NaN NaN NaN NaN NaN NaN NaN NaN NaN 
NaN NaN NaN NaN NaN NaN NaN NaN NaN NaN NaN NaN NaN NaN NaN NaN NaN NaN NaN NaN NaN NaN NaN NaN NaN NaN NaN NaN NaN NaN NaN NaN NaN NaN NaN NaN NaN NaN NaN NaN 
NaN NaN NaN NaN NaN NaN NaN NaN NaN NaN NaN NaN NaN NaN NaN NaN NaN NaN NaN NaN NaN NaN NaN NaN NaN NaN NaN NaN NaN NaN NaN NaN NaN NaN NaN NaN NaN NaN NaN NaN 
NaN NaN NaN NaN NaN NaN NaN NaN NaN NaN NaN NaN NaN NaN NaN NaN NaN NaN NaN NaN NaN NaN NaN NaN NaN NaN NaN NaN NaN NaN NaN NaN NaN NaN NaN NaN NaN NaN NaN NaN 
NaN NaN NaN NaN NaN NaN NaN NaN NaN NaN NaN NaN NaN NaN NaN NaN NaN NaN NaN NaN NaN NaN NaN NaN NaN NaN NaN NaN NaN NaN NaN NaN NaN NaN NaN NaN NaN NaN NaN NaN 
-68.311586 -71.046830 -75.119735 -77.722319 -78.246202 -79.966288 -81.716855 -86.867392 -92.458554 -88.667332 -89.498428 -87.069492 -90.450093 -95.228471 -94.227369 -93.711409 -92.261472 -92.183564 -89.411829 -89.394801 -88.688740 -90.114223 -100.296569 -89.066756 -89.262140 -88.523011 -86.902951 -86.904840 -88.194898 -90.666044 -88.509008 -88.102507 -86.472664 -84.921108 -86.048776 -86.766718 -88.273446 -88.840771 -88.146342 -90.238570 
-54.503758 -67.218689 -70.992990 -71.327967 -77.134754 -69.769234 -68.376201 -79.067901 -85.179422 -80.850101 -73.705240 -70.413645 -74.465057 -74.431627 -72.787324 -73.880041 -74.955154 -79.587887 -77.253798 -76.197580 -78.944803 -76.846936 -82.306517 -75.143134 -73.978237 -74.166579 -75.238448 -75.899278 -75.637204 -77.978188 -76.917390 -75.518747 -73.688825 -72.822423 -73.771792 -76.798241 -76.537192 -74.526110 -75.144536 -77.536890 
-55.398395 -74.287331 -73.905034 -72.255032 -78.503615 -80.808929 -72.813446 -76.131664 -81.797091 -75.681454 -69.829306 -72.705111 -74.868946 -73.854832 -74.897123 -73.631019 -70.054673 -74.860333 -72.684877 -72.025397 -73.467660 -75.597664 -76.009297 -73.709698 -78.068719 -73.551044 -74.864959 -76.511906 -77.019768 -77.756300 -76.836832 -75.046502 -73.193797 -75.123681 -75.610528 -74.055282 -75.810070 -76.741256 -74.961171 -72.983289 
-55.605196 -75.897363 -72.144641 -72.722889 -78.090531 -80.271614 -76.212847 -81.999516 -80.213036 -73.216657 -71.131398 -73.144958 -71.348791 -73.651960 -71.693076 -70.362989 -71.271322 -70.901929 -74.534274 -76.013962 -74.275195 -75.152898 -72.101646 -76.797919 -73.844825 -72.835943 -73.805715 -75.104257 -76.145637 -76.495586 -79.278627 -75.669749 -74.133971 -77.385524 -75.049560 -75.854445 -75.057797 -79.441765 -73.557583 -74.120868 
-33.077302 -31.733022 -33.113481 -37.920739 -42.192842 -45.311709 -45.032805 -46.090082 -47.875862 -50.969696 -51.620031 -50.847261 -51.346243 -52.641549 -52.514293 -52.664070 -55.215730 -58.321655 -58.560128 -58.074116 -59.149003 -61.177896 -60.706503 -61.082501 -59.838379 -61.608386 -61.026119 -62.360249 -63.854397 -69.215999 -70.953461 -66.039297 -67.641075 -68.044111 -67.068109 -65.967297 -65.693237 -69.083213 -70.832081 -68.701047 
-21.444705 -21.128304 -26.419989 -35.375692 -42.263448 -48.486238 -44.371956 -45.744158 -46.679189 -53.410586 -51.931295 -48.433075 -53.021923 -53.071233 -52.759029 -51.774575 -55.203031 -60.126804 -57.877404 -57.616829 -59.634716 -61.206412 -61.471973 -60.277994 -60.647720 -62.040325 -59.862121 -61.357306 -62.915155 -63.353815 -66.407323 -61.929564 -61.314420 -62.028763 -64.597240 -64.934860 -63.953853 -66.464444 -66.048072 -67.244326 
-23.138217 -25.034830 -30.663598 -40.854620 -42.560545 -45.587168 -51.670674 -55.183642 -54.337784 -55.938260 -57.874457 -59.590548 -61.713211 -61.194371 -58.561052 -65.275438 -68.567554 -64.956135 -62.121645 -60.357808 -59.294136 -60.134776 -63.857272 -63.166782 -64.347342 -62.597460 -65.212447 -61.674441 -60.062810 -63.254016 -62.927158 -64.501208 -65.051404 -63.503957 -61.458888 -63.722656 -64.929322 -66.382012 -67.976046 -66.886369 
-18.052060 -20.462349 -31.085426 -48.570346 -54.266769 -52.737748 -52.505417 -52.697214 -57.796762 -69.427626 -59.090103 -55.701641 -56.746362 -59.869871 -57.867581 -58.803683 -59.308107 -57.854192 -62.427079 -60.853514 -66.978740 -60.827176 -59.561104 -61.540190 -61.341990 -63.263016 -62.640739 -62.207261 -59.483411 -62.949272 -64.378617 -64.384408 -63.763983 -66.062579 -64.100987 -64.297321 -65.036936 -63.484208 -65.567747 -64.669785 
-20.083382 -28.693112 -38.736793 -49.928474 -51.948413 -48.876813 -49.651573 -48.276087 -49.467807 -51.760022 -56.188370 -59.109510 -57.867811 -53.885024 -52.256739 -51.372147 -53.287480 -58.534806 -59.253379 -52.724559 -45.449645 -50.149351 -60.545761 -52.051104 -45.712247 -49.239246 -45.431826 -44.517879 -45.473684 -48.417465 -57.686849 -63.977497 -53.608257 -49.207283 -51.701390 -50.208140 -63.262190 -63.500257 -67.374427 -68.782713 
-26.713249 -21.000344 -23.859240 -26.373481 -25.002649 -28.153215 -26.590059 -28.753655 -27.518843 -30.216980 -29.450656 -32.724244 -30.965820 -31.732834 -28.990665 -29.132313 -30.431257 -30.470016 -29.026724 -28.911309 -28.681431 -29.720898 -31.534509 -30.108549 -25.992948 -26.354965 -26.191452 -25.021435 -26.129512 -27.275068 -32.249002 -31.063103 -28.666951 -28.996349 -30.062526 -31.260492 -34.579468 -35.038813 -35.986555 -44.053881 
0.593819 2.276919 -3.710994 -8.172195 -2.704357 0.093766 -0.083033 -1.162181 -5.069105 -9.692055 -6.013895 -4.570946 -8.831266 -16.098439 -8.263541 -7.553045 -13.337011 -18.997997 -14.795591 -3.890030 -4.609920 -10.426865 -11.067403 -7.572247 -3.407363 -3.228054 -7.185423 -13.854914 -11.116282 -10.403837 -14.409880 -11.251074 -5.236922 -7.954822 -10.744037 -8.217012 -9.103466 -12.459024 -13.069773 -15.433380 
10.302823 10.323619 2.558688 -5.705925 -7.508477 -2.801545 -4.929416 -2.147105 -6.241516 -8.761114 -8.433898 -5.150920 -11.484861 -13.001414 -9.961147 -12.495031 -18.140782 -23.565849 -17.413050 -3.646071 -3.487292 -10.845616 -11.684080 -0.176170 -1.676959 -8.180974 -11.211060 -7.652163 -5.258604 -12.297450 -14.476499 -4.405608 -1.527897 -3.129921 -6.119269 -5.378214 -2.314856 -6.847824 -5.856289 -9.991562 
9.217453 3.365690 -11.273059 -22.508104 -11.509108 -6.706712 -8.979896 -6.050943 -7.180342 -8.424190 -5.787632 -3.334809 -8.242585 -14.281065 -17.797709 -17.412132 -17.912088 -24.470424 -20.344580 -5.503939 -0.030140 -10.784452 -12.858337 -6.106112 -8.382712 -15.921398 -16.840976 -12.213186 -3.036339 -12.524751 -19.941006 -9.458866 -7.117750 -10.064204 -12.017177 -11.119777 -7.887456 -7.571038 -11.049144 -15.265020 
3.588472 -2.099439 -7.374157 -5.841849 -8.584888 -7.457793 -3.505908 -4.337059 -12.107778 -10.862205 -10.520537 -9.202558 -10.931622 -8.175458 -17.801225 -24.440017 -22.229712 -21.822422 -17.717781 -5.576627 2.294668 -7.579173 -5.709974 -5.417323 -9.383888 -14.394316 -17.043906 -15.326914 -9.437925 -19.102633 -22.348068 -15.795060 -17.746118 -16.707215 -16.716530 -17.662146 -15.547467 -15.701719 -20.762053 -15.396655 
-5.798358 7.588429 11.266088 8.673210 4.114856 1.878374 5.489941 1.616269 1.630675 -7.867317 -1.846156 -0.966425 -7.412455 -10.975865 -13.656774 -17.779322 -21.896553 -18.288925 -16.801169 -3.597235 5.067473 0.232056 0.335988 3.154490 -6.382968 -12.580564 -16.222387 -12.597947 -9.331168 -20.953095 -29.434900 -25.192983 -23.303557 -23.754237 -24.401533 -24.179481 -13.920695 -15.390994 -24.887699 -14.563750 
1.863048 15.556220 24.071799 20.814216 11.292833 12.588977 17.065165 15.899617 14.942791 5.551573 -2.704113 1.188542 1.523029 -3.917432 -5.515193 -13.151223 -8.577101 -7.124021 -8.093283 0.832427 6.021391 1.556639 4.764256 5.269362 -3.068311 -9.023934 -16.339782 -9.938675 -9.162035 -19.513615 -29.738874 -27.572646 -29.379628 -37.105820 -37.497006 -29.155504 -11.990825 -14.700228 -23.873378 -15.136464 
-1.724467 15.808493 25.486095 20.244464 15.457412 21.545914 14.793708 24.549404 19.036329 1.331539 4.475623 7.184147 0.163862 0.199978 -3.630950 -7.093994 -6.827382 -4.428962 0.819044 7.931405 12.954806 9.947527 8.787936 7.897827 1.096555 -3.051006 -6.801167 -4.753174 -6.306272 -16.850899 -27.833792 -27.281804 -31.668504 -34.569740 -31.646964 -25.923972 -14.786215 -16.747051 -23.828839 -20.486386 
-9.757379 12.294670 23.297724 18.250505 14.457800 23.131390 16.254073 26.373441 19.795586 4.924179 0.222561 1.570486 -1.805135 0.001361 -6.089748 -9.288676 -7.024093 -3.507611 -2.691979 3.378656 12.093038 8.499720 6.958805 7.671117 -3.651738 -5.066794 -6.143775 -3.819598 -2.353556 -15.345439 -30.099823 -30.919529 -32.182634 -39.255178 -34.959376 -29.201547 -18.585730 -20.014660 -29.858709 -26.127976 
-14.324289 9.100222 21.630957 17.006763 13.616034 23.594886 16.119519 24.224707 18.173010 2.633807 0.818297 -3.983155 -6.224242 -2.560729 -8.275955 -9.739073 -9.663971 -6.334628 -5.722263 1.347291 10.119987 8.510320 5.202421 6.489980 -3.039187 -6.182804 -8.545015 -6.889383 -3.854779 -14.985515 -26.392428 -28.146777 -29.932900 -31.346626 -31.618768 -29.233464 -22.312174 -22.588440 -30.553105 -28.197500 
-9.405793 8.569874 21.086388 17.373752 13.436271 24.557710 16.327204 19.382379 15.283179 3.078076 1.885787 -3.786740 -5.602448 -3.364238 -8.979565 -9.392686 -9.461370 -5.553575 -5.577459 1.039693 9.776123 8.688000 3.797530 3.578770 -5.120671 -7.344260 -9.435065 -6.668974 -7.035574 -20.737995 -36.486956 -31.469026 -35.025568 -40.425236 -41.266977 -34.601503 -21.667806 -21.324242 -37.936015 -29.411430 
-10.927281 7.299227 20.869075 18.016618 13.745554 26.116929 18.569026 9.688570 10.482250 0.963684 2.865807 -5.175305 -4.889814 -4.073347 -11.292097 -11.364391 -9.862774 -8.615085 -6.600293 -3.096254 5.198496 8.019031 4.626917 4.095383 -2.129084 -7.733423 -12.020602 -8.507404 -9.120513 -20.350674 -37.293013 -34.664479 -34.334981 -42.681796 -43.953950 -32.682385 -22.710144 -25.393798 -40.500656 -31.595462 
-20.717788 6.789357 20.906194 18.759733 13.953867 27.627433 20.920456 7.267593 8.416911 -2.179840 2.532846 -7.704801 -5.133347 -7.502516 -12.812740 -13.628050 -14.653283 -11.354912 -7.691678 -2.998660 4.274123 9.212235 5.734806 4.920628 -5.014478 -13.384300 -11.420849 -7.736242 -3.042630 -14.228856 -30.219335 -31.573036 -30.409366 -35.093126 -35.719040 -29.599013 -25.580609 -29.323898 -35.644165 -30.392938 
-19.456889 6.292040 20.749209 19.089102 13.397671 28.640363 23.403725 3.459536 7.721277 -1.317179 4.174532 -5.504051 -4.094863 -10.260941 -15.062686 -14.546652 -14.800543 -11.957387 -8.703391 -7.661851 2.475572 8.886248 3.636650 4.950478 -6.097389 -13.254300 -10.648932 -10.337639 -4.861140 -12.782169 -26.838680 -31.461432 -34.224455 -36.756000 -37.295470 -31.473198 -25.544612 -26.765326 -35.344288 -28.736333 
-11.138480 6.825050 20.614151 19.286187 12.861133 28.792848 24.002738 5.302036 8.147738 -0.913364 5.183018 -6.001479 -3.259463 -11.475430 -13.326668 -12.798596 -15.962639 -12.362257 -9.763754 -6.308372 2.193359 9.165686 1.097936 5.562135 -7.380883 -13.100538 -10.847877 -7.416905 -4.636125 -12.014395 -24.957386 -35.813864 -36.944158 -42.242296 -44.803265 -33.061718 -25.797530 -27.002612 -37.928042 -32.478320 
-15.997290 5.956969 20.683771 19.036184 13.799855 28.995406 23.658795 5.227500 6.552999 -1.230101 4.437470 -5.709267 -3.426541 -8.878537 -10.866878 -10.594810 -12.491015 -8.344967 -6.802682 -3.334519 3.538910 5.682337 2.556081 -0.925043 -11.090355 -14.799358 -14.348303 -6.852958 -5.960401 -12.051376 -23.487409 -31.691843 -32.682014 -33.899038 -34.147473 -31.051243 -24.731613 -23.811860 -32.551679 -32.173183 
-10.076555 8.082492 20.342289 18.509788 17.662432 27.753706 21.877523 9.069219 5.254280 2.619036 2.313385 -2.733343 -4.242192 -8.597233 -7.898346 -10.098579 -7.898481 -2.683141 -2.718920 -0.526817 -0.122285 0.311869 1.619463 -4.766060 -14.668573 -19.059738 -15.757316 -7.688565 -8.682610 -16.596300 -26.973312 -35.536717 -34.861641 -36.771587 -37.413221 -35.550205 -26.489768 -27.471078 -36.824889 -32.471910 
-3.651179 9.695325 18.780997 9.519504 12.733660 16.691334 14.235362 11.810542 2.415411 -2.169144 -4.480020 -9.120608 -11.201545 -12.772091 -8.190267 -14.149245 -8.987907 -9.130716 -8.708993 -9.633261 -16.765054 -15.173398 -12.873337 -14.667319 -22.677714 -25.747173 -21.515133 -18.783458 -19.656607 -26.554633 -30.676826 -34.647246 -35.237984 -35.418704 -35.856741 -36.940205 -33.710833 -34.419285 -37.350835 -37.539906 
-9.045848 9.981573 20.058150 14.748108 1.598917 2.215451 -5.694522 -2.082238 -6.168206 -8.936578 -10.057090 -18.905060 -19.988474 -23.630158 -22.095718 -23.731591 -20.288626 -16.532215 -20.352905 -18.602981 -19.007084 -20.622988 -16.464966 -23.073225 -33.733835 -33.587195 -37.913469 -27.066810 -29.495860 -34.137299 -38.842713 -41.425074 -41.854413 -42.441763 -43.165504 -42.815629 -39.432343 -38.635082 -42.297308 -43.819917 
-8.009104 10.793563 18.889495 11.271607 3.234302 3.313935 -4.279751 -5.687184 -13.822159 -14.735653 -15.363779 -19.823396 -17.431837 -20.054796 -27.359807 -29.344065 -24.573732 -24.179364 -25.178402 -22.675309 -25.264872 -28.008155 -23.343873 -26.608868 -36.145791 -36.388020 -38.012686 -32.497668 -34.746567 -38.980961 -40.279362 -41.509737 -41.945599 -42.192813 -42.684728 -43.040487 -42.844069 -41.969744 -43.476601 -43.899561 
-9.429304 11.045758 16.903222 6.394290 2.353809 -3.568093 -7.792643 -6.838517 -11.344321 -17.879955 -19.563026 -22.359210 -23.015685 -20.258572 -22.643171 -25.905857 -26.013340 -28.160824 -33.853484 -36.729052 -32.997801 -34.588139 -32.594469 -34.499789 -38.128343 -39.453430 -39.418857 -39.287800 -40.435413 -40.721321 -42.486639 -43.219726 -43.594406 -44.067584 -44.610589 -44.554836 -44.620316 -45.154484 -45.188373 -45.602535 
-7.625373 11.468996 15.811217 4.288893 0.393597 -3.622196 -9.851005 -14.218853 -15.536691 -16.407245 -17.814463 -18.556995 -15.351583 -18.416461 -23.922057 -29.166539 -26.801915 -28.985180 -39.417183 -40.246580 -31.611803 -36.203774 -41.974973 -39.258043 -42.306071 -45.994610 -44.737639 -38.362550 -39.743223 -39.544308 -47.035123 -49.358150 -47.541586 -46.224658 -44.740280 -45.828395 -45.065314 -46.042225 -49.380915 -51.860739 
-4.592850 12.106870 15.353676 3.608635 4.830982 -2.332603 -5.410092 -11.244083 -10.825767 -12.638996 -14.350997 -12.004854 -10.359221 -11.675458 -15.757289 -18.881310 -23.688928 -27.717216 -40.858836 -37.041539 -28.770417 -33.366937 -38.120136 -33.810856 -34.180432 -33.687251 -39.562955 -34.700906 -35.544768 -35.866014 -43.401844 -41.505815 -38.955440 -35.419227 -38.599066 -38.665511 -39.383202 -38.402162 -39.196733 -43.240701 
-3.759871 13.456330 16.001844 6.557566 11.089283 3.934919 3.513646 -1.670913 -2.047772 -6.051017 -8.012592 -4.444121 -2.091998 -6.879606 -12.982639 -17.601812 -25.655192 -27.130814 -30.669496 -33.134825 -29.326793 -32.596889 -32.702544 -23.580677 -24.810971 -30.553789 -32.798244 -28.390403 -29.271477 -31.732531 -40.807988 -36.934257 -36.163753 -32.510641 -30.318005 -34.724762 -35.653347 -36.759262 -35.969689 -35.832767 
-2.300649 14.749649 17.560899 10.051069 15.487551 10.488485 12.080255 7.551904 4.048566 -5.862208 -3.837899 0.539675 1.557183 0.661132 -7.657307 -14.532446 -21.227593 -23.771037 -26.682451 -33.729984 -36.254888 -28.356033 -26.109897 -18.803760 -26.939614 -33.024627 -31.276827 -24.002235 -23.483935 -33.298747 -40.988994 -34.069690 -37.217958 -35.787543 -35.420283 -36.366607 -37.452093 -36.481971 -38.320616 -40.846842 
-1.784754 15.003663 17.714742 12.556941 16.666767 11.043543 16.126321 12.729389 9.536088 -0.269010 1.052355 3.979384 9.157902 4.259101 -2.957033 -11.437849 -19.963949 -23.735076 -28.615164 -37.794934 -33.650516 -27.303201 -27.110564 -18.176423 -26.860092 -31.574483 -29.758675 -21.452385 -23.874877 -35.211018 -41.729757 -27.331411 -33.936923 -35.817063 -40.315730 -42.179493 -42.329358 -31.577426 -38.944970 -46.981899 
0.349003 15.666313 16.701632 12.720757 15.435657 11.179456 14.761537 14.442345 14.446080 2.236325 2.712778 5.339693 10.404487 7.032649 -3.630974 -15.771464 -21.317111 -24.183665 -26.119339 -32.158303 -31.547983 -26.082078 -22.936271 -13.600916 -21.520788 -25.868947 -25.869254 -17.472575 -18.016994 -32.272836 -38.215807 -22.874424 -32.834562 -33.731270 -35.769406 -44.860907 -46.078663 -34.597887 -40.565016 -47.320906 
0.402188 15.524511 15.442904 12.251594 13.585993 10.138428 12.849416 18.619157 15.587124 2.031469 3.976987 4.033806 7.748928 6.672229 -5.959191 -19.280468 -23.548806 -25.537746 -23.809494 -28.221319 -31.126669 -29.087913 -25.573175 -15.016693 -17.308182 -22.508939 -25.347834 -17.280989 -18.242273 -35.448136 -36.032275 -22.305543 -30.897124 -32.300005 -38.614104 -49.554102 -45.240899 -33.459087 -41.369811 -46.648899 
1.921592 15.027146 13.946115 11.760277 11.447557 8.593918 11.105640 20.471349 14.111198 3.641000 5.226926 4.340681 6.304888 4.168640 -10.488423 -17.798245 -23.070483 -25.389018 -24.928261 -27.761707 -29.700962 -27.055781 -24.381126 -16.498715 -15.839909 -23.687247 -26.278296 -22.260155 -20.423276 -33.579368 -34.965142 -21.647639 -27.651731 -32.255512 -39.160548 -42.334177 -41.191458 -33.656487 -38.142336 -42.023177 
-0.360198 13.923389 12.128778 11.437464 9.362567 7.057195 10.465670 19.695433 11.683292 4.175798 4.565639 3.123631 7.250137 2.992699 -9.255506 -16.857872 -23.123901 -27.705726 -29.704256 -31.317465 -32.587465 -32.028215 -26.854276 -22.788727 -20.436454 -24.157699 -26.045497 -21.294940 -19.271981 -42.220130 -41.999865 -23.925669 -28.547229 -30.571575 -44.278562 -59.235781 -51.271051 -36.857892 -42.288717 -50.168981 
0.567173 12.717669 10.458604 11.215410 8.493744 4.002747 8.817977 15.658359 9.458229 3.512863 1.915895 0.766125 7.364894 -0.881758 -10.836966 -17.816649 -23.431020 -24.860899 -27.820287 -28.403442 -29.276049 -30.481190 -27.826924 -22.540758 -19.710743 -25.562147 -28.530118 -23.029821 -19.311507 -33.455547 -35.573852 -24.442226 -26.101020 -30.288324 -37.372108 -40.137813 -39.652826 -36.052843 -38.581856 -40.643327 
-0.275942 11.768296 9.174086 9.353960 5.233883 0.031177 6.079906 10.297612 6.770472 3.489602 0.004115 1.255326 6.601977 0.738450 -13.787801 -24.969776 -28.850563 -31.459128 -31.331406 -33.288765 -33.923300 -33.062903 -30.608947 -24.917797 -18.591506 -26.805002 -31.388451 -24.165964 -21.602492 -32.386789 -41.534903 -28.317906 -28.710296 -34.892221 -43.060611 -47.785263 -46.222148 -41.355809 -41.446784 -44.840401 
1.325939 11.460160 8.158922 7.632842 2.754511 -4.515145 4.275055 6.788991 8.736840 0.973496 -2.763550 2.353124 3.135197 -1.559329 -15.586275 -25.096859 -26.214575 -31.545907 -35.104677 -35.246789 -39.567939 -38.106730 -37.228130 -31.983861 -23.377138 -32.168336 -33.126168 -30.977769 -27.325185 -35.740236 -43.227898 -28.653671 -29.659712 -41.290795 -46.425381 -52.276369 -51.762999 -49.079928 -45.557744 -50.488349 
-1.127711 10.269748 7.068046 6.143779 0.225432 -7.049077 0.147004 1.050930 6.376003 -4.876281 -4.618387 -4.029657 -0.229920 -3.624051 -18.215718 -30.117245 -33.650287 -34.883500 -39.472538 -40.242780 -42.259378 -43.780519 -44.382124 -41.350269 -31.142305 -36.589105 -38.677484 -34.504063 -29.407662 -40.810033 -45.542426 -31.774412 -35.554944 -41.812886 -50.629710 -63.696162 -60.532416 -53.285666 -49.569676 -53.262296 
0.552370 9.763617 6.104363 4.063505 -1.890272 -6.789669 -2.696992 -1.439812 1.274592 -7.325728 -6.279486 -4.071387 -2.552210 -6.704433 -25.735690 -32.454064 -36.355201 -39.292138 -41.386843 -45.877604 -46.283731 -46.084322 -49.218916 -47.089963 -37.483276 -42.229120 -43.461344 -36.722973 -33.822931 -47.489915 -47.786917 -37.720741 -42.388044 -46.274356 -53.209444 -63.686894 -63.691768 -55.734169 -50.869445 -56.244523 
-3.147505 7.963968 4.888052 0.832732 -4.732531 -4.430999 -8.356736 -9.828501 -6.803659 -10.614662 -7.781440 -5.706835 -8.148042 -12.704110 -22.359751 -29.478354 -37.339300 -40.964858 -42.809131 -47.004427 -51.104039 -52.493929 -51.982615 -44.541852 -38.175854 -42.887918 -48.559984 -39.280410 -35.876425 -50.547491 -53.285106 -44.508934 -45.502634 -52.655036 -56.400859 -66.044582 -66.193213 -63.364240 -54.997003 -55.547320 
-3.657434 6.563714 2.409985 -6.922082 -7.996121 -6.089175 -15.188556 -17.436781 -14.297267 -14.393802 -15.823150 -10.490786 -10.609822 -19.949484 -30.333404 -33.397347 -39.456731 -41.743787 -43.139801 -44.467807 -48.827187 -51.999039 -53.756112 -46.151138 -41.988276 -46.869787 -51.439111 -43.618395 -38.449716 -53.990460 -52.676520 -48.483096 -46.727739 -50.897569 -58.910247 -58.895855 -58.862725 -60.899416 -54.591723 -57.388450 
-7.336584 4.259461 1.246858 -11.789154 -9.224459 -9.862446 -22.251427 -21.753546 -17.036255 -21.773634 -17.421341 -14.404215 -11.827355 -18.841592 -33.547247 -33.125690 -37.267963 -41.189549 -46.584689 -46.593322 -52.373922 -53.803676 -46.120629 -45.121872 -44.920461 -46.801747 -51.990475 -47.468656 -43.844369 -52.588048 -53.921754 -52.121703 -51.437835 -52.991546 -54.037928 -54.744988 -55.081040 -54.107481 -52.793662 -55.695200 
-13.886322 1.749426 0.590160 -10.261470 -15.334796 -24.620453 -23.328616 -23.308446 -19.975233 -15.992904 -19.456296 -20.112644 -15.349038 -26.095603 -35.765500 -40.534658 -40.768011 -44.108438 -47.252395 -50.323589 -52.662523 -50.599245 -46.108384 -44.618034 -46.996980 -50.523938 -53.826339 -50.447824 -49.635687 -56.508389 -54.867531 -52.976607 -53.925369 -53.028051 -58.358425 -54.019557 -53.578601 -57.275245 -54.993657 -55.200116 
-12.518134 -1.237891 -2.636879 -14.230065 -20.364729 -23.573458 -29.014899 -19.199070 -17.672689 -19.941795 -13.119073 -21.294459 -18.050511 -25.300878 -35.927025 -47.559369 -43.408378 -41.953659 -50.448189 -50.927599 -50.799212 -51.835344 -50.990839 -49.349462 -47.016370 -49.382515 -55.908808 -51.838526 -51.294731 -56.407907 -57.293389 -56.246639 -53.242503 -53.432332 -59.316371 -57.730409 -56.648055 -58.102494 -58.086836 -55.722974 
-16.949517 -7.203890 -9.108341 -20.109371 -24.493020 -21.147132 -23.269664 -22.712631 -28.368629 -18.048322 -12.942456 -17.037291 -15.098300 -21.549642 -37.756434 -42.448093 -44.591284 -46.943272 -48.906671 -51.500362 -56.034786 -54.188364 -50.986078 -51.351321 -44.069331 -50.851715 -56.788970 -50.723061 -51.523863 -61.023170 -55.717830 -53.071962 -53.871681 -55.943264 -61.486917 -60.345507 -58.423782 -61.247006 -60.632245 -61.163710 
-22.894186 -23.827539 -16.586357 -24.260471 -24.666643 -25.207147 -24.801717 -25.448865 -29.788639 -23.752551 -24.250132 -17.942001 -17.532435 -30.207148 -42.612439 -44.473698 -42.182287 -43.229576 -50.221574 -49.661427 -50.414172 -52.385183 -56.225358 -54.248988 -47.123765 -53.285438 -57.890311 -54.691731 -51.460777 -59.569609 -57.621043 -57.521977 -54.671339 -55.550161 -60.724189 -60.900378 -57.686489 -57.985269 -67.222265 -65.076962 
-26.963686 -24.927431 -23.355613 -23.501092 -27.488421 -29.889291 -29.616102 -27.742135 -36.544904 -32.463077 -21.746755 -21.791539 -25.279020 -29.794562 -46.841303 -48.292709 -43.287546 -45.676713 -48.260489 -51.443028 -54.275228 -53.143176 -51.641467 -53.053691 -49.100700 -53.794494 -58.240972 -52.586555 -54.601941 -56.846812 -51.546604 -60.415313 -56.901194 -58.951960 -62.579382 -63.454098 -60.826866 -63.129759 -68.636721 -65.164541 
-19.919665 -19.786988 -21.034201 -25.674873 -33.744242 -33.616872 -39.474596 -39.148378 -40.890799 -35.440390 -31.589840 -27.678734 -28.659338 -34.477262 -44.052521 -49.258600 -44.759181 -46.276364 -49.916452 -56.870953 -58.963299 -57.752006 -59.607429 -56.064075 -53.872495 -58.553485 -60.882127 -56.896037 -58.918413 -60.172018 -60.119952 -62.885060 -57.169353 -61.317044 -65.540342 -66.426951 -63.351724 -63.802501 -67.480551 -66.720247 
-19.913591 -24.829931 -36.931721 -34.890354 -36.210105 -30.659382 -38.552867 -43.620266 -50.315274 -39.714884 -31.364656 -36.875109 -38.461775 -38.478917 -52.554780 -54.988592 -50.281353 -47.033581 -49.621121 -59.267485 -60.415078 -56.917110 -61.159905 -63.452545 -60.390159 -59.579267 -63.994486 -61.776499 -60.456483 -60.158351 -61.441383 -64.503814 -59.871465 -60.745453 -60.904873 -61.435611 -63.661641 -64.837533 -67.469059 -67.400419 
-28.213308 -30.951022 -36.488460 -35.608174 -38.400176 -31.958320 -40.825107 -44.322743 -48.058324 -50.672992 -43.642481 -45.416735 -47.935277 -41.026223 -49.685206 -53.357296 -53.282893 -51.803682 -61.991153 -69.756921 -63.994529 -58.861754 -59.037941 -61.205242 -55.774934 -58.527498 -61.633486 -62.096735 -62.290043 -62.300606 -60.941153 -63.650562 -60.867298 -59.983818 -59.587800 -60.280948 -63.451871 -71.957501 -73.610907 -68.281368 
-33.532019 -40.372989 -43.746838 -47.863878 -50.045093 -43.667904 -49.307018 -50.667084 -48.759768 -55.661756 -57.751384 -57.110605 -51.063447 -51.460031 -55.747029 -55.877529 -57.403358 -61.131062 -70.616023 -74.095209 -69.055631 -59.689114 -63.602709 -66.640424 -65.760479 -64.212114 -64.210121 -64.175501 -63.243758 -66.071671 -63.758960 -65.020252 -62.907283 -63.339677 -62.362318 -62.062237 -65.578121 -73.949843 -72.313046 -68.925566 
-55.389310 -59.357928 -54.747477 -52.232711 -51.706525 -53.178911 -56.860559 -65.666611 -66.376583 -61.603090 -62.164071 -63.208225 -59.639158 -57.578361 -61.305771 -64.782579 -61.770465 -64.684877 -74.234511 -78.117629 -69.449293 -62.540366 -69.412493 -72.853862 -70.997637 -70.401728 -68.268348 -69.762615 -69.175632 -70.517607 -70.546043 -67.884475 -66.201747 -66.981865 -65.563226 -66.066800 -69.488195 -74.354640 -74.157026 -70.791543 
-54.087167 -66.563787 -61.750611 -57.632192 -57.868368 -59.534353 -63.761117 -73.219022 -73.264444 -74.092148 -73.600047 -72.591828 -66.568332 -63.761200 -66.631169 -68.225110 -66.347082 -68.273779 -72.934701 -77.930778 -71.818167 -66.620189 -71.797846 -71.157005 -70.865365 -70.117866 -70.197016 -73.967918 -74.192663 -74.025362 -72.403707 -70.789124 -69.946870 -69.845206 -69.028933 -70.282144 -73.519792 -72.022898 -73.220118 -73.867292 
-57.562217 -76.539750 -72.375521 -73.367931 -80.991918 -75.408386 -75.399126 -76.619852 -79.396989 -76.316404 -72.346512 -73.160498 -68.367239 -75.376766 -70.592564 -74.841171 -70.629841 -74.242437 -71.956171 -73.328817 -70.164193 -70.843806 -75.613423 -70.427673 -75.019208 -76.308003 -77.893449 -77.724503 -73.402320 -73.491532 -72.349006 -74.960081 -74.562330 -76.950429 -70.357520 -73.428013 -72.981073 -72.979935 -71.848378 -71.001778 
-57.700056 -76.870332 -75.390842 -69.421364 -73.524404 -81.383360 -75.295510 -69.418120 -70.789238 -68.823940 -69.927844 -73.066865 -76.928471 -71.047456 -71.635180 -77.302075 -68.954487 -70.854781 -76.764259 -78.942924 -73.781592 -73.124687 -71.151841 -69.407948 -76.643967 -73.122330 -73.528877 -72.583035 -77.397297 -75.380864 -74.766603 -74.437297 -76.654375 -74.795603 -72.873205 -75.234189 -75.622425 -75.070604 -73.721560 -75.863490 
-55.985000 -73.181904 -72.432084 -69.999647 -72.351889 -76.523966 -81.817094 -69.127868 -70.910497 -77.206308 -72.386530 -72.329571 -71.685989 -72.234173 -75.835911 -75.519346 -73.470912 -80.972778 -70.274751 -73.423058 -75.228038 -73.696664 -75.368126 -71.241694 -73.246215 -80.833351 -72.914250 -72.981063 -74.226621 -73.097424 -74.238176 -75.472075 -72.863529 -71.451699 -72.195470 -76.452434 -74.774468 -74.130101 -73.981796 -77.187778 
-55.702696 -83.365917 -83.408121 -81.167862 -80.883227 -74.186701 -69.224615 -75.013524 -74.663648 -78.033518 -82.444140 -78.419800 -70.679339 -73.709928 -75.099355 -75.904415 -75.182261 -78.753283 -76.913703 -73.808391 -69.793828 -72.353257 -78.854073 -74.147761 -75.318036 -81.921430 -75.484334 -71.325129 -71.090798 -70.092911 -77.767765 -74.750403 -73.864241 -74.698112 -74.651016 -74.202737 -73.103549 -75.290812 -74.443864 -73.794091 
-56.452400 -79.627138 -85.975514 -84.715427 -74.115842 -70.720958 -70.461672 -70.978491 -70.258804 -78.114367 -78.505952 -74.909206 -73.041855 -71.528531 -72.495859 -72.511961 -73.687517 -72.485076 -72.546199 -72.421658 -72.250231 -69.958692 -72.260058 -72.220337 -72.379735 -74.543419 -76.298980 -73.289847 -70.584735 -71.932049 -73.759127 -72.586597 -74.617431 -73.452983 -71.571408 -72.342045 -72.295577 -75.708681 -73.645922 -74.576892 
-55.546817 -73.958545 -79.408254 -74.914215 -75.700912 -78.732599 -72.531659 -70.907234 -75.027753 -78.769240 -80.902917 -69.653265 -73.201752 -73.407483 -77.172413 -74.133322 -75.718654 -75.307808 -69.043166 -71.567086 -74.667963 -74.711866 -71.290594 -75.156626 -74.695163 -73.353299 -74.402065 -72.876521 -69.209918 -69.260826 -72.551350 -73.855653 -71.847808 -72.661310 -73.226395 -70.884059 -73.310739 -72.945749 -74.232721 -73.791670 
-55.090265 -66.328964 -69.290571 -68.196746 -73.411666 -76.177914 -71.176543 -72.240039 -72.040713 -74.218864 -78.082769 -74.811626 -77.672065 -78.308345 -72.337332 -72.555040 -78.157108 -77.153869 -82.050348 -73.665803 -72.985917 -69.333905 -77.254293 -75.397641 -77.813525 -80.271474 -73.672466 -74.915128 -71.758746 -75.449514 -75.387764 -71.901314 -74.151800 -74.618303 -76.505171 -73.832136 -74.597934 -75.477333 -74.598300 -73.138600 
-66.737380 -69.518082 -73.175959 -76.015655 -80.268091 -84.314249 -79.698116 -79.692844 -82.988516 -88.862451 -84.699314 -86.065601 -89.543067 -85.188909 -80.956680 -82.764080 -85.530520 -84.302802 -87.489011 -87.491250 -81.659838 -79.694449 -89.532454 -86.609618 -86.887886 -90.163920 -83.927466 -85.335020 -81.375257 -86.869254 -84.866134 -80.914770 -82.957354 -81.948019 -83.699904 -82.436435 -84.647812 -83.484114 -84.442485 -84.672146 
NaN NaN NaN NaN NaN NaN NaN NaN NaN NaN NaN NaN NaN NaN NaN NaN NaN NaN NaN NaN NaN NaN NaN NaN NaN NaN NaN NaN NaN NaN NaN NaN NaN NaN NaN NaN NaN NaN NaN NaN 
NaN NaN NaN NaN NaN NaN NaN NaN NaN NaN NaN NaN NaN NaN NaN NaN NaN NaN NaN NaN NaN NaN NaN NaN NaN NaN NaN NaN NaN NaN NaN NaN NaN NaN NaN NaN NaN NaN NaN NaN 
NaN NaN NaN NaN NaN NaN NaN NaN NaN NaN NaN NaN NaN NaN NaN NaN NaN NaN NaN NaN NaN NaN NaN NaN NaN NaN NaN NaN NaN NaN NaN NaN NaN NaN NaN NaN NaN NaN NaN NaN 
NaN NaN NaN NaN NaN NaN NaN NaN NaN NaN NaN NaN NaN NaN NaN NaN NaN NaN NaN NaN NaN NaN NaN NaN NaN NaN NaN NaN NaN NaN NaN NaN NaN NaN NaN NaN NaN NaN NaN NaN 
NaN NaN NaN NaN NaN NaN NaN NaN NaN NaN NaN NaN NaN NaN NaN NaN NaN NaN NaN NaN NaN NaN NaN NaN NaN NaN NaN NaN NaN NaN NaN NaN NaN NaN NaN NaN NaN NaN NaN NaN 
NaN NaN NaN NaN NaN NaN NaN NaN NaN NaN NaN NaN NaN NaN NaN NaN NaN NaN NaN NaN NaN NaN NaN NaN NaN NaN NaN NaN NaN NaN NaN NaN NaN NaN NaN NaN NaN NaN NaN NaN 
NaN NaN NaN NaN NaN NaN NaN NaN NaN NaN NaN NaN NaN NaN NaN NaN NaN NaN NaN NaN NaN NaN NaN NaN NaN NaN NaN NaN NaN NaN NaN NaN NaN NaN NaN NaN NaN NaN NaN NaN 
NaN NaN NaN NaN NaN NaN NaN NaN NaN NaN NaN NaN NaN NaN NaN NaN NaN NaN NaN NaN NaN NaN NaN NaN NaN NaN NaN NaN NaN NaN NaN NaN NaN NaN NaN NaN NaN NaN NaN NaN 
NaN NaN NaN NaN NaN NaN NaN NaN NaN NaN NaN NaN NaN NaN NaN NaN NaN NaN NaN NaN NaN NaN NaN NaN NaN NaN NaN NaN NaN NaN NaN NaN NaN NaN NaN NaN NaN NaN NaN NaN 
NaN NaN NaN NaN NaN NaN NaN NaN NaN NaN NaN NaN NaN NaN NaN NaN NaN NaN NaN NaN NaN NaN NaN NaN NaN NaN NaN NaN NaN NaN NaN NaN NaN NaN NaN NaN NaN NaN NaN NaN 
NaN NaN NaN NaN NaN NaN NaN NaN NaN NaN NaN NaN NaN NaN NaN NaN NaN NaN NaN NaN NaN NaN NaN NaN NaN NaN NaN NaN NaN NaN NaN NaN NaN NaN NaN NaN NaN NaN NaN NaN 
NaN NaN NaN NaN NaN NaN NaN NaN NaN NaN NaN NaN NaN NaN NaN NaN NaN NaN NaN NaN NaN NaN NaN NaN NaN NaN NaN NaN NaN NaN NaN NaN NaN NaN NaN NaN NaN NaN NaN NaN 
NaN NaN NaN NaN NaN NaN NaN NaN NaN NaN NaN NaN NaN NaN NaN NaN NaN NaN NaN NaN NaN NaN NaN NaN NaN NaN NaN NaN NaN NaN NaN NaN NaN NaN NaN NaN NaN NaN NaN NaN 
NaN NaN NaN NaN NaN NaN NaN NaN NaN NaN NaN NaN NaN NaN NaN NaN NaN NaN NaN NaN NaN NaN NaN NaN NaN NaN NaN NaN NaN NaN NaN NaN NaN NaN NaN NaN NaN NaN NaN NaN 
NaN NaN NaN NaN NaN NaN NaN NaN NaN NaN NaN NaN NaN NaN NaN NaN NaN NaN NaN NaN NaN NaN NaN NaN NaN NaN NaN NaN NaN NaN NaN NaN NaN NaN NaN NaN NaN NaN NaN NaN 
NaN NaN NaN NaN NaN NaN NaN NaN NaN NaN NaN NaN NaN NaN NaN NaN NaN NaN NaN NaN NaN NaN NaN NaN NaN NaN NaN NaN NaN NaN NaN NaN NaN NaN NaN NaN NaN NaN NaN NaN 
NaN NaN NaN NaN NaN NaN NaN NaN NaN NaN NaN NaN NaN NaN NaN NaN NaN NaN NaN NaN NaN NaN NaN NaN NaN NaN NaN NaN NaN NaN NaN NaN NaN NaN NaN NaN NaN NaN NaN NaN 
NaN NaN NaN NaN NaN NaN NaN NaN NaN NaN NaN NaN NaN NaN NaN NaN NaN NaN NaN NaN NaN NaN NaN NaN NaN NaN NaN NaN NaN NaN NaN NaN NaN NaN NaN NaN NaN NaN NaN NaN 
NaN NaN NaN NaN NaN NaN NaN NaN NaN NaN NaN NaN NaN NaN NaN NaN NaN NaN NaN NaN NaN NaN NaN NaN NaN NaN NaN NaN NaN NaN NaN NaN NaN NaN NaN NaN NaN NaN NaN NaN 
NaN NaN NaN NaN NaN NaN NaN NaN NaN NaN NaN NaN NaN NaN NaN NaN NaN NaN NaN NaN NaN NaN NaN NaN NaN NaN NaN NaN NaN NaN NaN NaN NaN NaN NaN NaN NaN NaN NaN NaN 
NaN NaN NaN NaN NaN NaN NaN NaN NaN NaN NaN NaN NaN NaN NaN NaN NaN NaN NaN NaN NaN NaN NaN NaN NaN NaN NaN NaN NaN NaN NaN NaN NaN NaN NaN NaN NaN NaN NaN NaN 
NaN NaN NaN NaN NaN NaN NaN NaN NaN NaN NaN NaN NaN NaN NaN NaN NaN NaN NaN NaN NaN NaN NaN NaN NaN NaN NaN NaN NaN NaN NaN NaN NaN NaN NaN NaN NaN NaN NaN NaN 
NaN NaN NaN NaN NaN NaN NaN NaN NaN NaN NaN NaN NaN NaN NaN NaN NaN NaN NaN NaN NaN NaN NaN NaN NaN NaN NaN NaN NaN NaN NaN NaN NaN NaN NaN NaN NaN NaN NaN NaN 
NaN NaN NaN NaN NaN NaN NaN NaN NaN NaN NaN NaN NaN NaN NaN NaN NaN NaN NaN NaN NaN NaN NaN NaN NaN NaN NaN NaN NaN NaN NaN NaN NaN NaN NaN NaN NaN NaN NaN NaN 
NaN NaN NaN NaN NaN NaN NaN NaN NaN NaN NaN NaN NaN NaN NaN NaN NaN NaN NaN NaN NaN NaN NaN NaN NaN NaN NaN NaN NaN NaN NaN NaN NaN NaN NaN NaN NaN NaN NaN NaN 
NaN NaN NaN NaN NaN NaN NaN NaN NaN NaN NaN NaN NaN NaN NaN NaN NaN NaN NaN NaN NaN NaN NaN NaN NaN NaN NaN NaN NaN NaN NaN NaN NaN NaN NaN NaN NaN NaN NaN NaN 
NaN NaN NaN NaN NaN NaN NaN NaN NaN NaN NaN NaN NaN NaN NaN NaN NaN NaN NaN NaN NaN NaN NaN NaN NaN NaN NaN NaN NaN NaN NaN NaN NaN NaN NaN NaN NaN NaN NaN NaN 
NaN NaN NaN NaN NaN NaN NaN NaN NaN NaN NaN NaN NaN NaN NaN NaN NaN NaN NaN NaN NaN NaN NaN NaN NaN NaN NaN NaN NaN NaN NaN NaN NaN NaN NaN NaN NaN NaN NaN NaN 
NaN NaN NaN NaN NaN NaN NaN NaN NaN NaN NaN NaN NaN NaN NaN NaN NaN NaN NaN NaN NaN NaN NaN NaN NaN NaN NaN NaN NaN NaN NaN NaN NaN NaN NaN NaN NaN NaN NaN NaN 
NaN NaN NaN NaN NaN NaN NaN NaN NaN NaN NaN NaN NaN NaN NaN NaN NaN NaN NaN NaN NaN NaN NaN NaN NaN NaN NaN NaN NaN NaN NaN NaN NaN NaN NaN NaN NaN NaN NaN NaN 
NaN NaN NaN NaN NaN NaN NaN NaN NaN NaN NaN NaN NaN NaN NaN NaN NaN NaN NaN NaN NaN NaN NaN NaN NaN NaN NaN NaN NaN NaN NaN NaN NaN NaN NaN NaN NaN NaN NaN NaN 
NaN NaN NaN NaN NaN NaN NaN NaN NaN NaN NaN NaN NaN NaN NaN NaN NaN NaN NaN NaN NaN NaN NaN NaN NaN NaN NaN NaN NaN NaN NaN NaN NaN NaN NaN NaN NaN NaN NaN NaN 
NaN NaN NaN NaN NaN NaN NaN NaN NaN NaN NaN NaN NaN NaN NaN NaN NaN NaN NaN NaN NaN NaN NaN NaN NaN NaN NaN NaN NaN NaN NaN NaN NaN NaN NaN NaN NaN NaN NaN NaN 
NaN NaN NaN NaN NaN NaN NaN NaN NaN NaN NaN NaN NaN NaN NaN NaN NaN NaN NaN NaN NaN NaN NaN NaN NaN NaN NaN NaN NaN NaN NaN NaN NaN NaN NaN NaN NaN NaN NaN NaN 
NaN NaN NaN NaN NaN NaN NaN NaN NaN NaN NaN NaN NaN NaN NaN NaN NaN NaN NaN NaN NaN NaN NaN NaN NaN NaN NaN NaN NaN NaN NaN NaN NaN NaN NaN NaN NaN NaN NaN NaN 
NaN NaN NaN NaN NaN NaN NaN NaN NaN NaN NaN NaN NaN NaN NaN NaN NaN NaN NaN NaN NaN NaN NaN NaN NaN NaN NaN NaN NaN NaN NaN NaN NaN NaN NaN NaN NaN NaN NaN NaN 
NaN NaN NaN NaN NaN NaN NaN NaN NaN NaN NaN NaN NaN NaN NaN NaN NaN NaN NaN NaN NaN NaN NaN NaN NaN NaN NaN NaN NaN NaN NaN NaN NaN NaN NaN NaN NaN NaN NaN NaN 
NaN NaN NaN NaN NaN NaN NaN NaN NaN NaN NaN NaN NaN NaN NaN NaN NaN NaN NaN NaN NaN NaN NaN NaN NaN NaN NaN NaN NaN NaN NaN NaN NaN NaN NaN NaN NaN NaN NaN NaN 
NaN NaN NaN NaN NaN NaN NaN NaN NaN NaN NaN NaN NaN NaN NaN NaN NaN NaN NaN NaN NaN NaN NaN NaN NaN NaN NaN NaN NaN NaN NaN NaN NaN NaN NaN NaN NaN NaN NaN NaN 
NaN NaN NaN NaN NaN NaN NaN NaN NaN NaN NaN NaN NaN NaN NaN NaN NaN NaN NaN NaN NaN NaN NaN NaN NaN NaN NaN NaN NaN NaN NaN NaN NaN NaN NaN NaN NaN NaN NaN NaN 
NaN NaN NaN NaN NaN NaN NaN NaN NaN NaN NaN NaN NaN NaN NaN NaN NaN NaN NaN NaN NaN NaN NaN NaN NaN NaN NaN NaN NaN NaN NaN NaN NaN NaN NaN NaN NaN NaN NaN NaN 
NaN NaN NaN NaN NaN NaN NaN NaN NaN NaN NaN NaN NaN NaN NaN NaN NaN NaN NaN NaN NaN NaN NaN NaN NaN NaN NaN NaN NaN NaN NaN NaN NaN NaN NaN NaN NaN NaN NaN NaN 
NaN NaN NaN NaN NaN NaN NaN NaN NaN NaN NaN NaN NaN NaN NaN NaN NaN NaN NaN NaN NaN NaN NaN NaN NaN NaN NaN NaN NaN NaN NaN NaN NaN NaN NaN NaN NaN NaN NaN NaN 
NaN NaN NaN NaN NaN NaN NaN NaN NaN NaN NaN NaN NaN NaN NaN NaN NaN NaN NaN NaN NaN NaN NaN NaN NaN NaN NaN NaN NaN NaN NaN NaN NaN NaN NaN NaN NaN NaN NaN NaN 
NaN NaN NaN NaN NaN NaN NaN NaN NaN NaN NaN NaN NaN NaN NaN NaN NaN NaN NaN NaN NaN NaN NaN NaN NaN NaN NaN NaN NaN NaN NaN NaN NaN NaN NaN NaN NaN NaN NaN NaN 
NaN NaN NaN NaN NaN NaN NaN NaN NaN NaN NaN NaN NaN NaN NaN NaN NaN NaN NaN NaN NaN NaN NaN NaN NaN NaN NaN NaN NaN NaN NaN NaN NaN NaN NaN NaN NaN NaN NaN NaN 
NaN NaN NaN NaN NaN NaN NaN NaN NaN NaN NaN NaN NaN NaN NaN NaN NaN NaN NaN NaN NaN NaN NaN NaN NaN NaN NaN NaN NaN NaN NaN NaN NaN NaN NaN NaN NaN NaN NaN NaN 
NaN NaN NaN NaN NaN NaN NaN NaN NaN NaN NaN NaN NaN NaN NaN NaN NaN NaN NaN NaN NaN NaN NaN NaN NaN NaN NaN NaN NaN NaN NaN NaN NaN NaN NaN NaN NaN NaN NaN NaN 
NaN NaN NaN NaN NaN NaN NaN NaN NaN NaN NaN NaN NaN NaN NaN NaN NaN NaN NaN NaN NaN NaN NaN NaN NaN NaN NaN NaN NaN NaN NaN NaN NaN NaN NaN NaN NaN NaN NaN NaN 
NaN NaN NaN NaN NaN NaN NaN NaN NaN NaN NaN NaN NaN NaN NaN NaN NaN NaN NaN NaN NaN NaN NaN NaN NaN NaN NaN NaN NaN NaN NaN NaN NaN NaN NaN NaN NaN NaN NaN NaN 
NaN NaN NaN NaN NaN NaN NaN NaN NaN NaN NaN NaN NaN NaN NaN NaN NaN NaN NaN NaN NaN NaN NaN NaN NaN NaN NaN NaN NaN NaN NaN NaN NaN NaN NaN NaN NaN NaN NaN NaN 
NaN NaN NaN NaN NaN NaN NaN NaN NaN NaN NaN NaN NaN NaN NaN NaN NaN NaN NaN NaN NaN NaN NaN NaN NaN NaN NaN NaN NaN NaN NaN NaN NaN NaN NaN NaN NaN NaN NaN NaN 
NaN NaN NaN NaN NaN NaN NaN NaN NaN NaN NaN NaN NaN NaN NaN NaN NaN NaN NaN NaN NaN NaN NaN NaN NaN NaN NaN NaN NaN NaN NaN NaN NaN NaN NaN NaN NaN NaN NaN NaN 
NaN NaN NaN NaN NaN NaN NaN NaN NaN NaN NaN NaN NaN NaN NaN NaN NaN NaN NaN NaN NaN NaN NaN NaN NaN NaN NaN NaN NaN NaN NaN NaN NaN NaN NaN NaN NaN NaN NaN NaN 
NaN NaN NaN NaN NaN NaN NaN NaN NaN NaN NaN NaN NaN NaN NaN NaN NaN NaN NaN NaN NaN NaN NaN NaN NaN NaN NaN NaN NaN NaN NaN NaN NaN NaN NaN NaN NaN NaN NaN NaN 
NaN NaN NaN NaN NaN NaN NaN NaN NaN NaN NaN NaN NaN NaN NaN NaN NaN NaN NaN NaN NaN NaN NaN NaN NaN NaN NaN NaN NaN NaN NaN NaN NaN NaN NaN NaN NaN NaN NaN NaN 
NaN NaN NaN NaN NaN NaN NaN NaN NaN NaN NaN NaN NaN NaN NaN NaN NaN NaN NaN NaN NaN NaN NaN NaN NaN NaN NaN NaN NaN NaN NaN NaN NaN NaN NaN NaN NaN NaN NaN NaN 
NaN NaN NaN NaN NaN NaN NaN NaN NaN NaN NaN NaN NaN NaN NaN NaN NaN NaN NaN NaN NaN NaN NaN NaN NaN NaN NaN NaN NaN NaN NaN NaN NaN NaN NaN NaN NaN NaN NaN NaN 
NaN NaN NaN NaN NaN NaN NaN NaN NaN NaN NaN NaN NaN NaN NaN NaN NaN NaN NaN NaN NaN NaN NaN NaN NaN NaN NaN NaN NaN NaN NaN NaN NaN NaN NaN NaN NaN NaN NaN NaN 
NaN NaN NaN NaN NaN NaN NaN NaN NaN NaN NaN NaN NaN NaN NaN NaN NaN NaN NaN NaN NaN NaN NaN NaN NaN NaN NaN NaN NaN NaN NaN NaN NaN NaN NaN NaN NaN NaN NaN NaN 
NaN NaN NaN NaN NaN NaN NaN NaN NaN NaN NaN NaN NaN NaN NaN NaN NaN NaN NaN NaN NaN NaN NaN NaN NaN NaN NaN NaN NaN NaN NaN NaN NaN NaN NaN NaN NaN NaN NaN NaN 
NaN NaN NaN NaN NaN NaN NaN NaN NaN NaN NaN NaN NaN NaN NaN NaN NaN NaN NaN NaN NaN NaN NaN NaN NaN NaN NaN NaN NaN NaN NaN NaN NaN NaN NaN NaN NaN NaN NaN NaN 
NaN NaN NaN NaN NaN NaN NaN NaN NaN NaN NaN NaN NaN NaN NaN NaN NaN NaN NaN NaN NaN NaN NaN NaN NaN NaN NaN NaN NaN NaN NaN NaN NaN NaN NaN NaN NaN NaN NaN NaN 
NaN NaN NaN NaN NaN NaN NaN NaN NaN NaN NaN NaN NaN NaN NaN NaN NaN NaN NaN NaN NaN NaN NaN NaN NaN NaN NaN NaN NaN NaN NaN NaN NaN NaN NaN NaN NaN NaN NaN NaN 
NaN NaN NaN NaN NaN NaN NaN NaN NaN NaN NaN NaN NaN NaN NaN NaN NaN NaN NaN NaN NaN NaN NaN NaN NaN NaN NaN NaN NaN NaN NaN NaN NaN NaN NaN NaN NaN NaN NaN NaN 
NaN NaN NaN NaN NaN NaN NaN NaN NaN NaN NaN NaN NaN NaN NaN NaN NaN NaN NaN NaN NaN NaN NaN NaN NaN NaN NaN NaN NaN NaN NaN NaN NaN NaN NaN NaN NaN NaN NaN NaN 
NaN NaN NaN NaN NaN NaN NaN NaN NaN NaN NaN NaN NaN NaN NaN NaN NaN NaN NaN NaN NaN NaN NaN NaN NaN NaN NaN NaN NaN NaN NaN NaN NaN NaN NaN NaN NaN NaN NaN NaN 
NaN NaN NaN NaN NaN NaN NaN NaN NaN NaN NaN NaN NaN NaN NaN NaN NaN NaN NaN NaN NaN NaN NaN NaN NaN NaN NaN NaN NaN NaN NaN NaN NaN NaN NaN NaN NaN NaN NaN NaN 
NaN NaN NaN NaN NaN NaN NaN NaN NaN NaN NaN NaN NaN NaN NaN NaN NaN NaN NaN NaN NaN NaN NaN NaN NaN NaN NaN NaN NaN NaN NaN NaN NaN NaN NaN NaN NaN NaN NaN NaN 
NaN NaN NaN NaN NaN NaN NaN NaN NaN NaN NaN NaN NaN NaN NaN NaN NaN NaN NaN NaN NaN NaN NaN NaN NaN NaN NaN NaN NaN NaN NaN NaN NaN NaN NaN NaN NaN NaN NaN NaN 
NaN NaN NaN NaN NaN NaN NaN NaN NaN NaN NaN NaN NaN NaN NaN NaN NaN NaN NaN NaN NaN NaN NaN NaN NaN NaN NaN NaN NaN NaN NaN NaN NaN NaN NaN NaN NaN NaN NaN NaN 
NaN NaN NaN NaN NaN NaN NaN NaN NaN NaN NaN NaN NaN NaN NaN NaN NaN NaN NaN NaN NaN NaN NaN NaN NaN NaN NaN NaN NaN NaN NaN NaN NaN NaN NaN NaN NaN NaN NaN NaN 
NaN NaN NaN NaN NaN NaN NaN NaN NaN NaN NaN NaN NaN NaN NaN NaN NaN NaN NaN NaN NaN NaN NaN NaN NaN NaN NaN NaN NaN NaN NaN NaN NaN NaN NaN NaN NaN NaN NaN NaN 
NaN NaN NaN NaN NaN NaN NaN NaN NaN NaN NaN NaN NaN NaN NaN NaN NaN NaN NaN NaN NaN NaN NaN NaN NaN NaN NaN NaN NaN NaN NaN NaN NaN NaN NaN NaN NaN NaN NaN NaN 
NaN NaN NaN NaN NaN NaN NaN NaN NaN NaN NaN NaN NaN NaN NaN NaN NaN NaN NaN NaN NaN NaN NaN NaN NaN NaN NaN NaN NaN NaN NaN NaN NaN NaN NaN NaN NaN NaN NaN NaN 
NaN NaN NaN NaN NaN NaN NaN NaN NaN NaN NaN NaN NaN NaN NaN NaN NaN NaN NaN NaN NaN NaN NaN NaN NaN NaN NaN NaN NaN NaN NaN NaN NaN NaN NaN NaN NaN NaN NaN NaN 
