NaN NaN NaN NaN NaN NaN NaN NaN NaN NaN NaN NaN NaN NaN NaN NaN NaN NaN NaN NaN NaN NaN NaN NaN NaN NaN NaN NaN NaN NaN NaN NaN NaN NaN NaN NaN NaN NaN NaN NaN 
NaN NaN NaN NaN NaN NaN NaN NaN NaN NaN NaN NaN NaN NaN NaN NaN NaN NaN NaN NaN NaN NaN NaN NaN NaN NaN NaN NaN NaN NaN NaN NaN NaN NaN NaN NaN NaN NaN NaN NaN 
NaN NaN NaN NaN NaN NaN NaN NaN NaN NaN NaN NaN NaN NaN NaN NaN NaN NaN NaN NaN NaN NaN NaN NaN NaN NaN NaN NaN NaN NaN NaN NaN NaN NaN NaN NaN NaN NaN NaN NaN 
NaN NaN NaN NaN NaN NaN NaN NaN NaN NaN NaN NaN NaN NaN NaN NaN NaN NaN NaN NaN NaN NaN NaN NaN NaN NaN NaN NaN NaN NaN NaN NaN NaN NaN NaN NaN NaN NaN NaN NaN 
NaN NaN NaN NaN NaN NaN NaN NaN NaN NaN NaN NaN NaN NaN NaN NaN NaN NaN NaN NaN NaN NaN NaN NaN NaN NaN NaN NaN NaN NaN NaN NaN NaN NaN NaN NaN NaN NaN NaN NaN 
NaN NaN NaN NaN NaN NaN NaN NaN NaN NaN NaN NaN NaN NaN NaN NaN NaN NaN NaN NaN NaN NaN NaN NaN NaN NaN NaN NaN NaN NaN NaN NaN NaN NaN NaN NaN NaN NaN NaN NaN 
NaN NaN NaN NaN NaN NaN NaN NaN NaN NaN NaN NaN NaN NaN NaN NaN NaN NaN NaN NaN NaN NaN NaN NaN NaN NaN NaN NaN NaN NaN NaN NaN NaN NaN NaN NaN NaN NaN NaN NaN 
NaN NaN NaN NaN NaN NaN NaN NaN NaN NaN NaN NaN NaN NaN NaN NaN NaN NaN NaN NaN NaN NaN NaN NaN NaN NaN NaN NaN NaN NaN NaN NaN NaN NaN NaN NaN NaN NaN NaN NaN 
NaN NaN NaN NaN NaN NaN NaN NaN NaN NaN NaN NaN NaN NaN NaN NaN NaN NaN NaN NaN NaN NaN NaN NaN NaN NaN NaN NaN NaN NaN NaN NaN NaN NaN NaN NaN NaN NaN NaN NaN 
NaN NaN NaN NaN NaN NaN NaN NaN NaN NaN NaN NaN NaN NaN NaN NaN NaN NaN NaN NaN NaN NaN NaN NaN NaN NaN NaN NaN NaN NaN NaN NaN NaN NaN NaN NaN NaN NaN NaN NaN 
NaN NaN NaN NaN NaN NaN NaN NaN NaN NaN NaN NaN NaN NaN NaN NaN NaN NaN NaN NaN NaN NaN NaN NaN NaN NaN NaN NaN NaN NaN NaN NaN NaN NaN NaN NaN NaN NaN NaN NaN 
NaN NaN NaN NaN NaN NaN NaN NaN NaN NaN NaN NaN NaN NaN NaN NaN NaN NaN NaN NaN NaN NaN NaN NaN NaN NaN NaN NaN NaN NaN NaN NaN NaN NaN NaN NaN NaN NaN NaN NaN 
NaN NaN NaN NaN NaN NaN NaN NaN NaN NaN NaN NaN NaN NaN NaN NaN NaN NaN NaN NaN NaN NaN NaN NaN NaN NaN NaN NaN NaN NaN NaN NaN NaN NaN NaN NaN NaN NaN NaN NaN 
NaN NaN NaN NaN NaN NaN NaN NaN NaN NaN NaN NaN NaN NaN NaN NaN NaN NaN NaN NaN NaN NaN NaN NaN NaN NaN NaN NaN NaN NaN NaN NaN NaN NaN NaN NaN NaN NaN NaN NaN 
NaN NaN NaN NaN NaN NaN NaN NaN NaN NaN NaN NaN NaN NaN NaN NaN NaN NaN NaN NaN NaN NaN NaN NaN NaN NaN NaN NaN NaN NaN NaN NaN NaN NaN NaN NaN NaN NaN NaN NaN 
NaN NaN NaN NaN NaN NaN NaN NaN NaN NaN NaN NaN NaN NaN NaN NaN NaN NaN NaN NaN NaN NaN NaN NaN NaN NaN NaN NaN NaN NaN NaN NaN NaN NaN NaN NaN NaN NaN NaN NaN 
NaN NaN NaN NaN NaN NaN NaN NaN NaN NaN NaN NaN NaN NaN NaN NaN NaN NaN NaN NaN NaN NaN NaN NaN NaN NaN NaN NaN NaN NaN NaN NaN NaN NaN NaN NaN NaN NaN NaN NaN 
NaN NaN NaN NaN NaN NaN NaN NaN NaN NaN NaN NaN NaN NaN NaN NaN NaN NaN NaN NaN NaN NaN NaN NaN NaN NaN NaN NaN NaN NaN NaN NaN NaN NaN NaN NaN NaN NaN NaN NaN 
NaN NaN NaN NaN NaN NaN NaN NaN NaN NaN NaN NaN NaN NaN NaN NaN NaN NaN NaN NaN NaN NaN NaN NaN NaN NaN NaN NaN NaN NaN NaN NaN NaN NaN NaN NaN NaN NaN NaN NaN 
NaN NaN NaN NaN NaN NaN NaN NaN NaN NaN NaN NaN NaN NaN NaN NaN NaN NaN NaN NaN NaN NaN NaN NaN NaN NaN NaN NaN NaN NaN NaN NaN NaN NaN NaN NaN NaN NaN NaN NaN 
NaN NaN NaN NaN NaN NaN NaN NaN NaN NaN NaN NaN NaN NaN NaN NaN NaN NaN NaN NaN NaN NaN NaN NaN NaN NaN NaN NaN NaN NaN NaN NaN NaN NaN NaN NaN NaN NaN NaN NaN 
NaN NaN NaN NaN NaN NaN NaN NaN NaN NaN NaN NaN NaN NaN NaN NaN NaN NaN NaN NaN NaN NaN NaN NaN NaN NaN NaN NaN NaN NaN NaN NaN NaN NaN NaN NaN NaN NaN NaN NaN 
NaN NaN NaN NaN NaN NaN NaN NaN NaN NaN NaN NaN NaN NaN NaN NaN NaN NaN NaN NaN NaN NaN NaN NaN NaN NaN NaN NaN NaN NaN NaN NaN NaN NaN NaN NaN NaN NaN NaN NaN 
NaN NaN NaN NaN NaN NaN NaN NaN NaN NaN NaN NaN NaN NaN NaN NaN NaN NaN NaN NaN NaN NaN NaN NaN NaN NaN NaN NaN NaN NaN NaN NaN NaN NaN NaN NaN NaN NaN NaN NaN 
NaN NaN NaN NaN NaN NaN NaN NaN NaN NaN NaN NaN NaN NaN NaN NaN NaN NaN NaN NaN NaN NaN NaN NaN NaN NaN NaN NaN NaN NaN NaN NaN NaN NaN NaN NaN NaN NaN NaN NaN 
NaN NaN NaN NaN NaN NaN NaN NaN NaN NaN NaN NaN NaN NaN NaN NaN NaN NaN NaN NaN NaN NaN NaN NaN NaN NaN NaN NaN NaN NaN NaN NaN NaN NaN NaN NaN NaN NaN NaN NaN 
NaN NaN NaN NaN NaN NaN NaN NaN NaN NaN NaN NaN NaN NaN NaN NaN NaN NaN NaN NaN NaN NaN NaN NaN NaN NaN NaN NaN NaN NaN NaN NaN NaN NaN NaN NaN NaN NaN NaN NaN 
NaN NaN NaN NaN NaN NaN NaN NaN NaN NaN NaN NaN NaN NaN NaN NaN NaN NaN NaN NaN NaN NaN NaN NaN NaN NaN NaN NaN NaN NaN NaN NaN NaN NaN NaN NaN NaN NaN NaN NaN 
NaN NaN NaN NaN NaN NaN NaN NaN NaN NaN NaN NaN NaN NaN NaN NaN NaN NaN NaN NaN NaN NaN NaN NaN NaN NaN NaN NaN NaN NaN NaN NaN NaN NaN NaN NaN NaN NaN NaN NaN 
NaN NaN NaN NaN NaN NaN NaN NaN NaN NaN NaN NaN NaN NaN NaN NaN NaN NaN NaN NaN NaN NaN NaN NaN NaN NaN NaN NaN NaN NaN NaN NaN NaN NaN NaN NaN NaN NaN NaN NaN 
NaN NaN NaN NaN NaN NaN NaN NaN NaN NaN NaN NaN NaN NaN NaN NaN NaN NaN NaN NaN NaN NaN NaN NaN NaN NaN NaN NaN NaN NaN NaN NaN NaN NaN NaN NaN NaN NaN NaN NaN 
NaN NaN NaN NaN NaN NaN NaN NaN NaN NaN NaN NaN NaN NaN NaN NaN NaN NaN NaN NaN NaN NaN NaN NaN NaN NaN NaN NaN NaN NaN NaN NaN NaN NaN NaN NaN NaN NaN NaN NaN 
NaN NaN NaN NaN NaN NaN NaN NaN NaN NaN NaN NaN NaN NaN NaN NaN NaN NaN NaN NaN NaN NaN NaN NaN NaN NaN NaN NaN NaN NaN NaN NaN NaN NaN NaN NaN NaN NaN NaN NaN 
NaN NaN NaN NaN NaN NaN NaN NaN NaN NaN NaN NaN NaN NaN NaN NaN NaN NaN NaN NaN NaN NaN NaN NaN NaN NaN NaN NaN NaN NaN NaN NaN NaN NaN NaN NaN NaN NaN NaN NaN 
NaN NaN NaN NaN NaN NaN NaN NaN NaN NaN NaN NaN NaN NaN NaN NaN NaN NaN NaN NaN NaN NaN NaN NaN NaN NaN NaN NaN NaN NaN NaN NaN NaN NaN NaN NaN NaN NaN NaN NaN 
NaN NaN NaN NaN NaN NaN NaN NaN NaN NaN NaN NaN NaN NaN NaN NaN NaN NaN NaN NaN NaN NaN NaN NaN NaN NaN NaN NaN NaN NaN NaN NaN NaN NaN NaN NaN NaN NaN NaN NaN 
NaN NaN NaN NaN NaN NaN NaN NaN NaN NaN NaN NaN NaN NaN NaN NaN NaN NaN NaN NaN NaN NaN NaN NaN NaN NaN NaN NaN NaN NaN NaN NaN NaN NaN NaN NaN NaN NaN NaN NaN 
NaN NaN NaN NaN NaN NaN NaN NaN NaN NaN NaN NaN NaN NaN NaN NaN NaN NaN NaN NaN NaN NaN NaN NaN NaN NaN NaN NaN NaN NaN NaN NaN NaN NaN NaN NaN NaN NaN NaN NaN 
NaN NaN NaN NaN NaN NaN NaN NaN NaN NaN NaN NaN NaN NaN NaN NaN NaN NaN NaN NaN NaN NaN NaN NaN NaN NaN NaN NaN NaN NaN NaN NaN NaN NaN NaN NaN NaN NaN NaN NaN 
NaN NaN NaN NaN NaN NaN NaN NaN NaN NaN NaN NaN NaN NaN NaN NaN NaN NaN NaN NaN NaN NaN NaN NaN NaN NaN NaN NaN NaN NaN NaN NaN NaN NaN NaN NaN NaN NaN NaN NaN 
NaN NaN NaN NaN NaN NaN NaN NaN NaN NaN NaN NaN NaN NaN NaN NaN NaN NaN NaN NaN NaN NaN NaN NaN NaN NaN NaN NaN NaN NaN NaN NaN NaN NaN NaN NaN NaN NaN NaN NaN 
NaN NaN NaN NaN NaN NaN NaN NaN NaN NaN NaN NaN NaN NaN NaN NaN NaN NaN NaN NaN NaN NaN NaN NaN NaN NaN NaN NaN NaN NaN NaN NaN NaN NaN NaN NaN NaN NaN NaN NaN 
NaN NaN NaN NaN NaN NaN NaN NaN NaN NaN NaN NaN NaN NaN NaN NaN NaN NaN NaN NaN NaN NaN NaN NaN NaN NaN NaN NaN NaN NaN NaN NaN NaN NaN NaN NaN NaN NaN NaN NaN 
NaN NaN NaN NaN NaN NaN NaN NaN NaN NaN NaN NaN NaN NaN NaN NaN NaN NaN NaN NaN NaN NaN NaN NaN NaN NaN NaN NaN NaN NaN NaN NaN NaN NaN NaN NaN NaN NaN NaN NaN 
NaN NaN NaN NaN NaN NaN NaN NaN NaN NaN NaN NaN NaN NaN NaN NaN NaN NaN NaN NaN NaN NaN NaN NaN NaN NaN NaN NaN NaN NaN NaN NaN NaN NaN NaN NaN NaN NaN NaN NaN 
NaN NaN NaN NaN NaN NaN NaN NaN NaN NaN NaN NaN NaN NaN NaN NaN NaN NaN NaN NaN NaN NaN NaN NaN NaN NaN NaN NaN NaN NaN NaN NaN NaN NaN NaN NaN NaN NaN NaN NaN 
NaN NaN NaN NaN NaN NaN NaN NaN NaN NaN NaN NaN NaN NaN NaN NaN NaN NaN NaN NaN NaN NaN NaN NaN NaN NaN NaN NaN NaN NaN NaN NaN NaN NaN NaN NaN NaN NaN NaN NaN 
NaN NaN NaN NaN NaN NaN NaN NaN NaN NaN NaN NaN NaN NaN NaN NaN NaN NaN NaN NaN NaN NaN NaN NaN NaN NaN NaN NaN NaN NaN NaN NaN NaN NaN NaN NaN NaN NaN NaN NaN 
NaN NaN NaN NaN NaN NaN NaN NaN NaN NaN NaN NaN NaN NaN NaN NaN NaN NaN NaN NaN NaN NaN NaN NaN NaN NaN NaN NaN NaN NaN NaN NaN NaN NaN NaN NaN NaN NaN NaN NaN 
NaN NaN NaN NaN NaN NaN NaN NaN NaN NaN NaN NaN NaN NaN NaN NaN NaN NaN NaN NaN NaN NaN NaN NaN NaN NaN NaN NaN NaN NaN NaN NaN NaN NaN NaN NaN NaN NaN NaN NaN 
NaN NaN NaN NaN NaN NaN NaN NaN NaN NaN NaN NaN NaN NaN NaN NaN NaN NaN NaN NaN NaN NaN NaN NaN NaN NaN NaN NaN NaN NaN NaN NaN NaN NaN NaN NaN NaN NaN NaN NaN 
NaN NaN NaN NaN NaN NaN NaN NaN NaN NaN NaN NaN NaN NaN NaN NaN NaN NaN NaN NaN NaN NaN NaN NaN NaN NaN NaN NaN NaN NaN NaN NaN NaN NaN NaN NaN NaN NaN NaN NaN 
NaN NaN NaN NaN NaN NaN NaN NaN NaN NaN NaN NaN NaN NaN NaN NaN NaN NaN NaN NaN NaN NaN NaN NaN NaN NaN NaN NaN NaN NaN NaN NaN NaN NaN NaN NaN NaN NaN NaN NaN 
NaN NaN NaN NaN NaN NaN NaN NaN NaN NaN NaN NaN NaN NaN NaN NaN NaN NaN NaN NaN NaN NaN NaN NaN NaN NaN NaN NaN NaN NaN NaN NaN NaN NaN NaN NaN NaN NaN NaN NaN 
NaN NaN NaN NaN NaN NaN NaN NaN NaN NaN NaN NaN NaN NaN NaN NaN NaN NaN NaN NaN NaN NaN NaN NaN NaN NaN NaN NaN NaN NaN NaN NaN NaN NaN NaN NaN NaN NaN NaN NaN 
NaN NaN NaN NaN NaN NaN NaN NaN NaN NaN NaN NaN NaN NaN NaN NaN NaN NaN NaN NaN NaN NaN NaN NaN NaN NaN NaN NaN NaN NaN NaN NaN NaN NaN NaN NaN NaN NaN NaN NaN 
NaN NaN NaN NaN NaN NaN NaN NaN NaN NaN NaN NaN NaN NaN NaN NaN NaN NaN NaN NaN NaN NaN NaN NaN NaN NaN NaN NaN NaN NaN NaN NaN NaN NaN NaN NaN NaN NaN NaN NaN 
NaN NaN NaN NaN NaN NaN NaN NaN NaN NaN NaN NaN NaN NaN NaN NaN NaN NaN NaN NaN NaN NaN NaN NaN NaN NaN NaN NaN NaN NaN NaN NaN NaN NaN NaN NaN NaN NaN NaN NaN 
NaN NaN NaN NaN NaN NaN NaN NaN NaN NaN NaN NaN NaN NaN NaN NaN NaN NaN NaN NaN NaN NaN NaN NaN NaN NaN NaN NaN NaN NaN NaN NaN NaN NaN NaN NaN NaN NaN NaN NaN 
NaN NaN NaN NaN NaN NaN NaN NaN NaN NaN NaN NaN NaN NaN NaN NaN NaN NaN NaN NaN NaN NaN NaN NaN NaN NaN NaN NaN NaN NaN NaN NaN NaN NaN NaN NaN NaN NaN NaN NaN 
NaN NaN NaN NaN NaN NaN NaN NaN NaN NaN NaN NaN NaN NaN NaN NaN NaN NaN NaN NaN NaN NaN NaN NaN NaN NaN NaN NaN NaN NaN NaN NaN NaN NaN NaN NaN NaN NaN NaN NaN 
NaN NaN NaN NaN NaN NaN NaN NaN NaN NaN NaN NaN NaN NaN NaN NaN NaN NaN NaN NaN NaN NaN NaN NaN NaN NaN NaN NaN NaN NaN NaN NaN NaN NaN NaN NaN NaN NaN NaN NaN 
NaN NaN NaN NaN NaN NaN NaN NaN NaN NaN NaN NaN NaN NaN NaN NaN NaN NaN NaN NaN NaN NaN NaN NaN NaN NaN NaN NaN NaN NaN NaN NaN NaN NaN NaN NaN NaN NaN NaN NaN 
NaN NaN NaN NaN NaN NaN NaN NaN NaN NaN NaN NaN NaN NaN NaN NaN NaN NaN NaN NaN NaN NaN NaN NaN NaN NaN NaN NaN NaN NaN NaN NaN NaN NaN NaN NaN NaN NaN NaN NaN 
NaN NaN NaN NaN NaN NaN NaN NaN NaN NaN NaN NaN NaN NaN NaN NaN NaN NaN NaN NaN NaN NaN NaN NaN NaN NaN NaN NaN NaN NaN NaN NaN NaN NaN NaN NaN NaN NaN NaN NaN 
NaN NaN NaN NaN NaN NaN NaN NaN NaN NaN NaN NaN NaN NaN NaN NaN NaN NaN NaN NaN NaN NaN NaN NaN NaN NaN NaN NaN NaN NaN NaN NaN NaN NaN NaN NaN NaN NaN NaN NaN 
NaN NaN NaN NaN NaN NaN NaN NaN NaN NaN NaN NaN NaN NaN NaN NaN NaN NaN NaN NaN NaN NaN NaN NaN NaN NaN NaN NaN NaN NaN NaN NaN NaN NaN NaN NaN NaN NaN NaN NaN 
NaN NaN NaN NaN NaN NaN NaN NaN NaN NaN NaN NaN NaN NaN NaN NaN NaN NaN NaN NaN NaN NaN NaN NaN NaN NaN NaN NaN NaN NaN NaN NaN NaN NaN NaN NaN NaN NaN NaN NaN 
NaN NaN NaN NaN NaN NaN NaN NaN NaN NaN NaN NaN NaN NaN NaN NaN NaN NaN NaN NaN NaN NaN NaN NaN NaN NaN NaN NaN NaN NaN NaN NaN NaN NaN NaN NaN NaN NaN NaN NaN 
NaN NaN NaN NaN NaN NaN NaN NaN NaN NaN NaN NaN NaN NaN NaN NaN NaN NaN NaN NaN NaN NaN NaN NaN NaN NaN NaN NaN NaN NaN NaN NaN NaN NaN NaN NaN NaN NaN NaN NaN 
NaN NaN NaN NaN NaN NaN NaN NaN NaN NaN NaN NaN NaN NaN NaN NaN NaN NaN NaN NaN NaN NaN NaN NaN NaN NaN NaN NaN NaN NaN NaN NaN NaN NaN NaN NaN NaN NaN NaN NaN 
NaN NaN NaN NaN NaN NaN NaN NaN NaN NaN NaN NaN NaN NaN NaN NaN NaN NaN NaN NaN NaN NaN NaN NaN NaN NaN NaN NaN NaN NaN NaN NaN NaN NaN NaN NaN NaN NaN NaN NaN 
NaN NaN NaN NaN NaN NaN NaN NaN NaN NaN NaN NaN NaN NaN NaN NaN NaN NaN NaN NaN NaN NaN NaN NaN NaN NaN NaN NaN NaN NaN NaN NaN NaN NaN NaN NaN NaN NaN NaN NaN 
NaN NaN NaN NaN NaN NaN NaN NaN NaN NaN NaN NaN NaN NaN NaN NaN NaN NaN NaN NaN NaN NaN NaN NaN NaN NaN NaN NaN NaN NaN NaN NaN NaN NaN NaN NaN NaN NaN NaN NaN 
NaN NaN NaN NaN NaN NaN NaN NaN NaN NaN NaN NaN NaN NaN NaN NaN NaN NaN NaN NaN NaN NaN NaN NaN NaN NaN NaN NaN NaN NaN NaN NaN NaN NaN NaN NaN NaN NaN NaN NaN 
NaN NaN NaN NaN NaN NaN NaN NaN NaN NaN NaN NaN NaN NaN NaN NaN NaN NaN NaN NaN NaN NaN NaN NaN NaN NaN NaN NaN NaN NaN NaN NaN NaN NaN NaN NaN NaN NaN NaN NaN 
NaN NaN NaN NaN NaN NaN NaN NaN NaN NaN NaN NaN NaN NaN NaN NaN NaN NaN NaN NaN NaN NaN NaN NaN NaN NaN NaN NaN NaN NaN NaN NaN NaN NaN NaN NaN NaN NaN NaN NaN 
NaN NaN NaN NaN NaN NaN NaN NaN NaN NaN NaN NaN NaN NaN NaN NaN NaN NaN NaN NaN NaN NaN NaN NaN NaN NaN NaN NaN NaN NaN NaN NaN NaN NaN NaN NaN NaN NaN NaN NaN 
NaN NaN NaN NaN NaN NaN NaN NaN NaN NaN NaN NaN NaN NaN NaN NaN NaN NaN NaN NaN NaN NaN NaN NaN NaN NaN NaN NaN NaN NaN NaN NaN NaN NaN NaN NaN NaN NaN NaN NaN 
NaN NaN NaN NaN NaN NaN NaN NaN NaN NaN NaN NaN NaN NaN NaN NaN NaN NaN NaN NaN NaN NaN NaN NaN NaN NaN NaN NaN NaN NaN NaN NaN NaN NaN NaN NaN NaN NaN NaN NaN 
NaN NaN NaN NaN NaN NaN NaN NaN NaN NaN NaN NaN NaN NaN NaN NaN NaN NaN NaN NaN NaN NaN NaN NaN NaN NaN NaN NaN NaN NaN NaN NaN NaN NaN NaN NaN NaN NaN NaN NaN 
NaN NaN NaN NaN NaN NaN NaN NaN NaN NaN NaN NaN NaN NaN NaN NaN NaN NaN NaN NaN NaN NaN NaN NaN NaN NaN NaN NaN NaN NaN NaN NaN NaN NaN NaN NaN NaN NaN NaN NaN 
NaN NaN NaN NaN NaN NaN NaN NaN NaN NaN NaN NaN NaN NaN NaN NaN NaN NaN NaN NaN NaN NaN NaN NaN NaN NaN NaN NaN NaN NaN NaN NaN NaN NaN NaN NaN NaN NaN NaN NaN 
NaN NaN NaN NaN NaN NaN NaN NaN NaN NaN NaN NaN NaN NaN NaN NaN NaN NaN NaN NaN NaN NaN NaN NaN NaN NaN NaN NaN NaN NaN NaN NaN NaN NaN NaN NaN NaN NaN NaN NaN 
NaN NaN NaN NaN NaN NaN NaN NaN NaN NaN NaN NaN NaN NaN NaN NaN NaN NaN NaN NaN NaN NaN NaN NaN NaN NaN NaN NaN NaN NaN NaN NaN NaN NaN NaN NaN NaN NaN NaN NaN 
NaN NaN NaN NaN NaN NaN NaN NaN NaN NaN NaN NaN NaN NaN NaN NaN NaN NaN NaN NaN NaN NaN NaN NaN NaN NaN NaN NaN NaN NaN NaN NaN NaN NaN NaN NaN NaN NaN NaN NaN 
NaN NaN NaN NaN NaN NaN NaN NaN NaN NaN NaN NaN NaN NaN NaN NaN NaN NaN NaN NaN NaN NaN NaN NaN NaN NaN NaN NaN NaN NaN NaN NaN NaN NaN NaN NaN NaN NaN NaN NaN 
-68.652132 -71.702309 -75.766737 -77.226045 -78.093250 -81.745648 -84.485268 -89.846545 -87.476038 -84.879591 -83.274998 -83.058324 -86.858485 -93.187440 -91.683408 -85.780767 -87.754295 -92.154345 -86.016553 -83.947163 -82.917996 -85.117679 -90.756252 -89.802532 -89.395939 -89.999571 -84.133652 -83.275217 -84.530233 -87.186724 -85.913933 -88.334711 -84.935988 -85.929651 -85.556146 -83.656547 -87.107175 -89.979455 -88.923486 -89.512253 
-54.447209 -66.981935 -72.409939 -66.959143 -71.832314 -71.704328 -75.062208 -74.759551 -71.404722 -75.706499 -73.915682 -75.387135 -77.765505 -78.227448 -77.156540 -73.854214 -73.070122 -71.897047 -73.259512 -71.978525 -72.663485 -73.537086 -74.541625 -73.043727 -74.142022 -76.615777 -73.635453 -71.178745 -72.556224 -75.890238 -70.294266 -71.766617 -75.463112 -74.326190 -73.316014 -73.493591 -75.711336 -75.104445 -72.751218 -76.116491 
-55.371648 -75.919418 -75.576231 -69.960573 -66.979129 -71.115956 -76.372744 -79.572771 -73.633151 -70.518623 -69.054239 -71.142178 -77.506895 -70.567519 -69.755001 -69.666893 -65.974863 -68.903242 -70.046235 -72.757765 -71.798482 -72.443546 -71.453177 -72.884055 -77.657749 -71.147744 -71.565163 -71.486183 -71.416021 -75.569195 -72.095353 -71.287101 -72.809611 -71.646810 -73.294504 -69.326111 -69.924427 -72.689765 -73.425910 -74.031301 
-53.592227 -70.106169 -64.355795 -63.584240 -65.162619 -65.152893 -69.827435 -75.957752 -76.882257 -66.951777 -71.453177 -70.805619 -66.544093 -64.694453 -69.343437 -68.184833 -65.002317 -66.826361 -67.768282 -67.818949 -67.613113 -69.990877 -68.532509 -69.450870 -73.965403 -72.641598 -68.696879 -69.817037 -67.584885 -72.687525 -70.604969 -72.007213 -73.125444 -72.554958 -68.986018 -69.419935 -68.106193 -75.027399 -73.036829 -75.082109 
-50.108773 -48.556785 -44.084313 -44.355918 -45.649370 -47.004251 -48.713717 -50.310061 -51.763193 -51.865005 -53.047979 -51.462627 -51.137591 -53.026548 -52.971889 -53.114504 -54.923670 -55.061455 -55.529873 -56.023207 -58.406916 -58.830290 -60.204341 -61.915537 -59.738680 -62.874508 -60.287959 -60.162649 -64.406375 -71.860899 -69.167640 -67.985947 -70.892248 -67.854022 -63.926635 -66.809129 -67.100127 -69.574111 -67.299038 -71.611769 
-34.260025 -29.536179 -30.462927 -37.657259 -45.670267 -43.386132 -49.842790 -47.448177 -53.002559 -52.592698 -53.101585 -50.639254 -51.292134 -53.541043 -52.950955 -54.000156 -56.632463 -55.553256 -56.547442 -53.892698 -59.354264 -57.660385 -57.186533 -61.112883 -59.070538 -61.663794 -58.861640 -58.715348 -63.095761 -65.615342 -61.736490 -63.683383 -67.641384 -62.666953 -65.949968 -64.141920 -63.213286 -63.419982 -63.807606 -66.149662 
-20.112815 -20.034190 -31.056269 -47.757097 -42.280342 -48.948245 -52.925951 -54.483397 -56.844749 -54.129454 -56.605248 -59.861166 -60.082124 -58.942596 -61.250295 -66.660811 -62.619717 -64.724230 -61.632023 -59.104794 -61.347226 -58.653120 -60.698560 -61.078473 -61.882067 -59.617041 -61.508269 -60.883904 -62.344186 -62.916332 -64.472115 -64.365879 -65.347611 -64.819431 -63.952466 -65.120044 -63.756134 -63.939300 -66.024476 -69.268944 
-19.949866 -21.768379 -34.588826 -47.642885 -49.114351 -49.686906 -52.208690 -58.017371 -57.825841 -55.787313 -60.465213 -59.772183 -61.720269 -66.983864 -60.725827 -61.210787 -66.688243 -67.549503 -60.798676 -61.772354 -65.231384 -65.842304 -65.189780 -62.622663 -64.552360 -63.059450 -62.704433 -65.820711 -62.428381 -64.252333 -66.356688 -63.912380 -67.641700 -67.709566 -69.980550 -65.943600 -65.115131 -68.729546 -71.423521 -67.573011 
-23.654067 -28.848441 -37.760957 -44.690664 -54.175820 -57.823986 -61.817640 -63.149198 -58.024122 -62.155083 -65.249419 -59.054085 -64.501669 -67.401325 -59.078382 -59.484120 -66.570523 -64.050182 -68.310178 -68.053377 -63.518723 -63.122086 -61.242740 -60.090097 -62.603610 -62.994006 -63.464559 -61.213724 -60.812329 -62.844224 -56.260627 -56.402093 -58.864402 -58.078403 -58.351325 -57.066175 -55.879408 -59.798840 -65.906271 -67.325019 
-17.122472 -14.032056 -14.706623 -16.980503 -24.567663 -22.838486 -14.911075 -12.553320 -15.590835 -20.585742 -22.637979 -20.494935 -21.411021 -21.314870 -19.238138 -26.404437 -29.580921 -33.880746 -27.283524 -23.966489 -24.975550 -28.986613 -31.153236 -24.912106 -21.094971 -20.936885 -22.775761 -25.751479 -25.143194 -27.060901 -29.019937 -29.400320 -30.187541 -22.117515 -24.762415 -27.170640 -25.962810 -28.981002 -32.198743 -34.670769 
6.085499 6.486151 1.212781 -2.838866 -5.517006 -0.243225 4.565320 2.060384 -2.347429 -8.859051 -11.351657 -11.710430 -7.125447 -8.428482 -6.017262 -12.758435 -18.769106 -18.029514 -16.874437 -6.233354 -10.574632 -15.007125 -12.037314 -6.910339 -7.889042 -8.125698 -8.196587 -11.526260 -11.634338 -11.357475 -13.781825 -12.455641 -8.550851 -6.831161 -8.458360 -10.960835 -8.835561 -9.836052 -11.845931 -23.854359 
12.370323 9.872752 -2.837798 -12.521716 -10.880066 -3.058143 -0.044026 -5.342137 -12.800686 -14.335225 -14.128142 -10.237428 -13.395783 -15.649016 -15.060007 -21.775383 -19.731757 -19.118536 -13.768550 -0.276776 -2.872295 -8.378866 -8.522084 -6.974470 -17.844242 -13.088821 -14.201369 -13.079680 -14.161087 -16.750445 -12.516575 -9.856722 -7.398251 -7.840274 -7.954121 -10.792165 -12.149844 -10.514573 -11.596311 -26.261747 
10.184227 3.813603 -10.519563 -15.118543 -14.586017 -8.692445 -6.976638 -3.931126 -5.117733 -16.443376 -11.842204 -8.574180 -13.955978 -14.985554 -18.585661 -21.773060 -17.527499 -19.276763 -13.466618 -4.151213 -7.706204 -14.475944 -8.875796 -8.242938 -21.589314 -20.335527 -24.912317 -16.307860 -14.348284 -25.144550 -18.232721 -16.327313 -18.931573 -15.533276 -19.219114 -21.729030 -22.182778 -24.537748 -25.223411 -29.916720 
4.002253 -6.670416 -5.352130 -13.817201 -8.688387 -8.038412 -8.522212 -9.725264 -6.424398 -11.139560 -12.570591 -9.933718 -7.919410 -11.302609 -17.108761 -17.625977 -9.368653 -9.498730 -6.414180 1.646859 -4.020856 -5.982227 -0.675755 -8.488218 -18.172015 -21.128283 -23.282227 -22.828136 -20.571036 -29.472663 -35.692983 -29.470495 -29.931999 -28.721932 -28.673177 -24.734857 -15.495413 -14.303058 -23.220673 -23.190139 
0.306360 5.000795 4.517536 0.027747 -2.056873 -6.692786 -9.176165 -7.866095 -5.229023 0.963483 -2.322065 -3.120437 -2.573643 -8.351415 -9.383402 -13.943713 -7.577565 2.104524 4.064100 -0.835364 -5.797877 -4.833783 -4.149129 -8.182844 -17.352938 -23.798046 -26.172431 -23.960000 -23.988163 -26.401838 -32.088832 -31.843121 -30.210741 -30.398410 -30.073694 -22.758841 -11.592079 -6.901742 -18.634980 -25.061153 
-1.144965 15.205703 21.234502 16.675831 4.695098 8.709610 5.438934 7.332735 8.497954 12.092793 10.477450 6.796671 3.401646 -1.618813 -2.575750 -2.489794 -0.626880 2.930918 6.520162 3.963322 -2.694489 -5.100755 -6.451640 -13.362031 -14.982851 -16.806804 -18.452069 -21.964546 -25.036432 -27.657252 -31.539223 -38.286482 -37.372995 -38.361808 -37.452859 -22.441383 -11.699756 -10.424747 -23.245315 -26.147472 
1.992050 17.169763 24.720853 17.757652 12.084953 14.832740 10.184312 16.161820 10.182007 19.275697 14.633086 13.086340 10.288714 5.556056 5.563115 6.624411 6.703913 9.741045 10.766129 2.664409 0.226241 0.519144 1.868779 -4.770637 -8.592283 -10.995405 -11.564248 -14.550127 -19.515293 -22.668376 -27.461613 -34.593129 -38.687952 -46.219657 -53.354217 -25.534899 -11.261641 -11.691991 -23.481938 -25.511572 
-3.004627 15.229547 22.575375 14.169621 15.832728 16.763616 7.124252 14.952579 18.376015 26.225099 16.989785 16.158905 14.429675 6.399639 6.713965 7.495126 7.202949 11.927637 5.850621 2.602954 2.402146 3.038159 3.470561 -0.548567 -6.507620 -4.801744 -4.077424 -7.818092 -10.823160 -12.179988 -23.243643 -30.269356 -33.507388 -35.754124 -36.805497 -28.771677 -21.541768 -20.270579 -25.423472 -29.059884 
-9.566221 11.363604 19.921663 12.902852 14.259839 17.855188 8.256667 15.040120 17.000260 28.200813 16.092099 14.607089 11.870471 9.058359 7.606544 7.222921 11.393488 12.173129 7.172337 -0.439166 -2.463398 -0.588317 4.517863 2.988954 -4.320692 -6.932918 -6.535909 -5.058541 -5.018344 -8.360493 -22.554959 -28.854962 -29.829652 -32.957729 -35.381217 -32.141053 -23.508180 -18.594105 -26.908825 -34.764630 
-12.938445 6.646725 17.291193 11.220558 11.104674 16.900739 5.381108 14.616794 15.852457 28.513520 15.974141 10.112613 7.206806 6.200816 7.314245 8.200057 11.719886 9.702712 -1.050453 -2.364373 -10.170082 -5.154613 -1.730469 -1.884137 -6.285827 -12.180971 -16.380248 -9.929903 -4.954885 -10.203438 -24.267750 -28.903944 -28.154690 -29.706035 -30.466610 -29.515770 -26.105503 -23.082089 -27.338631 -32.523602 
-10.487203 4.842812 16.429310 11.070761 8.914719 16.682069 7.942547 16.603251 17.026653 26.705884 14.271627 -3.489140 -1.046559 1.029075 2.591962 3.571047 9.335525 6.915858 -5.981395 -8.609064 -16.593603 -14.216478 -13.562195 -9.124967 -11.573499 -18.871253 -23.406650 -17.744216 -11.836346 -15.657721 -29.720270 -33.963440 -29.163602 -31.717859 -35.212145 -32.510119 -26.713051 -22.722152 -31.120161 -38.174371 
-11.103060 5.343328 17.200737 12.648333 8.446007 17.587821 11.318550 19.056974 12.923151 19.181950 12.210527 1.781636 -3.387439 -0.149314 1.096278 3.091131 3.019106 -1.482342 -10.215410 -18.801666 -23.314764 -23.106928 -18.800125 -16.116278 -16.410185 -27.332444 -40.001306 -22.255522 -12.050607 -13.597588 -30.420839 -36.746040 -33.008732 -35.561645 -38.952989 -35.960671 -30.466351 -24.498924 -32.127212 -38.584121 
-13.778063 5.436868 17.765284 13.986584 9.354624 19.261367 12.648444 19.714997 10.561198 6.965380 6.177922 -0.761613 -2.294300 -0.086837 1.093630 1.345534 3.295847 -7.910635 -15.663023 -22.588593 -24.959464 -25.190926 -25.036915 -18.696111 -17.057027 -25.938611 -32.467316 -24.709047 -15.937659 -19.465398 -29.835132 -33.897589 -32.546852 -35.003087 -36.765860 -32.113065 -28.703399 -26.671846 -32.305557 -37.234394 
-21.867099 5.276112 18.135743 14.533705 10.442925 21.296819 13.733676 16.887208 10.756226 3.564306 2.299513 -4.153287 -5.829522 -1.146214 -0.262516 1.477429 1.286328 -12.570813 -13.981192 -21.240641 -27.786797 -31.117310 -28.028893 -28.318680 -21.200405 -30.422735 -41.888883 -28.416625 -19.726195 -22.537139 -33.210656 -40.760976 -35.114101 -42.161002 -50.702146 -37.604303 -32.538874 -30.016423 -36.074069 -42.613784 
-17.685733 5.192015 18.397606 15.325192 10.369911 22.486927 15.034618 11.449374 10.744167 1.497055 3.203625 -3.303666 -4.091193 0.084003 1.548921 2.575534 -1.248418 -12.624808 -15.393027 -22.552409 -30.404790 -29.606094 -24.986744 -25.696975 -20.015197 -32.345146 -48.478136 -32.524915 -19.893832 -18.617778 -26.628906 -37.026027 -35.187849 -43.507964 -56.831786 -34.881698 -29.917370 -31.006181 -34.934769 -41.265547 
-19.350763 4.385248 18.290577 16.024624 8.861229 22.531320 16.705895 8.491454 11.016691 2.524952 5.351856 -4.108526 -3.832542 0.863734 2.022051 4.916728 -2.587983 -12.618087 -15.103179 -18.401995 -26.379496 -30.956136 -25.469010 -20.374314 -17.044148 -26.773015 -39.235384 -33.839988 -19.511819 -17.576645 -21.765878 -35.103149 -35.950107 -39.499657 -48.008211 -28.661894 -30.201123 -29.896522 -37.766262 -44.344641 
-22.207112 3.406946 18.332547 16.813942 5.566090 21.594704 17.632574 6.625382 14.166799 3.068462 8.015032 -2.701020 -0.323398 1.134654 2.192712 7.921364 -0.256066 -4.589515 -14.136565 -17.309802 -26.271939 -26.560580 -22.025954 -15.541842 -13.206319 -25.458446 -31.237463 -30.778914 -16.048571 -14.675766 -19.749387 -30.194238 -26.182628 -31.967256 -40.331491 -29.031880 -27.786596 -27.784878 -33.144927 -40.380623 
-14.312151 2.016116 18.270341 17.971649 4.192044 20.201705 18.430064 8.165796 19.035940 6.936565 9.188758 -1.061422 2.161886 0.269768 1.929281 7.896008 4.429646 2.255982 -9.947954 -14.756174 -22.401539 -19.491581 -19.837966 -15.530045 -11.974913 -23.068890 -26.003318 -25.147855 -14.545046 -12.303967 -21.322427 -25.811109 -24.119127 -27.870256 -38.286797 -28.831751 -27.034264 -26.614425 -31.786965 -40.235420 
-16.429271 2.238447 18.218430 18.704569 2.506886 18.967479 17.932306 11.413051 23.207747 10.000511 9.805530 -0.715699 3.757821 0.017655 1.831335 7.988010 6.176928 5.783263 -8.848717 -13.923883 -22.080699 -19.022017 -21.045437 -19.410933 -10.710096 -23.167127 -20.086245 -19.680902 -13.408113 -12.582695 -23.738077 -23.840245 -20.543543 -26.154115 -35.627509 -28.624522 -22.773950 -21.336432 -29.452896 -36.002108 
-15.323586 1.674432 18.489188 18.790895 3.733357 18.556331 17.294136 13.912981 24.991965 10.192823 9.862298 0.017299 3.940687 0.161685 3.902448 6.605403 7.852702 8.380625 -7.521613 -12.648050 -19.282542 -20.115662 -21.240307 -14.741692 -8.758953 -20.522527 -19.540527 -17.653903 -14.391234 -14.038409 -23.551479 -22.272292 -18.427881 -25.034071 -37.352875 -34.232131 -24.180091 -20.875008 -29.341824 -36.478920 
-14.070952 2.259755 18.407568 18.591881 3.012658 18.038511 16.651517 15.839620 25.283807 9.268751 8.097346 -0.789684 3.355175 -0.246788 2.494141 3.125523 7.358114 8.617759 -9.565392 -10.795446 -17.664192 -19.519408 -15.991820 -8.132487 -9.255344 -19.713810 -20.152316 -18.318290 -13.584918 -14.594244 -26.887138 -22.954309 -19.024666 -24.543991 -33.882764 -34.379617 -25.550197 -19.760958 -25.575559 -31.930327 
-20.888082 2.903501 18.199954 17.763484 4.896920 18.181907 15.005891 17.236022 22.668191 6.111813 3.780448 -2.754420 1.886574 -0.908152 1.070730 1.727782 6.494912 4.398324 -14.488589 -12.896051 -22.341795 -25.283143 -17.743516 -8.261178 -10.618085 -19.494426 -20.987494 -15.125422 -9.753207 -16.807856 -27.080543 -25.399420 -22.044993 -29.657804 -39.480725 -40.492877 -30.940511 -20.411347 -25.845861 -36.110038 
-16.556320 4.268131 17.305812 15.168476 9.277110 14.833329 7.561448 11.785009 13.443099 -0.582879 -2.655490 -2.917706 -2.092977 -5.428873 -2.920057 0.993086 4.610192 -2.057040 -12.155950 -16.746460 -22.009830 -27.261956 -17.770973 -13.878535 -20.457408 -26.355839 -25.148309 -16.363205 -14.075296 -21.367676 -29.706638 -30.940970 -24.715860 -33.722304 -39.419863 -42.279689 -37.665140 -27.585498 -35.090494 -41.715888 
-22.988534 5.025271 16.460361 11.425370 2.852948 9.061794 -0.004598 2.423385 4.859464 -9.453990 -9.472287 -5.847452 -8.751876 -12.894873 -10.541254 -8.433463 -6.159191 -13.401472 -21.586451 -28.500220 -30.617927 -36.248355 -26.218368 -27.786512 -26.727308 -32.694196 -32.219046 -24.941510 -25.360190 -30.552680 -35.028939 -32.532887 -34.847659 -35.295083 -43.420082 -42.954206 -44.515593 -33.896333 -38.815572 -42.285256 
-18.111800 5.796016 17.217389 12.082701 -0.377678 5.390754 -6.128553 -0.464032 -0.817594 -14.091345 -13.958953 -14.760670 -18.185840 -16.428397 -19.021209 -15.357310 -13.365358 -17.593984 -22.926305 -28.400431 -31.791459 -32.568340 -31.740675 -31.665685 -29.632866 -34.541808 -34.951100 -29.871071 -33.131962 -36.032473 -39.071609 -34.727206 -37.982065 -41.457982 -45.071515 -43.622853 -43.142876 -36.116283 -37.810846 -41.384449 
-17.648874 6.628358 17.048121 11.250841 -1.482181 1.412674 -10.728946 -8.666856 -14.815896 -24.919699 -22.832225 -16.170439 -23.680417 -21.539836 -17.903769 -17.438013 -16.821702 -20.240381 -24.336844 -29.457089 -32.474835 -30.490201 -29.393412 -31.971655 -37.249857 -40.383326 -37.098889 -34.076330 -33.627843 -39.084578 -43.371374 -40.683322 -38.486592 -41.562550 -43.490794 -37.078411 -34.934497 -33.946494 -36.516988 -35.897785 
-16.961233 6.024505 16.416433 10.001710 -6.049660 -1.786850 -13.471779 -11.341692 -19.278848 -24.640591 -25.871968 -19.837725 -23.065673 -24.392619 -22.735112 -21.860404 -22.112194 -22.505251 -26.860274 -29.157896 -30.208742 -30.186049 -29.983974 -30.710987 -32.685017 -32.409346 -31.426755 -31.390777 -32.498458 -34.913127 -39.875797 -37.824421 -34.813327 -35.680483 -39.127254 -34.272708 -27.973136 -30.396571 -32.099333 -34.261807 
-18.306420 5.960328 16.040284 9.386323 -8.026773 -4.543094 -15.310769 -14.022686 -20.810907 -21.589222 -22.692397 -19.273309 -25.193758 -26.738587 -25.350780 -21.588591 -19.330029 -20.388679 -26.057523 -29.504822 -30.940885 -27.660206 -28.116364 -29.367032 -29.551468 -31.045512 -27.930762 -27.850197 -29.203374 -32.025217 -38.793817 -37.492280 -35.057087 -35.067285 -42.620858 -32.138135 -23.790478 -27.283608 -33.602434 -34.307232 
-17.525999 5.109859 16.127931 10.367077 -5.661829 -1.238853 -12.225178 -10.105578 -15.026160 -20.330161 -25.862349 -16.256885 -21.493548 -23.978396 -22.993431 -20.132548 -18.532677 -18.424016 -21.507032 -24.591824 -28.056979 -25.682883 -24.361131 -25.758287 -26.943020 -30.000409 -26.928470 -23.820785 -25.518060 -29.816884 -32.561730 -31.973301 -30.996065 -29.991786 -40.565102 -29.556857 -21.037635 -22.293190 -30.717696 -31.897199 
-14.552247 5.282631 16.886579 13.086625 -1.351281 6.174500 4.358817 -2.922197 -2.789791 -15.948098 -14.075170 -11.377485 -13.554674 -15.663676 -17.451347 -13.387545 -12.477899 -9.510042 -8.636206 -11.602896 -16.152590 -20.210769 -21.165450 -20.234360 -25.784248 -26.958273 -19.673522 -18.244074 -20.145666 -23.123995 -27.230542 -28.442759 -34.694013 -31.721636 -40.183183 -30.279884 -21.392819 -18.481540 -25.887713 -32.436718 
-19.633303 5.396992 19.405548 18.267616 7.823065 19.184988 16.240235 9.382527 7.733299 -2.454346 -2.956285 -7.076889 -8.366965 -6.747912 -11.620534 -11.604237 -6.440507 -3.400820 2.334885 0.503451 -9.707956 -11.647704 -11.695849 -11.986655 -20.620494 -22.871028 -16.463825 -13.527745 -21.713627 -20.681185 -24.879663 -34.230534 -33.548557 -29.065292 -44.504790 -39.820678 -27.275640 -26.142453 -27.825017 -32.755448 
-11.495873 7.482129 21.074753 18.753669 10.758212 23.631914 17.865981 10.326049 10.334937 -1.075408 0.676644 -8.141921 -6.429396 -4.061770 -11.033595 -10.584668 -7.434666 -6.332615 3.181931 5.187942 -8.368053 -7.589578 -5.227726 -5.187543 -16.053696 -21.515075 -17.604102 -13.193909 -19.986077 -21.907841 -23.805939 -34.370393 -35.242672 -34.073807 -40.184818 -36.735242 -26.143405 -23.846771 -33.155710 -32.248723 
-14.293425 7.475814 21.203021 18.428387 11.976971 24.665594 17.114191 8.030261 8.531053 -0.584431 1.621341 -8.708985 -8.228573 -4.343006 -11.413890 -10.657577 -8.456074 -4.707039 2.741143 5.862148 0.009849 -5.324142 -4.559868 -5.251176 -15.273504 -19.767471 -17.069117 -11.158179 -15.705859 -17.768056 -18.505554 -30.231684 -34.449578 -36.561522 -46.152807 -37.564811 -29.004228 -24.018482 -38.560221 -29.656962 
-23.987838 7.518289 21.119704 18.251060 13.747941 25.455254 17.102232 7.285085 6.048773 -0.524259 0.919112 -12.270233 -11.383015 -5.216740 -12.955785 -12.009838 -9.004563 -4.104712 0.326502 4.797366 4.710449 -5.724379 -6.334607 -5.613659 -11.852136 -18.887232 -14.292285 -10.876315 -14.846249 -15.637445 -16.363477 -29.540815 -34.048236 -35.624833 -37.523005 -33.191256 -27.193134 -24.208921 -37.821033 -28.717664 
-16.406621 7.681438 21.216721 18.141858 15.361262 25.571742 16.268857 6.139866 2.880560 -1.249191 -0.119210 -15.936129 -14.568639 -7.279134 -14.939349 -16.736911 -12.134286 -8.215263 -3.780655 5.796590 5.401238 -6.746704 -8.557726 -5.510731 -9.390955 -15.268109 -12.026550 -7.456502 -9.292882 -10.328671 -15.509944 -29.586022 -32.044856 -30.716416 -31.285197 -30.982659 -24.702557 -21.169527 -32.622499 -28.664388 
-20.325945 8.929230 21.215999 17.607479 14.995695 23.020259 13.112940 5.792561 0.861603 -3.008754 -4.253626 -20.416189 -17.038659 -10.831393 -17.571205 -20.805127 -14.592685 -12.592651 -5.835757 3.820724 4.956686 -4.422146 -9.174082 -3.351393 -5.766906 -9.433310 -6.982946 -6.890559 -8.241855 -9.699645 -16.769826 -22.637456 -25.967110 -26.120747 -28.156942 -27.480320 -22.833136 -21.190836 -28.962243 -31.232442 
-17.182629 9.410120 20.328377 15.144902 11.989595 16.443920 3.699460 5.686878 0.241036 -8.589344 -10.688688 -14.218910 -19.543521 -18.538931 -17.955858 -20.890745 -20.869044 -20.251686 -14.358507 -8.179172 -0.144711 -7.504926 -11.555300 -3.057264 -5.927271 -11.511108 -5.366490 -2.579548 -8.084001 -13.874707 -15.617815 -16.645714 -16.224610 -18.481067 -21.186892 -16.792471 -16.361137 -14.619474 -18.399350 -24.651336 
-10.598918 10.135291 19.197274 12.315463 6.886839 9.412650 -2.841057 1.513469 -6.493994 -16.611820 -13.466076 -14.115954 -15.323281 -20.061806 -20.856621 -26.870856 -27.359821 -24.951384 -22.105193 -14.755252 -7.965781 -14.092769 -15.858944 -8.577077 -11.039922 -11.320320 -2.566175 -1.949698 -5.210687 -11.875841 -11.791039 -11.725692 -14.472815 -10.590285 -8.919110 -10.532259 -6.563662 -7.080429 -15.821447 -23.632125 
-12.311139 9.419671 17.385092 9.575012 3.141218 0.719484 -7.272737 -7.611421 -20.464298 -21.943425 -22.372568 -16.997502 -17.048396 -25.837088 -25.918808 -29.048458 -28.521636 -21.051618 -23.099313 -16.612349 -11.861551 -16.268109 -14.859262 -10.722097 -13.307270 -11.201812 -1.987836 -0.146210 -0.656235 -7.226552 -7.449583 -9.384771 -9.693543 -10.484625 -9.628776 -9.503831 -7.254955 -8.041716 -10.246202 -16.183826 
-10.080267 7.043881 13.865966 6.168436 -3.149415 -5.769137 -16.407442 -18.269520 -21.666472 -28.007457 -29.893058 -30.100024 -28.159741 -32.658229 -30.689972 -29.405037 -29.323339 -26.971891 -22.778679 -18.668492 -17.668622 -17.041341 -12.849536 -9.436990 -14.449641 -8.790278 5.563388 4.560399 -0.432012 -6.419549 -9.279324 -9.068292 -3.414430 -5.924482 -7.735736 -4.648158 -0.532889 -3.295934 -8.350494 -15.079856 
-16.723565 -2.578281 6.348844 0.387985 -12.262196 -16.514614 -25.562178 -20.433827 -25.290668 -26.837356 -25.646337 -28.441972 -31.493293 -29.351503 -31.168665 -26.949729 -25.865190 -29.683641 -23.568453 -19.316769 -14.248690 -15.015139 -11.554983 -0.633771 -5.580186 -6.249428 2.563405 4.993369 4.709083 -3.147343 -8.197337 -6.115396 -2.573597 -6.695989 -5.237479 0.309079 0.096338 -3.505446 -5.689410 -12.005144 
-12.520834 -1.345442 1.781162 -9.122302 -11.700234 -20.021909 -29.593312 -28.078940 -34.366897 -31.883146 -25.312188 -29.833424 -26.433460 -25.581092 -33.753178 -32.675393 -32.377989 -22.067993 -26.478342 -19.791322 -14.327572 -12.451640 -7.137897 -1.267687 -4.505171 -6.033891 0.559795 3.405689 6.536718 -0.404911 -6.565307 -7.219680 -4.815877 -4.138368 -7.842773 -3.538414 -0.508296 -2.870687 -5.932038 -11.407084 
-14.434533 -4.698091 -0.868648 -11.291976 -15.874231 -19.681041 -35.970144 -35.602337 -38.977579 -35.256041 -34.373074 -26.120645 -27.763621 -27.027002 -29.726730 -33.353158 -29.228800 -21.817041 -22.238878 -13.097981 -9.272421 -10.529624 -3.798604 3.311486 -5.944690 -3.698172 4.952904 3.435230 3.554374 -5.529878 -7.539799 -6.577476 -4.132100 -2.321457 -8.312590 -4.299208 -2.309285 -1.850477 -7.265520 -11.430098 
-20.392650 -5.254656 -3.302649 -14.196513 -18.663630 -28.150678 -38.523400 -30.304276 -28.502978 -30.144072 -36.766661 -31.878105 -30.072655 -26.976818 -34.770951 -30.392599 -26.207185 -25.336110 -21.125595 -15.455392 -13.085369 -21.349874 -18.229888 1.779065 -6.478621 -4.959076 10.129160 5.808163 2.123319 -6.231547 -10.281709 -4.838723 -5.216447 -2.876488 -10.606904 -9.351020 -3.040958 -5.727261 -6.212690 -10.842973 
-21.834947 -10.497446 -5.378108 -16.568085 -27.001992 -26.941099 -23.578303 -23.437625 -28.067771 -30.147179 -34.984249 -26.468257 -32.546610 -30.545051 -32.997499 -31.206119 -30.061662 -29.719088 -24.844770 -18.657064 -15.696351 -19.294475 -12.921233 0.837415 -11.218289 -5.500429 5.464264 1.327835 -1.862786 -8.545391 -15.484074 -6.934989 -9.468118 -8.255526 -11.816331 -11.964888 -6.067072 -8.039341 -10.574614 -14.936842 
-14.317864 2.820413 7.314587 1.769178 -4.677087 -5.819647 -5.449634 -10.524115 -14.436817 -20.753747 -20.979106 -20.106259 -20.368435 -22.059172 -27.090352 -31.032593 -27.941492 -24.341533 -18.442547 -19.993726 -17.671677 -19.379928 -13.623566 -6.966579 -16.019844 -11.133277 -3.522659 -3.371665 -5.270006 -9.787418 -20.684377 -11.891470 -10.494337 -10.358384 -13.858021 -14.007155 -14.427919 -7.325603 -12.612306 -22.213475 
-4.224305 12.506559 17.119086 12.111838 9.098762 9.480092 5.806293 5.312629 -3.484141 -11.187855 -16.045295 -14.993891 -12.229671 -18.028932 -21.090309 -22.237315 -19.918784 -17.061935 -14.418858 -8.390708 -6.834006 -19.204345 -8.816670 -7.805835 -18.806173 -16.186689 -11.930358 -10.320461 -13.641030 -14.641823 -23.774258 -19.916814 -15.655479 -14.285244 -18.367152 -17.666975 -19.182089 -18.293986 -21.563175 -30.294239 
-1.207936 15.385255 17.367776 11.044945 14.028354 5.898162 9.051246 10.690746 4.310165 -9.411860 -8.328202 -8.053510 -16.034389 -11.602499 -17.684686 -16.416401 -16.162482 -14.514393 -12.458620 -1.495179 -2.723892 -13.018440 -9.002919 -5.574716 -15.662505 -20.335418 -17.064954 -14.699186 -14.877761 -18.661894 -31.936899 -23.496517 -19.084370 -19.887006 -23.159664 -24.567182 -27.230323 -26.668906 -38.332258 -40.820484 
0.083093 15.810801 16.555700 11.391605 11.173364 -0.615199 -0.161737 4.745688 7.252016 -4.365677 -5.831893 -8.089036 -13.220126 -11.308262 -13.496764 -13.923726 -16.788735 -12.618370 -6.966020 0.295467 -4.362901 -10.686480 -7.605628 -9.529240 -14.271296 -16.045792 -12.080102 -14.125002 -19.122071 -21.317413 -33.932210 -28.524511 -24.390775 -26.573073 -28.941029 -30.035233 -31.970846 -32.469962 -39.573966 -38.408588 
1.067253 16.009115 15.243486 10.646852 9.198874 -4.996313 -4.547874 7.277548 2.018621 -4.104506 -4.751573 -10.919090 -12.501244 -13.255168 -13.266960 -14.394676 -17.789133 -17.110687 -7.985661 2.125407 -2.679002 -10.523380 -9.116797 -13.142408 -19.777784 -20.293624 -17.322516 -15.001242 -20.660499 -24.617240 -34.739263 -38.353696 -38.319993 -41.035856 -42.771074 -41.654008 -44.270185 -43.172913 -39.128095 -36.923363 
2.163332 15.504944 13.037992 10.276834 7.603538 -5.527340 -4.216900 4.786219 2.115544 -4.549382 -7.083288 -13.045114 -9.801073 -12.575361 -13.609609 -13.878285 -15.518573 -15.180781 -7.219015 -1.232078 -5.403963 -12.052269 -7.647089 -10.782994 -18.632553 -22.209373 -17.759217 -13.620191 -20.777068 -24.341205 -33.804704 -42.452513 -48.098143 -47.686230 -52.564706 -60.414553 -62.478401 -57.761347 -38.058581 -37.363894 
1.739881 14.379366 10.384042 9.564414 6.382002 -6.154875 -3.116283 -0.845153 -1.083409 -5.248678 -8.986411 -12.246845 -9.529333 -13.561744 -14.033445 -15.711404 -18.759642 -17.745435 -8.785571 -1.927656 -9.505783 -13.374377 -11.199698 -12.562411 -19.777193 -23.522495 -16.954140 -15.182341 -22.770766 -27.404676 -34.373725 -43.895891 -44.614587 -45.312572 -45.967953 -46.219381 -46.544169 -45.898968 -39.811902 -38.576189 
2.043048 12.925962 8.716378 8.478327 3.823326 -5.259731 -8.408066 -5.442089 -3.729752 -8.944794 -12.761333 -16.820037 -14.642556 -16.068990 -19.597667 -21.103012 -21.280283 -17.894208 -10.771585 -6.541131 -17.149638 -19.032388 -15.262388 -19.999982 -24.029240 -25.093656 -18.946617 -19.200236 -29.280495 -33.494849 -36.183614 -43.156033 -45.116123 -45.751171 -46.075196 -46.403319 -46.680036 -46.173665 -44.184465 -43.569148 
0.667987 11.371828 7.286315 7.441313 1.129533 -7.837287 -13.613680 -19.128594 -15.423117 -20.891412 -24.557307 -25.982876 -24.271194 -25.309368 -25.517606 -25.771591 -21.100742 -16.793138 -15.873219 -17.964621 -23.817239 -22.789604 -20.986073 -26.959085 -33.151486 -32.690755 -29.505569 -30.762789 -36.290927 -36.398905 -37.350600 -40.963236 -46.778082 -47.995266 -48.435651 -48.846577 -49.062608 -48.822400 -48.500611 -48.434096 
0.258693 11.048870 6.330121 6.519095 1.137594 -7.696820 -12.128777 -15.075662 -19.531727 -26.121492 -29.289012 -26.979741 -29.009146 -32.913084 -33.290525 -31.359605 -22.493775 -20.971687 -25.687923 -25.200190 -26.371688 -24.484869 -21.444059 -29.790791 -41.391667 -42.957149 -40.843444 -35.990717 -39.267971 -39.728515 -36.839094 -40.629759 -49.328071 -50.558653 -51.076943 -51.454942 -51.821371 -51.864268 -51.917319 -51.162552 
0.407340 10.639441 6.039927 5.179369 -0.290092 -6.512945 -13.751802 -17.869117 -21.599262 -29.389192 -30.103106 -29.742734 -32.319580 -33.754492 -35.585390 -33.305692 -28.295790 -23.676812 -30.408741 -26.931999 -30.635936 -29.653761 -26.918041 -33.098843 -42.215040 -44.350930 -44.471794 -41.642698 -44.158071 -43.422432 -39.812290 -45.710710 -50.609967 -51.393251 -51.758392 -52.103883 -52.382698 -52.538982 -52.708081 -52.492957 
-0.648357 10.347200 5.428038 2.215712 -1.932494 -7.509531 -16.331346 -21.278914 -24.534225 -35.474388 -33.122357 -32.695646 -34.257106 -36.118253 -35.787995 -35.587048 -31.381272 -25.791474 -31.326341 -32.348144 -34.544202 -34.498962 -30.279375 -34.579578 -45.069804 -48.274835 -48.381984 -47.107815 -48.745003 -47.233242 -42.422382 -44.978624 -51.282569 -53.021426 -53.308054 -53.679461 -53.912797 -54.203623 -54.433966 -54.446195 
0.333000 9.518266 4.585062 0.942771 -5.321332 -12.690471 -20.677415 -22.983759 -27.507569 -42.664540 -40.793193 -37.847781 -40.126172 -40.885435 -40.946228 -43.860279 -38.482206 -27.544248 -30.591986 -39.951804 -34.571768 -33.316048 -32.428184 -33.996773 -48.901114 -52.984038 -53.873020 -53.340179 -55.021240 -48.474375 -44.343216 -46.160394 -56.121695 -61.285199 -61.554905 -62.094170 -61.717748 -61.214109 -62.955076 -62.258900 
-5.428059 8.455359 7.113042 -0.998346 -13.800479 -19.247202 -27.300023 -25.763086 -35.013153 -38.595441 -45.691895 -43.592548 -46.662642 -44.100955 -47.011842 -50.102186 -42.922767 -31.487921 -35.455430 -39.356584 -40.469651 -40.262488 -39.355347 -35.724514 -47.865556 -59.192651 -63.203095 -64.039712 -62.166386 -56.569534 -55.630261 -54.895527 -59.722676 -65.711234 -65.654620 -66.661512 -64.403581 -66.636909 -71.937226 -65.167965 
-4.229951 6.776872 4.592320 -1.870208 -10.195388 -18.790603 -24.763611 -31.005995 -37.252298 -38.555501 -35.489108 -39.987154 -45.954451 -43.980458 -46.348391 -48.737218 -44.167239 -33.429570 -34.000568 -37.862661 -41.056965 -38.801939 -42.021616 -37.543605 -49.826627 -57.823955 -58.281509 -58.366431 -59.939658 -54.519630 -54.449334 -56.288956 -60.610063 -61.807991 -61.271201 -61.362926 -62.722124 -61.932255 -63.226205 -60.605689 
-6.684658 2.728552 -0.370169 -5.294157 -11.973703 -24.482903 -31.385673 -29.906625 -41.942676 -36.667326 -34.555844 -37.415601 -45.574983 -43.528849 -43.968181 -47.614321 -42.013337 -33.331927 -31.849779 -37.910709 -39.386967 -38.447881 -40.417100 -41.165808 -50.574389 -55.483342 -61.437928 -62.685617 -68.586525 -57.533815 -51.096193 -55.431199 -59.354844 -61.951448 -60.655506 -64.635578 -64.785124 -66.772887 -71.352688 -63.491357 
-11.850271 -5.000180 -9.580862 -15.631960 -19.639861 -26.165579 -31.367731 -30.387277 -35.365627 -35.858865 -33.487337 -37.529646 -43.193378 -42.484582 -43.731160 -50.454910 -40.807827 -32.044531 -32.523065 -35.725247 -39.775593 -43.471090 -41.481007 -39.974575 -49.545860 -57.145420 -64.452678 -62.384448 -65.942048 -55.512252 -48.581949 -50.686144 -56.452620 -60.387011 -63.154801 -67.697181 -67.612402 -67.343105 -72.687984 -62.494128 
-17.378845 -21.617493 -18.908531 -22.404125 -24.541033 -23.497570 -29.793400 -32.226372 -37.847201 -38.480695 -31.993416 -42.213470 -49.081525 -46.536829 -45.212813 -46.192232 -41.218882 -35.571567 -32.570054 -37.677830 -42.539342 -42.892752 -43.546101 -39.617919 -45.908043 -57.103951 -59.930273 -62.487243 -62.894149 -53.449454 -50.361637 -49.768274 -55.180103 -60.968192 -63.234470 -65.269228 -65.571469 -61.199878 -74.736924 -66.667155 
-20.618509 -25.373178 -25.610825 -23.901167 -22.629144 -31.604873 -34.036087 -34.344441 -41.249726 -40.297610 -37.503485 -41.668607 -40.788215 -43.392212 -46.758076 -51.729610 -42.785249 -32.846283 -33.234735 -45.105216 -39.674725 -43.575379 -41.222151 -44.202615 -49.153610 -54.008256 -61.216784 -63.406307 -63.805793 -53.553709 -49.532213 -48.201484 -53.957879 -59.179054 -61.658070 -61.776469 -62.815620 -60.961015 -72.744658 -70.383829 
-23.873351 -23.658016 -19.333635 -17.631150 -22.218594 -29.721588 -35.301086 -30.513458 -42.944624 -46.170027 -37.830367 -44.452070 -41.940166 -43.822358 -46.316819 -49.131144 -46.597722 -36.315730 -36.104403 -45.283106 -45.757129 -39.928716 -44.375014 -44.393657 -52.009559 -57.146880 -60.034030 -64.059454 -61.237036 -54.620420 -49.938674 -51.919436 -55.583020 -62.836917 -62.620738 -61.434034 -64.000277 -62.416244 -72.640734 -73.211285 
-26.492290 -27.047417 -25.401766 -28.716400 -25.131456 -27.698167 -38.718640 -40.099656 -51.642146 -49.623362 -45.412045 -41.103428 -41.975214 -48.722221 -46.050574 -48.099345 -49.812922 -44.516025 -42.134684 -45.630494 -45.729908 -43.008991 -46.172148 -46.643001 -51.066225 -59.292581 -62.640376 -64.136315 -63.029043 -56.788135 -55.066781 -57.538377 -60.406419 -66.077569 -65.474275 -60.758419 -68.386960 -70.031273 -75.467517 -72.689717 
-34.848550 -31.711400 -31.396704 -35.563661 -31.529352 -33.448482 -48.918018 -51.853897 -64.211021 -53.969298 -50.774942 -56.951373 -55.728727 -52.788354 -52.010511 -50.973629 -52.604621 -51.857946 -46.787358 -52.385085 -50.762533 -54.960008 -52.719515 -50.946369 -55.811654 -61.816638 -60.733126 -64.802047 -61.563232 -58.574135 -60.544682 -60.833532 -60.569863 -66.210992 -68.233876 -62.802189 -70.536301 -78.925180 -76.699005 -72.344739 
-47.249292 -54.414482 -51.942002 -53.841477 -55.900777 -53.562192 -56.196960 -56.185447 -63.540212 -66.864598 -67.293963 -73.220942 -67.095735 -62.926768 -63.790072 -61.409412 -59.331212 -61.463038 -63.183054 -59.474921 -60.425337 -63.247229 -71.296827 -64.593778 -68.742773 -71.090527 -69.368621 -71.332548 -66.457658 -63.765714 -70.043747 -72.818043 -68.941626 -70.736768 -71.591502 -67.961508 -73.066188 -76.164001 -74.148974 -73.589239 
-56.033694 -63.928948 -64.436991 -66.212220 -69.441573 -68.896729 -74.915929 -71.094790 -76.439299 -75.013672 -75.717771 -72.445505 -68.670859 -68.725320 -71.654787 -77.320888 -72.065600 -67.061934 -72.258167 -70.512614 -71.392090 -69.834426 -72.965728 -74.297006 -73.615145 -79.094563 -77.593660 -71.159544 -73.174206 -71.177752 -72.249885 -72.027311 -74.348842 -73.687238 -73.044976 -72.450334 -73.812651 -75.023963 -74.665466 -73.982573 
-58.846639 -75.810704 -75.046803 -73.127423 -76.526063 -72.950627 -73.389503 -77.361090 -84.801687 -86.631484 -80.953423 -75.682167 -75.025098 -70.517652 -70.682922 -75.035409 -75.501472 -75.251151 -74.820320 -72.231655 -73.065158 -73.740233 -73.079433 -73.851689 -72.987117 -75.030962 -75.223682 -75.801430 -73.046545 -73.388429 -75.688942 -79.216307 -73.362625 -74.460732 -71.752563 -72.416100 -75.337953 -77.121306 -75.463308 -76.341884 
-58.621328 -70.103821 -70.340540 -69.934489 -68.788208 -70.640403 -81.426449 -83.551949 -81.643328 -78.583905 -76.713977 -76.135705 -78.514263 -71.508856 -75.302610 -77.482650 -77.619541 -74.867220 -70.840330 -71.537443 -70.520400 -71.946296 -74.692417 -78.543541 -75.427324 -76.149078 -73.823004 -76.879081 -75.695031 -74.731862 -75.850678 -79.473727 -74.746028 -75.977735 -75.203770 -73.289892 -75.831261 -74.993793 -75.291577 -77.430600 
-57.819317 -73.428132 -80.822281 -72.426431 -74.309404 -74.188194 -77.174039 -73.505499 -77.921272 -79.939347 -74.826687 -73.566632 -75.280343 -76.516193 -76.999738 -74.638983 -72.493909 -73.912603 -73.176878 -79.540033 -72.915600 -70.316948 -78.420007 -74.826385 -73.441008 -75.499642 -73.133415 -74.905908 -73.415568 -70.051548 -74.716657 -77.875576 -76.827614 -73.201884 -74.217397 -74.894564 -74.487230 -75.474758 -75.875195 -76.448094 
-58.584272 -78.882469 -84.247816 -76.992623 -78.157408 -76.403238 -77.982324 -78.161425 -81.661352 -76.955655 -76.672912 -76.427448 -73.258870 -74.368045 -73.795937 -76.581528 -72.916441 -73.950994 -73.940354 -70.185244 -71.821986 -70.101328 -78.756090 -79.755738 -76.354509 -76.664232 -78.114447 -76.953904 -74.875752 -76.697860 -77.792486 -74.829111 -74.193735 -75.355574 -75.150137 -76.055461 -74.676724 -75.371740 -73.690328 -74.834154 
-58.170265 -75.277066 -79.711240 -80.474503 -74.670818 -76.081482 -77.379285 -73.195437 -75.581692 -76.887212 -73.287290 -79.312984 -77.454252 -73.904449 -70.779079 -75.015080 -73.381166 -74.100276 -82.648148 -77.605954 -84.421046 -78.863702 -75.817002 -76.925402 -79.230603 -72.859794 -77.460672 -76.092595 -78.770381 -78.677084 -77.779519 -74.904555 -76.843787 -76.586423 -73.251228 -73.242259 -75.904670 -78.495080 -75.074148 -77.922800 
-58.222869 -72.918401 -76.623648 -78.314988 -73.096095 -72.337603 -77.868834 -76.688422 -77.509208 -71.583146 -73.274697 -75.681913 -75.697611 -72.799481 -72.087208 -71.468632 -72.483620 -79.537573 -84.153652 -74.291007 -74.193614 -77.754150 -72.933808 -72.030996 -77.461934 -74.012958 -75.815399 -74.500589 -74.325669 -76.082406 -75.725398 -76.069403 -75.989919 -74.808667 -73.238989 -76.148199 -75.728403 -73.009829 -76.128172 -76.456773 
-55.513680 -67.689906 -74.456852 -71.104183 -73.420494 -73.044151 -72.548606 -76.005464 -73.904884 -83.583824 -73.734160 -74.414431 -79.461132 -76.875947 -74.199587 -75.355577 -73.833672 -76.582485 -75.575284 -70.387440 -73.071502 -71.824083 -76.973168 -74.496955 -77.645880 -73.238909 -71.781488 -76.387588 -70.946146 -74.112671 -75.699925 -73.377313 -74.314105 -76.759352 -76.080562 -75.002744 -74.554362 -75.771817 -77.676921 -77.302957 
-60.718617 -64.819532 -69.228979 -73.877076 -81.284800 -77.238981 -73.206757 -74.423761 -75.420116 -77.947906 -79.799630 -80.729590 -79.260660 -76.862088 -76.792613 -78.094364 -76.907812 -79.432141 -83.680734 -76.184510 -76.762978 -73.452816 -80.778207 -79.954978 -82.142115 -82.176984 -78.320383 -81.063403 -74.605412 -80.476860 -82.715233 -76.900801 -77.201535 -77.460581 -79.206918 -77.253425 -81.000235 -80.268725 -80.907090 -80.980494 
-108.583679 -108.583264 -108.582593 -108.581510 -108.580132 -108.578377 -108.576484 -108.574423 -108.572262 -108.570435 -108.569119 -108.568568 -108.569025 -108.570637 -108.573326 -108.576706 -108.580244 -108.582965 -108.583932 -108.582488 -108.578655 -108.573523 -108.569327 -108.568401 -108.572014 -108.578698 -108.584003 -108.583083 -108.575498 -108.567998 -108.569901 -108.580812 -108.585566 -108.573805 -108.565684 -108.582462 -108.581129 -108.591524 -109.184795 -111.711791 
NaN NaN NaN NaN NaN NaN NaN NaN NaN NaN NaN NaN NaN NaN NaN NaN NaN NaN NaN NaN NaN NaN NaN NaN NaN NaN NaN NaN NaN NaN NaN NaN NaN NaN NaN NaN NaN NaN NaN NaN 
NaN NaN NaN NaN NaN NaN NaN NaN NaN NaN NaN NaN NaN NaN NaN NaN NaN NaN NaN NaN NaN NaN NaN NaN NaN NaN NaN NaN NaN NaN NaN NaN NaN NaN NaN NaN NaN NaN NaN NaN 
NaN NaN NaN NaN NaN NaN NaN NaN NaN NaN NaN NaN NaN NaN NaN NaN NaN NaN NaN NaN NaN NaN NaN NaN NaN NaN NaN NaN NaN NaN NaN NaN NaN NaN NaN NaN NaN NaN NaN NaN 
NaN NaN NaN NaN NaN NaN NaN NaN NaN NaN NaN NaN NaN NaN NaN NaN NaN NaN NaN NaN NaN NaN NaN NaN NaN NaN NaN NaN NaN NaN NaN NaN NaN NaN NaN NaN NaN NaN NaN NaN 
NaN NaN NaN NaN NaN NaN NaN NaN NaN NaN NaN NaN NaN NaN NaN NaN NaN NaN NaN NaN NaN NaN NaN NaN NaN NaN NaN NaN NaN NaN NaN NaN NaN NaN NaN NaN NaN NaN NaN NaN 
NaN NaN NaN NaN NaN NaN NaN NaN NaN NaN NaN NaN NaN NaN NaN NaN NaN NaN NaN NaN NaN NaN NaN NaN NaN NaN NaN NaN NaN NaN NaN NaN NaN NaN NaN NaN NaN NaN NaN NaN 
NaN NaN NaN NaN NaN NaN NaN NaN NaN NaN NaN NaN NaN NaN NaN NaN NaN NaN NaN NaN NaN NaN NaN NaN NaN NaN NaN NaN NaN NaN NaN NaN NaN NaN NaN NaN NaN NaN NaN NaN 
NaN NaN NaN NaN NaN NaN NaN NaN NaN NaN NaN NaN NaN NaN NaN NaN NaN NaN NaN NaN NaN NaN NaN NaN NaN NaN NaN NaN NaN NaN NaN NaN NaN NaN NaN NaN NaN NaN NaN NaN 
NaN NaN NaN NaN NaN NaN NaN NaN NaN NaN NaN NaN NaN NaN NaN NaN NaN NaN NaN NaN NaN NaN NaN NaN NaN NaN NaN NaN NaN NaN NaN NaN NaN NaN NaN NaN NaN NaN NaN NaN 
NaN NaN NaN NaN NaN NaN NaN NaN NaN NaN NaN NaN NaN NaN NaN NaN NaN NaN NaN NaN NaN NaN NaN NaN NaN NaN NaN NaN NaN NaN NaN NaN NaN NaN NaN NaN NaN NaN NaN NaN 
NaN NaN NaN NaN NaN NaN NaN NaN NaN NaN NaN NaN NaN NaN NaN NaN NaN NaN NaN NaN NaN NaN NaN NaN NaN NaN NaN NaN NaN NaN NaN NaN NaN NaN NaN NaN NaN NaN NaN NaN 
NaN NaN NaN NaN NaN NaN NaN NaN NaN NaN NaN NaN NaN NaN NaN NaN NaN NaN NaN NaN NaN NaN NaN NaN NaN NaN NaN NaN NaN NaN NaN NaN NaN NaN NaN NaN NaN NaN NaN NaN 
NaN NaN NaN NaN NaN NaN NaN NaN NaN NaN NaN NaN NaN NaN NaN NaN NaN NaN NaN NaN NaN NaN NaN NaN NaN NaN NaN NaN NaN NaN NaN NaN NaN NaN NaN NaN NaN NaN NaN NaN 
NaN NaN NaN NaN NaN NaN NaN NaN NaN NaN NaN NaN NaN NaN NaN NaN NaN NaN NaN NaN NaN NaN NaN NaN NaN NaN NaN NaN NaN NaN NaN NaN NaN NaN NaN NaN NaN NaN NaN NaN 
NaN NaN NaN NaN NaN NaN NaN NaN NaN NaN NaN NaN NaN NaN NaN NaN NaN NaN NaN NaN NaN NaN NaN NaN NaN NaN NaN NaN NaN NaN NaN NaN NaN NaN NaN NaN NaN NaN NaN NaN 
NaN NaN NaN NaN NaN NaN NaN NaN NaN NaN NaN NaN NaN NaN NaN NaN NaN NaN NaN NaN NaN NaN NaN NaN NaN NaN NaN NaN NaN NaN NaN NaN NaN NaN NaN NaN NaN NaN NaN NaN 
NaN NaN NaN NaN NaN NaN NaN NaN NaN NaN NaN NaN NaN NaN NaN NaN NaN NaN NaN NaN NaN NaN NaN NaN NaN NaN NaN NaN NaN NaN NaN NaN NaN NaN NaN NaN NaN NaN NaN NaN 
NaN NaN NaN NaN NaN NaN NaN NaN NaN NaN NaN NaN NaN NaN NaN NaN NaN NaN NaN NaN NaN NaN NaN NaN NaN NaN NaN NaN NaN NaN NaN NaN NaN NaN NaN NaN NaN NaN NaN NaN 
NaN NaN NaN NaN NaN NaN NaN NaN NaN NaN NaN NaN NaN NaN NaN NaN NaN NaN NaN NaN NaN NaN NaN NaN NaN NaN NaN NaN NaN NaN NaN NaN NaN NaN NaN NaN NaN NaN NaN NaN 
NaN NaN NaN NaN NaN NaN NaN NaN NaN NaN NaN NaN NaN NaN NaN NaN NaN NaN NaN NaN NaN NaN NaN NaN NaN NaN NaN NaN NaN NaN NaN NaN NaN NaN NaN NaN NaN NaN NaN NaN 
NaN NaN NaN NaN NaN NaN NaN NaN NaN NaN NaN NaN NaN NaN NaN NaN NaN NaN NaN NaN NaN NaN NaN NaN NaN NaN NaN NaN NaN NaN NaN NaN NaN NaN NaN NaN NaN NaN NaN NaN 
NaN NaN NaN NaN NaN NaN NaN NaN NaN NaN NaN NaN NaN NaN NaN NaN NaN NaN NaN NaN NaN NaN NaN NaN NaN NaN NaN NaN NaN NaN NaN NaN NaN NaN NaN NaN NaN NaN NaN NaN 
NaN NaN NaN NaN NaN NaN NaN NaN NaN NaN NaN NaN NaN NaN NaN NaN NaN NaN NaN NaN NaN NaN NaN NaN NaN NaN NaN NaN NaN NaN NaN NaN NaN NaN NaN NaN NaN NaN NaN NaN 
NaN NaN NaN NaN NaN NaN NaN NaN NaN NaN NaN NaN NaN NaN NaN NaN NaN NaN NaN NaN NaN NaN NaN NaN NaN NaN NaN NaN NaN NaN NaN NaN NaN NaN NaN NaN NaN NaN NaN NaN 
NaN NaN NaN NaN NaN NaN NaN NaN NaN NaN NaN NaN NaN NaN NaN NaN NaN NaN NaN NaN NaN NaN NaN NaN NaN NaN NaN NaN NaN NaN NaN NaN NaN NaN NaN NaN NaN NaN NaN NaN 
NaN NaN NaN NaN NaN NaN NaN NaN NaN NaN NaN NaN NaN NaN NaN NaN NaN NaN NaN NaN NaN NaN NaN NaN NaN NaN NaN NaN NaN NaN NaN NaN NaN NaN NaN NaN NaN NaN NaN NaN 
NaN NaN NaN NaN NaN NaN NaN NaN NaN NaN NaN NaN NaN NaN NaN NaN NaN NaN NaN NaN NaN NaN NaN NaN NaN NaN NaN NaN NaN NaN NaN NaN NaN NaN NaN NaN NaN NaN NaN NaN 
NaN NaN NaN NaN NaN NaN NaN NaN NaN NaN NaN NaN NaN NaN NaN NaN NaN NaN NaN NaN NaN NaN NaN NaN NaN NaN NaN NaN NaN NaN NaN NaN NaN NaN NaN NaN NaN NaN NaN NaN 
NaN NaN NaN NaN NaN NaN NaN NaN NaN NaN NaN NaN NaN NaN NaN NaN NaN NaN NaN NaN NaN NaN NaN NaN NaN NaN NaN NaN NaN NaN NaN NaN NaN NaN NaN NaN NaN NaN NaN NaN 
NaN NaN NaN NaN NaN NaN NaN NaN NaN NaN NaN NaN NaN NaN NaN NaN NaN NaN NaN NaN NaN NaN NaN NaN NaN NaN NaN NaN NaN NaN NaN NaN NaN NaN NaN NaN NaN NaN NaN NaN 
NaN NaN NaN NaN NaN NaN NaN NaN NaN NaN NaN NaN NaN NaN NaN NaN NaN NaN NaN NaN NaN NaN NaN NaN NaN NaN NaN NaN NaN NaN NaN NaN NaN NaN NaN NaN NaN NaN NaN NaN 
NaN NaN NaN NaN NaN NaN NaN NaN NaN NaN NaN NaN NaN NaN NaN NaN NaN NaN NaN NaN NaN NaN NaN NaN NaN NaN NaN NaN NaN NaN NaN NaN NaN NaN NaN NaN NaN NaN NaN NaN 
NaN NaN NaN NaN NaN NaN NaN NaN NaN NaN NaN NaN NaN NaN NaN NaN NaN NaN NaN NaN NaN NaN NaN NaN NaN NaN NaN NaN NaN NaN NaN NaN NaN NaN NaN NaN NaN NaN NaN NaN 
NaN NaN NaN NaN NaN NaN NaN NaN NaN NaN NaN NaN NaN NaN NaN NaN NaN NaN NaN NaN NaN NaN NaN NaN NaN NaN NaN NaN NaN NaN NaN NaN NaN NaN NaN NaN NaN NaN NaN NaN 
NaN NaN NaN NaN NaN NaN NaN NaN NaN NaN NaN NaN NaN NaN NaN NaN NaN NaN NaN NaN NaN NaN NaN NaN NaN NaN NaN NaN NaN NaN NaN NaN NaN NaN NaN NaN NaN NaN NaN NaN 
NaN NaN NaN NaN NaN NaN NaN NaN NaN NaN NaN NaN NaN NaN NaN NaN NaN NaN NaN NaN NaN NaN NaN NaN NaN NaN NaN NaN NaN NaN NaN NaN NaN NaN NaN NaN NaN NaN NaN NaN 
NaN NaN NaN NaN NaN NaN NaN NaN NaN NaN NaN NaN NaN NaN NaN NaN NaN NaN NaN NaN NaN NaN NaN NaN NaN NaN NaN NaN NaN NaN NaN NaN NaN NaN NaN NaN NaN NaN NaN NaN 
NaN NaN NaN NaN NaN NaN NaN NaN NaN NaN NaN NaN NaN NaN NaN NaN NaN NaN NaN NaN NaN NaN NaN NaN NaN NaN NaN NaN NaN NaN NaN NaN NaN NaN NaN NaN NaN NaN NaN NaN 
NaN NaN NaN NaN NaN NaN NaN NaN NaN NaN NaN NaN NaN NaN NaN NaN NaN NaN NaN NaN NaN NaN NaN NaN NaN NaN NaN NaN NaN NaN NaN NaN NaN NaN NaN NaN NaN NaN NaN NaN 
NaN NaN NaN NaN NaN NaN NaN NaN NaN NaN NaN NaN NaN NaN NaN NaN NaN NaN NaN NaN NaN NaN NaN NaN NaN NaN NaN NaN NaN NaN NaN NaN NaN NaN NaN NaN NaN NaN NaN NaN 
NaN NaN NaN NaN NaN NaN NaN NaN NaN NaN NaN NaN NaN NaN NaN NaN NaN NaN NaN NaN NaN NaN NaN NaN NaN NaN NaN NaN NaN NaN NaN NaN NaN NaN NaN NaN NaN NaN NaN NaN 
NaN NaN NaN NaN NaN NaN NaN NaN NaN NaN NaN NaN NaN NaN NaN NaN NaN NaN NaN NaN NaN NaN NaN NaN NaN NaN NaN NaN NaN NaN NaN NaN NaN NaN NaN NaN NaN NaN NaN NaN 
NaN NaN NaN NaN NaN NaN NaN NaN NaN NaN NaN NaN NaN NaN NaN NaN NaN NaN NaN NaN NaN NaN NaN NaN NaN NaN NaN NaN NaN NaN NaN NaN NaN NaN NaN NaN NaN NaN NaN NaN 
NaN NaN NaN NaN NaN NaN NaN NaN NaN NaN NaN NaN NaN NaN NaN NaN NaN NaN NaN NaN NaN NaN NaN NaN NaN NaN NaN NaN NaN NaN NaN NaN NaN NaN NaN NaN NaN NaN NaN NaN 
NaN NaN NaN NaN NaN NaN NaN NaN NaN NaN NaN NaN NaN NaN NaN NaN NaN NaN NaN NaN NaN NaN NaN NaN NaN NaN NaN NaN NaN NaN NaN NaN NaN NaN NaN NaN NaN NaN NaN NaN 
NaN NaN NaN NaN NaN NaN NaN NaN NaN NaN NaN NaN NaN NaN NaN NaN NaN NaN NaN NaN NaN NaN NaN NaN NaN NaN NaN NaN NaN NaN NaN NaN NaN NaN NaN NaN NaN NaN NaN NaN 
NaN NaN NaN NaN NaN NaN NaN NaN NaN NaN NaN NaN NaN NaN NaN NaN NaN NaN NaN NaN NaN NaN NaN NaN NaN NaN NaN NaN NaN NaN NaN NaN NaN NaN NaN NaN NaN NaN NaN NaN 
NaN NaN NaN NaN NaN NaN NaN NaN NaN NaN NaN NaN NaN NaN NaN NaN NaN NaN NaN NaN NaN NaN NaN NaN NaN NaN NaN NaN NaN NaN NaN NaN NaN NaN NaN NaN NaN NaN NaN NaN 
NaN NaN NaN NaN NaN NaN NaN NaN NaN NaN NaN NaN NaN NaN NaN NaN NaN NaN NaN NaN NaN NaN NaN NaN NaN NaN NaN NaN NaN NaN NaN NaN NaN NaN NaN NaN NaN NaN NaN NaN 
NaN NaN NaN NaN NaN NaN NaN NaN NaN NaN NaN NaN NaN NaN NaN NaN NaN NaN NaN NaN NaN NaN NaN NaN NaN NaN NaN NaN NaN NaN NaN NaN NaN NaN NaN NaN NaN NaN NaN NaN 
NaN NaN NaN NaN NaN NaN NaN NaN NaN NaN NaN NaN NaN NaN NaN NaN NaN NaN NaN NaN NaN NaN NaN NaN NaN NaN NaN NaN NaN NaN NaN NaN NaN NaN NaN NaN NaN NaN NaN NaN 
NaN NaN NaN NaN NaN NaN NaN NaN NaN NaN NaN NaN NaN NaN NaN NaN NaN NaN NaN NaN NaN NaN NaN NaN NaN NaN NaN NaN NaN NaN NaN NaN NaN NaN NaN NaN NaN NaN NaN NaN 
NaN NaN NaN NaN NaN NaN NaN NaN NaN NaN NaN NaN NaN NaN NaN NaN NaN NaN NaN NaN NaN NaN NaN NaN NaN NaN NaN NaN NaN NaN NaN NaN NaN NaN NaN NaN NaN NaN NaN NaN 
NaN NaN NaN NaN NaN NaN NaN NaN NaN NaN NaN NaN NaN NaN NaN NaN NaN NaN NaN NaN NaN NaN NaN NaN NaN NaN NaN NaN NaN NaN NaN NaN NaN NaN NaN NaN NaN NaN NaN NaN 
NaN NaN NaN NaN NaN NaN NaN NaN NaN NaN NaN NaN NaN NaN NaN NaN NaN NaN NaN NaN NaN NaN NaN NaN NaN NaN NaN NaN NaN NaN NaN NaN NaN NaN NaN NaN NaN NaN NaN NaN 
NaN NaN NaN NaN NaN NaN NaN NaN NaN NaN NaN NaN NaN NaN NaN NaN NaN NaN NaN NaN NaN NaN NaN NaN NaN NaN NaN NaN NaN NaN NaN NaN NaN NaN NaN NaN NaN NaN NaN NaN 
NaN NaN NaN NaN NaN NaN NaN NaN NaN NaN NaN NaN NaN NaN NaN NaN NaN NaN NaN NaN NaN NaN NaN NaN NaN NaN NaN NaN NaN NaN NaN NaN NaN NaN NaN NaN NaN NaN NaN NaN 
NaN NaN NaN NaN NaN NaN NaN NaN NaN NaN NaN NaN NaN NaN NaN NaN NaN NaN NaN NaN NaN NaN NaN NaN NaN NaN NaN NaN NaN NaN NaN NaN NaN NaN NaN NaN NaN NaN NaN NaN 
NaN NaN NaN NaN NaN NaN NaN NaN NaN NaN NaN NaN NaN NaN NaN NaN NaN NaN NaN NaN NaN NaN NaN NaN NaN NaN NaN NaN NaN NaN NaN NaN NaN NaN NaN NaN NaN NaN NaN NaN 
NaN NaN NaN NaN NaN NaN NaN NaN NaN NaN NaN NaN NaN NaN NaN NaN NaN NaN NaN NaN NaN NaN NaN NaN NaN NaN NaN NaN NaN NaN NaN NaN NaN NaN NaN NaN NaN NaN NaN NaN 
NaN NaN NaN NaN NaN NaN NaN NaN NaN NaN NaN NaN NaN NaN NaN NaN NaN NaN NaN NaN NaN NaN NaN NaN NaN NaN NaN NaN NaN NaN NaN NaN NaN NaN NaN NaN NaN NaN NaN NaN 
NaN NaN NaN NaN NaN NaN NaN NaN NaN NaN NaN NaN NaN NaN NaN NaN NaN NaN NaN NaN NaN NaN NaN NaN NaN NaN NaN NaN NaN NaN NaN NaN NaN NaN NaN NaN NaN NaN NaN NaN 
NaN NaN NaN NaN NaN NaN NaN NaN NaN NaN NaN NaN NaN NaN NaN NaN NaN NaN NaN NaN NaN NaN NaN NaN NaN NaN NaN NaN NaN NaN NaN NaN NaN NaN NaN NaN NaN NaN NaN NaN 
NaN NaN NaN NaN NaN NaN NaN NaN NaN NaN NaN NaN NaN NaN NaN NaN NaN NaN NaN NaN NaN NaN NaN NaN NaN NaN NaN NaN NaN NaN NaN NaN NaN NaN NaN NaN NaN NaN NaN NaN 
NaN NaN NaN NaN NaN NaN NaN NaN NaN NaN NaN NaN NaN NaN NaN NaN NaN NaN NaN NaN NaN NaN NaN NaN NaN NaN NaN NaN NaN NaN NaN NaN NaN NaN NaN NaN NaN NaN NaN NaN 
NaN NaN NaN NaN NaN NaN NaN NaN NaN NaN NaN NaN NaN NaN NaN NaN NaN NaN NaN NaN NaN NaN NaN NaN NaN NaN NaN NaN NaN NaN NaN NaN NaN NaN NaN NaN NaN NaN NaN NaN 
NaN NaN NaN NaN NaN NaN NaN NaN NaN NaN NaN NaN NaN NaN NaN NaN NaN NaN NaN NaN NaN NaN NaN NaN NaN NaN NaN NaN NaN NaN NaN NaN NaN NaN NaN NaN NaN NaN NaN NaN 
NaN NaN NaN NaN NaN NaN NaN NaN NaN NaN NaN NaN NaN NaN NaN NaN NaN NaN NaN NaN NaN NaN NaN NaN NaN NaN NaN NaN NaN NaN NaN NaN NaN NaN NaN NaN NaN NaN NaN NaN 
NaN NaN NaN NaN NaN NaN NaN NaN NaN NaN NaN NaN NaN NaN NaN NaN NaN NaN NaN NaN NaN NaN NaN NaN NaN NaN NaN NaN NaN NaN NaN NaN NaN NaN NaN NaN NaN NaN NaN NaN 
NaN NaN NaN NaN NaN NaN NaN NaN NaN NaN NaN NaN NaN NaN NaN NaN NaN NaN NaN NaN NaN NaN NaN NaN NaN NaN NaN NaN NaN NaN NaN NaN NaN NaN NaN NaN NaN NaN NaN NaN 
NaN NaN NaN NaN NaN NaN NaN NaN NaN NaN NaN NaN NaN NaN NaN NaN NaN NaN NaN NaN NaN NaN NaN NaN NaN NaN NaN NaN NaN NaN NaN NaN NaN NaN NaN NaN NaN NaN NaN NaN 
NaN NaN NaN NaN NaN NaN NaN NaN NaN NaN NaN NaN NaN NaN NaN NaN NaN NaN NaN NaN NaN NaN NaN NaN NaN NaN NaN NaN NaN NaN NaN NaN NaN NaN NaN NaN NaN NaN NaN NaN 
