NaN NaN NaN NaN NaN NaN NaN NaN NaN NaN NaN NaN NaN NaN NaN NaN NaN NaN NaN NaN NaN NaN NaN NaN NaN NaN NaN NaN NaN NaN NaN NaN NaN NaN NaN NaN NaN NaN NaN NaN 
NaN NaN NaN NaN NaN NaN NaN NaN NaN NaN NaN NaN NaN NaN NaN NaN NaN NaN NaN NaN NaN NaN NaN NaN NaN NaN NaN NaN NaN NaN NaN NaN NaN NaN NaN NaN NaN NaN NaN NaN 
NaN NaN NaN NaN NaN NaN NaN NaN NaN NaN NaN NaN NaN NaN NaN NaN NaN NaN NaN NaN NaN NaN NaN NaN NaN NaN NaN NaN NaN NaN NaN NaN NaN NaN NaN NaN NaN NaN NaN NaN 
NaN NaN NaN NaN NaN NaN NaN NaN NaN NaN NaN NaN NaN NaN NaN NaN NaN NaN NaN NaN NaN NaN NaN NaN NaN NaN NaN NaN NaN NaN NaN NaN NaN NaN NaN NaN NaN NaN NaN NaN 
NaN NaN NaN NaN NaN NaN NaN NaN NaN NaN NaN NaN NaN NaN NaN NaN NaN NaN NaN NaN NaN NaN NaN NaN NaN NaN NaN NaN NaN NaN NaN NaN NaN NaN NaN NaN NaN NaN NaN NaN 
NaN NaN NaN NaN NaN NaN NaN NaN NaN NaN NaN NaN NaN NaN NaN NaN NaN NaN NaN NaN NaN NaN NaN NaN NaN NaN NaN NaN NaN NaN NaN NaN NaN NaN NaN NaN NaN NaN NaN NaN 
NaN NaN NaN NaN NaN NaN NaN NaN NaN NaN NaN NaN NaN NaN NaN NaN NaN NaN NaN NaN NaN NaN NaN NaN NaN NaN NaN NaN NaN NaN NaN NaN NaN NaN NaN NaN NaN NaN NaN NaN 
NaN NaN NaN NaN NaN NaN NaN NaN NaN NaN NaN NaN NaN NaN NaN NaN NaN NaN NaN NaN NaN NaN NaN NaN NaN NaN NaN NaN NaN NaN NaN NaN NaN NaN NaN NaN NaN NaN NaN NaN 
NaN NaN NaN NaN NaN NaN NaN NaN NaN NaN NaN NaN NaN NaN NaN NaN NaN NaN NaN NaN NaN NaN NaN NaN NaN NaN NaN NaN NaN NaN NaN NaN NaN NaN NaN NaN NaN NaN NaN NaN 
NaN NaN NaN NaN NaN NaN NaN NaN NaN NaN NaN NaN NaN NaN NaN NaN NaN NaN NaN NaN NaN NaN NaN NaN NaN NaN NaN NaN NaN NaN NaN NaN NaN NaN NaN NaN NaN NaN NaN NaN 
NaN NaN NaN NaN NaN NaN NaN NaN NaN NaN NaN NaN NaN NaN NaN NaN NaN NaN NaN NaN NaN NaN NaN NaN NaN NaN NaN NaN NaN NaN NaN NaN NaN NaN NaN NaN NaN NaN NaN NaN 
NaN NaN NaN NaN NaN NaN NaN NaN NaN NaN NaN NaN NaN NaN NaN NaN NaN NaN NaN NaN NaN NaN NaN NaN NaN NaN NaN NaN NaN NaN NaN NaN NaN NaN NaN NaN NaN NaN NaN NaN 
NaN NaN NaN NaN NaN NaN NaN NaN NaN NaN NaN NaN NaN NaN NaN NaN NaN NaN NaN NaN NaN NaN NaN NaN NaN NaN NaN NaN NaN NaN NaN NaN NaN NaN NaN NaN NaN NaN NaN NaN 
NaN NaN NaN NaN NaN NaN NaN NaN NaN NaN NaN NaN NaN NaN NaN NaN NaN NaN NaN NaN NaN NaN NaN NaN NaN NaN NaN NaN NaN NaN NaN NaN NaN NaN NaN NaN NaN NaN NaN NaN 
NaN NaN NaN NaN NaN NaN NaN NaN NaN NaN NaN NaN NaN NaN NaN NaN NaN NaN NaN NaN NaN NaN NaN NaN NaN NaN NaN NaN NaN NaN NaN NaN NaN NaN NaN NaN NaN NaN NaN NaN 
NaN NaN NaN NaN NaN NaN NaN NaN NaN NaN NaN NaN NaN NaN NaN NaN NaN NaN NaN NaN NaN NaN NaN NaN NaN NaN NaN NaN NaN NaN NaN NaN NaN NaN NaN NaN NaN NaN NaN NaN 
NaN NaN NaN NaN NaN NaN NaN NaN NaN NaN NaN NaN NaN NaN NaN NaN NaN NaN NaN NaN NaN NaN NaN NaN NaN NaN NaN NaN NaN NaN NaN NaN NaN NaN NaN NaN NaN NaN NaN NaN 
NaN NaN NaN NaN NaN NaN NaN NaN NaN NaN NaN NaN NaN NaN NaN NaN NaN NaN NaN NaN NaN NaN NaN NaN NaN NaN NaN NaN NaN NaN NaN NaN NaN NaN NaN NaN NaN NaN NaN NaN 
NaN NaN NaN NaN NaN NaN NaN NaN NaN NaN NaN NaN NaN NaN NaN NaN NaN NaN NaN NaN NaN NaN NaN NaN NaN NaN NaN NaN NaN NaN NaN NaN NaN NaN NaN NaN NaN NaN NaN NaN 
NaN NaN NaN NaN NaN NaN NaN NaN NaN NaN NaN NaN NaN NaN NaN NaN NaN NaN NaN NaN NaN NaN NaN NaN NaN NaN NaN NaN NaN NaN NaN NaN NaN NaN NaN NaN NaN NaN NaN NaN 
NaN NaN NaN NaN NaN NaN NaN NaN NaN NaN NaN NaN NaN NaN NaN NaN NaN NaN NaN NaN NaN NaN NaN NaN NaN NaN NaN NaN NaN NaN NaN NaN NaN NaN NaN NaN NaN NaN NaN NaN 
NaN NaN NaN NaN NaN NaN NaN NaN NaN NaN NaN NaN NaN NaN NaN NaN NaN NaN NaN NaN NaN NaN NaN NaN NaN NaN NaN NaN NaN NaN NaN NaN NaN NaN NaN NaN NaN NaN NaN NaN 
NaN NaN NaN NaN NaN NaN NaN NaN NaN NaN NaN NaN NaN NaN NaN NaN NaN NaN NaN NaN NaN NaN NaN NaN NaN NaN NaN NaN NaN NaN NaN NaN NaN NaN NaN NaN NaN NaN NaN NaN 
NaN NaN NaN NaN NaN NaN NaN NaN NaN NaN NaN NaN NaN NaN NaN NaN NaN NaN NaN NaN NaN NaN NaN NaN NaN NaN NaN NaN NaN NaN NaN NaN NaN NaN NaN NaN NaN NaN NaN NaN 
NaN NaN NaN NaN NaN NaN NaN NaN NaN NaN NaN NaN NaN NaN NaN NaN NaN NaN NaN NaN NaN NaN NaN NaN NaN NaN NaN NaN NaN NaN NaN NaN NaN NaN NaN NaN NaN NaN NaN NaN 
NaN NaN NaN NaN NaN NaN NaN NaN NaN NaN NaN NaN NaN NaN NaN NaN NaN NaN NaN NaN NaN NaN NaN NaN NaN NaN NaN NaN NaN NaN NaN NaN NaN NaN NaN NaN NaN NaN NaN NaN 
NaN NaN NaN NaN NaN NaN NaN NaN NaN NaN NaN NaN NaN NaN NaN NaN NaN NaN NaN NaN NaN NaN NaN NaN NaN NaN NaN NaN NaN NaN NaN NaN NaN NaN NaN NaN NaN NaN NaN NaN 
NaN NaN NaN NaN NaN NaN NaN NaN NaN NaN NaN NaN NaN NaN NaN NaN NaN NaN NaN NaN NaN NaN NaN NaN NaN NaN NaN NaN NaN NaN NaN NaN NaN NaN NaN NaN NaN NaN NaN NaN 
NaN NaN NaN NaN NaN NaN NaN NaN NaN NaN NaN NaN NaN NaN NaN NaN NaN NaN NaN NaN NaN NaN NaN NaN NaN NaN NaN NaN NaN NaN NaN NaN NaN NaN NaN NaN NaN NaN NaN NaN 
NaN NaN NaN NaN NaN NaN NaN NaN NaN NaN NaN NaN NaN NaN NaN NaN NaN NaN NaN NaN NaN NaN NaN NaN NaN NaN NaN NaN NaN NaN NaN NaN NaN NaN NaN NaN NaN NaN NaN NaN 
NaN NaN NaN NaN NaN NaN NaN NaN NaN NaN NaN NaN NaN NaN NaN NaN NaN NaN NaN NaN NaN NaN NaN NaN NaN NaN NaN NaN NaN NaN NaN NaN NaN NaN NaN NaN NaN NaN NaN NaN 
NaN NaN NaN NaN NaN NaN NaN NaN NaN NaN NaN NaN NaN NaN NaN NaN NaN NaN NaN NaN NaN NaN NaN NaN NaN NaN NaN NaN NaN NaN NaN NaN NaN NaN NaN NaN NaN NaN NaN NaN 
NaN NaN NaN NaN NaN NaN NaN NaN NaN NaN NaN NaN NaN NaN NaN NaN NaN NaN NaN NaN NaN NaN NaN NaN NaN NaN NaN NaN NaN NaN NaN NaN NaN NaN NaN NaN NaN NaN NaN NaN 
NaN NaN NaN NaN NaN NaN NaN NaN NaN NaN NaN NaN NaN NaN NaN NaN NaN NaN NaN NaN NaN NaN NaN NaN NaN NaN NaN NaN NaN NaN NaN NaN NaN NaN NaN NaN NaN NaN NaN NaN 
NaN NaN NaN NaN NaN NaN NaN NaN NaN NaN NaN NaN NaN NaN NaN NaN NaN NaN NaN NaN NaN NaN NaN NaN NaN NaN NaN NaN NaN NaN NaN NaN NaN NaN NaN NaN NaN NaN NaN NaN 
NaN NaN NaN NaN NaN NaN NaN NaN NaN NaN NaN NaN NaN NaN NaN NaN NaN NaN NaN NaN NaN NaN NaN NaN NaN NaN NaN NaN NaN NaN NaN NaN NaN NaN NaN NaN NaN NaN NaN NaN 
NaN NaN NaN NaN NaN NaN NaN NaN NaN NaN NaN NaN NaN NaN NaN NaN NaN NaN NaN NaN NaN NaN NaN NaN NaN NaN NaN NaN NaN NaN NaN NaN NaN NaN NaN NaN NaN NaN NaN NaN 
NaN NaN NaN NaN NaN NaN NaN NaN NaN NaN NaN NaN NaN NaN NaN NaN NaN NaN NaN NaN NaN NaN NaN NaN NaN NaN NaN NaN NaN NaN NaN NaN NaN NaN NaN NaN NaN NaN NaN NaN 
NaN NaN NaN NaN NaN NaN NaN NaN NaN NaN NaN NaN NaN NaN NaN NaN NaN NaN NaN NaN NaN NaN NaN NaN NaN NaN NaN NaN NaN NaN NaN NaN NaN NaN NaN NaN NaN NaN NaN NaN 
NaN NaN NaN NaN NaN NaN NaN NaN NaN NaN NaN NaN NaN NaN NaN NaN NaN NaN NaN NaN NaN NaN NaN NaN NaN NaN NaN NaN NaN NaN NaN NaN NaN NaN NaN NaN NaN NaN NaN NaN 
NaN NaN NaN NaN NaN NaN NaN NaN NaN NaN NaN NaN NaN NaN NaN NaN NaN NaN NaN NaN NaN NaN NaN NaN NaN NaN NaN NaN NaN NaN NaN NaN NaN NaN NaN NaN NaN NaN NaN NaN 
NaN NaN NaN NaN NaN NaN NaN NaN NaN NaN NaN NaN NaN NaN NaN NaN NaN NaN NaN NaN NaN NaN NaN NaN NaN NaN NaN NaN NaN NaN NaN NaN NaN NaN NaN NaN NaN NaN NaN NaN 
NaN NaN NaN NaN NaN NaN NaN NaN NaN NaN NaN NaN NaN NaN NaN NaN NaN NaN NaN NaN NaN NaN NaN NaN NaN NaN NaN NaN NaN NaN NaN NaN NaN NaN NaN NaN NaN NaN NaN NaN 
NaN NaN NaN NaN NaN NaN NaN NaN NaN NaN NaN NaN NaN NaN NaN NaN NaN NaN NaN NaN NaN NaN NaN NaN NaN NaN NaN NaN NaN NaN NaN NaN NaN NaN NaN NaN NaN NaN NaN NaN 
NaN NaN NaN NaN NaN NaN NaN NaN NaN NaN NaN NaN NaN NaN NaN NaN NaN NaN NaN NaN NaN NaN NaN NaN NaN NaN NaN NaN NaN NaN NaN NaN NaN NaN NaN NaN NaN NaN NaN NaN 
NaN NaN NaN NaN NaN NaN NaN NaN NaN NaN NaN NaN NaN NaN NaN NaN NaN NaN NaN NaN NaN NaN NaN NaN NaN NaN NaN NaN NaN NaN NaN NaN NaN NaN NaN NaN NaN NaN NaN NaN 
NaN NaN NaN NaN NaN NaN NaN NaN NaN NaN NaN NaN NaN NaN NaN NaN NaN NaN NaN NaN NaN NaN NaN NaN NaN NaN NaN NaN NaN NaN NaN NaN NaN NaN NaN NaN NaN NaN NaN NaN 
NaN NaN NaN NaN NaN NaN NaN NaN NaN NaN NaN NaN NaN NaN NaN NaN NaN NaN NaN NaN NaN NaN NaN NaN NaN NaN NaN NaN NaN NaN NaN NaN NaN NaN NaN NaN NaN NaN NaN NaN 
NaN NaN NaN NaN NaN NaN NaN NaN NaN NaN NaN NaN NaN NaN NaN NaN NaN NaN NaN NaN NaN NaN NaN NaN NaN NaN NaN NaN NaN NaN NaN NaN NaN NaN NaN NaN NaN NaN NaN NaN 
NaN NaN NaN NaN NaN NaN NaN NaN NaN NaN NaN NaN NaN NaN NaN NaN NaN NaN NaN NaN NaN NaN NaN NaN NaN NaN NaN NaN NaN NaN NaN NaN NaN NaN NaN NaN NaN NaN NaN NaN 
NaN NaN NaN NaN NaN NaN NaN NaN NaN NaN NaN NaN NaN NaN NaN NaN NaN NaN NaN NaN NaN NaN NaN NaN NaN NaN NaN NaN NaN NaN NaN NaN NaN NaN NaN NaN NaN NaN NaN NaN 
NaN NaN NaN NaN NaN NaN NaN NaN NaN NaN NaN NaN NaN NaN NaN NaN NaN NaN NaN NaN NaN NaN NaN NaN NaN NaN NaN NaN NaN NaN NaN NaN NaN NaN NaN NaN NaN NaN NaN NaN 
NaN NaN NaN NaN NaN NaN NaN NaN NaN NaN NaN NaN NaN NaN NaN NaN NaN NaN NaN NaN NaN NaN NaN NaN NaN NaN NaN NaN NaN NaN NaN NaN NaN NaN NaN NaN NaN NaN NaN NaN 
NaN NaN NaN NaN NaN NaN NaN NaN NaN NaN NaN NaN NaN NaN NaN NaN NaN NaN NaN NaN NaN NaN NaN NaN NaN NaN NaN NaN NaN NaN NaN NaN NaN NaN NaN NaN NaN NaN NaN NaN 
NaN NaN NaN NaN NaN NaN NaN NaN NaN NaN NaN NaN NaN NaN NaN NaN NaN NaN NaN NaN NaN NaN NaN NaN NaN NaN NaN NaN NaN NaN NaN NaN NaN NaN NaN NaN NaN NaN NaN NaN 
NaN NaN NaN NaN NaN NaN NaN NaN NaN NaN NaN NaN NaN NaN NaN NaN NaN NaN NaN NaN NaN NaN NaN NaN NaN NaN NaN NaN NaN NaN NaN NaN NaN NaN NaN NaN NaN NaN NaN NaN 
NaN NaN NaN NaN NaN NaN NaN NaN NaN NaN NaN NaN NaN NaN NaN NaN NaN NaN NaN NaN NaN NaN NaN NaN NaN NaN NaN NaN NaN NaN NaN NaN NaN NaN NaN NaN NaN NaN NaN NaN 
NaN NaN NaN NaN NaN NaN NaN NaN NaN NaN NaN NaN NaN NaN NaN NaN NaN NaN NaN NaN NaN NaN NaN NaN NaN NaN NaN NaN NaN NaN NaN NaN NaN NaN NaN NaN NaN NaN NaN NaN 
NaN NaN NaN NaN NaN NaN NaN NaN NaN NaN NaN NaN NaN NaN NaN NaN NaN NaN NaN NaN NaN NaN NaN NaN NaN NaN NaN NaN NaN NaN NaN NaN NaN NaN NaN NaN NaN NaN NaN NaN 
NaN NaN NaN NaN NaN NaN NaN NaN NaN NaN NaN NaN NaN NaN NaN NaN NaN NaN NaN NaN NaN NaN NaN NaN NaN NaN NaN NaN NaN NaN NaN NaN NaN NaN NaN NaN NaN NaN NaN NaN 
NaN NaN NaN NaN NaN NaN NaN NaN NaN NaN NaN NaN NaN NaN NaN NaN NaN NaN NaN NaN NaN NaN NaN NaN NaN NaN NaN NaN NaN NaN NaN NaN NaN NaN NaN NaN NaN NaN NaN NaN 
NaN NaN NaN NaN NaN NaN NaN NaN NaN NaN NaN NaN NaN NaN NaN NaN NaN NaN NaN NaN NaN NaN NaN NaN NaN NaN NaN NaN NaN NaN NaN NaN NaN NaN NaN NaN NaN NaN NaN NaN 
NaN NaN NaN NaN NaN NaN NaN NaN NaN NaN NaN NaN NaN NaN NaN NaN NaN NaN NaN NaN NaN NaN NaN NaN NaN NaN NaN NaN NaN NaN NaN NaN NaN NaN NaN NaN NaN NaN NaN NaN 
NaN NaN NaN NaN NaN NaN NaN NaN NaN NaN NaN NaN NaN NaN NaN NaN NaN NaN NaN NaN NaN NaN NaN NaN NaN NaN NaN NaN NaN NaN NaN NaN NaN NaN NaN NaN NaN NaN NaN NaN 
NaN NaN NaN NaN NaN NaN NaN NaN NaN NaN NaN NaN NaN NaN NaN NaN NaN NaN NaN NaN NaN NaN NaN NaN NaN NaN NaN NaN NaN NaN NaN NaN NaN NaN NaN NaN NaN NaN NaN NaN 
NaN NaN NaN NaN NaN NaN NaN NaN NaN NaN NaN NaN NaN NaN NaN NaN NaN NaN NaN NaN NaN NaN NaN NaN NaN NaN NaN NaN NaN NaN NaN NaN NaN NaN NaN NaN NaN NaN NaN NaN 
NaN NaN NaN NaN NaN NaN NaN NaN NaN NaN NaN NaN NaN NaN NaN NaN NaN NaN NaN NaN NaN NaN NaN NaN NaN NaN NaN NaN NaN NaN NaN NaN NaN NaN NaN NaN NaN NaN NaN NaN 
NaN NaN NaN NaN NaN NaN NaN NaN NaN NaN NaN NaN NaN NaN NaN NaN NaN NaN NaN NaN NaN NaN NaN NaN NaN NaN NaN NaN NaN NaN NaN NaN NaN NaN NaN NaN NaN NaN NaN NaN 
NaN NaN NaN NaN NaN NaN NaN NaN NaN NaN NaN NaN NaN NaN NaN NaN NaN NaN NaN NaN NaN NaN NaN NaN NaN NaN NaN NaN NaN NaN NaN NaN NaN NaN NaN NaN NaN NaN NaN NaN 
NaN NaN NaN NaN NaN NaN NaN NaN NaN NaN NaN NaN NaN NaN NaN NaN NaN NaN NaN NaN NaN NaN NaN NaN NaN NaN NaN NaN NaN NaN NaN NaN NaN NaN NaN NaN NaN NaN NaN NaN 
NaN NaN NaN NaN NaN NaN NaN NaN NaN NaN NaN NaN NaN NaN NaN NaN NaN NaN NaN NaN NaN NaN NaN NaN NaN NaN NaN NaN NaN NaN NaN NaN NaN NaN NaN NaN NaN NaN NaN NaN 
NaN NaN NaN NaN NaN NaN NaN NaN NaN NaN NaN NaN NaN NaN NaN NaN NaN NaN NaN NaN NaN NaN NaN NaN NaN NaN NaN NaN NaN NaN NaN NaN NaN NaN NaN NaN NaN NaN NaN NaN 
NaN NaN NaN NaN NaN NaN NaN NaN NaN NaN NaN NaN NaN NaN NaN NaN NaN NaN NaN NaN NaN NaN NaN NaN NaN NaN NaN NaN NaN NaN NaN NaN NaN NaN NaN NaN NaN NaN NaN NaN 
NaN NaN NaN NaN NaN NaN NaN NaN NaN NaN NaN NaN NaN NaN NaN NaN NaN NaN NaN NaN NaN NaN NaN NaN NaN NaN NaN NaN NaN NaN NaN NaN NaN NaN NaN NaN NaN NaN NaN NaN 
NaN NaN NaN NaN NaN NaN NaN NaN NaN NaN NaN NaN NaN NaN NaN NaN NaN NaN NaN NaN NaN NaN NaN NaN NaN NaN NaN NaN NaN NaN NaN NaN NaN NaN NaN NaN NaN NaN NaN NaN 
NaN NaN NaN NaN NaN NaN NaN NaN NaN NaN NaN NaN NaN NaN NaN NaN NaN NaN NaN NaN NaN NaN NaN NaN NaN NaN NaN NaN NaN NaN NaN NaN NaN NaN NaN NaN NaN NaN NaN NaN 
NaN NaN NaN NaN NaN NaN NaN NaN NaN NaN NaN NaN NaN NaN NaN NaN NaN NaN NaN NaN NaN NaN NaN NaN NaN NaN NaN NaN NaN NaN NaN NaN NaN NaN NaN NaN NaN NaN NaN NaN 
NaN NaN NaN NaN NaN NaN NaN NaN NaN NaN NaN NaN NaN NaN NaN NaN NaN NaN NaN NaN NaN NaN NaN NaN NaN NaN NaN NaN NaN NaN NaN NaN NaN NaN NaN NaN NaN NaN NaN NaN 
NaN NaN NaN NaN NaN NaN NaN NaN NaN NaN NaN NaN NaN NaN NaN NaN NaN NaN NaN NaN NaN NaN NaN NaN NaN NaN NaN NaN NaN NaN NaN NaN NaN NaN NaN NaN NaN NaN NaN NaN 
NaN NaN NaN NaN NaN NaN NaN NaN NaN NaN NaN NaN NaN NaN NaN NaN NaN NaN NaN NaN NaN NaN NaN NaN NaN NaN NaN NaN NaN NaN NaN NaN NaN NaN NaN NaN NaN NaN NaN NaN 
NaN NaN NaN NaN NaN NaN NaN NaN NaN NaN NaN NaN NaN NaN NaN NaN NaN NaN NaN NaN NaN NaN NaN NaN NaN NaN NaN NaN NaN NaN NaN NaN NaN NaN NaN NaN NaN NaN NaN NaN 
NaN NaN NaN NaN NaN NaN NaN NaN NaN NaN NaN NaN NaN NaN NaN NaN NaN NaN NaN NaN NaN NaN NaN NaN NaN NaN NaN NaN NaN NaN NaN NaN NaN NaN NaN NaN NaN NaN NaN NaN 
NaN NaN NaN NaN NaN NaN NaN NaN NaN NaN NaN NaN NaN NaN NaN NaN NaN NaN NaN NaN NaN NaN NaN NaN NaN NaN NaN NaN NaN NaN NaN NaN NaN NaN NaN NaN NaN NaN NaN NaN 
NaN NaN NaN NaN NaN NaN NaN NaN NaN NaN NaN NaN NaN NaN NaN NaN NaN NaN NaN NaN NaN NaN NaN NaN NaN NaN NaN NaN NaN NaN NaN NaN NaN NaN NaN NaN NaN NaN NaN NaN 
NaN NaN NaN NaN NaN NaN NaN NaN NaN NaN NaN NaN NaN NaN NaN NaN NaN NaN NaN NaN NaN NaN NaN NaN NaN NaN NaN NaN NaN NaN NaN NaN NaN NaN NaN NaN NaN NaN NaN NaN 
-61.669820 -65.973847 -69.582963 -71.881873 -75.442141 -75.516161 -78.224065 -85.476089 -86.333499 -80.897677 -81.244355 -79.886252 -82.094717 -85.564895 -83.690822 -82.228999 -84.794562 -92.943815 -83.822779 -85.373922 -83.375272 -84.146082 -93.647414 -83.917177 -84.564885 -81.152942 -81.588817 -80.960714 -80.627816 -84.030265 -81.487321 -79.318070 -80.976585 -81.131439 -78.975228 -79.938144 -83.676800 -83.825239 -81.761193 -84.987319 
-54.064889 -70.743764 -73.191447 -69.149237 -74.085205 -72.975826 -70.218639 -78.595056 -80.011394 -76.485088 -72.531740 -70.345701 -74.657947 -75.622944 -75.437456 -75.275173 -72.790527 -76.262851 -74.537715 -73.065911 -76.131483 -74.584118 -75.475153 -72.203195 -73.039348 -72.647602 -75.690692 -76.757867 -74.962743 -75.699778 -75.759815 -74.344519 -72.821264 -73.658534 -73.141846 -75.298241 -76.046045 -73.983205 -72.819230 -76.319016 
-55.699902 -83.549740 -78.779492 -73.014552 -76.752379 -77.242031 -76.025428 -76.030751 -78.779177 -73.499727 -72.121744 -75.255928 -74.935031 -72.632063 -76.027677 -74.588529 -69.973130 -70.629641 -70.850153 -72.911996 -72.478021 -72.824082 -71.576058 -70.968689 -79.326637 -75.402854 -78.090029 -76.104361 -76.766689 -75.379804 -74.508157 -71.683997 -73.197043 -76.396924 -76.329900 -73.820342 -75.136775 -73.471119 -72.430663 -72.744662 
-55.828878 -68.534589 -68.684380 -72.718488 -69.849687 -69.338606 -70.285207 -69.430309 -69.576201 -67.480843 -67.681770 -71.802923 -71.075254 -73.271885 -71.010814 -67.861656 -70.201469 -72.568367 -72.249362 -73.375631 -71.504587 -72.186499 -71.558155 -75.751495 -72.256313 -73.344513 -71.402769 -72.007457 -74.802547 -76.709833 -74.679561 -75.044689 -75.368360 -74.225857 -72.059609 -72.673411 -73.216748 -75.530688 -73.978237 -73.557736 
-36.512209 -35.655592 -36.035139 -39.635769 -42.850165 -46.392427 -47.526530 -47.056872 -49.100124 -52.987984 -53.287360 -49.655061 -50.846539 -54.380036 -52.233061 -52.004025 -54.073960 -54.505145 -54.054802 -54.025542 -57.456586 -56.306907 -58.538870 -58.737190 -60.533966 -61.878253 -58.152017 -59.128806 -62.855897 -71.809892 -68.524407 -64.500397 -67.201053 -68.557140 -66.825379 -64.929506 -65.511463 -65.657074 -68.460116 -68.723911 
-28.076148 -26.657746 -29.332564 -42.942607 -46.202092 -49.959795 -52.035962 -50.124614 -51.874849 -58.087136 -57.968025 -52.196307 -55.843950 -63.371487 -56.847785 -58.583363 -62.480576 -60.270494 -57.571714 -60.105908 -61.422688 -58.945957 -61.431307 -60.111247 -62.731783 -65.068828 -62.052546 -63.630194 -63.567444 -67.486093 -66.695771 -63.050636 -64.020729 -67.007523 -67.706014 -65.953702 -66.778185 -65.386103 -64.606117 -67.238136 
-19.576324 -21.108087 -32.792200 -46.179725 -45.440919 -47.882366 -52.435077 -53.505128 -56.049371 -53.202660 -55.574272 -60.578781 -57.902109 -59.054256 -62.041391 -62.686782 -62.557249 -62.934663 -64.389777 -65.883552 -62.594254 -60.090853 -64.437797 -61.912005 -64.470039 -67.073867 -64.412704 -64.856741 -64.064645 -63.553689 -65.909112 -65.758898 -63.801499 -64.909247 -65.019814 -65.434873 -66.574144 -66.725928 -67.739095 -70.998807 
-15.890249 -19.274835 -33.799696 -44.406929 -51.866958 -48.066526 -49.694369 -57.280027 -56.821219 -58.710656 -56.503516 -59.460716 -56.870376 -60.628719 -60.693938 -63.818363 -60.292129 -60.975613 -63.666244 -59.922001 -59.953764 -64.046749 -60.967629 -62.149605 -63.192543 -64.008176 -61.798061 -62.154965 -61.148302 -63.439742 -63.576226 -63.166137 -63.750845 -63.902692 -63.284509 -62.198139 -65.401006 -65.702647 -68.471252 -68.835466 
-17.437633 -23.051317 -41.321362 -46.371806 -44.233566 -44.341059 -46.723037 -49.850012 -51.787105 -46.377187 -47.101551 -52.478627 -51.030968 -54.285814 -51.030513 -46.521967 -48.138998 -47.508830 -46.979715 -49.650788 -49.361075 -45.639983 -50.005767 -39.071320 -33.909575 -40.444004 -38.906999 -40.034786 -41.478736 -42.455888 -40.507428 -40.503384 -38.004727 -39.209507 -41.866333 -42.014124 -43.425410 -46.040588 -53.126142 -55.421407 
-14.377575 -8.875509 -8.504824 -10.100417 -13.805410 -17.434428 -16.516135 -16.056493 -15.620269 -14.039946 -16.802136 -20.619011 -23.344906 -18.687377 -14.878960 -16.453930 -18.108103 -23.507423 -23.512535 -13.934242 -17.998070 -19.802673 -17.252124 -16.534324 -14.922119 -12.445176 -10.848921 -11.292399 -9.503388 -11.721183 -14.797793 -15.426561 -17.536698 -16.093312 -22.133537 -23.358894 -18.195534 -20.874863 -25.887311 -31.653930 
5.188449 4.793172 -1.791346 -0.630065 -0.602084 2.900604 1.442930 -4.643299 -3.702811 -9.373892 -9.794734 -9.860293 -16.686826 -12.757441 -6.249783 -12.283808 -11.731154 -19.436615 -15.027462 -2.056241 -4.960454 -12.175825 -11.103154 -7.257981 -5.161193 -5.938831 -4.557547 -5.468950 -3.304712 -5.572968 -10.523359 -7.496780 -2.221403 -6.337695 -10.451166 -6.116374 -2.228195 -7.507571 -7.794654 -18.779780 
11.213637 8.026377 -2.734302 -8.117742 -9.298102 -2.751419 -6.270776 -4.894946 -9.049688 -12.580455 -10.580630 -3.846909 -11.344392 -10.618081 -11.345968 -17.716526 -19.475268 -22.507828 -14.601818 -5.412286 -5.680380 -9.148908 -11.209202 -2.366587 -4.240753 -10.453007 -12.462969 -7.226992 -5.928618 -9.021578 -26.549250 -5.019443 -1.171801 -4.545546 -9.248539 -4.965382 -1.329537 -6.005042 -5.332105 -16.123245 
8.247455 -0.024342 -9.858309 -15.895898 -18.695703 -13.848228 -8.830048 -5.620447 -11.805905 -8.808056 -8.244260 -5.560436 -13.665984 -18.955357 -23.088705 -25.143452 -21.818559 -19.155475 -18.956715 -6.683034 -0.066970 -11.157431 -13.709247 -7.900199 -8.293133 -13.834754 -15.750328 -14.546433 -4.293808 -10.235536 -29.498262 -13.612170 -9.033698 -9.909101 -10.270417 -9.740729 -13.159738 -16.459473 -17.942398 -19.298840 
1.881915 -4.992813 -7.203354 -4.660975 -9.299296 -13.633181 -10.246400 -9.422762 -10.118927 -10.810385 -5.942848 -3.574978 -5.672056 -14.394908 -15.854547 -16.488702 -14.048283 -10.713113 -9.682591 -4.214817 0.631281 -7.305332 -2.124483 -4.242494 -10.812265 -20.392656 -19.673820 -17.588731 -13.200940 -14.465362 -29.040645 -21.839116 -20.088357 -20.873971 -17.578871 -20.614651 -17.858023 -18.904676 -18.055695 -18.628260 
-3.583030 -2.075243 0.879104 -3.779041 -9.210936 -5.501404 -6.693201 -7.502573 -0.918315 -6.542246 -1.137695 2.816805 1.975218 -8.398123 -9.026474 -14.597776 -15.269730 -9.258206 -9.862327 -2.470672 0.116944 -5.441824 1.129911 -5.807167 -14.559684 -17.394297 -20.954273 -18.232987 -14.012531 -20.467577 -28.892351 -25.447770 -24.687457 -26.245388 -24.367379 -23.295016 -17.453028 -15.509808 -14.861930 -16.167104 
2.164045 14.794842 21.015314 18.494540 9.197703 5.451960 7.172160 5.490138 10.430621 7.480688 10.335112 4.086428 2.663341 -0.352896 -4.458130 -5.111340 -6.923517 -5.244400 -6.366553 -3.459787 1.648695 -0.086982 0.820103 -4.604973 -11.732189 -14.134487 -21.160052 -19.763907 -17.160654 -23.753685 -27.273491 -26.968974 -27.463013 -33.289344 -34.430846 -27.052323 -16.285481 -13.564189 -14.595594 -14.798275 
-1.630231 12.743902 25.047950 21.501459 8.819407 15.267455 9.508438 12.793578 14.128844 8.141945 11.887165 7.225809 6.434161 3.764419 -0.200968 -0.807306 -0.576746 -0.453027 1.567130 6.222061 6.811786 0.867364 2.731586 2.332865 -8.097052 -13.506676 -16.217896 -12.847918 -11.162692 -18.673452 -33.118969 -33.110392 -32.228762 -35.647681 -41.471122 -29.879531 -15.138720 -12.949708 -16.717257 -16.732742 
-9.016033 11.529669 23.971786 20.392296 8.510309 17.822985 10.611195 8.533343 12.201319 15.694788 18.354895 5.354630 6.673528 7.473598 1.318246 0.867947 1.415241 1.435496 7.873473 14.542722 10.168417 7.006050 5.270714 7.793932 1.947197 -6.161881 -9.825256 -8.758372 -8.449523 -14.098673 -29.323759 -31.873488 -31.657342 -32.084618 -37.204911 -33.961755 -18.374425 -15.385936 -20.224951 -20.772007 
-19.974299 6.690507 22.005899 20.771555 3.108953 16.496412 13.388144 4.327579 14.830028 12.726450 20.361541 8.879065 9.347660 2.967762 3.018341 1.360529 0.070118 1.726891 8.299704 14.345566 8.684193 6.184265 4.003392 8.053714 1.454015 -8.602834 -12.345722 -8.549254 -6.135251 -12.061835 -25.903315 -30.452285 -28.694669 -28.465228 -30.667755 -31.970828 -23.165242 -20.066083 -20.248409 -21.271953 
-14.656829 3.336002 20.586612 21.538771 3.857600 14.760717 15.717545 4.776329 16.289416 5.521025 17.031820 9.140260 8.019001 0.443304 2.483333 -1.828257 -3.449296 -1.294014 3.826028 12.536909 8.171169 -0.943033 0.742665 3.854412 -0.373894 -11.273278 -17.874906 -16.276145 -9.148816 -13.304922 -28.797435 -35.310937 -28.030782 -34.213085 -39.761986 -33.423334 -23.774288 -21.277444 -23.666169 -23.529969 
-13.363491 2.631949 20.476923 21.695538 4.520905 14.968102 15.678362 4.406436 16.075983 5.486977 15.778095 6.369303 5.915436 -1.047521 1.153799 -3.365145 -4.377580 -3.969201 4.665807 14.118955 8.317112 0.299516 -1.316007 -0.824541 -3.527052 -16.067155 -22.309271 -19.239928 -12.335418 -16.391733 -29.522288 -36.667475 -30.227179 -34.067959 -39.648956 -29.879490 -18.953995 -19.781827 -21.280013 -22.242339 
-16.491262 2.676004 20.324560 21.383386 3.882613 15.408959 15.699919 5.113239 16.728188 5.365982 13.844000 5.336326 4.962901 -1.192907 2.494714 -1.757369 -5.073490 -3.631157 5.681086 12.730081 6.902061 -2.559095 -3.404711 -1.596661 -5.925325 -17.010472 -25.374575 -21.302292 -12.714355 -16.815131 -24.240638 -36.218012 -32.038781 -37.797801 -39.741675 -29.729319 -22.761475 -23.509881 -22.828330 -26.326851 
-15.327118 4.963429 20.496574 21.061644 6.527537 16.032272 16.074904 8.479568 15.203257 3.615412 10.592764 4.229895 4.653781 -1.728886 0.829752 -1.825339 -5.366214 -3.816484 4.579391 11.650766 1.880420 -8.171228 -5.485748 -3.492161 -10.208469 -19.959634 -18.923496 -10.508814 -8.822702 -16.215793 -22.643123 -35.801094 -39.682120 -46.593473 -44.126383 -32.111722 -25.865901 -27.445126 -25.240372 -27.641601 
-14.044287 7.718528 21.659834 18.913442 11.727819 14.908522 6.825190 2.248966 5.447433 -3.285158 -0.308874 -9.323603 -3.811462 -6.756093 -6.744377 -6.381992 -9.576683 -5.667601 -1.706145 0.593111 -10.857399 -18.025028 -15.825504 -10.600199 -14.324878 -28.643315 -26.205215 -19.499488 -15.172890 -22.154850 -26.098786 -32.339421 -41.148679 -49.776405 -49.735506 -42.003425 -34.301946 -37.134614 -31.715814 -36.998173 
-10.339251 8.340163 23.034382 22.159841 5.680264 13.950237 10.249884 -12.343200 -14.004719 -14.677361 -8.406329 -16.419327 -16.743914 -17.141057 -19.391457 -15.840782 -17.701491 -5.258122 -4.571525 -13.592951 -17.704007 -19.080127 -17.824489 -14.233528 -17.814340 -34.358099 -33.302484 -31.245590 -25.706535 -30.098569 -26.952313 -29.293295 -47.590935 -55.591255 -53.521407 -48.363696 -45.313943 -43.143880 -40.939458 -46.051530 
-17.120344 9.216207 23.189852 20.951106 4.748990 14.849835 9.058585 -7.805951 -6.631842 -11.013593 -10.606982 -16.642757 -15.807336 -12.750316 -13.996517 -14.701566 -18.420166 -5.013824 -6.547549 -11.021613 -15.215519 -19.066493 -16.974809 -13.825231 -17.291046 -31.261012 -28.049869 -30.393108 -25.441335 -31.075027 -31.372410 -27.893152 -44.576109 -46.553315 -43.668349 -42.666717 -41.531137 -41.754273 -38.928907 -43.526768 
-16.429407 9.675728 23.191854 20.157049 6.853604 15.297321 6.199691 -9.090778 -10.566666 -13.343228 -14.215053 -16.071903 -16.179963 -13.370106 -13.561135 -14.482944 -14.677337 -4.922293 -9.105786 -14.786540 -14.052652 -11.859167 -13.831461 -13.592539 -23.081639 -32.278477 -29.152200 -28.704736 -21.433161 -25.960813 -36.618190 -34.204833 -49.597508 -44.900461 -40.078106 -38.122284 -35.966379 -35.480378 -40.791242 -41.089275 
-14.388395 10.089697 22.861540 19.477171 4.904888 15.175591 9.588452 3.795442 0.814046 1.398442 -2.549106 -2.623774 -9.899585 -12.234699 -11.032997 -9.925249 -10.915790 -5.379435 0.887418 -3.317037 -10.142289 -9.157557 -7.499553 -4.701859 -16.044959 -25.583925 -22.958859 -22.532196 -13.526904 -16.356078 -33.994043 -42.130552 -43.251373 -38.428665 -34.723319 -32.356083 -30.765450 -30.441312 -30.671433 -32.541519 
-16.011042 10.560071 22.106684 17.296236 10.305823 16.335916 6.059248 9.470961 6.226195 4.437699 -2.530743 1.092523 -7.081462 -6.458582 -7.069539 -15.474127 -12.143106 -6.046128 3.034739 5.430309 -3.174908 -9.405473 -3.880106 -2.489727 -11.321522 -29.625268 -21.324541 -18.260061 -7.714812 -8.778855 -28.810438 -45.472854 -46.496243 -45.645550 -45.094125 -43.198635 -43.588946 -39.675389 -30.163160 -31.616863 
-10.259829 12.056067 21.460092 14.660613 13.715676 16.808590 7.875470 14.519671 7.794365 6.355033 -0.146132 0.295534 -7.489266 -6.924403 -5.763589 -12.128721 -9.869413 -8.327657 3.894648 8.038250 -4.179944 -6.526989 -5.389440 -2.062821 -12.940594 -29.232588 -24.220886 -19.813988 -10.330687 -11.845908 -29.184042 -40.505847 -42.796960 -44.687000 -44.823322 -44.224521 -43.281733 -40.952418 -29.649270 -29.283189 
-6.236172 14.010743 20.701505 12.288324 16.147487 14.742479 8.262069 12.441753 10.514194 8.527214 2.406604 -3.609068 -9.059333 -3.953487 -9.621531 -11.623203 -9.263299 -7.172674 -1.944614 5.696307 1.439650 -7.464806 -6.708263 -5.686228 -16.045198 -21.264111 -19.105015 -18.223711 -10.961083 -14.074407 -29.426025 -35.878359 -38.187124 -45.906087 -50.986948 -49.492792 -39.676300 -35.728104 -32.090215 -29.953536 
-1.256927 15.402764 19.541728 11.547480 16.351645 10.524407 7.782835 6.238706 13.998583 5.403004 -1.146703 -5.886179 -3.273496 -4.665273 -11.497994 -10.362099 -14.029004 -8.154346 -1.847490 6.407230 -1.422845 -8.843641 -6.503284 -5.235718 -16.188883 -20.898477 -21.017546 -17.216134 -12.591602 -16.174712 -32.595240 -31.545469 -35.264591 -42.364653 -48.587328 -46.013094 -35.342691 -32.905492 -35.337493 -33.224139 
-2.181687 15.299161 17.284723 11.658742 14.038529 4.890237 5.181993 10.386085 11.917107 3.028605 -1.174117 -2.205209 -2.575421 -7.055828 -9.618648 -13.222893 -16.642950 -11.708769 -3.984903 5.198608 -4.197422 -9.420689 -8.952073 -8.731250 -19.402989 -24.195377 -28.435320 -19.709883 -13.023528 -19.968209 -29.710235 -28.923068 -32.430487 -37.820292 -47.187803 -46.908422 -39.853754 -37.010770 -34.590438 -32.856093 
2.351146 15.472645 15.403932 11.363603 11.098772 1.624127 1.800884 11.182595 2.827237 -0.554453 -1.941544 -6.740443 -8.311677 -10.762808 -11.986510 -12.914287 -14.483589 -10.131860 -5.662360 -1.870742 -6.650060 -10.214806 -8.794502 -12.842745 -20.470510 -26.064156 -26.567079 -24.600085 -14.380359 -20.586118 -27.705297 -28.600750 -33.673494 -38.942692 -52.485735 -54.111327 -44.857874 -39.736107 -37.595709 -35.039591 
0.066832 14.824163 13.061470 9.998184 8.078629 -3.351104 0.876367 10.084218 3.032644 -5.781254 -2.864391 -10.712797 -9.377183 -12.332942 -12.966445 -13.399246 -16.044265 -10.170482 -2.420841 1.475521 -10.162906 -12.951851 -10.629480 -11.891576 -19.860621 -27.194238 -27.642819 -26.856561 -19.790249 -24.613381 -29.481336 -27.967612 -31.587138 -41.647498 -47.394661 -46.319465 -41.791990 -37.071933 -34.561095 -33.677107 
3.557204 14.955284 11.939080 9.165136 5.780404 -4.268752 3.760438 6.771930 -2.820422 -6.420077 -5.007458 -10.879667 -9.849897 -15.219373 -15.796765 -17.518053 -19.750242 -14.170334 -8.399334 -6.404921 -11.643936 -17.687239 -15.784334 -17.806816 -25.044076 -33.162647 -31.591952 -31.692739 -22.683675 -28.052508 -37.870402 -29.767192 -34.383693 -42.620183 -44.842030 -41.698409 -37.338122 -37.642338 -32.665631 -29.519647 
2.946386 13.616373 10.577648 5.696861 3.908084 -0.197330 -2.939280 -2.797498 -8.601451 -10.512347 -11.046906 -13.210589 -21.930954 -17.847202 -21.360112 -23.903842 -20.190157 -16.771256 -12.479154 -8.806781 -19.418348 -25.175416 -17.736990 -13.697470 -27.256114 -33.735053 -33.571633 -33.149591 -23.787136 -30.705528 -37.506556 -33.098915 -31.145423 -34.162231 -37.756731 -38.161907 -35.499789 -32.732264 -32.384921 -34.140080 
1.028595 10.694410 6.388740 -4.297196 -3.425973 -1.409923 -10.677926 -11.197775 -15.895674 -16.645925 -17.237419 -22.537269 -21.699287 -19.757506 -21.615972 -22.713176 -22.926615 -22.303400 -13.253158 -12.047730 -20.405754 -25.988996 -18.930246 -15.127129 -26.850979 -36.309750 -32.925503 -28.727553 -25.192396 -33.145940 -30.536494 -28.212107 -26.472543 -26.933951 -28.438400 -28.492640 -29.244084 -24.857249 -27.471504 -29.620679 
-3.884506 6.730953 2.157182 -0.977610 -5.944082 -7.978454 -14.868715 -12.461922 -17.779541 -20.514077 -20.634640 -27.027887 -21.710678 -20.743019 -19.052711 -20.276019 -27.285435 -29.357988 -13.612295 -12.190319 -21.846732 -31.542086 -24.914912 -18.127379 -27.179381 -41.349607 -32.105320 -25.250029 -19.802012 -25.231416 -23.673371 -17.578416 -13.826068 -15.995860 -17.555751 -16.447323 -19.278412 -18.720530 -18.822152 -22.985833 
-5.965014 1.814618 -2.545252 -8.717292 -18.037478 -18.680425 -17.925132 -17.583992 -18.265547 -21.198447 -23.995825 -21.386227 -19.908275 -29.338771 -25.560857 -22.632960 -26.863171 -32.298892 -14.619983 -12.255633 -22.432331 -42.939354 -32.974895 -22.337158 -25.413635 -38.208932 -34.114159 -20.231672 -16.961374 -21.943623 -19.499574 -12.202008 -10.134632 -11.200636 -8.572475 -9.659549 -7.155571 -8.994409 -15.579275 -16.054573 
-13.558931 -11.054286 -10.894409 -16.535595 -23.933585 -22.700456 -24.658332 -24.628045 -22.296005 -19.636474 -26.642362 -27.015353 -27.747306 -26.695626 -31.467121 -26.506850 -25.215523 -29.550054 -17.025002 -22.214556 -23.931327 -39.462627 -36.079453 -22.718923 -28.122695 -33.574210 -36.495828 -18.521587 -15.394264 -19.142967 -18.537161 -7.899831 -7.192082 -6.853556 -6.545032 -7.959224 -5.913812 -7.570433 -10.303530 -9.372068 
-22.084482 -24.100875 -30.808226 -25.992910 -24.474033 -19.135288 -25.280960 -24.596537 -20.663267 -23.791412 -29.867482 -25.715630 -25.865265 -21.834566 -33.761754 -38.640828 -29.168738 -31.505182 -18.583071 -22.850423 -24.498590 -36.126343 -36.030906 -25.025740 -32.553090 -31.230516 -35.020559 -15.017430 -12.548560 -15.230942 -21.549946 -11.440948 -6.589473 -4.911421 -8.998043 -6.063390 -3.137584 -7.449112 -8.518923 -10.823407 
-27.683987 -22.863909 -27.570131 -32.507227 -30.909302 -24.700800 -27.307796 -29.806333 -29.091494 -26.887623 -29.009316 -26.322018 -27.048767 -29.330709 -35.406637 -36.771981 -29.335252 -35.267840 -23.298828 -22.315867 -25.856149 -37.219373 -36.701413 -26.685727 -32.274981 -27.808792 -30.484124 -19.064913 -14.390164 -15.133898 -20.203475 -13.647197 -6.638636 -5.763453 -4.898325 -6.028789 -7.691379 -9.297576 -11.368974 -9.623118 
-28.219780 -29.810179 -38.207456 -42.982980 -38.841067 -31.645650 -30.642907 -31.690050 -30.851616 -26.357804 -32.425515 -30.805317 -32.590358 -28.666635 -31.037910 -35.457289 -35.227330 -36.376866 -24.902181 -25.929519 -26.065632 -30.545491 -34.359517 -23.332051 -27.066857 -26.143608 -25.086627 -18.824920 -13.068245 -14.393537 -19.725624 -14.966295 -6.477861 -2.305021 -3.174966 -5.261898 -4.722015 -4.080882 -11.093318 -9.752155 
-36.045460 -31.570255 -39.208632 -48.641578 -40.268152 -39.953071 -40.982358 -32.993727 -32.113460 -34.857372 -31.188209 -33.000360 -34.443444 -27.868721 -32.406514 -35.161176 -38.702091 -36.574575 -31.333162 -25.544616 -32.631723 -32.223331 -34.190190 -25.153096 -31.270334 -27.126000 -21.831635 -18.135937 -11.413584 -13.886841 -20.055543 -11.692359 -6.106563 -6.725290 -4.085290 -2.928763 -0.852753 -5.294091 -6.885078 -10.322931 
-24.586414 -33.422353 -36.969938 -44.246210 -40.843667 -35.255446 -36.609986 -32.911928 -33.131939 -30.133981 -31.559735 -32.840508 -31.695640 -25.803819 -27.932239 -31.149389 -34.515641 -34.981282 -31.448687 -29.633652 -30.527655 -33.700724 -36.276588 -28.249758 -32.039984 -29.101328 -20.416433 -17.941382 -14.762733 -16.377094 -20.385958 -12.805548 -5.933442 -1.000743 -4.607987 -4.563506 -2.481021 -7.599546 -9.420598 -9.387070 
-28.025741 -36.865086 -34.676899 -45.741262 -42.199275 -33.151661 -29.992905 -31.381931 -29.262730 -32.589594 -38.402510 -33.118186 -34.506850 -34.371949 -37.212983 -32.650549 -32.130190 -36.749112 -33.543962 -31.974017 -31.464605 -33.922475 -31.513548 -31.102809 -32.246091 -29.024949 -19.058425 -15.272134 -14.674133 -13.554710 -20.354909 -8.633373 -4.674091 -3.700931 -5.563693 -4.899605 -4.339327 -2.029471 -7.812618 -9.193285 
-23.268679 -22.519052 -32.161417 -48.410664 -38.590951 -29.623053 -27.627601 -28.735756 -33.115710 -31.805628 -33.476876 -34.179189 -30.519896 -27.120444 -30.976654 -34.286900 -34.911483 -34.285141 -27.891515 -29.648552 -35.026917 -31.456121 -30.497754 -31.666637 -32.194265 -28.610406 -27.068447 -23.160693 -12.711340 -15.140034 -23.966882 -9.702404 -5.391536 -3.975118 0.107943 -3.982576 -3.972675 -3.603248 -5.769516 -6.718204 
-23.076913 -23.464058 -34.519145 -48.755383 -35.675986 -32.895088 -32.165277 -29.819858 -34.460126 -34.671121 -39.405817 -31.703775 -33.894175 -29.219498 -34.269955 -35.887948 -33.620262 -33.146243 -34.091572 -32.325239 -33.768517 -35.268220 -33.192581 -30.722830 -30.784297 -30.149564 -31.217385 -20.692757 -14.300434 -14.768415 -20.385591 -8.668719 -1.746042 1.804468 -0.445911 -3.737126 -3.315843 -4.215370 -4.966909 -6.680153 
-27.629394 -29.967267 -41.589653 -45.179402 -36.268965 -38.570405 -40.337324 -38.822585 -36.466956 -34.768304 -35.613165 -34.881464 -32.225891 -31.907394 -35.723512 -33.565522 -36.089724 -29.683243 -29.761544 -29.763436 -35.125419 -37.457580 -35.155756 -29.498748 -30.745347 -30.367691 -29.711775 -21.651576 -16.551194 -16.307083 -18.322881 -12.254032 -0.734160 0.559688 -4.726769 -5.897828 -6.113829 -4.301336 -6.310796 -9.678707 
-26.509938 -30.197180 -40.761956 -52.708255 -40.808371 -46.792889 -44.672596 -33.999043 -36.301394 -43.597607 -43.737514 -36.193011 -31.811109 -34.124038 -33.820612 -34.588720 -31.481600 -30.163222 -29.018453 -31.053830 -33.529640 -40.916292 -36.370919 -29.785394 -30.361290 -29.464169 -26.389179 -16.039051 -15.236320 -15.659290 -21.639696 -9.828866 -1.005977 -0.935504 -5.069508 -5.818604 -5.105740 -7.064435 -5.775835 -9.513876 
-26.122118 -28.348995 -34.684544 -48.832388 -47.445369 -40.606032 -39.482431 -40.874580 -42.277378 -35.932897 -34.826601 -36.038003 -35.492121 -33.626944 -33.056979 -37.422776 -34.282900 -32.765481 -32.238469 -31.037428 -33.657447 -35.545668 -32.249206 -34.021744 -35.194935 -29.319741 -25.436906 -17.459324 -14.318237 -16.229901 -24.765752 -9.607603 -3.552211 -2.236188 -3.727851 -6.804617 -6.712194 -6.071670 -6.317272 -9.699496 
-24.875114 -23.162105 -32.401069 -50.269667 -47.607301 -32.292823 -31.660505 -36.509155 -39.420255 -41.400431 -30.212029 -33.256415 -30.455932 -31.638462 -30.455299 -31.764185 -34.579113 -34.955880 -27.768429 -28.737366 -36.037472 -34.409621 -32.338073 -28.677068 -32.436540 -30.234979 -24.602069 -19.299369 -14.266937 -19.745192 -23.647179 -8.313905 -4.532002 -3.769264 -3.151945 -8.123493 -4.760751 -5.443271 -6.663626 -9.824674 
-28.587926 -24.060548 -34.882002 -53.488757 -46.567601 -29.468358 -28.437356 -34.454426 -31.231505 -34.253558 -33.406365 -29.274261 -37.052742 -32.081022 -31.746886 -35.854412 -28.651467 -34.892427 -34.288422 -31.983850 -32.148459 -34.603134 -31.615005 -31.630318 -32.544568 -32.598455 -24.993811 -23.521858 -16.268365 -17.798519 -22.902100 -12.253299 -0.735199 -3.599641 -7.147292 -9.173865 -7.131569 -5.885629 -7.971450 -10.628043 
-22.116930 -23.032661 -33.778673 -53.807944 -48.320616 -32.531360 -34.208792 -35.215482 -34.641805 -39.313784 -35.244954 -33.147013 -37.743989 -38.730377 -36.033781 -36.235721 -33.837823 -32.853090 -30.070816 -29.400435 -34.927596 -36.837688 -34.507629 -31.448364 -34.352958 -33.611047 -26.616430 -24.922175 -16.123161 -16.762620 -20.853653 -9.489139 -6.065717 -7.351049 -6.587403 -10.158861 -10.366679 -6.860966 -10.961961 -13.878430 
-26.567373 -26.861210 -37.655535 -40.631711 -41.569310 -34.057198 -36.326936 -35.993095 -30.896512 -33.761999 -37.943097 -35.580731 -34.247133 -37.395269 -35.406283 -35.261914 -35.910138 -34.110099 -31.071056 -32.453744 -36.160377 -36.238566 -35.507603 -30.728596 -30.846273 -32.670499 -23.802521 -24.252034 -14.840012 -16.644975 -18.916098 -7.217408 -8.424577 -7.657529 -4.652140 -11.098702 -11.933272 -11.477407 -11.993496 -16.551037 
-30.501384 -28.523463 -36.125638 -39.997325 -39.070806 -37.213844 -33.116742 -30.845178 -31.699141 -36.231803 -34.684327 -36.135084 -36.212739 -35.984472 -36.625432 -35.967822 -37.034702 -36.528715 -34.406691 -30.745068 -34.377796 -35.863053 -28.724789 -25.004018 -31.997012 -31.766208 -24.447516 -26.507236 -24.127458 -21.382628 -18.051137 -13.491115 -11.849889 -4.283212 -8.981089 -13.845755 -13.053478 -12.903646 -17.010880 -20.545930 
-30.041997 -29.815185 -30.465538 -39.310387 -41.411849 -37.257700 -30.650630 -30.186946 -32.759238 -31.379932 -36.641992 -27.972862 -25.544542 -28.988387 -28.061201 -31.138319 -31.179724 -31.714150 -31.781408 -29.973867 -37.615922 -35.289515 -26.838904 -22.914283 -31.880130 -33.033733 -28.289190 -28.336819 -24.811875 -23.008716 -23.411320 -19.876285 -6.621349 -6.489095 -12.117005 -14.366106 -12.887108 -13.265290 -17.721737 -20.107547 
-36.363550 -27.591210 -33.346501 -39.659570 -32.999766 -28.674649 -28.115150 -30.773355 -30.041805 -30.579924 -38.993873 -36.106953 -35.382837 -38.277987 -39.058539 -38.168065 -35.242354 -27.442813 -30.078055 -28.630406 -36.817229 -36.563150 -27.849518 -27.906133 -35.594148 -38.667857 -34.851259 -27.511318 -22.160466 -26.735549 -23.676472 -17.609263 -6.773657 -13.304096 -18.411060 -20.006657 -18.364988 -16.218899 -19.996169 -24.508423 
-26.101519 -29.456011 -48.766288 -43.119257 -43.246714 -37.759415 -34.288762 -30.688641 -26.126970 -32.338861 -38.840538 -36.224177 -39.538225 -40.725017 -35.932306 -34.998756 -41.215607 -32.822154 -36.137543 -36.379808 -35.090369 -37.966048 -30.275279 -35.456622 -41.049554 -40.656341 -35.208268 -24.971387 -22.860933 -27.204491 -25.234025 -23.117429 -16.497489 -19.477964 -18.534215 -23.221167 -20.793970 -21.116705 -25.066736 -29.884458 
-23.167869 -15.852421 -14.291866 -15.576967 -18.401649 -22.116816 -22.587058 -22.542389 -25.849615 -29.960204 -41.046607 -39.258678 -34.117932 -31.170095 -31.389137 -33.027654 -31.878926 -31.043841 -30.950725 -33.045702 -39.332092 -40.237267 -33.717094 -36.386236 -39.749700 -40.360821 -41.133505 -32.548509 -25.779762 -30.555925 -28.901067 -24.684048 -18.216925 -21.119688 -23.235585 -29.896280 -28.734624 -28.636590 -30.461128 -33.381694 
-14.296100 -10.740300 -10.228423 -10.508075 -18.332008 -23.158428 -24.003703 -22.168200 -27.735319 -31.827279 -41.913865 -44.084943 -37.535282 -37.596988 -35.719369 -36.062625 -32.965992 -30.014715 -36.906478 -38.521360 -45.199325 -42.270713 -35.879003 -39.049932 -44.330911 -42.435617 -44.298045 -37.513684 -35.034780 -36.052406 -31.614638 -28.295829 -32.015436 -30.999380 -33.066583 -36.790670 -34.917112 -35.270602 -38.561001 -41.685556 
-20.884111 -24.278280 -30.349796 -23.430024 -27.623749 -38.107766 -40.235761 -29.098468 -30.326262 -34.005167 -40.400914 -45.258269 -41.765410 -41.606409 -45.888091 -46.062026 -41.215724 -36.678267 -44.480798 -49.429503 -51.058780 -52.791507 -45.096670 -48.110227 -52.662236 -53.515192 -48.538812 -42.708903 -43.439836 -43.912851 -38.220492 -37.613506 -39.081272 -37.992073 -42.882868 -44.082955 -44.043553 -43.545175 -47.784365 -50.069709 
-30.810221 -25.583425 -29.154058 -33.510664 -49.817309 -47.969026 -38.962430 -36.779656 -42.115753 -42.958870 -46.661112 -47.163366 -45.432146 -45.236004 -47.824350 -44.058626 -44.926017 -47.952611 -50.747515 -55.857131 -58.033229 -58.341306 -51.112778 -48.598834 -60.421238 -63.702226 -59.215465 -58.720688 -52.614352 -55.130922 -54.240711 -54.749854 -50.464847 -50.204280 -55.038659 -52.859898 -52.874096 -55.400206 -56.928741 -59.356320 
-25.850881 -27.805314 -26.666403 -34.462903 -46.466440 -41.321569 -44.216023 -44.113122 -42.638194 -50.563027 -46.706954 -44.859596 -44.905831 -48.339655 -50.908647 -46.269438 -44.650410 -42.770663 -51.864525 -56.348731 -58.653710 -60.475641 -61.368483 -57.479366 -64.215758 -62.926559 -59.801301 -62.190374 -61.011049 -63.648929 -65.335807 -64.463331 -60.192595 -60.723602 -62.044776 -61.259988 -56.363723 -58.559528 -62.711418 -64.900073 
-21.718832 -21.442865 -29.046772 -37.032370 -40.857892 -44.360966 -46.233210 -43.681053 -42.860766 -44.229065 -46.925514 -45.818447 -45.483635 -48.026602 -51.084279 -46.144962 -41.745225 -44.032708 -48.340633 -53.247317 -56.191814 -59.428616 -62.568029 -59.475426 -62.933638 -63.428589 -61.743963 -66.492618 -63.133776 -62.971059 -65.885941 -63.990499 -65.439126 -61.837607 -61.365229 -62.273534 -62.832713 -64.993016 -65.029516 -67.877392 
-31.487478 -33.508640 -39.785274 -49.007862 -46.092030 -48.524986 -50.978254 -48.258730 -48.791790 -52.998107 -53.680949 -56.809286 -61.101607 -62.568411 -60.001192 -60.240565 -59.610482 -58.139486 -53.652331 -60.638435 -62.644467 -64.099451 -65.436778 -63.126203 -65.326258 -65.125127 -62.307086 -66.222221 -63.994907 -66.191889 -66.971676 -64.941782 -66.447299 -65.377052 -64.527596 -65.027828 -66.164920 -69.183905 -69.712817 -69.416689 
-58.710638 -67.443285 -66.089873 -71.175331 -71.436049 -68.556893 -70.412659 -67.669344 -70.865478 -72.368444 -72.222987 -80.804214 -74.058254 -71.116913 -71.883832 -72.044921 -67.139106 -66.603593 -69.209337 -72.162751 -71.599036 -70.701593 -73.870197 -71.256227 -73.546793 -70.271556 -73.936591 -75.741576 -74.527903 -69.432925 -69.881520 -70.082245 -74.673670 -75.817122 -72.464863 -73.259160 -72.008848 -74.859205 -73.720232 -74.186921 
-56.023914 -70.338961 -70.067966 -70.960816 -67.824302 -71.409125 -70.439333 -69.377485 -73.011530 -71.953781 -74.126845 -70.815959 -68.450749 -71.480872 -71.406126 -70.726042 -74.985614 -72.225452 -73.812718 -72.464450 -70.576439 -69.456304 -72.842178 -70.267658 -71.996041 -74.379689 -74.889242 -77.306568 -73.545826 -74.954486 -72.748450 -69.798458 -72.164955 -71.906311 -70.141446 -71.328837 -74.560983 -73.668146 -73.442213 -74.847147 
-57.874338 -72.252157 -74.062778 -73.864535 -72.957536 -71.069921 -68.796682 -76.016625 -80.713832 -71.007727 -72.290063 -68.530950 -64.964057 -76.382792 -71.509026 -74.227426 -68.724361 -67.283155 -71.715130 -73.140674 -73.148920 -69.593079 -79.848134 -73.173236 -71.121654 -72.078392 -75.664070 -76.036097 -71.222118 -72.746591 -71.402832 -74.320674 -75.463753 -74.505230 -73.990338 -76.145491 -74.151432 -73.528437 -73.081078 -74.093889 
-57.435049 -77.965840 -73.690244 -69.434318 -71.666364 -76.276271 -72.888508 -66.349679 -67.677292 -68.145662 -68.381884 -71.812483 -72.724935 -73.650225 -72.342130 -76.608775 -70.338770 -69.886554 -76.716306 -73.338192 -72.043713 -71.791349 -75.178480 -77.115883 -72.877037 -71.278226 -72.951857 -73.559458 -74.386223 -74.501555 -72.367849 -73.200551 -74.589885 -73.878002 -73.658890 -75.412067 -76.272290 -74.979168 -73.134649 -75.679034 
-56.339298 -73.037527 -69.340103 -69.360969 -70.239754 -73.432339 -76.220788 -70.768267 -75.623743 -79.394776 -71.884775 -72.350025 -69.867098 -74.105029 -74.069127 -72.038093 -71.121931 -73.008987 -73.219909 -72.604587 -73.611898 -75.682677 -73.504263 -73.205988 -74.993243 -75.637932 -72.388306 -73.200119 -74.634938 -74.013789 -73.124888 -72.500673 -73.194903 -73.214916 -70.789015 -76.534435 -73.649450 -74.365137 -73.370049 -75.115784 
-55.546954 -72.252285 -74.246680 -75.772617 -76.119717 -70.276909 -66.664820 -70.282559 -72.673588 -77.768102 -75.454110 -74.692008 -80.154902 -76.206341 -75.318669 -73.104849 -73.934267 -74.983320 -72.176803 -73.521460 -73.698080 -74.812733 -79.224506 -73.380570 -78.039341 -77.644702 -76.886261 -71.465528 -72.617356 -70.258981 -77.416605 -73.983958 -72.972897 -74.529474 -76.059478 -77.972159 -74.596585 -75.848321 -75.022528 -74.914544 
-56.879572 -72.612634 -81.242086 -78.139742 -75.240420 -72.549176 -70.999487 -74.129327 -70.070597 -73.978389 -72.691964 -72.951858 -73.315157 -71.658147 -75.985868 -72.434717 -70.494813 -75.315827 -72.480108 -73.839232 -78.466126 -73.134948 -73.376863 -73.680516 -73.266444 -72.632035 -76.361780 -72.211156 -73.674814 -74.910149 -73.196450 -70.177226 -74.802952 -73.231448 -70.596384 -70.920393 -72.333229 -73.827842 -71.846592 -74.438654 
-56.303873 -79.467195 -85.864511 -77.721510 -79.511241 -72.340435 -70.309693 -75.040831 -73.353289 -72.025316 -74.123602 -68.006702 -72.933857 -77.350651 -80.135385 -74.235024 -71.807548 -75.424802 -69.517701 -73.763110 -81.079156 -74.685282 -69.995339 -70.880449 -71.998098 -71.850788 -77.855078 -72.596224 -73.727935 -72.111051 -73.753612 -74.337777 -75.799014 -75.833168 -75.284793 -70.995834 -71.654436 -71.951137 -75.027750 -73.326882 
-55.172709 -66.223648 -68.595496 -67.613853 -69.461354 -68.310147 -70.917393 -74.308517 -75.230141 -78.385218 -81.099150 -73.956949 -78.208602 -80.483596 -71.777311 -70.920309 -74.838724 -74.890607 -76.116860 -74.101455 -72.734493 -68.746904 -75.574484 -72.820635 -76.586756 -79.327201 -72.087829 -76.731371 -72.174697 -74.544405 -76.510013 -72.372857 -75.447613 -76.089632 -79.076441 -75.089206 -74.969121 -73.781938 -74.755521 -74.356765 
-66.750248 -69.479819 -73.081925 -76.394744 -82.416889 -85.450925 -80.203284 -82.069080 -85.797241 -87.416404 -84.524984 -85.492726 -88.405809 -85.242454 -81.259113 -83.618954 -85.674304 -85.420032 -87.725474 -84.037767 -80.539732 -78.631148 -88.211547 -85.039108 -91.145301 -95.629435 -84.042858 -88.484639 -82.692131 -83.128899 -83.615462 -81.278557 -84.416175 -83.603586 -86.283244 -85.317475 -84.804849 -82.986307 -85.111384 -85.657011 
NaN NaN NaN NaN NaN NaN NaN NaN NaN NaN NaN NaN NaN NaN NaN NaN NaN NaN NaN NaN NaN NaN NaN NaN NaN NaN NaN NaN NaN NaN NaN NaN NaN NaN NaN NaN NaN NaN NaN NaN 
NaN NaN NaN NaN NaN NaN NaN NaN NaN NaN NaN NaN NaN NaN NaN NaN NaN NaN NaN NaN NaN NaN NaN NaN NaN NaN NaN NaN NaN NaN NaN NaN NaN NaN NaN NaN NaN NaN NaN NaN 
NaN NaN NaN NaN NaN NaN NaN NaN NaN NaN NaN NaN NaN NaN NaN NaN NaN NaN NaN NaN NaN NaN NaN NaN NaN NaN NaN NaN NaN NaN NaN NaN NaN NaN NaN NaN NaN NaN NaN NaN 
NaN NaN NaN NaN NaN NaN NaN NaN NaN NaN NaN NaN NaN NaN NaN NaN NaN NaN NaN NaN NaN NaN NaN NaN NaN NaN NaN NaN NaN NaN NaN NaN NaN NaN NaN NaN NaN NaN NaN NaN 
NaN NaN NaN NaN NaN NaN NaN NaN NaN NaN NaN NaN NaN NaN NaN NaN NaN NaN NaN NaN NaN NaN NaN NaN NaN NaN NaN NaN NaN NaN NaN NaN NaN NaN NaN NaN NaN NaN NaN NaN 
NaN NaN NaN NaN NaN NaN NaN NaN NaN NaN NaN NaN NaN NaN NaN NaN NaN NaN NaN NaN NaN NaN NaN NaN NaN NaN NaN NaN NaN NaN NaN NaN NaN NaN NaN NaN NaN NaN NaN NaN 
NaN NaN NaN NaN NaN NaN NaN NaN NaN NaN NaN NaN NaN NaN NaN NaN NaN NaN NaN NaN NaN NaN NaN NaN NaN NaN NaN NaN NaN NaN NaN NaN NaN NaN NaN NaN NaN NaN NaN NaN 
NaN NaN NaN NaN NaN NaN NaN NaN NaN NaN NaN NaN NaN NaN NaN NaN NaN NaN NaN NaN NaN NaN NaN NaN NaN NaN NaN NaN NaN NaN NaN NaN NaN NaN NaN NaN NaN NaN NaN NaN 
NaN NaN NaN NaN NaN NaN NaN NaN NaN NaN NaN NaN NaN NaN NaN NaN NaN NaN NaN NaN NaN NaN NaN NaN NaN NaN NaN NaN NaN NaN NaN NaN NaN NaN NaN NaN NaN NaN NaN NaN 
NaN NaN NaN NaN NaN NaN NaN NaN NaN NaN NaN NaN NaN NaN NaN NaN NaN NaN NaN NaN NaN NaN NaN NaN NaN NaN NaN NaN NaN NaN NaN NaN NaN NaN NaN NaN NaN NaN NaN NaN 
NaN NaN NaN NaN NaN NaN NaN NaN NaN NaN NaN NaN NaN NaN NaN NaN NaN NaN NaN NaN NaN NaN NaN NaN NaN NaN NaN NaN NaN NaN NaN NaN NaN NaN NaN NaN NaN NaN NaN NaN 
NaN NaN NaN NaN NaN NaN NaN NaN NaN NaN NaN NaN NaN NaN NaN NaN NaN NaN NaN NaN NaN NaN NaN NaN NaN NaN NaN NaN NaN NaN NaN NaN NaN NaN NaN NaN NaN NaN NaN NaN 
NaN NaN NaN NaN NaN NaN NaN NaN NaN NaN NaN NaN NaN NaN NaN NaN NaN NaN NaN NaN NaN NaN NaN NaN NaN NaN NaN NaN NaN NaN NaN NaN NaN NaN NaN NaN NaN NaN NaN NaN 
NaN NaN NaN NaN NaN NaN NaN NaN NaN NaN NaN NaN NaN NaN NaN NaN NaN NaN NaN NaN NaN NaN NaN NaN NaN NaN NaN NaN NaN NaN NaN NaN NaN NaN NaN NaN NaN NaN NaN NaN 
NaN NaN NaN NaN NaN NaN NaN NaN NaN NaN NaN NaN NaN NaN NaN NaN NaN NaN NaN NaN NaN NaN NaN NaN NaN NaN NaN NaN NaN NaN NaN NaN NaN NaN NaN NaN NaN NaN NaN NaN 
NaN NaN NaN NaN NaN NaN NaN NaN NaN NaN NaN NaN NaN NaN NaN NaN NaN NaN NaN NaN NaN NaN NaN NaN NaN NaN NaN NaN NaN NaN NaN NaN NaN NaN NaN NaN NaN NaN NaN NaN 
NaN NaN NaN NaN NaN NaN NaN NaN NaN NaN NaN NaN NaN NaN NaN NaN NaN NaN NaN NaN NaN NaN NaN NaN NaN NaN NaN NaN NaN NaN NaN NaN NaN NaN NaN NaN NaN NaN NaN NaN 
NaN NaN NaN NaN NaN NaN NaN NaN NaN NaN NaN NaN NaN NaN NaN NaN NaN NaN NaN NaN NaN NaN NaN NaN NaN NaN NaN NaN NaN NaN NaN NaN NaN NaN NaN NaN NaN NaN NaN NaN 
NaN NaN NaN NaN NaN NaN NaN NaN NaN NaN NaN NaN NaN NaN NaN NaN NaN NaN NaN NaN NaN NaN NaN NaN NaN NaN NaN NaN NaN NaN NaN NaN NaN NaN NaN NaN NaN NaN NaN NaN 
NaN NaN NaN NaN NaN NaN NaN NaN NaN NaN NaN NaN NaN NaN NaN NaN NaN NaN NaN NaN NaN NaN NaN NaN NaN NaN NaN NaN NaN NaN NaN NaN NaN NaN NaN NaN NaN NaN NaN NaN 
NaN NaN NaN NaN NaN NaN NaN NaN NaN NaN NaN NaN NaN NaN NaN NaN NaN NaN NaN NaN NaN NaN NaN NaN NaN NaN NaN NaN NaN NaN NaN NaN NaN NaN NaN NaN NaN NaN NaN NaN 
NaN NaN NaN NaN NaN NaN NaN NaN NaN NaN NaN NaN NaN NaN NaN NaN NaN NaN NaN NaN NaN NaN NaN NaN NaN NaN NaN NaN NaN NaN NaN NaN NaN NaN NaN NaN NaN NaN NaN NaN 
NaN NaN NaN NaN NaN NaN NaN NaN NaN NaN NaN NaN NaN NaN NaN NaN NaN NaN NaN NaN NaN NaN NaN NaN NaN NaN NaN NaN NaN NaN NaN NaN NaN NaN NaN NaN NaN NaN NaN NaN 
NaN NaN NaN NaN NaN NaN NaN NaN NaN NaN NaN NaN NaN NaN NaN NaN NaN NaN NaN NaN NaN NaN NaN NaN NaN NaN NaN NaN NaN NaN NaN NaN NaN NaN NaN NaN NaN NaN NaN NaN 
NaN NaN NaN NaN NaN NaN NaN NaN NaN NaN NaN NaN NaN NaN NaN NaN NaN NaN NaN NaN NaN NaN NaN NaN NaN NaN NaN NaN NaN NaN NaN NaN NaN NaN NaN NaN NaN NaN NaN NaN 
NaN NaN NaN NaN NaN NaN NaN NaN NaN NaN NaN NaN NaN NaN NaN NaN NaN NaN NaN NaN NaN NaN NaN NaN NaN NaN NaN NaN NaN NaN NaN NaN NaN NaN NaN NaN NaN NaN NaN NaN 
NaN NaN NaN NaN NaN NaN NaN NaN NaN NaN NaN NaN NaN NaN NaN NaN NaN NaN NaN NaN NaN NaN NaN NaN NaN NaN NaN NaN NaN NaN NaN NaN NaN NaN NaN NaN NaN NaN NaN NaN 
NaN NaN NaN NaN NaN NaN NaN NaN NaN NaN NaN NaN NaN NaN NaN NaN NaN NaN NaN NaN NaN NaN NaN NaN NaN NaN NaN NaN NaN NaN NaN NaN NaN NaN NaN NaN NaN NaN NaN NaN 
NaN NaN NaN NaN NaN NaN NaN NaN NaN NaN NaN NaN NaN NaN NaN NaN NaN NaN NaN NaN NaN NaN NaN NaN NaN NaN NaN NaN NaN NaN NaN NaN NaN NaN NaN NaN NaN NaN NaN NaN 
NaN NaN NaN NaN NaN NaN NaN NaN NaN NaN NaN NaN NaN NaN NaN NaN NaN NaN NaN NaN NaN NaN NaN NaN NaN NaN NaN NaN NaN NaN NaN NaN NaN NaN NaN NaN NaN NaN NaN NaN 
NaN NaN NaN NaN NaN NaN NaN NaN NaN NaN NaN NaN NaN NaN NaN NaN NaN NaN NaN NaN NaN NaN NaN NaN NaN NaN NaN NaN NaN NaN NaN NaN NaN NaN NaN NaN NaN NaN NaN NaN 
NaN NaN NaN NaN NaN NaN NaN NaN NaN NaN NaN NaN NaN NaN NaN NaN NaN NaN NaN NaN NaN NaN NaN NaN NaN NaN NaN NaN NaN NaN NaN NaN NaN NaN NaN NaN NaN NaN NaN NaN 
NaN NaN NaN NaN NaN NaN NaN NaN NaN NaN NaN NaN NaN NaN NaN NaN NaN NaN NaN NaN NaN NaN NaN NaN NaN NaN NaN NaN NaN NaN NaN NaN NaN NaN NaN NaN NaN NaN NaN NaN 
NaN NaN NaN NaN NaN NaN NaN NaN NaN NaN NaN NaN NaN NaN NaN NaN NaN NaN NaN NaN NaN NaN NaN NaN NaN NaN NaN NaN NaN NaN NaN NaN NaN NaN NaN NaN NaN NaN NaN NaN 
NaN NaN NaN NaN NaN NaN NaN NaN NaN NaN NaN NaN NaN NaN NaN NaN NaN NaN NaN NaN NaN NaN NaN NaN NaN NaN NaN NaN NaN NaN NaN NaN NaN NaN NaN NaN NaN NaN NaN NaN 
NaN NaN NaN NaN NaN NaN NaN NaN NaN NaN NaN NaN NaN NaN NaN NaN NaN NaN NaN NaN NaN NaN NaN NaN NaN NaN NaN NaN NaN NaN NaN NaN NaN NaN NaN NaN NaN NaN NaN NaN 
NaN NaN NaN NaN NaN NaN NaN NaN NaN NaN NaN NaN NaN NaN NaN NaN NaN NaN NaN NaN NaN NaN NaN NaN NaN NaN NaN NaN NaN NaN NaN NaN NaN NaN NaN NaN NaN NaN NaN NaN 
NaN NaN NaN NaN NaN NaN NaN NaN NaN NaN NaN NaN NaN NaN NaN NaN NaN NaN NaN NaN NaN NaN NaN NaN NaN NaN NaN NaN NaN NaN NaN NaN NaN NaN NaN NaN NaN NaN NaN NaN 
NaN NaN NaN NaN NaN NaN NaN NaN NaN NaN NaN NaN NaN NaN NaN NaN NaN NaN NaN NaN NaN NaN NaN NaN NaN NaN NaN NaN NaN NaN NaN NaN NaN NaN NaN NaN NaN NaN NaN NaN 
NaN NaN NaN NaN NaN NaN NaN NaN NaN NaN NaN NaN NaN NaN NaN NaN NaN NaN NaN NaN NaN NaN NaN NaN NaN NaN NaN NaN NaN NaN NaN NaN NaN NaN NaN NaN NaN NaN NaN NaN 
NaN NaN NaN NaN NaN NaN NaN NaN NaN NaN NaN NaN NaN NaN NaN NaN NaN NaN NaN NaN NaN NaN NaN NaN NaN NaN NaN NaN NaN NaN NaN NaN NaN NaN NaN NaN NaN NaN NaN NaN 
NaN NaN NaN NaN NaN NaN NaN NaN NaN NaN NaN NaN NaN NaN NaN NaN NaN NaN NaN NaN NaN NaN NaN NaN NaN NaN NaN NaN NaN NaN NaN NaN NaN NaN NaN NaN NaN NaN NaN NaN 
NaN NaN NaN NaN NaN NaN NaN NaN NaN NaN NaN NaN NaN NaN NaN NaN NaN NaN NaN NaN NaN NaN NaN NaN NaN NaN NaN NaN NaN NaN NaN NaN NaN NaN NaN NaN NaN NaN NaN NaN 
NaN NaN NaN NaN NaN NaN NaN NaN NaN NaN NaN NaN NaN NaN NaN NaN NaN NaN NaN NaN NaN NaN NaN NaN NaN NaN NaN NaN NaN NaN NaN NaN NaN NaN NaN NaN NaN NaN NaN NaN 
NaN NaN NaN NaN NaN NaN NaN NaN NaN NaN NaN NaN NaN NaN NaN NaN NaN NaN NaN NaN NaN NaN NaN NaN NaN NaN NaN NaN NaN NaN NaN NaN NaN NaN NaN NaN NaN NaN NaN NaN 
NaN NaN NaN NaN NaN NaN NaN NaN NaN NaN NaN NaN NaN NaN NaN NaN NaN NaN NaN NaN NaN NaN NaN NaN NaN NaN NaN NaN NaN NaN NaN NaN NaN NaN NaN NaN NaN NaN NaN NaN 
NaN NaN NaN NaN NaN NaN NaN NaN NaN NaN NaN NaN NaN NaN NaN NaN NaN NaN NaN NaN NaN NaN NaN NaN NaN NaN NaN NaN NaN NaN NaN NaN NaN NaN NaN NaN NaN NaN NaN NaN 
NaN NaN NaN NaN NaN NaN NaN NaN NaN NaN NaN NaN NaN NaN NaN NaN NaN NaN NaN NaN NaN NaN NaN NaN NaN NaN NaN NaN NaN NaN NaN NaN NaN NaN NaN NaN NaN NaN NaN NaN 
NaN NaN NaN NaN NaN NaN NaN NaN NaN NaN NaN NaN NaN NaN NaN NaN NaN NaN NaN NaN NaN NaN NaN NaN NaN NaN NaN NaN NaN NaN NaN NaN NaN NaN NaN NaN NaN NaN NaN NaN 
NaN NaN NaN NaN NaN NaN NaN NaN NaN NaN NaN NaN NaN NaN NaN NaN NaN NaN NaN NaN NaN NaN NaN NaN NaN NaN NaN NaN NaN NaN NaN NaN NaN NaN NaN NaN NaN NaN NaN NaN 
NaN NaN NaN NaN NaN NaN NaN NaN NaN NaN NaN NaN NaN NaN NaN NaN NaN NaN NaN NaN NaN NaN NaN NaN NaN NaN NaN NaN NaN NaN NaN NaN NaN NaN NaN NaN NaN NaN NaN NaN 
NaN NaN NaN NaN NaN NaN NaN NaN NaN NaN NaN NaN NaN NaN NaN NaN NaN NaN NaN NaN NaN NaN NaN NaN NaN NaN NaN NaN NaN NaN NaN NaN NaN NaN NaN NaN NaN NaN NaN NaN 
NaN NaN NaN NaN NaN NaN NaN NaN NaN NaN NaN NaN NaN NaN NaN NaN NaN NaN NaN NaN NaN NaN NaN NaN NaN NaN NaN NaN NaN NaN NaN NaN NaN NaN NaN NaN NaN NaN NaN NaN 
NaN NaN NaN NaN NaN NaN NaN NaN NaN NaN NaN NaN NaN NaN NaN NaN NaN NaN NaN NaN NaN NaN NaN NaN NaN NaN NaN NaN NaN NaN NaN NaN NaN NaN NaN NaN NaN NaN NaN NaN 
NaN NaN NaN NaN NaN NaN NaN NaN NaN NaN NaN NaN NaN NaN NaN NaN NaN NaN NaN NaN NaN NaN NaN NaN NaN NaN NaN NaN NaN NaN NaN NaN NaN NaN NaN NaN NaN NaN NaN NaN 
NaN NaN NaN NaN NaN NaN NaN NaN NaN NaN NaN NaN NaN NaN NaN NaN NaN NaN NaN NaN NaN NaN NaN NaN NaN NaN NaN NaN NaN NaN NaN NaN NaN NaN NaN NaN NaN NaN NaN NaN 
NaN NaN NaN NaN NaN NaN NaN NaN NaN NaN NaN NaN NaN NaN NaN NaN NaN NaN NaN NaN NaN NaN NaN NaN NaN NaN NaN NaN NaN NaN NaN NaN NaN NaN NaN NaN NaN NaN NaN NaN 
NaN NaN NaN NaN NaN NaN NaN NaN NaN NaN NaN NaN NaN NaN NaN NaN NaN NaN NaN NaN NaN NaN NaN NaN NaN NaN NaN NaN NaN NaN NaN NaN NaN NaN NaN NaN NaN NaN NaN NaN 
NaN NaN NaN NaN NaN NaN NaN NaN NaN NaN NaN NaN NaN NaN NaN NaN NaN NaN NaN NaN NaN NaN NaN NaN NaN NaN NaN NaN NaN NaN NaN NaN NaN NaN NaN NaN NaN NaN NaN NaN 
NaN NaN NaN NaN NaN NaN NaN NaN NaN NaN NaN NaN NaN NaN NaN NaN NaN NaN NaN NaN NaN NaN NaN NaN NaN NaN NaN NaN NaN NaN NaN NaN NaN NaN NaN NaN NaN NaN NaN NaN 
NaN NaN NaN NaN NaN NaN NaN NaN NaN NaN NaN NaN NaN NaN NaN NaN NaN NaN NaN NaN NaN NaN NaN NaN NaN NaN NaN NaN NaN NaN NaN NaN NaN NaN NaN NaN NaN NaN NaN NaN 
NaN NaN NaN NaN NaN NaN NaN NaN NaN NaN NaN NaN NaN NaN NaN NaN NaN NaN NaN NaN NaN NaN NaN NaN NaN NaN NaN NaN NaN NaN NaN NaN NaN NaN NaN NaN NaN NaN NaN NaN 
NaN NaN NaN NaN NaN NaN NaN NaN NaN NaN NaN NaN NaN NaN NaN NaN NaN NaN NaN NaN NaN NaN NaN NaN NaN NaN NaN NaN NaN NaN NaN NaN NaN NaN NaN NaN NaN NaN NaN NaN 
NaN NaN NaN NaN NaN NaN NaN NaN NaN NaN NaN NaN NaN NaN NaN NaN NaN NaN NaN NaN NaN NaN NaN NaN NaN NaN NaN NaN NaN NaN NaN NaN NaN NaN NaN NaN NaN NaN NaN NaN 
NaN NaN NaN NaN NaN NaN NaN NaN NaN NaN NaN NaN NaN NaN NaN NaN NaN NaN NaN NaN NaN NaN NaN NaN NaN NaN NaN NaN NaN NaN NaN NaN NaN NaN NaN NaN NaN NaN NaN NaN 
NaN NaN NaN NaN NaN NaN NaN NaN NaN NaN NaN NaN NaN NaN NaN NaN NaN NaN NaN NaN NaN NaN NaN NaN NaN NaN NaN NaN NaN NaN NaN NaN NaN NaN NaN NaN NaN NaN NaN NaN 
NaN NaN NaN NaN NaN NaN NaN NaN NaN NaN NaN NaN NaN NaN NaN NaN NaN NaN NaN NaN NaN NaN NaN NaN NaN NaN NaN NaN NaN NaN NaN NaN NaN NaN NaN NaN NaN NaN NaN NaN 
NaN NaN NaN NaN NaN NaN NaN NaN NaN NaN NaN NaN NaN NaN NaN NaN NaN NaN NaN NaN NaN NaN NaN NaN NaN NaN NaN NaN NaN NaN NaN NaN NaN NaN NaN NaN NaN NaN NaN NaN 
NaN NaN NaN NaN NaN NaN NaN NaN NaN NaN NaN NaN NaN NaN NaN NaN NaN NaN NaN NaN NaN NaN NaN NaN NaN NaN NaN NaN NaN NaN NaN NaN NaN NaN NaN NaN NaN NaN NaN NaN 
NaN NaN NaN NaN NaN NaN NaN NaN NaN NaN NaN NaN NaN NaN NaN NaN NaN NaN NaN NaN NaN NaN NaN NaN NaN NaN NaN NaN NaN NaN NaN NaN NaN NaN NaN NaN NaN NaN NaN NaN 
NaN NaN NaN NaN NaN NaN NaN NaN NaN NaN NaN NaN NaN NaN NaN NaN NaN NaN NaN NaN NaN NaN NaN NaN NaN NaN NaN NaN NaN NaN NaN NaN NaN NaN NaN NaN NaN NaN NaN NaN 
NaN NaN NaN NaN NaN NaN NaN NaN NaN NaN NaN NaN NaN NaN NaN NaN NaN NaN NaN NaN NaN NaN NaN NaN NaN NaN NaN NaN NaN NaN NaN NaN NaN NaN NaN NaN NaN NaN NaN NaN 
NaN NaN NaN NaN NaN NaN NaN NaN NaN NaN NaN NaN NaN NaN NaN NaN NaN NaN NaN NaN NaN NaN NaN NaN NaN NaN NaN NaN NaN NaN NaN NaN NaN NaN NaN NaN NaN NaN NaN NaN 
NaN NaN NaN NaN NaN NaN NaN NaN NaN NaN NaN NaN NaN NaN NaN NaN NaN NaN NaN NaN NaN NaN NaN NaN NaN NaN NaN NaN NaN NaN NaN NaN NaN NaN NaN NaN NaN NaN NaN NaN 
NaN NaN NaN NaN NaN NaN NaN NaN NaN NaN NaN NaN NaN NaN NaN NaN NaN NaN NaN NaN NaN NaN NaN NaN NaN NaN NaN NaN NaN NaN NaN NaN NaN NaN NaN NaN NaN NaN NaN NaN 
