NaN NaN NaN NaN NaN NaN NaN NaN NaN NaN NaN NaN NaN NaN NaN NaN NaN NaN NaN NaN NaN NaN NaN NaN NaN NaN NaN NaN NaN NaN NaN NaN NaN NaN NaN NaN NaN NaN NaN NaN 
NaN NaN NaN NaN NaN NaN NaN NaN NaN NaN NaN NaN NaN NaN NaN NaN NaN NaN NaN NaN NaN NaN NaN NaN NaN NaN NaN NaN NaN NaN NaN NaN NaN NaN NaN NaN NaN NaN NaN NaN 
NaN NaN NaN NaN NaN NaN NaN NaN NaN NaN NaN NaN NaN NaN NaN NaN NaN NaN NaN NaN NaN NaN NaN NaN NaN NaN NaN NaN NaN NaN NaN NaN NaN NaN NaN NaN NaN NaN NaN NaN 
NaN NaN NaN NaN NaN NaN NaN NaN NaN NaN NaN NaN NaN NaN NaN NaN NaN NaN NaN NaN NaN NaN NaN NaN NaN NaN NaN NaN NaN NaN NaN NaN NaN NaN NaN NaN NaN NaN NaN NaN 
NaN NaN NaN NaN NaN NaN NaN NaN NaN NaN NaN NaN NaN NaN NaN NaN NaN NaN NaN NaN NaN NaN NaN NaN NaN NaN NaN NaN NaN NaN NaN NaN NaN NaN NaN NaN NaN NaN NaN NaN 
NaN NaN NaN NaN NaN NaN NaN NaN NaN NaN NaN NaN NaN NaN NaN NaN NaN NaN NaN NaN NaN NaN NaN NaN NaN NaN NaN NaN NaN NaN NaN NaN NaN NaN NaN NaN NaN NaN NaN NaN 
NaN NaN NaN NaN NaN NaN NaN NaN NaN NaN NaN NaN NaN NaN NaN NaN NaN NaN NaN NaN NaN NaN NaN NaN NaN NaN NaN NaN NaN NaN NaN NaN NaN NaN NaN NaN NaN NaN NaN NaN 
NaN NaN NaN NaN NaN NaN NaN NaN NaN NaN NaN NaN NaN NaN NaN NaN NaN NaN NaN NaN NaN NaN NaN NaN NaN NaN NaN NaN NaN NaN NaN NaN NaN NaN NaN NaN NaN NaN NaN NaN 
NaN NaN NaN NaN NaN NaN NaN NaN NaN NaN NaN NaN NaN NaN NaN NaN NaN NaN NaN NaN NaN NaN NaN NaN NaN NaN NaN NaN NaN NaN NaN NaN NaN NaN NaN NaN NaN NaN NaN NaN 
NaN NaN NaN NaN NaN NaN NaN NaN NaN NaN NaN NaN NaN NaN NaN NaN NaN NaN NaN NaN NaN NaN NaN NaN NaN NaN NaN NaN NaN NaN NaN NaN NaN NaN NaN NaN NaN NaN NaN NaN 
NaN NaN NaN NaN NaN NaN NaN NaN NaN NaN NaN NaN NaN NaN NaN NaN NaN NaN NaN NaN NaN NaN NaN NaN NaN NaN NaN NaN NaN NaN NaN NaN NaN NaN NaN NaN NaN NaN NaN NaN 
NaN NaN NaN NaN NaN NaN NaN NaN NaN NaN NaN NaN NaN NaN NaN NaN NaN NaN NaN NaN NaN NaN NaN NaN NaN NaN NaN NaN NaN NaN NaN NaN NaN NaN NaN NaN NaN NaN NaN NaN 
NaN NaN NaN NaN NaN NaN NaN NaN NaN NaN NaN NaN NaN NaN NaN NaN NaN NaN NaN NaN NaN NaN NaN NaN NaN NaN NaN NaN NaN NaN NaN NaN NaN NaN NaN NaN NaN NaN NaN NaN 
NaN NaN NaN NaN NaN NaN NaN NaN NaN NaN NaN NaN NaN NaN NaN NaN NaN NaN NaN NaN NaN NaN NaN NaN NaN NaN NaN NaN NaN NaN NaN NaN NaN NaN NaN NaN NaN NaN NaN NaN 
NaN NaN NaN NaN NaN NaN NaN NaN NaN NaN NaN NaN NaN NaN NaN NaN NaN NaN NaN NaN NaN NaN NaN NaN NaN NaN NaN NaN NaN NaN NaN NaN NaN NaN NaN NaN NaN NaN NaN NaN 
NaN NaN NaN NaN NaN NaN NaN NaN NaN NaN NaN NaN NaN NaN NaN NaN NaN NaN NaN NaN NaN NaN NaN NaN NaN NaN NaN NaN NaN NaN NaN NaN NaN NaN NaN NaN NaN NaN NaN NaN 
NaN NaN NaN NaN NaN NaN NaN NaN NaN NaN NaN NaN NaN NaN NaN NaN NaN NaN NaN NaN NaN NaN NaN NaN NaN NaN NaN NaN NaN NaN NaN NaN NaN NaN NaN NaN NaN NaN NaN NaN 
NaN NaN NaN NaN NaN NaN NaN NaN NaN NaN NaN NaN NaN NaN NaN NaN NaN NaN NaN NaN NaN NaN NaN NaN NaN NaN NaN NaN NaN NaN NaN NaN NaN NaN NaN NaN NaN NaN NaN NaN 
NaN NaN NaN NaN NaN NaN NaN NaN NaN NaN NaN NaN NaN NaN NaN NaN NaN NaN NaN NaN NaN NaN NaN NaN NaN NaN NaN NaN NaN NaN NaN NaN NaN NaN NaN NaN NaN NaN NaN NaN 
NaN NaN NaN NaN NaN NaN NaN NaN NaN NaN NaN NaN NaN NaN NaN NaN NaN NaN NaN NaN NaN NaN NaN NaN NaN NaN NaN NaN NaN NaN NaN NaN NaN NaN NaN NaN NaN NaN NaN NaN 
NaN NaN NaN NaN NaN NaN NaN NaN NaN NaN NaN NaN NaN NaN NaN NaN NaN NaN NaN NaN NaN NaN NaN NaN NaN NaN NaN NaN NaN NaN NaN NaN NaN NaN NaN NaN NaN NaN NaN NaN 
NaN NaN NaN NaN NaN NaN NaN NaN NaN NaN NaN NaN NaN NaN NaN NaN NaN NaN NaN NaN NaN NaN NaN NaN NaN NaN NaN NaN NaN NaN NaN NaN NaN NaN NaN NaN NaN NaN NaN NaN 
NaN NaN NaN NaN NaN NaN NaN NaN NaN NaN NaN NaN NaN NaN NaN NaN NaN NaN NaN NaN NaN NaN NaN NaN NaN NaN NaN NaN NaN NaN NaN NaN NaN NaN NaN NaN NaN NaN NaN NaN 
NaN NaN NaN NaN NaN NaN NaN NaN NaN NaN NaN NaN NaN NaN NaN NaN NaN NaN NaN NaN NaN NaN NaN NaN NaN NaN NaN NaN NaN NaN NaN NaN NaN NaN NaN NaN NaN NaN NaN NaN 
NaN NaN NaN NaN NaN NaN NaN NaN NaN NaN NaN NaN NaN NaN NaN NaN NaN NaN NaN NaN NaN NaN NaN NaN NaN NaN NaN NaN NaN NaN NaN NaN NaN NaN NaN NaN NaN NaN NaN NaN 
NaN NaN NaN NaN NaN NaN NaN NaN NaN NaN NaN NaN NaN NaN NaN NaN NaN NaN NaN NaN NaN NaN NaN NaN NaN NaN NaN NaN NaN NaN NaN NaN NaN NaN NaN NaN NaN NaN NaN NaN 
NaN NaN NaN NaN NaN NaN NaN NaN NaN NaN NaN NaN NaN NaN NaN NaN NaN NaN NaN NaN NaN NaN NaN NaN NaN NaN NaN NaN NaN NaN NaN NaN NaN NaN NaN NaN NaN NaN NaN NaN 
NaN NaN NaN NaN NaN NaN NaN NaN NaN NaN NaN NaN NaN NaN NaN NaN NaN NaN NaN NaN NaN NaN NaN NaN NaN NaN NaN NaN NaN NaN NaN NaN NaN NaN NaN NaN NaN NaN NaN NaN 
NaN NaN NaN NaN NaN NaN NaN NaN NaN NaN NaN NaN NaN NaN NaN NaN NaN NaN NaN NaN NaN NaN NaN NaN NaN NaN NaN NaN NaN NaN NaN NaN NaN NaN NaN NaN NaN NaN NaN NaN 
NaN NaN NaN NaN NaN NaN NaN NaN NaN NaN NaN NaN NaN NaN NaN NaN NaN NaN NaN NaN NaN NaN NaN NaN NaN NaN NaN NaN NaN NaN NaN NaN NaN NaN NaN NaN NaN NaN NaN NaN 
NaN NaN NaN NaN NaN NaN NaN NaN NaN NaN NaN NaN NaN NaN NaN NaN NaN NaN NaN NaN NaN NaN NaN NaN NaN NaN NaN NaN NaN NaN NaN NaN NaN NaN NaN NaN NaN NaN NaN NaN 
NaN NaN NaN NaN NaN NaN NaN NaN NaN NaN NaN NaN NaN NaN NaN NaN NaN NaN NaN NaN NaN NaN NaN NaN NaN NaN NaN NaN NaN NaN NaN NaN NaN NaN NaN NaN NaN NaN NaN NaN 
NaN NaN NaN NaN NaN NaN NaN NaN NaN NaN NaN NaN NaN NaN NaN NaN NaN NaN NaN NaN NaN NaN NaN NaN NaN NaN NaN NaN NaN NaN NaN NaN NaN NaN NaN NaN NaN NaN NaN NaN 
NaN NaN NaN NaN NaN NaN NaN NaN NaN NaN NaN NaN NaN NaN NaN NaN NaN NaN NaN NaN NaN NaN NaN NaN NaN NaN NaN NaN NaN NaN NaN NaN NaN NaN NaN NaN NaN NaN NaN NaN 
NaN NaN NaN NaN NaN NaN NaN NaN NaN NaN NaN NaN NaN NaN NaN NaN NaN NaN NaN NaN NaN NaN NaN NaN NaN NaN NaN NaN NaN NaN NaN NaN NaN NaN NaN NaN NaN NaN NaN NaN 
NaN NaN NaN NaN NaN NaN NaN NaN NaN NaN NaN NaN NaN NaN NaN NaN NaN NaN NaN NaN NaN NaN NaN NaN NaN NaN NaN NaN NaN NaN NaN NaN NaN NaN NaN NaN NaN NaN NaN NaN 
NaN NaN NaN NaN NaN NaN NaN NaN NaN NaN NaN NaN NaN NaN NaN NaN NaN NaN NaN NaN NaN NaN NaN NaN NaN NaN NaN NaN NaN NaN NaN NaN NaN NaN NaN NaN NaN NaN NaN NaN 
NaN NaN NaN NaN NaN NaN NaN NaN NaN NaN NaN NaN NaN NaN NaN NaN NaN NaN NaN NaN NaN NaN NaN NaN NaN NaN NaN NaN NaN NaN NaN NaN NaN NaN NaN NaN NaN NaN NaN NaN 
NaN NaN NaN NaN NaN NaN NaN NaN NaN NaN NaN NaN NaN NaN NaN NaN NaN NaN NaN NaN NaN NaN NaN NaN NaN NaN NaN NaN NaN NaN NaN NaN NaN NaN NaN NaN NaN NaN NaN NaN 
NaN NaN NaN NaN NaN NaN NaN NaN NaN NaN NaN NaN NaN NaN NaN NaN NaN NaN NaN NaN NaN NaN NaN NaN NaN NaN NaN NaN NaN NaN NaN NaN NaN NaN NaN NaN NaN NaN NaN NaN 
NaN NaN NaN NaN NaN NaN NaN NaN NaN NaN NaN NaN NaN NaN NaN NaN NaN NaN NaN NaN NaN NaN NaN NaN NaN NaN NaN NaN NaN NaN NaN NaN NaN NaN NaN NaN NaN NaN NaN NaN 
NaN NaN NaN NaN NaN NaN NaN NaN NaN NaN NaN NaN NaN NaN NaN NaN NaN NaN NaN NaN NaN NaN NaN NaN NaN NaN NaN NaN NaN NaN NaN NaN NaN NaN NaN NaN NaN NaN NaN NaN 
NaN NaN NaN NaN NaN NaN NaN NaN NaN NaN NaN NaN NaN NaN NaN NaN NaN NaN NaN NaN NaN NaN NaN NaN NaN NaN NaN NaN NaN NaN NaN NaN NaN NaN NaN NaN NaN NaN NaN NaN 
NaN NaN NaN NaN NaN NaN NaN NaN NaN NaN NaN NaN NaN NaN NaN NaN NaN NaN NaN NaN NaN NaN NaN NaN NaN NaN NaN NaN NaN NaN NaN NaN NaN NaN NaN NaN NaN NaN NaN NaN 
NaN NaN NaN NaN NaN NaN NaN NaN NaN NaN NaN NaN NaN NaN NaN NaN NaN NaN NaN NaN NaN NaN NaN NaN NaN NaN NaN NaN NaN NaN NaN NaN NaN NaN NaN NaN NaN NaN NaN NaN 
NaN NaN NaN NaN NaN NaN NaN NaN NaN NaN NaN NaN NaN NaN NaN NaN NaN NaN NaN NaN NaN NaN NaN NaN NaN NaN NaN NaN NaN NaN NaN NaN NaN NaN NaN NaN NaN NaN NaN NaN 
NaN NaN NaN NaN NaN NaN NaN NaN NaN NaN NaN NaN NaN NaN NaN NaN NaN NaN NaN NaN NaN NaN NaN NaN NaN NaN NaN NaN NaN NaN NaN NaN NaN NaN NaN NaN NaN NaN NaN NaN 
NaN NaN NaN NaN NaN NaN NaN NaN NaN NaN NaN NaN NaN NaN NaN NaN NaN NaN NaN NaN NaN NaN NaN NaN NaN NaN NaN NaN NaN NaN NaN NaN NaN NaN NaN NaN NaN NaN NaN NaN 
NaN NaN NaN NaN NaN NaN NaN NaN NaN NaN NaN NaN NaN NaN NaN NaN NaN NaN NaN NaN NaN NaN NaN NaN NaN NaN NaN NaN NaN NaN NaN NaN NaN NaN NaN NaN NaN NaN NaN NaN 
NaN NaN NaN NaN NaN NaN NaN NaN NaN NaN NaN NaN NaN NaN NaN NaN NaN NaN NaN NaN NaN NaN NaN NaN NaN NaN NaN NaN NaN NaN NaN NaN NaN NaN NaN NaN NaN NaN NaN NaN 
NaN NaN NaN NaN NaN NaN NaN NaN NaN NaN NaN NaN NaN NaN NaN NaN NaN NaN NaN NaN NaN NaN NaN NaN NaN NaN NaN NaN NaN NaN NaN NaN NaN NaN NaN NaN NaN NaN NaN NaN 
NaN NaN NaN NaN NaN NaN NaN NaN NaN NaN NaN NaN NaN NaN NaN NaN NaN NaN NaN NaN NaN NaN NaN NaN NaN NaN NaN NaN NaN NaN NaN NaN NaN NaN NaN NaN NaN NaN NaN NaN 
NaN NaN NaN NaN NaN NaN NaN NaN NaN NaN NaN NaN NaN NaN NaN NaN NaN NaN NaN NaN NaN NaN NaN NaN NaN NaN NaN NaN NaN NaN NaN NaN NaN NaN NaN NaN NaN NaN NaN NaN 
NaN NaN NaN NaN NaN NaN NaN NaN NaN NaN NaN NaN NaN NaN NaN NaN NaN NaN NaN NaN NaN NaN NaN NaN NaN NaN NaN NaN NaN NaN NaN NaN NaN NaN NaN NaN NaN NaN NaN NaN 
NaN NaN NaN NaN NaN NaN NaN NaN NaN NaN NaN NaN NaN NaN NaN NaN NaN NaN NaN NaN NaN NaN NaN NaN NaN NaN NaN NaN NaN NaN NaN NaN NaN NaN NaN NaN NaN NaN NaN NaN 
NaN NaN NaN NaN NaN NaN NaN NaN NaN NaN NaN NaN NaN NaN NaN NaN NaN NaN NaN NaN NaN NaN NaN NaN NaN NaN NaN NaN NaN NaN NaN NaN NaN NaN NaN NaN NaN NaN NaN NaN 
NaN NaN NaN NaN NaN NaN NaN NaN NaN NaN NaN NaN NaN NaN NaN NaN NaN NaN NaN NaN NaN NaN NaN NaN NaN NaN NaN NaN NaN NaN NaN NaN NaN NaN NaN NaN NaN NaN NaN NaN 
NaN NaN NaN NaN NaN NaN NaN NaN NaN NaN NaN NaN NaN NaN NaN NaN NaN NaN NaN NaN NaN NaN NaN NaN NaN NaN NaN NaN NaN NaN NaN NaN NaN NaN NaN NaN NaN NaN NaN NaN 
NaN NaN NaN NaN NaN NaN NaN NaN NaN NaN NaN NaN NaN NaN NaN NaN NaN NaN NaN NaN NaN NaN NaN NaN NaN NaN NaN NaN NaN NaN NaN NaN NaN NaN NaN NaN NaN NaN NaN NaN 
NaN NaN NaN NaN NaN NaN NaN NaN NaN NaN NaN NaN NaN NaN NaN NaN NaN NaN NaN NaN NaN NaN NaN NaN NaN NaN NaN NaN NaN NaN NaN NaN NaN NaN NaN NaN NaN NaN NaN NaN 
NaN NaN NaN NaN NaN NaN NaN NaN NaN NaN NaN NaN NaN NaN NaN NaN NaN NaN NaN NaN NaN NaN NaN NaN NaN NaN NaN NaN NaN NaN NaN NaN NaN NaN NaN NaN NaN NaN NaN NaN 
NaN NaN NaN NaN NaN NaN NaN NaN NaN NaN NaN NaN NaN NaN NaN NaN NaN NaN NaN NaN NaN NaN NaN NaN NaN NaN NaN NaN NaN NaN NaN NaN NaN NaN NaN NaN NaN NaN NaN NaN 
NaN NaN NaN NaN NaN NaN NaN NaN NaN NaN NaN NaN NaN NaN NaN NaN NaN NaN NaN NaN NaN NaN NaN NaN NaN NaN NaN NaN NaN NaN NaN NaN NaN NaN NaN NaN NaN NaN NaN NaN 
NaN NaN NaN NaN NaN NaN NaN NaN NaN NaN NaN NaN NaN NaN NaN NaN NaN NaN NaN NaN NaN NaN NaN NaN NaN NaN NaN NaN NaN NaN NaN NaN NaN NaN NaN NaN NaN NaN NaN NaN 
NaN NaN NaN NaN NaN NaN NaN NaN NaN NaN NaN NaN NaN NaN NaN NaN NaN NaN NaN NaN NaN NaN NaN NaN NaN NaN NaN NaN NaN NaN NaN NaN NaN NaN NaN NaN NaN NaN NaN NaN 
NaN NaN NaN NaN NaN NaN NaN NaN NaN NaN NaN NaN NaN NaN NaN NaN NaN NaN NaN NaN NaN NaN NaN NaN NaN NaN NaN NaN NaN NaN NaN NaN NaN NaN NaN NaN NaN NaN NaN NaN 
NaN NaN NaN NaN NaN NaN NaN NaN NaN NaN NaN NaN NaN NaN NaN NaN NaN NaN NaN NaN NaN NaN NaN NaN NaN NaN NaN NaN NaN NaN NaN NaN NaN NaN NaN NaN NaN NaN NaN NaN 
NaN NaN NaN NaN NaN NaN NaN NaN NaN NaN NaN NaN NaN NaN NaN NaN NaN NaN NaN NaN NaN NaN NaN NaN NaN NaN NaN NaN NaN NaN NaN NaN NaN NaN NaN NaN NaN NaN NaN NaN 
NaN NaN NaN NaN NaN NaN NaN NaN NaN NaN NaN NaN NaN NaN NaN NaN NaN NaN NaN NaN NaN NaN NaN NaN NaN NaN NaN NaN NaN NaN NaN NaN NaN NaN NaN NaN NaN NaN NaN NaN 
NaN NaN NaN NaN NaN NaN NaN NaN NaN NaN NaN NaN NaN NaN NaN NaN NaN NaN NaN NaN NaN NaN NaN NaN NaN NaN NaN NaN NaN NaN NaN NaN NaN NaN NaN NaN NaN NaN NaN NaN 
NaN NaN NaN NaN NaN NaN NaN NaN NaN NaN NaN NaN NaN NaN NaN NaN NaN NaN NaN NaN NaN NaN NaN NaN NaN NaN NaN NaN NaN NaN NaN NaN NaN NaN NaN NaN NaN NaN NaN NaN 
NaN NaN NaN NaN NaN NaN NaN NaN NaN NaN NaN NaN NaN NaN NaN NaN NaN NaN NaN NaN NaN NaN NaN NaN NaN NaN NaN NaN NaN NaN NaN NaN NaN NaN NaN NaN NaN NaN NaN NaN 
NaN NaN NaN NaN NaN NaN NaN NaN NaN NaN NaN NaN NaN NaN NaN NaN NaN NaN NaN NaN NaN NaN NaN NaN NaN NaN NaN NaN NaN NaN NaN NaN NaN NaN NaN NaN NaN NaN NaN NaN 
NaN NaN NaN NaN NaN NaN NaN NaN NaN NaN NaN NaN NaN NaN NaN NaN NaN NaN NaN NaN NaN NaN NaN NaN NaN NaN NaN NaN NaN NaN NaN NaN NaN NaN NaN NaN NaN NaN NaN NaN 
NaN NaN NaN NaN NaN NaN NaN NaN NaN NaN NaN NaN NaN NaN NaN NaN NaN NaN NaN NaN NaN NaN NaN NaN NaN NaN NaN NaN NaN NaN NaN NaN NaN NaN NaN NaN NaN NaN NaN NaN 
NaN NaN NaN NaN NaN NaN NaN NaN NaN NaN NaN NaN NaN NaN NaN NaN NaN NaN NaN NaN NaN NaN NaN NaN NaN NaN NaN NaN NaN NaN NaN NaN NaN NaN NaN NaN NaN NaN NaN NaN 
NaN NaN NaN NaN NaN NaN NaN NaN NaN NaN NaN NaN NaN NaN NaN NaN NaN NaN NaN NaN NaN NaN NaN NaN NaN NaN NaN NaN NaN NaN NaN NaN NaN NaN NaN NaN NaN NaN NaN NaN 
NaN NaN NaN NaN NaN NaN NaN NaN NaN NaN NaN NaN NaN NaN NaN NaN NaN NaN NaN NaN NaN NaN NaN NaN NaN NaN NaN NaN NaN NaN NaN NaN NaN NaN NaN NaN NaN NaN NaN NaN 
NaN NaN NaN NaN NaN NaN NaN NaN NaN NaN NaN NaN NaN NaN NaN NaN NaN NaN NaN NaN NaN NaN NaN NaN NaN NaN NaN NaN NaN NaN NaN NaN NaN NaN NaN NaN NaN NaN NaN NaN 
NaN NaN NaN NaN NaN NaN NaN NaN NaN NaN NaN NaN NaN NaN NaN NaN NaN NaN NaN NaN NaN NaN NaN NaN NaN NaN NaN NaN NaN NaN NaN NaN NaN NaN NaN NaN NaN NaN NaN NaN 
NaN NaN NaN NaN NaN NaN NaN NaN NaN NaN NaN NaN NaN NaN NaN NaN NaN NaN NaN NaN NaN NaN NaN NaN NaN NaN NaN NaN NaN NaN NaN NaN NaN NaN NaN NaN NaN NaN NaN NaN 
NaN NaN NaN NaN NaN NaN NaN NaN NaN NaN NaN NaN NaN NaN NaN NaN NaN NaN NaN NaN NaN NaN NaN NaN NaN NaN NaN NaN NaN NaN NaN NaN NaN NaN NaN NaN NaN NaN NaN NaN 
NaN NaN NaN NaN NaN NaN NaN NaN NaN NaN NaN NaN NaN NaN NaN NaN NaN NaN NaN NaN NaN NaN NaN NaN NaN NaN NaN NaN NaN NaN NaN NaN NaN NaN NaN NaN NaN NaN NaN NaN 
NaN NaN NaN NaN NaN NaN NaN NaN NaN NaN NaN NaN NaN NaN NaN NaN NaN NaN NaN NaN NaN NaN NaN NaN NaN NaN NaN NaN NaN NaN NaN NaN NaN NaN NaN NaN NaN NaN NaN NaN 
NaN NaN NaN NaN NaN NaN NaN NaN NaN NaN NaN NaN NaN NaN NaN NaN NaN NaN NaN NaN NaN NaN NaN NaN NaN NaN NaN NaN NaN NaN NaN NaN NaN NaN NaN NaN NaN NaN NaN NaN 
NaN NaN NaN NaN NaN NaN NaN NaN NaN NaN NaN NaN NaN NaN NaN NaN NaN NaN NaN NaN NaN NaN NaN NaN NaN NaN NaN NaN NaN NaN NaN NaN NaN NaN NaN NaN NaN NaN NaN NaN 
NaN NaN NaN NaN NaN NaN NaN NaN NaN NaN NaN NaN NaN NaN NaN NaN NaN NaN NaN NaN NaN NaN NaN NaN NaN NaN NaN NaN NaN NaN NaN NaN NaN NaN NaN NaN NaN NaN NaN NaN 
-84.209926 -84.987746 -86.347858 -88.841909 -92.801455 -98.768996 -99.708027 -96.188275 -95.012407 -96.532066 -100.315824 -103.005037 -101.588964 -100.957376 -101.772670 -102.072932 -99.300617 -98.054946 -103.438571 -96.590237 -91.139933 -93.416225 -95.140108 -93.604365 -101.042956 -103.900164 -99.482906 -102.127235 -107.317174 -102.310943 -101.360383 -97.090401 -98.418397 -99.361123 -97.734226 -109.504805 -99.464494 -99.122714 -101.125921 -104.061684 
-62.514306 -68.814395 -74.858057 -76.582651 -76.699153 -82.402684 -78.425252 -81.768354 -79.880871 -77.837650 -75.950641 -84.983793 -85.056637 -77.237535 -74.274428 -76.008236 -73.506256 -72.234994 -76.538884 -80.878494 -75.275807 -72.258712 -74.359240 -75.136548 -81.805508 -81.455838 -77.035597 -77.763254 -79.145769 -79.528232 -79.948074 -79.446053 -78.711830 -82.999286 -78.425562 -83.938838 -79.389982 -79.068248 -76.036606 -80.939380 
-63.761674 -81.747225 -78.015998 -73.577957 -78.457920 -77.701809 -81.352247 -79.152914 -78.167214 -75.970760 -75.143214 -74.005106 -81.278598 -79.087007 -76.345058 -77.995027 -75.026621 -77.758997 -74.279673 -76.425161 -78.073323 -74.066444 -76.559826 -74.598296 -78.724879 -74.505376 -76.603392 -78.856257 -78.041712 -77.567033 -77.553852 -76.877427 -75.508390 -77.662215 -77.635833 -77.749033 -76.536859 -78.240901 -73.905954 -77.180839 
-63.017993 -74.718907 -78.205241 -76.347589 -79.974477 -80.855030 -75.023350 -74.674106 -74.216891 -72.942055 -76.301228 -77.414898 -76.378133 -75.841411 -74.911793 -76.585748 -74.483017 -75.075574 -75.684483 -73.965668 -75.087094 -76.555809 -80.027134 -77.654082 -79.941694 -75.865613 -76.290036 -76.892360 -75.342446 -75.312665 -75.404344 -78.478459 -78.035624 -75.845574 -77.395413 -75.098592 -73.806985 -76.017458 -73.533032 -76.947130 
-40.615025 -41.824782 -44.468626 -47.149076 -48.990020 -50.255459 -51.819220 -51.343964 -53.579053 -54.894841 -54.985458 -56.659918 -59.023897 -59.869101 -60.003348 -62.527272 -64.458096 -62.560554 -64.968007 -64.399954 -66.239702 -62.637168 -65.001686 -67.125558 -67.199392 -70.026278 -68.784752 -70.849264 -71.057733 -70.488418 -70.392823 -72.951009 -71.960341 -71.414593 -73.006758 -73.351494 -72.486115 -73.874002 -72.944301 -74.652160 
-27.651002 -36.881725 -36.336813 -39.130345 -43.175029 -44.209034 -45.331332 -46.627327 -47.970437 -48.065869 -49.376063 -49.950856 -53.025253 -53.153389 -54.585183 -57.020810 -57.947046 -57.100941 -58.192051 -58.779000 -60.046773 -57.173473 -59.722531 -60.322866 -62.025817 -64.641641 -63.204587 -65.298049 -64.462892 -67.183174 -65.967157 -69.556376 -66.925702 -67.683037 -68.018991 -71.770948 -71.028811 -70.698286 -68.689766 -69.287603 
-26.771355 -38.609958 -46.101378 -50.822503 -68.134430 -65.909822 -64.796569 -71.926318 -65.283117 -58.821636 -61.778501 -58.655253 -61.107894 -68.143043 -70.934071 -69.566622 -70.035392 -66.218240 -68.811914 -69.754356 -70.456444 -70.953198 -70.783545 -74.341677 -72.377095 -70.804426 -68.317172 -73.034361 -69.488204 -72.063352 -72.063697 -69.602411 -69.025371 -69.463960 -70.485022 -73.549435 -70.525487 -72.520289 -75.003434 -72.613376 
-30.010109 -41.177293 -49.129000 -54.332714 -59.530002 -61.379247 -61.930638 -65.817455 -64.765408 -65.728064 -67.044593 -60.682127 -64.682911 -68.616245 -67.396508 -65.562954 -67.167546 -69.425954 -69.291815 -65.862130 -68.794145 -67.951571 -67.620914 -70.306478 -70.021911 -71.051164 -71.338877 -70.694516 -68.064802 -69.694927 -68.514433 -67.331019 -71.070712 -72.555064 -74.052682 -69.086607 -68.334490 -69.744606 -70.305297 -72.580526 
-28.646979 -41.119041 -51.868938 -57.958238 -61.754111 -58.232110 -61.458851 -62.889962 -70.549495 -69.381081 -66.551148 -68.868750 -68.287697 -72.147256 -69.436686 -72.188453 -69.680881 -67.657992 -70.570854 -72.670126 -69.654849 -69.408395 -67.624808 -72.307405 -70.334369 -69.466887 -71.616669 -70.829915 -71.276358 -73.642972 -69.739050 -72.366488 -75.598233 -71.586782 -72.541452 -69.210270 -72.025546 -70.967019 -72.139569 -74.460776 
-25.180070 -34.424883 -49.113742 -43.271107 -42.944899 -47.164522 -48.368855 -46.024479 -48.817876 -46.155692 -53.774034 -54.807339 -50.257191 -48.478225 -51.144904 -47.459514 -50.623024 -48.240437 -53.738441 -55.466492 -51.423196 -48.221140 -45.218744 -49.566235 -51.555061 -51.118849 -51.506020 -49.840877 -50.781168 -51.713033 -48.294860 -47.943436 -48.016829 -47.367490 -48.774071 -53.151186 -51.849691 -53.503352 -50.049132 -55.003193 
-16.310337 -24.173241 -20.891612 -20.972925 -24.093521 -19.970730 -22.209034 -28.407691 -27.371323 -30.369382 -30.116850 -28.741681 -24.333150 -31.863988 -32.912513 -28.909836 -24.187024 -27.120794 -30.762773 -41.085653 -30.332453 -29.081398 -26.931195 -35.729280 -35.409930 -26.441940 -25.539424 -25.587034 -30.480232 -28.286681 -26.204228 -29.427269 -29.444608 -23.664394 -23.220852 -29.921623 -33.105099 -36.108934 -34.971145 -36.976493 
-12.344765 -13.319390 -16.076541 -18.511864 -18.128164 -15.606259 -15.728211 -18.485382 -21.732234 -28.125299 -28.571357 -22.953214 -21.418781 -28.878228 -28.055821 -24.928089 -23.836179 -31.073246 -30.283726 -34.876569 -25.677834 -22.717259 -25.062268 -36.416720 -47.717946 -26.156478 -23.276487 -28.867795 -26.585952 -25.870689 -28.869917 -27.601602 -28.593058 -20.725831 -21.711448 -29.009603 -27.248279 -33.238101 -31.145626 -23.867063 
-23.758237 -19.921883 -32.793320 -34.734791 -40.052929 -36.766574 -29.189913 -19.962864 -23.182617 -31.221451 -29.833200 -26.603024 -23.855392 -30.261503 -35.292995 -41.127556 -40.888041 -35.220764 -28.067947 -29.199890 -28.040674 -26.478711 -29.603345 -39.829450 -39.857347 -31.355573 -34.768955 -32.394539 -25.074281 -19.044305 -23.289490 -22.494844 -20.585691 -18.361787 -23.783311 -25.349120 -24.611845 -27.353356 -27.524248 -23.376453 
-11.316632 -22.796202 -29.549213 -26.133617 -25.188904 -27.359515 -25.366234 -21.991627 -15.508857 -20.310684 -24.628547 -19.791757 -18.478027 -25.575420 -36.007107 -29.872729 -32.420383 -38.642682 -30.833854 -28.688960 -27.071421 -26.208560 -35.506826 -30.369110 -27.531735 -24.879222 -29.516070 -33.520084 -26.893280 -19.951154 -24.362550 -27.512756 -23.413171 -25.036387 -28.810082 -28.760618 -30.831278 -32.646962 -32.881334 -34.395190 
-10.016400 -24.719988 -34.083016 -26.694267 -24.781977 -25.160215 -22.018535 -18.821730 -16.400035 -19.040982 -28.994402 -20.996244 -22.182104 -21.306458 -23.970220 -25.706026 -25.151576 -21.272077 -19.707137 -20.954458 -24.412262 -30.286789 -31.112471 -29.084681 -26.004938 -19.925417 -29.160489 -30.267604 -31.799880 -23.555457 -31.561672 -37.432818 -27.737909 -30.307185 -34.745464 -36.438290 -42.121148 -45.728547 -49.648087 -45.324701 
-10.666097 -20.881686 -24.783187 -13.897308 -16.393492 -22.730844 -27.660646 -31.486132 -22.291968 -16.004598 -24.794011 -17.250440 -9.360851 -17.285268 -17.380285 -16.911843 -17.751541 -16.378985 -12.671370 -18.936940 -26.277505 -30.674530 -31.587067 -32.294904 -24.827279 -16.956568 -21.682140 -31.579234 -25.439916 -23.474931 -29.716043 -35.347279 -29.973205 -30.785633 -42.153702 -54.207040 -62.664811 -59.791700 -48.744747 -39.768521 
-14.766321 -14.076734 -7.076894 3.724031 7.279342 1.827180 -7.628369 -9.672911 -0.436781 -2.723388 -9.348146 0.313173 3.185019 -7.391277 -7.298136 -6.339000 -11.069596 -4.777478 -8.327344 -12.107394 -20.374934 -22.694203 -27.278188 -26.125423 -17.702376 -13.971845 -16.946601 -20.573099 -19.153851 -15.322701 -20.988732 -26.087872 -27.057850 -32.263013 -39.771007 -42.138722 -42.158284 -39.835316 -38.645588 -35.706522 
-8.667073 -12.784093 -12.358165 3.096746 12.821027 5.090667 -11.987867 -1.895378 11.050465 3.460037 -4.428768 13.394452 10.000777 0.661934 6.275541 -3.077768 5.695337 1.896146 1.940724 -7.410834 -8.758699 -14.426741 -16.064581 -17.286863 -10.659360 -8.146792 -11.946917 -12.299412 -9.079513 -5.898432 -11.013576 -17.022515 -21.673707 -30.732055 -40.188359 -41.332936 -38.015360 -38.218410 -36.848857 -36.803548 
-15.225663 -29.848619 -27.909194 -1.941457 11.440690 4.786333 -17.251278 -4.490242 12.659528 3.938738 -6.273145 15.840153 12.978686 -0.517201 11.450160 1.170078 11.228718 6.035750 2.259716 -5.200015 -7.404504 -13.744838 -13.156266 -13.820740 -11.093411 -8.900297 -14.041693 -16.163865 -11.498827 -8.834228 -15.283217 -19.359082 -23.520189 -30.761536 -45.160539 -39.235942 -32.265982 -36.814384 -35.790501 -37.468928 
-22.635968 -28.575607 -36.193753 -6.099324 9.762902 6.706077 -12.072951 -9.799603 11.312787 9.319451 -9.206653 12.574020 17.633318 -0.778250 12.223448 9.637595 11.010948 14.307559 -6.303112 -4.548143 -11.965114 -10.572242 -13.125565 -17.117341 -14.180519 -7.232571 -13.667469 -15.461573 -12.012222 -12.089029 -21.353190 -20.125596 -25.969295 -34.430350 -49.311726 -42.331218 -33.427151 -38.277154 -39.093336 -38.124813 
-21.223466 -20.279410 -20.006409 -10.007156 7.179276 7.382046 -8.965079 -22.615077 7.794335 11.989834 -8.164657 7.109837 19.914463 6.745791 7.207066 14.498787 4.353792 14.353047 -1.721025 -6.008380 -12.287842 -10.189705 -15.210710 -15.516513 -12.556295 -8.574209 -11.146755 -12.790298 -11.638833 -11.041304 -23.658678 -22.972029 -26.709182 -31.470604 -33.700463 -33.947878 -31.842441 -33.951587 -33.933988 -34.094279 
-31.905660 -30.318823 -33.728228 -19.236395 4.387879 8.250559 -7.753417 -15.528707 1.926737 12.950034 -2.359755 -0.867198 19.716039 13.822107 1.744853 17.608263 4.833613 7.181588 1.027961 -8.188586 -9.190013 -13.864349 -17.510355 -18.069267 -11.837098 -8.504716 -7.813082 -13.191251 -10.114567 -15.762838 -21.340099 -22.310930 -26.500870 -31.684359 -34.515439 -34.631456 -32.025558 -34.467654 -34.900345 -34.758104 
-28.081799 -31.381701 -35.637010 -23.554810 1.646251 8.249740 -5.703110 -26.654145 -5.801215 12.749673 4.173474 -11.801330 17.514018 18.296237 -1.722125 17.442040 13.018086 -5.177442 -1.120866 -12.548618 -8.651203 -19.391804 -17.066371 -17.988936 -12.627301 -7.757257 -9.785771 -15.332848 -15.779626 -15.703027 -24.404277 -25.632962 -28.456753 -37.671804 -41.154059 -37.345551 -33.680474 -37.952818 -41.104282 -37.119173 
-22.694400 -25.160553 -28.306062 -29.399054 -1.813919 8.350262 -1.908490 -26.480830 -10.462478 11.417572 7.196017 -16.518712 11.786191 20.952916 -0.122913 12.267990 16.544362 -9.313135 -3.613780 -17.783263 -15.416063 -22.114376 -20.774074 -20.038185 -14.871213 -7.824280 -11.909540 -13.895693 -14.755737 -20.440267 -22.728770 -25.993742 -28.719322 -38.393063 -47.369940 -43.331266 -35.824533 -39.514686 -45.715775 -40.047748 
-22.206733 -32.698773 -41.228665 -29.607252 -4.013668 7.779626 -0.818686 -22.535011 -21.197428 9.794228 9.128824 -16.030997 7.248171 21.515832 3.574610 7.624091 17.562775 -7.462342 -8.030546 -14.527585 -14.507262 -18.187366 -21.112680 -22.979825 -15.760811 -10.156983 -12.652272 -20.426064 -16.381372 -21.194173 -23.425466 -27.388776 -30.288726 -36.089029 -42.514696 -41.539268 -34.664379 -36.013838 -43.307264 -42.097387 
-21.337709 -35.802705 -31.922583 -32.453167 -5.895537 7.503619 -0.742977 -25.140637 -21.476812 9.030966 10.129744 -16.120832 3.804273 21.499274 6.100310 4.187403 17.659935 -3.299616 -9.222149 -14.200417 -16.398975 -18.123306 -21.137753 -25.663310 -14.660241 -11.806701 -11.606377 -25.590970 -17.352898 -20.518916 -24.050605 -27.869687 -32.387411 -38.630926 -45.809292 -44.561200 -32.615639 -34.253058 -44.074924 -45.655378 
-21.416757 -40.274231 -33.853710 -34.935642 -5.933865 7.486469 -0.540694 -23.367084 -19.195940 9.580596 10.476895 -16.156613 3.248269 21.590271 6.174172 4.139039 18.295859 -3.089653 -8.406325 -14.382088 -15.795016 -17.406730 -21.760628 -25.176527 -13.711515 -11.712104 -12.699250 -23.727535 -18.402635 -21.074157 -25.066279 -29.215951 -35.378946 -41.707263 -55.284127 -48.192646 -34.778046 -36.198776 -45.663173 -43.530851 
-24.296593 -30.734834 -26.544281 -26.947040 -4.810538 7.539696 -0.615078 -23.147924 -23.538351 10.600636 10.339805 -14.587051 5.947015 21.608111 4.409386 6.291933 18.711313 -4.250829 -5.454745 -13.332832 -14.398247 -16.494333 -21.441923 -25.154916 -14.312187 -10.145789 -11.812714 -23.578058 -15.929496 -19.544752 -23.514288 -28.574270 -32.412143 -39.723293 -48.838489 -42.729159 -31.248642 -33.198628 -45.856187 -39.697324 
-26.059704 -40.063237 -46.803434 -31.179210 -3.353831 8.126940 -1.407935 -23.217548 -18.307738 11.610226 9.546870 -10.748612 8.455757 21.296006 2.001971 7.796554 18.085143 -6.879276 -2.162425 -12.471332 -10.835470 -16.701165 -19.507878 -23.665596 -17.493934 -10.559199 -14.437111 -25.008065 -19.989667 -18.681888 -23.401201 -28.253026 -32.238421 -38.449049 -52.469697 -42.184769 -31.561983 -31.163371 -47.122047 -41.610907 
-24.676066 -44.153220 -34.608609 -28.676268 -1.533035 8.711450 -1.387344 -16.888218 -12.011329 12.643418 8.224283 -15.422519 12.241074 21.110012 -1.782748 9.840806 16.231221 -8.706895 2.375561 -11.347515 -9.655921 -19.183790 -18.808769 -18.996944 -15.317254 -8.268743 -16.078099 -22.153490 -19.714803 -19.523647 -24.877010 -23.544924 -32.721638 -38.252013 -42.241667 -38.489259 -27.774432 -29.019645 -41.525350 -39.503433 
-25.720392 -27.503294 -23.815850 -23.087593 0.989028 9.007965 -2.859560 -23.441348 -7.258336 13.556356 5.910850 -12.739010 16.986549 20.106153 -6.114516 10.279636 10.529269 -3.586493 4.957772 -15.034840 -10.321572 -19.239824 -16.783599 -16.107899 -15.229383 -8.019171 -17.780256 -23.287100 -20.715501 -17.302970 -25.192212 -23.034419 -34.284942 -37.893066 -39.903054 -37.210275 -25.891892 -25.151395 -37.135855 -38.562704 
-21.532641 -20.217540 -20.855321 -18.730103 3.218062 8.542955 -5.323871 -16.877034 -0.494158 13.574500 0.796795 -3.364361 20.131137 17.220023 -10.245815 8.262980 1.672102 3.927268 5.319341 -10.666679 -10.963612 -13.035136 -14.924878 -16.739519 -14.711124 -10.451873 -16.004157 -22.221538 -22.989725 -21.511002 -22.755000 -24.142889 -29.647441 -34.741102 -35.606569 -34.400826 -27.294497 -25.633864 -33.904782 -32.698305 
-26.565668 -24.812910 -27.457424 -13.037030 6.163019 7.640659 -11.195364 -17.422060 4.708824 12.240951 -3.158788 5.065461 21.506278 12.098348 -2.977043 4.196001 -3.100395 10.975865 3.166448 -3.964824 -10.257670 -9.247682 -15.885994 -18.242517 -15.109675 -11.248078 -12.633204 -17.175356 -18.950655 -18.747655 -21.636365 -22.533300 -31.496663 -37.327441 -37.749895 -37.112766 -30.348886 -29.687233 -36.835728 -31.276850 
-40.803994 -37.210708 -29.638118 -8.298763 8.175308 6.187407 -14.311467 -16.050510 7.551293 7.117620 -5.023411 10.034256 17.424131 3.306151 4.985959 0.460012 3.076070 11.350680 0.988649 0.391144 -8.327165 -9.715375 -11.568602 -15.184191 -13.368453 -9.443872 -16.970646 -20.024664 -19.362495 -18.499458 -21.487684 -21.251928 -27.600895 -32.039766 -33.269660 -33.207952 -27.657302 -28.175354 -33.056871 -30.604996 
-25.199191 -32.614286 -25.046301 -2.337364 9.311326 2.738867 -20.916974 -4.799984 8.179102 -2.875894 -2.196521 14.430043 9.405795 3.310781 9.830337 -1.200024 8.074892 3.004760 7.094075 3.306453 -4.327281 -14.182417 -12.847394 -12.269772 -11.482879 -11.866757 -20.373416 -19.761767 -21.333237 -19.967721 -23.002633 -26.125376 -30.063070 -37.975421 -45.655760 -43.424630 -28.469426 -28.052183 -35.298758 -30.120624 
-28.318948 -31.910864 -23.772228 0.786207 8.156224 -3.893570 -15.609661 4.058701 7.280416 -8.770830 6.588607 12.475762 1.009743 11.778026 8.631684 3.288184 4.205247 1.082972 3.325380 4.113909 -2.293865 -9.747302 -13.763833 -11.632818 -10.668327 -13.373271 -18.567142 -23.206620 -24.991412 -24.659097 -23.524035 -26.540196 -27.007699 -37.148741 -42.176024 -40.984990 -30.918223 -28.608182 -32.280466 -31.872500 
-32.341007 -29.830707 -20.955099 3.504518 6.679815 -10.686589 -12.848259 6.169179 1.924247 -7.535217 9.692852 4.760142 5.634507 12.067767 -0.408978 3.744662 -3.255438 0.709037 0.661205 5.858144 -4.406933 -11.774126 -10.857413 -10.215705 -10.480402 -13.401831 -20.060655 -23.407737 -27.925392 -25.622575 -22.660381 -26.110734 -25.452007 -31.213244 -42.096836 -41.414347 -33.992498 -31.622061 -31.406413 -33.778461 
-20.066829 -25.730054 -15.895146 5.391074 5.345168 -13.124007 -7.045490 6.763089 -2.711938 -1.172282 9.435565 -3.067560 9.260492 7.783337 -6.412560 -3.316940 -8.785694 -9.621786 -3.613655 -3.618187 -0.949692 -7.680072 -10.368345 -10.523002 -10.860344 -12.775035 -20.129436 -25.610883 -27.029699 -26.189208 -23.436245 -27.295853 -24.795658 -29.647045 -46.207696 -43.140101 -35.499711 -31.454734 -33.146868 -34.403113 
-29.352102 -27.105352 -12.328222 6.175249 3.912641 -17.103822 -3.163879 5.715961 -11.714501 2.651770 7.957218 -4.801022 7.364352 -0.891823 -6.414468 -12.449876 -10.579937 -10.867796 -7.189897 -3.741430 -3.550532 -8.583428 -15.453588 -13.165740 -11.370446 -13.633249 -18.680118 -22.325252 -26.865863 -27.006400 -28.053361 -31.111930 -23.716000 -27.265305 -40.749623 -37.160011 -35.265998 -33.494054 -37.453471 -33.331596 
-40.827566 -33.758820 -10.174781 6.344550 3.186575 -19.989916 -1.545692 4.935980 -13.964684 4.361750 7.100836 -10.660191 2.575386 -9.946348 -7.872614 -17.848459 -12.193151 -17.888602 -14.799945 -11.051332 -10.435273 -5.637317 -15.611916 -11.528098 -10.441895 -16.814901 -21.127852 -24.378907 -29.261930 -25.935237 -31.533756 -32.157748 -26.707932 -32.693038 -44.549201 -39.873643 -38.633599 -39.798529 -42.318152 -33.580790 
-26.082043 -28.152204 -8.652347 6.674463 2.743159 -20.969745 -1.371018 4.473044 -15.422916 5.478698 6.602669 -13.091454 -1.028694 -13.385893 -7.758109 -18.013245 -13.245478 -18.020969 -16.199088 -9.791103 -7.015264 -6.535135 -11.270323 -11.654005 -11.690878 -18.677086 -24.404578 -23.047730 -28.671879 -25.433564 -27.164720 -29.687992 -27.076220 -34.632464 -45.838979 -42.816495 -46.655921 -41.748331 -44.656892 -35.672448 
-34.325109 -29.525758 -9.386760 6.512938 2.390275 -21.759172 -0.417578 3.949238 -14.400394 7.133473 5.966672 -14.126703 -4.859635 -14.886103 -9.498879 -20.529276 -14.778415 -20.502357 -17.731941 -10.261891 -10.644097 -8.108541 -8.426192 -12.326503 -12.119144 -19.136115 -23.746047 -23.763547 -26.645299 -22.618491 -24.840196 -29.412018 -29.533794 -38.474629 -48.584589 -49.343381 -54.131408 -47.495377 -48.980260 -39.809230 
-33.156970 -35.500614 -7.305102 7.059329 2.368826 -18.506266 0.330356 3.708786 -14.080718 6.893755 3.155769 -16.854595 -7.360324 -18.418619 -16.056787 -23.991847 -19.032369 -23.921946 -23.401353 -16.241297 -13.735039 -10.398698 -6.587368 -11.867049 -10.936463 -15.385715 -22.632627 -24.379177 -26.186685 -22.627597 -25.294759 -28.585313 -29.760659 -37.393012 -45.847414 -48.356794 -48.845981 -46.413540 -41.065794 -40.828867 
-29.372968 -27.215120 -6.607023 7.055974 1.624787 -19.548219 0.398541 2.473609 -18.824107 2.878543 -1.281354 -13.602938 -7.399533 -24.795401 -25.014871 -32.082420 -29.447561 -26.344029 -25.164660 -17.498820 -15.728298 -10.814293 -7.134950 -12.534141 -14.846850 -15.567365 -23.310179 -26.771181 -25.931793 -21.478439 -24.884866 -30.894537 -35.337809 -45.369334 -54.090504 -58.522120 -58.501631 -52.029265 -40.072873 -38.738571 
-32.036266 -34.570247 -6.733104 6.592429 0.830079 -19.386357 -0.483579 -0.173521 -21.898738 0.045117 -5.517333 -14.348969 -9.852666 -28.965429 -28.410160 -35.467244 -33.924215 -30.754507 -28.409429 -26.237996 -21.846726 -13.741592 -10.605014 -13.724899 -16.408159 -18.507680 -24.848588 -27.012750 -27.857435 -20.882181 -26.870614 -32.872136 -41.188209 -46.404419 -50.731717 -51.512657 -51.941381 -49.301573 -42.428545 -42.013769 
-23.712493 -29.361687 -7.202275 5.474385 -0.785543 -20.666555 -2.354641 -2.855753 -19.558899 -1.823763 -9.836250 -15.330747 -12.495323 -31.213040 -30.395921 -35.993234 -35.957021 -33.702209 -35.551621 -33.609587 -29.526916 -23.199177 -16.026132 -15.427507 -20.040854 -20.965056 -26.209785 -28.130212 -27.244528 -23.721150 -28.421963 -30.168778 -39.368016 -46.995761 -52.739532 -53.113595 -53.388065 -50.803442 -42.473302 -44.598200 
-30.198083 -32.440156 -6.783826 4.604937 -2.474074 -21.947212 -4.415511 -7.319899 -23.164934 -5.281500 -14.068371 -17.021285 -18.072598 -29.813754 -36.689001 -42.522632 -42.537846 -39.390068 -43.529902 -38.332883 -30.665627 -29.039321 -19.205042 -20.448314 -23.270548 -25.541896 -30.504012 -30.471851 -29.386603 -27.191164 -32.786574 -37.233514 -42.250843 -50.469342 -59.678598 -60.660906 -61.014375 -57.037087 -46.869353 -49.965184 
-25.186211 -25.652168 -7.809564 3.601423 -3.638444 -24.176812 -7.404707 -10.204645 -27.846425 -11.008359 -21.626492 -24.239367 -27.821443 -36.074122 -34.961037 -40.820203 -45.726871 -42.317977 -46.925955 -40.699419 -33.465567 -32.216402 -24.005515 -24.907877 -29.366393 -35.405580 -40.206289 -33.690981 -26.646343 -25.238798 -34.489050 -42.286423 -45.209074 -54.878663 -66.282792 -67.284292 -66.673362 -60.898078 -52.090505 -52.030501 
-39.212414 -28.816854 -7.603379 2.604383 -4.871793 -26.429029 -12.065882 -14.312849 -28.381368 -17.432714 -28.369486 -30.001195 -34.650704 -36.593871 -39.918362 -46.610153 -48.950912 -47.076898 -51.065082 -46.856285 -42.730220 -37.884662 -28.208359 -23.513044 -28.957511 -38.866540 -41.734810 -42.622120 -31.667369 -30.781030 -38.533662 -38.001601 -44.600140 -56.519244 -73.206824 -76.286443 -72.192110 -62.492452 -53.123266 -55.114255 
-34.979866 -23.903211 -7.950067 -0.661714 -9.267705 -25.677398 -24.201913 -23.539418 -28.014309 -29.862223 -35.421902 -32.246458 -35.715235 -41.441456 -48.171637 -55.610150 -51.226763 -46.287675 -52.686831 -49.330725 -45.691289 -37.494141 -29.457314 -26.233490 -32.051409 -40.240345 -47.338106 -46.976341 -40.838853 -36.528996 -43.725240 -42.631346 -48.726073 -63.303238 -73.403889 -77.757131 -72.793242 -62.310336 -53.238327 -54.010114 
-25.535064 -33.124070 -16.118543 -8.689953 -15.385603 -29.074379 -27.117256 -30.794104 -37.331149 -32.488494 -34.526568 -29.459866 -35.272302 -37.559998 -44.862507 -50.881265 -53.927225 -50.386038 -54.059938 -52.514111 -46.527448 -34.828118 -36.260095 -31.882248 -38.524526 -40.228959 -44.015024 -44.865152 -42.501793 -41.182229 -48.634141 -49.539857 -51.542791 -57.888624 -67.515016 -74.670967 -71.025852 -63.792068 -57.667236 -57.855842 
-27.255290 -28.658201 -24.109752 -18.903589 -25.535731 -33.949013 -34.722714 -34.281504 -35.960927 -36.688133 -34.004132 -28.852972 -34.204802 -39.691527 -52.785111 -55.653468 -55.533931 -51.009492 -54.975868 -50.628028 -48.686374 -35.345971 -36.014123 -38.171998 -40.774504 -39.089529 -44.085471 -47.448290 -45.479090 -44.796309 -50.531173 -52.070561 -54.926827 -64.435916 -67.933375 -73.226616 -70.934493 -65.705915 -61.789814 -61.485359 
-28.084038 -33.068686 -36.072836 -31.801100 -34.988039 -39.656437 -39.192521 -37.270171 -42.134990 -41.376832 -36.960404 -28.105322 -30.565121 -42.065756 -54.881523 -61.559684 -57.574789 -56.382363 -56.531132 -53.556680 -47.789677 -38.601170 -36.888583 -42.271223 -41.354907 -45.807931 -48.239950 -49.623030 -47.178744 -49.335060 -55.956061 -56.280779 -60.274249 -65.076551 -66.717717 -75.842173 -71.127366 -68.298734 -66.909109 -67.605403 
-33.996634 -36.059689 -36.653241 -32.548128 -36.469843 -39.860091 -38.147427 -42.195819 -45.177774 -41.995389 -39.839664 -35.508210 -32.629960 -46.394452 -59.822825 -66.098717 -61.648659 -59.275236 -55.927426 -56.359131 -53.360649 -44.762333 -43.889342 -45.432574 -42.681005 -51.122182 -52.679706 -54.685116 -50.970392 -51.174995 -59.130579 -59.300775 -62.992942 -67.194331 -70.074747 -71.826158 -68.720853 -68.424912 -68.890561 -70.585984 
-30.003549 -36.647596 -36.604353 -36.991759 -43.635031 -48.193262 -46.028463 -45.472623 -47.351401 -42.080432 -37.291178 -36.910003 -38.216219 -48.744044 -59.776934 -61.666752 -60.440398 -62.208807 -59.177484 -54.979057 -53.809086 -48.298650 -46.500245 -51.964384 -52.479709 -55.080771 -54.176038 -57.503915 -56.112818 -57.507536 -63.416262 -61.686686 -63.632511 -68.148293 -69.804487 -70.512747 -68.959557 -72.802463 -70.088940 -69.952251 
-36.942903 -53.532134 -50.846355 -53.564544 -52.176896 -50.855791 -50.015848 -54.856922 -48.737898 -46.879030 -49.552667 -47.216846 -47.563898 -59.323453 -62.526930 -63.064227 -61.233850 -64.384318 -63.668592 -60.861211 -58.309700 -50.040935 -54.146785 -58.132359 -52.481714 -59.120531 -63.410614 -62.521733 -58.020672 -60.130986 -66.633307 -65.640085 -68.177864 -75.213628 -74.481862 -73.222737 -73.464364 -75.351524 -72.419748 -74.251706 
-55.402699 -58.176277 -63.734278 -73.164903 -74.350279 -63.957205 -61.340851 -59.815843 -64.644288 -67.558087 -63.139704 -61.222451 -66.857938 -70.536620 -71.163850 -72.890424 -73.451689 -78.315248 -76.773294 -73.218940 -68.401409 -62.691257 -67.939965 -71.397507 -70.612903 -73.421922 -70.767877 -70.870543 -71.922963 -74.554141 -73.230060 -74.625382 -74.921845 -75.521317 -79.967913 -75.341380 -74.569444 -76.890452 -76.667642 -78.676986 
-65.675899 -73.593582 -68.765059 -70.445036 -75.812253 -72.165500 -71.157404 -76.040591 -78.303686 -76.361344 -78.020467 -74.740818 -76.366296 -74.968499 -70.452065 -77.586078 -75.756327 -73.631014 -79.573330 -75.765537 -72.490338 -69.484879 -70.426128 -73.561935 -74.614498 -75.807151 -77.159266 -73.128787 -72.953434 -75.589844 -75.138389 -73.219052 -79.484498 -75.371479 -74.988119 -76.282443 -75.150348 -78.107222 -79.423694 -79.060522 
-63.764513 -72.472811 -75.896374 -77.870465 -74.647241 -71.130457 -73.121583 -72.927246 -75.929979 -77.652720 -76.509036 -76.788517 -79.156391 -75.767024 -80.015877 -77.756758 -76.522534 -72.512215 -74.990161 -72.826271 -73.914769 -74.548606 -74.415201 -79.171620 -80.886701 -78.031320 -75.262637 -75.118539 -78.378241 -77.631771 -76.373747 -77.318983 -75.234988 -75.410284 -76.178759 -79.457376 -77.273186 -78.111826 -75.403772 -74.046678 
-64.300854 -80.103045 -82.536300 -74.831518 -78.922406 -81.478618 -68.500478 -70.525706 -76.352710 -74.622969 -74.228902 -77.091225 -73.563459 -75.021609 -75.479839 -75.749717 -76.619773 -71.170868 -70.463953 -79.093934 -75.719277 -75.570151 -74.968765 -76.889909 -76.104651 -77.539575 -73.695640 -77.086649 -73.959069 -73.435942 -75.734675 -76.123095 -79.657621 -75.062164 -74.822234 -76.583909 -75.013376 -76.571620 -76.351566 -78.835952 
-66.386128 -82.303519 -75.034051 -72.065067 -76.738144 -70.547773 -67.685875 -77.607571 -76.312297 -72.091127 -76.765656 -76.598286 -71.680246 -70.947104 -73.326186 -74.144408 -79.281313 -73.987354 -73.727261 -76.852845 -71.933443 -71.617464 -80.330513 -75.700752 -77.920502 -75.762912 -76.690613 -76.588134 -74.897531 -72.510708 -76.212543 -73.308809 -75.395348 -75.021983 -77.259707 -76.089706 -77.009440 -77.810525 -75.935783 -77.123805 
-63.459441 -82.461870 -72.856822 -72.047377 -73.982991 -72.725711 -77.413209 -72.284133 -72.326599 -72.965812 -70.501261 -71.521961 -78.247619 -79.515908 -80.934665 -79.517616 -78.195850 -73.609905 -77.365521 -76.210003 -74.734093 -75.538429 -71.555668 -70.662613 -74.899435 -73.663801 -72.908417 -75.957842 -75.330744 -75.617606 -72.487887 -76.635129 -77.432240 -77.118362 -75.935630 -79.269999 -77.607810 -74.472363 -76.722729 -79.975814 
-64.403171 -73.050937 -78.569098 -88.388087 -80.963640 -79.377664 -76.108350 -76.257604 -76.597499 -78.548392 -73.562296 -73.637491 -71.115827 -75.425291 -75.391982 -77.692765 -78.100264 -76.066386 -74.968449 -76.000037 -76.332005 -75.376779 -75.102424 -76.572981 -78.022756 -76.658927 -76.495120 -77.716879 -77.107353 -76.456580 -73.357491 -76.008786 -75.993013 -75.646773 -77.915503 -78.007947 -78.830247 -79.469850 -76.998252 -77.062969 
-63.572701 -73.754652 -74.827240 -73.697106 -74.051743 -76.697447 -76.066918 -74.188338 -82.846137 -81.282766 -71.763742 -75.781950 -74.372532 -77.025827 -73.861225 -81.615412 -80.132693 -81.197493 -74.734135 -78.567610 -76.591371 -74.429586 -76.227370 -78.268795 -76.411673 -74.847468 -73.846812 -77.990106 -75.568058 -76.421043 -76.697008 -73.732447 -75.700599 -76.813748 -77.394660 -75.743747 -76.238834 -76.828727 -73.183191 -76.497794 
-59.883922 -72.119666 -74.937729 -75.308447 -78.686057 -75.683467 -77.495107 -79.790135 -86.876129 -84.158937 -76.562572 -76.105003 -78.868441 -75.877727 -70.792628 -77.250450 -78.115062 -80.380431 -79.149786 -79.096808 -72.398105 -74.813604 -71.627523 -76.778604 -76.603894 -78.158979 -76.949024 -76.964356 -78.149084 -75.952243 -74.858564 -73.778283 -78.563965 -76.400413 -77.147103 -75.815046 -74.588836 -75.288786 -73.599776 -74.547582 
-68.935721 -73.665202 -80.325503 -85.691560 -88.141516 -89.500339 -93.924361 -98.096456 -95.302743 -91.503594 -86.006677 -85.922549 -81.030480 -76.933903 -75.130347 -82.066737 -85.681482 -87.181224 -86.029940 -85.281460 -76.217876 -78.274810 -79.032219 -79.524361 -81.810212 -81.730219 -79.703174 -82.130286 -86.955663 -91.368073 -82.835766 -79.046562 -79.595617 -77.825333 -78.807828 -80.818789 -82.388433 -82.170668 -81.271468 -80.276351 
NaN NaN NaN NaN NaN NaN NaN NaN NaN NaN NaN NaN NaN NaN NaN NaN NaN NaN NaN NaN NaN NaN NaN NaN NaN NaN NaN NaN NaN NaN NaN NaN NaN NaN NaN NaN NaN NaN NaN NaN 
NaN NaN NaN NaN NaN NaN NaN NaN NaN NaN NaN NaN NaN NaN NaN NaN NaN NaN NaN NaN NaN NaN NaN NaN NaN NaN NaN NaN NaN NaN NaN NaN NaN NaN NaN NaN NaN NaN NaN NaN 
NaN NaN NaN NaN NaN NaN NaN NaN NaN NaN NaN NaN NaN NaN NaN NaN NaN NaN NaN NaN NaN NaN NaN NaN NaN NaN NaN NaN NaN NaN NaN NaN NaN NaN NaN NaN NaN NaN NaN NaN 
NaN NaN NaN NaN NaN NaN NaN NaN NaN NaN NaN NaN NaN NaN NaN NaN NaN NaN NaN NaN NaN NaN NaN NaN NaN NaN NaN NaN NaN NaN NaN NaN NaN NaN NaN NaN NaN NaN NaN NaN 
NaN NaN NaN NaN NaN NaN NaN NaN NaN NaN NaN NaN NaN NaN NaN NaN NaN NaN NaN NaN NaN NaN NaN NaN NaN NaN NaN NaN NaN NaN NaN NaN NaN NaN NaN NaN NaN NaN NaN NaN 
NaN NaN NaN NaN NaN NaN NaN NaN NaN NaN NaN NaN NaN NaN NaN NaN NaN NaN NaN NaN NaN NaN NaN NaN NaN NaN NaN NaN NaN NaN NaN NaN NaN NaN NaN NaN NaN NaN NaN NaN 
NaN NaN NaN NaN NaN NaN NaN NaN NaN NaN NaN NaN NaN NaN NaN NaN NaN NaN NaN NaN NaN NaN NaN NaN NaN NaN NaN NaN NaN NaN NaN NaN NaN NaN NaN NaN NaN NaN NaN NaN 
NaN NaN NaN NaN NaN NaN NaN NaN NaN NaN NaN NaN NaN NaN NaN NaN NaN NaN NaN NaN NaN NaN NaN NaN NaN NaN NaN NaN NaN NaN NaN NaN NaN NaN NaN NaN NaN NaN NaN NaN 
NaN NaN NaN NaN NaN NaN NaN NaN NaN NaN NaN NaN NaN NaN NaN NaN NaN NaN NaN NaN NaN NaN NaN NaN NaN NaN NaN NaN NaN NaN NaN NaN NaN NaN NaN NaN NaN NaN NaN NaN 
NaN NaN NaN NaN NaN NaN NaN NaN NaN NaN NaN NaN NaN NaN NaN NaN NaN NaN NaN NaN NaN NaN NaN NaN NaN NaN NaN NaN NaN NaN NaN NaN NaN NaN NaN NaN NaN NaN NaN NaN 
NaN NaN NaN NaN NaN NaN NaN NaN NaN NaN NaN NaN NaN NaN NaN NaN NaN NaN NaN NaN NaN NaN NaN NaN NaN NaN NaN NaN NaN NaN NaN NaN NaN NaN NaN NaN NaN NaN NaN NaN 
NaN NaN NaN NaN NaN NaN NaN NaN NaN NaN NaN NaN NaN NaN NaN NaN NaN NaN NaN NaN NaN NaN NaN NaN NaN NaN NaN NaN NaN NaN NaN NaN NaN NaN NaN NaN NaN NaN NaN NaN 
NaN NaN NaN NaN NaN NaN NaN NaN NaN NaN NaN NaN NaN NaN NaN NaN NaN NaN NaN NaN NaN NaN NaN NaN NaN NaN NaN NaN NaN NaN NaN NaN NaN NaN NaN NaN NaN NaN NaN NaN 
NaN NaN NaN NaN NaN NaN NaN NaN NaN NaN NaN NaN NaN NaN NaN NaN NaN NaN NaN NaN NaN NaN NaN NaN NaN NaN NaN NaN NaN NaN NaN NaN NaN NaN NaN NaN NaN NaN NaN NaN 
NaN NaN NaN NaN NaN NaN NaN NaN NaN NaN NaN NaN NaN NaN NaN NaN NaN NaN NaN NaN NaN NaN NaN NaN NaN NaN NaN NaN NaN NaN NaN NaN NaN NaN NaN NaN NaN NaN NaN NaN 
NaN NaN NaN NaN NaN NaN NaN NaN NaN NaN NaN NaN NaN NaN NaN NaN NaN NaN NaN NaN NaN NaN NaN NaN NaN NaN NaN NaN NaN NaN NaN NaN NaN NaN NaN NaN NaN NaN NaN NaN 
NaN NaN NaN NaN NaN NaN NaN NaN NaN NaN NaN NaN NaN NaN NaN NaN NaN NaN NaN NaN NaN NaN NaN NaN NaN NaN NaN NaN NaN NaN NaN NaN NaN NaN NaN NaN NaN NaN NaN NaN 
NaN NaN NaN NaN NaN NaN NaN NaN NaN NaN NaN NaN NaN NaN NaN NaN NaN NaN NaN NaN NaN NaN NaN NaN NaN NaN NaN NaN NaN NaN NaN NaN NaN NaN NaN NaN NaN NaN NaN NaN 
NaN NaN NaN NaN NaN NaN NaN NaN NaN NaN NaN NaN NaN NaN NaN NaN NaN NaN NaN NaN NaN NaN NaN NaN NaN NaN NaN NaN NaN NaN NaN NaN NaN NaN NaN NaN NaN NaN NaN NaN 
NaN NaN NaN NaN NaN NaN NaN NaN NaN NaN NaN NaN NaN NaN NaN NaN NaN NaN NaN NaN NaN NaN NaN NaN NaN NaN NaN NaN NaN NaN NaN NaN NaN NaN NaN NaN NaN NaN NaN NaN 
NaN NaN NaN NaN NaN NaN NaN NaN NaN NaN NaN NaN NaN NaN NaN NaN NaN NaN NaN NaN NaN NaN NaN NaN NaN NaN NaN NaN NaN NaN NaN NaN NaN NaN NaN NaN NaN NaN NaN NaN 
NaN NaN NaN NaN NaN NaN NaN NaN NaN NaN NaN NaN NaN NaN NaN NaN NaN NaN NaN NaN NaN NaN NaN NaN NaN NaN NaN NaN NaN NaN NaN NaN NaN NaN NaN NaN NaN NaN NaN NaN 
NaN NaN NaN NaN NaN NaN NaN NaN NaN NaN NaN NaN NaN NaN NaN NaN NaN NaN NaN NaN NaN NaN NaN NaN NaN NaN NaN NaN NaN NaN NaN NaN NaN NaN NaN NaN NaN NaN NaN NaN 
NaN NaN NaN NaN NaN NaN NaN NaN NaN NaN NaN NaN NaN NaN NaN NaN NaN NaN NaN NaN NaN NaN NaN NaN NaN NaN NaN NaN NaN NaN NaN NaN NaN NaN NaN NaN NaN NaN NaN NaN 
NaN NaN NaN NaN NaN NaN NaN NaN NaN NaN NaN NaN NaN NaN NaN NaN NaN NaN NaN NaN NaN NaN NaN NaN NaN NaN NaN NaN NaN NaN NaN NaN NaN NaN NaN NaN NaN NaN NaN NaN 
NaN NaN NaN NaN NaN NaN NaN NaN NaN NaN NaN NaN NaN NaN NaN NaN NaN NaN NaN NaN NaN NaN NaN NaN NaN NaN NaN NaN NaN NaN NaN NaN NaN NaN NaN NaN NaN NaN NaN NaN 
NaN NaN NaN NaN NaN NaN NaN NaN NaN NaN NaN NaN NaN NaN NaN NaN NaN NaN NaN NaN NaN NaN NaN NaN NaN NaN NaN NaN NaN NaN NaN NaN NaN NaN NaN NaN NaN NaN NaN NaN 
NaN NaN NaN NaN NaN NaN NaN NaN NaN NaN NaN NaN NaN NaN NaN NaN NaN NaN NaN NaN NaN NaN NaN NaN NaN NaN NaN NaN NaN NaN NaN NaN NaN NaN NaN NaN NaN NaN NaN NaN 
NaN NaN NaN NaN NaN NaN NaN NaN NaN NaN NaN NaN NaN NaN NaN NaN NaN NaN NaN NaN NaN NaN NaN NaN NaN NaN NaN NaN NaN NaN NaN NaN NaN NaN NaN NaN NaN NaN NaN NaN 
NaN NaN NaN NaN NaN NaN NaN NaN NaN NaN NaN NaN NaN NaN NaN NaN NaN NaN NaN NaN NaN NaN NaN NaN NaN NaN NaN NaN NaN NaN NaN NaN NaN NaN NaN NaN NaN NaN NaN NaN 
NaN NaN NaN NaN NaN NaN NaN NaN NaN NaN NaN NaN NaN NaN NaN NaN NaN NaN NaN NaN NaN NaN NaN NaN NaN NaN NaN NaN NaN NaN NaN NaN NaN NaN NaN NaN NaN NaN NaN NaN 
NaN NaN NaN NaN NaN NaN NaN NaN NaN NaN NaN NaN NaN NaN NaN NaN NaN NaN NaN NaN NaN NaN NaN NaN NaN NaN NaN NaN NaN NaN NaN NaN NaN NaN NaN NaN NaN NaN NaN NaN 
NaN NaN NaN NaN NaN NaN NaN NaN NaN NaN NaN NaN NaN NaN NaN NaN NaN NaN NaN NaN NaN NaN NaN NaN NaN NaN NaN NaN NaN NaN NaN NaN NaN NaN NaN NaN NaN NaN NaN NaN 
NaN NaN NaN NaN NaN NaN NaN NaN NaN NaN NaN NaN NaN NaN NaN NaN NaN NaN NaN NaN NaN NaN NaN NaN NaN NaN NaN NaN NaN NaN NaN NaN NaN NaN NaN NaN NaN NaN NaN NaN 
NaN NaN NaN NaN NaN NaN NaN NaN NaN NaN NaN NaN NaN NaN NaN NaN NaN NaN NaN NaN NaN NaN NaN NaN NaN NaN NaN NaN NaN NaN NaN NaN NaN NaN NaN NaN NaN NaN NaN NaN 
NaN NaN NaN NaN NaN NaN NaN NaN NaN NaN NaN NaN NaN NaN NaN NaN NaN NaN NaN NaN NaN NaN NaN NaN NaN NaN NaN NaN NaN NaN NaN NaN NaN NaN NaN NaN NaN NaN NaN NaN 
NaN NaN NaN NaN NaN NaN NaN NaN NaN NaN NaN NaN NaN NaN NaN NaN NaN NaN NaN NaN NaN NaN NaN NaN NaN NaN NaN NaN NaN NaN NaN NaN NaN NaN NaN NaN NaN NaN NaN NaN 
NaN NaN NaN NaN NaN NaN NaN NaN NaN NaN NaN NaN NaN NaN NaN NaN NaN NaN NaN NaN NaN NaN NaN NaN NaN NaN NaN NaN NaN NaN NaN NaN NaN NaN NaN NaN NaN NaN NaN NaN 
NaN NaN NaN NaN NaN NaN NaN NaN NaN NaN NaN NaN NaN NaN NaN NaN NaN NaN NaN NaN NaN NaN NaN NaN NaN NaN NaN NaN NaN NaN NaN NaN NaN NaN NaN NaN NaN NaN NaN NaN 
NaN NaN NaN NaN NaN NaN NaN NaN NaN NaN NaN NaN NaN NaN NaN NaN NaN NaN NaN NaN NaN NaN NaN NaN NaN NaN NaN NaN NaN NaN NaN NaN NaN NaN NaN NaN NaN NaN NaN NaN 
NaN NaN NaN NaN NaN NaN NaN NaN NaN NaN NaN NaN NaN NaN NaN NaN NaN NaN NaN NaN NaN NaN NaN NaN NaN NaN NaN NaN NaN NaN NaN NaN NaN NaN NaN NaN NaN NaN NaN NaN 
NaN NaN NaN NaN NaN NaN NaN NaN NaN NaN NaN NaN NaN NaN NaN NaN NaN NaN NaN NaN NaN NaN NaN NaN NaN NaN NaN NaN NaN NaN NaN NaN NaN NaN NaN NaN NaN NaN NaN NaN 
NaN NaN NaN NaN NaN NaN NaN NaN NaN NaN NaN NaN NaN NaN NaN NaN NaN NaN NaN NaN NaN NaN NaN NaN NaN NaN NaN NaN NaN NaN NaN NaN NaN NaN NaN NaN NaN NaN NaN NaN 
NaN NaN NaN NaN NaN NaN NaN NaN NaN NaN NaN NaN NaN NaN NaN NaN NaN NaN NaN NaN NaN NaN NaN NaN NaN NaN NaN NaN NaN NaN NaN NaN NaN NaN NaN NaN NaN NaN NaN NaN 
NaN NaN NaN NaN NaN NaN NaN NaN NaN NaN NaN NaN NaN NaN NaN NaN NaN NaN NaN NaN NaN NaN NaN NaN NaN NaN NaN NaN NaN NaN NaN NaN NaN NaN NaN NaN NaN NaN NaN NaN 
NaN NaN NaN NaN NaN NaN NaN NaN NaN NaN NaN NaN NaN NaN NaN NaN NaN NaN NaN NaN NaN NaN NaN NaN NaN NaN NaN NaN NaN NaN NaN NaN NaN NaN NaN NaN NaN NaN NaN NaN 
NaN NaN NaN NaN NaN NaN NaN NaN NaN NaN NaN NaN NaN NaN NaN NaN NaN NaN NaN NaN NaN NaN NaN NaN NaN NaN NaN NaN NaN NaN NaN NaN NaN NaN NaN NaN NaN NaN NaN NaN 
NaN NaN NaN NaN NaN NaN NaN NaN NaN NaN NaN NaN NaN NaN NaN NaN NaN NaN NaN NaN NaN NaN NaN NaN NaN NaN NaN NaN NaN NaN NaN NaN NaN NaN NaN NaN NaN NaN NaN NaN 
NaN NaN NaN NaN NaN NaN NaN NaN NaN NaN NaN NaN NaN NaN NaN NaN NaN NaN NaN NaN NaN NaN NaN NaN NaN NaN NaN NaN NaN NaN NaN NaN NaN NaN NaN NaN NaN NaN NaN NaN 
NaN NaN NaN NaN NaN NaN NaN NaN NaN NaN NaN NaN NaN NaN NaN NaN NaN NaN NaN NaN NaN NaN NaN NaN NaN NaN NaN NaN NaN NaN NaN NaN NaN NaN NaN NaN NaN NaN NaN NaN 
NaN NaN NaN NaN NaN NaN NaN NaN NaN NaN NaN NaN NaN NaN NaN NaN NaN NaN NaN NaN NaN NaN NaN NaN NaN NaN NaN NaN NaN NaN NaN NaN NaN NaN NaN NaN NaN NaN NaN NaN 
NaN NaN NaN NaN NaN NaN NaN NaN NaN NaN NaN NaN NaN NaN NaN NaN NaN NaN NaN NaN NaN NaN NaN NaN NaN NaN NaN NaN NaN NaN NaN NaN NaN NaN NaN NaN NaN NaN NaN NaN 
NaN NaN NaN NaN NaN NaN NaN NaN NaN NaN NaN NaN NaN NaN NaN NaN NaN NaN NaN NaN NaN NaN NaN NaN NaN NaN NaN NaN NaN NaN NaN NaN NaN NaN NaN NaN NaN NaN NaN NaN 
NaN NaN NaN NaN NaN NaN NaN NaN NaN NaN NaN NaN NaN NaN NaN NaN NaN NaN NaN NaN NaN NaN NaN NaN NaN NaN NaN NaN NaN NaN NaN NaN NaN NaN NaN NaN NaN NaN NaN NaN 
NaN NaN NaN NaN NaN NaN NaN NaN NaN NaN NaN NaN NaN NaN NaN NaN NaN NaN NaN NaN NaN NaN NaN NaN NaN NaN NaN NaN NaN NaN NaN NaN NaN NaN NaN NaN NaN NaN NaN NaN 
NaN NaN NaN NaN NaN NaN NaN NaN NaN NaN NaN NaN NaN NaN NaN NaN NaN NaN NaN NaN NaN NaN NaN NaN NaN NaN NaN NaN NaN NaN NaN NaN NaN NaN NaN NaN NaN NaN NaN NaN 
NaN NaN NaN NaN NaN NaN NaN NaN NaN NaN NaN NaN NaN NaN NaN NaN NaN NaN NaN NaN NaN NaN NaN NaN NaN NaN NaN NaN NaN NaN NaN NaN NaN NaN NaN NaN NaN NaN NaN NaN 
NaN NaN NaN NaN NaN NaN NaN NaN NaN NaN NaN NaN NaN NaN NaN NaN NaN NaN NaN NaN NaN NaN NaN NaN NaN NaN NaN NaN NaN NaN NaN NaN NaN NaN NaN NaN NaN NaN NaN NaN 
NaN NaN NaN NaN NaN NaN NaN NaN NaN NaN NaN NaN NaN NaN NaN NaN NaN NaN NaN NaN NaN NaN NaN NaN NaN NaN NaN NaN NaN NaN NaN NaN NaN NaN NaN NaN NaN NaN NaN NaN 
NaN NaN NaN NaN NaN NaN NaN NaN NaN NaN NaN NaN NaN NaN NaN NaN NaN NaN NaN NaN NaN NaN NaN NaN NaN NaN NaN NaN NaN NaN NaN NaN NaN NaN NaN NaN NaN NaN NaN NaN 
NaN NaN NaN NaN NaN NaN NaN NaN NaN NaN NaN NaN NaN NaN NaN NaN NaN NaN NaN NaN NaN NaN NaN NaN NaN NaN NaN NaN NaN NaN NaN NaN NaN NaN NaN NaN NaN NaN NaN NaN 
NaN NaN NaN NaN NaN NaN NaN NaN NaN NaN NaN NaN NaN NaN NaN NaN NaN NaN NaN NaN NaN NaN NaN NaN NaN NaN NaN NaN NaN NaN NaN NaN NaN NaN NaN NaN NaN NaN NaN NaN 
NaN NaN NaN NaN NaN NaN NaN NaN NaN NaN NaN NaN NaN NaN NaN NaN NaN NaN NaN NaN NaN NaN NaN NaN NaN NaN NaN NaN NaN NaN NaN NaN NaN NaN NaN NaN NaN NaN NaN NaN 
NaN NaN NaN NaN NaN NaN NaN NaN NaN NaN NaN NaN NaN NaN NaN NaN NaN NaN NaN NaN NaN NaN NaN NaN NaN NaN NaN NaN NaN NaN NaN NaN NaN NaN NaN NaN NaN NaN NaN NaN 
NaN NaN NaN NaN NaN NaN NaN NaN NaN NaN NaN NaN NaN NaN NaN NaN NaN NaN NaN NaN NaN NaN NaN NaN NaN NaN NaN NaN NaN NaN NaN NaN NaN NaN NaN NaN NaN NaN NaN NaN 
NaN NaN NaN NaN NaN NaN NaN NaN NaN NaN NaN NaN NaN NaN NaN NaN NaN NaN NaN NaN NaN NaN NaN NaN NaN NaN NaN NaN NaN NaN NaN NaN NaN NaN NaN NaN NaN NaN NaN NaN 
NaN NaN NaN NaN NaN NaN NaN NaN NaN NaN NaN NaN NaN NaN NaN NaN NaN NaN NaN NaN NaN NaN NaN NaN NaN NaN NaN NaN NaN NaN NaN NaN NaN NaN NaN NaN NaN NaN NaN NaN 
NaN NaN NaN NaN NaN NaN NaN NaN NaN NaN NaN NaN NaN NaN NaN NaN NaN NaN NaN NaN NaN NaN NaN NaN NaN NaN NaN NaN NaN NaN NaN NaN NaN NaN NaN NaN NaN NaN NaN NaN 
NaN NaN NaN NaN NaN NaN NaN NaN NaN NaN NaN NaN NaN NaN NaN NaN NaN NaN NaN NaN NaN NaN NaN NaN NaN NaN NaN NaN NaN NaN NaN NaN NaN NaN NaN NaN NaN NaN NaN NaN 
NaN NaN NaN NaN NaN NaN NaN NaN NaN NaN NaN NaN NaN NaN NaN NaN NaN NaN NaN NaN NaN NaN NaN NaN NaN NaN NaN NaN NaN NaN NaN NaN NaN NaN NaN NaN NaN NaN NaN NaN 
NaN NaN NaN NaN NaN NaN NaN NaN NaN NaN NaN NaN NaN NaN NaN NaN NaN NaN NaN NaN NaN NaN NaN NaN NaN NaN NaN NaN NaN NaN NaN NaN NaN NaN NaN NaN NaN NaN NaN NaN 
NaN NaN NaN NaN NaN NaN NaN NaN NaN NaN NaN NaN NaN NaN NaN NaN NaN NaN NaN NaN NaN NaN NaN NaN NaN NaN NaN NaN NaN NaN NaN NaN NaN NaN NaN NaN NaN NaN NaN NaN 
NaN NaN NaN NaN NaN NaN NaN NaN NaN NaN NaN NaN NaN NaN NaN NaN NaN NaN NaN NaN NaN NaN NaN NaN NaN NaN NaN NaN NaN NaN NaN NaN NaN NaN NaN NaN NaN NaN NaN NaN 
