NaN NaN NaN NaN NaN NaN NaN NaN NaN NaN NaN NaN NaN NaN NaN NaN NaN NaN NaN NaN NaN NaN NaN NaN NaN NaN NaN NaN NaN NaN NaN NaN NaN NaN NaN NaN NaN NaN NaN NaN 
NaN NaN NaN NaN NaN NaN NaN NaN NaN NaN NaN NaN NaN NaN NaN NaN NaN NaN NaN NaN NaN NaN NaN NaN NaN NaN NaN NaN NaN NaN NaN NaN NaN NaN NaN NaN NaN NaN NaN NaN 
NaN NaN NaN NaN NaN NaN NaN NaN NaN NaN NaN NaN NaN NaN NaN NaN NaN NaN NaN NaN NaN NaN NaN NaN NaN NaN NaN NaN NaN NaN NaN NaN NaN NaN NaN NaN NaN NaN NaN NaN 
NaN NaN NaN NaN NaN NaN NaN NaN NaN NaN NaN NaN NaN NaN NaN NaN NaN NaN NaN NaN NaN NaN NaN NaN NaN NaN NaN NaN NaN NaN NaN NaN NaN NaN NaN NaN NaN NaN NaN NaN 
NaN NaN NaN NaN NaN NaN NaN NaN NaN NaN NaN NaN NaN NaN NaN NaN NaN NaN NaN NaN NaN NaN NaN NaN NaN NaN NaN NaN NaN NaN NaN NaN NaN NaN NaN NaN NaN NaN NaN NaN 
NaN NaN NaN NaN NaN NaN NaN NaN NaN NaN NaN NaN NaN NaN NaN NaN NaN NaN NaN NaN NaN NaN NaN NaN NaN NaN NaN NaN NaN NaN NaN NaN NaN NaN NaN NaN NaN NaN NaN NaN 
NaN NaN NaN NaN NaN NaN NaN NaN NaN NaN NaN NaN NaN NaN NaN NaN NaN NaN NaN NaN NaN NaN NaN NaN NaN NaN NaN NaN NaN NaN NaN NaN NaN NaN NaN NaN NaN NaN NaN NaN 
NaN NaN NaN NaN NaN NaN NaN NaN NaN NaN NaN NaN NaN NaN NaN NaN NaN NaN NaN NaN NaN NaN NaN NaN NaN NaN NaN NaN NaN NaN NaN NaN NaN NaN NaN NaN NaN NaN NaN NaN 
NaN NaN NaN NaN NaN NaN NaN NaN NaN NaN NaN NaN NaN NaN NaN NaN NaN NaN NaN NaN NaN NaN NaN NaN NaN NaN NaN NaN NaN NaN NaN NaN NaN NaN NaN NaN NaN NaN NaN NaN 
NaN NaN NaN NaN NaN NaN NaN NaN NaN NaN NaN NaN NaN NaN NaN NaN NaN NaN NaN NaN NaN NaN NaN NaN NaN NaN NaN NaN NaN NaN NaN NaN NaN NaN NaN NaN NaN NaN NaN NaN 
NaN NaN NaN NaN NaN NaN NaN NaN NaN NaN NaN NaN NaN NaN NaN NaN NaN NaN NaN NaN NaN NaN NaN NaN NaN NaN NaN NaN NaN NaN NaN NaN NaN NaN NaN NaN NaN NaN NaN NaN 
NaN NaN NaN NaN NaN NaN NaN NaN NaN NaN NaN NaN NaN NaN NaN NaN NaN NaN NaN NaN NaN NaN NaN NaN NaN NaN NaN NaN NaN NaN NaN NaN NaN NaN NaN NaN NaN NaN NaN NaN 
NaN NaN NaN NaN NaN NaN NaN NaN NaN NaN NaN NaN NaN NaN NaN NaN NaN NaN NaN NaN NaN NaN NaN NaN NaN NaN NaN NaN NaN NaN NaN NaN NaN NaN NaN NaN NaN NaN NaN NaN 
NaN NaN NaN NaN NaN NaN NaN NaN NaN NaN NaN NaN NaN NaN NaN NaN NaN NaN NaN NaN NaN NaN NaN NaN NaN NaN NaN NaN NaN NaN NaN NaN NaN NaN NaN NaN NaN NaN NaN NaN 
NaN NaN NaN NaN NaN NaN NaN NaN NaN NaN NaN NaN NaN NaN NaN NaN NaN NaN NaN NaN NaN NaN NaN NaN NaN NaN NaN NaN NaN NaN NaN NaN NaN NaN NaN NaN NaN NaN NaN NaN 
NaN NaN NaN NaN NaN NaN NaN NaN NaN NaN NaN NaN NaN NaN NaN NaN NaN NaN NaN NaN NaN NaN NaN NaN NaN NaN NaN NaN NaN NaN NaN NaN NaN NaN NaN NaN NaN NaN NaN NaN 
NaN NaN NaN NaN NaN NaN NaN NaN NaN NaN NaN NaN NaN NaN NaN NaN NaN NaN NaN NaN NaN NaN NaN NaN NaN NaN NaN NaN NaN NaN NaN NaN NaN NaN NaN NaN NaN NaN NaN NaN 
NaN NaN NaN NaN NaN NaN NaN NaN NaN NaN NaN NaN NaN NaN NaN NaN NaN NaN NaN NaN NaN NaN NaN NaN NaN NaN NaN NaN NaN NaN NaN NaN NaN NaN NaN NaN NaN NaN NaN NaN 
NaN NaN NaN NaN NaN NaN NaN NaN NaN NaN NaN NaN NaN NaN NaN NaN NaN NaN NaN NaN NaN NaN NaN NaN NaN NaN NaN NaN NaN NaN NaN NaN NaN NaN NaN NaN NaN NaN NaN NaN 
NaN NaN NaN NaN NaN NaN NaN NaN NaN NaN NaN NaN NaN NaN NaN NaN NaN NaN NaN NaN NaN NaN NaN NaN NaN NaN NaN NaN NaN NaN NaN NaN NaN NaN NaN NaN NaN NaN NaN NaN 
NaN NaN NaN NaN NaN NaN NaN NaN NaN NaN NaN NaN NaN NaN NaN NaN NaN NaN NaN NaN NaN NaN NaN NaN NaN NaN NaN NaN NaN NaN NaN NaN NaN NaN NaN NaN NaN NaN NaN NaN 
NaN NaN NaN NaN NaN NaN NaN NaN NaN NaN NaN NaN NaN NaN NaN NaN NaN NaN NaN NaN NaN NaN NaN NaN NaN NaN NaN NaN NaN NaN NaN NaN NaN NaN NaN NaN NaN NaN NaN NaN 
NaN NaN NaN NaN NaN NaN NaN NaN NaN NaN NaN NaN NaN NaN NaN NaN NaN NaN NaN NaN NaN NaN NaN NaN NaN NaN NaN NaN NaN NaN NaN NaN NaN NaN NaN NaN NaN NaN NaN NaN 
NaN NaN NaN NaN NaN NaN NaN NaN NaN NaN NaN NaN NaN NaN NaN NaN NaN NaN NaN NaN NaN NaN NaN NaN NaN NaN NaN NaN NaN NaN NaN NaN NaN NaN NaN NaN NaN NaN NaN NaN 
NaN NaN NaN NaN NaN NaN NaN NaN NaN NaN NaN NaN NaN NaN NaN NaN NaN NaN NaN NaN NaN NaN NaN NaN NaN NaN NaN NaN NaN NaN NaN NaN NaN NaN NaN NaN NaN NaN NaN NaN 
NaN NaN NaN NaN NaN NaN NaN NaN NaN NaN NaN NaN NaN NaN NaN NaN NaN NaN NaN NaN NaN NaN NaN NaN NaN NaN NaN NaN NaN NaN NaN NaN NaN NaN NaN NaN NaN NaN NaN NaN 
NaN NaN NaN NaN NaN NaN NaN NaN NaN NaN NaN NaN NaN NaN NaN NaN NaN NaN NaN NaN NaN NaN NaN NaN NaN NaN NaN NaN NaN NaN NaN NaN NaN NaN NaN NaN NaN NaN NaN NaN 
NaN NaN NaN NaN NaN NaN NaN NaN NaN NaN NaN NaN NaN NaN NaN NaN NaN NaN NaN NaN NaN NaN NaN NaN NaN NaN NaN NaN NaN NaN NaN NaN NaN NaN NaN NaN NaN NaN NaN NaN 
NaN NaN NaN NaN NaN NaN NaN NaN NaN NaN NaN NaN NaN NaN NaN NaN NaN NaN NaN NaN NaN NaN NaN NaN NaN NaN NaN NaN NaN NaN NaN NaN NaN NaN NaN NaN NaN NaN NaN NaN 
NaN NaN NaN NaN NaN NaN NaN NaN NaN NaN NaN NaN NaN NaN NaN NaN NaN NaN NaN NaN NaN NaN NaN NaN NaN NaN NaN NaN NaN NaN NaN NaN NaN NaN NaN NaN NaN NaN NaN NaN 
NaN NaN NaN NaN NaN NaN NaN NaN NaN NaN NaN NaN NaN NaN NaN NaN NaN NaN NaN NaN NaN NaN NaN NaN NaN NaN NaN NaN NaN NaN NaN NaN NaN NaN NaN NaN NaN NaN NaN NaN 
NaN NaN NaN NaN NaN NaN NaN NaN NaN NaN NaN NaN NaN NaN NaN NaN NaN NaN NaN NaN NaN NaN NaN NaN NaN NaN NaN NaN NaN NaN NaN NaN NaN NaN NaN NaN NaN NaN NaN NaN 
NaN NaN NaN NaN NaN NaN NaN NaN NaN NaN NaN NaN NaN NaN NaN NaN NaN NaN NaN NaN NaN NaN NaN NaN NaN NaN NaN NaN NaN NaN NaN NaN NaN NaN NaN NaN NaN NaN NaN NaN 
NaN NaN NaN NaN NaN NaN NaN NaN NaN NaN NaN NaN NaN NaN NaN NaN NaN NaN NaN NaN NaN NaN NaN NaN NaN NaN NaN NaN NaN NaN NaN NaN NaN NaN NaN NaN NaN NaN NaN NaN 
NaN NaN NaN NaN NaN NaN NaN NaN NaN NaN NaN NaN NaN NaN NaN NaN NaN NaN NaN NaN NaN NaN NaN NaN NaN NaN NaN NaN NaN NaN NaN NaN NaN NaN NaN NaN NaN NaN NaN NaN 
NaN NaN NaN NaN NaN NaN NaN NaN NaN NaN NaN NaN NaN NaN NaN NaN NaN NaN NaN NaN NaN NaN NaN NaN NaN NaN NaN NaN NaN NaN NaN NaN NaN NaN NaN NaN NaN NaN NaN NaN 
NaN NaN NaN NaN NaN NaN NaN NaN NaN NaN NaN NaN NaN NaN NaN NaN NaN NaN NaN NaN NaN NaN NaN NaN NaN NaN NaN NaN NaN NaN NaN NaN NaN NaN NaN NaN NaN NaN NaN NaN 
NaN NaN NaN NaN NaN NaN NaN NaN NaN NaN NaN NaN NaN NaN NaN NaN NaN NaN NaN NaN NaN NaN NaN NaN NaN NaN NaN NaN NaN NaN NaN NaN NaN NaN NaN NaN NaN NaN NaN NaN 
NaN NaN NaN NaN NaN NaN NaN NaN NaN NaN NaN NaN NaN NaN NaN NaN NaN NaN NaN NaN NaN NaN NaN NaN NaN NaN NaN NaN NaN NaN NaN NaN NaN NaN NaN NaN NaN NaN NaN NaN 
NaN NaN NaN NaN NaN NaN NaN NaN NaN NaN NaN NaN NaN NaN NaN NaN NaN NaN NaN NaN NaN NaN NaN NaN NaN NaN NaN NaN NaN NaN NaN NaN NaN NaN NaN NaN NaN NaN NaN NaN 
NaN NaN NaN NaN NaN NaN NaN NaN NaN NaN NaN NaN NaN NaN NaN NaN NaN NaN NaN NaN NaN NaN NaN NaN NaN NaN NaN NaN NaN NaN NaN NaN NaN NaN NaN NaN NaN NaN NaN NaN 
NaN NaN NaN NaN NaN NaN NaN NaN NaN NaN NaN NaN NaN NaN NaN NaN NaN NaN NaN NaN NaN NaN NaN NaN NaN NaN NaN NaN NaN NaN NaN NaN NaN NaN NaN NaN NaN NaN NaN NaN 
NaN NaN NaN NaN NaN NaN NaN NaN NaN NaN NaN NaN NaN NaN NaN NaN NaN NaN NaN NaN NaN NaN NaN NaN NaN NaN NaN NaN NaN NaN NaN NaN NaN NaN NaN NaN NaN NaN NaN NaN 
NaN NaN NaN NaN NaN NaN NaN NaN NaN NaN NaN NaN NaN NaN NaN NaN NaN NaN NaN NaN NaN NaN NaN NaN NaN NaN NaN NaN NaN NaN NaN NaN NaN NaN NaN NaN NaN NaN NaN NaN 
NaN NaN NaN NaN NaN NaN NaN NaN NaN NaN NaN NaN NaN NaN NaN NaN NaN NaN NaN NaN NaN NaN NaN NaN NaN NaN NaN NaN NaN NaN NaN NaN NaN NaN NaN NaN NaN NaN NaN NaN 
NaN NaN NaN NaN NaN NaN NaN NaN NaN NaN NaN NaN NaN NaN NaN NaN NaN NaN NaN NaN NaN NaN NaN NaN NaN NaN NaN NaN NaN NaN NaN NaN NaN NaN NaN NaN NaN NaN NaN NaN 
NaN NaN NaN NaN NaN NaN NaN NaN NaN NaN NaN NaN NaN NaN NaN NaN NaN NaN NaN NaN NaN NaN NaN NaN NaN NaN NaN NaN NaN NaN NaN NaN NaN NaN NaN NaN NaN NaN NaN NaN 
NaN NaN NaN NaN NaN NaN NaN NaN NaN NaN NaN NaN NaN NaN NaN NaN NaN NaN NaN NaN NaN NaN NaN NaN NaN NaN NaN NaN NaN NaN NaN NaN NaN NaN NaN NaN NaN NaN NaN NaN 
NaN NaN NaN NaN NaN NaN NaN NaN NaN NaN NaN NaN NaN NaN NaN NaN NaN NaN NaN NaN NaN NaN NaN NaN NaN NaN NaN NaN NaN NaN NaN NaN NaN NaN NaN NaN NaN NaN NaN NaN 
NaN NaN NaN NaN NaN NaN NaN NaN NaN NaN NaN NaN NaN NaN NaN NaN NaN NaN NaN NaN NaN NaN NaN NaN NaN NaN NaN NaN NaN NaN NaN NaN NaN NaN NaN NaN NaN NaN NaN NaN 
NaN NaN NaN NaN NaN NaN NaN NaN NaN NaN NaN NaN NaN NaN NaN NaN NaN NaN NaN NaN NaN NaN NaN NaN NaN NaN NaN NaN NaN NaN NaN NaN NaN NaN NaN NaN NaN NaN NaN NaN 
NaN NaN NaN NaN NaN NaN NaN NaN NaN NaN NaN NaN NaN NaN NaN NaN NaN NaN NaN NaN NaN NaN NaN NaN NaN NaN NaN NaN NaN NaN NaN NaN NaN NaN NaN NaN NaN NaN NaN NaN 
NaN NaN NaN NaN NaN NaN NaN NaN NaN NaN NaN NaN NaN NaN NaN NaN NaN NaN NaN NaN NaN NaN NaN NaN NaN NaN NaN NaN NaN NaN NaN NaN NaN NaN NaN NaN NaN NaN NaN NaN 
NaN NaN NaN NaN NaN NaN NaN NaN NaN NaN NaN NaN NaN NaN NaN NaN NaN NaN NaN NaN NaN NaN NaN NaN NaN NaN NaN NaN NaN NaN NaN NaN NaN NaN NaN NaN NaN NaN NaN NaN 
NaN NaN NaN NaN NaN NaN NaN NaN NaN NaN NaN NaN NaN NaN NaN NaN NaN NaN NaN NaN NaN NaN NaN NaN NaN NaN NaN NaN NaN NaN NaN NaN NaN NaN NaN NaN NaN NaN NaN NaN 
NaN NaN NaN NaN NaN NaN NaN NaN NaN NaN NaN NaN NaN NaN NaN NaN NaN NaN NaN NaN NaN NaN NaN NaN NaN NaN NaN NaN NaN NaN NaN NaN NaN NaN NaN NaN NaN NaN NaN NaN 
NaN NaN NaN NaN NaN NaN NaN NaN NaN NaN NaN NaN NaN NaN NaN NaN NaN NaN NaN NaN NaN NaN NaN NaN NaN NaN NaN NaN NaN NaN NaN NaN NaN NaN NaN NaN NaN NaN NaN NaN 
NaN NaN NaN NaN NaN NaN NaN NaN NaN NaN NaN NaN NaN NaN NaN NaN NaN NaN NaN NaN NaN NaN NaN NaN NaN NaN NaN NaN NaN NaN NaN NaN NaN NaN NaN NaN NaN NaN NaN NaN 
NaN NaN NaN NaN NaN NaN NaN NaN NaN NaN NaN NaN NaN NaN NaN NaN NaN NaN NaN NaN NaN NaN NaN NaN NaN NaN NaN NaN NaN NaN NaN NaN NaN NaN NaN NaN NaN NaN NaN NaN 
NaN NaN NaN NaN NaN NaN NaN NaN NaN NaN NaN NaN NaN NaN NaN NaN NaN NaN NaN NaN NaN NaN NaN NaN NaN NaN NaN NaN NaN NaN NaN NaN NaN NaN NaN NaN NaN NaN NaN NaN 
NaN NaN NaN NaN NaN NaN NaN NaN NaN NaN NaN NaN NaN NaN NaN NaN NaN NaN NaN NaN NaN NaN NaN NaN NaN NaN NaN NaN NaN NaN NaN NaN NaN NaN NaN NaN NaN NaN NaN NaN 
NaN NaN NaN NaN NaN NaN NaN NaN NaN NaN NaN NaN NaN NaN NaN NaN NaN NaN NaN NaN NaN NaN NaN NaN NaN NaN NaN NaN NaN NaN NaN NaN NaN NaN NaN NaN NaN NaN NaN NaN 
NaN NaN NaN NaN NaN NaN NaN NaN NaN NaN NaN NaN NaN NaN NaN NaN NaN NaN NaN NaN NaN NaN NaN NaN NaN NaN NaN NaN NaN NaN NaN NaN NaN NaN NaN NaN NaN NaN NaN NaN 
NaN NaN NaN NaN NaN NaN NaN NaN NaN NaN NaN NaN NaN NaN NaN NaN NaN NaN NaN NaN NaN NaN NaN NaN NaN NaN NaN NaN NaN NaN NaN NaN NaN NaN NaN NaN NaN NaN NaN NaN 
NaN NaN NaN NaN NaN NaN NaN NaN NaN NaN NaN NaN NaN NaN NaN NaN NaN NaN NaN NaN NaN NaN NaN NaN NaN NaN NaN NaN NaN NaN NaN NaN NaN NaN NaN NaN NaN NaN NaN NaN 
NaN NaN NaN NaN NaN NaN NaN NaN NaN NaN NaN NaN NaN NaN NaN NaN NaN NaN NaN NaN NaN NaN NaN NaN NaN NaN NaN NaN NaN NaN NaN NaN NaN NaN NaN NaN NaN NaN NaN NaN 
NaN NaN NaN NaN NaN NaN NaN NaN NaN NaN NaN NaN NaN NaN NaN NaN NaN NaN NaN NaN NaN NaN NaN NaN NaN NaN NaN NaN NaN NaN NaN NaN NaN NaN NaN NaN NaN NaN NaN NaN 
NaN NaN NaN NaN NaN NaN NaN NaN NaN NaN NaN NaN NaN NaN NaN NaN NaN NaN NaN NaN NaN NaN NaN NaN NaN NaN NaN NaN NaN NaN NaN NaN NaN NaN NaN NaN NaN NaN NaN NaN 
NaN NaN NaN NaN NaN NaN NaN NaN NaN NaN NaN NaN NaN NaN NaN NaN NaN NaN NaN NaN NaN NaN NaN NaN NaN NaN NaN NaN NaN NaN NaN NaN NaN NaN NaN NaN NaN NaN NaN NaN 
NaN NaN NaN NaN NaN NaN NaN NaN NaN NaN NaN NaN NaN NaN NaN NaN NaN NaN NaN NaN NaN NaN NaN NaN NaN NaN NaN NaN NaN NaN NaN NaN NaN NaN NaN NaN NaN NaN NaN NaN 
NaN NaN NaN NaN NaN NaN NaN NaN NaN NaN NaN NaN NaN NaN NaN NaN NaN NaN NaN NaN NaN NaN NaN NaN NaN NaN NaN NaN NaN NaN NaN NaN NaN NaN NaN NaN NaN NaN NaN NaN 
NaN NaN NaN NaN NaN NaN NaN NaN NaN NaN NaN NaN NaN NaN NaN NaN NaN NaN NaN NaN NaN NaN NaN NaN NaN NaN NaN NaN NaN NaN NaN NaN NaN NaN NaN NaN NaN NaN NaN NaN 
NaN NaN NaN NaN NaN NaN NaN NaN NaN NaN NaN NaN NaN NaN NaN NaN NaN NaN NaN NaN NaN NaN NaN NaN NaN NaN NaN NaN NaN NaN NaN NaN NaN NaN NaN NaN NaN NaN NaN NaN 
NaN NaN NaN NaN NaN NaN NaN NaN NaN NaN NaN NaN NaN NaN NaN NaN NaN NaN NaN NaN NaN NaN NaN NaN NaN NaN NaN NaN NaN NaN NaN NaN NaN NaN NaN NaN NaN NaN NaN NaN 
NaN NaN NaN NaN NaN NaN NaN NaN NaN NaN NaN NaN NaN NaN NaN NaN NaN NaN NaN NaN NaN NaN NaN NaN NaN NaN NaN NaN NaN NaN NaN NaN NaN NaN NaN NaN NaN NaN NaN NaN 
NaN NaN NaN NaN NaN NaN NaN NaN NaN NaN NaN NaN NaN NaN NaN NaN NaN NaN NaN NaN NaN NaN NaN NaN NaN NaN NaN NaN NaN NaN NaN NaN NaN NaN NaN NaN NaN NaN NaN NaN 
NaN NaN NaN NaN NaN NaN NaN NaN NaN NaN NaN NaN NaN NaN NaN NaN NaN NaN NaN NaN NaN NaN NaN NaN NaN NaN NaN NaN NaN NaN NaN NaN NaN NaN NaN NaN NaN NaN NaN NaN 
NaN NaN NaN NaN NaN NaN NaN NaN NaN NaN NaN NaN NaN NaN NaN NaN NaN NaN NaN NaN NaN NaN NaN NaN NaN NaN NaN NaN NaN NaN NaN NaN NaN NaN NaN NaN NaN NaN NaN NaN 
NaN NaN NaN NaN NaN NaN NaN NaN NaN NaN NaN NaN NaN NaN NaN NaN NaN NaN NaN NaN NaN NaN NaN NaN NaN NaN NaN NaN NaN NaN NaN NaN NaN NaN NaN NaN NaN NaN NaN NaN 
NaN NaN NaN NaN NaN NaN NaN NaN NaN NaN NaN NaN NaN NaN NaN NaN NaN NaN NaN NaN NaN NaN NaN NaN NaN NaN NaN NaN NaN NaN NaN NaN NaN NaN NaN NaN NaN NaN NaN NaN 
NaN NaN NaN NaN NaN NaN NaN NaN NaN NaN NaN NaN NaN NaN NaN NaN NaN NaN NaN NaN NaN NaN NaN NaN NaN NaN NaN NaN NaN NaN NaN NaN NaN NaN NaN NaN NaN NaN NaN NaN 
NaN NaN NaN NaN NaN NaN NaN NaN NaN NaN NaN NaN NaN NaN NaN NaN NaN NaN NaN NaN NaN NaN NaN NaN NaN NaN NaN NaN NaN NaN NaN NaN NaN NaN NaN NaN NaN NaN NaN NaN 
NaN NaN NaN NaN NaN NaN NaN NaN NaN NaN NaN NaN NaN NaN NaN NaN NaN NaN NaN NaN NaN NaN NaN NaN NaN NaN NaN NaN NaN NaN NaN NaN NaN NaN NaN NaN NaN NaN NaN NaN 
NaN NaN NaN NaN NaN NaN NaN NaN NaN NaN NaN NaN NaN NaN NaN NaN NaN NaN NaN NaN NaN NaN NaN NaN NaN NaN NaN NaN NaN NaN NaN NaN NaN NaN NaN NaN NaN NaN NaN NaN 
NaN NaN NaN NaN NaN NaN NaN NaN NaN NaN NaN NaN NaN NaN NaN NaN NaN NaN NaN NaN NaN NaN NaN NaN NaN NaN NaN NaN NaN NaN NaN NaN NaN NaN NaN NaN NaN NaN NaN NaN 
NaN NaN NaN NaN NaN NaN NaN NaN NaN NaN NaN NaN NaN NaN NaN NaN NaN NaN NaN NaN NaN NaN NaN NaN NaN NaN NaN NaN NaN NaN NaN NaN NaN NaN NaN NaN NaN NaN NaN NaN 
NaN NaN NaN NaN NaN NaN NaN NaN NaN NaN NaN NaN NaN NaN NaN NaN NaN NaN NaN NaN NaN NaN NaN NaN NaN NaN NaN NaN NaN NaN NaN NaN NaN NaN NaN NaN NaN NaN NaN NaN 
NaN NaN NaN NaN NaN NaN NaN NaN NaN NaN NaN NaN NaN NaN NaN NaN NaN NaN NaN NaN NaN NaN NaN NaN NaN NaN NaN NaN NaN NaN NaN NaN NaN NaN NaN NaN NaN NaN NaN NaN 
-68.537494 -71.134913 -75.016799 -77.992958 -79.203306 -81.907307 -84.596276 -88.083409 -86.521715 -84.814491 -85.192932 -84.961961 -87.871476 -90.525541 -96.379926 -91.818289 -92.819698 -96.861221 -88.144856 -87.982808 -84.914011 -89.595561 -96.671891 -89.984420 -91.294572 -91.826803 -87.725475 -86.393096 -85.001103 -89.846665 -87.562378 -88.297601 -89.684038 -89.790264 -85.774795 -84.714456 -87.484714 -90.700842 -90.885865 -89.285867 
-54.737396 -66.324834 -70.713609 -69.107601 -73.822267 -72.047948 -69.973215 -73.383371 -75.747987 -74.463532 -72.294514 -71.049756 -75.736774 -76.236597 -76.033442 -72.348637 -75.313693 -82.229389 -75.093038 -74.492937 -75.589379 -79.197674 -80.678771 -77.104278 -75.007020 -76.601801 -73.973217 -75.533706 -74.487692 -77.832414 -78.546752 -76.030708 -75.566235 -75.628115 -73.575341 -75.554241 -76.456894 -75.832861 -74.991365 -77.888851 
-56.783408 -77.409352 -80.119049 -75.104964 -69.841264 -73.229468 -73.813547 -80.221336 -76.441022 -70.769408 -70.176039 -71.851851 -74.229962 -74.498980 -75.651713 -71.717211 -70.228233 -74.221916 -73.091813 -71.276087 -75.379873 -78.735657 -76.169297 -72.710993 -77.402705 -76.754541 -76.859266 -72.666538 -74.909649 -75.209949 -76.769148 -75.145617 -72.927354 -77.199091 -76.422045 -74.428529 -72.785052 -73.365711 -73.134307 -73.553957 
-54.737689 -71.352706 -72.323961 -68.879479 -73.632421 -69.993024 -69.503116 -73.015588 -68.822001 -68.873369 -72.685937 -75.696302 -71.791243 -69.839721 -70.029188 -72.395483 -70.661366 -72.424340 -73.137961 -75.947921 -77.165718 -78.332399 -72.166922 -73.655236 -77.897159 -75.266848 -74.527469 -71.851099 -73.441536 -75.767799 -77.460831 -74.360614 -72.130317 -75.469649 -74.409148 -76.112318 -74.290099 -76.145948 -74.489534 -72.733606 
-33.301928 -32.158388 -33.689893 -38.520526 -43.205205 -45.610678 -45.195069 -46.176370 -47.301524 -49.350473 -50.804864 -51.017412 -52.523040 -54.863241 -56.259716 -55.791464 -55.707785 -57.725677 -57.821799 -59.816326 -59.473792 -62.907000 -61.276974 -60.466290 -61.255656 -62.246275 -62.050279 -62.548882 -65.313941 -71.006370 -68.806370 -65.683434 -66.965510 -69.339196 -65.549824 -66.232337 -65.594143 -71.536071 -70.851123 -69.144747 
-21.262239 -21.213932 -26.667810 -36.725225 -43.995110 -45.457031 -42.571908 -46.604403 -46.390365 -50.187063 -51.085724 -49.090207 -53.912027 -54.006655 -56.539390 -55.280268 -57.381323 -57.811587 -55.548667 -58.079161 -58.680050 -62.547843 -61.460275 -59.058473 -60.767900 -60.777707 -59.754695 -60.569231 -63.501719 -64.845885 -63.698047 -62.281343 -65.609831 -68.190598 -63.796413 -64.747472 -63.466241 -65.847713 -66.214274 -66.395918 
-24.485122 -29.495156 -32.435479 -43.660526 -42.465754 -42.130972 -44.981969 -51.435361 -53.788047 -53.903796 -55.074787 -61.188609 -62.294205 -57.935393 -61.342188 -62.315679 -63.417406 -67.768806 -59.853733 -57.220579 -59.271021 -62.736720 -64.049109 -61.161689 -65.817234 -60.395017 -62.334714 -67.103601 -63.663970 -63.450988 -63.594704 -63.720613 -65.917105 -66.174950 -63.454296 -63.049996 -65.082541 -64.642669 -66.854312 -69.072184 
-20.882098 -23.109938 -33.293800 -44.333023 -49.187846 -47.773605 -51.758327 -54.573055 -57.081298 -56.249482 -59.927768 -58.478485 -59.219404 -55.757832 -59.858655 -63.105246 -60.136971 -60.670654 -60.034823 -60.539978 -59.635630 -62.207668 -61.092882 -60.667405 -63.032815 -68.476561 -62.070099 -60.866477 -60.403075 -64.152805 -65.512018 -64.523378 -65.286994 -65.626503 -65.224413 -64.134282 -64.149531 -63.962956 -65.581905 -71.613905 
-23.043374 -29.663457 -37.577497 -41.050129 -45.398293 -46.774365 -51.237237 -51.129514 -57.594101 -53.479940 -60.420821 -65.771810 -71.395931 -63.221441 -67.556882 -69.552194 -70.294920 -71.763456 -57.982005 -60.806374 -63.578216 -62.795830 -61.227030 -63.774598 -68.477850 -64.068402 -61.860224 -58.744518 -59.521780 -61.517807 -67.175262 -64.890216 -63.331244 -61.570716 -70.578133 -72.786202 -70.782338 -73.354163 -75.154684 -78.673702 
-26.167170 -29.084550 -31.326012 -33.547542 -33.867037 -34.214095 -35.559387 -37.447657 -39.030442 -43.746647 -42.910208 -41.732554 -51.464600 -41.432578 -38.227820 -41.698458 -49.965504 -44.946887 -39.264448 -43.026476 -47.045734 -43.008316 -39.928500 -37.758197 -42.201565 -45.409758 -42.162418 -36.916698 -35.768765 -38.715858 -37.829971 -43.645884 -45.695744 -48.201920 -47.184359 -45.439087 -45.269301 -44.474605 -46.202085 -47.366792 
-1.693490 -0.178543 -4.109411 -7.755930 -10.014627 -12.450883 -12.015786 -12.188313 -4.595030 -6.452497 -13.166799 -22.785333 -21.984857 -10.734724 -4.909236 -6.718845 -11.045157 -17.657133 -12.258670 -2.328264 -5.200866 -9.093738 -11.365680 -5.969713 -7.499107 -8.250376 -1.680894 -3.283706 -5.412782 -4.674597 -9.764993 -13.973654 -15.076195 -15.262199 -15.046893 -14.632848 -14.607515 -16.694282 -23.795697 -24.765556 
10.030341 9.796676 0.313354 -9.277852 -8.886672 -3.422654 -4.473889 -1.784998 -0.755640 -6.629634 -13.893140 -12.853551 -17.757404 -7.209616 -4.075801 -10.611230 -14.284779 -19.362916 -1.790683 5.482947 -9.508823 -11.232259 -8.366808 -4.497723 -10.480714 -14.392729 -4.344724 -2.683633 -3.155716 -4.279907 -3.063462 -10.452201 -10.535133 -8.937343 -4.364308 -0.805819 -7.711872 -13.604153 -23.191780 -22.095539 
9.573001 5.143823 -8.681569 -16.961753 -13.396512 -11.856860 -8.454495 -2.540856 -5.178653 -4.217169 -4.837076 -4.398734 -16.615333 -19.175066 -21.391066 -22.871038 -20.612928 -11.066195 1.624702 0.552201 -16.749701 -17.627555 -8.158204 -6.269356 -19.762395 -28.431876 -19.422280 -6.557080 -10.078048 -16.187214 -14.243908 -11.579328 -8.754805 -16.087976 -13.983877 -7.328236 -11.920451 -24.583044 -24.956887 -28.097205 
3.381794 -3.992612 -19.947015 -9.027634 -8.544851 -14.745914 -6.419499 -4.878572 -2.461574 -9.604055 -7.073224 -11.916354 -7.394189 -12.006175 -15.112481 -17.380607 -12.579056 -2.354949 -0.287773 -7.037666 -15.446267 -19.481920 -14.338912 -19.456702 -22.914008 -20.898969 -15.210849 -16.828898 -20.273510 -17.253350 -20.404587 -22.323205 -19.902559 -20.767296 -20.540245 -18.766262 -17.195422 -17.266483 -19.803633 -23.983355 
-2.942658 -0.685477 -2.671470 -4.931451 -3.621827 -4.856019 -5.427583 -2.099632 -0.311663 -4.043078 -3.244008 -2.016460 0.035485 -7.294061 -8.070021 -8.073858 -6.384953 -3.002049 -6.269801 -10.601217 -17.428574 -14.879015 -16.022500 -19.184774 -20.693564 -18.756078 -18.008688 -18.835327 -21.244342 -23.916735 -29.729184 -28.353661 -23.161309 -26.644770 -24.725411 -15.982836 -15.190741 -10.346733 -21.326777 -21.377827 
-3.053952 11.159259 18.681570 16.575771 7.793418 8.572430 9.421037 7.344296 9.005318 5.480020 3.339677 3.348765 1.035873 1.690508 2.773851 2.735733 -2.133045 -3.323906 -11.259085 -12.190834 -15.652111 -11.756222 -16.668861 -17.353118 -17.876104 -18.329516 -16.461991 -25.711988 -27.749418 -26.581899 -34.885202 -28.862345 -28.313664 -32.999769 -31.130249 -17.011707 -13.262654 -7.692855 -23.733245 -23.059044 
3.532297 15.964613 25.270289 22.012528 12.339555 19.320532 17.744165 19.297060 20.746780 6.252591 11.358518 8.977767 7.072873 5.769441 9.300902 11.442115 -0.071167 -2.371649 -5.633499 -10.348052 -5.772582 -1.833585 -3.875949 -15.246726 -18.162837 -12.110797 -12.531930 -22.606254 -27.522401 -30.475069 -40.725551 -35.173878 -32.875916 -38.133339 -36.652579 -18.472704 -12.777017 -9.291033 -28.518196 -27.791009 
-3.894080 12.308504 23.133190 18.955123 14.404250 22.088225 14.758712 24.680449 21.407966 13.367813 7.861765 6.036920 6.553809 11.572780 14.674884 10.190000 -9.107514 -8.626190 -9.411694 -8.723744 -8.390747 -1.469038 0.852632 -11.427554 -14.412817 -6.882672 -5.280499 -15.765388 -21.017225 -28.987214 -33.949119 -31.867433 -31.267697 -34.672971 -34.731232 -23.245396 -18.511001 -15.045296 -31.278644 -30.356371 
-9.722499 6.417784 19.357980 16.183656 9.748764 21.411608 15.636242 24.898128 21.588192 7.107066 9.268859 4.824471 4.855047 14.602453 14.994555 9.545067 -5.840159 -10.151598 -14.557897 -15.109954 -18.361995 -12.371423 -6.734313 -9.438143 -19.981897 -14.845212 -10.001196 -15.655822 -19.318264 -35.333496 -42.884999 -32.314262 -33.202347 -40.324496 -41.048223 -29.109417 -25.021841 -20.557478 -38.551765 -36.912529 
-8.304507 4.086328 18.187322 15.458654 8.514037 22.072238 16.723602 21.654453 21.319973 5.465389 7.918821 2.856143 7.298889 14.731000 6.098367 -1.030665 -11.063289 -15.007681 -17.753002 -24.444694 -23.318293 -19.890811 -14.485537 -15.429499 -26.043535 -23.484637 -17.171868 -18.271435 -22.952313 -35.521459 -37.964194 -32.267123 -30.427107 -35.767346 -39.653876 -34.849678 -26.885919 -19.222325 -36.510040 -40.678732 
-17.453162 4.260292 18.512420 16.610806 8.579450 22.495199 16.688633 15.441732 17.878922 2.936228 8.741646 5.344481 9.967020 14.039949 6.288606 -4.898236 -15.783972 -20.094049 -23.018682 -31.342777 -30.808372 -24.677585 -19.412195 -14.282112 -24.621802 -25.853492 -18.610465 -17.052809 -26.710530 -36.022965 -35.119067 -33.325861 -33.595898 -36.204448 -40.228997 -35.855968 -22.768321 -16.142811 -33.455675 -39.214841 
-12.681225 2.771510 18.385536 17.249002 6.399092 22.254930 18.450153 8.988511 15.788267 3.337495 9.478975 5.086889 10.294454 11.819680 6.703596 -6.205609 -16.773658 -17.718839 -20.088336 -28.304764 -29.973266 -25.560740 -20.288630 -10.764736 -21.757551 -21.396898 -17.645844 -17.362469 -25.833020 -34.469364 -33.377544 -33.973098 -33.456441 -36.037852 -39.398492 -37.638400 -24.376416 -18.141776 -35.246407 -39.563146 
-13.385548 2.627877 18.562156 18.197244 5.848376 22.472227 19.991997 7.005308 15.278318 1.687041 8.438343 3.646276 10.456232 3.420872 5.504810 -6.644658 -15.679001 -18.039211 -21.933798 -25.997198 -28.375378 -26.465245 -26.134854 -10.266745 -20.863702 -20.864187 -17.422605 -15.388781 -20.600453 -28.555172 -28.318613 -30.245829 -31.498582 -37.616887 -46.015403 -38.138283 -23.963918 -19.995656 -36.937044 -44.382488 
-19.134676 2.981155 19.083933 19.107165 5.790482 22.518738 20.470445 7.482010 14.912879 0.231024 6.939988 1.880387 8.809683 5.652158 7.633306 -6.204972 -12.171624 -16.483515 -20.363320 -22.478728 -23.641952 -23.091275 -21.632910 -11.382495 -19.531103 -18.111737 -12.771065 -13.204742 -19.560735 -22.802100 -23.978826 -26.984692 -28.199066 -30.189583 -33.139893 -32.635139 -20.386799 -17.268709 -29.128883 -34.065293 
-9.947192 2.602272 19.627400 19.595094 6.544750 22.108798 19.880054 6.376838 12.993524 -0.797399 4.664811 -1.301212 3.775993 6.237916 9.053613 -8.883558 -16.521760 -17.994130 -23.681700 -29.619217 -28.266266 -28.116462 -29.238818 -16.701944 -20.741239 -19.173068 -14.462684 -15.121048 -22.650312 -22.613709 -21.006925 -25.072247 -27.312016 -32.399226 -30.954671 -28.102067 -22.346025 -21.192715 -27.294127 -34.319646 
-20.226961 5.186857 20.328063 19.841130 7.138565 19.399768 15.433220 3.726175 9.482794 -2.517685 -0.745603 -1.518401 3.784458 5.590431 6.854816 -2.669658 -16.003349 -16.968833 -16.544384 -23.702396 -26.734868 -28.182402 -27.722901 -19.684978 -18.057530 -22.234630 -14.980531 -14.289801 -21.290488 -19.874777 -23.123091 -27.399964 -27.437679 -25.474316 -26.061886 -24.406341 -20.080185 -20.584258 -22.659906 -25.672417 
-16.703366 6.647045 20.271540 18.597922 5.594996 13.598957 6.764504 1.510478 1.484176 -4.796413 -5.215327 -2.498985 -0.668350 0.072317 -2.249173 -0.584189 -7.841486 -20.656769 -23.663265 -21.157350 -23.985231 -27.684072 -29.755874 -21.127995 -18.170729 -24.715907 -21.638694 -14.800476 -15.418789 -15.161967 -14.978418 -18.948216 -19.698625 -19.914332 -17.219239 -18.688560 -17.065043 -15.267669 -17.399105 -20.574560 
-16.195853 7.917525 18.198068 13.415534 5.106143 5.026206 -4.405063 -2.242340 -7.533882 -5.044746 -7.969013 -13.639615 -9.121697 -6.377163 -8.804638 -11.429632 -15.869060 -17.307036 -25.751175 -27.010876 -32.642669 -30.909473 -30.998093 -26.027537 -24.293485 -25.013679 -15.069163 -7.579276 -6.856222 -8.834494 -10.132715 -12.549053 -17.427280 -12.393514 -8.937203 -9.809976 -11.145672 -8.263790 -8.599031 -12.762137 
-11.086970 6.454512 12.610908 4.872687 -1.680594 -7.215657 -8.593842 -12.411445 -11.258712 -15.112969 -12.432640 -13.577496 -12.963398 -13.377548 -15.372318 -13.493902 -16.211777 -15.943856 -28.553016 -30.787102 -31.797638 -36.186730 -42.100995 -36.777131 -33.044899 -40.153512 -14.135734 -6.589589 -2.870643 -6.328060 -5.829645 -7.820443 -10.585208 -8.819325 -7.024799 -5.243045 -3.871304 -7.187901 -7.232825 -9.433243 
-17.562797 -2.623936 2.774133 -4.293861 -10.635813 -14.047753 -15.991642 -18.436628 -15.259529 -21.300574 -17.580827 -15.774323 -13.442997 -21.026553 -20.172896 -18.022755 -15.507575 -15.798890 -28.646990 -22.519669 -18.116606 -24.223825 -48.278378 -48.798733 -48.608608 -42.838240 -14.497883 -7.927856 -0.437882 0.215511 1.122433 -1.990574 -4.161108 -3.461574 -6.414858 -4.053826 -1.507642 -0.314226 -1.082931 -5.381401 
-27.994335 -21.950787 -15.169093 -15.894797 -18.942399 -13.950694 -17.410803 -18.773640 -14.526814 -21.297728 -21.981120 -21.887097 -18.914746 -19.046342 -19.189854 -19.735173 -17.733736 -16.577682 -30.173419 -21.496378 -17.707559 -24.455481 -41.892849 -39.238542 -38.182212 -36.347962 -14.695912 -2.663140 -1.282735 -1.514881 1.777275 0.664644 -2.671814 -1.528444 -1.577722 -1.648481 1.302683 1.808806 2.475408 -4.316663 
-18.113465 -21.278013 -17.048279 -20.802638 -27.240441 -21.132806 -18.823774 -19.096704 -19.934097 -25.460330 -24.000022 -21.407965 -20.405160 -24.096709 -26.611855 -25.711427 -23.599980 -22.093600 -25.136012 -21.210647 -22.770235 -25.334269 -32.742654 -25.586385 -27.046518 -25.841532 -12.487109 -3.396062 -2.596826 -1.603722 -1.339047 2.154251 1.420323 -0.933237 0.331747 -1.466214 3.772813 4.096123 1.445033 -3.619095 
-21.650437 -26.374662 -18.912433 -22.279451 -28.261932 -20.419556 -19.760651 -25.283663 -30.741949 -25.859460 -25.668093 -31.329579 -25.920890 -26.295275 -32.947063 -29.062395 -29.948998 -26.321581 -21.866365 -22.364272 -26.127194 -30.409872 -28.915916 -20.776430 -19.912520 -22.106800 -13.113659 -9.216732 -6.593512 -1.648044 -1.748691 1.227730 3.725480 0.521925 0.863362 -2.276206 0.427734 5.498684 4.221614 -1.457849 
-17.585326 -24.326325 -20.643859 -25.238145 -32.353281 -28.203086 -29.747901 -32.156470 -35.434762 -37.863469 -39.675077 -32.729924 -27.421881 -29.554196 -33.039529 -35.150487 -32.772272 -30.639061 -26.933434 -33.350511 -32.614570 -31.641607 -29.632447 -22.391247 -25.675759 -22.016771 -20.369577 -18.523883 -10.271120 -5.436036 -6.785364 -3.195404 3.122189 -1.338266 -4.775224 -2.001155 -2.175224 6.100001 4.723243 -0.211548 
-25.439103 -27.242684 -24.076716 -30.388773 -36.254781 -33.224376 -36.690075 -42.816123 -40.641865 -40.171820 -40.813956 -40.630952 -36.091708 -42.531596 -41.485651 -38.778008 -35.707286 -33.352939 -32.828080 -35.621045 -33.647537 -34.932948 -31.531411 -27.065073 -23.664459 -23.886585 -24.288406 -20.286046 -11.482011 -12.623515 -8.785173 -1.280025 1.938748 -0.858679 -6.947260 -3.725796 -1.204699 5.324221 3.603484 -0.507071 
-18.685313 -32.638904 -37.459576 -45.937366 -44.742029 -44.588644 -46.238888 -43.117558 -41.567009 -38.830353 -39.051731 -41.098465 -43.011858 -43.463204 -43.357036 -43.569403 -42.881826 -39.524649 -34.122933 -41.246478 -43.373903 -37.641898 -36.015256 -32.696132 -30.940734 -29.421131 -27.007539 -24.972432 -19.493125 -20.979506 -14.984795 -9.486317 -4.333130 -5.045687 -7.127552 -5.699426 -3.262750 0.258642 -0.681096 -5.967613 
-24.686257 -28.035384 -39.215485 -43.997894 -43.149359 -47.643375 -48.816201 -45.057566 -45.369100 -44.288034 -46.060854 -41.245250 -44.876901 -48.078360 -46.252127 -39.623601 -42.859072 -45.420347 -40.277715 -38.663368 -42.245361 -38.981742 -32.426324 -33.011352 -30.797035 -29.999577 -32.426323 -30.490270 -24.603857 -23.465300 -22.004074 -13.998740 -13.260451 -12.037020 -11.525745 -9.287322 -9.464450 -11.109060 -8.003403 -11.659646 
-23.878641 -30.667524 -31.154414 -33.636252 -38.915814 -40.673338 -37.336899 -36.431452 -33.485616 -40.164956 -45.417690 -37.649208 -37.925995 -43.162216 -41.742912 -42.102188 -42.223510 -42.909404 -40.303266 -39.703762 -39.051355 -37.557707 -34.374985 -32.521945 -33.329452 -29.489363 -30.986912 -30.508686 -27.848544 -26.389233 -23.870196 -19.189599 -15.395563 -15.285077 -17.505912 -16.273923 -16.094234 -13.497785 -13.421103 -16.332750 
-25.216655 -39.088720 -37.627243 -38.630331 -38.498016 -37.723849 -34.710084 -33.535118 -39.091786 -37.889092 -40.195091 -39.420539 -38.408429 -39.588798 -41.816884 -45.023483 -49.900087 -40.072515 -34.957166 -38.560413 -38.634856 -34.284534 -35.924856 -33.266421 -34.105776 -27.777535 -24.110540 -29.440766 -25.330328 -23.494323 -20.764838 -17.966943 -13.811476 -13.607280 -19.215060 -15.670487 -16.636519 -14.743156 -11.600387 -16.360761 
-22.721192 -15.225133 -13.647115 -13.384379 -11.515254 -10.774702 -10.785167 -11.148238 -12.204572 -13.265079 -13.475412 -14.684743 -14.809651 -16.552604 -19.556606 -22.982796 -22.109039 -21.173434 -17.787001 -17.040136 -18.373130 -18.533482 -18.805887 -16.731303 -18.881433 -21.797055 -19.680551 -19.938758 -17.673914 -20.581267 -12.222388 -11.496053 -11.200928 -10.751237 -20.063555 -12.546903 -10.620976 -7.719494 -9.452591 -12.925914 
-13.129330 -12.332309 -18.744121 -19.698507 -16.153981 -15.059407 -14.432910 -14.777849 -16.811837 -18.142270 -18.040233 -16.725527 -17.735350 -19.559117 -19.346671 -25.119904 -24.289351 -25.639582 -20.587585 -17.298099 -22.242560 -21.550312 -19.617088 -13.130441 -18.634083 -24.644544 -15.401117 -16.586577 -6.473976 -11.499141 -9.195908 -6.193026 -5.095811 -5.817093 -21.431940 -8.898483 -5.337235 -3.688534 -6.727286 -12.002386 
-19.044979 -13.035668 -15.096232 -22.288280 -28.348165 -22.898244 -13.993926 -16.538208 -21.605936 -17.419351 -18.917223 -18.162474 -20.947454 -23.071668 -22.895529 -27.358482 -27.339831 -26.118066 -18.113942 -18.440420 -23.159473 -21.702845 -15.212264 -11.580645 -17.778906 -21.260389 -16.638680 -13.935254 -4.315996 -8.981534 -10.268435 -7.254669 -5.591485 -8.994878 -27.115860 -10.134037 -6.852120 -8.873865 -7.311326 -11.273461 
-9.157756 2.148588 7.465842 7.542715 1.473481 0.318639 1.612761 -5.576498 -8.455930 -11.026694 -18.653531 -18.872178 -19.851132 -22.957902 -27.563646 -27.562254 -25.661352 -24.450211 -15.914587 -21.293354 -22.695277 -23.282330 -16.349337 -15.632973 -24.122653 -24.496820 -24.253148 -13.546395 -9.511450 -17.204948 -17.578720 -9.116135 -10.040200 -15.402170 -30.582463 -17.389659 -11.056900 -14.810068 -14.961554 -18.730235 
-6.770465 11.040686 17.075037 13.365085 14.366882 13.540709 14.936902 11.047773 2.466738 -2.788020 -9.248003 -8.257837 -9.909061 -10.146552 -12.977617 -13.239201 -12.155945 -6.225351 -4.323559 -9.664446 -14.627813 -14.466761 -12.384784 -17.938167 -26.796519 -27.389837 -25.589433 -16.919742 -9.351876 -14.725827 -23.670027 -18.506611 -17.124731 -29.847983 -42.531497 -38.448183 -17.419594 -33.382889 -38.253546 -41.983370 
-3.649056 12.859581 16.261325 9.560659 16.619652 10.917156 17.301053 17.684493 10.460453 0.569480 -3.103740 -8.129826 -6.750404 -7.862070 -8.508579 -8.852672 -7.076321 -1.437053 3.739126 -4.491268 -9.066318 -9.915023 -7.707283 -17.828550 -22.872598 -25.522313 -19.216576 -13.328360 -10.495584 -19.764433 -30.213935 -27.602112 -24.218412 -37.309102 -42.036020 -40.782065 -21.876431 -34.710489 -42.981448 -37.259091 
-4.427729 12.595188 14.787824 9.998744 14.700242 9.653009 15.683123 14.677625 12.186755 2.383540 -4.035149 -9.134188 -5.107429 -8.978068 -8.818549 -8.935332 -7.879200 0.411073 5.883321 -0.858636 -6.940652 -7.719706 -12.493304 -22.804676 -25.269151 -26.073448 -17.997452 -11.870098 -14.790506 -21.353253 -30.662643 -34.817094 -34.899596 -38.681420 -39.065458 -38.370465 -31.642129 -37.273063 -40.295641 -35.045626 
-2.031199 12.638551 12.995637 10.847710 13.062074 9.629020 9.922195 15.340626 13.267501 0.854511 -4.541004 -3.887456 -5.423292 -7.988216 -8.072394 -11.229613 -8.343738 1.381407 6.875331 -2.347789 -3.114001 -6.134265 -13.592626 -21.676254 -22.703686 -22.258168 -15.043928 -11.675570 -17.534968 -24.553811 -34.325216 -45.674594 -43.087107 -45.137326 -50.336455 -52.446140 -48.286500 -49.367895 -50.697012 -40.751372 
-1.690335 11.934780 11.380230 11.448305 10.323811 8.068023 8.889548 18.135507 12.478226 0.125182 -5.392145 -4.281172 -4.658622 -7.567873 -10.385415 -12.609000 -5.856488 1.660888 7.110865 0.161631 -3.808115 -8.856998 -18.497403 -22.747214 -25.582827 -21.894702 -17.858326 -16.248466 -22.182249 -27.447523 -38.211755 -47.012102 -47.327751 -44.651261 -50.122003 -52.051890 -49.230414 -47.882070 -50.649567 -44.066833 
-2.847631 10.198913 9.605658 11.566449 9.017106 6.989590 9.482895 16.759817 8.343504 -0.060341 -4.537332 -4.552894 -7.422156 -8.984942 -9.831578 -9.298057 -5.272986 3.186020 6.731014 1.115519 0.902802 -10.057902 -18.269772 -23.288588 -25.902466 -23.739327 -18.532162 -20.353355 -27.101427 -30.426061 -38.076824 -45.386809 -47.030573 -43.319628 -47.448619 -49.698560 -49.514612 -49.489821 -49.548901 -44.037231 
-1.181155 9.038332 7.109242 9.661456 6.481661 5.008898 8.500571 10.298653 8.722050 -0.905232 -6.325917 -8.340747 -11.288642 -9.266546 -9.654542 -13.939707 -10.759642 0.735007 2.606348 1.460687 -3.406712 -15.289637 -24.231722 -24.051499 -27.404394 -25.388206 -24.718848 -27.171129 -33.023322 -32.690127 -37.136103 -41.169113 -41.769920 -41.012644 -42.320450 -43.233591 -43.567861 -43.899250 -43.425843 -35.843844 
-1.510048 8.586076 7.308770 8.269703 3.753006 2.498873 5.683783 7.653814 10.170944 -0.292569 -5.913211 -9.451590 -10.627638 -10.760610 -12.248619 -16.022965 -8.039806 1.434263 -0.080635 -3.602469 -5.639726 -14.938334 -27.195297 -26.557447 -31.162886 -27.888367 -22.766235 -23.759452 -30.001827 -29.824153 -34.232045 -42.746041 -50.374236 -49.959843 -50.437208 -53.371716 -53.919470 -51.027516 -48.347207 -39.725717 
-2.038475 7.167191 5.038788 6.744035 1.766099 -0.273573 2.916423 7.720547 7.370171 -4.913992 -8.371193 -12.453057 -14.124372 -15.807209 -16.874516 -13.349389 -9.538316 -6.052608 -3.428666 -9.182475 -8.747588 -19.745334 -26.954938 -32.203686 -31.842741 -32.200944 -25.195670 -26.726652 -36.268151 -34.916384 -37.991239 -44.499368 -48.455120 -46.677323 -47.559098 -49.480956 -49.802135 -49.184983 -48.196810 -41.954403 
-2.006064 7.194395 5.684811 6.054854 -0.851305 -6.114343 0.443983 2.146619 2.501971 -5.963091 -16.341710 -16.577745 -16.653871 -17.791603 -20.728201 -18.492652 -17.202372 -6.431678 -6.836008 -9.918118 -11.641872 -25.589065 -29.300015 -35.074800 -37.061004 -34.066478 -27.409541 -33.425388 -41.542902 -43.924242 -41.424254 -44.217112 -47.395709 -47.471734 -49.091869 -50.446049 -50.911647 -50.475103 -49.372864 -43.364079 
-2.456022 7.200761 4.733148 1.898638 -4.260842 -6.660499 -6.167041 -2.606609 -0.188021 -4.141667 -10.542337 -12.687307 -17.129796 -26.852140 -25.219529 -27.138418 -22.659304 -9.457205 -8.316926 -15.587371 -16.004314 -27.236777 -31.572511 -40.193048 -41.293321 -40.595247 -33.312293 -37.082439 -45.347692 -46.990993 -45.025197 -49.077586 -50.289770 -49.966577 -50.919758 -51.688334 -52.100809 -51.807785 -49.970203 -45.365759 
-6.395621 6.151046 3.394107 -1.767437 -5.024793 -7.818158 -10.065648 -8.841419 -5.529855 -11.779431 -20.704440 -16.503044 -20.435873 -26.008930 -25.602905 -30.040426 -24.886938 -17.039457 -9.025461 -14.222159 -21.245138 -35.787115 -37.886186 -38.124764 -40.423467 -40.055526 -34.230684 -44.406718 -47.015499 -47.752828 -47.254040 -49.409115 -49.529749 -49.230766 -50.885713 -51.217304 -51.501640 -51.338331 -50.159765 -42.430162 
-5.265912 5.211990 3.394408 -7.547805 -10.207709 -9.547172 -14.982119 -14.167197 -12.980843 -14.234070 -13.424933 -16.780544 -16.938752 -18.656108 -21.831743 -22.515464 -23.683981 -13.436688 -11.007701 -16.437535 -18.517217 -29.156597 -29.067128 -34.721702 -39.931322 -42.254354 -35.982129 -44.189140 -48.063034 -48.173615 -49.620203 -50.256745 -50.458016 -50.668343 -51.481969 -51.943207 -52.414633 -52.137069 -49.598223 -44.799064 
-8.273978 4.021803 1.988238 -7.721565 -13.385559 -15.637662 -16.245317 -13.758972 -16.505230 -19.387729 -18.387013 -21.490178 -19.666970 -25.437767 -24.944696 -26.379949 -25.861458 -14.707273 -6.998172 -14.550686 -22.220357 -30.341833 -32.241618 -39.413418 -46.142287 -44.486917 -44.406653 -51.224415 -55.151062 -55.151917 -54.664600 -56.888197 -57.213618 -57.483483 -58.301317 -59.389558 -59.811000 -56.155731 -48.335618 -44.655276 
-8.956532 2.972846 -0.197950 -7.981116 -13.901154 -23.919634 -20.542777 -17.129081 -18.335999 -13.666272 -13.297996 -22.651241 -19.234273 -27.249669 -29.492665 -29.196121 -23.523470 -14.534978 -8.976006 -12.055290 -17.458417 -24.993876 -30.508919 -39.341184 -44.878722 -42.648080 -37.817037 -47.852077 -58.227701 -54.542702 -55.263469 -60.324201 -60.640689 -58.922473 -60.239327 -62.128762 -63.789744 -59.355836 -50.219503 -46.480365 
-10.813202 -0.366554 -4.291182 -13.803618 -21.822866 -28.174162 -21.408353 -31.369923 -25.753163 -21.520523 -16.949092 -14.442372 -20.421206 -27.574901 -21.593854 -31.764998 -32.493641 -17.584236 -10.176835 -11.924893 -19.941620 -29.963604 -34.229656 -39.162000 -46.765189 -39.500542 -40.957970 -49.404267 -60.298186 -60.360996 -60.160614 -61.896175 -63.701508 -68.169667 -64.940554 -65.735323 -70.476507 -64.279516 -50.519327 -48.426362 
-15.762541 -8.136326 -9.458120 -19.876916 -25.037793 -27.509996 -30.983051 -30.504448 -26.516228 -21.205720 -24.470391 -20.613600 -21.501399 -25.317458 -25.121759 -29.147514 -29.231314 -21.774651 -7.976584 -14.720891 -23.756534 -30.023033 -36.394153 -43.965568 -47.628898 -40.711386 -44.511279 -51.468590 -54.482455 -57.645800 -60.132023 -61.463201 -62.091892 -65.224306 -64.675256 -65.222825 -66.642973 -63.430530 -52.910687 -52.603099 
-34.401139 -31.067955 -26.362777 -25.728901 -19.579239 -24.548380 -33.368126 -27.789545 -27.455109 -30.434734 -26.977003 -29.024849 -30.174413 -27.826016 -30.489140 -32.832974 -32.666452 -23.378453 -15.910939 -20.529267 -26.259603 -32.762184 -37.045150 -48.315710 -49.538594 -46.412120 -51.339750 -57.994703 -59.496851 -59.207994 -61.224089 -62.555536 -64.281021 -67.014112 -67.197959 -66.994093 -65.161875 -67.415972 -58.567265 -55.114425 
-23.795447 -22.295321 -22.611931 -28.528804 -27.565266 -30.599854 -39.567642 -45.296283 -32.074540 -34.081189 -34.647160 -28.920855 -27.167979 -35.022694 -33.806008 -37.944922 -37.836687 -29.203539 -23.151607 -26.387900 -28.285934 -34.043002 -43.146243 -50.138460 -53.320974 -45.242925 -56.214336 -60.433857 -63.144864 -63.265708 -64.692841 -62.108848 -66.215180 -65.855240 -73.579168 -65.871689 -63.572322 -70.674234 -63.398405 -62.926226 
-24.344481 -28.126392 -29.358557 -31.288805 -44.031613 -49.363708 -46.669712 -42.700500 -37.269623 -43.324527 -35.215881 -33.514873 -38.734145 -42.635280 -44.480912 -52.519631 -42.228827 -36.019578 -29.614974 -32.100748 -33.889380 -39.571217 -47.228613 -53.752331 -52.830099 -49.736537 -61.809241 -65.923965 -64.816348 -62.529831 -64.532842 -64.138612 -64.563804 -64.902459 -71.747285 -65.524527 -64.715630 -71.037306 -64.435567 -63.247834 
-25.922781 -25.843445 -31.764896 -41.341579 -44.915389 -51.705615 -47.198594 -46.150394 -44.653625 -42.952723 -38.970844 -38.608116 -35.105261 -44.816670 -45.116792 -49.155012 -46.150804 -37.059320 -33.923880 -38.641020 -41.162057 -45.201202 -51.463995 -53.708432 -59.240993 -56.822615 -64.331556 -61.902499 -63.434003 -68.413839 -69.500319 -68.794857 -66.915649 -67.343378 -68.401021 -64.413651 -62.274796 -67.076658 -66.776924 -66.375284 
-29.255834 -28.920936 -31.334305 -37.753494 -40.609930 -44.579477 -46.695004 -46.574263 -49.633153 -43.146680 -45.781733 -41.506520 -38.381914 -45.726977 -58.072600 -50.506799 -44.172687 -38.281418 -40.617433 -43.090928 -43.093415 -46.189416 -53.384689 -55.481994 -57.112056 -54.446833 -60.892582 -62.584388 -65.196652 -61.725214 -61.242061 -69.029043 -64.106199 -63.350988 -65.380688 -64.150845 -65.508157 -67.367915 -68.140390 -67.526629 
-32.992113 -29.474924 -30.614156 -33.988290 -40.681656 -43.641411 -45.698537 -48.817509 -44.248509 -46.539124 -49.525093 -51.096877 -52.121410 -48.926860 -53.133200 -53.070746 -50.979864 -45.817353 -41.280234 -43.454448 -47.485441 -52.118282 -57.114903 -61.516087 -57.834787 -58.418314 -62.819946 -63.321629 -66.034400 -65.320662 -66.689819 -66.083832 -65.105568 -66.277161 -66.701014 -63.018505 -64.080315 -67.633949 -69.472256 -67.018594 
-30.150684 -31.360729 -35.655793 -39.520838 -40.338830 -43.426512 -46.363403 -44.408238 -43.816565 -50.239682 -58.192255 -56.571881 -53.549387 -55.637542 -55.337173 -57.484614 -59.514847 -50.811987 -46.559898 -50.103486 -52.791320 -55.481333 -58.738515 -63.849036 -62.412783 -65.597111 -65.592488 -64.835518 -63.948699 -66.731720 -65.735315 -64.960428 -62.948139 -63.380094 -65.002308 -62.876424 -64.427025 -71.444678 -67.844575 -66.458769 
-55.713491 -58.695503 -55.741002 -63.168965 -65.149529 -60.875880 -66.509750 -63.350492 -64.589313 -63.748927 -63.700463 -63.265133 -67.931565 -69.916666 -69.864024 -68.241539 -67.534928 -64.466649 -61.920799 -64.432137 -68.752258 -64.853340 -67.501079 -77.150530 -73.655827 -68.247842 -76.016734 -74.082318 -69.409611 -71.451198 -70.378950 -72.183820 -71.717855 -69.429869 -67.958624 -69.565084 -70.127772 -73.751515 -72.676693 -72.516072 
-54.039472 -66.357116 -64.214226 -65.296926 -70.515975 -63.279388 -67.668064 -77.274715 -72.570442 -66.815424 -68.111950 -66.086418 -70.029845 -76.994905 -74.065324 -73.975158 -70.271481 -66.787313 -67.511116 -65.757024 -69.492697 -68.507409 -73.274451 -75.921211 -74.792056 -68.807968 -72.193556 -76.799266 -71.462036 -72.472935 -74.034366 -73.017593 -71.418309 -72.546376 -69.069505 -72.143170 -72.768272 -73.994390 -72.445478 -73.876992 
-57.010995 -71.202236 -69.927796 -73.776719 -75.770664 -71.472472 -77.083783 -76.866842 -73.446393 -75.572004 -79.037623 -72.451848 -68.914581 -77.822981 -75.321910 -73.499259 -73.503664 -70.942056 -71.454838 -71.272786 -73.487068 -70.748841 -73.589912 -71.326401 -77.417528 -77.706088 -77.796929 -78.049566 -76.852650 -73.239579 -72.350929 -72.954213 -74.531767 -76.233916 -71.484882 -72.577017 -73.086177 -76.379863 -74.396550 -73.365038 
-57.178442 -74.577907 -71.850263 -69.663153 -73.716271 -74.407540 -77.741518 -71.069694 -72.138175 -69.153619 -70.096201 -74.749178 -74.220244 -72.404335 -68.205750 -77.696543 -69.797865 -71.722294 -73.542919 -75.734345 -75.138746 -71.910325 -74.569372 -73.339992 -74.558332 -73.806318 -72.057759 -74.137231 -74.761839 -73.701914 -71.734959 -75.600169 -76.756168 -75.107430 -74.547094 -73.601385 -74.861071 -73.503375 -72.131984 -73.443668 
-55.836813 -74.510849 -78.010131 -72.256674 -73.020958 -72.111778 -76.061381 -70.567032 -76.245019 -73.795446 -70.880861 -72.336750 -72.124552 -70.557557 -72.679213 -76.297461 -72.795470 -73.562949 -73.377297 -77.268939 -74.603400 -74.118413 -73.057516 -72.121022 -73.847099 -77.817609 -72.145927 -73.730900 -75.539355 -73.399519 -72.334776 -73.034690 -71.952644 -73.402190 -74.051712 -76.824539 -74.878776 -74.610762 -73.407387 -74.777276 
-56.004012 -74.869903 -80.531032 -78.349381 -74.262948 -68.582739 -69.023137 -77.118064 -77.181988 -75.508933 -74.851515 -78.534810 -74.730601 -79.117722 -78.181799 -79.016482 -74.806528 -73.535387 -74.284672 -73.557919 -73.653281 -75.709412 -76.075063 -72.056649 -72.532145 -76.382923 -72.088609 -69.824902 -72.532650 -75.384361 -78.185596 -78.331947 -73.229952 -73.902123 -71.824881 -74.376287 -72.697297 -75.019278 -73.732105 -75.083401 
-54.920987 -72.775345 -77.378923 -76.024439 -76.690176 -73.670233 -68.802998 -70.960268 -71.488710 -76.296441 -78.095553 -76.616113 -79.689435 -75.578754 -75.431586 -76.094435 -74.949178 -73.971295 -70.386391 -72.500429 -72.692611 -70.897794 -75.557284 -72.482437 -72.243845 -72.624980 -72.013868 -70.570745 -72.425220 -75.506455 -73.591032 -73.521698 -76.591513 -75.574941 -72.266536 -70.944954 -73.408610 -74.501518 -72.591028 -75.014807 
-56.311512 -72.486167 -72.706981 -72.604750 -78.971295 -78.135464 -74.675909 -69.613822 -74.124710 -78.021553 -77.984938 -68.554836 -72.562905 -75.804217 -76.081757 -72.639509 -73.888252 -72.022798 -70.354106 -71.327300 -74.356885 -73.350658 -72.521018 -72.392771 -72.980677 -71.245739 -78.907956 -72.373100 -70.733204 -72.615397 -73.406164 -73.928126 -75.785146 -72.226453 -73.440069 -73.197131 -75.604879 -73.144339 -74.323115 -73.963605 
-54.851168 -70.088587 -76.450642 -70.072025 -75.000806 -74.689548 -72.237185 -74.993100 -74.200234 -79.213088 -86.242431 -73.633352 -80.047412 -78.388166 -74.357554 -70.999998 -74.814720 -75.762067 -78.132886 -76.251589 -76.287584 -71.140119 -74.094398 -77.121447 -73.350926 -77.149263 -71.761715 -74.742985 -70.690273 -76.788311 -77.669214 -72.239745 -74.201292 -74.324655 -76.000753 -76.243572 -74.817150 -73.723493 -75.618185 -74.309847 
-61.582400 -66.218957 -70.385305 -73.224267 -79.662277 -84.670727 -77.390266 -76.803577 -80.514523 -86.076337 -81.646112 -79.103299 -84.744076 -83.511665 -76.429575 -78.463946 -86.112437 -80.968333 -87.954757 -84.688203 -77.948974 -75.160701 -82.203831 -81.181711 -82.112047 -83.341264 -76.912741 -80.097536 -75.688167 -81.131493 -83.507756 -76.805294 -79.385798 -77.117303 -80.084983 -79.468014 -80.332226 -78.061514 -78.306571 -81.009722 
NaN NaN NaN NaN NaN NaN NaN NaN NaN NaN NaN NaN NaN NaN NaN NaN NaN NaN NaN NaN NaN NaN NaN NaN NaN NaN NaN NaN NaN NaN NaN NaN NaN NaN NaN NaN NaN NaN NaN NaN 
NaN NaN NaN NaN NaN NaN NaN NaN NaN NaN NaN NaN NaN NaN NaN NaN NaN NaN NaN NaN NaN NaN NaN NaN NaN NaN NaN NaN NaN NaN NaN NaN NaN NaN NaN NaN NaN NaN NaN NaN 
NaN NaN NaN NaN NaN NaN NaN NaN NaN NaN NaN NaN NaN NaN NaN NaN NaN NaN NaN NaN NaN NaN NaN NaN NaN NaN NaN NaN NaN NaN NaN NaN NaN NaN NaN NaN NaN NaN NaN NaN 
NaN NaN NaN NaN NaN NaN NaN NaN NaN NaN NaN NaN NaN NaN NaN NaN NaN NaN NaN NaN NaN NaN NaN NaN NaN NaN NaN NaN NaN NaN NaN NaN NaN NaN NaN NaN NaN NaN NaN NaN 
NaN NaN NaN NaN NaN NaN NaN NaN NaN NaN NaN NaN NaN NaN NaN NaN NaN NaN NaN NaN NaN NaN NaN NaN NaN NaN NaN NaN NaN NaN NaN NaN NaN NaN NaN NaN NaN NaN NaN NaN 
NaN NaN NaN NaN NaN NaN NaN NaN NaN NaN NaN NaN NaN NaN NaN NaN NaN NaN NaN NaN NaN NaN NaN NaN NaN NaN NaN NaN NaN NaN NaN NaN NaN NaN NaN NaN NaN NaN NaN NaN 
NaN NaN NaN NaN NaN NaN NaN NaN NaN NaN NaN NaN NaN NaN NaN NaN NaN NaN NaN NaN NaN NaN NaN NaN NaN NaN NaN NaN NaN NaN NaN NaN NaN NaN NaN NaN NaN NaN NaN NaN 
NaN NaN NaN NaN NaN NaN NaN NaN NaN NaN NaN NaN NaN NaN NaN NaN NaN NaN NaN NaN NaN NaN NaN NaN NaN NaN NaN NaN NaN NaN NaN NaN NaN NaN NaN NaN NaN NaN NaN NaN 
NaN NaN NaN NaN NaN NaN NaN NaN NaN NaN NaN NaN NaN NaN NaN NaN NaN NaN NaN NaN NaN NaN NaN NaN NaN NaN NaN NaN NaN NaN NaN NaN NaN NaN NaN NaN NaN NaN NaN NaN 
NaN NaN NaN NaN NaN NaN NaN NaN NaN NaN NaN NaN NaN NaN NaN NaN NaN NaN NaN NaN NaN NaN NaN NaN NaN NaN NaN NaN NaN NaN NaN NaN NaN NaN NaN NaN NaN NaN NaN NaN 
NaN NaN NaN NaN NaN NaN NaN NaN NaN NaN NaN NaN NaN NaN NaN NaN NaN NaN NaN NaN NaN NaN NaN NaN NaN NaN NaN NaN NaN NaN NaN NaN NaN NaN NaN NaN NaN NaN NaN NaN 
NaN NaN NaN NaN NaN NaN NaN NaN NaN NaN NaN NaN NaN NaN NaN NaN NaN NaN NaN NaN NaN NaN NaN NaN NaN NaN NaN NaN NaN NaN NaN NaN NaN NaN NaN NaN NaN NaN NaN NaN 
NaN NaN NaN NaN NaN NaN NaN NaN NaN NaN NaN NaN NaN NaN NaN NaN NaN NaN NaN NaN NaN NaN NaN NaN NaN NaN NaN NaN NaN NaN NaN NaN NaN NaN NaN NaN NaN NaN NaN NaN 
NaN NaN NaN NaN NaN NaN NaN NaN NaN NaN NaN NaN NaN NaN NaN NaN NaN NaN NaN NaN NaN NaN NaN NaN NaN NaN NaN NaN NaN NaN NaN NaN NaN NaN NaN NaN NaN NaN NaN NaN 
NaN NaN NaN NaN NaN NaN NaN NaN NaN NaN NaN NaN NaN NaN NaN NaN NaN NaN NaN NaN NaN NaN NaN NaN NaN NaN NaN NaN NaN NaN NaN NaN NaN NaN NaN NaN NaN NaN NaN NaN 
NaN NaN NaN NaN NaN NaN NaN NaN NaN NaN NaN NaN NaN NaN NaN NaN NaN NaN NaN NaN NaN NaN NaN NaN NaN NaN NaN NaN NaN NaN NaN NaN NaN NaN NaN NaN NaN NaN NaN NaN 
NaN NaN NaN NaN NaN NaN NaN NaN NaN NaN NaN NaN NaN NaN NaN NaN NaN NaN NaN NaN NaN NaN NaN NaN NaN NaN NaN NaN NaN NaN NaN NaN NaN NaN NaN NaN NaN NaN NaN NaN 
NaN NaN NaN NaN NaN NaN NaN NaN NaN NaN NaN NaN NaN NaN NaN NaN NaN NaN NaN NaN NaN NaN NaN NaN NaN NaN NaN NaN NaN NaN NaN NaN NaN NaN NaN NaN NaN NaN NaN NaN 
NaN NaN NaN NaN NaN NaN NaN NaN NaN NaN NaN NaN NaN NaN NaN NaN NaN NaN NaN NaN NaN NaN NaN NaN NaN NaN NaN NaN NaN NaN NaN NaN NaN NaN NaN NaN NaN NaN NaN NaN 
NaN NaN NaN NaN NaN NaN NaN NaN NaN NaN NaN NaN NaN NaN NaN NaN NaN NaN NaN NaN NaN NaN NaN NaN NaN NaN NaN NaN NaN NaN NaN NaN NaN NaN NaN NaN NaN NaN NaN NaN 
NaN NaN NaN NaN NaN NaN NaN NaN NaN NaN NaN NaN NaN NaN NaN NaN NaN NaN NaN NaN NaN NaN NaN NaN NaN NaN NaN NaN NaN NaN NaN NaN NaN NaN NaN NaN NaN NaN NaN NaN 
NaN NaN NaN NaN NaN NaN NaN NaN NaN NaN NaN NaN NaN NaN NaN NaN NaN NaN NaN NaN NaN NaN NaN NaN NaN NaN NaN NaN NaN NaN NaN NaN NaN NaN NaN NaN NaN NaN NaN NaN 
NaN NaN NaN NaN NaN NaN NaN NaN NaN NaN NaN NaN NaN NaN NaN NaN NaN NaN NaN NaN NaN NaN NaN NaN NaN NaN NaN NaN NaN NaN NaN NaN NaN NaN NaN NaN NaN NaN NaN NaN 
NaN NaN NaN NaN NaN NaN NaN NaN NaN NaN NaN NaN NaN NaN NaN NaN NaN NaN NaN NaN NaN NaN NaN NaN NaN NaN NaN NaN NaN NaN NaN NaN NaN NaN NaN NaN NaN NaN NaN NaN 
NaN NaN NaN NaN NaN NaN NaN NaN NaN NaN NaN NaN NaN NaN NaN NaN NaN NaN NaN NaN NaN NaN NaN NaN NaN NaN NaN NaN NaN NaN NaN NaN NaN NaN NaN NaN NaN NaN NaN NaN 
NaN NaN NaN NaN NaN NaN NaN NaN NaN NaN NaN NaN NaN NaN NaN NaN NaN NaN NaN NaN NaN NaN NaN NaN NaN NaN NaN NaN NaN NaN NaN NaN NaN NaN NaN NaN NaN NaN NaN NaN 
NaN NaN NaN NaN NaN NaN NaN NaN NaN NaN NaN NaN NaN NaN NaN NaN NaN NaN NaN NaN NaN NaN NaN NaN NaN NaN NaN NaN NaN NaN NaN NaN NaN NaN NaN NaN NaN NaN NaN NaN 
NaN NaN NaN NaN NaN NaN NaN NaN NaN NaN NaN NaN NaN NaN NaN NaN NaN NaN NaN NaN NaN NaN NaN NaN NaN NaN NaN NaN NaN NaN NaN NaN NaN NaN NaN NaN NaN NaN NaN NaN 
NaN NaN NaN NaN NaN NaN NaN NaN NaN NaN NaN NaN NaN NaN NaN NaN NaN NaN NaN NaN NaN NaN NaN NaN NaN NaN NaN NaN NaN NaN NaN NaN NaN NaN NaN NaN NaN NaN NaN NaN 
NaN NaN NaN NaN NaN NaN NaN NaN NaN NaN NaN NaN NaN NaN NaN NaN NaN NaN NaN NaN NaN NaN NaN NaN NaN NaN NaN NaN NaN NaN NaN NaN NaN NaN NaN NaN NaN NaN NaN NaN 
NaN NaN NaN NaN NaN NaN NaN NaN NaN NaN NaN NaN NaN NaN NaN NaN NaN NaN NaN NaN NaN NaN NaN NaN NaN NaN NaN NaN NaN NaN NaN NaN NaN NaN NaN NaN NaN NaN NaN NaN 
NaN NaN NaN NaN NaN NaN NaN NaN NaN NaN NaN NaN NaN NaN NaN NaN NaN NaN NaN NaN NaN NaN NaN NaN NaN NaN NaN NaN NaN NaN NaN NaN NaN NaN NaN NaN NaN NaN NaN NaN 
NaN NaN NaN NaN NaN NaN NaN NaN NaN NaN NaN NaN NaN NaN NaN NaN NaN NaN NaN NaN NaN NaN NaN NaN NaN NaN NaN NaN NaN NaN NaN NaN NaN NaN NaN NaN NaN NaN NaN NaN 
NaN NaN NaN NaN NaN NaN NaN NaN NaN NaN NaN NaN NaN NaN NaN NaN NaN NaN NaN NaN NaN NaN NaN NaN NaN NaN NaN NaN NaN NaN NaN NaN NaN NaN NaN NaN NaN NaN NaN NaN 
NaN NaN NaN NaN NaN NaN NaN NaN NaN NaN NaN NaN NaN NaN NaN NaN NaN NaN NaN NaN NaN NaN NaN NaN NaN NaN NaN NaN NaN NaN NaN NaN NaN NaN NaN NaN NaN NaN NaN NaN 
NaN NaN NaN NaN NaN NaN NaN NaN NaN NaN NaN NaN NaN NaN NaN NaN NaN NaN NaN NaN NaN NaN NaN NaN NaN NaN NaN NaN NaN NaN NaN NaN NaN NaN NaN NaN NaN NaN NaN NaN 
NaN NaN NaN NaN NaN NaN NaN NaN NaN NaN NaN NaN NaN NaN NaN NaN NaN NaN NaN NaN NaN NaN NaN NaN NaN NaN NaN NaN NaN NaN NaN NaN NaN NaN NaN NaN NaN NaN NaN NaN 
NaN NaN NaN NaN NaN NaN NaN NaN NaN NaN NaN NaN NaN NaN NaN NaN NaN NaN NaN NaN NaN NaN NaN NaN NaN NaN NaN NaN NaN NaN NaN NaN NaN NaN NaN NaN NaN NaN NaN NaN 
NaN NaN NaN NaN NaN NaN NaN NaN NaN NaN NaN NaN NaN NaN NaN NaN NaN NaN NaN NaN NaN NaN NaN NaN NaN NaN NaN NaN NaN NaN NaN NaN NaN NaN NaN NaN NaN NaN NaN NaN 
NaN NaN NaN NaN NaN NaN NaN NaN NaN NaN NaN NaN NaN NaN NaN NaN NaN NaN NaN NaN NaN NaN NaN NaN NaN NaN NaN NaN NaN NaN NaN NaN NaN NaN NaN NaN NaN NaN NaN NaN 
NaN NaN NaN NaN NaN NaN NaN NaN NaN NaN NaN NaN NaN NaN NaN NaN NaN NaN NaN NaN NaN NaN NaN NaN NaN NaN NaN NaN NaN NaN NaN NaN NaN NaN NaN NaN NaN NaN NaN NaN 
NaN NaN NaN NaN NaN NaN NaN NaN NaN NaN NaN NaN NaN NaN NaN NaN NaN NaN NaN NaN NaN NaN NaN NaN NaN NaN NaN NaN NaN NaN NaN NaN NaN NaN NaN NaN NaN NaN NaN NaN 
NaN NaN NaN NaN NaN NaN NaN NaN NaN NaN NaN NaN NaN NaN NaN NaN NaN NaN NaN NaN NaN NaN NaN NaN NaN NaN NaN NaN NaN NaN NaN NaN NaN NaN NaN NaN NaN NaN NaN NaN 
NaN NaN NaN NaN NaN NaN NaN NaN NaN NaN NaN NaN NaN NaN NaN NaN NaN NaN NaN NaN NaN NaN NaN NaN NaN NaN NaN NaN NaN NaN NaN NaN NaN NaN NaN NaN NaN NaN NaN NaN 
NaN NaN NaN NaN NaN NaN NaN NaN NaN NaN NaN NaN NaN NaN NaN NaN NaN NaN NaN NaN NaN NaN NaN NaN NaN NaN NaN NaN NaN NaN NaN NaN NaN NaN NaN NaN NaN NaN NaN NaN 
NaN NaN NaN NaN NaN NaN NaN NaN NaN NaN NaN NaN NaN NaN NaN NaN NaN NaN NaN NaN NaN NaN NaN NaN NaN NaN NaN NaN NaN NaN NaN NaN NaN NaN NaN NaN NaN NaN NaN NaN 
NaN NaN NaN NaN NaN NaN NaN NaN NaN NaN NaN NaN NaN NaN NaN NaN NaN NaN NaN NaN NaN NaN NaN NaN NaN NaN NaN NaN NaN NaN NaN NaN NaN NaN NaN NaN NaN NaN NaN NaN 
NaN NaN NaN NaN NaN NaN NaN NaN NaN NaN NaN NaN NaN NaN NaN NaN NaN NaN NaN NaN NaN NaN NaN NaN NaN NaN NaN NaN NaN NaN NaN NaN NaN NaN NaN NaN NaN NaN NaN NaN 
NaN NaN NaN NaN NaN NaN NaN NaN NaN NaN NaN NaN NaN NaN NaN NaN NaN NaN NaN NaN NaN NaN NaN NaN NaN NaN NaN NaN NaN NaN NaN NaN NaN NaN NaN NaN NaN NaN NaN NaN 
NaN NaN NaN NaN NaN NaN NaN NaN NaN NaN NaN NaN NaN NaN NaN NaN NaN NaN NaN NaN NaN NaN NaN NaN NaN NaN NaN NaN NaN NaN NaN NaN NaN NaN NaN NaN NaN NaN NaN NaN 
NaN NaN NaN NaN NaN NaN NaN NaN NaN NaN NaN NaN NaN NaN NaN NaN NaN NaN NaN NaN NaN NaN NaN NaN NaN NaN NaN NaN NaN NaN NaN NaN NaN NaN NaN NaN NaN NaN NaN NaN 
NaN NaN NaN NaN NaN NaN NaN NaN NaN NaN NaN NaN NaN NaN NaN NaN NaN NaN NaN NaN NaN NaN NaN NaN NaN NaN NaN NaN NaN NaN NaN NaN NaN NaN NaN NaN NaN NaN NaN NaN 
NaN NaN NaN NaN NaN NaN NaN NaN NaN NaN NaN NaN NaN NaN NaN NaN NaN NaN NaN NaN NaN NaN NaN NaN NaN NaN NaN NaN NaN NaN NaN NaN NaN NaN NaN NaN NaN NaN NaN NaN 
NaN NaN NaN NaN NaN NaN NaN NaN NaN NaN NaN NaN NaN NaN NaN NaN NaN NaN NaN NaN NaN NaN NaN NaN NaN NaN NaN NaN NaN NaN NaN NaN NaN NaN NaN NaN NaN NaN NaN NaN 
NaN NaN NaN NaN NaN NaN NaN NaN NaN NaN NaN NaN NaN NaN NaN NaN NaN NaN NaN NaN NaN NaN NaN NaN NaN NaN NaN NaN NaN NaN NaN NaN NaN NaN NaN NaN NaN NaN NaN NaN 
NaN NaN NaN NaN NaN NaN NaN NaN NaN NaN NaN NaN NaN NaN NaN NaN NaN NaN NaN NaN NaN NaN NaN NaN NaN NaN NaN NaN NaN NaN NaN NaN NaN NaN NaN NaN NaN NaN NaN NaN 
NaN NaN NaN NaN NaN NaN NaN NaN NaN NaN NaN NaN NaN NaN NaN NaN NaN NaN NaN NaN NaN NaN NaN NaN NaN NaN NaN NaN NaN NaN NaN NaN NaN NaN NaN NaN NaN NaN NaN NaN 
NaN NaN NaN NaN NaN NaN NaN NaN NaN NaN NaN NaN NaN NaN NaN NaN NaN NaN NaN NaN NaN NaN NaN NaN NaN NaN NaN NaN NaN NaN NaN NaN NaN NaN NaN NaN NaN NaN NaN NaN 
NaN NaN NaN NaN NaN NaN NaN NaN NaN NaN NaN NaN NaN NaN NaN NaN NaN NaN NaN NaN NaN NaN NaN NaN NaN NaN NaN NaN NaN NaN NaN NaN NaN NaN NaN NaN NaN NaN NaN NaN 
NaN NaN NaN NaN NaN NaN NaN NaN NaN NaN NaN NaN NaN NaN NaN NaN NaN NaN NaN NaN NaN NaN NaN NaN NaN NaN NaN NaN NaN NaN NaN NaN NaN NaN NaN NaN NaN NaN NaN NaN 
NaN NaN NaN NaN NaN NaN NaN NaN NaN NaN NaN NaN NaN NaN NaN NaN NaN NaN NaN NaN NaN NaN NaN NaN NaN NaN NaN NaN NaN NaN NaN NaN NaN NaN NaN NaN NaN NaN NaN NaN 
NaN NaN NaN NaN NaN NaN NaN NaN NaN NaN NaN NaN NaN NaN NaN NaN NaN NaN NaN NaN NaN NaN NaN NaN NaN NaN NaN NaN NaN NaN NaN NaN NaN NaN NaN NaN NaN NaN NaN NaN 
NaN NaN NaN NaN NaN NaN NaN NaN NaN NaN NaN NaN NaN NaN NaN NaN NaN NaN NaN NaN NaN NaN NaN NaN NaN NaN NaN NaN NaN NaN NaN NaN NaN NaN NaN NaN NaN NaN NaN NaN 
NaN NaN NaN NaN NaN NaN NaN NaN NaN NaN NaN NaN NaN NaN NaN NaN NaN NaN NaN NaN NaN NaN NaN NaN NaN NaN NaN NaN NaN NaN NaN NaN NaN NaN NaN NaN NaN NaN NaN NaN 
NaN NaN NaN NaN NaN NaN NaN NaN NaN NaN NaN NaN NaN NaN NaN NaN NaN NaN NaN NaN NaN NaN NaN NaN NaN NaN NaN NaN NaN NaN NaN NaN NaN NaN NaN NaN NaN NaN NaN NaN 
NaN NaN NaN NaN NaN NaN NaN NaN NaN NaN NaN NaN NaN NaN NaN NaN NaN NaN NaN NaN NaN NaN NaN NaN NaN NaN NaN NaN NaN NaN NaN NaN NaN NaN NaN NaN NaN NaN NaN NaN 
NaN NaN NaN NaN NaN NaN NaN NaN NaN NaN NaN NaN NaN NaN NaN NaN NaN NaN NaN NaN NaN NaN NaN NaN NaN NaN NaN NaN NaN NaN NaN NaN NaN NaN NaN NaN NaN NaN NaN NaN 
NaN NaN NaN NaN NaN NaN NaN NaN NaN NaN NaN NaN NaN NaN NaN NaN NaN NaN NaN NaN NaN NaN NaN NaN NaN NaN NaN NaN NaN NaN NaN NaN NaN NaN NaN NaN NaN NaN NaN NaN 
NaN NaN NaN NaN NaN NaN NaN NaN NaN NaN NaN NaN NaN NaN NaN NaN NaN NaN NaN NaN NaN NaN NaN NaN NaN NaN NaN NaN NaN NaN NaN NaN NaN NaN NaN NaN NaN NaN NaN NaN 
NaN NaN NaN NaN NaN NaN NaN NaN NaN NaN NaN NaN NaN NaN NaN NaN NaN NaN NaN NaN NaN NaN NaN NaN NaN NaN NaN NaN NaN NaN NaN NaN NaN NaN NaN NaN NaN NaN NaN NaN 
NaN NaN NaN NaN NaN NaN NaN NaN NaN NaN NaN NaN NaN NaN NaN NaN NaN NaN NaN NaN NaN NaN NaN NaN NaN NaN NaN NaN NaN NaN NaN NaN NaN NaN NaN NaN NaN NaN NaN NaN 
NaN NaN NaN NaN NaN NaN NaN NaN NaN NaN NaN NaN NaN NaN NaN NaN NaN NaN NaN NaN NaN NaN NaN NaN NaN NaN NaN NaN NaN NaN NaN NaN NaN NaN NaN NaN NaN NaN NaN NaN 
NaN NaN NaN NaN NaN NaN NaN NaN NaN NaN NaN NaN NaN NaN NaN NaN NaN NaN NaN NaN NaN NaN NaN NaN NaN NaN NaN NaN NaN NaN NaN NaN NaN NaN NaN NaN NaN NaN NaN NaN 
NaN NaN NaN NaN NaN NaN NaN NaN NaN NaN NaN NaN NaN NaN NaN NaN NaN NaN NaN NaN NaN NaN NaN NaN NaN NaN NaN NaN NaN NaN NaN NaN NaN NaN NaN NaN NaN NaN NaN NaN 
NaN NaN NaN NaN NaN NaN NaN NaN NaN NaN NaN NaN NaN NaN NaN NaN NaN NaN NaN NaN NaN NaN NaN NaN NaN NaN NaN NaN NaN NaN NaN NaN NaN NaN NaN NaN NaN NaN NaN NaN 
NaN NaN NaN NaN NaN NaN NaN NaN NaN NaN NaN NaN NaN NaN NaN NaN NaN NaN NaN NaN NaN NaN NaN NaN NaN NaN NaN NaN NaN NaN NaN NaN NaN NaN NaN NaN NaN NaN NaN NaN 
NaN NaN NaN NaN NaN NaN NaN NaN NaN NaN NaN NaN NaN NaN NaN NaN NaN NaN NaN NaN NaN NaN NaN NaN NaN NaN NaN NaN NaN NaN NaN NaN NaN NaN NaN NaN NaN NaN NaN NaN 
