NaN NaN NaN NaN NaN NaN NaN NaN NaN NaN NaN NaN NaN NaN NaN NaN NaN NaN NaN NaN NaN NaN NaN NaN NaN NaN NaN NaN NaN NaN NaN NaN NaN NaN NaN NaN NaN NaN NaN NaN 
NaN NaN NaN NaN NaN NaN NaN NaN NaN NaN NaN NaN NaN NaN NaN NaN NaN NaN NaN NaN NaN NaN NaN NaN NaN NaN NaN NaN NaN NaN NaN NaN NaN NaN NaN NaN NaN NaN NaN NaN 
NaN NaN NaN NaN NaN NaN NaN NaN NaN NaN NaN NaN NaN NaN NaN NaN NaN NaN NaN NaN NaN NaN NaN NaN NaN NaN NaN NaN NaN NaN NaN NaN NaN NaN NaN NaN NaN NaN NaN NaN 
NaN NaN NaN NaN NaN NaN NaN NaN NaN NaN NaN NaN NaN NaN NaN NaN NaN NaN NaN NaN NaN NaN NaN NaN NaN NaN NaN NaN NaN NaN NaN NaN NaN NaN NaN NaN NaN NaN NaN NaN 
NaN NaN NaN NaN NaN NaN NaN NaN NaN NaN NaN NaN NaN NaN NaN NaN NaN NaN NaN NaN NaN NaN NaN NaN NaN NaN NaN NaN NaN NaN NaN NaN NaN NaN NaN NaN NaN NaN NaN NaN 
NaN NaN NaN NaN NaN NaN NaN NaN NaN NaN NaN NaN NaN NaN NaN NaN NaN NaN NaN NaN NaN NaN NaN NaN NaN NaN NaN NaN NaN NaN NaN NaN NaN NaN NaN NaN NaN NaN NaN NaN 
NaN NaN NaN NaN NaN NaN NaN NaN NaN NaN NaN NaN NaN NaN NaN NaN NaN NaN NaN NaN NaN NaN NaN NaN NaN NaN NaN NaN NaN NaN NaN NaN NaN NaN NaN NaN NaN NaN NaN NaN 
NaN NaN NaN NaN NaN NaN NaN NaN NaN NaN NaN NaN NaN NaN NaN NaN NaN NaN NaN NaN NaN NaN NaN NaN NaN NaN NaN NaN NaN NaN NaN NaN NaN NaN NaN NaN NaN NaN NaN NaN 
NaN NaN NaN NaN NaN NaN NaN NaN NaN NaN NaN NaN NaN NaN NaN NaN NaN NaN NaN NaN NaN NaN NaN NaN NaN NaN NaN NaN NaN NaN NaN NaN NaN NaN NaN NaN NaN NaN NaN NaN 
NaN NaN NaN NaN NaN NaN NaN NaN NaN NaN NaN NaN NaN NaN NaN NaN NaN NaN NaN NaN NaN NaN NaN NaN NaN NaN NaN NaN NaN NaN NaN NaN NaN NaN NaN NaN NaN NaN NaN NaN 
NaN NaN NaN NaN NaN NaN NaN NaN NaN NaN NaN NaN NaN NaN NaN NaN NaN NaN NaN NaN NaN NaN NaN NaN NaN NaN NaN NaN NaN NaN NaN NaN NaN NaN NaN NaN NaN NaN NaN NaN 
NaN NaN NaN NaN NaN NaN NaN NaN NaN NaN NaN NaN NaN NaN NaN NaN NaN NaN NaN NaN NaN NaN NaN NaN NaN NaN NaN NaN NaN NaN NaN NaN NaN NaN NaN NaN NaN NaN NaN NaN 
NaN NaN NaN NaN NaN NaN NaN NaN NaN NaN NaN NaN NaN NaN NaN NaN NaN NaN NaN NaN NaN NaN NaN NaN NaN NaN NaN NaN NaN NaN NaN NaN NaN NaN NaN NaN NaN NaN NaN NaN 
NaN NaN NaN NaN NaN NaN NaN NaN NaN NaN NaN NaN NaN NaN NaN NaN NaN NaN NaN NaN NaN NaN NaN NaN NaN NaN NaN NaN NaN NaN NaN NaN NaN NaN NaN NaN NaN NaN NaN NaN 
NaN NaN NaN NaN NaN NaN NaN NaN NaN NaN NaN NaN NaN NaN NaN NaN NaN NaN NaN NaN NaN NaN NaN NaN NaN NaN NaN NaN NaN NaN NaN NaN NaN NaN NaN NaN NaN NaN NaN NaN 
NaN NaN NaN NaN NaN NaN NaN NaN NaN NaN NaN NaN NaN NaN NaN NaN NaN NaN NaN NaN NaN NaN NaN NaN NaN NaN NaN NaN NaN NaN NaN NaN NaN NaN NaN NaN NaN NaN NaN NaN 
NaN NaN NaN NaN NaN NaN NaN NaN NaN NaN NaN NaN NaN NaN NaN NaN NaN NaN NaN NaN NaN NaN NaN NaN NaN NaN NaN NaN NaN NaN NaN NaN NaN NaN NaN NaN NaN NaN NaN NaN 
NaN NaN NaN NaN NaN NaN NaN NaN NaN NaN NaN NaN NaN NaN NaN NaN NaN NaN NaN NaN NaN NaN NaN NaN NaN NaN NaN NaN NaN NaN NaN NaN NaN NaN NaN NaN NaN NaN NaN NaN 
NaN NaN NaN NaN NaN NaN NaN NaN NaN NaN NaN NaN NaN NaN NaN NaN NaN NaN NaN NaN NaN NaN NaN NaN NaN NaN NaN NaN NaN NaN NaN NaN NaN NaN NaN NaN NaN NaN NaN NaN 
NaN NaN NaN NaN NaN NaN NaN NaN NaN NaN NaN NaN NaN NaN NaN NaN NaN NaN NaN NaN NaN NaN NaN NaN NaN NaN NaN NaN NaN NaN NaN NaN NaN NaN NaN NaN NaN NaN NaN NaN 
NaN NaN NaN NaN NaN NaN NaN NaN NaN NaN NaN NaN NaN NaN NaN NaN NaN NaN NaN NaN NaN NaN NaN NaN NaN NaN NaN NaN NaN NaN NaN NaN NaN NaN NaN NaN NaN NaN NaN NaN 
NaN NaN NaN NaN NaN NaN NaN NaN NaN NaN NaN NaN NaN NaN NaN NaN NaN NaN NaN NaN NaN NaN NaN NaN NaN NaN NaN NaN NaN NaN NaN NaN NaN NaN NaN NaN NaN NaN NaN NaN 
NaN NaN NaN NaN NaN NaN NaN NaN NaN NaN NaN NaN NaN NaN NaN NaN NaN NaN NaN NaN NaN NaN NaN NaN NaN NaN NaN NaN NaN NaN NaN NaN NaN NaN NaN NaN NaN NaN NaN NaN 
NaN NaN NaN NaN NaN NaN NaN NaN NaN NaN NaN NaN NaN NaN NaN NaN NaN NaN NaN NaN NaN NaN NaN NaN NaN NaN NaN NaN NaN NaN NaN NaN NaN NaN NaN NaN NaN NaN NaN NaN 
NaN NaN NaN NaN NaN NaN NaN NaN NaN NaN NaN NaN NaN NaN NaN NaN NaN NaN NaN NaN NaN NaN NaN NaN NaN NaN NaN NaN NaN NaN NaN NaN NaN NaN NaN NaN NaN NaN NaN NaN 
NaN NaN NaN NaN NaN NaN NaN NaN NaN NaN NaN NaN NaN NaN NaN NaN NaN NaN NaN NaN NaN NaN NaN NaN NaN NaN NaN NaN NaN NaN NaN NaN NaN NaN NaN NaN NaN NaN NaN NaN 
NaN NaN NaN NaN NaN NaN NaN NaN NaN NaN NaN NaN NaN NaN NaN NaN NaN NaN NaN NaN NaN NaN NaN NaN NaN NaN NaN NaN NaN NaN NaN NaN NaN NaN NaN NaN NaN NaN NaN NaN 
NaN NaN NaN NaN NaN NaN NaN NaN NaN NaN NaN NaN NaN NaN NaN NaN NaN NaN NaN NaN NaN NaN NaN NaN NaN NaN NaN NaN NaN NaN NaN NaN NaN NaN NaN NaN NaN NaN NaN NaN 
NaN NaN NaN NaN NaN NaN NaN NaN NaN NaN NaN NaN NaN NaN NaN NaN NaN NaN NaN NaN NaN NaN NaN NaN NaN NaN NaN NaN NaN NaN NaN NaN NaN NaN NaN NaN NaN NaN NaN NaN 
NaN NaN NaN NaN NaN NaN NaN NaN NaN NaN NaN NaN NaN NaN NaN NaN NaN NaN NaN NaN NaN NaN NaN NaN NaN NaN NaN NaN NaN NaN NaN NaN NaN NaN NaN NaN NaN NaN NaN NaN 
NaN NaN NaN NaN NaN NaN NaN NaN NaN NaN NaN NaN NaN NaN NaN NaN NaN NaN NaN NaN NaN NaN NaN NaN NaN NaN NaN NaN NaN NaN NaN NaN NaN NaN NaN NaN NaN NaN NaN NaN 
NaN NaN NaN NaN NaN NaN NaN NaN NaN NaN NaN NaN NaN NaN NaN NaN NaN NaN NaN NaN NaN NaN NaN NaN NaN NaN NaN NaN NaN NaN NaN NaN NaN NaN NaN NaN NaN NaN NaN NaN 
NaN NaN NaN NaN NaN NaN NaN NaN NaN NaN NaN NaN NaN NaN NaN NaN NaN NaN NaN NaN NaN NaN NaN NaN NaN NaN NaN NaN NaN NaN NaN NaN NaN NaN NaN NaN NaN NaN NaN NaN 
NaN NaN NaN NaN NaN NaN NaN NaN NaN NaN NaN NaN NaN NaN NaN NaN NaN NaN NaN NaN NaN NaN NaN NaN NaN NaN NaN NaN NaN NaN NaN NaN NaN NaN NaN NaN NaN NaN NaN NaN 
NaN NaN NaN NaN NaN NaN NaN NaN NaN NaN NaN NaN NaN NaN NaN NaN NaN NaN NaN NaN NaN NaN NaN NaN NaN NaN NaN NaN NaN NaN NaN NaN NaN NaN NaN NaN NaN NaN NaN NaN 
NaN NaN NaN NaN NaN NaN NaN NaN NaN NaN NaN NaN NaN NaN NaN NaN NaN NaN NaN NaN NaN NaN NaN NaN NaN NaN NaN NaN NaN NaN NaN NaN NaN NaN NaN NaN NaN NaN NaN NaN 
NaN NaN NaN NaN NaN NaN NaN NaN NaN NaN NaN NaN NaN NaN NaN NaN NaN NaN NaN NaN NaN NaN NaN NaN NaN NaN NaN NaN NaN NaN NaN NaN NaN NaN NaN NaN NaN NaN NaN NaN 
NaN NaN NaN NaN NaN NaN NaN NaN NaN NaN NaN NaN NaN NaN NaN NaN NaN NaN NaN NaN NaN NaN NaN NaN NaN NaN NaN NaN NaN NaN NaN NaN NaN NaN NaN NaN NaN NaN NaN NaN 
NaN NaN NaN NaN NaN NaN NaN NaN NaN NaN NaN NaN NaN NaN NaN NaN NaN NaN NaN NaN NaN NaN NaN NaN NaN NaN NaN NaN NaN NaN NaN NaN NaN NaN NaN NaN NaN NaN NaN NaN 
NaN NaN NaN NaN NaN NaN NaN NaN NaN NaN NaN NaN NaN NaN NaN NaN NaN NaN NaN NaN NaN NaN NaN NaN NaN NaN NaN NaN NaN NaN NaN NaN NaN NaN NaN NaN NaN NaN NaN NaN 
NaN NaN NaN NaN NaN NaN NaN NaN NaN NaN NaN NaN NaN NaN NaN NaN NaN NaN NaN NaN NaN NaN NaN NaN NaN NaN NaN NaN NaN NaN NaN NaN NaN NaN NaN NaN NaN NaN NaN NaN 
NaN NaN NaN NaN NaN NaN NaN NaN NaN NaN NaN NaN NaN NaN NaN NaN NaN NaN NaN NaN NaN NaN NaN NaN NaN NaN NaN NaN NaN NaN NaN NaN NaN NaN NaN NaN NaN NaN NaN NaN 
NaN NaN NaN NaN NaN NaN NaN NaN NaN NaN NaN NaN NaN NaN NaN NaN NaN NaN NaN NaN NaN NaN NaN NaN NaN NaN NaN NaN NaN NaN NaN NaN NaN NaN NaN NaN NaN NaN NaN NaN 
NaN NaN NaN NaN NaN NaN NaN NaN NaN NaN NaN NaN NaN NaN NaN NaN NaN NaN NaN NaN NaN NaN NaN NaN NaN NaN NaN NaN NaN NaN NaN NaN NaN NaN NaN NaN NaN NaN NaN NaN 
NaN NaN NaN NaN NaN NaN NaN NaN NaN NaN NaN NaN NaN NaN NaN NaN NaN NaN NaN NaN NaN NaN NaN NaN NaN NaN NaN NaN NaN NaN NaN NaN NaN NaN NaN NaN NaN NaN NaN NaN 
NaN NaN NaN NaN NaN NaN NaN NaN NaN NaN NaN NaN NaN NaN NaN NaN NaN NaN NaN NaN NaN NaN NaN NaN NaN NaN NaN NaN NaN NaN NaN NaN NaN NaN NaN NaN NaN NaN NaN NaN 
NaN NaN NaN NaN NaN NaN NaN NaN NaN NaN NaN NaN NaN NaN NaN NaN NaN NaN NaN NaN NaN NaN NaN NaN NaN NaN NaN NaN NaN NaN NaN NaN NaN NaN NaN NaN NaN NaN NaN NaN 
NaN NaN NaN NaN NaN NaN NaN NaN NaN NaN NaN NaN NaN NaN NaN NaN NaN NaN NaN NaN NaN NaN NaN NaN NaN NaN NaN NaN NaN NaN NaN NaN NaN NaN NaN NaN NaN NaN NaN NaN 
NaN NaN NaN NaN NaN NaN NaN NaN NaN NaN NaN NaN NaN NaN NaN NaN NaN NaN NaN NaN NaN NaN NaN NaN NaN NaN NaN NaN NaN NaN NaN NaN NaN NaN NaN NaN NaN NaN NaN NaN 
NaN NaN NaN NaN NaN NaN NaN NaN NaN NaN NaN NaN NaN NaN NaN NaN NaN NaN NaN NaN NaN NaN NaN NaN NaN NaN NaN NaN NaN NaN NaN NaN NaN NaN NaN NaN NaN NaN NaN NaN 
NaN NaN NaN NaN NaN NaN NaN NaN NaN NaN NaN NaN NaN NaN NaN NaN NaN NaN NaN NaN NaN NaN NaN NaN NaN NaN NaN NaN NaN NaN NaN NaN NaN NaN NaN NaN NaN NaN NaN NaN 
NaN NaN NaN NaN NaN NaN NaN NaN NaN NaN NaN NaN NaN NaN NaN NaN NaN NaN NaN NaN NaN NaN NaN NaN NaN NaN NaN NaN NaN NaN NaN NaN NaN NaN NaN NaN NaN NaN NaN NaN 
NaN NaN NaN NaN NaN NaN NaN NaN NaN NaN NaN NaN NaN NaN NaN NaN NaN NaN NaN NaN NaN NaN NaN NaN NaN NaN NaN NaN NaN NaN NaN NaN NaN NaN NaN NaN NaN NaN NaN NaN 
NaN NaN NaN NaN NaN NaN NaN NaN NaN NaN NaN NaN NaN NaN NaN NaN NaN NaN NaN NaN NaN NaN NaN NaN NaN NaN NaN NaN NaN NaN NaN NaN NaN NaN NaN NaN NaN NaN NaN NaN 
NaN NaN NaN NaN NaN NaN NaN NaN NaN NaN NaN NaN NaN NaN NaN NaN NaN NaN NaN NaN NaN NaN NaN NaN NaN NaN NaN NaN NaN NaN NaN NaN NaN NaN NaN NaN NaN NaN NaN NaN 
NaN NaN NaN NaN NaN NaN NaN NaN NaN NaN NaN NaN NaN NaN NaN NaN NaN NaN NaN NaN NaN NaN NaN NaN NaN NaN NaN NaN NaN NaN NaN NaN NaN NaN NaN NaN NaN NaN NaN NaN 
NaN NaN NaN NaN NaN NaN NaN NaN NaN NaN NaN NaN NaN NaN NaN NaN NaN NaN NaN NaN NaN NaN NaN NaN NaN NaN NaN NaN NaN NaN NaN NaN NaN NaN NaN NaN NaN NaN NaN NaN 
NaN NaN NaN NaN NaN NaN NaN NaN NaN NaN NaN NaN NaN NaN NaN NaN NaN NaN NaN NaN NaN NaN NaN NaN NaN NaN NaN NaN NaN NaN NaN NaN NaN NaN NaN NaN NaN NaN NaN NaN 
NaN NaN NaN NaN NaN NaN NaN NaN NaN NaN NaN NaN NaN NaN NaN NaN NaN NaN NaN NaN NaN NaN NaN NaN NaN NaN NaN NaN NaN NaN NaN NaN NaN NaN NaN NaN NaN NaN NaN NaN 
NaN NaN NaN NaN NaN NaN NaN NaN NaN NaN NaN NaN NaN NaN NaN NaN NaN NaN NaN NaN NaN NaN NaN NaN NaN NaN NaN NaN NaN NaN NaN NaN NaN NaN NaN NaN NaN NaN NaN NaN 
NaN NaN NaN NaN NaN NaN NaN NaN NaN NaN NaN NaN NaN NaN NaN NaN NaN NaN NaN NaN NaN NaN NaN NaN NaN NaN NaN NaN NaN NaN NaN NaN NaN NaN NaN NaN NaN NaN NaN NaN 
NaN NaN NaN NaN NaN NaN NaN NaN NaN NaN NaN NaN NaN NaN NaN NaN NaN NaN NaN NaN NaN NaN NaN NaN NaN NaN NaN NaN NaN NaN NaN NaN NaN NaN NaN NaN NaN NaN NaN NaN 
NaN NaN NaN NaN NaN NaN NaN NaN NaN NaN NaN NaN NaN NaN NaN NaN NaN NaN NaN NaN NaN NaN NaN NaN NaN NaN NaN NaN NaN NaN NaN NaN NaN NaN NaN NaN NaN NaN NaN NaN 
NaN NaN NaN NaN NaN NaN NaN NaN NaN NaN NaN NaN NaN NaN NaN NaN NaN NaN NaN NaN NaN NaN NaN NaN NaN NaN NaN NaN NaN NaN NaN NaN NaN NaN NaN NaN NaN NaN NaN NaN 
NaN NaN NaN NaN NaN NaN NaN NaN NaN NaN NaN NaN NaN NaN NaN NaN NaN NaN NaN NaN NaN NaN NaN NaN NaN NaN NaN NaN NaN NaN NaN NaN NaN NaN NaN NaN NaN NaN NaN NaN 
NaN NaN NaN NaN NaN NaN NaN NaN NaN NaN NaN NaN NaN NaN NaN NaN NaN NaN NaN NaN NaN NaN NaN NaN NaN NaN NaN NaN NaN NaN NaN NaN NaN NaN NaN NaN NaN NaN NaN NaN 
NaN NaN NaN NaN NaN NaN NaN NaN NaN NaN NaN NaN NaN NaN NaN NaN NaN NaN NaN NaN NaN NaN NaN NaN NaN NaN NaN NaN NaN NaN NaN NaN NaN NaN NaN NaN NaN NaN NaN NaN 
NaN NaN NaN NaN NaN NaN NaN NaN NaN NaN NaN NaN NaN NaN NaN NaN NaN NaN NaN NaN NaN NaN NaN NaN NaN NaN NaN NaN NaN NaN NaN NaN NaN NaN NaN NaN NaN NaN NaN NaN 
NaN NaN NaN NaN NaN NaN NaN NaN NaN NaN NaN NaN NaN NaN NaN NaN NaN NaN NaN NaN NaN NaN NaN NaN NaN NaN NaN NaN NaN NaN NaN NaN NaN NaN NaN NaN NaN NaN NaN NaN 
NaN NaN NaN NaN NaN NaN NaN NaN NaN NaN NaN NaN NaN NaN NaN NaN NaN NaN NaN NaN NaN NaN NaN NaN NaN NaN NaN NaN NaN NaN NaN NaN NaN NaN NaN NaN NaN NaN NaN NaN 
NaN NaN NaN NaN NaN NaN NaN NaN NaN NaN NaN NaN NaN NaN NaN NaN NaN NaN NaN NaN NaN NaN NaN NaN NaN NaN NaN NaN NaN NaN NaN NaN NaN NaN NaN NaN NaN NaN NaN NaN 
NaN NaN NaN NaN NaN NaN NaN NaN NaN NaN NaN NaN NaN NaN NaN NaN NaN NaN NaN NaN NaN NaN NaN NaN NaN NaN NaN NaN NaN NaN NaN NaN NaN NaN NaN NaN NaN NaN NaN NaN 
NaN NaN NaN NaN NaN NaN NaN NaN NaN NaN NaN NaN NaN NaN NaN NaN NaN NaN NaN NaN NaN NaN NaN NaN NaN NaN NaN NaN NaN NaN NaN NaN NaN NaN NaN NaN NaN NaN NaN NaN 
NaN NaN NaN NaN NaN NaN NaN NaN NaN NaN NaN NaN NaN NaN NaN NaN NaN NaN NaN NaN NaN NaN NaN NaN NaN NaN NaN NaN NaN NaN NaN NaN NaN NaN NaN NaN NaN NaN NaN NaN 
NaN NaN NaN NaN NaN NaN NaN NaN NaN NaN NaN NaN NaN NaN NaN NaN NaN NaN NaN NaN NaN NaN NaN NaN NaN NaN NaN NaN NaN NaN NaN NaN NaN NaN NaN NaN NaN NaN NaN NaN 
NaN NaN NaN NaN NaN NaN NaN NaN NaN NaN NaN NaN NaN NaN NaN NaN NaN NaN NaN NaN NaN NaN NaN NaN NaN NaN NaN NaN NaN NaN NaN NaN NaN NaN NaN NaN NaN NaN NaN NaN 
NaN NaN NaN NaN NaN NaN NaN NaN NaN NaN NaN NaN NaN NaN NaN NaN NaN NaN NaN NaN NaN NaN NaN NaN NaN NaN NaN NaN NaN NaN NaN NaN NaN NaN NaN NaN NaN NaN NaN NaN 
NaN NaN NaN NaN NaN NaN NaN NaN NaN NaN NaN NaN NaN NaN NaN NaN NaN NaN NaN NaN NaN NaN NaN NaN NaN NaN NaN NaN NaN NaN NaN NaN NaN NaN NaN NaN NaN NaN NaN NaN 
NaN NaN NaN NaN NaN NaN NaN NaN NaN NaN NaN NaN NaN NaN NaN NaN NaN NaN NaN NaN NaN NaN NaN NaN NaN NaN NaN NaN NaN NaN NaN NaN NaN NaN NaN NaN NaN NaN NaN NaN 
NaN NaN NaN NaN NaN NaN NaN NaN NaN NaN NaN NaN NaN NaN NaN NaN NaN NaN NaN NaN NaN NaN NaN NaN NaN NaN NaN NaN NaN NaN NaN NaN NaN NaN NaN NaN NaN NaN NaN NaN 
NaN NaN NaN NaN NaN NaN NaN NaN NaN NaN NaN NaN NaN NaN NaN NaN NaN NaN NaN NaN NaN NaN NaN NaN NaN NaN NaN NaN NaN NaN NaN NaN NaN NaN NaN NaN NaN NaN NaN NaN 
NaN NaN NaN NaN NaN NaN NaN NaN NaN NaN NaN NaN NaN NaN NaN NaN NaN NaN NaN NaN NaN NaN NaN NaN NaN NaN NaN NaN NaN NaN NaN NaN NaN NaN NaN NaN NaN NaN NaN NaN 
NaN NaN NaN NaN NaN NaN NaN NaN NaN NaN NaN NaN NaN NaN NaN NaN NaN NaN NaN NaN NaN NaN NaN NaN NaN NaN NaN NaN NaN NaN NaN NaN NaN NaN NaN NaN NaN NaN NaN NaN 
NaN NaN NaN NaN NaN NaN NaN NaN NaN NaN NaN NaN NaN NaN NaN NaN NaN NaN NaN NaN NaN NaN NaN NaN NaN NaN NaN NaN NaN NaN NaN NaN NaN NaN NaN NaN NaN NaN NaN NaN 
NaN NaN NaN NaN NaN NaN NaN NaN NaN NaN NaN NaN NaN NaN NaN NaN NaN NaN NaN NaN NaN NaN NaN NaN NaN NaN NaN NaN NaN NaN NaN NaN NaN NaN NaN NaN NaN NaN NaN NaN 
NaN NaN NaN NaN NaN NaN NaN NaN NaN NaN NaN NaN NaN NaN NaN NaN NaN NaN NaN NaN NaN NaN NaN NaN NaN NaN NaN NaN NaN NaN NaN NaN NaN NaN NaN NaN NaN NaN NaN NaN 
NaN NaN NaN NaN NaN NaN NaN NaN NaN NaN NaN NaN NaN NaN NaN NaN NaN NaN NaN NaN NaN NaN NaN NaN NaN NaN NaN NaN NaN NaN NaN NaN NaN NaN NaN NaN NaN NaN NaN NaN 
NaN NaN NaN NaN NaN NaN NaN NaN NaN NaN NaN NaN NaN NaN NaN NaN NaN NaN NaN NaN NaN NaN NaN NaN NaN NaN NaN NaN NaN NaN NaN NaN NaN NaN NaN NaN NaN NaN NaN NaN 
-68.766837 -71.235653 -74.960468 -78.232682 -79.911302 -83.068593 -86.227636 -90.915741 -92.932034 -90.393125 -88.425913 -87.495644 -93.247985 -95.690415 -89.833699 -89.516801 -93.335652 -97.804788 -92.473258 -89.897139 -87.225806 -91.869690 -98.809396 -91.467883 -92.675923 -94.387322 -93.516769 -85.435929 -85.538287 -91.651121 -90.507262 -88.845814 -88.954961 -89.807622 -86.251171 -87.453605 -88.555941 -87.386367 -86.007686 -89.095146 
-55.296011 -65.732949 -69.663767 -67.036899 -74.612925 -72.505335 -71.233411 -79.199483 -82.843185 -79.353889 -73.703040 -74.372062 -74.411962 -78.705509 -77.353752 -80.820250 -76.235463 -80.142628 -78.819346 -76.620577 -77.858387 -77.985490 -80.236187 -76.566207 -74.402754 -75.527114 -78.460953 -76.084831 -77.077327 -80.084616 -76.404105 -76.301389 -75.566004 -75.642687 -71.805185 -75.252317 -75.805936 -74.916836 -73.175763 -76.734127 
-57.259030 -73.738492 -68.588613 -61.238482 -67.435080 -71.676566 -68.708447 -72.030815 -77.749889 -77.208564 -64.677427 -65.634888 -75.197664 -75.492089 -74.139812 -73.021912 -67.919365 -70.277232 -74.260054 -72.014389 -68.666056 -74.910942 -70.002748 -71.882135 -75.995888 -74.170433 -70.449827 -75.398875 -71.745760 -75.049207 -76.207210 -74.022106 -73.172525 -73.749578 -73.796556 -70.644844 -71.640490 -72.761808 -72.888498 -72.295102 
-53.016022 -61.581019 -60.639438 -60.681560 -65.669521 -69.423502 -69.711302 -69.657313 -69.134851 -69.375709 -68.858811 -67.900125 -73.760486 -68.695403 -68.514137 -67.414662 -68.344131 -66.943686 -75.048288 -71.461581 -70.575754 -78.359618 -74.347168 -74.274405 -72.934455 -71.441022 -70.495585 -73.091566 -71.708615 -73.292535 -72.319522 -70.470776 -71.526772 -75.482002 -70.906635 -68.868658 -67.499060 -71.622252 -72.150315 -71.290784 
-37.757788 -35.908551 -36.571713 -40.965227 -44.706552 -48.508266 -48.622949 -47.028685 -47.575646 -50.454689 -50.686030 -50.370554 -51.184780 -52.632500 -55.114355 -54.950959 -55.783236 -57.709505 -58.272794 -58.990620 -58.135566 -60.014837 -61.748906 -62.198636 -63.064965 -61.118988 -60.169557 -61.040867 -66.126021 -71.219092 -67.358591 -66.782916 -69.101689 -68.851095 -64.856402 -65.542193 -65.818717 -68.053716 -68.952758 -66.712489 
-21.897117 -22.362218 -28.912033 -38.554680 -41.815637 -47.652873 -46.053568 -46.320386 -48.183596 -50.028987 -52.214234 -49.076477 -52.407437 -54.258063 -56.067536 -55.528724 -57.173659 -59.177072 -59.223012 -59.258420 -59.215392 -59.727399 -61.980709 -61.460045 -63.863873 -61.715659 -58.451831 -60.756426 -62.488719 -65.320225 -62.763064 -63.692128 -66.687810 -66.399593 -65.295278 -64.067664 -64.299109 -64.231817 -65.855259 -66.556159 
-23.940019 -30.779530 -31.236778 -48.652399 -44.785764 -42.151897 -45.368824 -53.443683 -54.760287 -51.772240 -55.761503 -58.646726 -58.609691 -57.596986 -56.344385 -58.713557 -64.110254 -65.079013 -65.350157 -62.506861 -61.647022 -63.220696 -67.643670 -64.375663 -64.263260 -63.294404 -62.672209 -63.546251 -61.545171 -63.148729 -64.863616 -65.322564 -68.244694 -66.896173 -61.158351 -62.584720 -63.404133 -64.839165 -68.455669 -68.436866 
-20.295600 -21.282559 -31.819073 -44.448803 -49.613893 -52.331474 -53.782551 -61.712047 -58.793180 -57.896724 -61.948834 -62.319319 -57.361452 -61.154836 -61.705643 -57.867724 -61.857846 -57.757187 -61.982589 -70.973043 -68.184756 -61.367235 -64.223613 -65.487855 -62.588983 -64.431750 -65.465156 -65.177099 -62.780985 -66.041524 -65.188502 -62.838826 -65.001513 -65.975177 -65.376383 -63.410541 -67.207901 -66.950813 -67.200307 -70.720462 
-25.718073 -28.811419 -33.404317 -47.475154 -45.276850 -48.676831 -50.561344 -52.180251 -57.642476 -63.592026 -63.425402 -58.026642 -57.397267 -64.421150 -61.296715 -57.509730 -62.843268 -63.633257 -64.906712 -60.956502 -59.002931 -58.559542 -59.553428 -62.827644 -60.374126 -60.746384 -58.998726 -59.058411 -58.815558 -60.801942 -60.130500 -59.919266 -61.130683 -61.208306 -67.956006 -64.697902 -67.684214 -72.007278 -72.642628 -71.270513 
-27.499336 -22.217339 -31.456694 -30.139745 -28.353888 -25.941753 -30.503208 -28.129710 -31.819851 -31.566191 -34.052258 -27.630318 -31.918527 -38.359580 -32.515561 -33.315217 -30.986279 -30.176444 -29.655714 -27.986012 -30.135297 -30.547105 -29.185413 -30.180711 -30.022102 -26.647219 -25.386093 -23.904602 -24.705212 -27.506667 -27.745840 -33.350361 -37.560447 -38.584297 -38.055583 -32.971491 -33.067557 -43.998480 -43.695207 -42.325965 
-1.109402 0.876457 -3.665043 -10.100175 -6.003795 -2.027050 -4.341490 -9.828726 -14.142918 -18.198592 -18.012734 -9.599249 -7.168094 -13.961188 -10.797031 -8.146537 -13.647838 -19.908339 -3.345893 -3.553930 -9.352534 -7.302254 -12.208856 -9.441404 -10.480546 -5.738959 -5.097816 -0.017035 -3.848118 -8.430194 -7.430069 -10.388307 -14.235130 -18.037133 -16.176723 -12.738913 -11.504683 -15.255500 -20.021640 -22.617052 
7.798438 7.254249 0.937441 -3.635818 -9.312953 -1.816875 -1.255884 -8.054976 -14.119095 -13.329815 -7.521571 -9.035777 -6.872217 -11.924246 -8.531369 -10.214764 -11.697113 -11.234824 -2.112136 -6.613399 -16.389996 -13.025771 -13.477067 -8.961290 -14.333604 -12.110943 -7.768204 -0.310603 -3.582059 -10.475983 -6.360668 -4.343029 -9.553821 -14.729459 -13.897230 -6.083693 -3.904039 -7.402338 -11.729089 -15.872644 
7.704933 1.627178 -12.785974 -18.060383 -13.288060 -10.585189 -10.374579 -4.990776 -2.369806 -6.251393 -11.970448 -10.085973 -15.103773 -15.837565 -19.210987 -14.342020 -9.727759 -3.273108 -5.401120 -11.195404 -18.519474 -17.144405 -21.065000 -13.231777 -21.931276 -21.090034 -12.407372 -6.164834 -14.746763 -18.771906 -15.574733 -15.111765 -17.282080 -23.127139 -18.883244 -13.297936 -14.779996 -13.806216 -16.277814 -19.292297 
3.993420 -2.673419 -5.346287 -6.397890 -7.421273 -6.112019 -6.869109 -4.031018 -6.055884 -10.439055 -14.658047 -6.972523 -11.627971 -15.031830 -17.462903 -5.143520 -8.900569 -7.104487 -9.452714 -11.192093 -19.864731 -16.679367 -18.532441 -15.963249 -23.280621 -21.463241 -15.535515 -15.829571 -21.817229 -20.992234 -24.003727 -22.943115 -23.178881 -23.268877 -24.042022 -20.358017 -17.545055 -22.778591 -26.738600 -22.540841 
0.253165 -2.590862 -10.187977 -7.598823 -9.737521 -9.293684 -9.103720 -6.643493 -3.939459 -3.741691 -7.511341 -5.370305 -10.765509 -10.092906 -1.516661 2.965788 -4.906434 -10.949311 -20.287486 -21.504600 -21.333417 -18.149384 -19.439002 -12.903136 -19.059262 -22.480850 -17.511766 -17.246481 -27.916309 -28.204851 -30.926002 -26.464160 -27.150026 -22.798914 -23.112826 -22.265168 -18.110356 -13.946405 -23.402953 -24.426329 
-6.191543 -0.168729 -3.130785 -14.274456 -12.863604 -10.311939 -3.678534 -5.395905 -8.376300 -3.825880 -6.026864 -7.665992 -11.093316 -5.645156 0.049722 -2.146155 -13.365428 -20.233793 -24.074138 -27.030378 -21.213753 -19.386776 -22.110389 -21.943118 -23.028591 -19.711468 -12.037425 -16.721631 -33.445097 -35.448314 -33.259369 -29.062429 -25.528625 -25.028233 -28.136950 -26.076432 -19.348082 -14.055368 -24.360846 -29.192159 
-5.662202 11.616413 18.210712 16.447113 8.455841 6.123392 9.816315 6.223323 6.199566 1.311632 4.791816 6.092536 6.020104 1.174737 -3.332236 -7.868733 -18.117731 -18.043830 -25.628418 -25.677078 -24.002758 -26.847620 -19.813664 -23.133999 -23.486259 -23.403715 -18.849131 -25.409315 -33.531570 -38.048062 -40.334555 -30.455509 -28.858122 -30.686822 -29.831943 -27.180919 -24.501641 -19.183369 -25.877214 -32.387132 
-2.157997 12.283785 22.355822 17.016757 13.424029 16.773892 14.525940 18.958559 12.418844 7.683535 7.698829 15.755320 14.733572 9.588328 -2.724458 -7.147077 -11.113638 -11.959760 -20.769941 -21.939664 -20.735148 -18.590539 -16.284419 -16.451699 -19.845329 -15.819396 -13.983236 -24.803887 -32.343252 -36.270769 -37.149535 -32.422143 -34.092401 -34.295680 -35.242102 -33.124303 -26.918461 -23.317693 -30.149719 -36.304506 
-10.447986 12.291564 21.198337 14.241194 15.471604 18.702476 13.292505 22.123211 11.306001 11.007900 5.875414 12.063317 13.972117 7.465840 -5.077349 -12.354695 -13.967573 -16.892824 -22.332525 -27.150295 -26.760222 -21.711861 -14.282146 -11.655879 -22.190611 -18.724789 -12.624973 -19.429046 -28.435229 -35.579078 -37.369454 -30.592197 -33.823351 -38.629598 -38.756378 -38.431709 -27.495797 -23.068273 -31.952143 -39.419010 
-12.615832 10.391663 20.131554 13.391669 15.082621 18.902706 13.360609 22.647314 11.030233 12.457469 7.652565 11.977518 11.529144 5.388469 -9.288658 -15.952129 -17.513207 -17.073226 -19.774176 -22.079984 -21.810482 -24.594976 -15.244010 -7.973471 -17.616359 -20.435802 -18.827271 -19.782472 -24.005570 -34.150096 -36.198652 -31.219951 -34.527036 -36.839101 -37.478018 -38.110355 -27.052482 -20.673447 -29.419819 -38.429704 
-15.439570 10.480312 19.978540 13.347794 14.792362 19.166010 12.521725 22.956969 12.723417 13.579817 6.648220 12.255230 11.455703 8.741429 -7.263289 -12.483170 -13.674887 -14.203329 -18.883851 -20.021521 -22.122208 -22.964429 -13.869499 -7.017136 -15.062863 -20.547223 -15.104525 -17.648870 -22.172339 -31.231578 -33.924513 -29.490985 -32.308675 -35.009425 -35.681558 -36.101010 -25.433583 -18.858060 -28.052332 -35.910880 
-11.630366 9.948619 19.516561 13.210301 14.480422 18.958603 11.650965 23.154577 14.002765 14.827281 6.211004 10.659639 12.821243 12.498167 -5.561080 -10.752674 -10.771205 -13.535720 -17.793793 -20.229778 -20.952826 -19.148526 -11.203653 -10.067431 -17.585898 -18.453935 -13.469443 -17.702830 -22.809357 -29.124137 -32.685742 -29.693714 -33.751741 -35.871337 -36.121703 -36.201035 -27.535372 -22.988218 -30.003237 -36.993506 
-14.379726 8.315821 18.647147 12.902483 11.786515 18.590566 11.315944 23.245341 15.726991 15.123869 7.701334 9.723469 8.865784 14.110827 3.252039 -3.438553 -10.512220 -12.858838 -15.084029 -17.089280 -17.486004 -15.748905 -6.543437 -9.319757 -18.684876 -17.917534 -11.746125 -15.225141 -18.376726 -25.420328 -31.020649 -28.187263 -30.772267 -33.630128 -34.160235 -34.690918 -28.830644 -23.705299 -28.167696 -34.723082 
-17.154979 6.222357 17.681820 12.369138 10.644708 18.115550 10.354864 22.890359 16.050317 15.287487 8.905949 9.057806 7.568978 12.567585 11.232690 7.759707 -6.998319 -10.515625 -15.154421 -16.674896 -17.550950 -12.766238 -3.632831 -7.210311 -15.987219 -16.135609 -11.407840 -13.389183 -17.305186 -29.058728 -35.638035 -29.158045 -36.337948 -43.798920 -46.006173 -46.384752 -29.050449 -18.151141 -25.525793 -41.325842 
-23.617369 5.403501 17.628180 13.316792 8.281241 18.105653 10.936411 22.658047 18.042871 13.605442 9.370612 6.965964 2.332835 5.571070 10.690056 9.895670 1.630960 -5.634034 -9.631499 -13.714668 -17.349340 -11.310686 -7.806436 -14.058677 -19.450229 -19.104202 -14.156399 -14.400964 -19.614633 -27.914693 -35.010078 -28.532568 -34.713322 -40.368452 -41.237292 -41.619061 -27.966715 -18.977313 -29.975071 -39.305178 
-13.839554 5.577608 18.113702 14.539396 7.336732 18.047050 11.090407 23.000978 20.237276 10.187262 9.009505 4.717004 1.452082 4.257672 2.933702 6.102260 10.138841 -1.229151 -9.083551 -11.260250 -16.200859 -6.879580 -5.653034 -16.618280 -19.138279 -17.782218 -13.999830 -15.276170 -20.632900 -26.080328 -37.858186 -30.781915 -40.596809 -46.610380 -46.696168 -47.097140 -28.418233 -20.442219 -34.724757 -46.521534 
-30.574668 4.655483 18.094899 15.115427 6.580598 18.401140 12.456267 22.661096 21.654017 6.438732 8.106211 2.719016 2.182937 3.538667 -0.028991 1.478392 9.853799 0.648996 -7.618103 -10.413534 -13.537539 -8.082767 -7.235286 -13.035017 -18.669923 -18.680720 -18.024152 -20.655041 -23.202648 -24.326810 -33.371121 -33.160042 -37.604736 -42.629975 -42.348287 -38.365791 -29.180366 -19.832612 -32.814870 -39.994663 
-19.240965 4.355969 17.882917 15.260373 6.072749 18.869377 12.596586 21.635830 21.794399 4.992366 6.716468 -0.219262 -0.265499 2.225540 -1.382748 0.898600 7.278321 4.565992 -0.123019 -6.871231 -11.030785 -7.852091 -5.349970 -12.507410 -19.544210 -20.676997 -18.914150 -22.837176 -25.463359 -23.525271 -32.332452 -31.915880 -30.024721 -38.506749 -39.016708 -36.640292 -22.219954 -18.599573 -31.235568 -39.853391 
-18.600878 4.318372 17.945057 15.321229 6.310045 19.266832 13.117439 20.519519 21.426233 2.940612 5.166395 -1.703595 -0.892189 1.161230 -3.587730 -1.314753 3.836644 5.772847 1.909671 -6.595460 -9.980483 -7.993481 -4.787849 -11.846118 -19.060024 -22.683377 -19.134124 -18.297526 -21.220089 -21.226606 -32.421105 -30.450649 -28.390369 -34.293323 -42.221039 -33.362382 -22.073168 -15.883315 -31.074044 -40.223986 
-24.754897 4.948185 18.334230 15.507454 7.863828 19.727464 13.112384 20.837832 20.689648 2.847869 4.881024 0.022575 -0.161530 0.479069 -3.844656 -2.501936 2.369581 5.375513 0.967877 -8.874789 -13.901103 -13.115626 -6.396493 -8.451404 -21.130923 -24.041144 -19.343262 -16.307866 -16.953400 -20.920797 -29.811628 -26.788234 -29.432523 -34.504809 -43.243124 -30.530152 -22.910405 -17.408650 -32.612250 -37.594074 
-19.796031 5.795104 18.920204 16.076846 10.196616 20.995440 13.433239 21.304156 19.185433 2.860660 3.675997 -0.481266 -1.762553 0.555064 -3.162459 -1.635626 3.037924 6.989320 -1.213933 -8.714508 -14.752856 -18.466890 -7.619108 -6.558455 -16.447925 -28.141097 -23.310694 -18.557201 -15.223463 -17.221038 -26.250745 -25.562555 -25.471902 -28.337328 -38.225037 -29.027930 -21.056290 -19.335548 -32.828381 -37.127584 
-13.327204 6.543570 19.104788 15.114962 12.074445 21.663403 13.695545 20.569577 14.684455 4.092252 1.773634 -2.005274 -3.392323 -1.740945 -4.121062 -1.868133 1.877537 5.610506 -3.295914 -10.438233 -17.078175 -14.991907 -10.820363 -6.213017 -14.142174 -23.746702 -22.296496 -19.120566 -13.425589 -16.235926 -25.917275 -23.819970 -23.957144 -25.252013 -33.068243 -28.210918 -23.318591 -21.848639 -30.639375 -33.695497 
-11.998776 8.296075 19.085210 14.128757 14.557960 21.457144 10.763705 16.490233 9.364182 6.492538 -1.067103 -0.938763 -9.072056 -6.558712 -7.698350 -4.245579 -2.064358 0.617020 -12.876948 -15.892684 -22.923238 -20.155755 -17.673947 -9.040018 -13.948974 -21.930815 -23.446069 -21.362011 -12.940889 -15.806661 -28.997497 -25.938606 -27.316921 -29.014815 -36.884404 -24.168036 -22.562247 -23.450436 -33.238853 -38.086894 
-14.633730 8.698983 18.768522 12.985787 16.064716 21.623439 8.245281 10.557822 3.009402 6.045842 -3.097556 -1.036453 -11.526277 -11.547723 -7.800659 -6.683932 -3.605107 -6.136155 -19.585317 -17.954246 -21.320478 -21.662451 -18.586610 -11.424500 -15.941725 -22.982136 -24.217267 -25.004760 -18.884759 -21.529245 -28.286426 -26.154376 -25.367356 -25.728395 -30.949066 -25.090085 -24.596229 -27.126335 -31.549523 -34.777330 
-14.425691 9.402976 18.402759 12.136518 17.719837 21.527458 8.479662 10.717746 0.994786 4.138804 -5.050706 -3.132810 -10.271732 -9.432710 -5.608330 -3.744771 -1.433742 -8.396812 -18.818671 -20.860242 -25.873357 -24.245268 -21.790872 -12.302356 -18.271642 -26.503251 -27.082506 -28.191331 -24.779253 -25.906417 -30.236779 -30.788086 -28.660444 -26.058888 -37.637381 -29.506523 -31.142321 -33.336060 -36.866005 -42.978295 
-12.008113 10.006709 18.095421 11.068672 19.078338 20.436204 8.316569 11.543102 1.550779 3.434642 -4.292978 -6.755216 -10.968270 -6.515235 -5.716430 -2.689134 -0.905685 -13.825165 -18.357839 -21.998650 -27.050212 -26.600096 -23.046060 -16.456815 -17.251193 -27.568954 -24.833541 -25.121128 -17.582627 -22.048003 -28.593259 -29.874578 -28.501627 -25.281886 -35.487640 -30.270188 -30.816815 -34.107869 -36.642160 -37.846960 
-11.356462 10.756184 17.747615 10.910512 19.838400 19.151568 9.835454 11.831784 2.096995 2.360482 -4.044644 -9.602264 -11.500746 -5.410306 -4.981737 -2.546917 -0.383409 -16.369359 -19.877324 -25.901234 -27.264408 -30.516615 -25.314747 -16.781246 -19.916840 -27.312402 -30.874078 -28.196584 -19.306332 -22.537342 -28.573237 -32.566398 -30.893665 -27.233037 -36.861730 -36.409170 -32.368982 -33.742130 -37.368485 -37.731494 
-7.577663 11.289620 17.441952 10.799013 19.855305 17.386532 12.203993 11.247725 2.516302 -1.334300 -4.739543 -9.145086 -10.370263 -5.664728 -6.143207 -2.285593 -3.029977 -21.546259 -24.981355 -27.173601 -28.803572 -35.183667 -25.031647 -16.722751 -16.164664 -25.949921 -28.524623 -30.069030 -19.974006 -22.383649 -26.529223 -34.791425 -27.589457 -24.604589 -37.993690 -35.893334 -32.847318 -31.673413 -29.204147 -34.684579 
-7.696955 11.534822 17.347018 9.758231 19.244294 15.816818 11.651516 12.727315 5.664261 0.369364 -3.851494 -8.018996 -7.236466 -5.796086 -6.793986 -2.687478 -1.635258 -11.020249 -19.373290 -23.024417 -25.769014 -25.260978 -22.060285 -16.214819 -17.742344 -25.624902 -27.721142 -27.011940 -20.231201 -21.191941 -26.115065 -30.814711 -25.176846 -23.528251 -33.356522 -32.275455 -28.827131 -30.154229 -29.218183 -32.118633 
-5.302683 12.100512 17.253381 9.303477 17.705779 13.949916 12.473331 18.123239 12.257824 4.046384 -3.010766 -4.939575 -4.479662 -3.440969 -4.694509 -1.019864 0.821460 -0.039435 -13.736347 -17.657453 -23.007963 -22.263215 -22.457529 -19.515502 -17.085339 -23.356310 -28.154647 -26.856277 -16.240146 -14.850001 -27.393809 -29.764107 -19.780240 -23.110843 -39.772264 -40.159381 -31.951508 -29.955875 -31.523531 -34.339240 
-5.934407 12.387407 16.724466 8.816882 16.082183 9.940889 13.610351 13.462775 17.653484 11.371455 -3.990895 -2.110991 -3.027697 -2.935302 -5.911686 -3.101574 3.364068 2.692249 -6.237870 -13.173638 -20.573891 -17.987154 -14.016070 -5.837865 -9.709070 -20.808868 -27.420906 -28.718766 -15.447880 -12.178312 -27.543334 -28.393734 -21.813691 -24.043290 -35.856651 -46.431474 -34.821267 -28.875463 -29.306910 -35.829240 
-2.641620 12.742938 16.416762 9.452150 16.013734 9.233800 12.618796 11.431619 21.139417 12.089226 0.696830 2.661177 -0.455000 -3.398517 -6.889287 -4.226948 -0.097059 6.169611 0.688148 -8.636500 -16.716768 -16.099548 -13.171909 -3.142354 -7.348842 -19.112727 -22.297563 -18.811090 -10.980975 -12.904510 -28.837414 -30.166635 -22.357474 -23.363443 -34.536317 -45.745096 -40.173298 -32.432831 -31.485053 -36.796757 
-5.438636 12.279724 15.586246 8.668415 15.090650 6.957474 10.695049 10.983177 21.300466 12.215737 6.240691 4.283672 -1.746818 -4.835541 -5.821579 -6.965376 -4.064090 4.679214 4.011461 -9.281147 -15.395900 -13.432924 -10.727349 -2.372011 -8.941409 -24.233701 -20.336008 -15.423001 -9.013793 -9.525865 -27.376642 -29.105686 -25.044170 -27.857024 -33.815419 -38.787387 -38.377405 -34.066106 -34.342716 -36.587362 
-5.508518 12.152566 14.749701 8.383691 13.424818 6.067849 8.619496 13.684104 18.580010 9.663295 3.747211 1.227314 -4.997720 -6.091868 -6.685020 -7.881186 -6.433787 -2.120982 2.572532 -5.303567 -15.333127 -16.172124 -12.226479 -2.768064 -16.770462 -23.240025 -22.934242 -18.768264 -11.554666 -14.104562 -28.654822 -31.333169 -31.076080 -31.962570 -35.833604 -41.933264 -41.696485 -34.229489 -37.291435 -37.898777 
-5.310495 12.206422 14.003954 8.345731 11.285329 5.962202 5.517416 12.719463 12.288493 2.433063 -4.164378 -1.818553 -8.930255 -8.791074 -12.196333 -10.788797 -12.079461 -8.378150 1.058629 -2.131836 -14.860848 -14.571615 -9.982362 -6.628209 -16.746954 -20.219051 -21.982302 -21.161706 -13.073895 -14.959898 -27.705511 -29.619007 -30.888282 -34.083041 -36.345597 -49.991927 -48.800848 -35.745176 -42.164039 -41.937122 
-4.071004 12.269306 12.490661 6.492247 6.830842 3.149437 2.071829 10.049784 4.384054 0.531484 -3.305882 -8.243748 -13.152420 -12.670026 -16.513069 -18.526561 -18.725339 -15.811816 -7.245416 -4.070810 -16.947961 -16.711573 -15.986558 -12.087990 -22.047367 -24.950128 -24.939919 -25.375126 -20.543704 -18.697092 -29.485511 -31.094104 -31.920579 -34.880650 -35.418455 -45.294870 -45.687391 -39.512751 -43.780875 -41.886676 
-1.496682 11.482419 10.067017 5.091580 3.775768 3.835469 3.526436 5.254925 -0.938938 -9.961015 -16.204535 -18.761394 -20.144623 -17.889464 -23.218503 -26.317765 -20.940348 -15.130076 -11.243555 -13.977009 -20.000787 -21.832465 -14.273139 -13.523519 -28.192696 -34.684959 -34.890025 -35.907924 -26.609547 -29.394128 -37.811035 -36.839470 -36.790818 -39.216187 -37.978077 -51.086136 -50.021345 -45.657359 -49.146804 -42.594917 
-1.001446 7.586132 5.856699 -0.971191 -5.840929 -4.098975 -10.310379 -12.279762 -13.497349 -14.754144 -21.634260 -20.666460 -27.291048 -28.270609 -36.884940 -33.005705 -32.437063 -26.422919 -16.240651 -16.958034 -25.636704 -33.965866 -26.964968 -20.257991 -35.097737 -37.105040 -33.105657 -34.012502 -31.406805 -35.486848 -42.688924 -42.450136 -44.392958 -40.832439 -44.882036 -53.785381 -43.571180 -43.007272 -52.012256 -50.809902 
-7.442854 -6.002268 -7.746780 -14.072159 -17.058781 -22.964345 -20.479233 -12.415779 -17.364322 -23.858695 -31.870550 -34.845743 -44.219771 -41.406519 -44.528329 -42.737130 -39.765037 -30.970761 -31.661130 -36.587757 -42.165602 -46.540196 -40.291014 -38.366674 -44.029306 -40.826659 -38.185432 -44.517202 -41.915028 -44.614848 -47.162241 -49.850152 -53.119769 -50.755293 -52.110048 -55.139019 -45.554138 -47.900363 -59.939633 -54.005177 
-14.828314 -14.405006 -15.835187 -21.807634 -29.165298 -30.121971 -25.897939 -15.544723 -22.829034 -26.185643 -31.822218 -34.645532 -47.501218 -46.073680 -51.668911 -55.454485 -43.838135 -33.422207 -32.637704 -35.635805 -49.079961 -51.149155 -48.376539 -43.139672 -50.939171 -52.597027 -51.070608 -54.536959 -48.424969 -53.149645 -56.367304 -56.662981 -62.237572 -59.515300 -62.981804 -59.196151 -60.899601 -61.249891 -66.988429 -63.479234 
-22.782137 -26.620085 -24.802647 -32.526692 -50.474903 -37.843499 -30.901772 -27.276941 -29.384171 -29.657367 -37.415430 -43.139401 -56.752597 -57.206827 -52.087945 -50.566108 -47.297954 -46.826551 -41.105101 -36.507133 -52.852318 -54.889713 -53.444374 -47.985495 -53.975977 -60.043094 -66.241883 -66.097851 -61.319810 -57.980777 -61.834967 -63.105953 -66.754835 -64.970413 -64.844948 -61.568611 -58.749823 -59.673258 -68.592057 -66.643080 
-32.718529 -26.902800 -31.713520 -39.348847 -45.393198 -49.853106 -35.629239 -30.998396 -32.465421 -31.257320 -44.126854 -48.359058 -65.944908 -62.313984 -58.969884 -59.008791 -50.657125 -48.768549 -47.206552 -41.084237 -54.273488 -54.802045 -54.971346 -52.975739 -58.460631 -65.564827 -74.604764 -62.976867 -60.711484 -63.270972 -68.031180 -65.310242 -68.186969 -71.038870 -68.722510 -67.628522 -64.001276 -64.007372 -72.482585 -68.739655 
-22.107175 -27.925977 -40.471435 -42.622257 -45.639765 -44.697676 -42.586674 -34.630692 -36.696363 -35.308713 -51.957117 -56.905384 -64.336279 -65.939793 -56.957693 -59.722628 -50.824827 -46.980963 -44.969807 -46.587220 -53.692202 -63.919782 -62.335605 -54.710800 -60.928829 -65.546359 -71.736311 -65.687578 -64.595768 -64.545639 -68.991722 -67.615628 -72.154478 -78.884838 -72.207436 -72.633694 -69.719335 -70.532830 -72.514124 -70.454789 
-30.050430 -33.015278 -38.483380 -45.572745 -49.754881 -47.799311 -40.777846 -37.563376 -43.292522 -44.137222 -52.282597 -62.464933 -66.814606 -65.845951 -55.635631 -58.145923 -52.892336 -47.266291 -50.896466 -48.706063 -55.407831 -58.640591 -53.607546 -53.233377 -61.248407 -61.970023 -69.693450 -66.876932 -65.932829 -70.501646 -69.041861 -66.495072 -69.692166 -72.342527 -71.888906 -73.150059 -67.202489 -69.037506 -73.480197 -68.738758 
-30.385455 -32.122175 -27.604521 -27.544530 -27.810640 -28.638177 -33.433901 -34.832160 -35.564633 -32.087169 -31.094339 -32.323897 -31.624977 -32.362882 -41.553503 -43.211280 -32.073075 -30.754666 -30.497558 -35.408960 -33.385995 -29.358927 -30.048054 -32.481868 -37.645543 -30.003274 -30.095405 -33.818352 -27.390774 -33.683868 -31.335149 -30.487783 -38.551239 -43.216061 -46.561529 -48.255741 -46.347292 -42.951726 -44.933332 -49.053679 
-18.204893 -18.731057 -19.785487 -16.675233 -13.486762 -12.976889 -15.930422 -26.688622 -19.809589 -16.206267 -19.412138 -25.948762 -20.412822 -18.231640 -22.689472 -24.169834 -17.964445 -20.787754 -19.768771 -18.493637 -22.759581 -19.828436 -21.931036 -20.424425 -20.525142 -17.430609 -16.283508 -16.431828 -15.852199 -20.052385 -15.981004 -10.768743 -20.005267 -22.053337 -23.503066 -26.511106 -27.655610 -24.943836 -28.140898 -33.500826 
-26.494307 -14.802551 -15.491915 -23.333716 -17.930430 -12.997269 -9.877050 -9.844424 -11.169647 -16.211902 -23.372238 -19.122545 -16.903451 -19.849317 -23.510597 -23.997140 -22.568331 -25.305719 -14.766011 -21.887274 -24.004223 -23.982105 -19.098333 -12.343838 -20.722963 -19.795542 -20.040821 -17.588993 -13.047702 -12.327759 -13.558706 -9.341612 -15.818348 -16.400043 -22.022908 -23.740328 -22.925989 -21.845533 -24.795912 -27.925641 
-19.833262 -17.346426 -21.443839 -31.518601 -26.950334 -22.244680 -19.348305 -19.437620 -21.251604 -22.869501 -29.549702 -23.936381 -22.787927 -29.596928 -36.379506 -32.387559 -25.841447 -24.048957 -14.877020 -23.124279 -31.346295 -29.701043 -18.508577 -14.761242 -22.032239 -24.215094 -22.809309 -16.984747 -10.478132 -14.279214 -15.362114 -10.755768 -16.161349 -19.144650 -21.801196 -24.702456 -23.634903 -24.014035 -27.070338 -28.337918 
-23.699000 -26.173543 -23.278683 -25.179236 -29.039745 -33.274438 -26.744673 -20.909540 -25.895100 -24.712767 -32.645687 -27.321583 -26.557105 -25.704884 -25.865401 -28.833410 -31.364241 -22.039983 -19.663826 -24.721607 -26.302251 -29.811105 -19.173808 -15.970056 -31.186459 -30.653080 -26.240753 -15.741112 -14.248907 -20.907915 -17.037536 -17.081361 -20.350695 -27.058709 -27.168221 -27.734805 -25.251063 -25.817001 -31.346137 -33.968822 
-29.578692 -30.856650 -27.901415 -28.093561 -33.330102 -29.768100 -23.150948 -22.831724 -20.275024 -24.915917 -33.525559 -25.999232 -33.787760 -26.402406 -29.445522 -29.419399 -34.837464 -24.247179 -16.065191 -25.552282 -31.222939 -29.475165 -23.670414 -14.960473 -30.983695 -29.665816 -26.784961 -22.152845 -14.911079 -22.414477 -22.948056 -20.185692 -20.079209 -23.801637 -26.368481 -33.197661 -29.126221 -29.822456 -31.201140 -34.085824 
-34.472682 -26.792116 -29.508755 -35.722169 -29.970479 -32.022080 -22.989626 -16.881857 -30.103352 -35.607940 -31.818479 -21.209551 -29.419297 -33.494403 -33.012328 -33.204748 -33.783538 -23.027213 -19.255292 -28.594275 -32.223487 -29.604505 -23.844828 -21.726273 -29.085988 -28.536843 -26.424729 -20.806183 -21.552801 -28.249040 -26.286991 -23.437819 -25.361988 -26.658873 -31.947585 -35.336435 -30.969092 -34.730917 -36.891567 -36.824210 
-26.095155 -21.824615 -28.457865 -42.854778 -34.942205 -29.554772 -22.645922 -17.012428 -22.363947 -31.377703 -26.223220 -21.355523 -27.602648 -36.824476 -37.431505 -39.341084 -40.954527 -24.981527 -20.077505 -30.966232 -31.577024 -29.399614 -26.952029 -26.988266 -34.897569 -37.227306 -35.986590 -25.111145 -21.154562 -34.681466 -30.994910 -30.235514 -29.146771 -29.007962 -35.135120 -39.507177 -35.559417 -35.787130 -40.564311 -42.097077 
-23.595213 -20.069130 -22.637222 -21.671759 -21.446808 -24.202367 -27.569957 -25.378467 -26.257420 -30.959338 -33.541286 -29.358931 -32.807428 -31.981253 -31.076157 -37.352430 -33.565385 -23.727500 -23.843177 -32.852543 -31.813369 -35.267860 -31.365924 -30.746707 -38.760593 -41.446656 -38.666433 -26.980070 -28.062499 -39.207588 -37.306434 -35.696146 -35.283778 -38.012133 -43.300724 -44.996369 -44.558799 -41.420641 -42.847419 -45.755626 
-19.962259 -21.601463 -24.665203 -22.998009 -24.075112 -31.757303 -28.954857 -21.883542 -29.519730 -30.860631 -32.756991 -32.242881 -29.597792 -33.340854 -36.465591 -39.351940 -35.951266 -27.302962 -23.592263 -38.347211 -43.142496 -37.600225 -38.587712 -36.335348 -48.507184 -48.326264 -40.222614 -34.846786 -34.260857 -45.809662 -46.754035 -43.580724 -44.459370 -41.647072 -47.173920 -47.292554 -50.543444 -49.426286 -50.326538 -55.136249 
-25.128229 -24.009813 -30.694103 -31.456976 -33.398190 -38.230214 -36.953718 -25.616154 -31.522839 -34.540469 -35.571560 -36.003009 -32.653978 -38.028498 -47.260424 -40.360433 -37.689981 -33.227755 -34.589041 -42.530218 -48.699222 -43.050783 -39.845792 -41.602341 -56.874000 -52.672007 -50.764667 -45.304340 -40.783170 -53.337984 -57.493786 -52.676986 -52.260892 -54.145218 -53.943173 -56.937196 -59.167307 -59.537667 -60.780393 -64.437781 
-23.459443 -22.454278 -30.563587 -33.563627 -38.548878 -43.071406 -46.319713 -36.969257 -38.624975 -40.412733 -38.250162 -42.323636 -36.902050 -40.730019 -48.875655 -47.806826 -46.917369 -41.393943 -37.652569 -46.741360 -54.265045 -54.522920 -51.997447 -56.427556 -64.896776 -63.184573 -57.316176 -50.976957 -52.952814 -60.390788 -61.119528 -57.971213 -57.673374 -59.571917 -61.252026 -61.446152 -64.857371 -63.269440 -66.927527 -68.606605 
-29.228026 -28.878471 -37.237347 -42.262668 -43.693177 -45.386638 -48.207664 -45.607488 -41.820005 -48.939862 -47.462277 -46.307149 -38.275459 -47.836826 -57.134502 -49.125059 -47.284737 -42.187837 -40.319830 -49.995881 -53.658381 -56.568787 -59.117810 -57.509909 -62.531922 -65.390607 -62.782564 -58.885367 -59.979654 -63.442858 -65.764057 -68.896558 -67.870234 -63.598872 -63.219776 -65.670563 -66.952015 -66.219762 -71.072273 -72.396152 
-26.484481 -30.229904 -34.000781 -41.347420 -48.986250 -49.418566 -53.177930 -45.286999 -47.142658 -53.676690 -53.327472 -52.658372 -54.945594 -52.232856 -54.022314 -53.944188 -54.037998 -47.288669 -48.938625 -58.183931 -59.772475 -57.983414 -56.521103 -57.632225 -64.641491 -70.209855 -66.754715 -63.509451 -63.006905 -62.988244 -62.785425 -61.592037 -65.697166 -63.611990 -70.762873 -66.306412 -64.384016 -64.922692 -68.878836 -66.856333 
-32.792998 -35.940085 -41.097846 -48.268764 -53.150872 -54.358062 -58.348499 -59.427341 -62.023042 -62.094961 -59.705321 -68.755685 -74.245432 -70.494294 -62.197667 -66.668618 -66.858148 -64.119961 -65.940630 -68.254743 -67.073106 -62.235705 -64.555547 -70.175348 -71.207062 -78.244491 -71.934798 -69.494615 -68.078772 -69.355003 -67.211822 -70.468744 -71.206467 -68.511445 -72.954520 -70.784533 -67.689632 -70.060796 -71.249236 -72.590146 
-56.118958 -70.880236 -75.638059 -70.023851 -68.027680 -70.018667 -68.688038 -63.361203 -63.308202 -69.176131 -67.529875 -67.389618 -74.281747 -70.614048 -71.276927 -71.888557 -71.046416 -72.226318 -70.284585 -73.731576 -69.582030 -64.865410 -72.605694 -71.846340 -71.307701 -74.519080 -76.959389 -73.332836 -71.032201 -71.683568 -71.070838 -75.742525 -72.628642 -73.843128 -73.944695 -72.643396 -73.132073 -73.554590 -73.765000 -73.970018 
-57.065139 -77.684257 -73.733032 -70.358450 -73.053513 -69.138561 -70.903838 -67.451657 -71.062548 -67.381094 -72.736313 -77.241228 -74.421984 -73.345431 -73.513308 -70.718935 -73.667352 -78.476310 -73.641836 -70.999764 -68.515416 -67.517070 -72.972383 -71.840335 -73.277283 -77.245908 -72.168479 -71.297051 -72.133817 -72.709591 -72.178051 -75.064207 -71.348654 -69.702309 -71.835660 -72.438041 -71.832049 -73.063675 -72.682136 -75.703496 
-56.570133 -75.529810 -74.353831 -73.290013 -74.691667 -76.176606 -77.467127 -77.934647 -72.814506 -68.924010 -70.256125 -73.991127 -70.161869 -69.918498 -77.530737 -70.986251 -77.520392 -75.841842 -69.670331 -72.539745 -71.921364 -76.194580 -73.711518 -74.189652 -78.633085 -76.334827 -77.737013 -70.257729 -73.796425 -73.423516 -70.175314 -71.896254 -72.974991 -73.643105 -73.517095 -71.705720 -73.117411 -73.690042 -71.774475 -77.003243 
-59.210065 -74.030067 -75.546768 -73.855875 -79.802947 -77.047335 -80.380883 -76.605829 -77.302813 -69.238453 -70.496913 -72.861543 -70.419279 -71.878898 -72.343241 -71.567696 -71.539946 -70.993742 -72.159578 -75.046175 -73.006322 -75.333727 -76.902533 -73.052580 -73.890555 -73.353936 -75.506342 -72.528856 -73.961667 -74.959554 -76.110700 -74.494612 -72.700436 -73.433931 -75.789559 -74.894733 -74.714341 -73.442657 -71.819228 -77.804110 
-58.796125 -78.911778 -78.398475 -74.414285 -76.476432 -78.562436 -76.459033 -71.950268 -74.080002 -70.833191 -73.711241 -71.473356 -74.035320 -73.462406 -74.866501 -78.833186 -71.984661 -69.419356 -71.563379 -74.642055 -76.176646 -72.684719 -78.114200 -75.424705 -73.079595 -79.912415 -79.898916 -75.941343 -72.771564 -74.113962 -75.649737 -77.120790 -73.681318 -73.738524 -74.024874 -73.141075 -74.189856 -71.996570 -73.197281 -75.673072 
-58.538234 -79.512958 -74.472307 -76.368272 -77.131851 -76.928106 -77.891952 -72.810089 -70.747051 -72.220342 -70.618720 -78.928688 -78.360665 -74.895293 -75.964030 -75.561771 -72.703429 -69.486781 -74.877651 -74.737556 -74.450231 -71.348747 -83.098023 -82.005278 -76.317506 -72.051010 -73.969401 -74.117371 -76.405712 -77.676788 -73.817762 -73.399721 -75.571728 -73.341879 -76.069926 -75.670603 -77.062663 -78.430556 -75.216058 -79.275782 
-57.569188 -72.884891 -75.700141 -74.959148 -72.662019 -68.165796 -68.264838 -69.694625 -72.290555 -69.869952 -78.085074 -75.751867 -75.255263 -75.996328 -77.195815 -72.655423 -71.105615 -76.542286 -74.532464 -76.398236 -72.441875 -75.122683 -75.908743 -71.678145 -74.593025 -73.845755 -75.951718 -76.289617 -75.795076 -71.171272 -73.837203 -75.734089 -76.186932 -75.154768 -73.012342 -75.358884 -77.258210 -75.248505 -73.956717 -79.816066 
-57.783105 -72.818828 -74.515616 -80.224930 -74.556345 -74.997510 -78.127395 -76.738264 -74.389424 -76.463739 -70.634383 -70.883790 -74.486410 -73.320436 -72.174607 -73.253459 -75.111474 -73.816828 -72.968728 -72.002427 -75.246071 -73.199005 -75.363193 -78.289245 -74.590488 -70.547197 -71.567539 -75.764389 -75.532255 -74.698319 -74.813526 -75.306607 -76.888345 -74.287477 -71.160054 -73.898786 -74.383572 -74.695543 -74.362805 -76.881633 
-57.425659 -62.518714 -66.896143 -71.720691 -79.420219 -77.483089 -72.709571 -70.350523 -72.718881 -81.349597 -72.106070 -72.793236 -75.539902 -73.173898 -71.801641 -73.174458 -75.623011 -76.368158 -82.104090 -77.885342 -74.532934 -71.913939 -78.512453 -75.646332 -77.614403 -77.923965 -74.077956 -78.121180 -73.325603 -82.471088 -82.836509 -75.240005 -76.551543 -75.945299 -79.034397 -76.826202 -75.164975 -77.106868 -77.455112 -78.430698 
-87.724617 -87.938481 -88.299576 -88.923099 -89.801398 -91.095337 -92.780057 -95.066013 -97.845405 -98.951152 -97.132491 -94.632595 -92.895289 -92.046914 -92.137883 -93.302981 -95.830050 -99.218184 -99.378001 -96.595811 -95.054724 -95.296223 -96.627536 -97.615151 -98.467886 -101.738769 -103.898578 -99.522252 -98.943398 -102.442083 -103.142824 -101.650653 -98.701025 -97.864876 -100.666133 -100.272391 -97.280972 -97.852772 -102.028202 -100.582395 
NaN NaN NaN NaN NaN NaN NaN NaN NaN NaN NaN NaN NaN NaN NaN NaN NaN NaN NaN NaN NaN NaN NaN NaN NaN NaN NaN NaN NaN NaN NaN NaN NaN NaN NaN NaN NaN NaN NaN NaN 
NaN NaN NaN NaN NaN NaN NaN NaN NaN NaN NaN NaN NaN NaN NaN NaN NaN NaN NaN NaN NaN NaN NaN NaN NaN NaN NaN NaN NaN NaN NaN NaN NaN NaN NaN NaN NaN NaN NaN NaN 
NaN NaN NaN NaN NaN NaN NaN NaN NaN NaN NaN NaN NaN NaN NaN NaN NaN NaN NaN NaN NaN NaN NaN NaN NaN NaN NaN NaN NaN NaN NaN NaN NaN NaN NaN NaN NaN NaN NaN NaN 
NaN NaN NaN NaN NaN NaN NaN NaN NaN NaN NaN NaN NaN NaN NaN NaN NaN NaN NaN NaN NaN NaN NaN NaN NaN NaN NaN NaN NaN NaN NaN NaN NaN NaN NaN NaN NaN NaN NaN NaN 
NaN NaN NaN NaN NaN NaN NaN NaN NaN NaN NaN NaN NaN NaN NaN NaN NaN NaN NaN NaN NaN NaN NaN NaN NaN NaN NaN NaN NaN NaN NaN NaN NaN NaN NaN NaN NaN NaN NaN NaN 
NaN NaN NaN NaN NaN NaN NaN NaN NaN NaN NaN NaN NaN NaN NaN NaN NaN NaN NaN NaN NaN NaN NaN NaN NaN NaN NaN NaN NaN NaN NaN NaN NaN NaN NaN NaN NaN NaN NaN NaN 
NaN NaN NaN NaN NaN NaN NaN NaN NaN NaN NaN NaN NaN NaN NaN NaN NaN NaN NaN NaN NaN NaN NaN NaN NaN NaN NaN NaN NaN NaN NaN NaN NaN NaN NaN NaN NaN NaN NaN NaN 
NaN NaN NaN NaN NaN NaN NaN NaN NaN NaN NaN NaN NaN NaN NaN NaN NaN NaN NaN NaN NaN NaN NaN NaN NaN NaN NaN NaN NaN NaN NaN NaN NaN NaN NaN NaN NaN NaN NaN NaN 
NaN NaN NaN NaN NaN NaN NaN NaN NaN NaN NaN NaN NaN NaN NaN NaN NaN NaN NaN NaN NaN NaN NaN NaN NaN NaN NaN NaN NaN NaN NaN NaN NaN NaN NaN NaN NaN NaN NaN NaN 
NaN NaN NaN NaN NaN NaN NaN NaN NaN NaN NaN NaN NaN NaN NaN NaN NaN NaN NaN NaN NaN NaN NaN NaN NaN NaN NaN NaN NaN NaN NaN NaN NaN NaN NaN NaN NaN NaN NaN NaN 
NaN NaN NaN NaN NaN NaN NaN NaN NaN NaN NaN NaN NaN NaN NaN NaN NaN NaN NaN NaN NaN NaN NaN NaN NaN NaN NaN NaN NaN NaN NaN NaN NaN NaN NaN NaN NaN NaN NaN NaN 
NaN NaN NaN NaN NaN NaN NaN NaN NaN NaN NaN NaN NaN NaN NaN NaN NaN NaN NaN NaN NaN NaN NaN NaN NaN NaN NaN NaN NaN NaN NaN NaN NaN NaN NaN NaN NaN NaN NaN NaN 
NaN NaN NaN NaN NaN NaN NaN NaN NaN NaN NaN NaN NaN NaN NaN NaN NaN NaN NaN NaN NaN NaN NaN NaN NaN NaN NaN NaN NaN NaN NaN NaN NaN NaN NaN NaN NaN NaN NaN NaN 
NaN NaN NaN NaN NaN NaN NaN NaN NaN NaN NaN NaN NaN NaN NaN NaN NaN NaN NaN NaN NaN NaN NaN NaN NaN NaN NaN NaN NaN NaN NaN NaN NaN NaN NaN NaN NaN NaN NaN NaN 
NaN NaN NaN NaN NaN NaN NaN NaN NaN NaN NaN NaN NaN NaN NaN NaN NaN NaN NaN NaN NaN NaN NaN NaN NaN NaN NaN NaN NaN NaN NaN NaN NaN NaN NaN NaN NaN NaN NaN NaN 
NaN NaN NaN NaN NaN NaN NaN NaN NaN NaN NaN NaN NaN NaN NaN NaN NaN NaN NaN NaN NaN NaN NaN NaN NaN NaN NaN NaN NaN NaN NaN NaN NaN NaN NaN NaN NaN NaN NaN NaN 
NaN NaN NaN NaN NaN NaN NaN NaN NaN NaN NaN NaN NaN NaN NaN NaN NaN NaN NaN NaN NaN NaN NaN NaN NaN NaN NaN NaN NaN NaN NaN NaN NaN NaN NaN NaN NaN NaN NaN NaN 
NaN NaN NaN NaN NaN NaN NaN NaN NaN NaN NaN NaN NaN NaN NaN NaN NaN NaN NaN NaN NaN NaN NaN NaN NaN NaN NaN NaN NaN NaN NaN NaN NaN NaN NaN NaN NaN NaN NaN NaN 
NaN NaN NaN NaN NaN NaN NaN NaN NaN NaN NaN NaN NaN NaN NaN NaN NaN NaN NaN NaN NaN NaN NaN NaN NaN NaN NaN NaN NaN NaN NaN NaN NaN NaN NaN NaN NaN NaN NaN NaN 
NaN NaN NaN NaN NaN NaN NaN NaN NaN NaN NaN NaN NaN NaN NaN NaN NaN NaN NaN NaN NaN NaN NaN NaN NaN NaN NaN NaN NaN NaN NaN NaN NaN NaN NaN NaN NaN NaN NaN NaN 
NaN NaN NaN NaN NaN NaN NaN NaN NaN NaN NaN NaN NaN NaN NaN NaN NaN NaN NaN NaN NaN NaN NaN NaN NaN NaN NaN NaN NaN NaN NaN NaN NaN NaN NaN NaN NaN NaN NaN NaN 
NaN NaN NaN NaN NaN NaN NaN NaN NaN NaN NaN NaN NaN NaN NaN NaN NaN NaN NaN NaN NaN NaN NaN NaN NaN NaN NaN NaN NaN NaN NaN NaN NaN NaN NaN NaN NaN NaN NaN NaN 
NaN NaN NaN NaN NaN NaN NaN NaN NaN NaN NaN NaN NaN NaN NaN NaN NaN NaN NaN NaN NaN NaN NaN NaN NaN NaN NaN NaN NaN NaN NaN NaN NaN NaN NaN NaN NaN NaN NaN NaN 
NaN NaN NaN NaN NaN NaN NaN NaN NaN NaN NaN NaN NaN NaN NaN NaN NaN NaN NaN NaN NaN NaN NaN NaN NaN NaN NaN NaN NaN NaN NaN NaN NaN NaN NaN NaN NaN NaN NaN NaN 
NaN NaN NaN NaN NaN NaN NaN NaN NaN NaN NaN NaN NaN NaN NaN NaN NaN NaN NaN NaN NaN NaN NaN NaN NaN NaN NaN NaN NaN NaN NaN NaN NaN NaN NaN NaN NaN NaN NaN NaN 
NaN NaN NaN NaN NaN NaN NaN NaN NaN NaN NaN NaN NaN NaN NaN NaN NaN NaN NaN NaN NaN NaN NaN NaN NaN NaN NaN NaN NaN NaN NaN NaN NaN NaN NaN NaN NaN NaN NaN NaN 
NaN NaN NaN NaN NaN NaN NaN NaN NaN NaN NaN NaN NaN NaN NaN NaN NaN NaN NaN NaN NaN NaN NaN NaN NaN NaN NaN NaN NaN NaN NaN NaN NaN NaN NaN NaN NaN NaN NaN NaN 
NaN NaN NaN NaN NaN NaN NaN NaN NaN NaN NaN NaN NaN NaN NaN NaN NaN NaN NaN NaN NaN NaN NaN NaN NaN NaN NaN NaN NaN NaN NaN NaN NaN NaN NaN NaN NaN NaN NaN NaN 
NaN NaN NaN NaN NaN NaN NaN NaN NaN NaN NaN NaN NaN NaN NaN NaN NaN NaN NaN NaN NaN NaN NaN NaN NaN NaN NaN NaN NaN NaN NaN NaN NaN NaN NaN NaN NaN NaN NaN NaN 
NaN NaN NaN NaN NaN NaN NaN NaN NaN NaN NaN NaN NaN NaN NaN NaN NaN NaN NaN NaN NaN NaN NaN NaN NaN NaN NaN NaN NaN NaN NaN NaN NaN NaN NaN NaN NaN NaN NaN NaN 
NaN NaN NaN NaN NaN NaN NaN NaN NaN NaN NaN NaN NaN NaN NaN NaN NaN NaN NaN NaN NaN NaN NaN NaN NaN NaN NaN NaN NaN NaN NaN NaN NaN NaN NaN NaN NaN NaN NaN NaN 
NaN NaN NaN NaN NaN NaN NaN NaN NaN NaN NaN NaN NaN NaN NaN NaN NaN NaN NaN NaN NaN NaN NaN NaN NaN NaN NaN NaN NaN NaN NaN NaN NaN NaN NaN NaN NaN NaN NaN NaN 
NaN NaN NaN NaN NaN NaN NaN NaN NaN NaN NaN NaN NaN NaN NaN NaN NaN NaN NaN NaN NaN NaN NaN NaN NaN NaN NaN NaN NaN NaN NaN NaN NaN NaN NaN NaN NaN NaN NaN NaN 
NaN NaN NaN NaN NaN NaN NaN NaN NaN NaN NaN NaN NaN NaN NaN NaN NaN NaN NaN NaN NaN NaN NaN NaN NaN NaN NaN NaN NaN NaN NaN NaN NaN NaN NaN NaN NaN NaN NaN NaN 
NaN NaN NaN NaN NaN NaN NaN NaN NaN NaN NaN NaN NaN NaN NaN NaN NaN NaN NaN NaN NaN NaN NaN NaN NaN NaN NaN NaN NaN NaN NaN NaN NaN NaN NaN NaN NaN NaN NaN NaN 
NaN NaN NaN NaN NaN NaN NaN NaN NaN NaN NaN NaN NaN NaN NaN NaN NaN NaN NaN NaN NaN NaN NaN NaN NaN NaN NaN NaN NaN NaN NaN NaN NaN NaN NaN NaN NaN NaN NaN NaN 
NaN NaN NaN NaN NaN NaN NaN NaN NaN NaN NaN NaN NaN NaN NaN NaN NaN NaN NaN NaN NaN NaN NaN NaN NaN NaN NaN NaN NaN NaN NaN NaN NaN NaN NaN NaN NaN NaN NaN NaN 
NaN NaN NaN NaN NaN NaN NaN NaN NaN NaN NaN NaN NaN NaN NaN NaN NaN NaN NaN NaN NaN NaN NaN NaN NaN NaN NaN NaN NaN NaN NaN NaN NaN NaN NaN NaN NaN NaN NaN NaN 
NaN NaN NaN NaN NaN NaN NaN NaN NaN NaN NaN NaN NaN NaN NaN NaN NaN NaN NaN NaN NaN NaN NaN NaN NaN NaN NaN NaN NaN NaN NaN NaN NaN NaN NaN NaN NaN NaN NaN NaN 
NaN NaN NaN NaN NaN NaN NaN NaN NaN NaN NaN NaN NaN NaN NaN NaN NaN NaN NaN NaN NaN NaN NaN NaN NaN NaN NaN NaN NaN NaN NaN NaN NaN NaN NaN NaN NaN NaN NaN NaN 
NaN NaN NaN NaN NaN NaN NaN NaN NaN NaN NaN NaN NaN NaN NaN NaN NaN NaN NaN NaN NaN NaN NaN NaN NaN NaN NaN NaN NaN NaN NaN NaN NaN NaN NaN NaN NaN NaN NaN NaN 
NaN NaN NaN NaN NaN NaN NaN NaN NaN NaN NaN NaN NaN NaN NaN NaN NaN NaN NaN NaN NaN NaN NaN NaN NaN NaN NaN NaN NaN NaN NaN NaN NaN NaN NaN NaN NaN NaN NaN NaN 
NaN NaN NaN NaN NaN NaN NaN NaN NaN NaN NaN NaN NaN NaN NaN NaN NaN NaN NaN NaN NaN NaN NaN NaN NaN NaN NaN NaN NaN NaN NaN NaN NaN NaN NaN NaN NaN NaN NaN NaN 
NaN NaN NaN NaN NaN NaN NaN NaN NaN NaN NaN NaN NaN NaN NaN NaN NaN NaN NaN NaN NaN NaN NaN NaN NaN NaN NaN NaN NaN NaN NaN NaN NaN NaN NaN NaN NaN NaN NaN NaN 
NaN NaN NaN NaN NaN NaN NaN NaN NaN NaN NaN NaN NaN NaN NaN NaN NaN NaN NaN NaN NaN NaN NaN NaN NaN NaN NaN NaN NaN NaN NaN NaN NaN NaN NaN NaN NaN NaN NaN NaN 
NaN NaN NaN NaN NaN NaN NaN NaN NaN NaN NaN NaN NaN NaN NaN NaN NaN NaN NaN NaN NaN NaN NaN NaN NaN NaN NaN NaN NaN NaN NaN NaN NaN NaN NaN NaN NaN NaN NaN NaN 
NaN NaN NaN NaN NaN NaN NaN NaN NaN NaN NaN NaN NaN NaN NaN NaN NaN NaN NaN NaN NaN NaN NaN NaN NaN NaN NaN NaN NaN NaN NaN NaN NaN NaN NaN NaN NaN NaN NaN NaN 
NaN NaN NaN NaN NaN NaN NaN NaN NaN NaN NaN NaN NaN NaN NaN NaN NaN NaN NaN NaN NaN NaN NaN NaN NaN NaN NaN NaN NaN NaN NaN NaN NaN NaN NaN NaN NaN NaN NaN NaN 
NaN NaN NaN NaN NaN NaN NaN NaN NaN NaN NaN NaN NaN NaN NaN NaN NaN NaN NaN NaN NaN NaN NaN NaN NaN NaN NaN NaN NaN NaN NaN NaN NaN NaN NaN NaN NaN NaN NaN NaN 
NaN NaN NaN NaN NaN NaN NaN NaN NaN NaN NaN NaN NaN NaN NaN NaN NaN NaN NaN NaN NaN NaN NaN NaN NaN NaN NaN NaN NaN NaN NaN NaN NaN NaN NaN NaN NaN NaN NaN NaN 
NaN NaN NaN NaN NaN NaN NaN NaN NaN NaN NaN NaN NaN NaN NaN NaN NaN NaN NaN NaN NaN NaN NaN NaN NaN NaN NaN NaN NaN NaN NaN NaN NaN NaN NaN NaN NaN NaN NaN NaN 
NaN NaN NaN NaN NaN NaN NaN NaN NaN NaN NaN NaN NaN NaN NaN NaN NaN NaN NaN NaN NaN NaN NaN NaN NaN NaN NaN NaN NaN NaN NaN NaN NaN NaN NaN NaN NaN NaN NaN NaN 
NaN NaN NaN NaN NaN NaN NaN NaN NaN NaN NaN NaN NaN NaN NaN NaN NaN NaN NaN NaN NaN NaN NaN NaN NaN NaN NaN NaN NaN NaN NaN NaN NaN NaN NaN NaN NaN NaN NaN NaN 
NaN NaN NaN NaN NaN NaN NaN NaN NaN NaN NaN NaN NaN NaN NaN NaN NaN NaN NaN NaN NaN NaN NaN NaN NaN NaN NaN NaN NaN NaN NaN NaN NaN NaN NaN NaN NaN NaN NaN NaN 
NaN NaN NaN NaN NaN NaN NaN NaN NaN NaN NaN NaN NaN NaN NaN NaN NaN NaN NaN NaN NaN NaN NaN NaN NaN NaN NaN NaN NaN NaN NaN NaN NaN NaN NaN NaN NaN NaN NaN NaN 
NaN NaN NaN NaN NaN NaN NaN NaN NaN NaN NaN NaN NaN NaN NaN NaN NaN NaN NaN NaN NaN NaN NaN NaN NaN NaN NaN NaN NaN NaN NaN NaN NaN NaN NaN NaN NaN NaN NaN NaN 
NaN NaN NaN NaN NaN NaN NaN NaN NaN NaN NaN NaN NaN NaN NaN NaN NaN NaN NaN NaN NaN NaN NaN NaN NaN NaN NaN NaN NaN NaN NaN NaN NaN NaN NaN NaN NaN NaN NaN NaN 
NaN NaN NaN NaN NaN NaN NaN NaN NaN NaN NaN NaN NaN NaN NaN NaN NaN NaN NaN NaN NaN NaN NaN NaN NaN NaN NaN NaN NaN NaN NaN NaN NaN NaN NaN NaN NaN NaN NaN NaN 
NaN NaN NaN NaN NaN NaN NaN NaN NaN NaN NaN NaN NaN NaN NaN NaN NaN NaN NaN NaN NaN NaN NaN NaN NaN NaN NaN NaN NaN NaN NaN NaN NaN NaN NaN NaN NaN NaN NaN NaN 
NaN NaN NaN NaN NaN NaN NaN NaN NaN NaN NaN NaN NaN NaN NaN NaN NaN NaN NaN NaN NaN NaN NaN NaN NaN NaN NaN NaN NaN NaN NaN NaN NaN NaN NaN NaN NaN NaN NaN NaN 
NaN NaN NaN NaN NaN NaN NaN NaN NaN NaN NaN NaN NaN NaN NaN NaN NaN NaN NaN NaN NaN NaN NaN NaN NaN NaN NaN NaN NaN NaN NaN NaN NaN NaN NaN NaN NaN NaN NaN NaN 
NaN NaN NaN NaN NaN NaN NaN NaN NaN NaN NaN NaN NaN NaN NaN NaN NaN NaN NaN NaN NaN NaN NaN NaN NaN NaN NaN NaN NaN NaN NaN NaN NaN NaN NaN NaN NaN NaN NaN NaN 
NaN NaN NaN NaN NaN NaN NaN NaN NaN NaN NaN NaN NaN NaN NaN NaN NaN NaN NaN NaN NaN NaN NaN NaN NaN NaN NaN NaN NaN NaN NaN NaN NaN NaN NaN NaN NaN NaN NaN NaN 
NaN NaN NaN NaN NaN NaN NaN NaN NaN NaN NaN NaN NaN NaN NaN NaN NaN NaN NaN NaN NaN NaN NaN NaN NaN NaN NaN NaN NaN NaN NaN NaN NaN NaN NaN NaN NaN NaN NaN NaN 
NaN NaN NaN NaN NaN NaN NaN NaN NaN NaN NaN NaN NaN NaN NaN NaN NaN NaN NaN NaN NaN NaN NaN NaN NaN NaN NaN NaN NaN NaN NaN NaN NaN NaN NaN NaN NaN NaN NaN NaN 
NaN NaN NaN NaN NaN NaN NaN NaN NaN NaN NaN NaN NaN NaN NaN NaN NaN NaN NaN NaN NaN NaN NaN NaN NaN NaN NaN NaN NaN NaN NaN NaN NaN NaN NaN NaN NaN NaN NaN NaN 
NaN NaN NaN NaN NaN NaN NaN NaN NaN NaN NaN NaN NaN NaN NaN NaN NaN NaN NaN NaN NaN NaN NaN NaN NaN NaN NaN NaN NaN NaN NaN NaN NaN NaN NaN NaN NaN NaN NaN NaN 
NaN NaN NaN NaN NaN NaN NaN NaN NaN NaN NaN NaN NaN NaN NaN NaN NaN NaN NaN NaN NaN NaN NaN NaN NaN NaN NaN NaN NaN NaN NaN NaN NaN NaN NaN NaN NaN NaN NaN NaN 
NaN NaN NaN NaN NaN NaN NaN NaN NaN NaN NaN NaN NaN NaN NaN NaN NaN NaN NaN NaN NaN NaN NaN NaN NaN NaN NaN NaN NaN NaN NaN NaN NaN NaN NaN NaN NaN NaN NaN NaN 
NaN NaN NaN NaN NaN NaN NaN NaN NaN NaN NaN NaN NaN NaN NaN NaN NaN NaN NaN NaN NaN NaN NaN NaN NaN NaN NaN NaN NaN NaN NaN NaN NaN NaN NaN NaN NaN NaN NaN NaN 
NaN NaN NaN NaN NaN NaN NaN NaN NaN NaN NaN NaN NaN NaN NaN NaN NaN NaN NaN NaN NaN NaN NaN NaN NaN NaN NaN NaN NaN NaN NaN NaN NaN NaN NaN NaN NaN NaN NaN NaN 
