NaN NaN NaN NaN NaN NaN NaN NaN NaN NaN NaN NaN NaN NaN NaN NaN NaN NaN NaN NaN NaN NaN NaN NaN NaN NaN NaN NaN NaN NaN NaN NaN NaN NaN NaN NaN NaN NaN NaN NaN 
NaN NaN NaN NaN NaN NaN NaN NaN NaN NaN NaN NaN NaN NaN NaN NaN NaN NaN NaN NaN NaN NaN NaN NaN NaN NaN NaN NaN NaN NaN NaN NaN NaN NaN NaN NaN NaN NaN NaN NaN 
NaN NaN NaN NaN NaN NaN NaN NaN NaN NaN NaN NaN NaN NaN NaN NaN NaN NaN NaN NaN NaN NaN NaN NaN NaN NaN NaN NaN NaN NaN NaN NaN NaN NaN NaN NaN NaN NaN NaN NaN 
NaN NaN NaN NaN NaN NaN NaN NaN NaN NaN NaN NaN NaN NaN NaN NaN NaN NaN NaN NaN NaN NaN NaN NaN NaN NaN NaN NaN NaN NaN NaN NaN NaN NaN NaN NaN NaN NaN NaN NaN 
NaN NaN NaN NaN NaN NaN NaN NaN NaN NaN NaN NaN NaN NaN NaN NaN NaN NaN NaN NaN NaN NaN NaN NaN NaN NaN NaN NaN NaN NaN NaN NaN NaN NaN NaN NaN NaN NaN NaN NaN 
NaN NaN NaN NaN NaN NaN NaN NaN NaN NaN NaN NaN NaN NaN NaN NaN NaN NaN NaN NaN NaN NaN NaN NaN NaN NaN NaN NaN NaN NaN NaN NaN NaN NaN NaN NaN NaN NaN NaN NaN 
NaN NaN NaN NaN NaN NaN NaN NaN NaN NaN NaN NaN NaN NaN NaN NaN NaN NaN NaN NaN NaN NaN NaN NaN NaN NaN NaN NaN NaN NaN NaN NaN NaN NaN NaN NaN NaN NaN NaN NaN 
NaN NaN NaN NaN NaN NaN NaN NaN NaN NaN NaN NaN NaN NaN NaN NaN NaN NaN NaN NaN NaN NaN NaN NaN NaN NaN NaN NaN NaN NaN NaN NaN NaN NaN NaN NaN NaN NaN NaN NaN 
NaN NaN NaN NaN NaN NaN NaN NaN NaN NaN NaN NaN NaN NaN NaN NaN NaN NaN NaN NaN NaN NaN NaN NaN NaN NaN NaN NaN NaN NaN NaN NaN NaN NaN NaN NaN NaN NaN NaN NaN 
NaN NaN NaN NaN NaN NaN NaN NaN NaN NaN NaN NaN NaN NaN NaN NaN NaN NaN NaN NaN NaN NaN NaN NaN NaN NaN NaN NaN NaN NaN NaN NaN NaN NaN NaN NaN NaN NaN NaN NaN 
NaN NaN NaN NaN NaN NaN NaN NaN NaN NaN NaN NaN NaN NaN NaN NaN NaN NaN NaN NaN NaN NaN NaN NaN NaN NaN NaN NaN NaN NaN NaN NaN NaN NaN NaN NaN NaN NaN NaN NaN 
NaN NaN NaN NaN NaN NaN NaN NaN NaN NaN NaN NaN NaN NaN NaN NaN NaN NaN NaN NaN NaN NaN NaN NaN NaN NaN NaN NaN NaN NaN NaN NaN NaN NaN NaN NaN NaN NaN NaN NaN 
NaN NaN NaN NaN NaN NaN NaN NaN NaN NaN NaN NaN NaN NaN NaN NaN NaN NaN NaN NaN NaN NaN NaN NaN NaN NaN NaN NaN NaN NaN NaN NaN NaN NaN NaN NaN NaN NaN NaN NaN 
NaN NaN NaN NaN NaN NaN NaN NaN NaN NaN NaN NaN NaN NaN NaN NaN NaN NaN NaN NaN NaN NaN NaN NaN NaN NaN NaN NaN NaN NaN NaN NaN NaN NaN NaN NaN NaN NaN NaN NaN 
NaN NaN NaN NaN NaN NaN NaN NaN NaN NaN NaN NaN NaN NaN NaN NaN NaN NaN NaN NaN NaN NaN NaN NaN NaN NaN NaN NaN NaN NaN NaN NaN NaN NaN NaN NaN NaN NaN NaN NaN 
NaN NaN NaN NaN NaN NaN NaN NaN NaN NaN NaN NaN NaN NaN NaN NaN NaN NaN NaN NaN NaN NaN NaN NaN NaN NaN NaN NaN NaN NaN NaN NaN NaN NaN NaN NaN NaN NaN NaN NaN 
NaN NaN NaN NaN NaN NaN NaN NaN NaN NaN NaN NaN NaN NaN NaN NaN NaN NaN NaN NaN NaN NaN NaN NaN NaN NaN NaN NaN NaN NaN NaN NaN NaN NaN NaN NaN NaN NaN NaN NaN 
NaN NaN NaN NaN NaN NaN NaN NaN NaN NaN NaN NaN NaN NaN NaN NaN NaN NaN NaN NaN NaN NaN NaN NaN NaN NaN NaN NaN NaN NaN NaN NaN NaN NaN NaN NaN NaN NaN NaN NaN 
NaN NaN NaN NaN NaN NaN NaN NaN NaN NaN NaN NaN NaN NaN NaN NaN NaN NaN NaN NaN NaN NaN NaN NaN NaN NaN NaN NaN NaN NaN NaN NaN NaN NaN NaN NaN NaN NaN NaN NaN 
NaN NaN NaN NaN NaN NaN NaN NaN NaN NaN NaN NaN NaN NaN NaN NaN NaN NaN NaN NaN NaN NaN NaN NaN NaN NaN NaN NaN NaN NaN NaN NaN NaN NaN NaN NaN NaN NaN NaN NaN 
NaN NaN NaN NaN NaN NaN NaN NaN NaN NaN NaN NaN NaN NaN NaN NaN NaN NaN NaN NaN NaN NaN NaN NaN NaN NaN NaN NaN NaN NaN NaN NaN NaN NaN NaN NaN NaN NaN NaN NaN 
NaN NaN NaN NaN NaN NaN NaN NaN NaN NaN NaN NaN NaN NaN NaN NaN NaN NaN NaN NaN NaN NaN NaN NaN NaN NaN NaN NaN NaN NaN NaN NaN NaN NaN NaN NaN NaN NaN NaN NaN 
NaN NaN NaN NaN NaN NaN NaN NaN NaN NaN NaN NaN NaN NaN NaN NaN NaN NaN NaN NaN NaN NaN NaN NaN NaN NaN NaN NaN NaN NaN NaN NaN NaN NaN NaN NaN NaN NaN NaN NaN 
NaN NaN NaN NaN NaN NaN NaN NaN NaN NaN NaN NaN NaN NaN NaN NaN NaN NaN NaN NaN NaN NaN NaN NaN NaN NaN NaN NaN NaN NaN NaN NaN NaN NaN NaN NaN NaN NaN NaN NaN 
NaN NaN NaN NaN NaN NaN NaN NaN NaN NaN NaN NaN NaN NaN NaN NaN NaN NaN NaN NaN NaN NaN NaN NaN NaN NaN NaN NaN NaN NaN NaN NaN NaN NaN NaN NaN NaN NaN NaN NaN 
NaN NaN NaN NaN NaN NaN NaN NaN NaN NaN NaN NaN NaN NaN NaN NaN NaN NaN NaN NaN NaN NaN NaN NaN NaN NaN NaN NaN NaN NaN NaN NaN NaN NaN NaN NaN NaN NaN NaN NaN 
NaN NaN NaN NaN NaN NaN NaN NaN NaN NaN NaN NaN NaN NaN NaN NaN NaN NaN NaN NaN NaN NaN NaN NaN NaN NaN NaN NaN NaN NaN NaN NaN NaN NaN NaN NaN NaN NaN NaN NaN 
NaN NaN NaN NaN NaN NaN NaN NaN NaN NaN NaN NaN NaN NaN NaN NaN NaN NaN NaN NaN NaN NaN NaN NaN NaN NaN NaN NaN NaN NaN NaN NaN NaN NaN NaN NaN NaN NaN NaN NaN 
NaN NaN NaN NaN NaN NaN NaN NaN NaN NaN NaN NaN NaN NaN NaN NaN NaN NaN NaN NaN NaN NaN NaN NaN NaN NaN NaN NaN NaN NaN NaN NaN NaN NaN NaN NaN NaN NaN NaN NaN 
NaN NaN NaN NaN NaN NaN NaN NaN NaN NaN NaN NaN NaN NaN NaN NaN NaN NaN NaN NaN NaN NaN NaN NaN NaN NaN NaN NaN NaN NaN NaN NaN NaN NaN NaN NaN NaN NaN NaN NaN 
NaN NaN NaN NaN NaN NaN NaN NaN NaN NaN NaN NaN NaN NaN NaN NaN NaN NaN NaN NaN NaN NaN NaN NaN NaN NaN NaN NaN NaN NaN NaN NaN NaN NaN NaN NaN NaN NaN NaN NaN 
NaN NaN NaN NaN NaN NaN NaN NaN NaN NaN NaN NaN NaN NaN NaN NaN NaN NaN NaN NaN NaN NaN NaN NaN NaN NaN NaN NaN NaN NaN NaN NaN NaN NaN NaN NaN NaN NaN NaN NaN 
NaN NaN NaN NaN NaN NaN NaN NaN NaN NaN NaN NaN NaN NaN NaN NaN NaN NaN NaN NaN NaN NaN NaN NaN NaN NaN NaN NaN NaN NaN NaN NaN NaN NaN NaN NaN NaN NaN NaN NaN 
NaN NaN NaN NaN NaN NaN NaN NaN NaN NaN NaN NaN NaN NaN NaN NaN NaN NaN NaN NaN NaN NaN NaN NaN NaN NaN NaN NaN NaN NaN NaN NaN NaN NaN NaN NaN NaN NaN NaN NaN 
NaN NaN NaN NaN NaN NaN NaN NaN NaN NaN NaN NaN NaN NaN NaN NaN NaN NaN NaN NaN NaN NaN NaN NaN NaN NaN NaN NaN NaN NaN NaN NaN NaN NaN NaN NaN NaN NaN NaN NaN 
NaN NaN NaN NaN NaN NaN NaN NaN NaN NaN NaN NaN NaN NaN NaN NaN NaN NaN NaN NaN NaN NaN NaN NaN NaN NaN NaN NaN NaN NaN NaN NaN NaN NaN NaN NaN NaN NaN NaN NaN 
NaN NaN NaN NaN NaN NaN NaN NaN NaN NaN NaN NaN NaN NaN NaN NaN NaN NaN NaN NaN NaN NaN NaN NaN NaN NaN NaN NaN NaN NaN NaN NaN NaN NaN NaN NaN NaN NaN NaN NaN 
NaN NaN NaN NaN NaN NaN NaN NaN NaN NaN NaN NaN NaN NaN NaN NaN NaN NaN NaN NaN NaN NaN NaN NaN NaN NaN NaN NaN NaN NaN NaN NaN NaN NaN NaN NaN NaN NaN NaN NaN 
NaN NaN NaN NaN NaN NaN NaN NaN NaN NaN NaN NaN NaN NaN NaN NaN NaN NaN NaN NaN NaN NaN NaN NaN NaN NaN NaN NaN NaN NaN NaN NaN NaN NaN NaN NaN NaN NaN NaN NaN 
NaN NaN NaN NaN NaN NaN NaN NaN NaN NaN NaN NaN NaN NaN NaN NaN NaN NaN NaN NaN NaN NaN NaN NaN NaN NaN NaN NaN NaN NaN NaN NaN NaN NaN NaN NaN NaN NaN NaN NaN 
NaN NaN NaN NaN NaN NaN NaN NaN NaN NaN NaN NaN NaN NaN NaN NaN NaN NaN NaN NaN NaN NaN NaN NaN NaN NaN NaN NaN NaN NaN NaN NaN NaN NaN NaN NaN NaN NaN NaN NaN 
NaN NaN NaN NaN NaN NaN NaN NaN NaN NaN NaN NaN NaN NaN NaN NaN NaN NaN NaN NaN NaN NaN NaN NaN NaN NaN NaN NaN NaN NaN NaN NaN NaN NaN NaN NaN NaN NaN NaN NaN 
NaN NaN NaN NaN NaN NaN NaN NaN NaN NaN NaN NaN NaN NaN NaN NaN NaN NaN NaN NaN NaN NaN NaN NaN NaN NaN NaN NaN NaN NaN NaN NaN NaN NaN NaN NaN NaN NaN NaN NaN 
NaN NaN NaN NaN NaN NaN NaN NaN NaN NaN NaN NaN NaN NaN NaN NaN NaN NaN NaN NaN NaN NaN NaN NaN NaN NaN NaN NaN NaN NaN NaN NaN NaN NaN NaN NaN NaN NaN NaN NaN 
NaN NaN NaN NaN NaN NaN NaN NaN NaN NaN NaN NaN NaN NaN NaN NaN NaN NaN NaN NaN NaN NaN NaN NaN NaN NaN NaN NaN NaN NaN NaN NaN NaN NaN NaN NaN NaN NaN NaN NaN 
NaN NaN NaN NaN NaN NaN NaN NaN NaN NaN NaN NaN NaN NaN NaN NaN NaN NaN NaN NaN NaN NaN NaN NaN NaN NaN NaN NaN NaN NaN NaN NaN NaN NaN NaN NaN NaN NaN NaN NaN 
NaN NaN NaN NaN NaN NaN NaN NaN NaN NaN NaN NaN NaN NaN NaN NaN NaN NaN NaN NaN NaN NaN NaN NaN NaN NaN NaN NaN NaN NaN NaN NaN NaN NaN NaN NaN NaN NaN NaN NaN 
NaN NaN NaN NaN NaN NaN NaN NaN NaN NaN NaN NaN NaN NaN NaN NaN NaN NaN NaN NaN NaN NaN NaN NaN NaN NaN NaN NaN NaN NaN NaN NaN NaN NaN NaN NaN NaN NaN NaN NaN 
NaN NaN NaN NaN NaN NaN NaN NaN NaN NaN NaN NaN NaN NaN NaN NaN NaN NaN NaN NaN NaN NaN NaN NaN NaN NaN NaN NaN NaN NaN NaN NaN NaN NaN NaN NaN NaN NaN NaN NaN 
NaN NaN NaN NaN NaN NaN NaN NaN NaN NaN NaN NaN NaN NaN NaN NaN NaN NaN NaN NaN NaN NaN NaN NaN NaN NaN NaN NaN NaN NaN NaN NaN NaN NaN NaN NaN NaN NaN NaN NaN 
NaN NaN NaN NaN NaN NaN NaN NaN NaN NaN NaN NaN NaN NaN NaN NaN NaN NaN NaN NaN NaN NaN NaN NaN NaN NaN NaN NaN NaN NaN NaN NaN NaN NaN NaN NaN NaN NaN NaN NaN 
NaN NaN NaN NaN NaN NaN NaN NaN NaN NaN NaN NaN NaN NaN NaN NaN NaN NaN NaN NaN NaN NaN NaN NaN NaN NaN NaN NaN NaN NaN NaN NaN NaN NaN NaN NaN NaN NaN NaN NaN 
NaN NaN NaN NaN NaN NaN NaN NaN NaN NaN NaN NaN NaN NaN NaN NaN NaN NaN NaN NaN NaN NaN NaN NaN NaN NaN NaN NaN NaN NaN NaN NaN NaN NaN NaN NaN NaN NaN NaN NaN 
NaN NaN NaN NaN NaN NaN NaN NaN NaN NaN NaN NaN NaN NaN NaN NaN NaN NaN NaN NaN NaN NaN NaN NaN NaN NaN NaN NaN NaN NaN NaN NaN NaN NaN NaN NaN NaN NaN NaN NaN 
NaN NaN NaN NaN NaN NaN NaN NaN NaN NaN NaN NaN NaN NaN NaN NaN NaN NaN NaN NaN NaN NaN NaN NaN NaN NaN NaN NaN NaN NaN NaN NaN NaN NaN NaN NaN NaN NaN NaN NaN 
NaN NaN NaN NaN NaN NaN NaN NaN NaN NaN NaN NaN NaN NaN NaN NaN NaN NaN NaN NaN NaN NaN NaN NaN NaN NaN NaN NaN NaN NaN NaN NaN NaN NaN NaN NaN NaN NaN NaN NaN 
NaN NaN NaN NaN NaN NaN NaN NaN NaN NaN NaN NaN NaN NaN NaN NaN NaN NaN NaN NaN NaN NaN NaN NaN NaN NaN NaN NaN NaN NaN NaN NaN NaN NaN NaN NaN NaN NaN NaN NaN 
NaN NaN NaN NaN NaN NaN NaN NaN NaN NaN NaN NaN NaN NaN NaN NaN NaN NaN NaN NaN NaN NaN NaN NaN NaN NaN NaN NaN NaN NaN NaN NaN NaN NaN NaN NaN NaN NaN NaN NaN 
NaN NaN NaN NaN NaN NaN NaN NaN NaN NaN NaN NaN NaN NaN NaN NaN NaN NaN NaN NaN NaN NaN NaN NaN NaN NaN NaN NaN NaN NaN NaN NaN NaN NaN NaN NaN NaN NaN NaN NaN 
NaN NaN NaN NaN NaN NaN NaN NaN NaN NaN NaN NaN NaN NaN NaN NaN NaN NaN NaN NaN NaN NaN NaN NaN NaN NaN NaN NaN NaN NaN NaN NaN NaN NaN NaN NaN NaN NaN NaN NaN 
NaN NaN NaN NaN NaN NaN NaN NaN NaN NaN NaN NaN NaN NaN NaN NaN NaN NaN NaN NaN NaN NaN NaN NaN NaN NaN NaN NaN NaN NaN NaN NaN NaN NaN NaN NaN NaN NaN NaN NaN 
NaN NaN NaN NaN NaN NaN NaN NaN NaN NaN NaN NaN NaN NaN NaN NaN NaN NaN NaN NaN NaN NaN NaN NaN NaN NaN NaN NaN NaN NaN NaN NaN NaN NaN NaN NaN NaN NaN NaN NaN 
NaN NaN NaN NaN NaN NaN NaN NaN NaN NaN NaN NaN NaN NaN NaN NaN NaN NaN NaN NaN NaN NaN NaN NaN NaN NaN NaN NaN NaN NaN NaN NaN NaN NaN NaN NaN NaN NaN NaN NaN 
NaN NaN NaN NaN NaN NaN NaN NaN NaN NaN NaN NaN NaN NaN NaN NaN NaN NaN NaN NaN NaN NaN NaN NaN NaN NaN NaN NaN NaN NaN NaN NaN NaN NaN NaN NaN NaN NaN NaN NaN 
NaN NaN NaN NaN NaN NaN NaN NaN NaN NaN NaN NaN NaN NaN NaN NaN NaN NaN NaN NaN NaN NaN NaN NaN NaN NaN NaN NaN NaN NaN NaN NaN NaN NaN NaN NaN NaN NaN NaN NaN 
NaN NaN NaN NaN NaN NaN NaN NaN NaN NaN NaN NaN NaN NaN NaN NaN NaN NaN NaN NaN NaN NaN NaN NaN NaN NaN NaN NaN NaN NaN NaN NaN NaN NaN NaN NaN NaN NaN NaN NaN 
NaN NaN NaN NaN NaN NaN NaN NaN NaN NaN NaN NaN NaN NaN NaN NaN NaN NaN NaN NaN NaN NaN NaN NaN NaN NaN NaN NaN NaN NaN NaN NaN NaN NaN NaN NaN NaN NaN NaN NaN 
NaN NaN NaN NaN NaN NaN NaN NaN NaN NaN NaN NaN NaN NaN NaN NaN NaN NaN NaN NaN NaN NaN NaN NaN NaN NaN NaN NaN NaN NaN NaN NaN NaN NaN NaN NaN NaN NaN NaN NaN 
NaN NaN NaN NaN NaN NaN NaN NaN NaN NaN NaN NaN NaN NaN NaN NaN NaN NaN NaN NaN NaN NaN NaN NaN NaN NaN NaN NaN NaN NaN NaN NaN NaN NaN NaN NaN NaN NaN NaN NaN 
NaN NaN NaN NaN NaN NaN NaN NaN NaN NaN NaN NaN NaN NaN NaN NaN NaN NaN NaN NaN NaN NaN NaN NaN NaN NaN NaN NaN NaN NaN NaN NaN NaN NaN NaN NaN NaN NaN NaN NaN 
NaN NaN NaN NaN NaN NaN NaN NaN NaN NaN NaN NaN NaN NaN NaN NaN NaN NaN NaN NaN NaN NaN NaN NaN NaN NaN NaN NaN NaN NaN NaN NaN NaN NaN NaN NaN NaN NaN NaN NaN 
NaN NaN NaN NaN NaN NaN NaN NaN NaN NaN NaN NaN NaN NaN NaN NaN NaN NaN NaN NaN NaN NaN NaN NaN NaN NaN NaN NaN NaN NaN NaN NaN NaN NaN NaN NaN NaN NaN NaN NaN 
NaN NaN NaN NaN NaN NaN NaN NaN NaN NaN NaN NaN NaN NaN NaN NaN NaN NaN NaN NaN NaN NaN NaN NaN NaN NaN NaN NaN NaN NaN NaN NaN NaN NaN NaN NaN NaN NaN NaN NaN 
NaN NaN NaN NaN NaN NaN NaN NaN NaN NaN NaN NaN NaN NaN NaN NaN NaN NaN NaN NaN NaN NaN NaN NaN NaN NaN NaN NaN NaN NaN NaN NaN NaN NaN NaN NaN NaN NaN NaN NaN 
NaN NaN NaN NaN NaN NaN NaN NaN NaN NaN NaN NaN NaN NaN NaN NaN NaN NaN NaN NaN NaN NaN NaN NaN NaN NaN NaN NaN NaN NaN NaN NaN NaN NaN NaN NaN NaN NaN NaN NaN 
NaN NaN NaN NaN NaN NaN NaN NaN NaN NaN NaN NaN NaN NaN NaN NaN NaN NaN NaN NaN NaN NaN NaN NaN NaN NaN NaN NaN NaN NaN NaN NaN NaN NaN NaN NaN NaN NaN NaN NaN 
NaN NaN NaN NaN NaN NaN NaN NaN NaN NaN NaN NaN NaN NaN NaN NaN NaN NaN NaN NaN NaN NaN NaN NaN NaN NaN NaN NaN NaN NaN NaN NaN NaN NaN NaN NaN NaN NaN NaN NaN 
NaN NaN NaN NaN NaN NaN NaN NaN NaN NaN NaN NaN NaN NaN NaN NaN NaN NaN NaN NaN NaN NaN NaN NaN NaN NaN NaN NaN NaN NaN NaN NaN NaN NaN NaN NaN NaN NaN NaN NaN 
NaN NaN NaN NaN NaN NaN NaN NaN NaN NaN NaN NaN NaN NaN NaN NaN NaN NaN NaN NaN NaN NaN NaN NaN NaN NaN NaN NaN NaN NaN NaN NaN NaN NaN NaN NaN NaN NaN NaN NaN 
NaN NaN NaN NaN NaN NaN NaN NaN NaN NaN NaN NaN NaN NaN NaN NaN NaN NaN NaN NaN NaN NaN NaN NaN NaN NaN NaN NaN NaN NaN NaN NaN NaN NaN NaN NaN NaN NaN NaN NaN 
NaN NaN NaN NaN NaN NaN NaN NaN NaN NaN NaN NaN NaN NaN NaN NaN NaN NaN NaN NaN NaN NaN NaN NaN NaN NaN NaN NaN NaN NaN NaN NaN NaN NaN NaN NaN NaN NaN NaN NaN 
NaN NaN NaN NaN NaN NaN NaN NaN NaN NaN NaN NaN NaN NaN NaN NaN NaN NaN NaN NaN NaN NaN NaN NaN NaN NaN NaN NaN NaN NaN NaN NaN NaN NaN NaN NaN NaN NaN NaN NaN 
NaN NaN NaN NaN NaN NaN NaN NaN NaN NaN NaN NaN NaN NaN NaN NaN NaN NaN NaN NaN NaN NaN NaN NaN NaN NaN NaN NaN NaN NaN NaN NaN NaN NaN NaN NaN NaN NaN NaN NaN 
NaN NaN NaN NaN NaN NaN NaN NaN NaN NaN NaN NaN NaN NaN NaN NaN NaN NaN NaN NaN NaN NaN NaN NaN NaN NaN NaN NaN NaN NaN NaN NaN NaN NaN NaN NaN NaN NaN NaN NaN 
NaN NaN NaN NaN NaN NaN NaN NaN NaN NaN NaN NaN NaN NaN NaN NaN NaN NaN NaN NaN NaN NaN NaN NaN NaN NaN NaN NaN NaN NaN NaN NaN NaN NaN NaN NaN NaN NaN NaN NaN 
NaN NaN NaN NaN NaN NaN NaN NaN NaN NaN NaN NaN NaN NaN NaN NaN NaN NaN NaN NaN NaN NaN NaN NaN NaN NaN NaN NaN NaN NaN NaN NaN NaN NaN NaN NaN NaN NaN NaN NaN 
NaN NaN NaN NaN NaN NaN NaN NaN NaN NaN NaN NaN NaN NaN NaN NaN NaN NaN NaN NaN NaN NaN NaN NaN NaN NaN NaN NaN NaN NaN NaN NaN NaN NaN NaN NaN NaN NaN NaN NaN 
NaN NaN NaN NaN NaN NaN NaN NaN NaN NaN NaN NaN NaN NaN NaN NaN NaN NaN NaN NaN NaN NaN NaN NaN NaN NaN NaN NaN NaN NaN NaN NaN NaN NaN NaN NaN NaN NaN NaN NaN 
NaN NaN NaN NaN NaN NaN NaN NaN NaN NaN NaN NaN NaN NaN NaN NaN NaN NaN NaN NaN NaN NaN NaN NaN NaN NaN NaN NaN NaN NaN NaN NaN NaN NaN NaN NaN NaN NaN NaN NaN 
NaN NaN NaN NaN NaN NaN NaN NaN NaN NaN NaN NaN NaN NaN NaN NaN NaN NaN NaN NaN NaN NaN NaN NaN NaN NaN NaN NaN NaN NaN NaN NaN NaN NaN NaN NaN NaN NaN NaN NaN 
-67.404898 -69.776073 -73.133727 -75.567977 -76.482704 -78.199965 -79.900938 -83.507219 -93.546347 -91.340414 -98.807829 -93.325896 -91.644831 -91.740899 -96.044299 -90.483256 -90.898488 -91.423197 -88.392192 -88.763072 -86.671175 -87.870875 -84.651936 -86.064206 -88.104915 -85.966827 -83.940255 -86.185203 -88.492762 -92.206728 -89.668635 -87.316876 -88.533143 -88.335405 -85.028711 -82.736060 -87.773774 -84.255358 -88.519136 -95.236733 
-54.081060 -66.521718 -67.409819 -67.670888 -74.096976 -68.630655 -67.841090 -76.699308 -82.982747 -79.575113 -72.088075 -69.880784 -77.430165 -78.772330 -79.281559 -73.839050 -73.507004 -74.709909 -76.100847 -78.511686 -76.270459 -73.292500 -73.434744 -71.414491 -72.654527 -72.537559 -71.423623 -75.210543 -76.907441 -76.309431 -76.446825 -74.952510 -73.961298 -73.941752 -74.323806 -73.024266 -74.405180 -73.383198 -73.764614 -78.700332 
-54.884798 -81.031737 -80.900832 -78.045842 -74.321486 -75.191645 -74.678691 -87.445635 -77.269484 -71.760812 -69.934840 -69.001943 -75.432101 -72.759998 -72.219451 -71.486010 -68.950344 -72.974989 -73.932179 -71.400755 -72.614585 -74.370235 -73.094900 -69.228870 -72.542455 -72.196008 -73.429042 -78.859763 -73.761848 -73.665983 -73.540108 -73.604172 -73.522803 -73.978941 -76.189324 -72.929864 -72.775627 -72.709255 -73.523929 -74.447038 
-55.729875 -71.416122 -72.425978 -71.746855 -74.663408 -77.033911 -72.061384 -72.648119 -79.218195 -75.179218 -70.160551 -70.850083 -73.835772 -73.801349 -74.716181 -68.896965 -68.970589 -70.493959 -77.594435 -77.417911 -79.068675 -77.539648 -70.253736 -75.980008 -73.000289 -73.089947 -72.466951 -72.682947 -77.333645 -75.853000 -72.723003 -70.951489 -70.912793 -72.680700 -72.415032 -74.263991 -76.930057 -75.541461 -73.879833 -74.935660 
-34.766780 -33.265527 -34.558434 -40.011379 -45.761042 -49.245901 -49.869599 -52.235957 -53.887486 -58.233858 -58.441973 -57.779768 -56.052381 -56.538103 -58.913839 -60.493545 -58.187485 -61.130160 -63.151074 -61.631884 -60.836307 -62.456259 -62.992542 -62.927856 -64.869897 -65.195853 -63.621960 -65.835660 -66.801859 -69.584026 -68.145951 -68.281540 -68.682407 -69.085711 -68.016430 -68.150598 -67.994344 -69.897195 -70.999088 -70.134378 
-23.907612 -21.801871 -25.859429 -37.859204 -45.917250 -48.610751 -47.323215 -52.120405 -52.852734 -58.990439 -58.114242 -52.690954 -56.412463 -52.916991 -58.776068 -61.499588 -58.509829 -60.490385 -60.474968 -61.542803 -60.199794 -62.966991 -63.389563 -59.500744 -62.956831 -61.150080 -60.277711 -61.360500 -64.562521 -63.911579 -63.171946 -64.138824 -67.086920 -66.780849 -65.826700 -66.200879 -63.194175 -63.352871 -66.442289 -65.359906 
-22.916125 -21.087471 -28.513855 -43.723878 -42.037527 -41.269830 -44.741781 -53.907706 -54.269755 -55.594609 -54.819914 -58.821847 -63.262311 -57.380348 -59.569645 -61.693873 -60.079003 -68.208081 -64.519157 -57.011413 -59.376033 -61.870982 -64.084703 -60.918038 -65.805177 -65.670655 -69.035697 -63.409680 -64.950490 -61.996450 -63.586149 -62.486159 -65.017684 -64.442416 -63.537903 -63.303337 -63.411892 -63.183362 -68.662532 -69.421765 
-19.102343 -19.743824 -30.185499 -47.207534 -50.774595 -46.625801 -48.585351 -51.047660 -52.939822 -56.213009 -59.282279 -58.534773 -61.624864 -57.528690 -56.486277 -58.068515 -59.680832 -62.296996 -61.058166 -59.999590 -59.596757 -60.144865 -60.498165 -59.381764 -61.064012 -62.573581 -63.449093 -61.639714 -61.318691 -62.604014 -63.542155 -65.259421 -62.882949 -64.218651 -64.759926 -63.749869 -63.229227 -63.650523 -65.228640 -65.981237 
-22.138060 -31.087955 -33.692770 -45.773445 -44.562112 -44.723564 -48.117058 -47.097889 -50.943353 -53.377320 -50.913585 -52.507670 -57.718543 -56.247224 -54.320498 -55.905997 -60.273904 -52.589843 -52.614156 -57.695744 -57.536681 -54.288615 -46.712168 -53.630643 -60.554433 -61.349061 -59.551848 -56.140481 -49.567449 -50.881313 -54.520750 -62.428823 -63.933446 -61.970017 -62.210679 -63.059564 -64.470818 -62.026557 -66.369673 -67.083683 
-23.218391 -25.950637 -30.705837 -36.413476 -40.284471 -39.209454 -34.551327 -34.024269 -38.465754 -37.096018 -33.518854 -37.180070 -40.548521 -38.084207 -36.107739 -36.503684 -40.552416 -34.331443 -37.953123 -35.085307 -34.077352 -33.892126 -29.048341 -34.842965 -36.821998 -32.485268 -35.652311 -35.768226 -29.516029 -29.228512 -30.560146 -31.125626 -34.313419 -41.368818 -45.881309 -44.389304 -43.115439 -44.619991 -48.298492 -49.741765 
-5.009926 -2.855964 -5.821654 -11.937030 -13.485680 -7.344920 -7.174041 -10.373458 -6.503602 -8.129038 -15.843769 -13.290269 -12.823270 -15.049966 -6.986806 -6.758063 -9.615088 -11.734604 -12.014234 -5.087346 -7.060809 -9.029167 -8.702668 -3.852471 -7.811372 -7.049214 -2.755471 -3.403904 -4.174088 -6.180263 -5.746267 -9.747176 -9.992451 -15.631115 -14.645594 -11.722466 -13.039847 -16.680574 -14.084173 -22.684674 
7.518813 6.729510 -1.705824 -9.817385 -13.680330 -2.033001 -0.970967 -4.694908 -4.835617 -7.300312 -12.804479 -15.307130 -14.716644 -12.901895 -7.384690 -8.721062 -14.352747 -15.671297 -6.686844 1.424939 -6.270089 -9.802842 -3.926390 -4.683850 -10.577404 -9.917882 -5.422449 -0.449017 -0.126100 -1.866452 -4.893934 -4.776830 -6.639698 -10.667116 -4.204364 2.622194 -0.244404 -7.830853 -4.570289 -16.249868 
4.934219 1.216704 -9.616163 -18.381799 -16.727160 -13.245113 -13.583759 -7.234754 -6.522609 -10.606105 -18.811984 -14.775785 -22.293645 -20.365481 -24.835705 -21.301571 -19.536149 -11.788353 -4.750484 7.783217 -0.031663 -8.717065 -0.532733 -0.723165 -13.036757 -11.306878 -5.238569 3.097379 2.961379 1.286427 -2.823539 -7.116722 -11.634649 -10.602234 -4.624109 -0.725929 -2.584651 -4.385923 -6.975830 -11.770086 
0.229826 -2.066468 -8.842090 -17.298322 -10.497899 -9.088191 -6.387724 -7.221673 -14.585027 -13.140719 -16.043606 -12.944095 -16.356762 -12.705816 -23.085343 -21.108221 -18.697359 -11.542661 -2.690277 6.041233 -0.969177 -7.035436 -7.713071 -8.020344 -18.363028 -17.748022 -4.693876 -1.432123 -6.531799 -6.531358 -10.583676 -14.198663 -18.061248 -13.048522 -11.179964 -6.786401 -5.873717 -9.278478 -11.359817 -14.474520 
-15.064014 -8.642007 -10.067632 -15.088190 -12.020680 -7.142047 -7.477490 -7.353133 -11.744539 -17.202800 -12.635185 -10.363186 -14.648780 -20.909937 -18.513056 -15.125412 -7.403446 -5.673279 0.291833 5.323670 -10.386611 -11.246204 -12.267967 -10.267493 -17.169577 -15.815508 -7.680162 -2.894014 -9.831488 -17.550787 -15.335434 -13.385941 -19.243319 -16.767801 -14.771425 -12.753710 -12.755912 -13.607696 -14.319491 -19.273200 
-5.086623 8.877965 16.483817 16.089056 9.602026 1.763846 -0.423861 -3.287941 -13.097112 -14.879199 -15.779381 -10.948699 -13.147025 -14.354376 -19.468197 -16.423392 -15.977969 -6.693668 0.206687 -5.452217 -11.670986 -14.334849 -13.945999 -15.336334 -23.186453 -21.431638 -10.587279 -12.352109 -16.846797 -20.271039 -24.710763 -22.533239 -22.737121 -19.860478 -18.580544 -17.789762 -14.653572 -19.675024 -21.179505 -21.205524 
-1.637587 13.597019 25.685028 27.071230 15.622633 14.315505 18.939460 10.363796 -0.047665 -8.652719 -7.316404 -3.529214 -5.509061 -4.291564 -8.166925 -4.799768 -0.918693 -0.625254 -3.580777 -6.241108 -10.203047 -6.707462 -6.665961 -13.956792 -22.929398 -21.015497 -13.862986 -13.828624 -19.897390 -21.657726 -30.318960 -26.445796 -29.092948 -27.856815 -25.671985 -20.708007 -13.661524 -14.085652 -23.041389 -22.773433 
-5.408904 5.007409 24.776831 28.196037 14.936682 20.245286 24.868073 9.866915 -7.797151 -11.722833 -9.311418 -7.526694 -6.627212 -6.665580 -7.959964 -5.189633 0.394547 0.151007 -6.043384 -12.055895 -14.365912 -6.963195 -6.845400 -13.795931 -21.005395 -23.831204 -18.411663 -13.298093 -15.831083 -22.779805 -35.007496 -32.770203 -34.683460 -32.935868 -30.904707 -26.241303 -16.911844 -13.709529 -27.260188 -27.533394 
-18.367581 0.030357 22.690264 27.784700 14.436474 18.016156 25.478601 11.795720 -7.508339 -8.316668 -12.041788 -7.377044 -10.092395 -5.047220 -10.574057 -6.821586 -1.049503 -7.560875 -13.355894 -16.893565 -18.192694 -13.212545 -11.272179 -16.261055 -22.320696 -23.313478 -20.930271 -16.586251 -16.603640 -22.821416 -30.268387 -29.234799 -30.969248 -31.508783 -29.183000 -27.522945 -16.721068 -16.713494 -29.192986 -26.054751 
-19.320453 -5.351314 20.721018 27.392711 15.484357 13.972704 24.152685 12.922836 -6.259120 -3.140840 -16.806350 -10.430269 -14.940419 -4.946685 -15.081202 -10.880412 -11.699336 -12.856433 -23.397055 -26.191891 -26.227924 -23.604935 -17.988431 -18.177869 -25.040883 -25.959356 -27.325875 -16.001499 -16.938770 -22.065394 -39.281446 -31.842092 -36.784100 -42.496627 -33.372801 -26.273148 -17.160352 -16.221585 -33.288020 -28.687722 
-21.978267 -7.607745 19.300764 26.903173 15.847386 9.747396 22.409881 13.613284 -6.976865 -1.775443 -18.480174 -12.963666 -17.082005 -4.770661 -12.331481 -8.269268 -10.380670 -11.346497 -18.972197 -28.120876 -24.565198 -23.257794 -20.035782 -17.269775 -26.266139 -33.650283 -27.089237 -21.394120 -22.920387 -28.056055 -37.625410 -28.021036 -35.536390 -37.402943 -34.961183 -31.399875 -19.790726 -16.015021 -30.461831 -33.136414 
-13.832056 -12.968524 17.960472 26.364185 16.126671 7.156156 21.085070 13.623122 -9.914051 -2.474356 -15.436884 -13.865622 -17.057733 -5.970453 -12.925389 -6.723217 -8.325654 -7.877348 -15.136474 -24.212164 -25.191532 -22.198283 -19.176482 -13.978258 -26.661351 -27.793120 -28.416965 -20.859519 -21.072839 -26.460716 -31.648506 -23.494260 -29.745492 -32.392254 -29.959617 -31.131092 -19.765560 -17.768061 -28.001557 -31.493084 
-12.767914 -7.536663 18.379195 25.693866 14.859706 7.207269 19.493247 10.675383 -7.052886 -2.487782 -15.004673 -14.156532 -17.729068 -5.912395 -12.757840 -8.506472 -7.152764 -9.691314 -19.830609 -32.871570 -25.347951 -24.715857 -20.084074 -15.971343 -29.005718 -28.125824 -30.009402 -21.911277 -19.607268 -27.770851 -28.588022 -24.530977 -29.654262 -27.404817 -27.039784 -26.816558 -18.386521 -17.885506 -25.495878 -30.776941 
-8.626770 0.390999 19.943101 24.696471 12.798016 10.916753 17.247796 5.382339 -9.469653 -6.517337 -11.110281 -12.603929 -8.478338 -5.871989 -9.495137 -8.886572 -1.361883 -5.591050 -18.528881 -25.864024 -24.503489 -24.262479 -20.380593 -16.065025 -24.419073 -28.349945 -27.878230 -23.938591 -21.105850 -25.669286 -26.158852 -21.327625 -21.881751 -22.483693 -20.614677 -20.566148 -14.606802 -15.400026 -19.491358 -26.008812 
-14.321682 7.762702 21.492188 20.526183 7.448673 10.295688 8.495993 -0.398840 -11.612987 -5.998737 -13.712788 -13.147621 -9.777239 -12.669057 -12.095915 -14.008118 -3.867092 -4.169922 -16.987053 -23.116993 -25.166752 -27.417142 -28.471628 -25.625925 -25.344740 -27.662091 -31.728765 -26.636205 -18.569227 -28.441671 -26.731955 -19.912825 -18.201191 -14.867299 -12.674957 -18.564845 -12.478484 -8.204722 -13.071383 -19.018254 
-3.533141 8.342140 16.674855 13.210438 -0.034014 3.767368 2.447776 -7.483662 -17.696497 -17.455212 -19.374459 -26.147452 -22.023129 -21.509789 -27.614112 -19.947176 -13.563473 -18.182753 -24.969290 -27.356502 -31.790483 -31.180665 -31.097108 -22.009279 -25.534770 -31.146892 -43.220284 -33.002894 -24.154143 -33.617137 -28.713936 -22.925119 -18.442369 -17.275926 -18.041226 -15.231227 -10.396629 -9.887405 -16.112001 -18.915640 
-6.153124 -1.710011 0.291322 -1.030495 -8.547340 -4.319120 -2.389456 -11.758380 -20.397899 -25.692758 -37.126693 -30.540139 -23.350392 -30.675935 -30.724796 -21.685549 -13.813751 -20.735849 -26.245094 -26.682543 -35.159235 -32.204508 -32.590254 -33.310060 -33.294326 -32.594911 -36.820045 -33.125061 -25.103992 -28.408829 -30.278425 -27.947659 -19.102772 -20.035270 -22.174794 -15.310242 -10.482830 -12.197155 -14.547834 -16.400488 
-12.309282 -18.709398 -14.304633 -15.543932 -13.139991 -8.676823 -4.049312 -13.353000 -28.309420 -25.537233 -26.307484 -27.270145 -27.441411 -32.380501 -26.978979 -30.018997 -27.991877 -27.691563 -31.061947 -26.387716 -27.793349 -31.315981 -34.568082 -31.718694 -30.572454 -26.517493 -30.818213 -30.300541 -25.732471 -27.902673 -35.440718 -29.132004 -20.466333 -16.385412 -20.916134 -16.874524 -15.423478 -13.296756 -15.294712 -18.344543 
-25.088604 -15.963536 -17.785103 -16.139943 -23.826468 -17.619801 -12.257254 -20.913381 -22.687956 -31.664965 -38.357702 -30.870945 -27.300494 -29.260903 -27.687471 -32.711458 -27.616106 -21.301745 -29.442953 -24.655304 -23.954096 -27.775369 -32.943157 -26.561397 -24.456702 -23.992513 -27.124666 -30.023930 -27.821421 -27.817381 -39.357957 -26.019200 -19.441653 -19.341467 -18.086960 -16.726407 -15.466507 -12.803289 -14.583580 -17.718092 
-11.660758 -13.847047 -11.694255 -8.925449 -7.563067 -7.832856 -8.867286 -12.512706 -17.342354 -28.065679 -27.896403 -22.484170 -18.603043 -16.844752 -18.596562 -16.418850 -15.473515 -18.501481 -19.920386 -21.238456 -22.985292 -24.033215 -27.582508 -25.885393 -23.286181 -22.020761 -25.626414 -24.327613 -23.271445 -21.316277 -34.259808 -23.164105 -18.802314 -18.541499 -18.273255 -17.066497 -14.734582 -13.317137 -14.075836 -18.172285 
-5.042988 -4.232901 -9.478631 -6.894343 -4.979820 -4.168867 -9.411866 -16.257601 -21.080467 -28.206178 -28.928858 -23.621035 -22.982105 -19.585604 -18.387891 -20.696050 -20.304132 -23.042963 -24.542836 -26.228599 -28.069904 -28.931545 -31.022936 -30.613526 -29.763707 -27.740470 -28.143140 -31.183030 -30.511205 -30.261945 -42.774700 -28.159152 -24.351753 -26.033711 -24.594008 -21.578634 -17.830714 -19.368764 -20.325235 -22.424181 
-5.376451 -7.455634 -19.958597 -23.420858 -19.627369 -21.996607 -33.129279 -34.934971 -40.988213 -45.157761 -40.282848 -43.476652 -45.928702 -43.835536 -37.390120 -38.435516 -44.024310 -44.101956 -42.386993 -39.965761 -42.606804 -46.656460 -41.029951 -41.566737 -42.268954 -38.812126 -44.971596 -41.866943 -36.898576 -38.895790 -48.056443 -38.702912 -34.364772 -31.711513 -34.037785 -30.961571 -23.886798 -26.373261 -25.474102 -27.911163 
-13.331392 -18.971634 -33.767894 -31.987665 -36.348930 -40.752407 -40.623120 -45.304135 -43.775221 -42.746228 -46.574140 -51.727262 -52.829662 -49.430523 -47.814016 -42.400061 -49.123500 -50.083555 -49.306025 -52.324499 -52.859882 -51.521134 -52.318518 -51.622031 -51.612436 -49.591219 -48.026929 -48.781145 -48.530288 -50.391825 -52.132765 -44.266636 -40.314694 -41.672504 -42.876471 -40.234389 -36.161059 -36.593230 -36.782639 -37.555350 
-25.182564 -27.821931 -38.254560 -40.906380 -43.930193 -46.037051 -40.510512 -47.954423 -49.436149 -50.473760 -52.733956 -54.765136 -56.030670 -55.793495 -49.641348 -49.156356 -51.626031 -51.228989 -52.390604 -51.059430 -52.041577 -55.167096 -57.642177 -59.165969 -59.292770 -57.488572 -53.505306 -52.687269 -50.878216 -53.480335 -57.482146 -53.630820 -49.692919 -50.952507 -50.274205 -52.955087 -50.386125 -57.586493 -54.876198 -55.473386 
-24.662621 -26.976108 -31.400265 -38.164329 -41.320384 -42.534948 -51.008740 -55.782117 -54.046934 -48.969612 -50.148249 -57.661717 -55.967367 -54.731233 -50.358059 -51.708350 -52.757658 -53.662251 -53.499141 -61.313020 -59.333184 -58.701729 -58.013504 -55.824390 -57.508627 -57.280508 -57.640623 -55.617687 -53.708407 -56.853152 -61.038682 -59.261999 -53.661739 -56.868160 -57.344865 -57.539744 -54.760199 -62.232335 -61.087442 -62.111511 
-23.940840 -25.666104 -35.562096 -40.283446 -43.798050 -46.084437 -51.932933 -53.072906 -48.410643 -50.305574 -54.373018 -59.430409 -55.764319 -60.171561 -56.925861 -55.434348 -53.379882 -53.185887 -49.347927 -55.159947 -58.941356 -57.148018 -57.291182 -54.285243 -62.462669 -58.053011 -57.762091 -59.666972 -59.869614 -64.583009 -67.516291 -62.818234 -60.331973 -63.727305 -61.934904 -59.563756 -59.750433 -65.621554 -70.925592 -65.707701 
-20.155799 -26.375395 -34.840338 -37.018395 -44.852800 -45.319258 -47.535430 -45.594965 -39.393108 -50.736099 -57.387381 -58.036085 -55.749191 -52.565199 -53.650731 -59.819242 -63.347773 -60.692576 -57.041741 -57.974798 -60.216994 -57.322634 -61.055909 -61.793358 -61.213297 -61.537556 -60.394395 -62.631513 -57.129704 -58.408706 -55.608547 -54.322246 -50.254015 -51.254580 -54.490521 -54.783138 -58.362729 -56.478007 -52.398441 -54.234563 
-4.770587 -4.028042 -3.284912 -1.832785 -2.547696 -3.377640 -5.988052 -8.802405 -12.818484 -16.553540 -15.516842 -15.902557 -18.238356 -21.771700 -21.839525 -17.595247 -16.837806 -18.031676 -22.128053 -29.472222 -31.710368 -27.502969 -29.180909 -30.858134 -29.580050 -29.481965 -22.445015 -21.352929 -27.441717 -32.231346 -32.133329 -28.513352 -28.965290 -26.130891 -24.851640 -24.845421 -25.989316 -28.586741 -30.071968 -35.192303 
8.554179 12.144776 13.705897 9.734664 3.304113 5.907607 3.447513 3.299966 -2.957334 -6.698111 -11.277707 -9.433781 -7.962353 -5.178311 -5.909820 -5.409244 -9.832897 -13.856433 -14.044806 -13.727309 -17.789337 -22.681528 -25.650921 -27.719907 -28.646059 -24.252430 -20.546055 -21.916270 -30.005208 -32.335047 -33.368480 -30.009733 -27.391540 -26.862063 -27.471729 -27.713452 -28.282508 -28.257507 -31.715956 -35.982501 
7.424227 14.480238 20.588952 16.269651 17.087622 14.420248 13.041073 13.269151 8.243682 1.556750 -1.781235 0.486498 -1.230181 1.166327 1.989463 4.509431 -3.398412 -6.180405 -5.825161 -3.993481 -12.166343 -22.363941 -24.966856 -27.386557 -27.138283 -26.359291 -28.857007 -32.107957 -32.907784 -34.260913 -36.877544 -45.073613 -33.824393 -34.253568 -40.068516 -47.282090 -43.894270 -30.706259 -39.803630 -44.049897 
6.658598 18.300269 19.811076 15.264692 19.475727 13.980789 18.276768 17.052122 12.440281 0.373401 -2.119267 -0.146169 1.696175 2.043832 5.978184 10.438964 4.953114 -3.190458 0.106099 0.400513 -14.763575 -24.139875 -28.208472 -24.203684 -21.881470 -34.599173 -37.719797 -34.931143 -34.966746 -34.991625 -38.494710 -43.232425 -38.976371 -38.823537 -40.352860 -44.210504 -41.175623 -29.186371 -38.830348 -43.288725 
3.364416 18.586472 19.598248 15.362411 18.166941 13.042198 15.134717 17.191103 17.064333 2.334617 2.029948 0.905892 0.443354 -4.799923 1.375076 9.520174 8.693006 1.614117 -4.664538 2.546755 -9.432364 -19.119792 -22.683117 -19.313554 -17.327524 -29.194899 -34.082637 -33.755266 -37.117577 -38.338436 -39.203339 -40.883733 -39.241954 -37.458392 -40.490858 -42.470322 -38.062987 -28.052104 -37.927752 -41.368429 
3.811749 18.543349 18.910035 14.904590 16.760276 10.934952 12.983881 20.449208 19.537323 1.989464 3.140368 1.126297 0.034551 -3.663458 -2.386678 4.706297 10.346226 2.617957 -0.029863 4.980890 -1.194450 -14.279932 -22.352310 -16.330995 -14.580579 -28.035870 -32.618128 -36.328689 -38.488763 -39.473436 -42.265058 -42.688370 -42.404064 -37.275006 -43.062065 -45.279044 -37.794179 -26.018298 -37.494879 -44.607099 
3.121338 17.979828 17.599955 14.434234 15.568882 9.690903 10.062362 21.331346 20.855869 8.346937 5.388851 3.180035 -2.340856 -3.093497 -0.765383 1.314623 10.595998 4.452917 -0.139808 1.589875 1.274038 -7.693033 -19.597453 -16.892280 -11.020395 -17.574349 -33.006700 -31.885679 -36.489823 -43.001653 -50.341334 -47.885372 -43.884878 -36.841457 -40.834795 -51.151997 -40.808334 -29.640406 -39.643297 -46.331024 
2.353507 16.874872 16.502377 13.781422 14.050588 7.403018 6.777980 19.566082 17.745544 16.738363 9.145541 -1.295527 -2.479629 0.793095 1.026299 3.275763 7.921206 9.462324 -2.700403 -2.916472 2.303916 -3.131047 -13.003315 -16.970249 -14.237521 -16.710401 -23.362517 -25.837091 -31.757486 -41.551684 -42.268018 -39.226380 -43.344290 -38.130234 -39.317028 -48.109785 -42.012515 -30.322295 -39.795216 -46.239426 
2.805863 15.997175 14.964579 13.137146 11.967870 4.622228 6.154294 15.213558 15.808236 20.956661 11.733075 3.678897 0.523796 1.112416 -0.482787 2.711936 9.223433 8.613625 -2.236631 -6.775548 -8.363853 -0.888095 -4.927907 -13.925518 -14.911089 -9.937464 -10.653843 -18.401763 -25.858499 -34.824818 -35.687528 -33.706553 -32.548173 -31.348102 -36.335345 -38.802753 -37.560346 -27.614931 -30.154294 -39.126467 
0.421699 14.405529 12.814133 12.113430 9.179026 2.339979 4.385252 9.457139 15.255966 19.409126 15.620809 8.219135 2.078493 0.059544 0.420981 0.384950 9.255529 8.820531 1.051106 -4.904458 -8.220595 -3.509506 -2.575782 -8.333827 -17.197708 -16.443386 -14.521353 -13.258888 -21.119863 -32.143771 -33.150849 -32.920586 -30.778995 -28.754436 -33.703736 -38.925886 -38.452170 -25.653541 -28.188113 -36.509906 
1.048261 13.695658 11.043526 11.373410 8.296764 2.220102 3.056975 5.647092 10.379053 13.592734 16.985905 6.779084 1.571781 1.220558 1.944096 2.904543 8.727380 9.412799 0.768357 -5.625232 -6.458280 -3.970265 -3.142171 -6.747406 -14.589462 -16.534052 -12.542089 -7.564121 -15.108252 -29.174976 -32.446606 -32.033119 -30.790006 -31.727211 -34.635594 -37.549576 -38.207337 -27.998421 -31.075540 -36.955331 
0.746999 12.899555 8.897159 10.363899 6.943280 2.712894 4.115855 5.217322 7.479955 16.127814 17.035474 9.139295 4.305311 3.808851 1.518266 2.338063 10.816399 10.020969 -2.589257 -6.929249 -10.020041 -2.615810 2.072676 -3.164587 -12.477321 -15.396699 -11.278651 -5.845633 -13.057365 -29.267063 -35.044194 -31.116989 -36.064239 -35.360897 -36.178966 -41.929838 -42.493068 -33.400419 -33.157141 -38.839706 
0.551140 11.675874 7.945805 10.335922 5.901639 2.401475 2.274612 3.466737 5.213343 15.011810 18.325061 13.937278 5.730875 5.502389 3.301174 4.591868 9.791144 6.871862 -3.254881 -9.515779 -10.219993 -6.924672 1.939030 0.231586 -11.448945 -13.918493 -10.616442 -6.655582 -11.464867 -25.155778 -35.926224 -32.889358 -31.349381 -28.143864 -32.671406 -42.078031 -40.854065 -28.885928 -29.277349 -40.317682 
0.249195 11.040968 6.929058 9.913948 5.774602 1.963569 -0.487787 1.110477 3.673948 9.733884 14.446183 12.997018 4.173976 3.664440 3.540495 5.808055 9.510902 3.780213 -6.637374 -10.118176 -9.503718 -10.281875 -1.595543 -1.898318 -12.055699 -15.604718 -11.873751 -5.913351 -9.932281 -23.643797 -34.564501 -31.586866 -33.135792 -31.856242 -35.566327 -41.568971 -40.868463 -34.045016 -31.822863 -40.802888 
0.732357 10.044597 6.721690 9.790951 4.222269 1.970294 0.325338 -1.914545 2.132027 10.463991 16.466827 11.507069 4.739587 3.060112 0.043761 4.007566 8.372841 1.360728 -5.618633 -9.229074 -12.538900 -10.314382 -1.216720 -2.489773 -12.823228 -14.684290 -10.990756 -5.436542 -10.134332 -27.766913 -33.418477 -29.605113 -34.998364 -35.536086 -39.483867 -44.230498 -43.874685 -36.576316 -38.407029 -44.005499 
1.424633 9.571561 6.480939 8.295970 0.804552 -0.784464 0.295536 -0.264516 2.693550 9.978064 14.974370 9.274554 3.489012 0.823494 -1.650250 1.150570 7.248194 2.953331 -5.733898 -10.283729 -11.731701 -10.505724 -2.097143 -3.177536 -13.820665 -15.376653 -12.744954 -7.089644 -10.465164 -27.985635 -33.132990 -30.133366 -42.805310 -41.671589 -40.598006 -51.953180 -49.864549 -38.358026 -39.139116 -48.679398 
0.113091 8.429198 6.594494 7.102536 -2.574266 -1.264291 0.968150 -0.050894 1.575149 9.545572 11.636353 6.691897 1.226104 -5.747736 -8.415145 -0.767303 4.716014 2.530145 -7.485249 -12.330762 -11.955570 -12.610491 -2.453525 -6.259295 -17.274032 -18.420147 -15.388478 -13.075330 -16.427090 -28.670398 -34.616027 -32.615323 -45.613392 -42.411893 -43.619384 -56.997944 -55.001387 -40.964813 -39.489971 -49.971127 
0.186494 7.437714 5.828754 5.497610 -3.898435 -2.937813 -2.283529 -1.195304 2.592891 9.963005 8.402824 0.173810 -2.499450 -6.049752 -4.938913 -1.656241 2.061414 3.336598 -5.517731 -12.677609 -15.750126 -12.053608 -3.339596 -8.627820 -21.213251 -23.574738 -18.092108 -13.318002 -17.298261 -29.825272 -36.277391 -35.993151 -42.545074 -40.625886 -43.755238 -50.552850 -50.991419 -46.308086 -44.865472 -49.260881 
-0.693233 6.672125 5.824287 4.434928 -4.993610 -3.731706 -0.343812 -2.660741 1.962223 5.582881 2.498665 0.339586 -6.544528 -9.598077 -17.800793 -12.472964 -2.486007 1.399273 -5.047988 -11.225148 -15.414884 -15.097538 -10.527551 -12.764304 -22.266684 -24.227459 -22.130667 -16.499411 -20.331025 -30.099115 -30.626252 -29.513445 -38.564821 -40.018175 -43.141864 -45.316271 -45.632924 -43.941444 -44.893391 -45.769787 
-0.588603 5.309529 3.890569 3.272350 -6.271705 -4.986754 -2.154655 -3.364259 0.271830 -1.597333 0.361170 -3.859660 -10.472593 -12.974692 -13.218200 -15.021590 -7.524591 -3.606864 -6.644281 -13.161997 -21.985779 -21.136862 -15.551634 -18.593942 -28.314463 -26.830488 -26.734436 -22.934109 -27.854591 -32.651882 -34.849081 -35.305842 -39.826140 -44.512937 -47.568060 -50.320930 -50.867780 -49.995077 -50.275390 -47.866120 
-3.517862 4.368672 2.737590 2.150773 -7.651370 -6.381364 -5.521225 -9.483095 -2.716991 -4.497733 -6.070701 -11.912974 -17.942285 -19.379608 -21.386005 -24.536383 -17.207967 -14.161849 -7.465330 -15.842973 -25.257259 -24.494837 -21.119274 -21.399542 -27.028859 -34.296981 -33.880318 -29.468181 -33.920810 -41.371450 -42.316877 -40.422718 -41.426798 -41.791159 -46.838272 -50.505060 -49.062256 -50.332102 -50.558305 -44.687823 
-4.248387 3.529816 1.682318 0.118033 -8.683238 -7.947338 -9.218918 -12.517041 -10.668469 -15.184056 -13.001655 -22.650100 -23.759977 -22.904608 -27.455506 -22.873419 -23.328761 -17.864264 -9.787372 -7.998850 -19.006650 -27.756475 -17.760264 -21.160409 -28.936773 -33.154980 -29.694003 -31.739788 -33.971026 -38.027206 -46.102589 -42.030014 -43.133932 -42.045334 -46.550308 -46.329456 -46.270062 -47.681670 -50.292986 -44.097720 
-6.959437 -1.416652 -4.188032 -3.495147 -7.584773 -11.728881 -13.106252 -10.532575 -15.208477 -25.961316 -12.558071 -13.913156 -26.189429 -26.606135 -27.537683 -24.097349 -25.336775 -17.631862 -10.581916 -8.969004 -20.027996 -21.517568 -16.067052 -16.858528 -28.389662 -29.763104 -26.297172 -28.124406 -30.516900 -33.483623 -36.731735 -37.841760 -37.883040 -35.296645 -37.841481 -38.365737 -35.469538 -37.269015 -36.843583 -37.517421 
-21.655461 -8.880304 -11.124649 -15.228378 -21.081528 -18.397726 -18.908899 -22.884854 -17.850155 -19.357247 -18.956576 -21.592430 -20.205683 -24.846695 -26.808638 -26.761632 -31.702652 -23.752707 -13.577173 -11.037478 -18.221545 -21.718600 -15.499126 -18.153665 -21.131532 -21.337716 -16.232873 -17.687856 -23.026472 -29.147431 -31.111002 -27.590633 -26.894884 -29.554163 -29.488443 -26.305380 -26.979277 -26.903768 -30.354014 -30.308421 
-13.113617 -13.207194 -20.354703 -26.066668 -35.786266 -29.910950 -31.442822 -24.329819 -14.885847 -22.057130 -19.569076 -19.673299 -18.930179 -27.917939 -25.777952 -27.537528 -36.187185 -24.098324 -20.291228 -10.174463 -14.872353 -22.193605 -14.004514 -12.470179 -14.360616 -12.197335 -5.516111 -4.863379 -9.133974 -18.424514 -20.590277 -17.727392 -17.185238 -19.664135 -21.535558 -16.405013 -13.778161 -17.354295 -18.354608 -24.462304 
-22.945104 -18.528892 -24.956172 -34.597450 -28.921671 -26.970704 -31.794643 -33.375996 -28.550895 -29.343065 -23.004272 -23.322621 -31.140302 -30.140602 -28.915034 -30.465500 -40.399726 -28.812979 -24.290447 -14.235420 -19.166077 -20.556524 -14.752993 -9.369025 -8.748845 -5.104806 -3.006333 0.453596 -3.806322 -15.927054 -13.341941 -14.100015 -13.338252 -17.666883 -18.711962 -11.226348 -6.887600 -10.195794 -14.523268 -16.315574 
-19.856298 -23.135293 -35.794600 -40.921090 -43.945866 -43.379084 -41.812840 -37.536609 -30.412623 -31.527220 -33.587871 -37.485153 -39.525880 -31.474721 -34.784221 -43.164437 -45.433941 -35.760964 -31.325247 -14.959437 -19.387368 -19.781777 -14.569296 -7.958506 -9.943824 -8.276353 1.388730 4.742662 -0.785902 -8.200495 -14.020534 -11.636916 -8.663360 -11.971250 -13.864146 -10.656832 -6.066572 -7.696339 -13.172136 -16.597866 
-22.667118 -22.879406 -28.392048 -36.463560 -38.936036 -35.558575 -35.194342 -34.168353 -30.652285 -30.821003 -27.529246 -32.510729 -31.658335 -31.309064 -33.644411 -36.050249 -34.309812 -33.127051 -31.265757 -15.196125 -16.277953 -19.934437 -13.567011 -1.283963 -3.730609 -2.893375 3.474218 5.426128 -1.957119 -9.783908 -11.040914 -10.647965 -10.871101 -13.114816 -10.687401 -6.295965 -4.619713 -5.338282 -10.119112 -16.053697 
-23.292377 -25.235845 -30.424444 -44.498266 -47.984949 -36.610110 -32.933307 -26.954402 -27.597313 -33.358489 -32.544800 -33.226455 -26.786759 -31.157481 -34.531319 -36.909358 -33.713546 -27.943178 -26.510338 -17.365665 -17.347206 -18.413559 -13.235617 -0.634595 -1.950543 -2.953693 0.064302 6.806736 0.315759 -7.043050 -10.662389 -8.629485 -9.342249 -8.301129 -9.028895 -4.326938 -1.876485 -3.079214 -6.465942 -13.303593 
-35.566084 -29.238177 -33.437489 -39.117555 -36.014119 -33.907756 -33.072621 -33.148381 -36.274160 -36.790601 -31.976748 -29.338024 -27.033561 -27.723855 -29.329962 -31.780319 -30.059606 -25.392374 -28.908519 -22.512200 -19.327035 -19.695117 -11.908205 -2.383301 -2.899190 -6.465087 0.459174 4.939320 1.512013 -4.984537 -7.734856 -6.193767 -8.194709 -4.049824 -6.664069 -2.577151 -2.570001 -3.898820 -6.404426 -11.836009 
-37.813403 -34.943477 -35.694836 -38.205026 -35.736479 -33.844763 -39.474822 -34.176992 -36.602910 -38.382431 -31.240709 -33.982993 -29.444861 -29.025920 -31.535357 -30.402316 -28.656330 -28.945543 -23.319398 -22.465389 -21.490076 -17.842820 -15.437972 -1.451026 -2.982948 -1.857995 5.486446 6.490878 0.368285 -5.407710 -12.469901 -6.268771 -9.203398 -6.333621 -6.445024 -3.848198 -1.527372 -3.159180 -6.347593 -12.490610 
-27.610760 -28.371031 -34.406939 -39.712539 -34.925087 -32.880379 -30.745332 -27.061077 -35.920919 -36.610941 -31.495991 -31.683613 -25.795233 -28.710444 -34.747360 -30.213750 -28.975185 -30.617231 -25.921130 -20.032707 -15.507366 -15.521072 -15.408202 -5.543059 -3.857351 -2.288855 3.205628 2.221842 4.665714 -3.226966 -12.769417 -9.796207 -6.085300 -4.766865 -4.253499 -4.381658 0.222121 -2.528088 -7.411535 -11.076580 
-34.493137 -29.313133 -30.307670 -37.881457 -35.141655 -31.651209 -30.372669 -26.933174 -27.975982 -35.227795 -32.534150 -30.972235 -25.580382 -25.603879 -30.899635 -28.208891 -25.242523 -27.950043 -22.437146 -19.149430 -12.756712 -17.471208 -13.254692 -1.693127 -0.477630 -4.226311 5.251770 5.145349 2.336565 -5.319613 -10.474884 -7.541717 -7.520754 -4.977522 -5.452960 -4.316096 -1.913852 -3.884406 -8.311199 -9.842033 
-28.261435 -36.596842 -34.420163 -34.485670 -31.958449 -31.139535 -32.404710 -29.641769 -31.865915 -33.748417 -30.637042 -31.369079 -30.016939 -26.442869 -31.363511 -29.308642 -28.522726 -23.585011 -22.043809 -19.017791 -11.656590 -17.505321 -14.329559 -2.238743 -2.433153 -2.617792 4.429252 3.283014 -1.630630 -6.652606 -10.788751 -8.986237 -6.401916 -7.153524 -5.883777 -4.820425 -1.645008 -5.443033 -8.152035 -12.237919 
-22.683197 -24.789545 -31.097389 -36.339814 -34.790095 -38.733562 -32.088747 -36.095160 -31.305686 -37.739364 -36.059399 -29.766380 -30.069111 -31.116956 -27.604276 -29.105077 -30.700947 -29.308806 -25.933898 -20.303804 -16.755116 -20.852840 -17.541052 -4.633519 -5.834192 -4.619076 6.322244 7.230717 -2.401411 -7.419913 -11.693399 -8.958791 -7.951486 -7.376909 -5.977760 -4.793577 -3.612450 -4.515428 -8.903125 -11.514820 
-23.092417 -23.567874 -31.609426 -41.651849 -35.828589 -30.407410 -31.016976 -28.120054 -30.786228 -36.313435 -35.604973 -32.984167 -28.391439 -28.882586 -28.628282 -31.247762 -31.935321 -28.661003 -25.563690 -19.694653 -19.463826 -18.570508 -10.468635 -3.032237 -6.053660 -3.629275 0.573430 2.744314 -1.801008 -7.949447 -13.061791 -7.726273 -6.403792 -7.826346 -8.144369 -6.650254 -2.539332 -4.718758 -9.556498 -13.560303 
-36.010795 -39.755251 -43.037623 -46.051120 -41.620566 -31.066294 -23.720652 -31.099758 -30.511274 -31.737240 -32.461313 -34.577990 -32.584712 -27.788524 -29.743643 -34.481452 -33.787228 -27.066505 -24.774857 -21.617804 -14.183577 -16.141865 -10.961935 0.853997 -4.859199 0.148820 1.116276 1.485284 -2.445625 -8.091800 -11.232018 -7.472207 -4.214884 -4.459082 -8.422593 -7.387105 -5.687178 -4.259322 -10.439726 -12.010096 
-30.683940 -34.839332 -37.698059 -32.272477 -33.846151 -30.681898 -26.126651 -31.856803 -36.996052 -33.695564 -31.409265 -32.989796 -32.774476 -28.603570 -30.708329 -32.926975 -29.927450 -24.394064 -20.259661 -16.931950 -18.350519 -17.548169 -15.172996 2.616548 -2.911617 -0.577695 1.966901 0.583537 -3.909659 -11.283990 -10.822085 -10.150641 -8.029719 -9.130614 -7.533174 -8.705512 -7.418671 -6.514956 -10.784348 -18.248782 
-30.029135 -32.077817 -30.919029 -37.330205 -33.087954 -30.430060 -30.496471 -28.049261 -28.224715 -26.984871 -31.733210 -33.338944 -28.579391 -24.748305 -28.167425 -29.346590 -33.929233 -29.842761 -24.353207 -18.975499 -13.401171 -13.172824 -11.502858 -7.388532 -7.753111 -3.580670 3.990896 3.718923 -4.371292 -10.817492 -11.074730 -11.810581 -10.477415 -9.480595 -10.213083 -12.023241 -11.396569 -11.410596 -15.144815 -19.565267 
-28.063265 -27.936823 -29.882751 -36.773134 -42.352342 -35.002319 -27.225936 -28.991520 -31.367845 -26.688519 -34.832459 -29.464972 -26.666525 -30.385396 -38.362379 -29.645272 -31.846781 -28.258632 -20.961432 -19.947442 -14.388501 -12.586941 -4.922708 1.670522 -12.046447 -5.192653 -1.518227 -1.098717 -7.767265 -6.537755 -12.448402 -11.842737 -12.748710 -11.746933 -14.014181 -11.165958 -11.503991 -14.104341 -15.534022 -19.448529 
-24.316748 -24.759546 -31.153172 -41.912985 -40.245654 -35.444178 -29.813071 -32.572760 -29.300881 -34.448941 -31.394010 -33.571370 -30.061191 -30.650685 -32.912884 -33.879498 -31.900045 -25.907549 -23.868730 -23.183001 -17.015009 -16.560502 -4.715627 -2.891513 -14.998194 -3.555129 2.069152 -7.895139 -12.493200 -9.137207 -16.689590 -13.010285 -11.198395 -10.584177 -11.574747 -10.496876 -12.067200 -12.115339 -17.611107 -21.929910 
-21.885733 -25.232616 -35.172580 -40.995404 -38.657486 -37.988943 -31.799797 -31.197121 -32.018136 -34.673692 -34.668177 -33.241040 -35.133919 -36.642886 -39.155909 -37.347051 -36.970352 -33.462032 -25.160825 -20.906365 -16.881219 -15.438241 -5.903293 0.174361 -16.556692 -4.182272 -0.585085 -5.070919 -12.565798 -14.533468 -17.307934 -17.112082 -13.819873 -13.495152 -14.550394 -15.856137 -14.848077 -15.728707 -19.604687 -22.694020 
-26.738970 -31.386054 -40.183876 -37.007275 -41.114912 -33.781909 -27.418157 -28.420892 -31.982222 -31.403928 -33.049555 -32.784734 -32.946218 -36.150509 -34.322004 -33.455428 -34.467082 -31.140589 -24.454288 -26.194893 -21.594218 -15.991611 -7.966572 -6.541917 -20.263908 -10.304198 -4.539736 -7.704229 -14.747139 -20.224676 -18.394017 -16.129200 -18.711885 -18.629405 -17.587697 -21.700554 -18.318573 -16.904341 -21.730023 -29.453079 
-34.599626 -34.376425 -41.841056 -39.121158 -42.945576 -38.687994 -32.388644 -28.732502 -35.626919 -37.691516 -40.420583 -38.207880 -34.514312 -31.433824 -36.050748 -37.859258 -37.380515 -31.230742 -25.376370 -23.732126 -29.182792 -18.955816 -9.989448 -12.097746 -22.369767 -10.474865 -8.889715 -11.044296 -15.932243 -18.114034 -20.803145 -25.373562 -25.447710 -23.879397 -22.943195 -21.887924 -21.871605 -18.850414 -22.765406 -32.745051 
-30.667621 -33.009443 -48.368884 -49.257366 -45.391411 -40.932063 -35.546228 -31.457181 -34.636836 -37.444230 -36.042395 -39.726898 -33.857231 -41.154370 -40.166700 -41.744057 -40.570643 -33.013575 -29.755070 -25.516777 -32.020799 -19.972952 -10.412831 -14.353475 -24.261508 -13.234932 -9.417492 -13.097094 -17.620761 -19.256368 -26.696590 -29.328027 -25.789925 -25.443735 -26.530144 -26.834086 -27.593488 -23.326404 -28.561952 -35.601200 
-29.368946 -31.217639 -34.894517 -37.594081 -40.218227 -42.362062 -35.494472 -33.311505 -29.899513 -34.600090 -36.252830 -35.254045 -33.591724 -40.022425 -45.543559 -43.295103 -38.754812 -34.734047 -29.352087 -24.926706 -28.976662 -24.863975 -16.831243 -18.703665 -30.613707 -21.224724 -14.885452 -18.992600 -24.549099 -29.744905 -33.300806 -32.464281 -31.866234 -31.200425 -35.103759 -34.154770 -31.111864 -30.623870 -33.231461 -40.880247 
-25.769234 -31.342196 -38.148430 -41.346879 -45.069796 -37.863351 -34.005719 -30.323239 -33.590884 -40.078733 -41.095719 -41.708746 -45.097757 -52.690177 -51.535719 -51.833211 -46.608293 -39.173775 -31.668450 -27.858378 -38.931161 -30.736846 -25.638172 -30.091498 -34.763962 -29.823469 -24.084831 -28.237115 -31.634439 -33.248742 -40.407044 -38.941529 -39.050099 -40.733192 -39.236246 -38.300353 -37.712953 -38.733303 -44.871338 -49.349335 
-23.523478 -28.223141 -38.450336 -39.186997 -40.229428 -44.370942 -40.711850 -38.773370 -46.745841 -51.721023 -48.410362 -48.786057 -48.981458 -47.698394 -45.545253 -51.453693 -44.824584 -42.907244 -40.991985 -37.278133 -47.565989 -43.223109 -37.543323 -38.098423 -42.822073 -38.420761 -39.793589 -41.374721 -37.578960 -38.284597 -46.702481 -43.092861 -45.070056 -43.178422 -44.516005 -45.778816 -46.210967 -46.102438 -48.741831 -53.675620 
-28.025026 -25.040026 -37.030261 -47.010342 -39.162744 -39.561842 -42.330750 -42.704791 -47.487740 -61.085924 -59.317834 -46.721251 -44.163034 -48.447815 -55.417486 -57.783510 -54.799021 -46.777464 -50.885447 -42.825394 -52.556481 -49.423097 -46.406549 -52.114757 -51.061074 -52.824670 -50.524661 -54.671609 -57.389169 -54.539537 -55.174042 -55.652909 -59.670169 -59.406252 -57.183661 -57.612430 -55.597068 -56.773204 -62.749164 -69.857117 
-18.782218 -21.057137 -32.511101 -46.466275 -53.895999 -50.656806 -50.882169 -51.704477 -49.543090 -56.350470 -53.741109 -53.275084 -55.581512 -60.809393 -61.546051 -63.298962 -57.633410 -54.084806 -53.889047 -52.532927 -56.587835 -58.959867 -60.459042 -56.995798 -62.904037 -59.778938 -57.108787 -57.243800 -57.674433 -56.737052 -65.053219 -63.180918 -64.794435 -63.725173 -61.834898 -64.619380 -66.410993 -62.425112 -64.010293 -72.212063 
-23.654241 -26.487749 -38.947951 -48.043232 -47.510314 -43.163937 -45.334049 -51.930520 -51.037183 -56.954831 -60.692557 -62.181595 -56.978708 -59.224943 -57.146592 -59.678487 -60.517737 -58.412239 -59.213390 -58.748083 -56.832722 -57.214683 -59.975928 -60.792196 -64.935435 -65.687534 -63.416646 -60.513533 -60.150720 -62.018960 -66.341164 -64.401968 -66.361672 -61.039402 -67.154676 -64.784559 -62.648768 -66.517981 -65.430595 -68.185883 
-38.995668 -40.888303 -44.393094 -49.353262 -50.393414 -49.807809 -51.260663 -53.597944 -60.861018 -66.201597 -67.509590 -70.278060 -65.554779 -62.849605 -61.302678 -65.737130 -67.656953 -64.309886 -68.364911 -65.101787 -63.402858 -65.028005 -65.191804 -67.648440 -72.045106 -75.202053 -69.247601 -66.774314 -69.192144 -69.447179 -70.990992 -71.652295 -74.886095 -74.099393 -75.207061 -68.851239 -68.588711 -73.267407 -70.437427 -72.790118 
-57.412211 -66.120795 -66.980465 -67.022066 -66.257977 -73.937870 -77.792803 -71.737609 -75.183700 -75.919819 -72.326975 -71.763755 -71.358318 -79.014373 -79.240106 -76.599568 -69.357364 -72.305970 -79.243802 -74.235077 -71.746926 -69.468944 -72.838608 -72.509229 -73.728962 -76.844418 -76.060551 -72.951431 -72.301610 -74.265303 -74.920290 -70.876189 -75.157791 -78.121297 -75.675587 -73.847736 -74.540425 -75.335565 -74.504131 -73.568003 
-57.883946 -68.150898 -71.412426 -68.908425 -72.769399 -71.809038 -73.524381 -77.371903 -75.153915 -73.297030 -72.819519 -76.955045 -69.907721 -73.732548 -82.170290 -81.517923 -79.961793 -80.391196 -81.219550 -81.911158 -72.116853 -71.140454 -72.845931 -71.809164 -71.105823 -72.842952 -72.003793 -72.839159 -74.681608 -76.184193 -73.955879 -76.004489 -74.449698 -74.742083 -71.356985 -73.469383 -74.845710 -76.768021 -76.265494 -78.545695 
-58.139095 -75.128814 -74.219700 -71.691236 -70.549585 -70.360669 -75.710492 -76.782932 -78.642001 -68.656937 -67.377915 -77.699720 -74.670476 -72.958078 -81.392255 -77.993142 -79.017060 -80.669207 -77.953599 -73.336437 -72.223989 -78.508519 -76.506336 -73.357812 -74.204086 -78.056170 -72.919089 -76.154944 -75.322635 -76.072527 -71.957882 -74.150265 -74.836838 -77.488677 -74.964169 -72.039924 -73.904980 -75.883389 -73.664930 -78.363256 
-58.659046 -69.553305 -73.108379 -73.902499 -76.822643 -72.313171 -76.927248 -73.445700 -73.248277 -75.257397 -68.315838 -70.050508 -75.905915 -75.156268 -80.224729 -77.755444 -75.781051 -76.540800 -74.089950 -74.973199 -74.499382 -73.222055 -79.739929 -73.741071 -73.560007 -77.316488 -78.060205 -75.108736 -76.360654 -75.608895 -76.407728 -76.813526 -75.675484 -76.935962 -76.250305 -74.908455 -73.573927 -74.838420 -75.226977 -75.977622 
-57.918369 -76.299541 -76.905305 -73.649190 -72.880012 -75.453007 -77.929527 -74.194846 -76.331778 -74.838530 -75.039074 -71.254874 -74.398674 -75.478066 -75.732120 -78.174225 -72.591823 -71.422661 -73.430479 -72.952213 -70.376060 -70.593191 -76.637892 -75.190313 -75.945119 -77.507976 -79.178740 -78.986121 -76.213794 -77.431949 -77.028305 -74.511409 -74.108917 -74.931400 -73.384609 -76.730410 -74.063038 -72.576013 -75.153785 -74.718328 
-57.654408 -78.529967 -77.893008 -75.833694 -76.140725 -73.639091 -75.558295 -71.808143 -72.021096 -76.802392 -71.846591 -77.052210 -79.951459 -73.418072 -71.005210 -76.287290 -77.808373 -76.136558 -79.059528 -71.684308 -75.435086 -77.053853 -75.159914 -78.067017 -81.955156 -76.520258 -75.624400 -75.940230 -77.831493 -78.477593 -75.626631 -74.385820 -73.107286 -73.135253 -75.467709 -74.998391 -77.476710 -77.206460 -75.678123 -78.266821 
-56.560661 -71.900078 -75.012420 -81.523307 -74.263392 -68.959489 -73.665909 -73.620338 -76.889480 -71.930222 -76.136463 -75.316574 -73.098584 -71.761167 -72.034301 -74.521567 -87.773488 -80.745092 -78.353094 -74.242133 -73.195153 -79.037716 -76.303531 -71.844553 -74.603025 -75.100595 -79.632422 -77.760072 -74.336138 -77.187094 -74.874275 -75.768737 -80.740110 -73.298734 -72.978672 -74.992503 -74.944807 -74.922718 -74.745323 -77.556871 
-57.049418 -75.040351 -75.986005 -72.945725 -76.917558 -76.029073 -78.160652 -77.583377 -72.139289 -74.073296 -70.715707 -71.308554 -78.281860 -78.023930 -72.581351 -74.120379 -73.078294 -74.795186 -76.336569 -72.812824 -72.338274 -74.044855 -78.259104 -73.261525 -72.690158 -73.466777 -71.447549 -78.248330 -73.793943 -76.873012 -74.384740 -71.802469 -73.322695 -76.993014 -73.040588 -76.297072 -73.615057 -75.379087 -77.029065 -75.826705 
-57.221375 -63.067358 -67.237708 -70.336336 -78.337529 -76.493641 -72.196722 -70.590304 -69.080179 -76.315228 -73.505675 -73.648548 -79.619336 -76.632185 -73.468781 -76.384040 -72.695170 -77.486325 -80.624631 -74.355967 -73.237477 -71.623819 -77.533086 -75.450012 -77.366592 -82.232374 -72.338897 -75.096832 -70.676157 -77.094552 -77.004908 -72.728691 -75.115132 -76.265143 -77.236929 -76.211212 -77.179267 -76.041727 -75.803329 -75.187741 
-85.002562 -85.060559 -88.902032 -87.370071 -88.598862 -90.331791 -88.115547 -92.930383 -90.103526 -97.311255 -95.101637 -95.807613 -95.766272 -95.563962 -94.459156 -93.102320 -95.250277 -96.169484 -95.387110 -93.812812 -94.381462 -96.096153 -95.251159 -93.570777 -94.468153 -96.427332 -94.879126 -93.143844 -94.711344 -95.320983 -95.096704 -93.423153 -93.080501 -94.248623 -95.098362 -94.752721 -95.363335 -94.406151 -94.316752 -94.103014 
NaN NaN NaN NaN NaN NaN NaN NaN NaN NaN NaN NaN NaN NaN NaN NaN NaN NaN NaN NaN NaN NaN NaN NaN NaN NaN NaN NaN NaN NaN NaN NaN NaN NaN NaN NaN NaN NaN NaN NaN 
NaN NaN NaN NaN NaN NaN NaN NaN NaN NaN NaN NaN NaN NaN NaN NaN NaN NaN NaN NaN NaN NaN NaN NaN NaN NaN NaN NaN NaN NaN NaN NaN NaN NaN NaN NaN NaN NaN NaN NaN 
NaN NaN NaN NaN NaN NaN NaN NaN NaN NaN NaN NaN NaN NaN NaN NaN NaN NaN NaN NaN NaN NaN NaN NaN NaN NaN NaN NaN NaN NaN NaN NaN NaN NaN NaN NaN NaN NaN NaN NaN 
NaN NaN NaN NaN NaN NaN NaN NaN NaN NaN NaN NaN NaN NaN NaN NaN NaN NaN NaN NaN NaN NaN NaN NaN NaN NaN NaN NaN NaN NaN NaN NaN NaN NaN NaN NaN NaN NaN NaN NaN 
NaN NaN NaN NaN NaN NaN NaN NaN NaN NaN NaN NaN NaN NaN NaN NaN NaN NaN NaN NaN NaN NaN NaN NaN NaN NaN NaN NaN NaN NaN NaN NaN NaN NaN NaN NaN NaN NaN NaN NaN 
NaN NaN NaN NaN NaN NaN NaN NaN NaN NaN NaN NaN NaN NaN NaN NaN NaN NaN NaN NaN NaN NaN NaN NaN NaN NaN NaN NaN NaN NaN NaN NaN NaN NaN NaN NaN NaN NaN NaN NaN 
NaN NaN NaN NaN NaN NaN NaN NaN NaN NaN NaN NaN NaN NaN NaN NaN NaN NaN NaN NaN NaN NaN NaN NaN NaN NaN NaN NaN NaN NaN NaN NaN NaN NaN NaN NaN NaN NaN NaN NaN 
NaN NaN NaN NaN NaN NaN NaN NaN NaN NaN NaN NaN NaN NaN NaN NaN NaN NaN NaN NaN NaN NaN NaN NaN NaN NaN NaN NaN NaN NaN NaN NaN NaN NaN NaN NaN NaN NaN NaN NaN 
NaN NaN NaN NaN NaN NaN NaN NaN NaN NaN NaN NaN NaN NaN NaN NaN NaN NaN NaN NaN NaN NaN NaN NaN NaN NaN NaN NaN NaN NaN NaN NaN NaN NaN NaN NaN NaN NaN NaN NaN 
NaN NaN NaN NaN NaN NaN NaN NaN NaN NaN NaN NaN NaN NaN NaN NaN NaN NaN NaN NaN NaN NaN NaN NaN NaN NaN NaN NaN NaN NaN NaN NaN NaN NaN NaN NaN NaN NaN NaN NaN 
NaN NaN NaN NaN NaN NaN NaN NaN NaN NaN NaN NaN NaN NaN NaN NaN NaN NaN NaN NaN NaN NaN NaN NaN NaN NaN NaN NaN NaN NaN NaN NaN NaN NaN NaN NaN NaN NaN NaN NaN 
NaN NaN NaN NaN NaN NaN NaN NaN NaN NaN NaN NaN NaN NaN NaN NaN NaN NaN NaN NaN NaN NaN NaN NaN NaN NaN NaN NaN NaN NaN NaN NaN NaN NaN NaN NaN NaN NaN NaN NaN 
NaN NaN NaN NaN NaN NaN NaN NaN NaN NaN NaN NaN NaN NaN NaN NaN NaN NaN NaN NaN NaN NaN NaN NaN NaN NaN NaN NaN NaN NaN NaN NaN NaN NaN NaN NaN NaN NaN NaN NaN 
NaN NaN NaN NaN NaN NaN NaN NaN NaN NaN NaN NaN NaN NaN NaN NaN NaN NaN NaN NaN NaN NaN NaN NaN NaN NaN NaN NaN NaN NaN NaN NaN NaN NaN NaN NaN NaN NaN NaN NaN 
NaN NaN NaN NaN NaN NaN NaN NaN NaN NaN NaN NaN NaN NaN NaN NaN NaN NaN NaN NaN NaN NaN NaN NaN NaN NaN NaN NaN NaN NaN NaN NaN NaN NaN NaN NaN NaN NaN NaN NaN 
NaN NaN NaN NaN NaN NaN NaN NaN NaN NaN NaN NaN NaN NaN NaN NaN NaN NaN NaN NaN NaN NaN NaN NaN NaN NaN NaN NaN NaN NaN NaN NaN NaN NaN NaN NaN NaN NaN NaN NaN 
NaN NaN NaN NaN NaN NaN NaN NaN NaN NaN NaN NaN NaN NaN NaN NaN NaN NaN NaN NaN NaN NaN NaN NaN NaN NaN NaN NaN NaN NaN NaN NaN NaN NaN NaN NaN NaN NaN NaN NaN 
NaN NaN NaN NaN NaN NaN NaN NaN NaN NaN NaN NaN NaN NaN NaN NaN NaN NaN NaN NaN NaN NaN NaN NaN NaN NaN NaN NaN NaN NaN NaN NaN NaN NaN NaN NaN NaN NaN NaN NaN 
NaN NaN NaN NaN NaN NaN NaN NaN NaN NaN NaN NaN NaN NaN NaN NaN NaN NaN NaN NaN NaN NaN NaN NaN NaN NaN NaN NaN NaN NaN NaN NaN NaN NaN NaN NaN NaN NaN NaN NaN 
NaN NaN NaN NaN NaN NaN NaN NaN NaN NaN NaN NaN NaN NaN NaN NaN NaN NaN NaN NaN NaN NaN NaN NaN NaN NaN NaN NaN NaN NaN NaN NaN NaN NaN NaN NaN NaN NaN NaN NaN 
NaN NaN NaN NaN NaN NaN NaN NaN NaN NaN NaN NaN NaN NaN NaN NaN NaN NaN NaN NaN NaN NaN NaN NaN NaN NaN NaN NaN NaN NaN NaN NaN NaN NaN NaN NaN NaN NaN NaN NaN 
NaN NaN NaN NaN NaN NaN NaN NaN NaN NaN NaN NaN NaN NaN NaN NaN NaN NaN NaN NaN NaN NaN NaN NaN NaN NaN NaN NaN NaN NaN NaN NaN NaN NaN NaN NaN NaN NaN NaN NaN 
NaN NaN NaN NaN NaN NaN NaN NaN NaN NaN NaN NaN NaN NaN NaN NaN NaN NaN NaN NaN NaN NaN NaN NaN NaN NaN NaN NaN NaN NaN NaN NaN NaN NaN NaN NaN NaN NaN NaN NaN 
NaN NaN NaN NaN NaN NaN NaN NaN NaN NaN NaN NaN NaN NaN NaN NaN NaN NaN NaN NaN NaN NaN NaN NaN NaN NaN NaN NaN NaN NaN NaN NaN NaN NaN NaN NaN NaN NaN NaN NaN 
NaN NaN NaN NaN NaN NaN NaN NaN NaN NaN NaN NaN NaN NaN NaN NaN NaN NaN NaN NaN NaN NaN NaN NaN NaN NaN NaN NaN NaN NaN NaN NaN NaN NaN NaN NaN NaN NaN NaN NaN 
NaN NaN NaN NaN NaN NaN NaN NaN NaN NaN NaN NaN NaN NaN NaN NaN NaN NaN NaN NaN NaN NaN NaN NaN NaN NaN NaN NaN NaN NaN NaN NaN NaN NaN NaN NaN NaN NaN NaN NaN 
NaN NaN NaN NaN NaN NaN NaN NaN NaN NaN NaN NaN NaN NaN NaN NaN NaN NaN NaN NaN NaN NaN NaN NaN NaN NaN NaN NaN NaN NaN NaN NaN NaN NaN NaN NaN NaN NaN NaN NaN 
NaN NaN NaN NaN NaN NaN NaN NaN NaN NaN NaN NaN NaN NaN NaN NaN NaN NaN NaN NaN NaN NaN NaN NaN NaN NaN NaN NaN NaN NaN NaN NaN NaN NaN NaN NaN NaN NaN NaN NaN 
NaN NaN NaN NaN NaN NaN NaN NaN NaN NaN NaN NaN NaN NaN NaN NaN NaN NaN NaN NaN NaN NaN NaN NaN NaN NaN NaN NaN NaN NaN NaN NaN NaN NaN NaN NaN NaN NaN NaN NaN 
NaN NaN NaN NaN NaN NaN NaN NaN NaN NaN NaN NaN NaN NaN NaN NaN NaN NaN NaN NaN NaN NaN NaN NaN NaN NaN NaN NaN NaN NaN NaN NaN NaN NaN NaN NaN NaN NaN NaN NaN 
NaN NaN NaN NaN NaN NaN NaN NaN NaN NaN NaN NaN NaN NaN NaN NaN NaN NaN NaN NaN NaN NaN NaN NaN NaN NaN NaN NaN NaN NaN NaN NaN NaN NaN NaN NaN NaN NaN NaN NaN 
NaN NaN NaN NaN NaN NaN NaN NaN NaN NaN NaN NaN NaN NaN NaN NaN NaN NaN NaN NaN NaN NaN NaN NaN NaN NaN NaN NaN NaN NaN NaN NaN NaN NaN NaN NaN NaN NaN NaN NaN 
NaN NaN NaN NaN NaN NaN NaN NaN NaN NaN NaN NaN NaN NaN NaN NaN NaN NaN NaN NaN NaN NaN NaN NaN NaN NaN NaN NaN NaN NaN NaN NaN NaN NaN NaN NaN NaN NaN NaN NaN 
NaN NaN NaN NaN NaN NaN NaN NaN NaN NaN NaN NaN NaN NaN NaN NaN NaN NaN NaN NaN NaN NaN NaN NaN NaN NaN NaN NaN NaN NaN NaN NaN NaN NaN NaN NaN NaN NaN NaN NaN 
NaN NaN NaN NaN NaN NaN NaN NaN NaN NaN NaN NaN NaN NaN NaN NaN NaN NaN NaN NaN NaN NaN NaN NaN NaN NaN NaN NaN NaN NaN NaN NaN NaN NaN NaN NaN NaN NaN NaN NaN 
NaN NaN NaN NaN NaN NaN NaN NaN NaN NaN NaN NaN NaN NaN NaN NaN NaN NaN NaN NaN NaN NaN NaN NaN NaN NaN NaN NaN NaN NaN NaN NaN NaN NaN NaN NaN NaN NaN NaN NaN 
NaN NaN NaN NaN NaN NaN NaN NaN NaN NaN NaN NaN NaN NaN NaN NaN NaN NaN NaN NaN NaN NaN NaN NaN NaN NaN NaN NaN NaN NaN NaN NaN NaN NaN NaN NaN NaN NaN NaN NaN 
NaN NaN NaN NaN NaN NaN NaN NaN NaN NaN NaN NaN NaN NaN NaN NaN NaN NaN NaN NaN NaN NaN NaN NaN NaN NaN NaN NaN NaN NaN NaN NaN NaN NaN NaN NaN NaN NaN NaN NaN 
NaN NaN NaN NaN NaN NaN NaN NaN NaN NaN NaN NaN NaN NaN NaN NaN NaN NaN NaN NaN NaN NaN NaN NaN NaN NaN NaN NaN NaN NaN NaN NaN NaN NaN NaN NaN NaN NaN NaN NaN 
NaN NaN NaN NaN NaN NaN NaN NaN NaN NaN NaN NaN NaN NaN NaN NaN NaN NaN NaN NaN NaN NaN NaN NaN NaN NaN NaN NaN NaN NaN NaN NaN NaN NaN NaN NaN NaN NaN NaN NaN 
NaN NaN NaN NaN NaN NaN NaN NaN NaN NaN NaN NaN NaN NaN NaN NaN NaN NaN NaN NaN NaN NaN NaN NaN NaN NaN NaN NaN NaN NaN NaN NaN NaN NaN NaN NaN NaN NaN NaN NaN 
NaN NaN NaN NaN NaN NaN NaN NaN NaN NaN NaN NaN NaN NaN NaN NaN NaN NaN NaN NaN NaN NaN NaN NaN NaN NaN NaN NaN NaN NaN NaN NaN NaN NaN NaN NaN NaN NaN NaN NaN 
NaN NaN NaN NaN NaN NaN NaN NaN NaN NaN NaN NaN NaN NaN NaN NaN NaN NaN NaN NaN NaN NaN NaN NaN NaN NaN NaN NaN NaN NaN NaN NaN NaN NaN NaN NaN NaN NaN NaN NaN 
NaN NaN NaN NaN NaN NaN NaN NaN NaN NaN NaN NaN NaN NaN NaN NaN NaN NaN NaN NaN NaN NaN NaN NaN NaN NaN NaN NaN NaN NaN NaN NaN NaN NaN NaN NaN NaN NaN NaN NaN 
NaN NaN NaN NaN NaN NaN NaN NaN NaN NaN NaN NaN NaN NaN NaN NaN NaN NaN NaN NaN NaN NaN NaN NaN NaN NaN NaN NaN NaN NaN NaN NaN NaN NaN NaN NaN NaN NaN NaN NaN 
NaN NaN NaN NaN NaN NaN NaN NaN NaN NaN NaN NaN NaN NaN NaN NaN NaN NaN NaN NaN NaN NaN NaN NaN NaN NaN NaN NaN NaN NaN NaN NaN NaN NaN NaN NaN NaN NaN NaN NaN 
NaN NaN NaN NaN NaN NaN NaN NaN NaN NaN NaN NaN NaN NaN NaN NaN NaN NaN NaN NaN NaN NaN NaN NaN NaN NaN NaN NaN NaN NaN NaN NaN NaN NaN NaN NaN NaN NaN NaN NaN 
NaN NaN NaN NaN NaN NaN NaN NaN NaN NaN NaN NaN NaN NaN NaN NaN NaN NaN NaN NaN NaN NaN NaN NaN NaN NaN NaN NaN NaN NaN NaN NaN NaN NaN NaN NaN NaN NaN NaN NaN 
NaN NaN NaN NaN NaN NaN NaN NaN NaN NaN NaN NaN NaN NaN NaN NaN NaN NaN NaN NaN NaN NaN NaN NaN NaN NaN NaN NaN NaN NaN NaN NaN NaN NaN NaN NaN NaN NaN NaN NaN 
NaN NaN NaN NaN NaN NaN NaN NaN NaN NaN NaN NaN NaN NaN NaN NaN NaN NaN NaN NaN NaN NaN NaN NaN NaN NaN NaN NaN NaN NaN NaN NaN NaN NaN NaN NaN NaN NaN NaN NaN 
NaN NaN NaN NaN NaN NaN NaN NaN NaN NaN NaN NaN NaN NaN NaN NaN NaN NaN NaN NaN NaN NaN NaN NaN NaN NaN NaN NaN NaN NaN NaN NaN NaN NaN NaN NaN NaN NaN NaN NaN 
NaN NaN NaN NaN NaN NaN NaN NaN NaN NaN NaN NaN NaN NaN NaN NaN NaN NaN NaN NaN NaN NaN NaN NaN NaN NaN NaN NaN NaN NaN NaN NaN NaN NaN NaN NaN NaN NaN NaN NaN 
NaN NaN NaN NaN NaN NaN NaN NaN NaN NaN NaN NaN NaN NaN NaN NaN NaN NaN NaN NaN NaN NaN NaN NaN NaN NaN NaN NaN NaN NaN NaN NaN NaN NaN NaN NaN NaN NaN NaN NaN 
NaN NaN NaN NaN NaN NaN NaN NaN NaN NaN NaN NaN NaN NaN NaN NaN NaN NaN NaN NaN NaN NaN NaN NaN NaN NaN NaN NaN NaN NaN NaN NaN NaN NaN NaN NaN NaN NaN NaN NaN 
NaN NaN NaN NaN NaN NaN NaN NaN NaN NaN NaN NaN NaN NaN NaN NaN NaN NaN NaN NaN NaN NaN NaN NaN NaN NaN NaN NaN NaN NaN NaN NaN NaN NaN NaN NaN NaN NaN NaN NaN 
NaN NaN NaN NaN NaN NaN NaN NaN NaN NaN NaN NaN NaN NaN NaN NaN NaN NaN NaN NaN NaN NaN NaN NaN NaN NaN NaN NaN NaN NaN NaN NaN NaN NaN NaN NaN NaN NaN NaN NaN 
NaN NaN NaN NaN NaN NaN NaN NaN NaN NaN NaN NaN NaN NaN NaN NaN NaN NaN NaN NaN NaN NaN NaN NaN NaN NaN NaN NaN NaN NaN NaN NaN NaN NaN NaN NaN NaN NaN NaN NaN 
NaN NaN NaN NaN NaN NaN NaN NaN NaN NaN NaN NaN NaN NaN NaN NaN NaN NaN NaN NaN NaN NaN NaN NaN NaN NaN NaN NaN NaN NaN NaN NaN NaN NaN NaN NaN NaN NaN NaN NaN 
NaN NaN NaN NaN NaN NaN NaN NaN NaN NaN NaN NaN NaN NaN NaN NaN NaN NaN NaN NaN NaN NaN NaN NaN NaN NaN NaN NaN NaN NaN NaN NaN NaN NaN NaN NaN NaN NaN NaN NaN 
NaN NaN NaN NaN NaN NaN NaN NaN NaN NaN NaN NaN NaN NaN NaN NaN NaN NaN NaN NaN NaN NaN NaN NaN NaN NaN NaN NaN NaN NaN NaN NaN NaN NaN NaN NaN NaN NaN NaN NaN 
NaN NaN NaN NaN NaN NaN NaN NaN NaN NaN NaN NaN NaN NaN NaN NaN NaN NaN NaN NaN NaN NaN NaN NaN NaN NaN NaN NaN NaN NaN NaN NaN NaN NaN NaN NaN NaN NaN NaN NaN 
NaN NaN NaN NaN NaN NaN NaN NaN NaN NaN NaN NaN NaN NaN NaN NaN NaN NaN NaN NaN NaN NaN NaN NaN NaN NaN NaN NaN NaN NaN NaN NaN NaN NaN NaN NaN NaN NaN NaN NaN 
NaN NaN NaN NaN NaN NaN NaN NaN NaN NaN NaN NaN NaN NaN NaN NaN NaN NaN NaN NaN NaN NaN NaN NaN NaN NaN NaN NaN NaN NaN NaN NaN NaN NaN NaN NaN NaN NaN NaN NaN 
NaN NaN NaN NaN NaN NaN NaN NaN NaN NaN NaN NaN NaN NaN NaN NaN NaN NaN NaN NaN NaN NaN NaN NaN NaN NaN NaN NaN NaN NaN NaN NaN NaN NaN NaN NaN NaN NaN NaN NaN 
NaN NaN NaN NaN NaN NaN NaN NaN NaN NaN NaN NaN NaN NaN NaN NaN NaN NaN NaN NaN NaN NaN NaN NaN NaN NaN NaN NaN NaN NaN NaN NaN NaN NaN NaN NaN NaN NaN NaN NaN 
NaN NaN NaN NaN NaN NaN NaN NaN NaN NaN NaN NaN NaN NaN NaN NaN NaN NaN NaN NaN NaN NaN NaN NaN NaN NaN NaN NaN NaN NaN NaN NaN NaN NaN NaN NaN NaN NaN NaN NaN 
NaN NaN NaN NaN NaN NaN NaN NaN NaN NaN NaN NaN NaN NaN NaN NaN NaN NaN NaN NaN NaN NaN NaN NaN NaN NaN NaN NaN NaN NaN NaN NaN NaN NaN NaN NaN NaN NaN NaN NaN 
NaN NaN NaN NaN NaN NaN NaN NaN NaN NaN NaN NaN NaN NaN NaN NaN NaN NaN NaN NaN NaN NaN NaN NaN NaN NaN NaN NaN NaN NaN NaN NaN NaN NaN NaN NaN NaN NaN NaN NaN 
NaN NaN NaN NaN NaN NaN NaN NaN NaN NaN NaN NaN NaN NaN NaN NaN NaN NaN NaN NaN NaN NaN NaN NaN NaN NaN NaN NaN NaN NaN NaN NaN NaN NaN NaN NaN NaN NaN NaN NaN 
NaN NaN NaN NaN NaN NaN NaN NaN NaN NaN NaN NaN NaN NaN NaN NaN NaN NaN NaN NaN NaN NaN NaN NaN NaN NaN NaN NaN NaN NaN NaN NaN NaN NaN NaN NaN NaN NaN NaN NaN 
NaN NaN NaN NaN NaN NaN NaN NaN NaN NaN NaN NaN NaN NaN NaN NaN NaN NaN NaN NaN NaN NaN NaN NaN NaN NaN NaN NaN NaN NaN NaN NaN NaN NaN NaN NaN NaN NaN NaN NaN 
NaN NaN NaN NaN NaN NaN NaN NaN NaN NaN NaN NaN NaN NaN NaN NaN NaN NaN NaN NaN NaN NaN NaN NaN NaN NaN NaN NaN NaN NaN NaN NaN NaN NaN NaN NaN NaN NaN NaN NaN 
NaN NaN NaN NaN NaN NaN NaN NaN NaN NaN NaN NaN NaN NaN NaN NaN NaN NaN NaN NaN NaN NaN NaN NaN NaN NaN NaN NaN NaN NaN NaN NaN NaN NaN NaN NaN NaN NaN NaN NaN 
NaN NaN NaN NaN NaN NaN NaN NaN NaN NaN NaN NaN NaN NaN NaN NaN NaN NaN NaN NaN NaN NaN NaN NaN NaN NaN NaN NaN NaN NaN NaN NaN NaN NaN NaN NaN NaN NaN NaN NaN 
NaN NaN NaN NaN NaN NaN NaN NaN NaN NaN NaN NaN NaN NaN NaN NaN NaN NaN NaN NaN NaN NaN NaN NaN NaN NaN NaN NaN NaN NaN NaN NaN NaN NaN NaN NaN NaN NaN NaN NaN 
NaN NaN NaN NaN NaN NaN NaN NaN NaN NaN NaN NaN NaN NaN NaN NaN NaN NaN NaN NaN NaN NaN NaN NaN NaN NaN NaN NaN NaN NaN NaN NaN NaN NaN NaN NaN NaN NaN NaN NaN 
NaN NaN NaN NaN NaN NaN NaN NaN NaN NaN NaN NaN NaN NaN NaN NaN NaN NaN NaN NaN NaN NaN NaN NaN NaN NaN NaN NaN NaN NaN NaN NaN NaN NaN NaN NaN NaN NaN NaN NaN 
