NaN NaN NaN NaN NaN NaN NaN NaN NaN NaN NaN NaN NaN NaN NaN NaN NaN NaN NaN NaN NaN NaN NaN NaN NaN NaN NaN NaN NaN NaN NaN NaN NaN NaN NaN NaN NaN NaN NaN NaN 
NaN NaN NaN NaN NaN NaN NaN NaN NaN NaN NaN NaN NaN NaN NaN NaN NaN NaN NaN NaN NaN NaN NaN NaN NaN NaN NaN NaN NaN NaN NaN NaN NaN NaN NaN NaN NaN NaN NaN NaN 
NaN NaN NaN NaN NaN NaN NaN NaN NaN NaN NaN NaN NaN NaN NaN NaN NaN NaN NaN NaN NaN NaN NaN NaN NaN NaN NaN NaN NaN NaN NaN NaN NaN NaN NaN NaN NaN NaN NaN NaN 
NaN NaN NaN NaN NaN NaN NaN NaN NaN NaN NaN NaN NaN NaN NaN NaN NaN NaN NaN NaN NaN NaN NaN NaN NaN NaN NaN NaN NaN NaN NaN NaN NaN NaN NaN NaN NaN NaN NaN NaN 
NaN NaN NaN NaN NaN NaN NaN NaN NaN NaN NaN NaN NaN NaN NaN NaN NaN NaN NaN NaN NaN NaN NaN NaN NaN NaN NaN NaN NaN NaN NaN NaN NaN NaN NaN NaN NaN NaN NaN NaN 
NaN NaN NaN NaN NaN NaN NaN NaN NaN NaN NaN NaN NaN NaN NaN NaN NaN NaN NaN NaN NaN NaN NaN NaN NaN NaN NaN NaN NaN NaN NaN NaN NaN NaN NaN NaN NaN NaN NaN NaN 
NaN NaN NaN NaN NaN NaN NaN NaN NaN NaN NaN NaN NaN NaN NaN NaN NaN NaN NaN NaN NaN NaN NaN NaN NaN NaN NaN NaN NaN NaN NaN NaN NaN NaN NaN NaN NaN NaN NaN NaN 
NaN NaN NaN NaN NaN NaN NaN NaN NaN NaN NaN NaN NaN NaN NaN NaN NaN NaN NaN NaN NaN NaN NaN NaN NaN NaN NaN NaN NaN NaN NaN NaN NaN NaN NaN NaN NaN NaN NaN NaN 
NaN NaN NaN NaN NaN NaN NaN NaN NaN NaN NaN NaN NaN NaN NaN NaN NaN NaN NaN NaN NaN NaN NaN NaN NaN NaN NaN NaN NaN NaN NaN NaN NaN NaN NaN NaN NaN NaN NaN NaN 
NaN NaN NaN NaN NaN NaN NaN NaN NaN NaN NaN NaN NaN NaN NaN NaN NaN NaN NaN NaN NaN NaN NaN NaN NaN NaN NaN NaN NaN NaN NaN NaN NaN NaN NaN NaN NaN NaN NaN NaN 
NaN NaN NaN NaN NaN NaN NaN NaN NaN NaN NaN NaN NaN NaN NaN NaN NaN NaN NaN NaN NaN NaN NaN NaN NaN NaN NaN NaN NaN NaN NaN NaN NaN NaN NaN NaN NaN NaN NaN NaN 
NaN NaN NaN NaN NaN NaN NaN NaN NaN NaN NaN NaN NaN NaN NaN NaN NaN NaN NaN NaN NaN NaN NaN NaN NaN NaN NaN NaN NaN NaN NaN NaN NaN NaN NaN NaN NaN NaN NaN NaN 
NaN NaN NaN NaN NaN NaN NaN NaN NaN NaN NaN NaN NaN NaN NaN NaN NaN NaN NaN NaN NaN NaN NaN NaN NaN NaN NaN NaN NaN NaN NaN NaN NaN NaN NaN NaN NaN NaN NaN NaN 
NaN NaN NaN NaN NaN NaN NaN NaN NaN NaN NaN NaN NaN NaN NaN NaN NaN NaN NaN NaN NaN NaN NaN NaN NaN NaN NaN NaN NaN NaN NaN NaN NaN NaN NaN NaN NaN NaN NaN NaN 
NaN NaN NaN NaN NaN NaN NaN NaN NaN NaN NaN NaN NaN NaN NaN NaN NaN NaN NaN NaN NaN NaN NaN NaN NaN NaN NaN NaN NaN NaN NaN NaN NaN NaN NaN NaN NaN NaN NaN NaN 
NaN NaN NaN NaN NaN NaN NaN NaN NaN NaN NaN NaN NaN NaN NaN NaN NaN NaN NaN NaN NaN NaN NaN NaN NaN NaN NaN NaN NaN NaN NaN NaN NaN NaN NaN NaN NaN NaN NaN NaN 
NaN NaN NaN NaN NaN NaN NaN NaN NaN NaN NaN NaN NaN NaN NaN NaN NaN NaN NaN NaN NaN NaN NaN NaN NaN NaN NaN NaN NaN NaN NaN NaN NaN NaN NaN NaN NaN NaN NaN NaN 
NaN NaN NaN NaN NaN NaN NaN NaN NaN NaN NaN NaN NaN NaN NaN NaN NaN NaN NaN NaN NaN NaN NaN NaN NaN NaN NaN NaN NaN NaN NaN NaN NaN NaN NaN NaN NaN NaN NaN NaN 
NaN NaN NaN NaN NaN NaN NaN NaN NaN NaN NaN NaN NaN NaN NaN NaN NaN NaN NaN NaN NaN NaN NaN NaN NaN NaN NaN NaN NaN NaN NaN NaN NaN NaN NaN NaN NaN NaN NaN NaN 
NaN NaN NaN NaN NaN NaN NaN NaN NaN NaN NaN NaN NaN NaN NaN NaN NaN NaN NaN NaN NaN NaN NaN NaN NaN NaN NaN NaN NaN NaN NaN NaN NaN NaN NaN NaN NaN NaN NaN NaN 
NaN NaN NaN NaN NaN NaN NaN NaN NaN NaN NaN NaN NaN NaN NaN NaN NaN NaN NaN NaN NaN NaN NaN NaN NaN NaN NaN NaN NaN NaN NaN NaN NaN NaN NaN NaN NaN NaN NaN NaN 
NaN NaN NaN NaN NaN NaN NaN NaN NaN NaN NaN NaN NaN NaN NaN NaN NaN NaN NaN NaN NaN NaN NaN NaN NaN NaN NaN NaN NaN NaN NaN NaN NaN NaN NaN NaN NaN NaN NaN NaN 
NaN NaN NaN NaN NaN NaN NaN NaN NaN NaN NaN NaN NaN NaN NaN NaN NaN NaN NaN NaN NaN NaN NaN NaN NaN NaN NaN NaN NaN NaN NaN NaN NaN NaN NaN NaN NaN NaN NaN NaN 
NaN NaN NaN NaN NaN NaN NaN NaN NaN NaN NaN NaN NaN NaN NaN NaN NaN NaN NaN NaN NaN NaN NaN NaN NaN NaN NaN NaN NaN NaN NaN NaN NaN NaN NaN NaN NaN NaN NaN NaN 
NaN NaN NaN NaN NaN NaN NaN NaN NaN NaN NaN NaN NaN NaN NaN NaN NaN NaN NaN NaN NaN NaN NaN NaN NaN NaN NaN NaN NaN NaN NaN NaN NaN NaN NaN NaN NaN NaN NaN NaN 
NaN NaN NaN NaN NaN NaN NaN NaN NaN NaN NaN NaN NaN NaN NaN NaN NaN NaN NaN NaN NaN NaN NaN NaN NaN NaN NaN NaN NaN NaN NaN NaN NaN NaN NaN NaN NaN NaN NaN NaN 
NaN NaN NaN NaN NaN NaN NaN NaN NaN NaN NaN NaN NaN NaN NaN NaN NaN NaN NaN NaN NaN NaN NaN NaN NaN NaN NaN NaN NaN NaN NaN NaN NaN NaN NaN NaN NaN NaN NaN NaN 
NaN NaN NaN NaN NaN NaN NaN NaN NaN NaN NaN NaN NaN NaN NaN NaN NaN NaN NaN NaN NaN NaN NaN NaN NaN NaN NaN NaN NaN NaN NaN NaN NaN NaN NaN NaN NaN NaN NaN NaN 
NaN NaN NaN NaN NaN NaN NaN NaN NaN NaN NaN NaN NaN NaN NaN NaN NaN NaN NaN NaN NaN NaN NaN NaN NaN NaN NaN NaN NaN NaN NaN NaN NaN NaN NaN NaN NaN NaN NaN NaN 
NaN NaN NaN NaN NaN NaN NaN NaN NaN NaN NaN NaN NaN NaN NaN NaN NaN NaN NaN NaN NaN NaN NaN NaN NaN NaN NaN NaN NaN NaN NaN NaN NaN NaN NaN NaN NaN NaN NaN NaN 
NaN NaN NaN NaN NaN NaN NaN NaN NaN NaN NaN NaN NaN NaN NaN NaN NaN NaN NaN NaN NaN NaN NaN NaN NaN NaN NaN NaN NaN NaN NaN NaN NaN NaN NaN NaN NaN NaN NaN NaN 
NaN NaN NaN NaN NaN NaN NaN NaN NaN NaN NaN NaN NaN NaN NaN NaN NaN NaN NaN NaN NaN NaN NaN NaN NaN NaN NaN NaN NaN NaN NaN NaN NaN NaN NaN NaN NaN NaN NaN NaN 
NaN NaN NaN NaN NaN NaN NaN NaN NaN NaN NaN NaN NaN NaN NaN NaN NaN NaN NaN NaN NaN NaN NaN NaN NaN NaN NaN NaN NaN NaN NaN NaN NaN NaN NaN NaN NaN NaN NaN NaN 
NaN NaN NaN NaN NaN NaN NaN NaN NaN NaN NaN NaN NaN NaN NaN NaN NaN NaN NaN NaN NaN NaN NaN NaN NaN NaN NaN NaN NaN NaN NaN NaN NaN NaN NaN NaN NaN NaN NaN NaN 
NaN NaN NaN NaN NaN NaN NaN NaN NaN NaN NaN NaN NaN NaN NaN NaN NaN NaN NaN NaN NaN NaN NaN NaN NaN NaN NaN NaN NaN NaN NaN NaN NaN NaN NaN NaN NaN NaN NaN NaN 
NaN NaN NaN NaN NaN NaN NaN NaN NaN NaN NaN NaN NaN NaN NaN NaN NaN NaN NaN NaN NaN NaN NaN NaN NaN NaN NaN NaN NaN NaN NaN NaN NaN NaN NaN NaN NaN NaN NaN NaN 
NaN NaN NaN NaN NaN NaN NaN NaN NaN NaN NaN NaN NaN NaN NaN NaN NaN NaN NaN NaN NaN NaN NaN NaN NaN NaN NaN NaN NaN NaN NaN NaN NaN NaN NaN NaN NaN NaN NaN NaN 
NaN NaN NaN NaN NaN NaN NaN NaN NaN NaN NaN NaN NaN NaN NaN NaN NaN NaN NaN NaN NaN NaN NaN NaN NaN NaN NaN NaN NaN NaN NaN NaN NaN NaN NaN NaN NaN NaN NaN NaN 
NaN NaN NaN NaN NaN NaN NaN NaN NaN NaN NaN NaN NaN NaN NaN NaN NaN NaN NaN NaN NaN NaN NaN NaN NaN NaN NaN NaN NaN NaN NaN NaN NaN NaN NaN NaN NaN NaN NaN NaN 
NaN NaN NaN NaN NaN NaN NaN NaN NaN NaN NaN NaN NaN NaN NaN NaN NaN NaN NaN NaN NaN NaN NaN NaN NaN NaN NaN NaN NaN NaN NaN NaN NaN NaN NaN NaN NaN NaN NaN NaN 
NaN NaN NaN NaN NaN NaN NaN NaN NaN NaN NaN NaN NaN NaN NaN NaN NaN NaN NaN NaN NaN NaN NaN NaN NaN NaN NaN NaN NaN NaN NaN NaN NaN NaN NaN NaN NaN NaN NaN NaN 
NaN NaN NaN NaN NaN NaN NaN NaN NaN NaN NaN NaN NaN NaN NaN NaN NaN NaN NaN NaN NaN NaN NaN NaN NaN NaN NaN NaN NaN NaN NaN NaN NaN NaN NaN NaN NaN NaN NaN NaN 
NaN NaN NaN NaN NaN NaN NaN NaN NaN NaN NaN NaN NaN NaN NaN NaN NaN NaN NaN NaN NaN NaN NaN NaN NaN NaN NaN NaN NaN NaN NaN NaN NaN NaN NaN NaN NaN NaN NaN NaN 
NaN NaN NaN NaN NaN NaN NaN NaN NaN NaN NaN NaN NaN NaN NaN NaN NaN NaN NaN NaN NaN NaN NaN NaN NaN NaN NaN NaN NaN NaN NaN NaN NaN NaN NaN NaN NaN NaN NaN NaN 
NaN NaN NaN NaN NaN NaN NaN NaN NaN NaN NaN NaN NaN NaN NaN NaN NaN NaN NaN NaN NaN NaN NaN NaN NaN NaN NaN NaN NaN NaN NaN NaN NaN NaN NaN NaN NaN NaN NaN NaN 
NaN NaN NaN NaN NaN NaN NaN NaN NaN NaN NaN NaN NaN NaN NaN NaN NaN NaN NaN NaN NaN NaN NaN NaN NaN NaN NaN NaN NaN NaN NaN NaN NaN NaN NaN NaN NaN NaN NaN NaN 
NaN NaN NaN NaN NaN NaN NaN NaN NaN NaN NaN NaN NaN NaN NaN NaN NaN NaN NaN NaN NaN NaN NaN NaN NaN NaN NaN NaN NaN NaN NaN NaN NaN NaN NaN NaN NaN NaN NaN NaN 
NaN NaN NaN NaN NaN NaN NaN NaN NaN NaN NaN NaN NaN NaN NaN NaN NaN NaN NaN NaN NaN NaN NaN NaN NaN NaN NaN NaN NaN NaN NaN NaN NaN NaN NaN NaN NaN NaN NaN NaN 
NaN NaN NaN NaN NaN NaN NaN NaN NaN NaN NaN NaN NaN NaN NaN NaN NaN NaN NaN NaN NaN NaN NaN NaN NaN NaN NaN NaN NaN NaN NaN NaN NaN NaN NaN NaN NaN NaN NaN NaN 
NaN NaN NaN NaN NaN NaN NaN NaN NaN NaN NaN NaN NaN NaN NaN NaN NaN NaN NaN NaN NaN NaN NaN NaN NaN NaN NaN NaN NaN NaN NaN NaN NaN NaN NaN NaN NaN NaN NaN NaN 
NaN NaN NaN NaN NaN NaN NaN NaN NaN NaN NaN NaN NaN NaN NaN NaN NaN NaN NaN NaN NaN NaN NaN NaN NaN NaN NaN NaN NaN NaN NaN NaN NaN NaN NaN NaN NaN NaN NaN NaN 
NaN NaN NaN NaN NaN NaN NaN NaN NaN NaN NaN NaN NaN NaN NaN NaN NaN NaN NaN NaN NaN NaN NaN NaN NaN NaN NaN NaN NaN NaN NaN NaN NaN NaN NaN NaN NaN NaN NaN NaN 
NaN NaN NaN NaN NaN NaN NaN NaN NaN NaN NaN NaN NaN NaN NaN NaN NaN NaN NaN NaN NaN NaN NaN NaN NaN NaN NaN NaN NaN NaN NaN NaN NaN NaN NaN NaN NaN NaN NaN NaN 
NaN NaN NaN NaN NaN NaN NaN NaN NaN NaN NaN NaN NaN NaN NaN NaN NaN NaN NaN NaN NaN NaN NaN NaN NaN NaN NaN NaN NaN NaN NaN NaN NaN NaN NaN NaN NaN NaN NaN NaN 
NaN NaN NaN NaN NaN NaN NaN NaN NaN NaN NaN NaN NaN NaN NaN NaN NaN NaN NaN NaN NaN NaN NaN NaN NaN NaN NaN NaN NaN NaN NaN NaN NaN NaN NaN NaN NaN NaN NaN NaN 
NaN NaN NaN NaN NaN NaN NaN NaN NaN NaN NaN NaN NaN NaN NaN NaN NaN NaN NaN NaN NaN NaN NaN NaN NaN NaN NaN NaN NaN NaN NaN NaN NaN NaN NaN NaN NaN NaN NaN NaN 
NaN NaN NaN NaN NaN NaN NaN NaN NaN NaN NaN NaN NaN NaN NaN NaN NaN NaN NaN NaN NaN NaN NaN NaN NaN NaN NaN NaN NaN NaN NaN NaN NaN NaN NaN NaN NaN NaN NaN NaN 
NaN NaN NaN NaN NaN NaN NaN NaN NaN NaN NaN NaN NaN NaN NaN NaN NaN NaN NaN NaN NaN NaN NaN NaN NaN NaN NaN NaN NaN NaN NaN NaN NaN NaN NaN NaN NaN NaN NaN NaN 
NaN NaN NaN NaN NaN NaN NaN NaN NaN NaN NaN NaN NaN NaN NaN NaN NaN NaN NaN NaN NaN NaN NaN NaN NaN NaN NaN NaN NaN NaN NaN NaN NaN NaN NaN NaN NaN NaN NaN NaN 
NaN NaN NaN NaN NaN NaN NaN NaN NaN NaN NaN NaN NaN NaN NaN NaN NaN NaN NaN NaN NaN NaN NaN NaN NaN NaN NaN NaN NaN NaN NaN NaN NaN NaN NaN NaN NaN NaN NaN NaN 
NaN NaN NaN NaN NaN NaN NaN NaN NaN NaN NaN NaN NaN NaN NaN NaN NaN NaN NaN NaN NaN NaN NaN NaN NaN NaN NaN NaN NaN NaN NaN NaN NaN NaN NaN NaN NaN NaN NaN NaN 
NaN NaN NaN NaN NaN NaN NaN NaN NaN NaN NaN NaN NaN NaN NaN NaN NaN NaN NaN NaN NaN NaN NaN NaN NaN NaN NaN NaN NaN NaN NaN NaN NaN NaN NaN NaN NaN NaN NaN NaN 
NaN NaN NaN NaN NaN NaN NaN NaN NaN NaN NaN NaN NaN NaN NaN NaN NaN NaN NaN NaN NaN NaN NaN NaN NaN NaN NaN NaN NaN NaN NaN NaN NaN NaN NaN NaN NaN NaN NaN NaN 
NaN NaN NaN NaN NaN NaN NaN NaN NaN NaN NaN NaN NaN NaN NaN NaN NaN NaN NaN NaN NaN NaN NaN NaN NaN NaN NaN NaN NaN NaN NaN NaN NaN NaN NaN NaN NaN NaN NaN NaN 
NaN NaN NaN NaN NaN NaN NaN NaN NaN NaN NaN NaN NaN NaN NaN NaN NaN NaN NaN NaN NaN NaN NaN NaN NaN NaN NaN NaN NaN NaN NaN NaN NaN NaN NaN NaN NaN NaN NaN NaN 
NaN NaN NaN NaN NaN NaN NaN NaN NaN NaN NaN NaN NaN NaN NaN NaN NaN NaN NaN NaN NaN NaN NaN NaN NaN NaN NaN NaN NaN NaN NaN NaN NaN NaN NaN NaN NaN NaN NaN NaN 
NaN NaN NaN NaN NaN NaN NaN NaN NaN NaN NaN NaN NaN NaN NaN NaN NaN NaN NaN NaN NaN NaN NaN NaN NaN NaN NaN NaN NaN NaN NaN NaN NaN NaN NaN NaN NaN NaN NaN NaN 
NaN NaN NaN NaN NaN NaN NaN NaN NaN NaN NaN NaN NaN NaN NaN NaN NaN NaN NaN NaN NaN NaN NaN NaN NaN NaN NaN NaN NaN NaN NaN NaN NaN NaN NaN NaN NaN NaN NaN NaN 
NaN NaN NaN NaN NaN NaN NaN NaN NaN NaN NaN NaN NaN NaN NaN NaN NaN NaN NaN NaN NaN NaN NaN NaN NaN NaN NaN NaN NaN NaN NaN NaN NaN NaN NaN NaN NaN NaN NaN NaN 
NaN NaN NaN NaN NaN NaN NaN NaN NaN NaN NaN NaN NaN NaN NaN NaN NaN NaN NaN NaN NaN NaN NaN NaN NaN NaN NaN NaN NaN NaN NaN NaN NaN NaN NaN NaN NaN NaN NaN NaN 
NaN NaN NaN NaN NaN NaN NaN NaN NaN NaN NaN NaN NaN NaN NaN NaN NaN NaN NaN NaN NaN NaN NaN NaN NaN NaN NaN NaN NaN NaN NaN NaN NaN NaN NaN NaN NaN NaN NaN NaN 
NaN NaN NaN NaN NaN NaN NaN NaN NaN NaN NaN NaN NaN NaN NaN NaN NaN NaN NaN NaN NaN NaN NaN NaN NaN NaN NaN NaN NaN NaN NaN NaN NaN NaN NaN NaN NaN NaN NaN NaN 
NaN NaN NaN NaN NaN NaN NaN NaN NaN NaN NaN NaN NaN NaN NaN NaN NaN NaN NaN NaN NaN NaN NaN NaN NaN NaN NaN NaN NaN NaN NaN NaN NaN NaN NaN NaN NaN NaN NaN NaN 
NaN NaN NaN NaN NaN NaN NaN NaN NaN NaN NaN NaN NaN NaN NaN NaN NaN NaN NaN NaN NaN NaN NaN NaN NaN NaN NaN NaN NaN NaN NaN NaN NaN NaN NaN NaN NaN NaN NaN NaN 
NaN NaN NaN NaN NaN NaN NaN NaN NaN NaN NaN NaN NaN NaN NaN NaN NaN NaN NaN NaN NaN NaN NaN NaN NaN NaN NaN NaN NaN NaN NaN NaN NaN NaN NaN NaN NaN NaN NaN NaN 
NaN NaN NaN NaN NaN NaN NaN NaN NaN NaN NaN NaN NaN NaN NaN NaN NaN NaN NaN NaN NaN NaN NaN NaN NaN NaN NaN NaN NaN NaN NaN NaN NaN NaN NaN NaN NaN NaN NaN NaN 
NaN NaN NaN NaN NaN NaN NaN NaN NaN NaN NaN NaN NaN NaN NaN NaN NaN NaN NaN NaN NaN NaN NaN NaN NaN NaN NaN NaN NaN NaN NaN NaN NaN NaN NaN NaN NaN NaN NaN NaN 
NaN NaN NaN NaN NaN NaN NaN NaN NaN NaN NaN NaN NaN NaN NaN NaN NaN NaN NaN NaN NaN NaN NaN NaN NaN NaN NaN NaN NaN NaN NaN NaN NaN NaN NaN NaN NaN NaN NaN NaN 
NaN NaN NaN NaN NaN NaN NaN NaN NaN NaN NaN NaN NaN NaN NaN NaN NaN NaN NaN NaN NaN NaN NaN NaN NaN NaN NaN NaN NaN NaN NaN NaN NaN NaN NaN NaN NaN NaN NaN NaN 
NaN NaN NaN NaN NaN NaN NaN NaN NaN NaN NaN NaN NaN NaN NaN NaN NaN NaN NaN NaN NaN NaN NaN NaN NaN NaN NaN NaN NaN NaN NaN NaN NaN NaN NaN NaN NaN NaN NaN NaN 
NaN NaN NaN NaN NaN NaN NaN NaN NaN NaN NaN NaN NaN NaN NaN NaN NaN NaN NaN NaN NaN NaN NaN NaN NaN NaN NaN NaN NaN NaN NaN NaN NaN NaN NaN NaN NaN NaN NaN NaN 
NaN NaN NaN NaN NaN NaN NaN NaN NaN NaN NaN NaN NaN NaN NaN NaN NaN NaN NaN NaN NaN NaN NaN NaN NaN NaN NaN NaN NaN NaN NaN NaN NaN NaN NaN NaN NaN NaN NaN NaN 
NaN NaN NaN NaN NaN NaN NaN NaN NaN NaN NaN NaN NaN NaN NaN NaN NaN NaN NaN NaN NaN NaN NaN NaN NaN NaN NaN NaN NaN NaN NaN NaN NaN NaN NaN NaN NaN NaN NaN NaN 
-77.213112 -78.349970 -80.345076 -83.925787 -88.733484 -90.947484 -90.157984 -91.762222 -98.679493 -95.818702 -91.350272 -92.469321 -99.734002 -106.177934 -100.500141 -96.437129 -98.105851 -100.113402 -95.958633 -96.716924 -92.124969 -97.184184 -107.146448 -97.794014 -96.304462 -98.284693 -96.834336 -94.034197 -98.114013 -99.024860 -97.445963 -97.263104 -94.267955 -93.783812 -92.458342 -91.596228 -94.571498 -98.047851 -94.707631 -97.242656 
-55.673959 -64.787534 -68.735176 -69.295893 -76.725146 -72.287618 -76.763024 -84.542394 -80.120260 -76.246221 -76.815789 -73.008374 -74.399174 -82.952439 -80.086332 -79.727796 -76.096044 -84.994744 -78.491983 -76.256280 -73.985610 -76.573147 -85.725869 -78.181744 -76.762472 -76.128675 -77.466047 -77.354405 -78.710158 -80.953115 -78.933318 -77.726304 -77.878404 -75.838010 -73.105938 -74.984671 -79.110915 -79.072340 -76.255874 -78.527405 
-55.791609 -72.720774 -75.253941 -73.249492 -72.163710 -73.948133 -81.333355 -78.121569 -74.823252 -71.697924 -73.500104 -71.654093 -72.592388 -78.369940 -76.128565 -70.923785 -74.486855 -75.901817 -74.599176 -72.655736 -74.399830 -77.349155 -74.795486 -73.330203 -75.161029 -73.738287 -72.941314 -76.852077 -75.146213 -75.636993 -76.257378 -75.845115 -75.123712 -79.013882 -76.187638 -75.228568 -76.128264 -74.965138 -75.414792 -76.197518 
-56.582858 -69.513341 -72.937781 -75.220614 -77.820232 -78.555091 -81.205118 -78.083168 -75.496529 -73.568852 -71.861399 -78.164285 -74.163051 -75.085777 -69.921829 -68.944659 -70.394919 -72.343553 -71.718837 -72.889428 -72.473801 -77.422131 -75.659348 -75.831460 -77.350565 -72.262821 -72.884095 -74.808965 -76.491854 -73.242792 -75.094766 -75.039064 -76.465381 -78.256005 -74.888878 -77.663239 -75.034672 -75.638351 -72.310538 -75.729203 
-40.056072 -41.380261 -45.188208 -49.720973 -51.253094 -52.261924 -55.815674 -54.976677 -54.478490 -56.770161 -56.517510 -60.537900 -61.408368 -60.290932 -63.030435 -66.111490 -66.488432 -66.290196 -70.857654 -70.782802 -71.528311 -70.122900 -69.866536 -74.699186 -71.478441 -71.497952 -72.471781 -70.339990 -69.680341 -70.096598 -71.560140 -72.078666 -72.578955 -75.225169 -71.407503 -71.834928 -73.364140 -73.860670 -73.573608 -72.895584 
-22.516313 -24.785040 -33.659825 -45.825938 -38.084978 -33.960719 -38.155991 -38.314289 -45.523519 -49.208687 -49.042837 -52.469106 -54.044698 -49.725382 -52.360726 -47.593249 -48.368105 -52.401083 -52.348846 -55.979260 -59.607352 -57.918421 -58.227420 -59.861974 -62.864281 -62.074315 -64.816106 -64.910302 -62.718032 -64.775684 -65.112164 -64.028888 -64.424945 -66.357308 -66.370465 -64.116927 -66.522148 -66.279355 -67.612137 -70.978578 
-20.384682 -28.368552 -35.086698 -35.823390 -27.951417 -31.286598 -39.583326 -42.373660 -47.146730 -53.331264 -49.934906 -44.767137 -47.558275 -49.166722 -47.035024 -49.524071 -48.134546 -46.815242 -53.478214 -53.724482 -51.812657 -46.653278 -50.895094 -52.985839 -58.435514 -61.495710 -59.352592 -58.136625 -58.126381 -61.180680 -59.758986 -59.613703 -63.257417 -63.095216 -65.131612 -66.940930 -70.472670 -65.695694 -64.304268 -68.105486 
-27.911885 -24.177083 -23.583308 -27.023338 -26.911358 -37.604589 -42.100173 -39.027991 -46.447263 -50.274112 -49.176941 -43.156673 -44.827691 -46.851164 -41.990452 -44.316731 -41.881900 -44.912362 -45.873151 -48.000359 -49.294222 -45.204270 -47.469370 -53.500824 -60.096564 -64.654689 -57.605967 -53.267977 -58.279863 -58.345453 -55.516035 -59.869375 -63.428161 -61.963281 -62.461119 -65.014622 -61.772154 -63.888420 -61.437463 -63.363682 
-21.659468 -18.057451 -14.889566 -26.253950 -34.124756 -33.665271 -40.026592 -43.357249 -42.561130 -44.945779 -46.844072 -45.010590 -48.091022 -43.045556 -37.128773 -38.334304 -43.387705 -44.631937 -45.343563 -47.687839 -51.319835 -45.102376 -43.908523 -51.262698 -57.055650 -56.325611 -54.230317 -51.067818 -52.850145 -54.876966 -53.267924 -53.516989 -54.191111 -55.876940 -57.869530 -56.925658 -56.139510 -58.818000 -55.764748 -57.646454 
-10.874326 1.833146 1.078156 -7.787417 -14.623749 -18.152166 -27.815946 -38.376882 -48.062716 -50.144640 -44.336862 -45.262109 -45.394532 -43.752258 -38.377215 -38.068522 -41.778554 -42.268131 -47.616034 -47.122781 -49.539446 -47.538740 -42.782007 -49.219642 -57.153529 -54.840754 -49.560020 -44.844144 -48.523488 -54.352543 -55.875114 -53.436644 -52.188549 -55.167827 -59.783501 -56.514514 -54.095521 -56.942497 -46.284066 -50.360603 
-1.050312 12.033448 13.153383 2.986752 -5.367106 -6.555984 -12.318658 -15.700786 -21.907324 -32.046897 -32.195669 -31.532719 -29.536905 -27.084869 -27.475643 -24.545691 -24.883745 -30.195893 -31.632630 -36.798114 -40.666159 -34.741114 -33.424224 -36.126788 -40.579227 -43.099981 -38.660367 -32.948388 -40.232370 -49.311724 -51.021207 -50.133145 -47.837614 -49.195745 -49.993072 -50.577744 -51.292464 -52.237350 -43.258186 -47.886795 
3.069541 15.162571 13.556297 -1.759643 -9.896290 -10.809662 -13.007872 -14.304054 -22.177291 -23.548630 -28.458376 -23.713290 -22.831574 -23.367970 -23.896861 -21.369508 -18.490486 -26.548635 -29.974414 -33.137383 -32.889417 -29.499375 -25.685150 -26.522650 -36.313802 -34.638067 -27.948280 -24.857441 -33.343840 -46.707218 -47.896311 -49.171528 -45.496280 -47.215478 -43.116834 -45.494241 -48.292394 -48.559570 -41.582370 -42.587623 
2.183991 14.821923 11.790566 -0.897558 -5.998708 -8.578820 -16.544956 -21.378893 -19.343175 -22.336545 -27.054599 -24.136312 -23.233782 -26.157537 -23.984270 -21.098753 -21.455974 -25.453002 -29.849336 -31.422648 -33.558308 -29.668508 -28.296106 -30.746915 -35.844326 -36.183275 -33.281138 -26.857612 -32.314401 -41.764484 -43.375167 -43.526628 -42.921064 -42.677374 -43.098365 -41.458245 -39.400434 -41.319828 -40.224577 -38.902612 
3.710985 15.024103 11.389638 -1.400331 -10.345999 -12.087603 -21.581603 -23.753082 -20.002517 -28.246656 -27.366531 -28.532957 -26.524199 -26.463265 -25.115790 -21.863206 -23.706111 -25.958337 -32.209027 -34.340629 -35.218521 -34.077659 -34.054715 -35.637520 -37.990174 -38.123163 -36.016164 -32.570406 -36.253791 -40.715750 -43.416008 -42.256020 -38.664225 -39.898201 -42.292657 -38.640000 -37.797232 -36.836415 -35.362394 -35.166137 
3.096018 14.667445 11.324301 -1.791507 -9.047876 -11.228370 -16.730797 -23.218291 -18.899406 -24.402624 -27.749261 -28.330636 -29.340014 -27.496598 -29.725977 -24.816209 -25.697414 -29.754785 -32.077168 -34.727315 -34.432449 -29.504059 -27.566415 -31.360143 -37.475573 -35.839577 -34.633187 -34.845851 -35.933473 -41.106640 -42.514591 -38.330483 -37.012648 -37.044494 -37.607778 -35.437997 -33.125427 -34.020649 -31.641940 -33.587974 
2.675346 13.796670 9.717876 -3.300860 -8.833683 -12.280602 -17.960832 -22.868908 -20.118112 -22.793372 -27.302071 -32.060222 -28.856464 -28.871248 -24.519630 -21.548774 -23.857865 -30.893641 -30.050042 -33.863863 -34.449674 -27.295697 -25.068096 -27.958743 -31.184995 -32.172411 -28.366129 -24.917076 -30.055616 -36.576244 -42.038152 -32.985387 -31.688182 -30.027164 -37.146871 -31.758654 -29.233338 -27.117045 -27.523146 -30.630915 
2.527933 13.221981 8.624369 -4.274301 -9.493038 -14.266582 -20.575040 -21.458227 -26.346876 -24.796971 -24.251666 -27.539584 -33.926998 -31.913227 -32.649287 -27.566184 -21.648134 -30.009475 -23.111687 -27.885041 -29.250875 -28.473040 -22.603832 -20.345384 -25.885584 -24.487754 -23.352289 -19.472049 -24.143231 -28.480229 -34.315649 -30.800298 -24.623524 -24.699483 -26.545100 -25.042374 -23.393632 -22.398708 -19.993485 -24.699804 
1.468959 13.377971 9.439229 -0.267521 -7.112010 -6.157357 -9.580185 -12.472080 -15.845752 -17.395235 -15.762211 -19.040617 -17.603814 -16.219649 -17.980131 -21.391335 -17.135552 -13.855395 -15.702076 -18.751072 -15.246028 -14.757668 -18.357634 -18.181897 -19.803683 -20.926693 -18.828874 -16.003264 -19.870029 -28.252899 -29.782859 -21.914792 -19.339032 -22.188754 -23.828638 -22.123635 -20.347157 -16.979333 -12.531074 -19.664261 
2.222686 16.614030 18.777010 12.891676 13.462873 13.897386 9.312106 9.444913 4.257559 -1.778431 -9.844540 -9.773771 -10.597316 -5.493630 -9.010933 -12.660181 -8.944550 -2.393237 0.357145 -6.888308 -9.439222 -11.223513 -12.493172 -10.374671 -15.530872 -20.533337 -18.168343 -16.469997 -15.718880 -24.228953 -26.179889 -18.792627 -17.248562 -20.651243 -24.859657 -21.717077 -22.348264 -17.211766 -14.175980 -20.187406 
5.245659 18.762414 23.049901 16.039403 22.515090 19.469139 18.396765 22.126031 15.894558 4.868957 -2.736732 -0.026955 -0.543842 -2.933593 -7.053695 -6.036980 -6.137330 0.582688 7.983540 4.339775 -6.829604 -7.059863 -2.448114 0.502070 -7.876845 -13.417259 -16.047737 -9.564632 -12.041506 -24.549742 -33.721541 -28.515737 -32.681287 -27.207368 -33.585153 -28.377142 -26.094302 -22.168470 -24.037268 -23.773245 
4.832184 18.910681 23.042913 15.842498 22.933311 18.423895 22.143207 24.149586 19.364338 14.009443 5.542600 1.143400 -1.060366 2.399878 -2.622408 -2.448382 -4.093057 1.489648 7.940571 12.016278 1.659887 -1.390482 4.113281 5.141766 -2.635349 -8.520386 -5.703096 -1.451477 -5.724605 -24.033051 -31.563258 -27.818874 -30.535024 -26.153069 -33.061519 -31.832824 -29.222227 -23.915154 -28.216211 -30.092470 
-0.052567 17.037193 21.878154 13.200360 22.113983 17.776414 20.323565 17.469031 22.045421 15.360373 5.144230 -0.685908 0.811647 2.659340 -4.502363 -3.512413 -4.688327 0.764240 7.822120 13.318745 8.849770 2.873417 3.864103 3.678454 -3.613420 -8.794362 -7.252077 -1.262981 -3.028880 -22.294465 -35.544272 -30.915884 -28.119564 -21.993607 -33.440190 -37.354408 -29.712651 -21.696004 -34.281746 -33.863207 
-3.219392 16.478666 21.575871 13.523375 21.579270 17.529127 19.000411 17.133570 23.301361 16.431071 5.080866 0.248406 -0.509661 2.669453 -4.818761 -5.041650 -6.920360 -1.929194 3.667661 13.977269 11.048469 2.860537 3.799115 2.540878 -3.758473 -8.326964 -7.943168 -1.647545 -2.378939 -20.335134 -34.379742 -25.995451 -25.403395 -25.162127 -30.921574 -33.626195 -28.092802 -23.633412 -34.992047 -30.871398 
-3.588675 15.336948 20.974505 13.854705 21.265611 17.066403 18.451666 18.007625 22.280286 16.455508 5.326764 -2.188817 -1.114450 3.069904 -6.391033 -5.341474 -5.347302 -4.451021 0.738949 10.112069 11.048516 5.357222 6.386233 4.976177 -4.685321 -8.317921 -6.064063 -2.708141 -3.675469 -20.408563 -32.695771 -29.053752 -28.057043 -30.852561 -32.319128 -31.942493 -29.871043 -26.375677 -32.618209 -31.528070 
-4.357293 14.938251 20.279666 11.354945 21.269237 17.622039 18.961100 16.788936 20.228941 13.203590 5.648505 -4.415534 -3.359902 0.101880 -5.824387 -6.009668 -8.712432 -9.742231 -7.289928 3.365591 11.352672 7.608686 7.281584 5.810175 -2.028388 -4.589109 -5.318932 0.022672 2.050098 -12.885077 -27.675991 -27.327469 -25.719521 -26.916772 -27.047926 -28.759297 -26.566254 -25.177035 -29.956706 -28.295754 
-2.362807 15.280766 20.168319 12.680567 20.723060 16.165147 19.722197 15.685389 16.462126 8.195111 4.474904 -6.633530 -6.162438 -3.460917 -8.597837 -6.012350 -9.642856 -6.660400 -5.645686 -1.142965 10.645168 6.415292 5.582826 6.846847 -1.189860 -5.564966 -4.064262 1.317637 3.571601 -11.015210 -33.935719 -24.330492 -24.117994 -25.617468 -27.903842 -30.180141 -31.708374 -27.086656 -33.621421 -29.205114 
-2.680496 15.836304 19.808037 13.536882 20.613357 16.366847 20.562944 14.452155 13.500287 5.195120 2.109737 -7.115225 -6.941048 -4.208861 -12.163578 -9.507594 -12.009240 -9.580291 -8.562447 -1.833674 4.760850 8.218910 3.756410 7.829933 -1.001170 -3.115561 -4.187467 -1.020287 0.147226 -15.102035 -32.779182 -25.305804 -26.664418 -27.633158 -31.558688 -34.030877 -31.064184 -26.107556 -31.192708 -27.329737 
-2.237025 16.142352 19.638324 12.524792 20.269212 15.604927 21.344242 14.337312 12.106731 3.303770 0.489829 -7.376128 -4.636532 -6.469014 -9.787168 -9.368598 -13.250283 -9.927770 -9.706631 -7.032531 2.045236 12.137479 8.737283 5.768169 -1.047782 -4.571078 -4.747038 -2.384353 1.024597 -11.853840 -29.291155 -24.765358 -26.090366 -28.449084 -29.330600 -29.265232 -27.613375 -23.396863 -27.956938 -30.335888 
-1.069012 16.555256 19.357176 14.537650 20.196608 15.990549 21.267744 12.427439 9.167168 0.178823 -5.156667 -7.194083 -5.977677 -8.560727 -11.580604 -12.213369 -13.632799 -14.079692 -12.423685 -5.793818 -1.708568 10.737719 8.598768 8.144410 -2.706056 -5.652969 -6.877219 -2.994560 0.003690 -10.110355 -28.837404 -26.291911 -25.752513 -28.741216 -29.529457 -29.703826 -30.154442 -28.172058 -28.802561 -29.860859 
0.597277 16.545618 18.073795 13.900623 18.812609 16.751289 20.112924 9.270227 5.685379 -1.493480 -6.754519 -10.439375 -7.478774 -9.956434 -13.524236 -15.938707 -13.453358 -12.232070 -15.334090 -10.773741 -3.412150 9.094801 8.281268 7.284519 -1.821631 -5.514519 -7.318773 -5.593696 -2.436832 -13.204507 -35.640904 -28.782256 -28.239406 -31.027065 -33.159449 -38.292176 -38.076400 -33.437238 -34.391787 -30.074772 
0.268555 16.516594 17.370801 14.893705 17.358066 16.333089 17.971385 8.970896 3.605024 -2.847742 -8.621320 -9.890075 -9.630018 -11.524874 -15.515837 -16.743024 -16.779898 -16.409760 -14.860548 -18.022984 -3.761548 5.114554 7.169632 6.342116 -1.956760 -8.640347 -10.952600 -8.443619 -4.446902 -14.450537 -40.619053 -31.728075 -30.593784 -31.227813 -35.915168 -46.720050 -47.474388 -41.869800 -37.351567 -31.251184 
1.697218 15.929205 16.043260 14.409401 15.247351 16.067077 15.736608 8.491480 0.509280 -5.420724 -9.735797 -12.330205 -12.135102 -14.028188 -14.978670 -16.811627 -20.406362 -17.524273 -19.495309 -20.693941 -4.925734 3.558543 7.038847 3.720861 -6.936194 -9.349674 -10.661582 -7.574740 -6.292044 -17.406897 -39.749325 -34.428999 -31.698958 -31.305607 -32.186594 -43.316575 -40.564083 -37.663589 -37.915483 -34.089308 
0.040054 14.346808 12.830015 13.921031 13.814164 13.651029 8.773945 4.596939 -2.856688 -10.441805 -13.091233 -12.435884 -13.576696 -16.534462 -18.867501 -21.890851 -22.767524 -21.567402 -24.241440 -23.111747 -8.612127 2.361643 2.306455 1.666000 -5.738813 -17.701471 -14.493542 -9.194472 -6.773359 -21.741093 -42.579450 -36.277785 -32.512369 -32.139495 -34.182152 -42.850965 -40.384261 -38.522406 -40.675042 -37.128405 
1.637242 13.899744 10.482101 12.958459 11.932451 13.030926 9.483716 3.322145 -9.501724 -16.393553 -16.077064 -13.767497 -17.015810 -20.533250 -21.873871 -21.824061 -25.129209 -24.710314 -24.674664 -21.359354 -10.186768 1.265304 1.935943 -1.774787 -10.145914 -15.302392 -15.111623 -12.262946 -10.109633 -27.698876 -54.044433 -36.901964 -33.472593 -32.189641 -30.666023 -42.328341 -44.134029 -41.810250 -41.246397 -32.571761 
0.263527 13.206060 8.659667 11.622008 10.417451 10.965779 4.872598 0.594690 -13.778576 -15.208479 -15.095292 -16.253607 -20.154742 -22.210480 -24.093120 -23.051165 -24.134954 -23.785060 -23.509397 -18.756744 -15.938165 -0.589039 -1.277124 -2.641597 -11.932500 -17.570495 -19.192571 -16.183056 -12.801095 -28.920349 -40.927264 -32.667716 -34.060126 -35.799871 -34.538703 -39.531478 -42.472874 -39.638082 -38.593683 -32.182989 
1.247117 12.424170 7.809555 10.885077 9.487261 8.778628 4.066494 0.160753 -15.512443 -17.364653 -20.890372 -20.071896 -21.763652 -21.427116 -24.669143 -25.027938 -25.892063 -27.488278 -24.219080 -22.504833 -16.368394 -4.408699 -8.634397 -5.030338 -14.251100 -23.411912 -20.976092 -16.907963 -14.265536 -28.912381 -42.450709 -32.578211 -32.961070 -36.183783 -35.581547 -39.118407 -43.854761 -39.632205 -36.905779 -29.693037 
1.464704 11.217060 6.907915 9.062858 6.861579 4.773574 -1.296555 -3.793228 -17.247066 -25.897467 -22.863996 -22.986092 -23.292347 -25.437106 -24.800142 -28.101486 -30.666397 -29.014858 -26.216110 -25.892874 -14.337516 -5.616170 -8.343520 -6.553800 -22.371202 -31.378051 -25.849425 -24.298214 -23.403183 -35.412992 -48.167752 -34.347349 -34.409071 -38.584131 -36.597857 -42.963674 -48.545505 -39.797841 -36.671326 -29.955822 
0.186155 9.077697 5.415844 6.543915 3.934879 1.715291 0.440539 -7.223289 -24.326757 -26.453161 -26.574947 -26.120561 -26.575402 -28.752347 -33.565645 -31.495147 -35.015153 -31.963177 -31.645265 -31.585525 -18.061763 -7.651774 -13.414058 -15.564135 -28.351311 -38.308738 -34.233658 -30.019019 -25.173447 -37.734201 -48.401398 -42.067401 -35.716924 -35.291789 -37.920559 -44.245338 -43.641272 -41.301209 -36.647675 -31.747887 
-2.644631 7.277800 2.990839 2.020589 5.122254 3.693006 -5.360939 -10.183867 -26.604244 -28.482326 -30.572609 -27.338469 -27.304686 -31.044322 -38.187568 -35.130996 -40.150379 -34.638812 -34.133600 -30.641051 -19.368375 -17.600888 -19.672896 -17.687335 -25.760573 -40.184340 -39.581048 -39.388530 -28.024955 -35.686321 -45.358882 -37.471593 -34.373468 -32.047211 -34.196864 -36.882064 -33.171549 -35.424445 -31.516824 -28.716936 
-5.557032 5.490212 3.539754 -6.534153 -4.276420 2.884349 -0.335004 -9.760305 -23.044158 -32.097710 -26.046710 -23.140297 -26.642132 -28.730634 -28.625443 -30.643556 -38.548064 -32.105244 -22.954589 -20.172189 -12.695964 -19.684775 -20.067740 -17.345270 -25.518845 -45.261059 -42.182757 -32.247266 -24.529584 -30.470032 -36.305773 -27.327193 -21.120607 -17.303694 -22.000157 -26.727330 -29.471538 -25.276907 -24.013156 -24.585202 
-7.698114 2.227230 0.805976 -6.342114 -7.671171 -8.998152 -13.202373 -13.187061 -27.141552 -29.805829 -23.732578 -28.494387 -26.475000 -29.117455 -29.039137 -32.031758 -36.034142 -27.909235 -22.190243 -18.277926 -12.128221 -23.408555 -21.779939 -15.265807 -25.893895 -33.656800 -29.580195 -22.108805 -18.450175 -25.615619 -27.044520 -19.953868 -14.870168 -11.093965 -11.736541 -15.358701 -19.585708 -13.907895 -16.413496 -18.588813 
-10.647231 -3.827386 -9.448460 -21.690636 -27.503212 -26.855211 -24.076026 -26.631743 -30.882515 -29.086542 -25.413112 -20.115357 -24.743846 -26.264059 -23.495802 -30.550279 -36.619847 -34.188648 -28.755665 -13.058406 -16.558803 -25.759452 -25.949903 -16.660568 -25.539740 -27.163205 -23.557369 -16.741171 -17.879081 -23.133334 -23.311286 -14.608153 -11.749933 -7.588298 -7.063833 -11.528116 -11.615201 -11.940912 -11.662600 -14.948228 
-27.824661 -19.501091 -17.728592 -23.377227 -28.938945 -29.476234 -36.279898 -32.723393 -28.547770 -25.176859 -25.664115 -25.355495 -29.791834 -27.239145 -29.584763 -31.023459 -35.546191 -37.514926 -28.166109 -11.608771 -16.244156 -29.594896 -25.148510 -15.193247 -22.105135 -23.247740 -23.083660 -17.787925 -12.967863 -19.752856 -21.115984 -14.461411 -12.148605 -5.786499 -5.216412 -9.147933 -8.949401 -8.209409 -9.977654 -12.740122 
-29.644452 -25.642987 -26.876675 -29.111900 -29.990930 -33.993922 -27.760664 -24.171922 -21.520192 -22.023964 -27.619733 -32.015577 -29.861840 -27.648212 -30.694126 -30.862459 -33.454220 -33.085441 -30.125900 -17.493810 -21.759249 -30.922413 -25.407756 -18.502385 -25.662710 -26.029828 -21.236099 -19.718030 -15.853179 -17.984028 -15.492033 -11.321061 -6.538077 -2.080503 -4.921924 -9.044869 -7.161289 -3.218023 -7.988648 -12.108934 
-22.984283 -24.223470 -38.495190 -43.019584 -36.006860 -32.202631 -37.206772 -26.944328 -24.466588 -26.569355 -37.436155 -27.232862 -20.460266 -22.633453 -31.835562 -28.579680 -35.722256 -32.682562 -23.950612 -13.117164 -27.273501 -36.987352 -28.800096 -23.212070 -25.016017 -27.391378 -21.382200 -12.416233 -11.459623 -18.187411 -17.439047 -7.085749 -4.532354 -0.101006 -1.081960 -5.045417 -5.091104 -0.826404 -3.170024 -9.225075 
-21.127803 -23.764322 -31.947372 -42.687923 -38.524743 -38.041358 -29.464574 -27.237112 -35.279888 -29.308461 -33.599465 -30.690956 -37.490570 -33.303570 -30.530071 -33.149311 -35.528583 -32.356420 -27.256098 -20.605550 -33.404324 -34.113668 -31.864714 -24.156118 -24.868625 -23.645150 -22.668224 -17.811805 -12.306443 -16.232203 -20.052599 -5.216775 -2.248961 3.117380 0.194238 -3.619786 -4.948769 -5.037238 -4.311454 -7.675221 
-35.556714 -37.426697 -48.641528 -38.794452 -37.759606 -34.765250 -31.410308 -26.577465 -29.811103 -34.094350 -30.948629 -31.117297 -35.830999 -27.131611 -25.155123 -25.799721 -35.412605 -32.033229 -28.689396 -22.080595 -30.087336 -28.922411 -25.605076 -21.967251 -27.044757 -21.525564 -17.504383 -17.291185 -13.107731 -14.770126 -17.260215 -11.651627 -3.926971 3.309185 1.786247 -4.212913 -2.112568 -3.753114 -1.627415 -5.008424 
-27.876915 -34.115773 -38.095479 -41.209294 -35.715436 -28.956771 -28.779605 -34.016220 -33.001531 -31.431156 -30.175247 -29.864231 -28.856901 -25.252201 -26.570767 -27.286798 -30.225099 -31.033665 -29.369320 -25.030869 -24.873739 -29.409941 -29.794400 -24.250432 -31.181923 -25.150914 -20.266007 -19.473044 -15.408256 -19.963236 -20.670592 -17.012304 0.205175 1.962614 0.209907 -3.506279 -3.868405 -3.018278 -1.474944 -5.129448 
-27.204917 -29.138874 -29.675651 -35.566128 -37.354591 -31.433291 -28.574573 -33.875056 -35.710826 -36.317719 -32.629696 -34.184948 -31.699792 -30.810116 -35.281680 -31.288637 -33.744985 -31.637141 -22.579507 -22.036226 -27.792073 -33.455825 -28.670327 -29.125421 -29.065123 -26.584781 -21.657968 -16.722163 -16.460582 -20.139151 -17.720448 -11.587185 2.271703 0.483884 -1.362899 -8.300007 -6.716640 -1.766770 -6.086752 -7.958224 
-20.434942 -24.394791 -35.646614 -44.286879 -34.130552 -32.233385 -36.112293 -34.393959 -38.577237 -39.211159 -35.764366 -34.822250 -37.059984 -31.679820 -33.491328 -33.105957 -30.495225 -32.370130 -26.415565 -28.657593 -31.022510 -33.192894 -27.746799 -27.557237 -30.838470 -28.417689 -22.226759 -18.738606 -13.647280 -16.944942 -17.685493 -11.476048 -2.811724 3.517432 -0.792507 -10.165524 -4.211327 -2.165923 -5.303192 -9.346093 
-25.432678 -32.204658 -39.419844 -43.681064 -37.081019 -33.343946 -37.841119 -32.875151 -33.094580 -35.127263 -34.193461 -37.354684 -37.679562 -29.168288 -33.060994 -32.570441 -33.856319 -31.829654 -31.215820 -27.879688 -31.192008 -34.943452 -29.374288 -25.440528 -27.923766 -26.546204 -22.379975 -19.133834 -17.330420 -20.097051 -19.126241 -10.455684 -1.756238 2.665513 -2.312687 -9.145809 -3.448978 -2.172910 -6.461410 -8.767692 
-32.985658 -29.353380 -35.804788 -42.780619 -38.823003 -35.692022 -33.717710 -40.215556 -39.662472 -35.917850 -32.491689 -40.567304 -33.944647 -30.729728 -31.876192 -33.646417 -37.503313 -31.413535 -27.481881 -28.710137 -31.364677 -31.870004 -30.831247 -26.487292 -29.100857 -27.045949 -19.568331 -16.421934 -17.889942 -21.986336 -16.962721 -6.820857 1.077030 0.293420 -3.840585 -7.663761 -3.551684 -2.274240 -2.696819 -7.838361 
-29.850144 -27.750847 -35.554262 -42.119942 -39.940189 -39.238680 -35.852988 -32.153782 -31.680085 -33.374144 -39.387128 -41.437644 -33.699214 -32.952323 -34.505981 -35.454856 -31.768479 -31.893722 -28.322972 -29.179657 -33.771582 -35.704276 -33.485056 -26.029162 -26.416420 -24.723326 -21.724431 -15.621249 -16.918942 -22.891478 -22.763656 -9.533263 3.262625 -0.895037 -3.722026 -5.743052 -3.971261 -3.269466 -2.668829 -9.986933 
-30.517000 -28.065111 -32.490187 -39.790636 -37.814182 -38.347024 -33.209093 -32.200203 -37.496862 -34.294512 -35.320796 -36.925179 -38.448238 -36.915652 -37.720890 -35.853930 -36.531867 -33.082712 -33.305349 -31.162504 -36.411812 -34.871799 -33.559459 -35.846746 -30.637107 -25.717834 -25.356090 -17.342634 -16.136366 -19.294612 -26.264596 -8.579980 0.209575 0.121562 -1.087724 -7.983322 -4.814097 -4.506367 -6.188945 -9.420166 
-31.446118 -26.397863 -33.932347 -43.076150 -45.328724 -35.632194 -38.594330 -37.297792 -36.648827 -37.992270 -33.285716 -38.301485 -37.197296 -33.227571 -33.623722 -34.037731 -32.547462 -37.707181 -32.154858 -36.577604 -34.885709 -34.938245 -34.441705 -34.652761 -34.446645 -32.761305 -29.866317 -23.049808 -17.036635 -17.925312 -26.857988 -9.708145 -1.758081 -1.275665 -0.593278 -9.781528 -6.616772 -4.462109 -5.518035 -8.280281 
-25.280181 -24.115801 -34.057355 -47.569880 -41.317355 -35.306963 -35.231544 -35.383616 -36.531984 -31.753113 -33.776416 -33.532688 -32.512026 -31.517031 -32.769896 -34.739781 -33.824392 -35.801429 -36.654918 -30.089258 -29.279179 -32.093428 -35.153592 -32.358482 -32.272539 -26.692031 -25.522922 -23.603878 -18.411541 -19.634408 -25.223353 -14.719351 -1.111099 1.025091 -1.638816 -9.726359 -7.060432 -6.131439 -7.917265 -8.190345 
-22.852596 -24.683615 -38.829033 -41.903112 -47.330747 -44.087364 -35.583055 -35.718870 -42.173345 -39.497331 -36.185480 -32.808304 -31.539103 -30.191994 -31.355189 -34.460377 -36.442192 -34.319185 -32.506524 -30.926581 -36.249828 -34.523248 -34.227146 -29.417720 -33.165605 -29.477580 -25.553717 -25.461438 -15.920131 -18.733340 -26.273667 -8.278956 -3.422179 -0.530416 -1.764514 -10.883804 -8.136332 -4.044757 -10.537140 -13.629053 
-26.900463 -25.926376 -37.842607 -46.996408 -45.006688 -38.041884 -31.534987 -28.602924 -33.263831 -32.797484 -33.258635 -31.718243 -33.235851 -36.069684 -37.498933 -35.290008 -33.509408 -37.276041 -36.112392 -36.668968 -40.812947 -35.279965 -35.366765 -33.982033 -33.718309 -28.685976 -27.536567 -23.603433 -18.608727 -20.104269 -23.963053 -9.700600 -4.841380 -2.313505 -3.855213 -10.886626 -9.508859 -6.949604 -9.190159 -14.922929 
-29.604696 -25.772077 -30.862719 -41.593688 -42.000403 -39.118053 -35.018353 -31.025599 -32.080904 -36.996913 -35.865125 -34.149256 -30.755196 -30.311632 -37.466256 -33.613782 -36.100580 -35.633690 -32.464736 -34.415744 -39.843912 -33.345599 -35.838584 -32.656611 -32.432408 -28.881763 -31.604021 -23.840158 -17.316015 -19.063463 -25.118640 -13.878017 -6.581327 -2.178600 -8.097871 -14.697261 -6.037277 -7.945796 -12.674170 -16.759402 
-36.597707 -29.387365 -31.904750 -37.131029 -42.908070 -31.362050 -26.513263 -32.095659 -37.208512 -31.347998 -36.485290 -29.725133 -30.464246 -33.839926 -38.176583 -41.980912 -33.866544 -33.373928 -35.282248 -35.349118 -37.172093 -38.465811 -33.848432 -32.785204 -27.201043 -29.546149 -33.487842 -24.396788 -17.327823 -22.975372 -28.432100 -13.431815 -6.306914 -4.940020 -9.472290 -16.682138 -6.429395 -10.057620 -11.868795 -17.189121 
-26.429810 -29.292318 -36.599489 -40.111854 -41.627580 -28.712921 -29.678476 -28.403633 -25.911373 -33.336549 -35.989771 -31.264651 -34.135621 -31.596473 -32.905673 -34.452856 -30.935694 -29.742216 -27.943014 -33.611043 -35.234042 -34.018263 -30.865540 -32.717293 -35.856122 -32.354484 -28.802003 -26.334477 -20.977602 -21.707170 -25.135414 -13.448116 -8.072385 -7.311368 -8.403157 -14.579485 -11.906422 -12.580016 -16.071131 -19.799197 
-26.590373 -32.472947 -37.297374 -38.009628 -43.087568 -34.442533 -30.676921 -29.072243 -29.304552 -32.097984 -39.530199 -31.797664 -33.077108 -31.049594 -35.093578 -34.423374 -36.585379 -32.861951 -31.391093 -34.387122 -37.279388 -39.658690 -32.721492 -33.746035 -35.176986 -32.600659 -27.296973 -27.347759 -21.860157 -24.912702 -27.168373 -14.179772 -8.225396 -7.571632 -8.591781 -16.797528 -13.810108 -14.813955 -18.376913 -20.256204 
-29.111381 -34.126020 -38.228262 -41.330180 -45.629638 -38.599391 -37.707860 -32.707630 -31.327465 -36.535086 -38.298347 -43.664078 -38.117804 -31.815406 -32.094424 -38.548744 -39.201468 -29.899763 -30.820435 -35.913985 -34.741499 -34.625816 -33.039179 -32.561443 -36.301243 -35.775226 -25.097666 -23.877584 -21.277872 -25.252842 -21.982421 -10.179624 -10.633339 -10.318000 -10.775781 -20.470628 -16.230265 -17.773879 -23.117290 -23.123901 
-32.237145 -38.521406 -37.063554 -42.591278 -39.139048 -36.161622 -35.831782 -30.297816 -36.057445 -33.805336 -32.464170 -35.204068 -35.687675 -31.717286 -37.537444 -40.891298 -36.378687 -27.713516 -34.657202 -36.389741 -34.110766 -37.099950 -29.335848 -24.992029 -31.640190 -38.658959 -28.958788 -26.238324 -27.700063 -29.379700 -23.297857 -20.889315 -17.761117 -11.320743 -15.307788 -22.752201 -19.709241 -21.242579 -24.393223 -27.130919 
-19.220935 -16.423792 -17.034157 -18.238391 -20.399245 -23.745801 -25.883870 -26.185536 -33.091482 -30.411616 -31.422424 -33.712772 -28.896176 -26.078005 -28.658650 -30.291936 -30.497542 -30.551104 -32.704037 -33.379054 -41.393431 -35.907734 -29.026620 -27.555024 -35.820567 -37.725485 -37.584456 -30.606402 -27.587545 -29.089052 -30.656933 -22.663047 -17.577104 -15.639216 -17.891533 -24.239702 -23.096673 -27.224292 -27.256463 -32.141471 
-9.006152 -5.254993 -5.685047 -6.951830 -12.465236 -18.797188 -19.821863 -21.083335 -31.055693 -33.085609 -31.596188 -32.914411 -27.253017 -25.611496 -26.637315 -26.930151 -27.959435 -28.508526 -30.268617 -32.234142 -44.540687 -39.350771 -34.055643 -35.388529 -41.889780 -42.644481 -43.963234 -36.553351 -32.745052 -34.282892 -32.705478 -26.514175 -22.127205 -24.889624 -27.766669 -27.952026 -30.081622 -30.886897 -34.066946 -36.199697 
-12.179430 -16.884892 -22.320451 -17.243247 -23.188905 -37.336413 -45.419995 -29.466522 -31.999197 -36.350383 -36.663738 -34.477268 -36.353132 -39.201440 -42.818522 -41.401274 -46.317934 -35.095884 -42.129787 -45.778352 -46.312402 -44.387224 -42.618740 -40.844444 -47.723790 -49.331327 -52.597543 -45.781172 -41.212393 -41.306453 -40.820495 -37.582008 -39.567123 -37.653793 -38.972410 -39.867417 -39.507332 -41.945019 -44.981555 -47.770503 
-16.887768 -24.003769 -35.980642 -33.491401 -36.775674 -37.702242 -36.563810 -36.196419 -35.923769 -41.347848 -43.563419 -40.689462 -38.926723 -44.370516 -46.050665 -45.433148 -51.214917 -43.434052 -47.864227 -49.104397 -54.404210 -57.892612 -51.346124 -52.432838 -59.474838 -58.035633 -57.388533 -54.600319 -51.465898 -52.117121 -46.327008 -39.251451 -38.637474 -43.934547 -47.091774 -41.927306 -49.025041 -47.639736 -56.280426 -54.120439 
-23.157695 -23.393320 -33.228072 -35.898127 -36.789035 -40.401564 -43.413617 -39.241641 -41.647807 -43.416824 -43.901985 -44.758458 -41.738184 -48.414492 -48.100759 -50.866044 -46.012554 -45.506969 -54.143860 -55.098761 -58.371070 -58.787042 -53.595069 -55.363655 -57.832182 -58.936521 -58.403884 -58.142360 -59.437920 -58.897673 -54.769703 -48.837054 -47.697739 -51.216238 -51.869091 -47.802338 -54.979306 -53.871143 -62.335388 -60.754785 
-29.380295 -27.818887 -27.306163 -36.570907 -39.099511 -41.350354 -45.514046 -45.005331 -47.067228 -52.349644 -42.797703 -40.076785 -48.202784 -53.698921 -55.256570 -55.300872 -55.437006 -49.618563 -53.834119 -59.483849 -60.217294 -54.602820 -57.762980 -59.509669 -61.759975 -62.869898 -63.188939 -61.958070 -60.868938 -63.123569 -67.039823 -64.194523 -63.959186 -63.084587 -63.669775 -64.299066 -64.018003 -65.710080 -64.685170 -64.941946 
-36.889280 -32.372037 -30.652997 -38.173942 -43.702755 -41.632746 -49.567359 -45.747481 -45.847780 -46.022198 -49.694841 -45.812497 -52.018792 -54.632329 -51.422499 -56.228048 -57.063405 -57.367774 -59.526911 -59.026250 -61.211772 -57.079777 -57.744646 -62.427651 -67.312357 -64.241989 -64.591633 -64.221650 -66.851810 -68.989412 -61.528782 -63.795049 -66.652701 -64.413247 -64.011651 -64.061932 -64.712973 -66.891200 -67.000763 -66.934928 
-47.489031 -48.331303 -48.925218 -51.321016 -54.152742 -56.020355 -60.377071 -57.945467 -58.069969 -59.692898 -60.017903 -62.837069 -63.941244 -65.122128 -63.717405 -65.575539 -64.841092 -65.818719 -68.008155 -68.351832 -71.014198 -66.563296 -69.614544 -71.381375 -69.082592 -70.713940 -72.486409 -70.825570 -71.360481 -74.594050 -70.543279 -72.099926 -73.058319 -71.904231 -74.176199 -72.001315 -71.529803 -70.659171 -70.069909 -72.366478 
-59.190343 -73.456403 -65.412146 -64.153623 -73.724925 -72.640844 -75.843490 -72.513648 -80.933590 -77.711597 -78.077815 -74.577415 -66.273217 -68.524837 -65.240340 -71.041627 -73.311017 -74.806627 -73.808747 -71.371553 -69.702485 -67.977186 -71.366126 -71.304054 -74.221309 -73.538227 -72.253043 -73.235032 -76.386804 -74.357214 -72.997968 -70.032783 -72.181832 -73.328006 -73.883185 -70.758323 -73.545783 -72.214103 -70.330831 -70.174527 
-56.924414 -74.184328 -71.347413 -66.236931 -74.010084 -70.506075 -73.107840 -76.577245 -73.514684 -69.862747 -71.526856 -79.670159 -74.147623 -70.639256 -70.488974 -72.822287 -76.282048 -72.141539 -71.297401 -70.722724 -74.333623 -76.904769 -76.558837 -71.646081 -74.803264 -71.029208 -73.308445 -74.769659 -75.037890 -72.999250 -75.567557 -74.728051 -72.762203 -74.245054 -73.501116 -73.323208 -74.126843 -76.788565 -74.547207 -75.776619 
-57.030771 -74.776351 -76.883417 -80.672974 -82.239275 -72.940734 -70.945475 -71.026765 -73.919049 -72.102902 -73.945785 -78.692547 -72.221625 -69.978509 -78.102949 -73.733769 -74.103911 -74.291757 -71.880222 -71.807376 -72.115774 -78.208969 -74.045139 -77.319169 -77.640513 -73.434529 -75.339723 -72.618924 -74.313432 -75.041591 -73.826218 -73.567802 -72.071352 -76.272932 -76.438924 -73.745055 -73.381363 -73.172753 -73.490416 -77.281595 
-57.246905 -70.904489 -71.371398 -74.865469 -73.504304 -74.243245 -75.954084 -70.734279 -71.906744 -72.503007 -78.687969 -78.252142 -72.390287 -71.671449 -76.238504 -77.445058 -70.417446 -71.518728 -75.823582 -76.369609 -79.339783 -74.368435 -75.009147 -71.265416 -71.678976 -75.578955 -74.275601 -72.891242 -72.764016 -73.451591 -77.167313 -74.091216 -72.171430 -73.615221 -76.299599 -73.098266 -74.022860 -76.657268 -75.164069 -77.788538 
-58.789282 -74.451536 -73.949916 -80.068288 -82.889017 -75.500446 -72.684244 -73.783861 -75.703455 -75.447637 -75.824968 -74.916269 -70.162015 -72.440745 -72.506375 -75.799599 -73.882014 -72.783312 -71.854926 -71.581634 -74.497950 -69.276848 -75.631808 -72.561870 -76.782997 -73.549734 -73.124747 -74.231499 -77.611495 -76.414027 -74.816692 -72.511583 -76.599951 -74.304833 -75.003827 -75.561878 -78.746345 -75.350713 -75.216338 -76.395588 
-55.826972 -69.634420 -69.434451 -70.523066 -73.395763 -72.376262 -73.342819 -72.143768 -68.930375 -66.438890 -73.429752 -77.371896 -74.482158 -73.915830 -73.369199 -70.793299 -71.273935 -70.674772 -76.444924 -76.918470 -80.469736 -71.790688 -78.386843 -77.429252 -78.524419 -73.302281 -71.418488 -72.685952 -73.686607 -74.446345 -71.025222 -70.825665 -77.143268 -75.920520 -71.470791 -72.483232 -75.377430 -74.657732 -74.265962 -77.688428 
-58.748932 -74.666029 -78.377849 -78.681411 -75.313663 -70.036415 -71.519223 -70.804554 -70.875090 -71.124355 -70.471652 -72.649896 -73.625635 -76.625109 -76.424867 -69.847085 -72.041450 -72.263864 -78.545711 -72.955698 -74.626439 -76.735686 -76.280854 -70.500433 -74.744620 -76.280267 -70.581203 -74.451676 -74.269633 -74.046997 -73.580416 -72.301345 -77.896000 -75.051978 -72.051752 -72.965318 -75.417336 -76.398465 -76.716294 -79.019156 
-55.108999 -67.292118 -66.061237 -72.380166 -73.121535 -74.990833 -71.321100 -74.175991 -72.950899 -79.951970 -68.647430 -70.221673 -77.191126 -78.786936 -75.754599 -72.653361 -73.696008 -77.102155 -78.054654 -76.052299 -75.840918 -73.419494 -74.656543 -72.693590 -76.835148 -75.592718 -70.988173 -76.578283 -75.505708 -72.379423 -73.327417 -72.572705 -75.178119 -73.193408 -71.471251 -71.799594 -73.180827 -74.784427 -74.348273 -77.550515 
-60.654260 -63.876349 -66.988074 -71.193996 -78.615760 -86.001782 -78.931603 -76.965450 -79.214215 -85.099609 -77.214015 -76.343895 -77.681154 -77.779516 -81.283228 -85.752440 -79.518660 -80.392507 -84.338389 -79.786455 -78.238742 -76.681117 -78.859847 -73.294492 -78.860871 -83.831082 -77.940724 -82.667707 -79.067711 -82.888278 -78.756243 -75.902035 -77.665021 -78.497434 -80.015296 -76.457726 -77.158777 -84.767930 -81.905512 -85.175104 
-115.499292 -115.500889 -115.503538 -115.507983 -115.513956 -115.522234 -115.532191 -115.544711 -115.560887 -115.579451 -115.600943 -115.625872 -115.652652 -115.681407 -115.710678 -115.737914 -115.761426 -115.777395 -115.782560 -115.773919 -115.749401 -115.708893 -115.656430 -115.597238 -115.540085 -115.495141 -115.471224 -115.475920 -115.514884 -115.590871 -115.696235 -115.799652 -115.844681 -115.778011 -115.608057 -115.432524 -115.374409 -115.566864 -116.371234 -118.373543 
NaN NaN NaN NaN NaN NaN NaN NaN NaN NaN NaN NaN NaN NaN NaN NaN NaN NaN NaN NaN NaN NaN NaN NaN NaN NaN NaN NaN NaN NaN NaN NaN NaN NaN NaN NaN NaN NaN NaN NaN 
NaN NaN NaN NaN NaN NaN NaN NaN NaN NaN NaN NaN NaN NaN NaN NaN NaN NaN NaN NaN NaN NaN NaN NaN NaN NaN NaN NaN NaN NaN NaN NaN NaN NaN NaN NaN NaN NaN NaN NaN 
NaN NaN NaN NaN NaN NaN NaN NaN NaN NaN NaN NaN NaN NaN NaN NaN NaN NaN NaN NaN NaN NaN NaN NaN NaN NaN NaN NaN NaN NaN NaN NaN NaN NaN NaN NaN NaN NaN NaN NaN 
NaN NaN NaN NaN NaN NaN NaN NaN NaN NaN NaN NaN NaN NaN NaN NaN NaN NaN NaN NaN NaN NaN NaN NaN NaN NaN NaN NaN NaN NaN NaN NaN NaN NaN NaN NaN NaN NaN NaN NaN 
NaN NaN NaN NaN NaN NaN NaN NaN NaN NaN NaN NaN NaN NaN NaN NaN NaN NaN NaN NaN NaN NaN NaN NaN NaN NaN NaN NaN NaN NaN NaN NaN NaN NaN NaN NaN NaN NaN NaN NaN 
NaN NaN NaN NaN NaN NaN NaN NaN NaN NaN NaN NaN NaN NaN NaN NaN NaN NaN NaN NaN NaN NaN NaN NaN NaN NaN NaN NaN NaN NaN NaN NaN NaN NaN NaN NaN NaN NaN NaN NaN 
NaN NaN NaN NaN NaN NaN NaN NaN NaN NaN NaN NaN NaN NaN NaN NaN NaN NaN NaN NaN NaN NaN NaN NaN NaN NaN NaN NaN NaN NaN NaN NaN NaN NaN NaN NaN NaN NaN NaN NaN 
NaN NaN NaN NaN NaN NaN NaN NaN NaN NaN NaN NaN NaN NaN NaN NaN NaN NaN NaN NaN NaN NaN NaN NaN NaN NaN NaN NaN NaN NaN NaN NaN NaN NaN NaN NaN NaN NaN NaN NaN 
NaN NaN NaN NaN NaN NaN NaN NaN NaN NaN NaN NaN NaN NaN NaN NaN NaN NaN NaN NaN NaN NaN NaN NaN NaN NaN NaN NaN NaN NaN NaN NaN NaN NaN NaN NaN NaN NaN NaN NaN 
NaN NaN NaN NaN NaN NaN NaN NaN NaN NaN NaN NaN NaN NaN NaN NaN NaN NaN NaN NaN NaN NaN NaN NaN NaN NaN NaN NaN NaN NaN NaN NaN NaN NaN NaN NaN NaN NaN NaN NaN 
NaN NaN NaN NaN NaN NaN NaN NaN NaN NaN NaN NaN NaN NaN NaN NaN NaN NaN NaN NaN NaN NaN NaN NaN NaN NaN NaN NaN NaN NaN NaN NaN NaN NaN NaN NaN NaN NaN NaN NaN 
NaN NaN NaN NaN NaN NaN NaN NaN NaN NaN NaN NaN NaN NaN NaN NaN NaN NaN NaN NaN NaN NaN NaN NaN NaN NaN NaN NaN NaN NaN NaN NaN NaN NaN NaN NaN NaN NaN NaN NaN 
NaN NaN NaN NaN NaN NaN NaN NaN NaN NaN NaN NaN NaN NaN NaN NaN NaN NaN NaN NaN NaN NaN NaN NaN NaN NaN NaN NaN NaN NaN NaN NaN NaN NaN NaN NaN NaN NaN NaN NaN 
NaN NaN NaN NaN NaN NaN NaN NaN NaN NaN NaN NaN NaN NaN NaN NaN NaN NaN NaN NaN NaN NaN NaN NaN NaN NaN NaN NaN NaN NaN NaN NaN NaN NaN NaN NaN NaN NaN NaN NaN 
NaN NaN NaN NaN NaN NaN NaN NaN NaN NaN NaN NaN NaN NaN NaN NaN NaN NaN NaN NaN NaN NaN NaN NaN NaN NaN NaN NaN NaN NaN NaN NaN NaN NaN NaN NaN NaN NaN NaN NaN 
NaN NaN NaN NaN NaN NaN NaN NaN NaN NaN NaN NaN NaN NaN NaN NaN NaN NaN NaN NaN NaN NaN NaN NaN NaN NaN NaN NaN NaN NaN NaN NaN NaN NaN NaN NaN NaN NaN NaN NaN 
NaN NaN NaN NaN NaN NaN NaN NaN NaN NaN NaN NaN NaN NaN NaN NaN NaN NaN NaN NaN NaN NaN NaN NaN NaN NaN NaN NaN NaN NaN NaN NaN NaN NaN NaN NaN NaN NaN NaN NaN 
NaN NaN NaN NaN NaN NaN NaN NaN NaN NaN NaN NaN NaN NaN NaN NaN NaN NaN NaN NaN NaN NaN NaN NaN NaN NaN NaN NaN NaN NaN NaN NaN NaN NaN NaN NaN NaN NaN NaN NaN 
NaN NaN NaN NaN NaN NaN NaN NaN NaN NaN NaN NaN NaN NaN NaN NaN NaN NaN NaN NaN NaN NaN NaN NaN NaN NaN NaN NaN NaN NaN NaN NaN NaN NaN NaN NaN NaN NaN NaN NaN 
NaN NaN NaN NaN NaN NaN NaN NaN NaN NaN NaN NaN NaN NaN NaN NaN NaN NaN NaN NaN NaN NaN NaN NaN NaN NaN NaN NaN NaN NaN NaN NaN NaN NaN NaN NaN NaN NaN NaN NaN 
NaN NaN NaN NaN NaN NaN NaN NaN NaN NaN NaN NaN NaN NaN NaN NaN NaN NaN NaN NaN NaN NaN NaN NaN NaN NaN NaN NaN NaN NaN NaN NaN NaN NaN NaN NaN NaN NaN NaN NaN 
NaN NaN NaN NaN NaN NaN NaN NaN NaN NaN NaN NaN NaN NaN NaN NaN NaN NaN NaN NaN NaN NaN NaN NaN NaN NaN NaN NaN NaN NaN NaN NaN NaN NaN NaN NaN NaN NaN NaN NaN 
NaN NaN NaN NaN NaN NaN NaN NaN NaN NaN NaN NaN NaN NaN NaN NaN NaN NaN NaN NaN NaN NaN NaN NaN NaN NaN NaN NaN NaN NaN NaN NaN NaN NaN NaN NaN NaN NaN NaN NaN 
NaN NaN NaN NaN NaN NaN NaN NaN NaN NaN NaN NaN NaN NaN NaN NaN NaN NaN NaN NaN NaN NaN NaN NaN NaN NaN NaN NaN NaN NaN NaN NaN NaN NaN NaN NaN NaN NaN NaN NaN 
NaN NaN NaN NaN NaN NaN NaN NaN NaN NaN NaN NaN NaN NaN NaN NaN NaN NaN NaN NaN NaN NaN NaN NaN NaN NaN NaN NaN NaN NaN NaN NaN NaN NaN NaN NaN NaN NaN NaN NaN 
NaN NaN NaN NaN NaN NaN NaN NaN NaN NaN NaN NaN NaN NaN NaN NaN NaN NaN NaN NaN NaN NaN NaN NaN NaN NaN NaN NaN NaN NaN NaN NaN NaN NaN NaN NaN NaN NaN NaN NaN 
NaN NaN NaN NaN NaN NaN NaN NaN NaN NaN NaN NaN NaN NaN NaN NaN NaN NaN NaN NaN NaN NaN NaN NaN NaN NaN NaN NaN NaN NaN NaN NaN NaN NaN NaN NaN NaN NaN NaN NaN 
NaN NaN NaN NaN NaN NaN NaN NaN NaN NaN NaN NaN NaN NaN NaN NaN NaN NaN NaN NaN NaN NaN NaN NaN NaN NaN NaN NaN NaN NaN NaN NaN NaN NaN NaN NaN NaN NaN NaN NaN 
NaN NaN NaN NaN NaN NaN NaN NaN NaN NaN NaN NaN NaN NaN NaN NaN NaN NaN NaN NaN NaN NaN NaN NaN NaN NaN NaN NaN NaN NaN NaN NaN NaN NaN NaN NaN NaN NaN NaN NaN 
NaN NaN NaN NaN NaN NaN NaN NaN NaN NaN NaN NaN NaN NaN NaN NaN NaN NaN NaN NaN NaN NaN NaN NaN NaN NaN NaN NaN NaN NaN NaN NaN NaN NaN NaN NaN NaN NaN NaN NaN 
NaN NaN NaN NaN NaN NaN NaN NaN NaN NaN NaN NaN NaN NaN NaN NaN NaN NaN NaN NaN NaN NaN NaN NaN NaN NaN NaN NaN NaN NaN NaN NaN NaN NaN NaN NaN NaN NaN NaN NaN 
NaN NaN NaN NaN NaN NaN NaN NaN NaN NaN NaN NaN NaN NaN NaN NaN NaN NaN NaN NaN NaN NaN NaN NaN NaN NaN NaN NaN NaN NaN NaN NaN NaN NaN NaN NaN NaN NaN NaN NaN 
NaN NaN NaN NaN NaN NaN NaN NaN NaN NaN NaN NaN NaN NaN NaN NaN NaN NaN NaN NaN NaN NaN NaN NaN NaN NaN NaN NaN NaN NaN NaN NaN NaN NaN NaN NaN NaN NaN NaN NaN 
NaN NaN NaN NaN NaN NaN NaN NaN NaN NaN NaN NaN NaN NaN NaN NaN NaN NaN NaN NaN NaN NaN NaN NaN NaN NaN NaN NaN NaN NaN NaN NaN NaN NaN NaN NaN NaN NaN NaN NaN 
NaN NaN NaN NaN NaN NaN NaN NaN NaN NaN NaN NaN NaN NaN NaN NaN NaN NaN NaN NaN NaN NaN NaN NaN NaN NaN NaN NaN NaN NaN NaN NaN NaN NaN NaN NaN NaN NaN NaN NaN 
NaN NaN NaN NaN NaN NaN NaN NaN NaN NaN NaN NaN NaN NaN NaN NaN NaN NaN NaN NaN NaN NaN NaN NaN NaN NaN NaN NaN NaN NaN NaN NaN NaN NaN NaN NaN NaN NaN NaN NaN 
NaN NaN NaN NaN NaN NaN NaN NaN NaN NaN NaN NaN NaN NaN NaN NaN NaN NaN NaN NaN NaN NaN NaN NaN NaN NaN NaN NaN NaN NaN NaN NaN NaN NaN NaN NaN NaN NaN NaN NaN 
NaN NaN NaN NaN NaN NaN NaN NaN NaN NaN NaN NaN NaN NaN NaN NaN NaN NaN NaN NaN NaN NaN NaN NaN NaN NaN NaN NaN NaN NaN NaN NaN NaN NaN NaN NaN NaN NaN NaN NaN 
NaN NaN NaN NaN NaN NaN NaN NaN NaN NaN NaN NaN NaN NaN NaN NaN NaN NaN NaN NaN NaN NaN NaN NaN NaN NaN NaN NaN NaN NaN NaN NaN NaN NaN NaN NaN NaN NaN NaN NaN 
NaN NaN NaN NaN NaN NaN NaN NaN NaN NaN NaN NaN NaN NaN NaN NaN NaN NaN NaN NaN NaN NaN NaN NaN NaN NaN NaN NaN NaN NaN NaN NaN NaN NaN NaN NaN NaN NaN NaN NaN 
NaN NaN NaN NaN NaN NaN NaN NaN NaN NaN NaN NaN NaN NaN NaN NaN NaN NaN NaN NaN NaN NaN NaN NaN NaN NaN NaN NaN NaN NaN NaN NaN NaN NaN NaN NaN NaN NaN NaN NaN 
NaN NaN NaN NaN NaN NaN NaN NaN NaN NaN NaN NaN NaN NaN NaN NaN NaN NaN NaN NaN NaN NaN NaN NaN NaN NaN NaN NaN NaN NaN NaN NaN NaN NaN NaN NaN NaN NaN NaN NaN 
NaN NaN NaN NaN NaN NaN NaN NaN NaN NaN NaN NaN NaN NaN NaN NaN NaN NaN NaN NaN NaN NaN NaN NaN NaN NaN NaN NaN NaN NaN NaN NaN NaN NaN NaN NaN NaN NaN NaN NaN 
NaN NaN NaN NaN NaN NaN NaN NaN NaN NaN NaN NaN NaN NaN NaN NaN NaN NaN NaN NaN NaN NaN NaN NaN NaN NaN NaN NaN NaN NaN NaN NaN NaN NaN NaN NaN NaN NaN NaN NaN 
NaN NaN NaN NaN NaN NaN NaN NaN NaN NaN NaN NaN NaN NaN NaN NaN NaN NaN NaN NaN NaN NaN NaN NaN NaN NaN NaN NaN NaN NaN NaN NaN NaN NaN NaN NaN NaN NaN NaN NaN 
NaN NaN NaN NaN NaN NaN NaN NaN NaN NaN NaN NaN NaN NaN NaN NaN NaN NaN NaN NaN NaN NaN NaN NaN NaN NaN NaN NaN NaN NaN NaN NaN NaN NaN NaN NaN NaN NaN NaN NaN 
NaN NaN NaN NaN NaN NaN NaN NaN NaN NaN NaN NaN NaN NaN NaN NaN NaN NaN NaN NaN NaN NaN NaN NaN NaN NaN NaN NaN NaN NaN NaN NaN NaN NaN NaN NaN NaN NaN NaN NaN 
NaN NaN NaN NaN NaN NaN NaN NaN NaN NaN NaN NaN NaN NaN NaN NaN NaN NaN NaN NaN NaN NaN NaN NaN NaN NaN NaN NaN NaN NaN NaN NaN NaN NaN NaN NaN NaN NaN NaN NaN 
NaN NaN NaN NaN NaN NaN NaN NaN NaN NaN NaN NaN NaN NaN NaN NaN NaN NaN NaN NaN NaN NaN NaN NaN NaN NaN NaN NaN NaN NaN NaN NaN NaN NaN NaN NaN NaN NaN NaN NaN 
NaN NaN NaN NaN NaN NaN NaN NaN NaN NaN NaN NaN NaN NaN NaN NaN NaN NaN NaN NaN NaN NaN NaN NaN NaN NaN NaN NaN NaN NaN NaN NaN NaN NaN NaN NaN NaN NaN NaN NaN 
NaN NaN NaN NaN NaN NaN NaN NaN NaN NaN NaN NaN NaN NaN NaN NaN NaN NaN NaN NaN NaN NaN NaN NaN NaN NaN NaN NaN NaN NaN NaN NaN NaN NaN NaN NaN NaN NaN NaN NaN 
NaN NaN NaN NaN NaN NaN NaN NaN NaN NaN NaN NaN NaN NaN NaN NaN NaN NaN NaN NaN NaN NaN NaN NaN NaN NaN NaN NaN NaN NaN NaN NaN NaN NaN NaN NaN NaN NaN NaN NaN 
NaN NaN NaN NaN NaN NaN NaN NaN NaN NaN NaN NaN NaN NaN NaN NaN NaN NaN NaN NaN NaN NaN NaN NaN NaN NaN NaN NaN NaN NaN NaN NaN NaN NaN NaN NaN NaN NaN NaN NaN 
NaN NaN NaN NaN NaN NaN NaN NaN NaN NaN NaN NaN NaN NaN NaN NaN NaN NaN NaN NaN NaN NaN NaN NaN NaN NaN NaN NaN NaN NaN NaN NaN NaN NaN NaN NaN NaN NaN NaN NaN 
NaN NaN NaN NaN NaN NaN NaN NaN NaN NaN NaN NaN NaN NaN NaN NaN NaN NaN NaN NaN NaN NaN NaN NaN NaN NaN NaN NaN NaN NaN NaN NaN NaN NaN NaN NaN NaN NaN NaN NaN 
NaN NaN NaN NaN NaN NaN NaN NaN NaN NaN NaN NaN NaN NaN NaN NaN NaN NaN NaN NaN NaN NaN NaN NaN NaN NaN NaN NaN NaN NaN NaN NaN NaN NaN NaN NaN NaN NaN NaN NaN 
NaN NaN NaN NaN NaN NaN NaN NaN NaN NaN NaN NaN NaN NaN NaN NaN NaN NaN NaN NaN NaN NaN NaN NaN NaN NaN NaN NaN NaN NaN NaN NaN NaN NaN NaN NaN NaN NaN NaN NaN 
NaN NaN NaN NaN NaN NaN NaN NaN NaN NaN NaN NaN NaN NaN NaN NaN NaN NaN NaN NaN NaN NaN NaN NaN NaN NaN NaN NaN NaN NaN NaN NaN NaN NaN NaN NaN NaN NaN NaN NaN 
NaN NaN NaN NaN NaN NaN NaN NaN NaN NaN NaN NaN NaN NaN NaN NaN NaN NaN NaN NaN NaN NaN NaN NaN NaN NaN NaN NaN NaN NaN NaN NaN NaN NaN NaN NaN NaN NaN NaN NaN 
NaN NaN NaN NaN NaN NaN NaN NaN NaN NaN NaN NaN NaN NaN NaN NaN NaN NaN NaN NaN NaN NaN NaN NaN NaN NaN NaN NaN NaN NaN NaN NaN NaN NaN NaN NaN NaN NaN NaN NaN 
NaN NaN NaN NaN NaN NaN NaN NaN NaN NaN NaN NaN NaN NaN NaN NaN NaN NaN NaN NaN NaN NaN NaN NaN NaN NaN NaN NaN NaN NaN NaN NaN NaN NaN NaN NaN NaN NaN NaN NaN 
NaN NaN NaN NaN NaN NaN NaN NaN NaN NaN NaN NaN NaN NaN NaN NaN NaN NaN NaN NaN NaN NaN NaN NaN NaN NaN NaN NaN NaN NaN NaN NaN NaN NaN NaN NaN NaN NaN NaN NaN 
NaN NaN NaN NaN NaN NaN NaN NaN NaN NaN NaN NaN NaN NaN NaN NaN NaN NaN NaN NaN NaN NaN NaN NaN NaN NaN NaN NaN NaN NaN NaN NaN NaN NaN NaN NaN NaN NaN NaN NaN 
NaN NaN NaN NaN NaN NaN NaN NaN NaN NaN NaN NaN NaN NaN NaN NaN NaN NaN NaN NaN NaN NaN NaN NaN NaN NaN NaN NaN NaN NaN NaN NaN NaN NaN NaN NaN NaN NaN NaN NaN 
NaN NaN NaN NaN NaN NaN NaN NaN NaN NaN NaN NaN NaN NaN NaN NaN NaN NaN NaN NaN NaN NaN NaN NaN NaN NaN NaN NaN NaN NaN NaN NaN NaN NaN NaN NaN NaN NaN NaN NaN 
NaN NaN NaN NaN NaN NaN NaN NaN NaN NaN NaN NaN NaN NaN NaN NaN NaN NaN NaN NaN NaN NaN NaN NaN NaN NaN NaN NaN NaN NaN NaN NaN NaN NaN NaN NaN NaN NaN NaN NaN 
NaN NaN NaN NaN NaN NaN NaN NaN NaN NaN NaN NaN NaN NaN NaN NaN NaN NaN NaN NaN NaN NaN NaN NaN NaN NaN NaN NaN NaN NaN NaN NaN NaN NaN NaN NaN NaN NaN NaN NaN 
NaN NaN NaN NaN NaN NaN NaN NaN NaN NaN NaN NaN NaN NaN NaN NaN NaN NaN NaN NaN NaN NaN NaN NaN NaN NaN NaN NaN NaN NaN NaN NaN NaN NaN NaN NaN NaN NaN NaN NaN 
NaN NaN NaN NaN NaN NaN NaN NaN NaN NaN NaN NaN NaN NaN NaN NaN NaN NaN NaN NaN NaN NaN NaN NaN NaN NaN NaN NaN NaN NaN NaN NaN NaN NaN NaN NaN NaN NaN NaN NaN 
NaN NaN NaN NaN NaN NaN NaN NaN NaN NaN NaN NaN NaN NaN NaN NaN NaN NaN NaN NaN NaN NaN NaN NaN NaN NaN NaN NaN NaN NaN NaN NaN NaN NaN NaN NaN NaN NaN NaN NaN 
NaN NaN NaN NaN NaN NaN NaN NaN NaN NaN NaN NaN NaN NaN NaN NaN NaN NaN NaN NaN NaN NaN NaN NaN NaN NaN NaN NaN NaN NaN NaN NaN NaN NaN NaN NaN NaN NaN NaN NaN 
NaN NaN NaN NaN NaN NaN NaN NaN NaN NaN NaN NaN NaN NaN NaN NaN NaN NaN NaN NaN NaN NaN NaN NaN NaN NaN NaN NaN NaN NaN NaN NaN NaN NaN NaN NaN NaN NaN NaN NaN 
