NaN NaN NaN NaN NaN NaN NaN NaN NaN NaN NaN NaN NaN NaN NaN NaN NaN NaN NaN NaN NaN NaN NaN NaN NaN NaN NaN NaN NaN NaN NaN NaN NaN NaN NaN NaN NaN NaN NaN NaN 
NaN NaN NaN NaN NaN NaN NaN NaN NaN NaN NaN NaN NaN NaN NaN NaN NaN NaN NaN NaN NaN NaN NaN NaN NaN NaN NaN NaN NaN NaN NaN NaN NaN NaN NaN NaN NaN NaN NaN NaN 
NaN NaN NaN NaN NaN NaN NaN NaN NaN NaN NaN NaN NaN NaN NaN NaN NaN NaN NaN NaN NaN NaN NaN NaN NaN NaN NaN NaN NaN NaN NaN NaN NaN NaN NaN NaN NaN NaN NaN NaN 
NaN NaN NaN NaN NaN NaN NaN NaN NaN NaN NaN NaN NaN NaN NaN NaN NaN NaN NaN NaN NaN NaN NaN NaN NaN NaN NaN NaN NaN NaN NaN NaN NaN NaN NaN NaN NaN NaN NaN NaN 
NaN NaN NaN NaN NaN NaN NaN NaN NaN NaN NaN NaN NaN NaN NaN NaN NaN NaN NaN NaN NaN NaN NaN NaN NaN NaN NaN NaN NaN NaN NaN NaN NaN NaN NaN NaN NaN NaN NaN NaN 
NaN NaN NaN NaN NaN NaN NaN NaN NaN NaN NaN NaN NaN NaN NaN NaN NaN NaN NaN NaN NaN NaN NaN NaN NaN NaN NaN NaN NaN NaN NaN NaN NaN NaN NaN NaN NaN NaN NaN NaN 
NaN NaN NaN NaN NaN NaN NaN NaN NaN NaN NaN NaN NaN NaN NaN NaN NaN NaN NaN NaN NaN NaN NaN NaN NaN NaN NaN NaN NaN NaN NaN NaN NaN NaN NaN NaN NaN NaN NaN NaN 
NaN NaN NaN NaN NaN NaN NaN NaN NaN NaN NaN NaN NaN NaN NaN NaN NaN NaN NaN NaN NaN NaN NaN NaN NaN NaN NaN NaN NaN NaN NaN NaN NaN NaN NaN NaN NaN NaN NaN NaN 
NaN NaN NaN NaN NaN NaN NaN NaN NaN NaN NaN NaN NaN NaN NaN NaN NaN NaN NaN NaN NaN NaN NaN NaN NaN NaN NaN NaN NaN NaN NaN NaN NaN NaN NaN NaN NaN NaN NaN NaN 
NaN NaN NaN NaN NaN NaN NaN NaN NaN NaN NaN NaN NaN NaN NaN NaN NaN NaN NaN NaN NaN NaN NaN NaN NaN NaN NaN NaN NaN NaN NaN NaN NaN NaN NaN NaN NaN NaN NaN NaN 
NaN NaN NaN NaN NaN NaN NaN NaN NaN NaN NaN NaN NaN NaN NaN NaN NaN NaN NaN NaN NaN NaN NaN NaN NaN NaN NaN NaN NaN NaN NaN NaN NaN NaN NaN NaN NaN NaN NaN NaN 
NaN NaN NaN NaN NaN NaN NaN NaN NaN NaN NaN NaN NaN NaN NaN NaN NaN NaN NaN NaN NaN NaN NaN NaN NaN NaN NaN NaN NaN NaN NaN NaN NaN NaN NaN NaN NaN NaN NaN NaN 
NaN NaN NaN NaN NaN NaN NaN NaN NaN NaN NaN NaN NaN NaN NaN NaN NaN NaN NaN NaN NaN NaN NaN NaN NaN NaN NaN NaN NaN NaN NaN NaN NaN NaN NaN NaN NaN NaN NaN NaN 
NaN NaN NaN NaN NaN NaN NaN NaN NaN NaN NaN NaN NaN NaN NaN NaN NaN NaN NaN NaN NaN NaN NaN NaN NaN NaN NaN NaN NaN NaN NaN NaN NaN NaN NaN NaN NaN NaN NaN NaN 
NaN NaN NaN NaN NaN NaN NaN NaN NaN NaN NaN NaN NaN NaN NaN NaN NaN NaN NaN NaN NaN NaN NaN NaN NaN NaN NaN NaN NaN NaN NaN NaN NaN NaN NaN NaN NaN NaN NaN NaN 
NaN NaN NaN NaN NaN NaN NaN NaN NaN NaN NaN NaN NaN NaN NaN NaN NaN NaN NaN NaN NaN NaN NaN NaN NaN NaN NaN NaN NaN NaN NaN NaN NaN NaN NaN NaN NaN NaN NaN NaN 
NaN NaN NaN NaN NaN NaN NaN NaN NaN NaN NaN NaN NaN NaN NaN NaN NaN NaN NaN NaN NaN NaN NaN NaN NaN NaN NaN NaN NaN NaN NaN NaN NaN NaN NaN NaN NaN NaN NaN NaN 
NaN NaN NaN NaN NaN NaN NaN NaN NaN NaN NaN NaN NaN NaN NaN NaN NaN NaN NaN NaN NaN NaN NaN NaN NaN NaN NaN NaN NaN NaN NaN NaN NaN NaN NaN NaN NaN NaN NaN NaN 
NaN NaN NaN NaN NaN NaN NaN NaN NaN NaN NaN NaN NaN NaN NaN NaN NaN NaN NaN NaN NaN NaN NaN NaN NaN NaN NaN NaN NaN NaN NaN NaN NaN NaN NaN NaN NaN NaN NaN NaN 
NaN NaN NaN NaN NaN NaN NaN NaN NaN NaN NaN NaN NaN NaN NaN NaN NaN NaN NaN NaN NaN NaN NaN NaN NaN NaN NaN NaN NaN NaN NaN NaN NaN NaN NaN NaN NaN NaN NaN NaN 
NaN NaN NaN NaN NaN NaN NaN NaN NaN NaN NaN NaN NaN NaN NaN NaN NaN NaN NaN NaN NaN NaN NaN NaN NaN NaN NaN NaN NaN NaN NaN NaN NaN NaN NaN NaN NaN NaN NaN NaN 
NaN NaN NaN NaN NaN NaN NaN NaN NaN NaN NaN NaN NaN NaN NaN NaN NaN NaN NaN NaN NaN NaN NaN NaN NaN NaN NaN NaN NaN NaN NaN NaN NaN NaN NaN NaN NaN NaN NaN NaN 
NaN NaN NaN NaN NaN NaN NaN NaN NaN NaN NaN NaN NaN NaN NaN NaN NaN NaN NaN NaN NaN NaN NaN NaN NaN NaN NaN NaN NaN NaN NaN NaN NaN NaN NaN NaN NaN NaN NaN NaN 
NaN NaN NaN NaN NaN NaN NaN NaN NaN NaN NaN NaN NaN NaN NaN NaN NaN NaN NaN NaN NaN NaN NaN NaN NaN NaN NaN NaN NaN NaN NaN NaN NaN NaN NaN NaN NaN NaN NaN NaN 
NaN NaN NaN NaN NaN NaN NaN NaN NaN NaN NaN NaN NaN NaN NaN NaN NaN NaN NaN NaN NaN NaN NaN NaN NaN NaN NaN NaN NaN NaN NaN NaN NaN NaN NaN NaN NaN NaN NaN NaN 
NaN NaN NaN NaN NaN NaN NaN NaN NaN NaN NaN NaN NaN NaN NaN NaN NaN NaN NaN NaN NaN NaN NaN NaN NaN NaN NaN NaN NaN NaN NaN NaN NaN NaN NaN NaN NaN NaN NaN NaN 
NaN NaN NaN NaN NaN NaN NaN NaN NaN NaN NaN NaN NaN NaN NaN NaN NaN NaN NaN NaN NaN NaN NaN NaN NaN NaN NaN NaN NaN NaN NaN NaN NaN NaN NaN NaN NaN NaN NaN NaN 
NaN NaN NaN NaN NaN NaN NaN NaN NaN NaN NaN NaN NaN NaN NaN NaN NaN NaN NaN NaN NaN NaN NaN NaN NaN NaN NaN NaN NaN NaN NaN NaN NaN NaN NaN NaN NaN NaN NaN NaN 
NaN NaN NaN NaN NaN NaN NaN NaN NaN NaN NaN NaN NaN NaN NaN NaN NaN NaN NaN NaN NaN NaN NaN NaN NaN NaN NaN NaN NaN NaN NaN NaN NaN NaN NaN NaN NaN NaN NaN NaN 
NaN NaN NaN NaN NaN NaN NaN NaN NaN NaN NaN NaN NaN NaN NaN NaN NaN NaN NaN NaN NaN NaN NaN NaN NaN NaN NaN NaN NaN NaN NaN NaN NaN NaN NaN NaN NaN NaN NaN NaN 
NaN NaN NaN NaN NaN NaN NaN NaN NaN NaN NaN NaN NaN NaN NaN NaN NaN NaN NaN NaN NaN NaN NaN NaN NaN NaN NaN NaN NaN NaN NaN NaN NaN NaN NaN NaN NaN NaN NaN NaN 
NaN NaN NaN NaN NaN NaN NaN NaN NaN NaN NaN NaN NaN NaN NaN NaN NaN NaN NaN NaN NaN NaN NaN NaN NaN NaN NaN NaN NaN NaN NaN NaN NaN NaN NaN NaN NaN NaN NaN NaN 
NaN NaN NaN NaN NaN NaN NaN NaN NaN NaN NaN NaN NaN NaN NaN NaN NaN NaN NaN NaN NaN NaN NaN NaN NaN NaN NaN NaN NaN NaN NaN NaN NaN NaN NaN NaN NaN NaN NaN NaN 
NaN NaN NaN NaN NaN NaN NaN NaN NaN NaN NaN NaN NaN NaN NaN NaN NaN NaN NaN NaN NaN NaN NaN NaN NaN NaN NaN NaN NaN NaN NaN NaN NaN NaN NaN NaN NaN NaN NaN NaN 
NaN NaN NaN NaN NaN NaN NaN NaN NaN NaN NaN NaN NaN NaN NaN NaN NaN NaN NaN NaN NaN NaN NaN NaN NaN NaN NaN NaN NaN NaN NaN NaN NaN NaN NaN NaN NaN NaN NaN NaN 
NaN NaN NaN NaN NaN NaN NaN NaN NaN NaN NaN NaN NaN NaN NaN NaN NaN NaN NaN NaN NaN NaN NaN NaN NaN NaN NaN NaN NaN NaN NaN NaN NaN NaN NaN NaN NaN NaN NaN NaN 
NaN NaN NaN NaN NaN NaN NaN NaN NaN NaN NaN NaN NaN NaN NaN NaN NaN NaN NaN NaN NaN NaN NaN NaN NaN NaN NaN NaN NaN NaN NaN NaN NaN NaN NaN NaN NaN NaN NaN NaN 
NaN NaN NaN NaN NaN NaN NaN NaN NaN NaN NaN NaN NaN NaN NaN NaN NaN NaN NaN NaN NaN NaN NaN NaN NaN NaN NaN NaN NaN NaN NaN NaN NaN NaN NaN NaN NaN NaN NaN NaN 
NaN NaN NaN NaN NaN NaN NaN NaN NaN NaN NaN NaN NaN NaN NaN NaN NaN NaN NaN NaN NaN NaN NaN NaN NaN NaN NaN NaN NaN NaN NaN NaN NaN NaN NaN NaN NaN NaN NaN NaN 
NaN NaN NaN NaN NaN NaN NaN NaN NaN NaN NaN NaN NaN NaN NaN NaN NaN NaN NaN NaN NaN NaN NaN NaN NaN NaN NaN NaN NaN NaN NaN NaN NaN NaN NaN NaN NaN NaN NaN NaN 
NaN NaN NaN NaN NaN NaN NaN NaN NaN NaN NaN NaN NaN NaN NaN NaN NaN NaN NaN NaN NaN NaN NaN NaN NaN NaN NaN NaN NaN NaN NaN NaN NaN NaN NaN NaN NaN NaN NaN NaN 
NaN NaN NaN NaN NaN NaN NaN NaN NaN NaN NaN NaN NaN NaN NaN NaN NaN NaN NaN NaN NaN NaN NaN NaN NaN NaN NaN NaN NaN NaN NaN NaN NaN NaN NaN NaN NaN NaN NaN NaN 
NaN NaN NaN NaN NaN NaN NaN NaN NaN NaN NaN NaN NaN NaN NaN NaN NaN NaN NaN NaN NaN NaN NaN NaN NaN NaN NaN NaN NaN NaN NaN NaN NaN NaN NaN NaN NaN NaN NaN NaN 
NaN NaN NaN NaN NaN NaN NaN NaN NaN NaN NaN NaN NaN NaN NaN NaN NaN NaN NaN NaN NaN NaN NaN NaN NaN NaN NaN NaN NaN NaN NaN NaN NaN NaN NaN NaN NaN NaN NaN NaN 
NaN NaN NaN NaN NaN NaN NaN NaN NaN NaN NaN NaN NaN NaN NaN NaN NaN NaN NaN NaN NaN NaN NaN NaN NaN NaN NaN NaN NaN NaN NaN NaN NaN NaN NaN NaN NaN NaN NaN NaN 
NaN NaN NaN NaN NaN NaN NaN NaN NaN NaN NaN NaN NaN NaN NaN NaN NaN NaN NaN NaN NaN NaN NaN NaN NaN NaN NaN NaN NaN NaN NaN NaN NaN NaN NaN NaN NaN NaN NaN NaN 
NaN NaN NaN NaN NaN NaN NaN NaN NaN NaN NaN NaN NaN NaN NaN NaN NaN NaN NaN NaN NaN NaN NaN NaN NaN NaN NaN NaN NaN NaN NaN NaN NaN NaN NaN NaN NaN NaN NaN NaN 
NaN NaN NaN NaN NaN NaN NaN NaN NaN NaN NaN NaN NaN NaN NaN NaN NaN NaN NaN NaN NaN NaN NaN NaN NaN NaN NaN NaN NaN NaN NaN NaN NaN NaN NaN NaN NaN NaN NaN NaN 
NaN NaN NaN NaN NaN NaN NaN NaN NaN NaN NaN NaN NaN NaN NaN NaN NaN NaN NaN NaN NaN NaN NaN NaN NaN NaN NaN NaN NaN NaN NaN NaN NaN NaN NaN NaN NaN NaN NaN NaN 
NaN NaN NaN NaN NaN NaN NaN NaN NaN NaN NaN NaN NaN NaN NaN NaN NaN NaN NaN NaN NaN NaN NaN NaN NaN NaN NaN NaN NaN NaN NaN NaN NaN NaN NaN NaN NaN NaN NaN NaN 
NaN NaN NaN NaN NaN NaN NaN NaN NaN NaN NaN NaN NaN NaN NaN NaN NaN NaN NaN NaN NaN NaN NaN NaN NaN NaN NaN NaN NaN NaN NaN NaN NaN NaN NaN NaN NaN NaN NaN NaN 
NaN NaN NaN NaN NaN NaN NaN NaN NaN NaN NaN NaN NaN NaN NaN NaN NaN NaN NaN NaN NaN NaN NaN NaN NaN NaN NaN NaN NaN NaN NaN NaN NaN NaN NaN NaN NaN NaN NaN NaN 
NaN NaN NaN NaN NaN NaN NaN NaN NaN NaN NaN NaN NaN NaN NaN NaN NaN NaN NaN NaN NaN NaN NaN NaN NaN NaN NaN NaN NaN NaN NaN NaN NaN NaN NaN NaN NaN NaN NaN NaN 
NaN NaN NaN NaN NaN NaN NaN NaN NaN NaN NaN NaN NaN NaN NaN NaN NaN NaN NaN NaN NaN NaN NaN NaN NaN NaN NaN NaN NaN NaN NaN NaN NaN NaN NaN NaN NaN NaN NaN NaN 
NaN NaN NaN NaN NaN NaN NaN NaN NaN NaN NaN NaN NaN NaN NaN NaN NaN NaN NaN NaN NaN NaN NaN NaN NaN NaN NaN NaN NaN NaN NaN NaN NaN NaN NaN NaN NaN NaN NaN NaN 
NaN NaN NaN NaN NaN NaN NaN NaN NaN NaN NaN NaN NaN NaN NaN NaN NaN NaN NaN NaN NaN NaN NaN NaN NaN NaN NaN NaN NaN NaN NaN NaN NaN NaN NaN NaN NaN NaN NaN NaN 
NaN NaN NaN NaN NaN NaN NaN NaN NaN NaN NaN NaN NaN NaN NaN NaN NaN NaN NaN NaN NaN NaN NaN NaN NaN NaN NaN NaN NaN NaN NaN NaN NaN NaN NaN NaN NaN NaN NaN NaN 
NaN NaN NaN NaN NaN NaN NaN NaN NaN NaN NaN NaN NaN NaN NaN NaN NaN NaN NaN NaN NaN NaN NaN NaN NaN NaN NaN NaN NaN NaN NaN NaN NaN NaN NaN NaN NaN NaN NaN NaN 
NaN NaN NaN NaN NaN NaN NaN NaN NaN NaN NaN NaN NaN NaN NaN NaN NaN NaN NaN NaN NaN NaN NaN NaN NaN NaN NaN NaN NaN NaN NaN NaN NaN NaN NaN NaN NaN NaN NaN NaN 
NaN NaN NaN NaN NaN NaN NaN NaN NaN NaN NaN NaN NaN NaN NaN NaN NaN NaN NaN NaN NaN NaN NaN NaN NaN NaN NaN NaN NaN NaN NaN NaN NaN NaN NaN NaN NaN NaN NaN NaN 
NaN NaN NaN NaN NaN NaN NaN NaN NaN NaN NaN NaN NaN NaN NaN NaN NaN NaN NaN NaN NaN NaN NaN NaN NaN NaN NaN NaN NaN NaN NaN NaN NaN NaN NaN NaN NaN NaN NaN NaN 
NaN NaN NaN NaN NaN NaN NaN NaN NaN NaN NaN NaN NaN NaN NaN NaN NaN NaN NaN NaN NaN NaN NaN NaN NaN NaN NaN NaN NaN NaN NaN NaN NaN NaN NaN NaN NaN NaN NaN NaN 
NaN NaN NaN NaN NaN NaN NaN NaN NaN NaN NaN NaN NaN NaN NaN NaN NaN NaN NaN NaN NaN NaN NaN NaN NaN NaN NaN NaN NaN NaN NaN NaN NaN NaN NaN NaN NaN NaN NaN NaN 
NaN NaN NaN NaN NaN NaN NaN NaN NaN NaN NaN NaN NaN NaN NaN NaN NaN NaN NaN NaN NaN NaN NaN NaN NaN NaN NaN NaN NaN NaN NaN NaN NaN NaN NaN NaN NaN NaN NaN NaN 
NaN NaN NaN NaN NaN NaN NaN NaN NaN NaN NaN NaN NaN NaN NaN NaN NaN NaN NaN NaN NaN NaN NaN NaN NaN NaN NaN NaN NaN NaN NaN NaN NaN NaN NaN NaN NaN NaN NaN NaN 
NaN NaN NaN NaN NaN NaN NaN NaN NaN NaN NaN NaN NaN NaN NaN NaN NaN NaN NaN NaN NaN NaN NaN NaN NaN NaN NaN NaN NaN NaN NaN NaN NaN NaN NaN NaN NaN NaN NaN NaN 
NaN NaN NaN NaN NaN NaN NaN NaN NaN NaN NaN NaN NaN NaN NaN NaN NaN NaN NaN NaN NaN NaN NaN NaN NaN NaN NaN NaN NaN NaN NaN NaN NaN NaN NaN NaN NaN NaN NaN NaN 
NaN NaN NaN NaN NaN NaN NaN NaN NaN NaN NaN NaN NaN NaN NaN NaN NaN NaN NaN NaN NaN NaN NaN NaN NaN NaN NaN NaN NaN NaN NaN NaN NaN NaN NaN NaN NaN NaN NaN NaN 
NaN NaN NaN NaN NaN NaN NaN NaN NaN NaN NaN NaN NaN NaN NaN NaN NaN NaN NaN NaN NaN NaN NaN NaN NaN NaN NaN NaN NaN NaN NaN NaN NaN NaN NaN NaN NaN NaN NaN NaN 
NaN NaN NaN NaN NaN NaN NaN NaN NaN NaN NaN NaN NaN NaN NaN NaN NaN NaN NaN NaN NaN NaN NaN NaN NaN NaN NaN NaN NaN NaN NaN NaN NaN NaN NaN NaN NaN NaN NaN NaN 
NaN NaN NaN NaN NaN NaN NaN NaN NaN NaN NaN NaN NaN NaN NaN NaN NaN NaN NaN NaN NaN NaN NaN NaN NaN NaN NaN NaN NaN NaN NaN NaN NaN NaN NaN NaN NaN NaN NaN NaN 
NaN NaN NaN NaN NaN NaN NaN NaN NaN NaN NaN NaN NaN NaN NaN NaN NaN NaN NaN NaN NaN NaN NaN NaN NaN NaN NaN NaN NaN NaN NaN NaN NaN NaN NaN NaN NaN NaN NaN NaN 
NaN NaN NaN NaN NaN NaN NaN NaN NaN NaN NaN NaN NaN NaN NaN NaN NaN NaN NaN NaN NaN NaN NaN NaN NaN NaN NaN NaN NaN NaN NaN NaN NaN NaN NaN NaN NaN NaN NaN NaN 
NaN NaN NaN NaN NaN NaN NaN NaN NaN NaN NaN NaN NaN NaN NaN NaN NaN NaN NaN NaN NaN NaN NaN NaN NaN NaN NaN NaN NaN NaN NaN NaN NaN NaN NaN NaN NaN NaN NaN NaN 
NaN NaN NaN NaN NaN NaN NaN NaN NaN NaN NaN NaN NaN NaN NaN NaN NaN NaN NaN NaN NaN NaN NaN NaN NaN NaN NaN NaN NaN NaN NaN NaN NaN NaN NaN NaN NaN NaN NaN NaN 
NaN NaN NaN NaN NaN NaN NaN NaN NaN NaN NaN NaN NaN NaN NaN NaN NaN NaN NaN NaN NaN NaN NaN NaN NaN NaN NaN NaN NaN NaN NaN NaN NaN NaN NaN NaN NaN NaN NaN NaN 
NaN NaN NaN NaN NaN NaN NaN NaN NaN NaN NaN NaN NaN NaN NaN NaN NaN NaN NaN NaN NaN NaN NaN NaN NaN NaN NaN NaN NaN NaN NaN NaN NaN NaN NaN NaN NaN NaN NaN NaN 
NaN NaN NaN NaN NaN NaN NaN NaN NaN NaN NaN NaN NaN NaN NaN NaN NaN NaN NaN NaN NaN NaN NaN NaN NaN NaN NaN NaN NaN NaN NaN NaN NaN NaN NaN NaN NaN NaN NaN NaN 
NaN NaN NaN NaN NaN NaN NaN NaN NaN NaN NaN NaN NaN NaN NaN NaN NaN NaN NaN NaN NaN NaN NaN NaN NaN NaN NaN NaN NaN NaN NaN NaN NaN NaN NaN NaN NaN NaN NaN NaN 
NaN NaN NaN NaN NaN NaN NaN NaN NaN NaN NaN NaN NaN NaN NaN NaN NaN NaN NaN NaN NaN NaN NaN NaN NaN NaN NaN NaN NaN NaN NaN NaN NaN NaN NaN NaN NaN NaN NaN NaN 
NaN NaN NaN NaN NaN NaN NaN NaN NaN NaN NaN NaN NaN NaN NaN NaN NaN NaN NaN NaN NaN NaN NaN NaN NaN NaN NaN NaN NaN NaN NaN NaN NaN NaN NaN NaN NaN NaN NaN NaN 
NaN NaN NaN NaN NaN NaN NaN NaN NaN NaN NaN NaN NaN NaN NaN NaN NaN NaN NaN NaN NaN NaN NaN NaN NaN NaN NaN NaN NaN NaN NaN NaN NaN NaN NaN NaN NaN NaN NaN NaN 
NaN NaN NaN NaN NaN NaN NaN NaN NaN NaN NaN NaN NaN NaN NaN NaN NaN NaN NaN NaN NaN NaN NaN NaN NaN NaN NaN NaN NaN NaN NaN NaN NaN NaN NaN NaN NaN NaN NaN NaN 
NaN NaN NaN NaN NaN NaN NaN NaN NaN NaN NaN NaN NaN NaN NaN NaN NaN NaN NaN NaN NaN NaN NaN NaN NaN NaN NaN NaN NaN NaN NaN NaN NaN NaN NaN NaN NaN NaN NaN NaN 
NaN NaN NaN NaN NaN NaN NaN NaN NaN NaN NaN NaN NaN NaN NaN NaN NaN NaN NaN NaN NaN NaN NaN NaN NaN NaN NaN NaN NaN NaN NaN NaN NaN NaN NaN NaN NaN NaN NaN NaN 
NaN NaN NaN NaN NaN NaN NaN NaN NaN NaN NaN NaN NaN NaN NaN NaN NaN NaN NaN NaN NaN NaN NaN NaN NaN NaN NaN NaN NaN NaN NaN NaN NaN NaN NaN NaN NaN NaN NaN NaN 
NaN NaN NaN NaN NaN NaN NaN NaN NaN NaN NaN NaN NaN NaN NaN NaN NaN NaN NaN NaN NaN NaN NaN NaN NaN NaN NaN NaN NaN NaN NaN NaN NaN NaN NaN NaN NaN NaN NaN NaN 
NaN NaN NaN NaN NaN NaN NaN NaN NaN NaN NaN NaN NaN NaN NaN NaN NaN NaN NaN NaN NaN NaN NaN NaN NaN NaN NaN NaN NaN NaN NaN NaN NaN NaN NaN NaN NaN NaN NaN NaN 
NaN NaN NaN NaN NaN NaN NaN NaN NaN NaN NaN NaN NaN NaN NaN NaN NaN NaN NaN NaN NaN NaN NaN NaN NaN NaN NaN NaN NaN NaN NaN NaN NaN NaN NaN NaN NaN NaN NaN NaN 
NaN NaN NaN NaN NaN NaN NaN NaN NaN NaN NaN NaN NaN NaN NaN NaN NaN NaN NaN NaN NaN NaN NaN NaN NaN NaN NaN NaN NaN NaN NaN NaN NaN NaN NaN NaN NaN NaN NaN NaN 
NaN NaN NaN NaN NaN NaN NaN NaN NaN NaN NaN NaN NaN NaN NaN NaN NaN NaN NaN NaN NaN NaN NaN NaN NaN NaN NaN NaN NaN NaN NaN NaN NaN NaN NaN NaN NaN NaN NaN NaN 
-100.015472 -100.081271 -100.190780 -100.375477 -100.626003 -100.977022 -101.405811 -101.955127 -102.680784 -103.533009 -104.537337 -105.701945 -106.895442 -107.978827 -108.706072 -108.912198 -108.704809 -108.320968 -107.925649 -107.534231 -107.062263 -106.478076 -105.943036 -105.764913 -106.367561 -108.351670 -112.705123 -116.453973 -111.867449 -109.161883 -110.575332 -118.382738 -113.774039 -108.181505 -109.612023 -117.698829 -110.083233 -108.533221 -113.500119 -111.496614 
-65.038538 -69.426624 -73.220266 -79.904290 -86.803064 -82.949259 -79.508884 -84.004193 -81.581872 -76.396241 -75.569734 -83.545298 -87.227465 -76.592296 -75.654111 -77.244496 -75.058620 -74.544342 -79.314742 -84.129493 -78.319273 -75.305076 -79.056458 -75.912590 -79.325199 -80.220034 -77.980850 -78.668481 -79.526845 -82.632148 -86.443718 -81.958991 -80.915166 -85.119333 -81.197110 -86.654470 -84.606798 -82.818454 -81.687732 -84.571930 
-64.174228 -77.453537 -74.333863 -78.753850 -78.369618 -75.983356 -77.417251 -76.436904 -81.472982 -77.252645 -73.269790 -78.748631 -82.077705 -72.195695 -73.483298 -76.802862 -74.448551 -74.305899 -72.984154 -77.391603 -78.223936 -73.313569 -77.671552 -75.240511 -76.574617 -76.696303 -75.089757 -72.948813 -75.766124 -76.268542 -75.202407 -72.594344 -75.441842 -76.524487 -76.428049 -77.895909 -78.445821 -78.171560 -74.108093 -74.669074 
-63.160434 -76.146282 -81.815381 -83.768191 -79.869945 -80.523685 -80.806550 -81.128516 -73.071072 -76.947274 -78.106762 -76.679068 -76.718962 -81.146925 -75.158278 -78.993064 -77.079948 -81.969446 -80.774644 -77.853054 -78.181045 -79.654323 -78.256748 -76.021710 -76.709738 -75.138599 -79.311968 -80.886799 -77.914779 -79.139759 -80.882675 -74.785586 -78.468951 -77.611703 -77.460792 -76.136928 -76.683653 -75.220262 -73.325261 -76.814801 
-63.279677 -76.961289 -74.528814 -83.031753 -80.058064 -80.362302 -76.315741 -75.978329 -78.426036 -75.614802 -81.193329 -69.622860 -74.039946 -81.736751 -78.009657 -77.058570 -77.509289 -76.822121 -77.670714 -73.694031 -73.115195 -73.430482 -77.750877 -77.386984 -74.994939 -79.081437 -77.762529 -75.687680 -73.595090 -70.635877 -73.286802 -74.489400 -76.293362 -77.374117 -75.868741 -76.253511 -75.236279 -72.656586 -74.251093 -77.848907 
-61.943385 -66.480213 -66.493521 -66.745459 -67.302694 -69.904840 -71.344565 -65.793053 -71.832969 -74.984496 -72.814853 -75.075114 -72.713033 -74.771921 -74.583924 -73.042063 -75.360310 -75.381333 -76.939864 -74.855150 -74.941499 -77.100239 -77.049626 -74.952096 -75.338991 -77.271829 -73.490269 -72.651268 -72.381109 -73.522249 -72.645398 -73.832140 -73.473510 -74.513581 -76.039428 -74.583955 -73.819664 -74.462289 -75.711510 -79.729585 
-30.329354 -35.069310 -39.856082 -42.607301 -48.098199 -46.509418 -46.460328 -49.757123 -55.612879 -58.949133 -60.642895 -64.032748 -62.502322 -59.558786 -57.975047 -56.349734 -62.588769 -66.810836 -61.760135 -65.345039 -64.359832 -62.265021 -62.595516 -69.851272 -67.252709 -70.058523 -66.569647 -67.395664 -70.742072 -70.415481 -67.947361 -69.413526 -67.432034 -70.381650 -71.490459 -70.544628 -72.309071 -72.591368 -75.409755 -74.854432 
-20.501326 -31.502909 -42.698192 -37.507377 -40.932895 -45.563902 -49.774979 -53.892345 -53.091952 -57.271998 -57.184843 -63.919534 -65.248258 -61.121075 -61.354226 -59.249036 -62.954584 -57.142472 -57.943517 -65.677232 -66.155416 -63.908746 -63.831271 -63.345367 -66.657505 -66.998859 -69.473130 -67.086935 -70.051006 -67.450685 -68.394461 -65.800165 -68.870614 -66.947691 -69.675380 -70.583112 -69.903762 -71.147562 -74.399389 -75.961018 
-21.906799 -31.459185 -33.708892 -38.088530 -38.496680 -45.426372 -50.227819 -56.329679 -56.077329 -62.733976 -60.048756 -57.629139 -58.919745 -56.729583 -63.192220 -60.663405 -59.265223 -56.652053 -56.711529 -62.985799 -65.565829 -62.261291 -59.045756 -62.113953 -66.327156 -68.984419 -71.958314 -65.302360 -65.824512 -68.331799 -65.170280 -64.103866 -70.331678 -71.958835 -70.781940 -67.467809 -69.848429 -70.670273 -73.086562 -74.108729 
-23.507523 -32.443042 -28.999567 -33.817351 -40.200937 -45.386637 -49.120291 -49.883205 -55.476092 -59.477150 -56.819316 -52.970871 -52.128389 -47.603351 -54.357531 -59.749398 -53.438440 -54.753944 -56.337210 -62.379107 -59.345755 -58.306572 -51.943469 -56.511150 -67.463576 -72.024504 -72.227225 -68.584512 -68.553245 -67.075582 -62.322315 -64.114245 -67.165106 -68.688801 -68.203636 -67.183547 -69.150667 -69.416146 -71.869914 -73.921251 
-21.342410 -14.774367 -13.236542 -24.744866 -33.392127 -36.307454 -41.114841 -43.881124 -45.209892 -49.374943 -48.893130 -53.918359 -50.358771 -41.813665 -47.088366 -55.071496 -55.350075 -53.872119 -56.490011 -55.360248 -61.381056 -60.344046 -50.967458 -54.684217 -62.462737 -63.257436 -66.128663 -66.030398 -65.621343 -64.326619 -60.300891 -63.260995 -66.907419 -66.557807 -66.271763 -64.498734 -63.797850 -68.009728 -70.153731 -71.166066 
-13.438739 -0.484633 2.137774 -5.069920 -13.820124 -16.966596 -22.673220 -26.384470 -35.429862 -40.065980 -40.855783 -47.013852 -43.569929 -40.676461 -48.061355 -47.476703 -46.899092 -45.902992 -45.552390 -50.164966 -53.065217 -54.624078 -46.617010 -49.674017 -55.082239 -59.043273 -60.099012 -57.507830 -56.466413 -57.280996 -58.694653 -60.654561 -61.996672 -61.314576 -62.972120 -64.295888 -63.281677 -64.865039 -65.022567 -66.166777 
-6.869906 3.280656 4.477942 -1.065231 -10.831810 -13.374936 -18.843169 -20.647303 -32.439767 -37.579493 -33.792151 -38.146776 -41.417726 -41.678545 -38.657563 -35.776098 -36.944201 -41.639067 -41.866822 -46.465579 -47.035560 -45.922329 -43.298395 -42.889987 -50.827652 -55.178189 -57.824423 -50.466017 -51.119688 -57.121444 -55.230927 -56.775278 -54.760175 -58.181397 -62.439489 -61.467203 -62.317174 -62.795294 -63.603423 -66.124724 
-9.772764 0.111700 -2.672932 -5.673119 -18.483216 -20.344320 -25.732867 -27.539229 -34.914647 -41.501230 -37.494513 -40.972187 -41.894486 -45.382139 -46.294759 -41.542162 -43.440897 -46.372757 -46.509670 -46.393201 -47.586917 -48.393832 -48.776980 -46.683403 -47.079468 -48.670319 -51.887479 -52.830849 -52.996523 -50.092444 -51.441702 -51.926631 -53.542454 -53.719728 -53.388176 -53.403569 -54.978163 -55.583493 -55.580308 -56.950277 
-13.593874 -2.129919 -6.688349 -10.547272 -18.355170 -20.364320 -27.304350 -28.442757 -39.899744 -41.481183 -43.343495 -42.408280 -44.756227 -38.762111 -45.759646 -47.382736 -44.237947 -45.599143 -45.668284 -49.297969 -46.858638 -46.482755 -47.499353 -47.577288 -48.591474 -48.071796 -48.417907 -50.501634 -48.652631 -44.016809 -46.518402 -49.130115 -48.631421 -49.529787 -51.285624 -52.342060 -54.789921 -53.457725 -54.226800 -58.550432 
-16.026787 -3.029335 -5.884974 -14.101206 -20.442464 -24.089113 -28.724058 -31.398792 -37.879098 -37.520680 -34.906703 -31.415920 -25.515895 -31.647512 -33.730517 -30.637752 -32.445395 -37.552229 -35.475630 -37.676375 -38.863807 -40.957600 -37.413348 -44.210718 -45.213916 -40.752726 -42.595863 -42.076705 -41.083677 -41.126270 -45.411723 -46.267987 -44.876128 -46.027871 -44.728576 -42.918127 -46.322017 -45.205968 -43.792850 -49.208207 
-13.581005 -3.217914 -0.265935 -10.367403 -26.765348 -22.124901 -25.508164 -28.248812 -33.780218 -35.479007 -30.854403 -24.814994 -21.619559 -28.192150 -28.546866 -24.004086 -31.191677 -28.664424 -27.434747 -28.761918 -30.678857 -28.831339 -33.296750 -35.036555 -32.326054 -30.364767 -33.400729 -31.075024 -30.243974 -32.582393 -36.847080 -39.717552 -36.754735 -44.056307 -35.647807 -32.293441 -41.308629 -36.623447 -40.031899 -45.220033 
-3.334851 6.161216 7.811601 1.766876 3.419003 0.735597 -3.616331 -3.459103 -6.036744 -13.159386 -15.761513 -17.749581 -20.643419 -19.137168 -19.783473 -20.500214 -18.877237 -15.289869 -16.654592 -20.813713 -21.948897 -23.752944 -24.313903 -18.949506 -22.658878 -27.368668 -27.246868 -28.133895 -24.575807 -32.818905 -33.609229 -34.383803 -36.206500 -40.098229 -34.673737 -30.467803 -39.679987 -39.358393 -41.224114 -43.833088 
-6.380442 6.714023 11.359425 4.305983 10.523269 7.819598 7.892677 10.716336 7.238171 -0.038735 -4.008189 -7.455232 -7.977136 -8.657002 -11.538211 -10.400222 -8.242606 -3.666877 0.200437 -4.749193 -9.402130 -13.050282 -14.021663 -4.422052 -4.648689 -11.652890 -13.725315 -9.015025 -8.212622 -19.275094 -24.356581 -32.352509 -42.485397 -48.443811 -46.733259 -46.311110 -51.143421 -53.204163 -50.858607 -40.777899 
-10.690389 5.833562 12.442094 4.724500 11.134327 11.080303 10.458458 16.373890 7.482967 9.028465 2.021659 -0.647491 -6.620938 -5.457905 -6.595660 -5.986322 -6.078075 -2.003248 5.299146 5.391883 -0.608133 -5.580934 -5.704930 1.099541 2.148759 -7.619619 -8.504728 -3.707615 -4.663493 -16.455764 -21.210729 -21.900090 -29.013320 -40.225115 -40.608591 -40.918309 -41.223353 -41.502388 -41.235513 -35.072701 
-22.045426 3.614520 13.312787 6.819533 9.001895 13.090914 8.504312 17.942011 9.328073 13.294692 5.307633 4.658818 -2.636791 -5.660689 -7.222750 -4.659766 -3.136701 -1.505608 3.588119 7.695812 4.312468 -1.639612 -0.351066 3.377924 5.826497 -3.218012 -3.917556 2.004115 1.646418 -9.880566 -19.405516 -18.378477 -25.842571 -50.379071 -51.566403 -52.146180 -52.464688 -52.431452 -48.094127 -39.031231 
-17.038467 1.924607 13.478860 9.404511 5.661292 14.236080 7.357094 17.540534 12.434061 10.981240 7.103447 3.376308 -1.914404 -1.100102 -6.098849 -6.006350 -3.591355 -4.687131 -1.007728 7.165291 8.196604 4.121306 1.658365 5.038241 7.289456 0.178265 -1.477277 2.824111 2.665262 -7.220020 -17.544851 -15.619235 -22.471657 -33.427144 -34.179075 -34.887099 -35.028416 -35.045400 -35.904202 -34.869222 
-22.688189 -1.733582 12.284673 10.753314 0.289008 13.109960 8.885141 15.936263 19.102560 7.086626 7.743812 -0.189895 1.477392 -0.535318 -4.397753 -5.581502 -2.622806 -3.382338 -2.234113 4.670776 9.246331 7.947988 3.750773 5.847648 7.998301 1.946459 1.295288 3.952716 3.147865 -3.720826 -15.317751 -15.846312 -26.418196 -41.208917 -47.074408 -50.950885 -39.128015 -33.720257 -44.124253 -39.708089 
-25.803604 -7.451434 10.853314 11.670494 -3.557523 11.648114 12.110944 12.393542 21.804048 7.313371 4.433884 -1.734032 3.209766 -3.136611 -2.044749 -5.850150 -4.820219 -3.838901 -4.473006 1.694514 10.296665 9.018486 4.152555 6.743736 10.107189 4.066532 2.932848 5.601383 6.925962 -2.053807 -12.892752 -12.787803 -21.317860 -40.115145 -45.312839 -48.221194 -35.731529 -28.991179 -42.462545 -37.665744 
-22.413453 -9.408298 9.573840 12.566278 -2.132596 11.376320 15.006959 7.460331 20.753745 10.714304 -6.298516 -7.566243 -2.828216 -4.065031 -2.205770 -4.067046 -2.977125 -4.146809 -5.873767 0.108655 9.651980 13.018537 5.195994 7.400056 10.044328 6.120537 1.698736 6.488889 6.343139 -2.853008 -11.231266 -16.481859 -25.195353 -34.760959 -39.071502 -40.080631 -35.915662 -30.996825 -38.192487 -29.866431 
-19.842058 -11.357224 8.389421 12.395297 -2.789700 10.209945 16.187514 3.176083 16.555370 10.936834 -4.555673 -3.428090 -7.301112 -5.620315 -7.157074 -9.514702 -6.447518 -8.767301 -8.044627 -2.329649 4.908994 10.471800 1.542256 4.995943 7.507718 2.381963 0.588226 3.836751 3.982881 -4.979357 -9.828737 -13.872867 -24.957808 -36.284319 -46.524650 -54.132452 -38.045335 -30.643764 -43.428029 -32.031664 
-22.069836 -12.855432 7.821939 12.234514 -0.918369 10.422040 16.957094 2.783892 13.403488 10.247470 -5.219440 -2.974801 -9.260252 -6.961498 -8.112652 -10.152919 -8.105399 -10.713590 -9.029005 -4.737300 0.865699 8.317536 3.797854 6.330486 5.827595 3.720718 2.346777 4.878411 4.419205 -3.165262 -8.846783 -16.635667 -25.226828 -40.685809 -44.423435 -48.040893 -44.062314 -32.230036 -42.081729 -35.968720 
-20.301943 -12.177045 8.443417 12.336245 -1.380526 11.954396 17.192802 2.549801 12.398552 7.324143 -3.442203 -3.766187 -7.655289 -7.924436 -7.182892 -10.802881 -9.255147 -9.089237 -9.073394 -7.599536 0.113151 7.479234 7.907612 4.286690 5.561513 6.515969 1.599065 2.944562 3.201157 -4.430300 -11.974928 -19.463149 -26.694339 -33.825268 -35.360163 -36.167300 -35.947924 -33.161256 -36.197861 -34.179858 
-30.341386 -7.683443 9.569024 11.475803 -2.743025 14.344489 15.846044 2.519993 12.289624 1.986554 -3.239322 -7.837886 -6.341435 -10.748631 -6.570820 -10.745206 -11.356147 -9.915587 -9.833305 -7.974726 -2.138905 7.605764 8.247722 3.436747 7.041757 4.871843 1.214151 3.513433 2.371173 -2.204109 -15.540964 -23.910653 -34.828106 -42.210466 -52.736020 -60.804323 -45.014132 -39.531250 -50.383311 -36.475808 
-22.242424 -5.258725 10.026866 9.464245 -0.114136 15.462041 12.491980 6.027440 12.322832 -3.215153 -4.116312 -9.417998 -6.779256 -9.624806 -8.868245 -8.961344 -13.342605 -13.851851 -12.167147 -12.559264 -1.806998 8.466303 9.536293 5.147014 6.187581 4.018124 0.689810 3.208681 2.593552 -3.108114 -13.560751 -26.981721 -32.980439 -33.243008 -34.239156 -34.773721 -34.658005 -34.896218 -35.556186 -34.031781 
-33.141745 -2.521612 10.226069 6.613825 4.805053 15.829452 8.170179 12.231950 10.608317 -2.869653 -5.795632 -7.336897 -10.835315 -9.698922 -12.481048 -12.535535 -13.153156 -14.596621 -14.041330 -6.230592 -7.091533 3.578297 8.402886 4.491406 5.670949 4.379013 -0.568217 0.349635 1.908874 -5.268379 -12.686712 -33.506840 -45.750853 -44.139768 -48.802010 -49.690506 -43.108365 -43.142361 -48.153870 -44.263657 
-21.437710 -0.307302 10.192104 4.709814 8.321820 15.536269 6.554503 14.198943 6.523926 -1.745301 -7.987827 -7.144922 -13.094223 -14.338054 -13.053430 -15.088703 -16.674312 -15.484278 -15.789917 -12.962925 -11.925621 -0.298604 7.173771 6.444467 4.196666 1.978357 0.034350 0.507389 0.909197 -6.075204 -14.321426 -32.804344 -44.434714 -43.349587 -45.014453 -45.177957 -42.745310 -42.738575 -44.130051 -43.029306 
-16.469064 -0.565319 9.890281 4.174476 9.919074 15.455242 5.033893 12.023320 1.727179 -6.132898 -11.831356 -8.558913 -14.487819 -16.267748 -16.064916 -18.417489 -19.715889 -17.715146 -17.916388 -17.895323 -11.268852 -1.948638 5.384872 5.255063 2.589219 1.052297 -1.925421 -1.717476 -1.234022 -6.043993 -12.428472 -32.431205 -46.613121 -45.143109 -45.912782 -46.448663 -41.600605 -42.600673 -44.170999 -38.858422 
-13.031302 2.488677 9.089390 1.615377 11.906404 12.315222 9.590554 10.673023 -2.214839 -10.496673 -13.044553 -15.777371 -20.532601 -19.126164 -19.878231 -19.687063 -22.096184 -24.923636 -21.122434 -16.491042 -13.360200 -7.622759 3.140679 4.846189 0.801284 -4.369566 -6.946512 -5.478461 -2.623356 -7.498457 -15.598508 -32.278687 -41.454569 -40.622073 -42.165973 -42.883363 -40.110846 -43.486356 -42.161290 -36.870334 
-11.655813 4.059685 7.333761 3.086546 9.816550 5.206640 9.188244 0.941168 -8.355433 -13.005149 -15.713828 -21.578765 -23.545888 -24.322360 -24.289220 -24.102120 -23.643490 -23.679638 -20.583764 -20.351423 -17.309516 -14.055996 -2.817586 4.026056 1.799764 -4.426902 -10.945006 -9.857815 -4.825404 -9.812807 -18.476270 -31.445073 -35.454696 -36.535355 -37.536767 -38.150204 -38.148307 -38.487368 -37.836639 -34.933769 
-11.080780 4.751183 5.735282 4.659353 7.536098 4.556307 7.962604 -3.640592 -11.361200 -15.946181 -22.253654 -26.563375 -24.528993 -25.030607 -28.723844 -26.869071 -24.757642 -27.901480 -26.704800 -27.839920 -23.758851 -19.168100 -5.910905 1.646993 1.235328 -7.833545 -16.883382 -13.848419 -8.130536 -15.397416 -25.208647 -34.929893 -38.040860 -44.665927 -50.547787 -58.223351 -53.051984 -53.897301 -50.138980 -38.696631 
-9.939973 5.038068 5.099657 4.910433 7.023597 5.042435 5.034750 -5.643419 -11.566286 -15.587218 -21.812320 -22.415680 -23.839875 -29.401679 -29.411425 -27.346232 -30.581592 -27.884241 -28.973969 -26.220477 -23.122677 -23.100079 -9.246241 -0.094319 -0.522242 -10.030955 -11.935412 -13.549806 -10.153587 -19.291053 -36.685452 -34.945339 -38.457565 -42.453711 -50.895919 -57.808412 -60.513520 -55.201408 -49.198952 -37.238149 
-10.471251 5.103712 4.502731 5.594784 6.496505 3.910912 2.935672 -6.073483 -14.757251 -17.720292 -23.665713 -22.457955 -24.145124 -30.502679 -27.308079 -28.759112 -30.618513 -30.342097 -32.171803 -28.479334 -22.659432 -18.774715 -7.585984 -0.300572 -2.575723 -16.259015 -18.099930 -15.722028 -14.217912 -19.976103 -38.683004 -35.586842 -33.347909 -39.393196 -45.549544 -54.932399 -58.388419 -50.114577 -46.941032 -35.557854 
-7.102414 5.843293 4.303148 5.168841 6.274559 3.650689 1.214568 -5.652002 -14.202383 -18.294437 -20.932126 -21.132807 -24.255339 -27.060054 -26.394986 -28.474975 -28.092617 -28.086638 -30.278978 -24.233237 -20.824131 -15.354122 -7.475848 -2.906341 -7.781160 -18.231738 -21.489266 -20.105482 -17.755866 -22.148201 -35.725029 -37.727042 -36.596289 -42.465788 -47.972833 -50.538727 -52.528758 -44.565102 -42.034320 -36.467390 
-8.468457 5.781327 4.511210 5.213410 5.656399 2.112247 -0.663509 -5.911253 -14.918959 -20.381429 -20.721215 -21.177943 -24.744899 -27.244153 -28.697845 -34.339866 -30.484088 -29.598406 -30.094395 -26.544670 -22.195807 -14.643739 -8.747315 -4.986787 -10.506803 -20.069829 -24.555172 -23.299891 -18.816324 -26.101285 -36.970192 -39.824877 -36.812990 -41.103727 -46.355381 -46.455223 -46.635567 -46.445936 -43.761766 -33.776999 
-8.695957 5.965727 4.562105 4.229835 4.229565 0.469745 -3.347365 -6.884904 -16.272079 -23.802172 -20.753568 -25.552190 -27.721620 -29.915623 -29.434845 -32.371755 -31.820357 -29.865301 -31.836453 -26.755855 -22.379761 -16.811058 -18.592683 -12.424446 -16.782725 -27.219170 -34.582004 -31.287551 -28.698621 -34.321175 -41.721269 -43.935862 -40.166296 -38.453728 -43.426781 -46.467099 -45.837066 -46.100714 -42.811803 -31.420153 
-8.373213 6.130508 4.588923 1.879828 1.191208 -0.587466 -3.826627 -7.812203 -19.717730 -23.167959 -23.340736 -29.992061 -28.941305 -30.788159 -32.141733 -33.052546 -37.073787 -34.031921 -33.338754 -27.042031 -20.034913 -19.882272 -23.668235 -20.141776 -23.433945 -29.610932 -34.765006 -41.118057 -37.729416 -35.015549 -45.088105 -44.247889 -43.632389 -37.866820 -37.492968 -45.830638 -46.974000 -46.732158 -40.583956 -33.352272 
-8.212353 6.019605 4.143378 -3.069018 -4.363796 -1.135985 -5.276773 -15.947169 -19.477828 -23.051474 -28.977815 -24.438151 -30.928844 -34.705351 -35.401156 -32.450675 -36.425983 -35.133875 -31.628047 -26.732561 -20.278404 -26.869218 -28.815648 -21.653025 -28.472546 -30.980265 -36.737345 -39.114556 -34.259974 -36.830776 -45.034289 -42.228280 -44.073025 -38.168539 -42.403411 -48.612235 -48.439576 -46.029477 -40.012318 -35.060425 
-5.456979 4.280700 1.713802 -13.376569 -9.515251 -3.819388 -9.695186 -24.565883 -23.687436 -23.521153 -27.856936 -27.316313 -28.785160 -30.273557 -33.849899 -34.878271 -37.339309 -31.659565 -34.393869 -26.265507 -17.971656 -24.623917 -36.334714 -26.335602 -24.363789 -31.325612 -37.487843 -38.828296 -31.104198 -33.245549 -38.036352 -35.746771 -36.792160 -32.271082 -36.261358 -42.283120 -38.567963 -39.226030 -37.934251 -36.329592 
-15.086634 -1.875631 -4.134488 -9.935070 -13.169716 -15.325980 -16.584577 -23.348062 -29.936001 -30.706783 -29.874411 -35.804143 -35.401723 -35.202574 -38.066094 -45.011999 -40.386038 -32.989132 -31.864401 -19.548910 -20.524855 -27.835780 -32.198010 -27.451997 -24.481096 -27.774876 -42.584675 -38.653805 -28.927273 -30.489421 -32.151106 -26.574384 -26.587715 -27.663744 -29.416572 -32.863820 -33.602510 -33.109909 -31.941983 -31.110315 
-13.561150 -7.495726 -8.445072 -11.489860 -23.173904 -33.962549 -31.487656 -23.777057 -31.369001 -34.517992 -31.098414 -34.343068 -35.270438 -33.744667 -34.851465 -42.338741 -38.982990 -35.706407 -33.715948 -18.816784 -21.235866 -29.050772 -30.069642 -30.189056 -22.519729 -31.794141 -42.284041 -42.227492 -34.922556 -28.781412 -28.482787 -27.395977 -26.542329 -24.426563 -27.656604 -26.041041 -26.125724 -25.796142 -26.743832 -25.949961 
-19.290366 -15.929080 -19.580222 -20.928317 -32.831806 -31.457744 -29.892599 -24.496941 -26.313244 -33.684403 -33.065820 -32.009693 -33.477298 -33.149099 -28.597553 -35.166946 -42.401501 -45.602496 -42.966123 -20.619906 -21.294673 -27.383129 -32.254105 -35.991646 -27.153973 -33.057113 -38.960950 -36.420696 -38.371233 -33.145931 -28.108998 -25.058221 -25.456752 -23.776872 -24.425767 -22.649256 -22.522579 -22.444123 -19.551494 -19.987192 
-22.242180 -20.709241 -25.509418 -27.431457 -32.083353 -33.998779 -38.035969 -27.645307 -31.546850 -37.045425 -35.718820 -28.578753 -30.181493 -29.171879 -31.560263 -31.289689 -38.967685 -53.766196 -40.686587 -25.451445 -24.823913 -28.759152 -30.520226 -35.462855 -31.244386 -33.067455 -34.911233 -37.739571 -34.263944 -31.140761 -29.974369 -27.059285 -28.619249 -23.672771 -26.141226 -21.798554 -21.773224 -22.274699 -19.264970 -20.679619 
-25.977558 -31.528734 -35.446118 -41.030237 -33.794075 -35.339116 -35.972507 -31.284235 -37.771091 -36.749852 -36.342588 -32.164679 -33.809811 -28.870453 -30.398565 -35.858921 -40.034969 -49.287028 -39.935685 -27.720579 -33.132266 -39.502020 -35.414560 -36.021754 -33.341232 -35.426421 -38.575687 -36.375971 -32.409254 -28.357933 -26.978232 -25.455561 -32.583535 -23.939526 -25.455601 -23.544848 -21.431851 -23.048779 -18.417278 -16.313674 
-33.476443 -42.038317 -48.738363 -43.329849 -34.708167 -32.300732 -37.505555 -44.439404 -46.384986 -39.344740 -42.839610 -43.226613 -39.961829 -37.605370 -34.346551 -34.930441 -36.209689 -43.860768 -46.261031 -37.197101 -36.366676 -34.611867 -36.356922 -34.787870 -31.891743 -34.072829 -45.135476 -41.999732 -32.975320 -29.969891 -32.580935 -30.531827 -30.182073 -21.541945 -27.025312 -21.989871 -21.625223 -22.112832 -19.330327 -15.988376 
-41.776170 -34.606199 -41.527709 -52.140315 -48.886184 -47.383537 -41.688400 -42.538695 -44.456499 -43.027890 -40.693518 -38.998605 -37.466270 -35.306118 -43.015451 -37.105572 -37.209267 -46.630705 -45.124673 -33.312163 -36.117664 -35.083611 -38.981869 -39.196080 -32.296448 -37.030939 -41.687506 -40.319148 -37.244934 -31.661124 -33.653006 -32.884015 -26.700934 -29.604072 -30.727626 -20.118925 -21.895826 -21.689056 -23.473489 -16.797696 
-25.789112 -32.701905 -38.522028 -48.266399 -47.618187 -38.055284 -34.474242 -36.479066 -43.138698 -43.717185 -42.171620 -44.924693 -38.241339 -34.447052 -35.530274 -34.869079 -41.612090 -45.490348 -40.183310 -33.680719 -38.619188 -36.629462 -38.195134 -41.402044 -34.189366 -39.989898 -42.949143 -41.544659 -38.291238 -32.580704 -31.667039 -32.400991 -23.920568 -23.958593 -31.952366 -23.308717 -23.104403 -24.401109 -22.586526 -17.989062 
-22.752962 -27.572520 -33.457115 -53.045333 -55.653444 -43.424136 -37.249467 -39.241721 -47.297030 -45.461174 -42.852978 -42.616468 -39.780176 -35.886002 -32.555696 -38.533202 -35.380625 -40.611499 -38.700963 -36.842367 -37.676116 -39.352363 -40.731472 -42.283373 -39.409622 -40.209582 -44.427088 -46.201047 -36.189666 -29.761268 -34.202046 -27.444222 -29.351558 -28.401994 -30.828626 -22.094784 -21.746784 -22.512570 -22.672604 -18.064085 
-19.787380 -29.225885 -36.800308 -56.836875 -55.063398 -43.228105 -40.590989 -44.101536 -45.035935 -46.752148 -45.456917 -38.090475 -35.459045 -33.951455 -36.373186 -37.219771 -38.800651 -41.812245 -39.185758 -37.543142 -36.757448 -44.863577 -41.818656 -42.263482 -33.413050 -37.071482 -44.890492 -46.959871 -35.300599 -29.812005 -34.755730 -29.559272 -27.882731 -27.149617 -27.701137 -23.584774 -25.704712 -22.032575 -21.972410 -21.358130 
-23.756880 -43.228569 -43.080957 -52.251899 -49.233267 -43.501503 -40.646988 -42.473996 -42.879825 -40.770272 -43.161047 -37.911040 -37.222060 -33.276278 -34.921247 -38.010801 -41.809034 -48.834672 -41.221323 -34.386182 -42.214779 -41.010584 -40.309825 -46.716649 -34.262232 -40.238169 -45.689955 -43.776301 -35.258658 -30.826684 -35.145132 -30.507050 -25.122033 -28.906485 -30.741769 -19.756467 -20.126002 -21.823022 -22.226048 -19.835841 
-22.082300 -40.035046 -43.734443 -46.854472 -51.582480 -44.760789 -37.205328 -35.083326 -39.858649 -39.534966 -45.217861 -35.168117 -33.053995 -34.141627 -36.874550 -38.271655 -40.600547 -44.527101 -40.703704 -35.706641 -43.065620 -39.229693 -43.003814 -39.780433 -37.274511 -40.225990 -44.376374 -45.325857 -34.114777 -30.582411 -33.291168 -30.729829 -26.498160 -24.285374 -27.319956 -21.757919 -19.053532 -22.459538 -27.035378 -23.702771 
-17.474375 -30.244007 -38.330404 -45.104833 -52.074268 -40.850719 -34.214919 -34.297615 -42.085323 -45.490508 -43.712031 -34.937635 -33.728351 -40.478575 -36.403717 -35.609739 -46.673080 -46.023744 -40.696542 -37.680345 -41.032287 -37.035324 -42.833082 -42.529033 -35.320006 -41.199577 -42.654341 -43.495161 -33.512193 -31.638021 -34.229890 -27.601285 -23.635119 -22.230310 -28.317519 -22.139941 -20.136203 -23.598804 -32.390122 -28.837039 
-22.096569 -33.266608 -36.591294 -39.555321 -45.485703 -40.311747 -39.293818 -33.179495 -34.275631 -36.771787 -38.905901 -36.452213 -47.095909 -42.553629 -40.339538 -36.175006 -40.156913 -48.671397 -40.707837 -37.078748 -40.202249 -41.387151 -45.600919 -43.444118 -36.460703 -42.084921 -41.693443 -40.588299 -33.796439 -29.752550 -34.968631 -30.719643 -26.458085 -26.338739 -27.602272 -25.007078 -22.104843 -25.705160 -30.427453 -30.305862 
-30.029652 -21.265760 -21.453623 -23.347346 -28.648164 -33.771359 -34.773641 -31.638059 -30.298811 -36.246799 -39.802282 -35.528872 -35.369108 -40.941149 -42.760209 -47.118547 -47.728918 -53.543301 -44.515908 -40.725746 -42.132833 -45.941481 -42.888332 -44.020386 -35.668558 -42.181176 -41.860603 -37.034800 -32.559954 -29.643693 -31.105763 -26.944996 -27.095623 -22.940971 -27.577547 -25.590812 -24.881604 -26.937409 -37.318906 -36.261904 
-17.719469 -15.771927 -15.388320 -17.453861 -26.263816 -35.217668 -29.843472 -27.071826 -28.498169 -34.684492 -37.170589 -35.572381 -30.993463 -37.567278 -45.630271 -53.267150 -54.582721 -60.881647 -43.092217 -38.797536 -46.509677 -44.738336 -44.524964 -47.131150 -39.228649 -42.576962 -42.623792 -41.244227 -33.264069 -30.031023 -32.603485 -31.613379 -26.215846 -23.148821 -30.945769 -28.467264 -32.708186 -40.014346 -44.675953 -43.270795 
-23.544721 -43.834733 -41.726340 -34.523940 -38.828931 -50.900087 -45.836859 -41.383099 -40.170467 -41.850155 -47.601513 -41.366438 -40.248302 -43.803777 -49.043891 -50.614213 -50.063450 -54.103170 -42.797917 -40.183133 -46.462692 -49.671758 -44.612741 -48.566870 -40.755187 -44.979889 -46.827738 -40.439368 -33.594764 -33.357254 -37.036746 -33.781425 -30.377734 -31.543042 -37.493727 -33.419347 -39.921320 -44.058012 -48.680804 -47.584718 
-27.366157 -31.201042 -34.231878 -44.173010 -49.404775 -44.712639 -45.008498 -41.850170 -49.107490 -50.619871 -46.283679 -38.848303 -43.287380 -45.177176 -46.211216 -51.876947 -53.852546 -52.111033 -47.128201 -42.593739 -47.019598 -52.192044 -55.236095 -51.743867 -44.187700 -50.471353 -51.074839 -45.183530 -37.967351 -39.951929 -43.138012 -38.073475 -40.180180 -41.841869 -44.778067 -44.817673 -45.833591 -48.793849 -52.513332 -50.917075 
-31.269326 -34.032549 -40.942239 -48.905118 -47.410923 -49.736906 -52.150973 -43.030943 -43.326227 -55.397021 -59.671110 -48.388317 -48.285866 -53.963397 -58.328469 -58.425743 -56.507308 -56.550333 -51.243868 -49.807719 -54.252018 -64.391304 -59.950159 -58.877033 -49.940416 -54.358744 -58.928110 -54.113568 -49.184934 -50.730814 -52.777318 -49.632628 -50.318774 -50.589917 -54.982833 -53.398845 -55.263536 -56.750424 -64.364379 -63.760618 
-42.393018 -41.196883 -39.293456 -49.649644 -50.398228 -50.925024 -58.688135 -46.675180 -47.594358 -57.716948 -59.970626 -50.531978 -47.909107 -50.017903 -57.853922 -56.733845 -60.017026 -59.424374 -54.437133 -52.730815 -60.350685 -65.725605 -64.220220 -62.201459 -62.073963 -65.342513 -65.982897 -61.882633 -59.562236 -58.728323 -55.321496 -54.627389 -58.506651 -57.663002 -57.137038 -58.930490 -60.698579 -67.117692 -75.050072 -73.630053 
-31.886101 -36.899653 -39.226082 -53.498672 -53.653795 -54.848229 -60.485661 -57.560541 -62.041604 -58.512684 -63.202495 -56.269237 -53.470750 -57.524598 -64.812581 -67.540534 -64.055730 -61.615030 -60.411864 -63.018035 -64.667805 -65.576031 -62.932898 -65.195431 -66.816216 -69.788032 -70.510402 -67.017336 -61.721962 -62.470936 -62.421696 -60.774909 -62.745501 -65.076385 -67.481859 -69.376087 -68.262252 -71.245498 -72.669161 -69.977670 
-26.404870 -39.485791 -39.508494 -45.165739 -46.827685 -47.696216 -48.004295 -47.335822 -53.820206 -59.413735 -54.805275 -56.811930 -53.258200 -51.699891 -57.226729 -63.262711 -62.778327 -60.597531 -61.316539 -60.366219 -64.956974 -66.118020 -65.277282 -63.302114 -69.929136 -69.029335 -66.903485 -67.393571 -68.330523 -63.763772 -62.639754 -64.518474 -68.036693 -69.692808 -68.626442 -70.949721 -71.106838 -72.829041 -72.830404 -71.634789 
-30.331635 -34.790018 -37.378448 -41.461137 -49.489506 -48.700738 -44.449824 -44.793932 -49.256234 -54.164534 -56.847041 -59.116834 -52.307711 -51.522296 -56.725342 -61.363508 -59.718573 -58.582024 -61.851840 -57.704806 -59.666070 -60.055140 -63.667388 -66.154220 -65.294614 -65.772200 -62.556050 -63.291665 -66.234710 -63.307031 -62.045533 -63.971882 -69.145857 -68.478782 -67.534150 -69.662264 -71.016709 -76.559589 -75.626408 -72.857068 
-62.107067 -69.887395 -64.377774 -69.412201 -69.943522 -66.620903 -66.441351 -69.452858 -65.620796 -67.313487 -69.649318 -70.626870 -73.062724 -70.178176 -70.368221 -66.960561 -71.474663 -75.393680 -72.833949 -71.173943 -73.364968 -73.822295 -73.575885 -72.904383 -72.406851 -72.230723 -72.041881 -70.918334 -73.238963 -71.570536 -75.695007 -72.601568 -74.330249 -75.342221 -74.799454 -71.894833 -72.743399 -78.458638 -78.472143 -77.844055 
-64.713697 -67.125570 -65.086964 -65.765392 -67.369193 -68.743896 -73.793737 -70.527649 -68.716813 -72.500532 -73.144969 -72.715779 -74.538253 -66.703042 -70.661986 -70.591107 -69.993161 -76.511688 -77.645052 -71.775191 -76.517497 -78.394895 -74.193860 -78.636155 -77.417197 -73.968410 -77.566175 -75.691474 -75.702513 -76.801031 -77.159540 -73.032131 -76.688741 -78.619802 -74.975053 -71.918115 -74.452334 -76.345098 -77.339910 -76.708787 
-64.234934 -74.147666 -69.314810 -71.801052 -81.507295 -81.538274 -77.198422 -69.849530 -67.876565 -70.420804 -74.380613 -72.382412 -75.959411 -70.958361 -72.157905 -76.115524 -74.086505 -72.142215 -71.835304 -76.138736 -75.844121 -72.810524 -71.371121 -81.188379 -76.134298 -75.181134 -75.377747 -78.503334 -79.934963 -75.421282 -75.620637 -77.608113 -76.354466 -74.364655 -72.606277 -76.378104 -74.920827 -74.919697 -76.947203 -76.920376 
-68.048122 -76.713333 -82.721336 -76.134577 -74.866298 -69.029567 -70.834798 -73.598905 -71.005217 -69.473764 -73.245569 -72.521696 -72.114617 -77.167688 -72.334318 -71.766797 -72.432713 -74.475000 -72.516911 -74.095151 -74.970210 -72.717814 -76.710797 -78.953845 -75.787085 -74.812751 -73.779628 -77.656488 -76.899144 -73.558690 -72.854914 -73.676354 -76.425713 -75.236802 -75.946002 -75.007540 -73.042939 -78.745247 -76.013490 -74.809235 
-62.832979 -78.007285 -77.919208 -75.760055 -74.231830 -73.417060 -75.387058 -81.903283 -75.830283 -72.996127 -74.447597 -75.822572 -75.475327 -77.040249 -71.478732 -71.388715 -74.082593 -73.816263 -77.670554 -77.470192 -76.864495 -75.640752 -73.674275 -74.834758 -77.113657 -75.702083 -73.998527 -73.981390 -73.977592 -74.430671 -77.233205 -75.981803 -73.591303 -76.808466 -75.541128 -76.210951 -79.217788 -74.678513 -76.296912 -80.063114 
-64.520439 -83.118523 -79.831677 -84.065748 -79.917515 -69.991223 -74.231396 -77.776262 -78.960990 -75.756654 -75.508298 -75.575288 -73.714269 -72.861730 -73.553418 -75.486373 -74.425035 -77.100643 -79.773734 -83.893403 -79.752052 -75.559600 -72.652186 -75.475165 -76.812367 -75.799503 -76.805943 -75.910167 -75.030264 -75.177060 -77.287458 -78.314247 -77.568558 -77.545217 -77.006017 -79.223643 -80.589187 -76.838711 -76.366642 -78.429463 
-63.315080 -74.402816 -77.294432 -74.930429 -79.161685 -75.228149 -75.650178 -78.538651 -79.187867 -75.823042 -72.981619 -77.210392 -78.028164 -77.635617 -72.134428 -77.581049 -73.700335 -77.647400 -78.065689 -77.761300 -79.878352 -77.137755 -78.251338 -77.176899 -76.894975 -73.395629 -77.838084 -82.728383 -78.338704 -78.561054 -77.856821 -75.117169 -78.065682 -79.232800 -79.830407 -77.523080 -76.202347 -75.541816 -76.513127 -78.640574 
-65.125325 -77.079770 -74.811944 -71.317807 -75.216995 -72.299868 -75.002755 -78.352386 -73.576079 -74.783725 -77.126602 -77.993633 -77.588782 -79.038126 -76.698102 -86.472262 -86.182340 -80.188453 -77.834209 -75.629236 -74.519242 -78.622195 -79.063708 -79.098297 -76.630307 -76.857806 -78.059040 -75.710090 -76.005996 -79.882904 -76.864865 -76.284413 -79.073202 -79.451183 -80.765416 -76.780271 -78.999538 -77.501275 -76.580095 -77.757353 
-64.710022 -70.096565 -76.368473 -75.920975 -73.578267 -78.217200 -82.039934 -79.451144 -81.009775 -80.746933 -81.843304 -80.455545 -81.592665 -75.494422 -74.699422 -79.616012 -86.339624 -85.702670 -81.385416 -87.190998 -75.578990 -74.731245 -77.329838 -79.984987 -79.473908 -82.075454 -79.176123 -76.718018 -82.973439 -85.820529 -82.922027 -77.628154 -78.674810 -76.202651 -79.727939 -80.490496 -78.112858 -77.019395 -79.179315 -79.795843 
-93.222700 -93.435069 -93.794245 -94.416610 -95.298302 -96.612485 -98.363655 -100.872969 -104.469524 -106.878164 -104.738328 -101.497882 -99.388062 -98.361600 -98.365283 -99.493896 -102.087870 -106.161168 -106.993376 -102.783072 -99.392369 -97.469844 -97.047359 -98.601422 -102.036627 -101.547845 -99.210692 -101.213916 -109.151484 -114.117509 -107.914062 -99.387404 -98.082787 -96.948539 -98.824880 -100.242763 -98.214284 -96.533669 -100.185950 -100.905503 
NaN NaN NaN NaN NaN NaN NaN NaN NaN NaN NaN NaN NaN NaN NaN NaN NaN NaN NaN NaN NaN NaN NaN NaN NaN NaN NaN NaN NaN NaN NaN NaN NaN NaN NaN NaN NaN NaN NaN NaN 
NaN NaN NaN NaN NaN NaN NaN NaN NaN NaN NaN NaN NaN NaN NaN NaN NaN NaN NaN NaN NaN NaN NaN NaN NaN NaN NaN NaN NaN NaN NaN NaN NaN NaN NaN NaN NaN NaN NaN NaN 
NaN NaN NaN NaN NaN NaN NaN NaN NaN NaN NaN NaN NaN NaN NaN NaN NaN NaN NaN NaN NaN NaN NaN NaN NaN NaN NaN NaN NaN NaN NaN NaN NaN NaN NaN NaN NaN NaN NaN NaN 
NaN NaN NaN NaN NaN NaN NaN NaN NaN NaN NaN NaN NaN NaN NaN NaN NaN NaN NaN NaN NaN NaN NaN NaN NaN NaN NaN NaN NaN NaN NaN NaN NaN NaN NaN NaN NaN NaN NaN NaN 
NaN NaN NaN NaN NaN NaN NaN NaN NaN NaN NaN NaN NaN NaN NaN NaN NaN NaN NaN NaN NaN NaN NaN NaN NaN NaN NaN NaN NaN NaN NaN NaN NaN NaN NaN NaN NaN NaN NaN NaN 
NaN NaN NaN NaN NaN NaN NaN NaN NaN NaN NaN NaN NaN NaN NaN NaN NaN NaN NaN NaN NaN NaN NaN NaN NaN NaN NaN NaN NaN NaN NaN NaN NaN NaN NaN NaN NaN NaN NaN NaN 
NaN NaN NaN NaN NaN NaN NaN NaN NaN NaN NaN NaN NaN NaN NaN NaN NaN NaN NaN NaN NaN NaN NaN NaN NaN NaN NaN NaN NaN NaN NaN NaN NaN NaN NaN NaN NaN NaN NaN NaN 
NaN NaN NaN NaN NaN NaN NaN NaN NaN NaN NaN NaN NaN NaN NaN NaN NaN NaN NaN NaN NaN NaN NaN NaN NaN NaN NaN NaN NaN NaN NaN NaN NaN NaN NaN NaN NaN NaN NaN NaN 
NaN NaN NaN NaN NaN NaN NaN NaN NaN NaN NaN NaN NaN NaN NaN NaN NaN NaN NaN NaN NaN NaN NaN NaN NaN NaN NaN NaN NaN NaN NaN NaN NaN NaN NaN NaN NaN NaN NaN NaN 
NaN NaN NaN NaN NaN NaN NaN NaN NaN NaN NaN NaN NaN NaN NaN NaN NaN NaN NaN NaN NaN NaN NaN NaN NaN NaN NaN NaN NaN NaN NaN NaN NaN NaN NaN NaN NaN NaN NaN NaN 
NaN NaN NaN NaN NaN NaN NaN NaN NaN NaN NaN NaN NaN NaN NaN NaN NaN NaN NaN NaN NaN NaN NaN NaN NaN NaN NaN NaN NaN NaN NaN NaN NaN NaN NaN NaN NaN NaN NaN NaN 
NaN NaN NaN NaN NaN NaN NaN NaN NaN NaN NaN NaN NaN NaN NaN NaN NaN NaN NaN NaN NaN NaN NaN NaN NaN NaN NaN NaN NaN NaN NaN NaN NaN NaN NaN NaN NaN NaN NaN NaN 
NaN NaN NaN NaN NaN NaN NaN NaN NaN NaN NaN NaN NaN NaN NaN NaN NaN NaN NaN NaN NaN NaN NaN NaN NaN NaN NaN NaN NaN NaN NaN NaN NaN NaN NaN NaN NaN NaN NaN NaN 
NaN NaN NaN NaN NaN NaN NaN NaN NaN NaN NaN NaN NaN NaN NaN NaN NaN NaN NaN NaN NaN NaN NaN NaN NaN NaN NaN NaN NaN NaN NaN NaN NaN NaN NaN NaN NaN NaN NaN NaN 
NaN NaN NaN NaN NaN NaN NaN NaN NaN NaN NaN NaN NaN NaN NaN NaN NaN NaN NaN NaN NaN NaN NaN NaN NaN NaN NaN NaN NaN NaN NaN NaN NaN NaN NaN NaN NaN NaN NaN NaN 
NaN NaN NaN NaN NaN NaN NaN NaN NaN NaN NaN NaN NaN NaN NaN NaN NaN NaN NaN NaN NaN NaN NaN NaN NaN NaN NaN NaN NaN NaN NaN NaN NaN NaN NaN NaN NaN NaN NaN NaN 
NaN NaN NaN NaN NaN NaN NaN NaN NaN NaN NaN NaN NaN NaN NaN NaN NaN NaN NaN NaN NaN NaN NaN NaN NaN NaN NaN NaN NaN NaN NaN NaN NaN NaN NaN NaN NaN NaN NaN NaN 
NaN NaN NaN NaN NaN NaN NaN NaN NaN NaN NaN NaN NaN NaN NaN NaN NaN NaN NaN NaN NaN NaN NaN NaN NaN NaN NaN NaN NaN NaN NaN NaN NaN NaN NaN NaN NaN NaN NaN NaN 
NaN NaN NaN NaN NaN NaN NaN NaN NaN NaN NaN NaN NaN NaN NaN NaN NaN NaN NaN NaN NaN NaN NaN NaN NaN NaN NaN NaN NaN NaN NaN NaN NaN NaN NaN NaN NaN NaN NaN NaN 
NaN NaN NaN NaN NaN NaN NaN NaN NaN NaN NaN NaN NaN NaN NaN NaN NaN NaN NaN NaN NaN NaN NaN NaN NaN NaN NaN NaN NaN NaN NaN NaN NaN NaN NaN NaN NaN NaN NaN NaN 
NaN NaN NaN NaN NaN NaN NaN NaN NaN NaN NaN NaN NaN NaN NaN NaN NaN NaN NaN NaN NaN NaN NaN NaN NaN NaN NaN NaN NaN NaN NaN NaN NaN NaN NaN NaN NaN NaN NaN NaN 
NaN NaN NaN NaN NaN NaN NaN NaN NaN NaN NaN NaN NaN NaN NaN NaN NaN NaN NaN NaN NaN NaN NaN NaN NaN NaN NaN NaN NaN NaN NaN NaN NaN NaN NaN NaN NaN NaN NaN NaN 
NaN NaN NaN NaN NaN NaN NaN NaN NaN NaN NaN NaN NaN NaN NaN NaN NaN NaN NaN NaN NaN NaN NaN NaN NaN NaN NaN NaN NaN NaN NaN NaN NaN NaN NaN NaN NaN NaN NaN NaN 
NaN NaN NaN NaN NaN NaN NaN NaN NaN NaN NaN NaN NaN NaN NaN NaN NaN NaN NaN NaN NaN NaN NaN NaN NaN NaN NaN NaN NaN NaN NaN NaN NaN NaN NaN NaN NaN NaN NaN NaN 
NaN NaN NaN NaN NaN NaN NaN NaN NaN NaN NaN NaN NaN NaN NaN NaN NaN NaN NaN NaN NaN NaN NaN NaN NaN NaN NaN NaN NaN NaN NaN NaN NaN NaN NaN NaN NaN NaN NaN NaN 
NaN NaN NaN NaN NaN NaN NaN NaN NaN NaN NaN NaN NaN NaN NaN NaN NaN NaN NaN NaN NaN NaN NaN NaN NaN NaN NaN NaN NaN NaN NaN NaN NaN NaN NaN NaN NaN NaN NaN NaN 
NaN NaN NaN NaN NaN NaN NaN NaN NaN NaN NaN NaN NaN NaN NaN NaN NaN NaN NaN NaN NaN NaN NaN NaN NaN NaN NaN NaN NaN NaN NaN NaN NaN NaN NaN NaN NaN NaN NaN NaN 
NaN NaN NaN NaN NaN NaN NaN NaN NaN NaN NaN NaN NaN NaN NaN NaN NaN NaN NaN NaN NaN NaN NaN NaN NaN NaN NaN NaN NaN NaN NaN NaN NaN NaN NaN NaN NaN NaN NaN NaN 
NaN NaN NaN NaN NaN NaN NaN NaN NaN NaN NaN NaN NaN NaN NaN NaN NaN NaN NaN NaN NaN NaN NaN NaN NaN NaN NaN NaN NaN NaN NaN NaN NaN NaN NaN NaN NaN NaN NaN NaN 
NaN NaN NaN NaN NaN NaN NaN NaN NaN NaN NaN NaN NaN NaN NaN NaN NaN NaN NaN NaN NaN NaN NaN NaN NaN NaN NaN NaN NaN NaN NaN NaN NaN NaN NaN NaN NaN NaN NaN NaN 
NaN NaN NaN NaN NaN NaN NaN NaN NaN NaN NaN NaN NaN NaN NaN NaN NaN NaN NaN NaN NaN NaN NaN NaN NaN NaN NaN NaN NaN NaN NaN NaN NaN NaN NaN NaN NaN NaN NaN NaN 
NaN NaN NaN NaN NaN NaN NaN NaN NaN NaN NaN NaN NaN NaN NaN NaN NaN NaN NaN NaN NaN NaN NaN NaN NaN NaN NaN NaN NaN NaN NaN NaN NaN NaN NaN NaN NaN NaN NaN NaN 
NaN NaN NaN NaN NaN NaN NaN NaN NaN NaN NaN NaN NaN NaN NaN NaN NaN NaN NaN NaN NaN NaN NaN NaN NaN NaN NaN NaN NaN NaN NaN NaN NaN NaN NaN NaN NaN NaN NaN NaN 
NaN NaN NaN NaN NaN NaN NaN NaN NaN NaN NaN NaN NaN NaN NaN NaN NaN NaN NaN NaN NaN NaN NaN NaN NaN NaN NaN NaN NaN NaN NaN NaN NaN NaN NaN NaN NaN NaN NaN NaN 
NaN NaN NaN NaN NaN NaN NaN NaN NaN NaN NaN NaN NaN NaN NaN NaN NaN NaN NaN NaN NaN NaN NaN NaN NaN NaN NaN NaN NaN NaN NaN NaN NaN NaN NaN NaN NaN NaN NaN NaN 
NaN NaN NaN NaN NaN NaN NaN NaN NaN NaN NaN NaN NaN NaN NaN NaN NaN NaN NaN NaN NaN NaN NaN NaN NaN NaN NaN NaN NaN NaN NaN NaN NaN NaN NaN NaN NaN NaN NaN NaN 
NaN NaN NaN NaN NaN NaN NaN NaN NaN NaN NaN NaN NaN NaN NaN NaN NaN NaN NaN NaN NaN NaN NaN NaN NaN NaN NaN NaN NaN NaN NaN NaN NaN NaN NaN NaN NaN NaN NaN NaN 
NaN NaN NaN NaN NaN NaN NaN NaN NaN NaN NaN NaN NaN NaN NaN NaN NaN NaN NaN NaN NaN NaN NaN NaN NaN NaN NaN NaN NaN NaN NaN NaN NaN NaN NaN NaN NaN NaN NaN NaN 
NaN NaN NaN NaN NaN NaN NaN NaN NaN NaN NaN NaN NaN NaN NaN NaN NaN NaN NaN NaN NaN NaN NaN NaN NaN NaN NaN NaN NaN NaN NaN NaN NaN NaN NaN NaN NaN NaN NaN NaN 
NaN NaN NaN NaN NaN NaN NaN NaN NaN NaN NaN NaN NaN NaN NaN NaN NaN NaN NaN NaN NaN NaN NaN NaN NaN NaN NaN NaN NaN NaN NaN NaN NaN NaN NaN NaN NaN NaN NaN NaN 
NaN NaN NaN NaN NaN NaN NaN NaN NaN NaN NaN NaN NaN NaN NaN NaN NaN NaN NaN NaN NaN NaN NaN NaN NaN NaN NaN NaN NaN NaN NaN NaN NaN NaN NaN NaN NaN NaN NaN NaN 
NaN NaN NaN NaN NaN NaN NaN NaN NaN NaN NaN NaN NaN NaN NaN NaN NaN NaN NaN NaN NaN NaN NaN NaN NaN NaN NaN NaN NaN NaN NaN NaN NaN NaN NaN NaN NaN NaN NaN NaN 
NaN NaN NaN NaN NaN NaN NaN NaN NaN NaN NaN NaN NaN NaN NaN NaN NaN NaN NaN NaN NaN NaN NaN NaN NaN NaN NaN NaN NaN NaN NaN NaN NaN NaN NaN NaN NaN NaN NaN NaN 
NaN NaN NaN NaN NaN NaN NaN NaN NaN NaN NaN NaN NaN NaN NaN NaN NaN NaN NaN NaN NaN NaN NaN NaN NaN NaN NaN NaN NaN NaN NaN NaN NaN NaN NaN NaN NaN NaN NaN NaN 
NaN NaN NaN NaN NaN NaN NaN NaN NaN NaN NaN NaN NaN NaN NaN NaN NaN NaN NaN NaN NaN NaN NaN NaN NaN NaN NaN NaN NaN NaN NaN NaN NaN NaN NaN NaN NaN NaN NaN NaN 
NaN NaN NaN NaN NaN NaN NaN NaN NaN NaN NaN NaN NaN NaN NaN NaN NaN NaN NaN NaN NaN NaN NaN NaN NaN NaN NaN NaN NaN NaN NaN NaN NaN NaN NaN NaN NaN NaN NaN NaN 
NaN NaN NaN NaN NaN NaN NaN NaN NaN NaN NaN NaN NaN NaN NaN NaN NaN NaN NaN NaN NaN NaN NaN NaN NaN NaN NaN NaN NaN NaN NaN NaN NaN NaN NaN NaN NaN NaN NaN NaN 
NaN NaN NaN NaN NaN NaN NaN NaN NaN NaN NaN NaN NaN NaN NaN NaN NaN NaN NaN NaN NaN NaN NaN NaN NaN NaN NaN NaN NaN NaN NaN NaN NaN NaN NaN NaN NaN NaN NaN NaN 
NaN NaN NaN NaN NaN NaN NaN NaN NaN NaN NaN NaN NaN NaN NaN NaN NaN NaN NaN NaN NaN NaN NaN NaN NaN NaN NaN NaN NaN NaN NaN NaN NaN NaN NaN NaN NaN NaN NaN NaN 
NaN NaN NaN NaN NaN NaN NaN NaN NaN NaN NaN NaN NaN NaN NaN NaN NaN NaN NaN NaN NaN NaN NaN NaN NaN NaN NaN NaN NaN NaN NaN NaN NaN NaN NaN NaN NaN NaN NaN NaN 
NaN NaN NaN NaN NaN NaN NaN NaN NaN NaN NaN NaN NaN NaN NaN NaN NaN NaN NaN NaN NaN NaN NaN NaN NaN NaN NaN NaN NaN NaN NaN NaN NaN NaN NaN NaN NaN NaN NaN NaN 
NaN NaN NaN NaN NaN NaN NaN NaN NaN NaN NaN NaN NaN NaN NaN NaN NaN NaN NaN NaN NaN NaN NaN NaN NaN NaN NaN NaN NaN NaN NaN NaN NaN NaN NaN NaN NaN NaN NaN NaN 
NaN NaN NaN NaN NaN NaN NaN NaN NaN NaN NaN NaN NaN NaN NaN NaN NaN NaN NaN NaN NaN NaN NaN NaN NaN NaN NaN NaN NaN NaN NaN NaN NaN NaN NaN NaN NaN NaN NaN NaN 
NaN NaN NaN NaN NaN NaN NaN NaN NaN NaN NaN NaN NaN NaN NaN NaN NaN NaN NaN NaN NaN NaN NaN NaN NaN NaN NaN NaN NaN NaN NaN NaN NaN NaN NaN NaN NaN NaN NaN NaN 
NaN NaN NaN NaN NaN NaN NaN NaN NaN NaN NaN NaN NaN NaN NaN NaN NaN NaN NaN NaN NaN NaN NaN NaN NaN NaN NaN NaN NaN NaN NaN NaN NaN NaN NaN NaN NaN NaN NaN NaN 
NaN NaN NaN NaN NaN NaN NaN NaN NaN NaN NaN NaN NaN NaN NaN NaN NaN NaN NaN NaN NaN NaN NaN NaN NaN NaN NaN NaN NaN NaN NaN NaN NaN NaN NaN NaN NaN NaN NaN NaN 
NaN NaN NaN NaN NaN NaN NaN NaN NaN NaN NaN NaN NaN NaN NaN NaN NaN NaN NaN NaN NaN NaN NaN NaN NaN NaN NaN NaN NaN NaN NaN NaN NaN NaN NaN NaN NaN NaN NaN NaN 
NaN NaN NaN NaN NaN NaN NaN NaN NaN NaN NaN NaN NaN NaN NaN NaN NaN NaN NaN NaN NaN NaN NaN NaN NaN NaN NaN NaN NaN NaN NaN NaN NaN NaN NaN NaN NaN NaN NaN NaN 
NaN NaN NaN NaN NaN NaN NaN NaN NaN NaN NaN NaN NaN NaN NaN NaN NaN NaN NaN NaN NaN NaN NaN NaN NaN NaN NaN NaN NaN NaN NaN NaN NaN NaN NaN NaN NaN NaN NaN NaN 
NaN NaN NaN NaN NaN NaN NaN NaN NaN NaN NaN NaN NaN NaN NaN NaN NaN NaN NaN NaN NaN NaN NaN NaN NaN NaN NaN NaN NaN NaN NaN NaN NaN NaN NaN NaN NaN NaN NaN NaN 
NaN NaN NaN NaN NaN NaN NaN NaN NaN NaN NaN NaN NaN NaN NaN NaN NaN NaN NaN NaN NaN NaN NaN NaN NaN NaN NaN NaN NaN NaN NaN NaN NaN NaN NaN NaN NaN NaN NaN NaN 
NaN NaN NaN NaN NaN NaN NaN NaN NaN NaN NaN NaN NaN NaN NaN NaN NaN NaN NaN NaN NaN NaN NaN NaN NaN NaN NaN NaN NaN NaN NaN NaN NaN NaN NaN NaN NaN NaN NaN NaN 
NaN NaN NaN NaN NaN NaN NaN NaN NaN NaN NaN NaN NaN NaN NaN NaN NaN NaN NaN NaN NaN NaN NaN NaN NaN NaN NaN NaN NaN NaN NaN NaN NaN NaN NaN NaN NaN NaN NaN NaN 
NaN NaN NaN NaN NaN NaN NaN NaN NaN NaN NaN NaN NaN NaN NaN NaN NaN NaN NaN NaN NaN NaN NaN NaN NaN NaN NaN NaN NaN NaN NaN NaN NaN NaN NaN NaN NaN NaN NaN NaN 
NaN NaN NaN NaN NaN NaN NaN NaN NaN NaN NaN NaN NaN NaN NaN NaN NaN NaN NaN NaN NaN NaN NaN NaN NaN NaN NaN NaN NaN NaN NaN NaN NaN NaN NaN NaN NaN NaN NaN NaN 
NaN NaN NaN NaN NaN NaN NaN NaN NaN NaN NaN NaN NaN NaN NaN NaN NaN NaN NaN NaN NaN NaN NaN NaN NaN NaN NaN NaN NaN NaN NaN NaN NaN NaN NaN NaN NaN NaN NaN NaN 
NaN NaN NaN NaN NaN NaN NaN NaN NaN NaN NaN NaN NaN NaN NaN NaN NaN NaN NaN NaN NaN NaN NaN NaN NaN NaN NaN NaN NaN NaN NaN NaN NaN NaN NaN NaN NaN NaN NaN NaN 
NaN NaN NaN NaN NaN NaN NaN NaN NaN NaN NaN NaN NaN NaN NaN NaN NaN NaN NaN NaN NaN NaN NaN NaN NaN NaN NaN NaN NaN NaN NaN NaN NaN NaN NaN NaN NaN NaN NaN NaN 
NaN NaN NaN NaN NaN NaN NaN NaN NaN NaN NaN NaN NaN NaN NaN NaN NaN NaN NaN NaN NaN NaN NaN NaN NaN NaN NaN NaN NaN NaN NaN NaN NaN NaN NaN NaN NaN NaN NaN NaN 
NaN NaN NaN NaN NaN NaN NaN NaN NaN NaN NaN NaN NaN NaN NaN NaN NaN NaN NaN NaN NaN NaN NaN NaN NaN NaN NaN NaN NaN NaN NaN NaN NaN NaN NaN NaN NaN NaN NaN NaN 
NaN NaN NaN NaN NaN NaN NaN NaN NaN NaN NaN NaN NaN NaN NaN NaN NaN NaN NaN NaN NaN NaN NaN NaN NaN NaN NaN NaN NaN NaN NaN NaN NaN NaN NaN NaN NaN NaN NaN NaN 
NaN NaN NaN NaN NaN NaN NaN NaN NaN NaN NaN NaN NaN NaN NaN NaN NaN NaN NaN NaN NaN NaN NaN NaN NaN NaN NaN NaN NaN NaN NaN NaN NaN NaN NaN NaN NaN NaN NaN NaN 
NaN NaN NaN NaN NaN NaN NaN NaN NaN NaN NaN NaN NaN NaN NaN NaN NaN NaN NaN NaN NaN NaN NaN NaN NaN NaN NaN NaN NaN NaN NaN NaN NaN NaN NaN NaN NaN NaN NaN NaN 
NaN NaN NaN NaN NaN NaN NaN NaN NaN NaN NaN NaN NaN NaN NaN NaN NaN NaN NaN NaN NaN NaN NaN NaN NaN NaN NaN NaN NaN NaN NaN NaN NaN NaN NaN NaN NaN NaN NaN NaN 
NaN NaN NaN NaN NaN NaN NaN NaN NaN NaN NaN NaN NaN NaN NaN NaN NaN NaN NaN NaN NaN NaN NaN NaN NaN NaN NaN NaN NaN NaN NaN NaN NaN NaN NaN NaN NaN NaN NaN NaN 
NaN NaN NaN NaN NaN NaN NaN NaN NaN NaN NaN NaN NaN NaN NaN NaN NaN NaN NaN NaN NaN NaN NaN NaN NaN NaN NaN NaN NaN NaN NaN NaN NaN NaN NaN NaN NaN NaN NaN NaN 
