NaN NaN NaN NaN NaN NaN NaN NaN NaN NaN NaN NaN NaN NaN NaN NaN NaN NaN NaN NaN NaN NaN NaN NaN NaN NaN NaN NaN NaN NaN NaN NaN NaN NaN NaN NaN NaN NaN NaN NaN 
NaN NaN NaN NaN NaN NaN NaN NaN NaN NaN NaN NaN NaN NaN NaN NaN NaN NaN NaN NaN NaN NaN NaN NaN NaN NaN NaN NaN NaN NaN NaN NaN NaN NaN NaN NaN NaN NaN NaN NaN 
NaN NaN NaN NaN NaN NaN NaN NaN NaN NaN NaN NaN NaN NaN NaN NaN NaN NaN NaN NaN NaN NaN NaN NaN NaN NaN NaN NaN NaN NaN NaN NaN NaN NaN NaN NaN NaN NaN NaN NaN 
NaN NaN NaN NaN NaN NaN NaN NaN NaN NaN NaN NaN NaN NaN NaN NaN NaN NaN NaN NaN NaN NaN NaN NaN NaN NaN NaN NaN NaN NaN NaN NaN NaN NaN NaN NaN NaN NaN NaN NaN 
NaN NaN NaN NaN NaN NaN NaN NaN NaN NaN NaN NaN NaN NaN NaN NaN NaN NaN NaN NaN NaN NaN NaN NaN NaN NaN NaN NaN NaN NaN NaN NaN NaN NaN NaN NaN NaN NaN NaN NaN 
NaN NaN NaN NaN NaN NaN NaN NaN NaN NaN NaN NaN NaN NaN NaN NaN NaN NaN NaN NaN NaN NaN NaN NaN NaN NaN NaN NaN NaN NaN NaN NaN NaN NaN NaN NaN NaN NaN NaN NaN 
NaN NaN NaN NaN NaN NaN NaN NaN NaN NaN NaN NaN NaN NaN NaN NaN NaN NaN NaN NaN NaN NaN NaN NaN NaN NaN NaN NaN NaN NaN NaN NaN NaN NaN NaN NaN NaN NaN NaN NaN 
NaN NaN NaN NaN NaN NaN NaN NaN NaN NaN NaN NaN NaN NaN NaN NaN NaN NaN NaN NaN NaN NaN NaN NaN NaN NaN NaN NaN NaN NaN NaN NaN NaN NaN NaN NaN NaN NaN NaN NaN 
NaN NaN NaN NaN NaN NaN NaN NaN NaN NaN NaN NaN NaN NaN NaN NaN NaN NaN NaN NaN NaN NaN NaN NaN NaN NaN NaN NaN NaN NaN NaN NaN NaN NaN NaN NaN NaN NaN NaN NaN 
NaN NaN NaN NaN NaN NaN NaN NaN NaN NaN NaN NaN NaN NaN NaN NaN NaN NaN NaN NaN NaN NaN NaN NaN NaN NaN NaN NaN NaN NaN NaN NaN NaN NaN NaN NaN NaN NaN NaN NaN 
NaN NaN NaN NaN NaN NaN NaN NaN NaN NaN NaN NaN NaN NaN NaN NaN NaN NaN NaN NaN NaN NaN NaN NaN NaN NaN NaN NaN NaN NaN NaN NaN NaN NaN NaN NaN NaN NaN NaN NaN 
NaN NaN NaN NaN NaN NaN NaN NaN NaN NaN NaN NaN NaN NaN NaN NaN NaN NaN NaN NaN NaN NaN NaN NaN NaN NaN NaN NaN NaN NaN NaN NaN NaN NaN NaN NaN NaN NaN NaN NaN 
NaN NaN NaN NaN NaN NaN NaN NaN NaN NaN NaN NaN NaN NaN NaN NaN NaN NaN NaN NaN NaN NaN NaN NaN NaN NaN NaN NaN NaN NaN NaN NaN NaN NaN NaN NaN NaN NaN NaN NaN 
NaN NaN NaN NaN NaN NaN NaN NaN NaN NaN NaN NaN NaN NaN NaN NaN NaN NaN NaN NaN NaN NaN NaN NaN NaN NaN NaN NaN NaN NaN NaN NaN NaN NaN NaN NaN NaN NaN NaN NaN 
NaN NaN NaN NaN NaN NaN NaN NaN NaN NaN NaN NaN NaN NaN NaN NaN NaN NaN NaN NaN NaN NaN NaN NaN NaN NaN NaN NaN NaN NaN NaN NaN NaN NaN NaN NaN NaN NaN NaN NaN 
NaN NaN NaN NaN NaN NaN NaN NaN NaN NaN NaN NaN NaN NaN NaN NaN NaN NaN NaN NaN NaN NaN NaN NaN NaN NaN NaN NaN NaN NaN NaN NaN NaN NaN NaN NaN NaN NaN NaN NaN 
NaN NaN NaN NaN NaN NaN NaN NaN NaN NaN NaN NaN NaN NaN NaN NaN NaN NaN NaN NaN NaN NaN NaN NaN NaN NaN NaN NaN NaN NaN NaN NaN NaN NaN NaN NaN NaN NaN NaN NaN 
NaN NaN NaN NaN NaN NaN NaN NaN NaN NaN NaN NaN NaN NaN NaN NaN NaN NaN NaN NaN NaN NaN NaN NaN NaN NaN NaN NaN NaN NaN NaN NaN NaN NaN NaN NaN NaN NaN NaN NaN 
NaN NaN NaN NaN NaN NaN NaN NaN NaN NaN NaN NaN NaN NaN NaN NaN NaN NaN NaN NaN NaN NaN NaN NaN NaN NaN NaN NaN NaN NaN NaN NaN NaN NaN NaN NaN NaN NaN NaN NaN 
NaN NaN NaN NaN NaN NaN NaN NaN NaN NaN NaN NaN NaN NaN NaN NaN NaN NaN NaN NaN NaN NaN NaN NaN NaN NaN NaN NaN NaN NaN NaN NaN NaN NaN NaN NaN NaN NaN NaN NaN 
NaN NaN NaN NaN NaN NaN NaN NaN NaN NaN NaN NaN NaN NaN NaN NaN NaN NaN NaN NaN NaN NaN NaN NaN NaN NaN NaN NaN NaN NaN NaN NaN NaN NaN NaN NaN NaN NaN NaN NaN 
NaN NaN NaN NaN NaN NaN NaN NaN NaN NaN NaN NaN NaN NaN NaN NaN NaN NaN NaN NaN NaN NaN NaN NaN NaN NaN NaN NaN NaN NaN NaN NaN NaN NaN NaN NaN NaN NaN NaN NaN 
NaN NaN NaN NaN NaN NaN NaN NaN NaN NaN NaN NaN NaN NaN NaN NaN NaN NaN NaN NaN NaN NaN NaN NaN NaN NaN NaN NaN NaN NaN NaN NaN NaN NaN NaN NaN NaN NaN NaN NaN 
NaN NaN NaN NaN NaN NaN NaN NaN NaN NaN NaN NaN NaN NaN NaN NaN NaN NaN NaN NaN NaN NaN NaN NaN NaN NaN NaN NaN NaN NaN NaN NaN NaN NaN NaN NaN NaN NaN NaN NaN 
NaN NaN NaN NaN NaN NaN NaN NaN NaN NaN NaN NaN NaN NaN NaN NaN NaN NaN NaN NaN NaN NaN NaN NaN NaN NaN NaN NaN NaN NaN NaN NaN NaN NaN NaN NaN NaN NaN NaN NaN 
NaN NaN NaN NaN NaN NaN NaN NaN NaN NaN NaN NaN NaN NaN NaN NaN NaN NaN NaN NaN NaN NaN NaN NaN NaN NaN NaN NaN NaN NaN NaN NaN NaN NaN NaN NaN NaN NaN NaN NaN 
NaN NaN NaN NaN NaN NaN NaN NaN NaN NaN NaN NaN NaN NaN NaN NaN NaN NaN NaN NaN NaN NaN NaN NaN NaN NaN NaN NaN NaN NaN NaN NaN NaN NaN NaN NaN NaN NaN NaN NaN 
NaN NaN NaN NaN NaN NaN NaN NaN NaN NaN NaN NaN NaN NaN NaN NaN NaN NaN NaN NaN NaN NaN NaN NaN NaN NaN NaN NaN NaN NaN NaN NaN NaN NaN NaN NaN NaN NaN NaN NaN 
NaN NaN NaN NaN NaN NaN NaN NaN NaN NaN NaN NaN NaN NaN NaN NaN NaN NaN NaN NaN NaN NaN NaN NaN NaN NaN NaN NaN NaN NaN NaN NaN NaN NaN NaN NaN NaN NaN NaN NaN 
NaN NaN NaN NaN NaN NaN NaN NaN NaN NaN NaN NaN NaN NaN NaN NaN NaN NaN NaN NaN NaN NaN NaN NaN NaN NaN NaN NaN NaN NaN NaN NaN NaN NaN NaN NaN NaN NaN NaN NaN 
NaN NaN NaN NaN NaN NaN NaN NaN NaN NaN NaN NaN NaN NaN NaN NaN NaN NaN NaN NaN NaN NaN NaN NaN NaN NaN NaN NaN NaN NaN NaN NaN NaN NaN NaN NaN NaN NaN NaN NaN 
NaN NaN NaN NaN NaN NaN NaN NaN NaN NaN NaN NaN NaN NaN NaN NaN NaN NaN NaN NaN NaN NaN NaN NaN NaN NaN NaN NaN NaN NaN NaN NaN NaN NaN NaN NaN NaN NaN NaN NaN 
NaN NaN NaN NaN NaN NaN NaN NaN NaN NaN NaN NaN NaN NaN NaN NaN NaN NaN NaN NaN NaN NaN NaN NaN NaN NaN NaN NaN NaN NaN NaN NaN NaN NaN NaN NaN NaN NaN NaN NaN 
NaN NaN NaN NaN NaN NaN NaN NaN NaN NaN NaN NaN NaN NaN NaN NaN NaN NaN NaN NaN NaN NaN NaN NaN NaN NaN NaN NaN NaN NaN NaN NaN NaN NaN NaN NaN NaN NaN NaN NaN 
NaN NaN NaN NaN NaN NaN NaN NaN NaN NaN NaN NaN NaN NaN NaN NaN NaN NaN NaN NaN NaN NaN NaN NaN NaN NaN NaN NaN NaN NaN NaN NaN NaN NaN NaN NaN NaN NaN NaN NaN 
NaN NaN NaN NaN NaN NaN NaN NaN NaN NaN NaN NaN NaN NaN NaN NaN NaN NaN NaN NaN NaN NaN NaN NaN NaN NaN NaN NaN NaN NaN NaN NaN NaN NaN NaN NaN NaN NaN NaN NaN 
NaN NaN NaN NaN NaN NaN NaN NaN NaN NaN NaN NaN NaN NaN NaN NaN NaN NaN NaN NaN NaN NaN NaN NaN NaN NaN NaN NaN NaN NaN NaN NaN NaN NaN NaN NaN NaN NaN NaN NaN 
NaN NaN NaN NaN NaN NaN NaN NaN NaN NaN NaN NaN NaN NaN NaN NaN NaN NaN NaN NaN NaN NaN NaN NaN NaN NaN NaN NaN NaN NaN NaN NaN NaN NaN NaN NaN NaN NaN NaN NaN 
NaN NaN NaN NaN NaN NaN NaN NaN NaN NaN NaN NaN NaN NaN NaN NaN NaN NaN NaN NaN NaN NaN NaN NaN NaN NaN NaN NaN NaN NaN NaN NaN NaN NaN NaN NaN NaN NaN NaN NaN 
NaN NaN NaN NaN NaN NaN NaN NaN NaN NaN NaN NaN NaN NaN NaN NaN NaN NaN NaN NaN NaN NaN NaN NaN NaN NaN NaN NaN NaN NaN NaN NaN NaN NaN NaN NaN NaN NaN NaN NaN 
NaN NaN NaN NaN NaN NaN NaN NaN NaN NaN NaN NaN NaN NaN NaN NaN NaN NaN NaN NaN NaN NaN NaN NaN NaN NaN NaN NaN NaN NaN NaN NaN NaN NaN NaN NaN NaN NaN NaN NaN 
NaN NaN NaN NaN NaN NaN NaN NaN NaN NaN NaN NaN NaN NaN NaN NaN NaN NaN NaN NaN NaN NaN NaN NaN NaN NaN NaN NaN NaN NaN NaN NaN NaN NaN NaN NaN NaN NaN NaN NaN 
NaN NaN NaN NaN NaN NaN NaN NaN NaN NaN NaN NaN NaN NaN NaN NaN NaN NaN NaN NaN NaN NaN NaN NaN NaN NaN NaN NaN NaN NaN NaN NaN NaN NaN NaN NaN NaN NaN NaN NaN 
NaN NaN NaN NaN NaN NaN NaN NaN NaN NaN NaN NaN NaN NaN NaN NaN NaN NaN NaN NaN NaN NaN NaN NaN NaN NaN NaN NaN NaN NaN NaN NaN NaN NaN NaN NaN NaN NaN NaN NaN 
NaN NaN NaN NaN NaN NaN NaN NaN NaN NaN NaN NaN NaN NaN NaN NaN NaN NaN NaN NaN NaN NaN NaN NaN NaN NaN NaN NaN NaN NaN NaN NaN NaN NaN NaN NaN NaN NaN NaN NaN 
NaN NaN NaN NaN NaN NaN NaN NaN NaN NaN NaN NaN NaN NaN NaN NaN NaN NaN NaN NaN NaN NaN NaN NaN NaN NaN NaN NaN NaN NaN NaN NaN NaN NaN NaN NaN NaN NaN NaN NaN 
NaN NaN NaN NaN NaN NaN NaN NaN NaN NaN NaN NaN NaN NaN NaN NaN NaN NaN NaN NaN NaN NaN NaN NaN NaN NaN NaN NaN NaN NaN NaN NaN NaN NaN NaN NaN NaN NaN NaN NaN 
NaN NaN NaN NaN NaN NaN NaN NaN NaN NaN NaN NaN NaN NaN NaN NaN NaN NaN NaN NaN NaN NaN NaN NaN NaN NaN NaN NaN NaN NaN NaN NaN NaN NaN NaN NaN NaN NaN NaN NaN 
NaN NaN NaN NaN NaN NaN NaN NaN NaN NaN NaN NaN NaN NaN NaN NaN NaN NaN NaN NaN NaN NaN NaN NaN NaN NaN NaN NaN NaN NaN NaN NaN NaN NaN NaN NaN NaN NaN NaN NaN 
NaN NaN NaN NaN NaN NaN NaN NaN NaN NaN NaN NaN NaN NaN NaN NaN NaN NaN NaN NaN NaN NaN NaN NaN NaN NaN NaN NaN NaN NaN NaN NaN NaN NaN NaN NaN NaN NaN NaN NaN 
NaN NaN NaN NaN NaN NaN NaN NaN NaN NaN NaN NaN NaN NaN NaN NaN NaN NaN NaN NaN NaN NaN NaN NaN NaN NaN NaN NaN NaN NaN NaN NaN NaN NaN NaN NaN NaN NaN NaN NaN 
NaN NaN NaN NaN NaN NaN NaN NaN NaN NaN NaN NaN NaN NaN NaN NaN NaN NaN NaN NaN NaN NaN NaN NaN NaN NaN NaN NaN NaN NaN NaN NaN NaN NaN NaN NaN NaN NaN NaN NaN 
NaN NaN NaN NaN NaN NaN NaN NaN NaN NaN NaN NaN NaN NaN NaN NaN NaN NaN NaN NaN NaN NaN NaN NaN NaN NaN NaN NaN NaN NaN NaN NaN NaN NaN NaN NaN NaN NaN NaN NaN 
NaN NaN NaN NaN NaN NaN NaN NaN NaN NaN NaN NaN NaN NaN NaN NaN NaN NaN NaN NaN NaN NaN NaN NaN NaN NaN NaN NaN NaN NaN NaN NaN NaN NaN NaN NaN NaN NaN NaN NaN 
NaN NaN NaN NaN NaN NaN NaN NaN NaN NaN NaN NaN NaN NaN NaN NaN NaN NaN NaN NaN NaN NaN NaN NaN NaN NaN NaN NaN NaN NaN NaN NaN NaN NaN NaN NaN NaN NaN NaN NaN 
NaN NaN NaN NaN NaN NaN NaN NaN NaN NaN NaN NaN NaN NaN NaN NaN NaN NaN NaN NaN NaN NaN NaN NaN NaN NaN NaN NaN NaN NaN NaN NaN NaN NaN NaN NaN NaN NaN NaN NaN 
NaN NaN NaN NaN NaN NaN NaN NaN NaN NaN NaN NaN NaN NaN NaN NaN NaN NaN NaN NaN NaN NaN NaN NaN NaN NaN NaN NaN NaN NaN NaN NaN NaN NaN NaN NaN NaN NaN NaN NaN 
NaN NaN NaN NaN NaN NaN NaN NaN NaN NaN NaN NaN NaN NaN NaN NaN NaN NaN NaN NaN NaN NaN NaN NaN NaN NaN NaN NaN NaN NaN NaN NaN NaN NaN NaN NaN NaN NaN NaN NaN 
NaN NaN NaN NaN NaN NaN NaN NaN NaN NaN NaN NaN NaN NaN NaN NaN NaN NaN NaN NaN NaN NaN NaN NaN NaN NaN NaN NaN NaN NaN NaN NaN NaN NaN NaN NaN NaN NaN NaN NaN 
NaN NaN NaN NaN NaN NaN NaN NaN NaN NaN NaN NaN NaN NaN NaN NaN NaN NaN NaN NaN NaN NaN NaN NaN NaN NaN NaN NaN NaN NaN NaN NaN NaN NaN NaN NaN NaN NaN NaN NaN 
NaN NaN NaN NaN NaN NaN NaN NaN NaN NaN NaN NaN NaN NaN NaN NaN NaN NaN NaN NaN NaN NaN NaN NaN NaN NaN NaN NaN NaN NaN NaN NaN NaN NaN NaN NaN NaN NaN NaN NaN 
NaN NaN NaN NaN NaN NaN NaN NaN NaN NaN NaN NaN NaN NaN NaN NaN NaN NaN NaN NaN NaN NaN NaN NaN NaN NaN NaN NaN NaN NaN NaN NaN NaN NaN NaN NaN NaN NaN NaN NaN 
NaN NaN NaN NaN NaN NaN NaN NaN NaN NaN NaN NaN NaN NaN NaN NaN NaN NaN NaN NaN NaN NaN NaN NaN NaN NaN NaN NaN NaN NaN NaN NaN NaN NaN NaN NaN NaN NaN NaN NaN 
NaN NaN NaN NaN NaN NaN NaN NaN NaN NaN NaN NaN NaN NaN NaN NaN NaN NaN NaN NaN NaN NaN NaN NaN NaN NaN NaN NaN NaN NaN NaN NaN NaN NaN NaN NaN NaN NaN NaN NaN 
NaN NaN NaN NaN NaN NaN NaN NaN NaN NaN NaN NaN NaN NaN NaN NaN NaN NaN NaN NaN NaN NaN NaN NaN NaN NaN NaN NaN NaN NaN NaN NaN NaN NaN NaN NaN NaN NaN NaN NaN 
NaN NaN NaN NaN NaN NaN NaN NaN NaN NaN NaN NaN NaN NaN NaN NaN NaN NaN NaN NaN NaN NaN NaN NaN NaN NaN NaN NaN NaN NaN NaN NaN NaN NaN NaN NaN NaN NaN NaN NaN 
NaN NaN NaN NaN NaN NaN NaN NaN NaN NaN NaN NaN NaN NaN NaN NaN NaN NaN NaN NaN NaN NaN NaN NaN NaN NaN NaN NaN NaN NaN NaN NaN NaN NaN NaN NaN NaN NaN NaN NaN 
NaN NaN NaN NaN NaN NaN NaN NaN NaN NaN NaN NaN NaN NaN NaN NaN NaN NaN NaN NaN NaN NaN NaN NaN NaN NaN NaN NaN NaN NaN NaN NaN NaN NaN NaN NaN NaN NaN NaN NaN 
NaN NaN NaN NaN NaN NaN NaN NaN NaN NaN NaN NaN NaN NaN NaN NaN NaN NaN NaN NaN NaN NaN NaN NaN NaN NaN NaN NaN NaN NaN NaN NaN NaN NaN NaN NaN NaN NaN NaN NaN 
NaN NaN NaN NaN NaN NaN NaN NaN NaN NaN NaN NaN NaN NaN NaN NaN NaN NaN NaN NaN NaN NaN NaN NaN NaN NaN NaN NaN NaN NaN NaN NaN NaN NaN NaN NaN NaN NaN NaN NaN 
NaN NaN NaN NaN NaN NaN NaN NaN NaN NaN NaN NaN NaN NaN NaN NaN NaN NaN NaN NaN NaN NaN NaN NaN NaN NaN NaN NaN NaN NaN NaN NaN NaN NaN NaN NaN NaN NaN NaN NaN 
NaN NaN NaN NaN NaN NaN NaN NaN NaN NaN NaN NaN NaN NaN NaN NaN NaN NaN NaN NaN NaN NaN NaN NaN NaN NaN NaN NaN NaN NaN NaN NaN NaN NaN NaN NaN NaN NaN NaN NaN 
NaN NaN NaN NaN NaN NaN NaN NaN NaN NaN NaN NaN NaN NaN NaN NaN NaN NaN NaN NaN NaN NaN NaN NaN NaN NaN NaN NaN NaN NaN NaN NaN NaN NaN NaN NaN NaN NaN NaN NaN 
NaN NaN NaN NaN NaN NaN NaN NaN NaN NaN NaN NaN NaN NaN NaN NaN NaN NaN NaN NaN NaN NaN NaN NaN NaN NaN NaN NaN NaN NaN NaN NaN NaN NaN NaN NaN NaN NaN NaN NaN 
NaN NaN NaN NaN NaN NaN NaN NaN NaN NaN NaN NaN NaN NaN NaN NaN NaN NaN NaN NaN NaN NaN NaN NaN NaN NaN NaN NaN NaN NaN NaN NaN NaN NaN NaN NaN NaN NaN NaN NaN 
NaN NaN NaN NaN NaN NaN NaN NaN NaN NaN NaN NaN NaN NaN NaN NaN NaN NaN NaN NaN NaN NaN NaN NaN NaN NaN NaN NaN NaN NaN NaN NaN NaN NaN NaN NaN NaN NaN NaN NaN 
NaN NaN NaN NaN NaN NaN NaN NaN NaN NaN NaN NaN NaN NaN NaN NaN NaN NaN NaN NaN NaN NaN NaN NaN NaN NaN NaN NaN NaN NaN NaN NaN NaN NaN NaN NaN NaN NaN NaN NaN 
NaN NaN NaN NaN NaN NaN NaN NaN NaN NaN NaN NaN NaN NaN NaN NaN NaN NaN NaN NaN NaN NaN NaN NaN NaN NaN NaN NaN NaN NaN NaN NaN NaN NaN NaN NaN NaN NaN NaN NaN 
NaN NaN NaN NaN NaN NaN NaN NaN NaN NaN NaN NaN NaN NaN NaN NaN NaN NaN NaN NaN NaN NaN NaN NaN NaN NaN NaN NaN NaN NaN NaN NaN NaN NaN NaN NaN NaN NaN NaN NaN 
NaN NaN NaN NaN NaN NaN NaN NaN NaN NaN NaN NaN NaN NaN NaN NaN NaN NaN NaN NaN NaN NaN NaN NaN NaN NaN NaN NaN NaN NaN NaN NaN NaN NaN NaN NaN NaN NaN NaN NaN 
NaN NaN NaN NaN NaN NaN NaN NaN NaN NaN NaN NaN NaN NaN NaN NaN NaN NaN NaN NaN NaN NaN NaN NaN NaN NaN NaN NaN NaN NaN NaN NaN NaN NaN NaN NaN NaN NaN NaN NaN 
NaN NaN NaN NaN NaN NaN NaN NaN NaN NaN NaN NaN NaN NaN NaN NaN NaN NaN NaN NaN NaN NaN NaN NaN NaN NaN NaN NaN NaN NaN NaN NaN NaN NaN NaN NaN NaN NaN NaN NaN 
NaN NaN NaN NaN NaN NaN NaN NaN NaN NaN NaN NaN NaN NaN NaN NaN NaN NaN NaN NaN NaN NaN NaN NaN NaN NaN NaN NaN NaN NaN NaN NaN NaN NaN NaN NaN NaN NaN NaN NaN 
NaN NaN NaN NaN NaN NaN NaN NaN NaN NaN NaN NaN NaN NaN NaN NaN NaN NaN NaN NaN NaN NaN NaN NaN NaN NaN NaN NaN NaN NaN NaN NaN NaN NaN NaN NaN NaN NaN NaN NaN 
NaN NaN NaN NaN NaN NaN NaN NaN NaN NaN NaN NaN NaN NaN NaN NaN NaN NaN NaN NaN NaN NaN NaN NaN NaN NaN NaN NaN NaN NaN NaN NaN NaN NaN NaN NaN NaN NaN NaN NaN 
NaN NaN NaN NaN NaN NaN NaN NaN NaN NaN NaN NaN NaN NaN NaN NaN NaN NaN NaN NaN NaN NaN NaN NaN NaN NaN NaN NaN NaN NaN NaN NaN NaN NaN NaN NaN NaN NaN NaN NaN 
NaN NaN NaN NaN NaN NaN NaN NaN NaN NaN NaN NaN NaN NaN NaN NaN NaN NaN NaN NaN NaN NaN NaN NaN NaN NaN NaN NaN NaN NaN NaN NaN NaN NaN NaN NaN NaN NaN NaN NaN 
NaN NaN NaN NaN NaN NaN NaN NaN NaN NaN NaN NaN NaN NaN NaN NaN NaN NaN NaN NaN NaN NaN NaN NaN NaN NaN NaN NaN NaN NaN NaN NaN NaN NaN NaN NaN NaN NaN NaN NaN 
NaN NaN NaN NaN NaN NaN NaN NaN NaN NaN NaN NaN NaN NaN NaN NaN NaN NaN NaN NaN NaN NaN NaN NaN NaN NaN NaN NaN NaN NaN NaN NaN NaN NaN NaN NaN NaN NaN NaN NaN 
NaN NaN NaN NaN NaN NaN NaN NaN NaN NaN NaN NaN NaN NaN NaN NaN NaN NaN NaN NaN NaN NaN NaN NaN NaN NaN NaN NaN NaN NaN NaN NaN NaN NaN NaN NaN NaN NaN NaN NaN 
NaN NaN NaN NaN NaN NaN NaN NaN NaN NaN NaN NaN NaN NaN NaN NaN NaN NaN NaN NaN NaN NaN NaN NaN NaN NaN NaN NaN NaN NaN NaN NaN NaN NaN NaN NaN NaN NaN NaN NaN 
NaN NaN NaN NaN NaN NaN NaN NaN NaN NaN NaN NaN NaN NaN NaN NaN NaN NaN NaN NaN NaN NaN NaN NaN NaN NaN NaN NaN NaN NaN NaN NaN NaN NaN NaN NaN NaN NaN NaN NaN 
-95.518260 -95.602123 -95.741711 -95.977054 -96.296137 -96.741992 -97.283535 -97.968657 -98.847092 -99.811730 -100.791787 -101.594562 -101.900258 -101.575044 -100.807135 -99.944358 -99.222833 -98.813007 -98.796508 -99.230719 -100.178901 -101.716497 -103.896473 -106.942956 -111.301094 -115.654173 -112.791578 -108.610449 -106.713286 -106.916513 -108.561357 -109.286112 -108.732608 -108.889096 -108.193482 -107.625631 -109.746276 -110.064514 -110.429849 -112.377430 
-65.280509 -72.297546 -77.330388 -77.765173 -78.800179 -76.374203 -74.008354 -74.944210 -78.396662 -76.523337 -83.906050 -80.331700 -78.950449 -83.532860 -84.493001 -76.633270 -75.000491 -82.982562 -79.304052 -74.129463 -77.580793 -78.470288 -81.044536 -85.249590 -84.849171 -82.050185 -77.797944 -78.949071 -78.623053 -79.900048 -79.257411 -85.808585 -82.297572 -81.249593 -81.036196 -80.023788 -85.297414 -80.112941 -82.505040 -85.003288 
-62.081447 -79.191016 -85.501285 -83.708950 -83.935096 -78.000462 -75.862579 -71.910080 -78.266909 -73.679161 -74.913393 -75.968843 -81.228476 -76.786418 -77.400843 -77.938072 -75.412035 -76.823642 -76.251034 -76.727315 -75.914871 -76.872765 -78.051737 -79.899510 -78.902253 -79.448603 -77.718958 -78.442274 -74.751156 -75.403570 -74.586463 -75.398642 -79.476464 -77.023615 -76.873967 -77.362185 -79.954611 -77.056482 -74.609852 -76.226416 
-64.939280 -81.023005 -80.263356 -77.414062 -81.209887 -79.276587 -80.454454 -74.600841 -72.499536 -72.577426 -70.541601 -77.530406 -78.488551 -81.500737 -76.173317 -80.381350 -77.826749 -73.851681 -75.200819 -75.190502 -74.727496 -71.581333 -72.488945 -79.153854 -76.406173 -77.351084 -72.166849 -72.479137 -74.729248 -72.578756 -76.883267 -77.530517 -74.621046 -74.762024 -75.781817 -78.796352 -77.488711 -75.611859 -76.129903 -76.750854 
-47.223780 -50.202384 -51.875661 -52.981513 -55.154425 -58.568073 -61.930821 -68.591434 -64.713506 -62.874610 -61.763352 -70.690149 -68.253109 -65.997320 -68.370800 -71.931368 -67.497454 -69.082230 -71.037747 -69.907812 -72.544766 -69.901317 -69.686831 -69.510329 -72.364600 -74.726185 -73.872029 -74.061756 -71.564779 -72.896066 -72.804485 -72.629613 -71.447624 -73.083408 -76.404877 -74.963886 -71.682214 -73.424278 -75.301539 -76.462989 
-18.760391 -25.691351 -34.456697 -39.673989 -43.594715 -49.439681 -59.109047 -53.032486 -49.430666 -51.146510 -58.015441 -54.958462 -51.589220 -56.392121 -60.440688 -62.451006 -62.026104 -61.875928 -62.119026 -62.821763 -67.495304 -67.162261 -65.189866 -67.702936 -65.815313 -64.792639 -68.777327 -66.372358 -63.098460 -67.085280 -67.994819 -70.051092 -68.005076 -69.928269 -67.775283 -72.133002 -70.437650 -69.037686 -69.275681 -68.671310 
-16.886237 -30.319753 -45.309673 -45.867885 -49.251485 -50.755427 -55.312107 -61.768488 -55.926701 -58.702809 -58.872165 -51.855224 -54.270813 -54.829924 -56.789431 -59.707008 -63.848745 -67.740370 -56.803292 -55.407189 -61.273135 -70.192701 -65.194906 -63.465068 -61.547700 -60.952353 -65.608132 -66.625062 -67.811234 -70.510084 -72.827561 -66.791530 -69.780158 -66.907686 -69.125038 -69.228930 -69.124388 -66.326140 -67.631268 -67.383989 
-17.006584 -26.243875 -37.386585 -48.651654 -44.404751 -43.728020 -47.912889 -48.614159 -51.676760 -54.271629 -54.655053 -53.902544 -54.689264 -56.447603 -58.979072 -59.131856 -62.324954 -56.915056 -49.050213 -52.345482 -64.438166 -64.800635 -66.581048 -67.111829 -65.792188 -60.677631 -64.436075 -66.669452 -67.361019 -67.777627 -70.133733 -67.810907 -66.673719 -66.299745 -67.803125 -66.519195 -66.100117 -69.912702 -71.542857 -69.954014 
-17.579853 -34.777557 -35.373193 -46.976963 -46.461701 -45.169083 -47.158093 -47.994378 -53.161733 -58.082205 -57.261936 -59.352922 -50.325262 -57.548457 -60.703117 -62.358135 -62.104827 -57.751664 -53.549334 -52.699442 -62.447471 -68.177864 -64.996946 -68.884204 -65.513323 -62.490241 -65.139577 -71.685661 -69.382610 -63.739952 -67.329625 -68.864409 -69.285832 -69.763159 -68.718376 -70.092974 -69.187446 -68.725807 -71.115883 -69.787987 
-17.974154 -28.621402 -29.045063 -30.890754 -43.618801 -50.528919 -53.717217 -50.136859 -54.124631 -60.676089 -58.242453 -47.921523 -46.247149 -52.805682 -57.298271 -60.976741 -59.529801 -57.658269 -47.128743 -55.372828 -65.196076 -64.504666 -61.854427 -63.418766 -67.038660 -69.421750 -69.601535 -69.918866 -66.976563 -64.984784 -68.438129 -70.126420 -67.637393 -72.534700 -71.505874 -69.480120 -67.953102 -68.868666 -77.379720 -69.472127 
-17.964169 -17.712028 -15.324665 -24.488046 -31.476898 -39.238787 -41.700019 -44.177175 -48.795632 -47.022272 -46.037288 -45.162789 -39.485807 -47.799769 -53.870211 -52.597001 -56.015931 -51.148252 -42.385419 -46.439906 -55.798307 -56.817115 -53.839604 -54.967235 -58.177165 -63.001134 -67.882496 -67.483721 -65.597292 -61.210654 -66.151490 -65.597080 -59.342767 -59.025706 -64.971281 -62.992998 -60.084056 -64.306191 -68.264962 -62.579843 
-17.850369 -7.874626 -8.557892 -17.245527 -30.898698 -36.212690 -43.884679 -37.737943 -40.501227 -48.259629 -40.275033 -35.982742 -38.205778 -41.533869 -47.969039 -45.414789 -57.733026 -55.335775 -42.268270 -42.340206 -57.099828 -48.848826 -45.151520 -55.262368 -56.018039 -63.007285 -64.486052 -65.988266 -51.672469 -49.004972 -53.192200 -52.339637 -43.968436 -37.726578 -40.997243 -42.110696 -49.001807 -48.943819 -58.328821 -51.103016 
-12.769564 -1.476362 -3.851462 -12.938451 -17.308816 -31.911242 -38.115551 -36.617084 -33.848754 -37.438588 -37.601148 -39.084672 -39.709756 -40.227002 -48.330626 -48.868898 -53.715756 -45.125448 -36.815692 -39.266008 -45.220907 -46.681258 -45.992525 -49.002166 -48.791559 -62.383976 -50.183445 -57.889531 -41.607380 -38.650709 -45.148712 -39.469203 -34.685719 -31.036556 -35.203860 -31.129793 -32.460364 -40.034601 -44.369432 -41.390698 
-14.378796 -2.068078 -1.876971 -14.668175 -23.544874 -28.604497 -35.871128 -37.393942 -36.508249 -35.225956 -38.611315 -34.808655 -31.243039 -38.062586 -41.798477 -40.401764 -49.539973 -42.511522 -32.779087 -38.238310 -39.790764 -40.489685 -44.566994 -45.984094 -45.313039 -50.078114 -48.715798 -44.937860 -36.923743 -37.528700 -37.138190 -33.963787 -27.261722 -24.524287 -27.313935 -24.262792 -24.488433 -26.028075 -29.675629 -28.702431 
-16.834727 -6.132787 -6.515741 -20.924248 -27.481624 -28.745950 -37.798378 -37.679159 -37.107208 -40.056202 -43.073625 -34.477713 -34.992587 -45.232469 -43.533448 -38.350495 -45.560014 -44.060886 -33.074156 -36.182652 -37.268569 -38.895544 -48.527539 -44.060465 -41.558059 -47.199754 -56.032979 -43.512042 -34.966021 -36.482403 -31.761882 -25.578818 -26.755807 -24.810527 -22.622652 -21.263628 -23.427654 -23.236873 -22.323460 -23.231338 
-21.956600 -16.619767 -12.039134 -13.506678 -23.989899 -32.326951 -38.715055 -39.342021 -42.190694 -39.552232 -39.985180 -42.908186 -37.020791 -37.350867 -43.033346 -42.184183 -42.218243 -40.088267 -37.074350 -34.897084 -38.696225 -43.310286 -47.216251 -45.255839 -41.006861 -42.751200 -48.634328 -44.072478 -31.537612 -33.757164 -32.016014 -30.094946 -24.692057 -23.921185 -19.748495 -19.459002 -23.809769 -23.637514 -18.639166 -21.018242 
-25.598492 -17.922193 -15.210681 -12.698430 -22.689974 -29.116910 -37.269538 -41.962407 -42.479184 -39.035096 -38.272365 -36.985519 -30.656845 -40.453973 -45.242849 -40.446219 -46.376292 -44.473119 -39.213293 -42.100005 -45.408209 -45.655625 -44.711010 -41.281241 -40.463876 -42.329066 -45.630510 -38.303203 -30.302710 -31.561996 -29.620242 -32.700051 -20.783554 -21.794142 -19.730738 -21.081689 -19.926826 -22.006714 -18.208262 -18.833960 
-22.001487 -17.906100 -12.613180 -16.650226 -20.424543 -32.922292 -33.721262 -32.306860 -42.130456 -46.734284 -38.487277 -30.764329 -27.768433 -36.201577 -41.047905 -44.106836 -43.327094 -40.934175 -35.279152 -36.161838 -45.859205 -45.955359 -44.691342 -43.068507 -38.300820 -41.377638 -44.519982 -39.301853 -33.347171 -32.247420 -26.914447 -31.654404 -21.787157 -23.839725 -18.705137 -15.476531 -18.731501 -22.819841 -17.213300 -20.558553 
-23.763202 -13.857050 -8.353644 -16.912532 -23.417827 -27.224767 -33.482451 -31.785326 -36.961870 -42.587776 -38.629245 -33.322527 -29.519791 -31.898737 -35.781833 -36.746555 -39.878288 -40.066787 -31.865585 -39.073742 -45.650354 -41.379396 -42.154330 -42.190441 -36.436874 -41.450000 -46.724027 -37.116450 -34.091932 -31.765578 -31.748536 -30.083800 -21.631391 -21.186253 -21.349720 -14.511821 -16.892524 -19.612062 -16.510199 -19.400721 
-28.166342 -20.107478 -12.623347 -15.874636 -23.240697 -29.492699 -31.571960 -35.758791 -36.456993 -38.599357 -37.016325 -34.517089 -32.169136 -33.488520 -40.133404 -42.371834 -43.445682 -41.441534 -32.683577 -34.805988 -36.700719 -37.971278 -37.099933 -39.081048 -33.659928 -40.610935 -47.232561 -37.806958 -28.956168 -29.434492 -31.486208 -29.108980 -21.431754 -20.592889 -20.383031 -19.661029 -16.769865 -19.005020 -14.921796 -17.240197 
-20.148962 -18.067159 -17.340702 -22.439269 -31.558238 -31.928706 -41.474745 -39.063596 -36.020223 -37.013006 -40.318672 -35.655354 -37.233807 -32.404374 -31.336823 -38.790411 -37.404234 -39.928258 -37.645050 -32.224600 -36.313876 -36.877239 -40.033554 -37.168390 -34.019358 -38.266999 -42.409980 -34.486594 -30.630629 -29.910181 -32.785892 -27.200683 -20.543328 -20.824504 -20.365935 -13.805257 -12.738212 -17.908858 -14.263369 -14.317889 
-38.744446 -22.365897 -13.937437 -18.182552 -23.530629 -24.942286 -34.128607 -29.736486 -27.323256 -32.691357 -36.845002 -39.153515 -31.526693 -32.824502 -35.738336 -34.310222 -41.850338 -46.810718 -35.159378 -29.159362 -36.376125 -36.604305 -39.186020 -34.722669 -28.388876 -37.179526 -40.185381 -30.813575 -28.395899 -29.470251 -32.367285 -23.765377 -23.310255 -18.972609 -16.667481 -12.625422 -12.741121 -18.573917 -16.083083 -13.169785 
-23.784044 -12.106685 -4.495624 -10.949594 -19.107027 -16.966044 -22.184694 -25.253574 -32.990577 -32.352455 -40.271945 -34.519476 -29.882699 -33.955405 -32.314407 -31.752861 -38.920414 -41.436356 -33.650825 -30.495814 -34.790767 -34.470574 -33.313215 -29.826411 -23.948416 -29.331932 -36.145557 -31.466346 -25.128076 -26.292237 -32.004782 -23.892306 -20.439459 -20.613298 -13.996550 -13.755841 -14.971695 -19.011264 -16.728700 -16.108011 
-20.603622 -1.942538 6.452313 1.461501 -9.738123 -12.943010 -13.108538 -22.103953 -28.481828 -28.065248 -28.436198 -32.627826 -26.819097 -26.521638 -29.567569 -31.545774 -32.647579 -33.770734 -31.156526 -23.821850 -24.670921 -25.016974 -25.496947 -25.243395 -20.821211 -26.651475 -32.776878 -31.648008 -22.691418 -23.700397 -27.416928 -21.767874 -19.385148 -21.988917 -17.804383 -15.870356 -15.850485 -22.245545 -19.220381 -21.418601 
-15.926012 3.069481 12.336635 6.580872 0.173345 6.247290 -1.564436 -5.150693 -13.309980 -20.848249 -21.043134 -16.823576 -19.758024 -19.719381 -21.759651 -23.236470 -23.064157 -24.578160 -21.637704 -12.939596 -9.736402 -13.474845 -16.090448 -16.630105 -10.572702 -20.727203 -23.028774 -24.372901 -20.152337 -24.846251 -30.511124 -24.232261 -20.682397 -25.134714 -18.546562 -18.474704 -31.591456 -35.111487 -29.773915 -31.939275 
-17.346994 1.546248 14.556695 11.936819 5.237917 14.999207 8.391503 -3.212359 -7.295186 -16.616953 -13.114424 -15.050525 -16.104291 -18.178579 -18.307453 -18.831414 -18.641924 -18.432396 -14.411911 -9.025534 -3.331432 -1.718283 -9.552510 -9.570338 -2.095457 -8.855638 -15.523226 -14.519605 -9.881279 -17.518774 -27.303999 -24.524957 -21.572855 -29.166415 -21.130325 -23.744900 -43.943465 -41.558392 -47.636365 -48.182097 
-25.596361 -2.235152 14.474843 16.243558 5.384184 16.975937 15.655378 -3.743313 -12.668927 -18.197557 -13.205120 -14.780019 -16.168731 -20.825577 -17.571129 -20.078546 -20.598758 -18.270666 -14.976704 -11.207218 -4.910896 0.662763 1.031270 -2.367619 1.812342 -2.996617 -8.740217 -7.139228 -2.458116 -9.794492 -19.424852 -29.323911 -27.335813 -33.697487 -25.132808 -26.758291 -40.239371 -39.453118 -48.892817 -47.802805 
-19.843559 -8.619042 12.949917 17.537677 5.551893 12.287904 16.329440 1.027349 -10.680859 -10.934550 -16.202795 -11.480716 -21.413252 -17.572772 -20.078868 -20.775384 -20.127559 -20.730184 -20.153170 -14.242775 -9.368027 -1.661834 2.777022 1.384673 3.450819 -0.373456 -7.358890 -4.778868 -0.126478 -6.270295 -18.432214 -32.176089 -34.882706 -34.622630 -32.658605 -32.338741 -40.575694 -37.195826 -48.152845 -41.344809 
-21.582587 -13.904170 11.083949 17.965602 7.189048 2.163370 12.925002 3.889461 -14.263217 -9.601259 -19.805461 -11.407054 -17.316804 -15.718649 -18.953464 -20.600925 -21.024026 -21.907062 -24.600971 -16.552062 -14.629250 -7.986961 -0.709351 4.424190 1.868626 1.161632 -4.495548 -2.283152 2.731489 -5.197984 -19.708869 -32.977474 -37.592685 -38.114949 -37.687453 -34.030679 -38.720027 -37.323375 -42.767500 -35.253692 
-18.704527 -16.592443 7.789772 18.071842 10.232699 -5.844726 8.546104 5.589103 -19.038743 -12.644700 -19.409413 -18.675302 -18.420771 -17.692602 -16.430214 -21.859441 -22.717666 -24.891707 -26.380473 -18.847518 -14.301073 -7.870351 0.427109 3.526863 0.140608 2.422780 -0.677579 1.075827 4.852802 -2.003100 -19.582418 -37.679212 -47.755626 -44.469317 -45.460680 -35.221622 -42.251386 -39.720053 -46.638318 -38.174477 
-19.299990 -21.787874 3.521945 17.383439 12.578422 -12.408034 1.911780 6.160980 -15.349414 -17.618058 -18.641593 -23.446970 -17.003281 -22.151017 -15.989796 -23.255433 -18.968956 -23.188732 -22.040489 -17.829450 -18.397013 -9.753031 -2.065904 4.166358 0.067228 1.826264 1.616085 2.902512 6.338934 0.468178 -18.986227 -33.211058 -40.868643 -42.102325 -42.574599 -34.637285 -40.692680 -39.948089 -43.876234 -32.152538 
-22.495158 -21.464863 -2.916029 16.086088 13.782195 -10.233279 -1.804376 6.943117 -9.834969 -15.829862 -12.418229 -24.873255 -16.459212 -25.842169 -15.853582 -21.816053 -18.001416 -24.213770 -22.989467 -19.811660 -17.137430 -13.785483 -6.608071 5.300758 0.959801 0.157764 -0.256629 1.434952 5.128246 -2.149099 -21.928930 -36.124528 -42.899083 -44.861725 -43.217633 -33.407253 -39.294042 -38.944272 -44.684578 -35.480112 
-22.933981 -34.843668 -5.397897 15.161301 14.706010 -6.780242 -5.102279 7.031216 -6.191644 -16.936635 -9.721115 -24.478961 -16.221678 -20.415239 -16.076766 -17.414439 -19.430472 -23.438465 -21.999349 -21.083492 -17.391472 -9.388601 -0.648065 6.560447 5.424208 -1.722075 -3.699118 -0.786653 1.926163 -3.548583 -16.873714 -34.781914 -45.177215 -46.865453 -43.862077 -29.171065 -37.946704 -41.139553 -45.328537 -36.525651 
-14.130118 -16.792644 -11.128758 14.131909 14.727705 -5.299042 -5.262331 7.337564 -4.963112 -19.718341 -8.320286 -22.121602 -18.514488 -20.916904 -18.806222 -18.269326 -21.890512 -23.181270 -22.912313 -20.463099 -14.757075 -6.109826 1.923149 6.738534 4.833740 -4.434494 -6.280359 -4.515810 -2.611235 -6.750521 -13.666442 -31.200783 -45.530028 -47.053491 -47.582508 -33.422355 -38.723725 -40.152996 -45.952749 -39.146538 
-16.037599 -19.569639 -9.175759 14.171240 14.244973 -5.460461 -4.430769 8.061535 -4.755251 -19.478229 -8.461960 -22.593544 -17.416910 -19.064669 -18.835826 -18.461906 -20.497846 -21.770570 -20.676052 -16.052399 -11.767459 -4.534334 6.170220 4.120384 2.284436 -6.383311 -9.746161 -4.871424 -1.345551 -5.248490 -13.181571 -30.567342 -45.224736 -45.381145 -45.133394 -36.957719 -42.594114 -40.378834 -46.202019 -38.379602 
-17.105124 -25.363153 -0.406313 14.392225 13.503630 0.869661 2.264108 9.061054 -2.338128 -13.105871 -9.543625 -22.550534 -11.794192 -18.581262 -15.973789 -19.718539 -19.483019 -19.693251 -16.914908 -13.820468 -7.820100 -3.001155 5.441336 0.674889 -4.348208 -10.094184 -11.343675 -6.563114 -1.765367 -8.289269 -15.499057 -30.651805 -45.518215 -45.792252 -46.070529 -40.836444 -44.425145 -43.913480 -47.333629 -44.283574 
-19.490086 -16.113277 4.983054 11.001596 3.061564 0.581781 -1.567203 -2.476449 -6.740616 -16.984324 -15.431928 -20.492998 -16.220020 -24.461298 -22.464801 -23.133619 -21.788266 -21.088112 -23.480185 -19.122750 -12.673074 -8.132474 -7.758282 -10.670337 -14.993504 -17.119744 -17.322979 -13.120764 -11.150939 -16.092927 -20.432225 -36.106924 -54.696947 -54.044149 -55.401475 -52.577437 -57.596464 -54.697405 -59.314485 -53.086620 
-21.235035 -15.102347 6.640184 12.466840 1.741205 -6.345271 -2.426709 -11.567552 -16.030153 -21.924168 -27.992763 -24.807869 -22.564975 -27.357914 -31.626756 -30.941445 -27.379101 -33.415237 -33.444411 -24.022474 -21.594153 -21.931640 -17.227123 -15.126821 -22.578761 -23.054860 -22.620470 -18.454527 -17.171819 -21.997194 -23.540125 -39.685653 -51.421825 -52.251634 -52.044224 -51.624009 -53.257251 -53.227239 -53.996613 -52.095394 
-18.459102 -12.008336 7.476087 10.115719 -5.430881 -6.428707 -5.040878 -20.079657 -25.312316 -37.755050 -36.214362 -26.460910 -25.139673 -25.834011 -35.404893 -39.546778 -37.059013 -32.826412 -37.919379 -31.967350 -27.962626 -26.761043 -23.451128 -23.407641 -27.302688 -31.406771 -30.914305 -25.317774 -27.750795 -29.513596 -30.111424 -48.725605 -56.077442 -57.400456 -58.134497 -58.447568 -59.290880 -59.472083 -60.442273 -59.321117 
-23.145052 -7.593274 7.210334 6.390656 -8.097322 -5.380908 -12.086913 -18.142573 -21.015136 -31.877685 -39.239552 -33.479703 -34.864771 -34.676622 -33.207261 -34.268557 -40.561811 -40.484627 -36.337709 -36.678444 -40.795018 -40.193518 -36.403502 -34.873041 -40.177790 -47.752205 -44.646084 -40.579024 -43.653745 -44.020006 -50.687634 -57.935190 -58.052423 -57.716161 -57.763291 -57.904352 -58.237858 -58.453577 -58.423356 -58.698911 
-23.323777 -4.533039 6.121340 1.433719 -9.727815 -8.067876 -16.859223 -17.918893 -25.660998 -35.392062 -36.345506 -29.681329 -29.960971 -36.273196 -38.252398 -39.683248 -40.771933 -40.620598 -40.970941 -44.040576 -45.581398 -45.298925 -43.001741 -44.469098 -42.142076 -50.113828 -48.341121 -45.431642 -47.552672 -50.355644 -55.177531 -56.375297 -56.707512 -57.141721 -57.699423 -57.944612 -58.307947 -58.493838 -58.507255 -58.795979 
-21.633051 -3.604837 4.085119 -4.352351 -11.947043 -11.410065 -25.067604 -22.737507 -31.261087 -35.572550 -36.313058 -31.366908 -34.139090 -34.239292 -38.133078 -41.740347 -41.774530 -42.706437 -43.927570 -43.772825 -44.942977 -44.618704 -45.983871 -47.108623 -44.438916 -49.118840 -49.752774 -48.502404 -49.330706 -50.869410 -52.567942 -53.282570 -53.466534 -53.975877 -54.341014 -54.426758 -55.214100 -54.998510 -54.991128 -55.715729 
-9.833277 -0.883722 0.884232 -5.001494 -5.282068 -8.524065 -10.309836 -15.576767 -20.663954 -21.812313 -22.922139 -24.346228 -32.226908 -26.232608 -21.076357 -21.890490 -26.242213 -29.173213 -26.591667 -24.867633 -22.668893 -23.440864 -27.340718 -25.927247 -26.520294 -32.495166 -35.668603 -35.384001 -33.627224 -35.798074 -36.631331 -39.845511 -47.384549 -45.132833 -44.412239 -47.083719 -49.179164 -53.850957 -45.099028 -45.235530 
-6.530090 0.930578 6.900983 1.650490 -4.063921 -2.848915 -8.081248 -8.334054 -14.259765 -14.940238 -15.175387 -13.748048 -11.245035 -10.384852 -10.458793 -14.982014 -18.539843 -21.681979 -24.134494 -24.164781 -22.347622 -21.557218 -26.297948 -26.155821 -25.365479 -31.465214 -32.641187 -30.028631 -32.217665 -35.135334 -35.791906 -38.721777 -42.310502 -40.962082 -42.270608 -45.337714 -45.505822 -46.781328 -44.337813 -44.012880 
-6.151448 3.943348 7.876053 2.088217 6.294942 2.277780 1.397819 0.409077 -1.269591 -7.244048 -7.031380 -6.072998 -0.426570 -0.016079 -3.383698 -8.366023 -11.214130 -12.957710 -18.850417 -26.934773 -31.554521 -32.946031 -37.486311 -38.635894 -39.286153 -39.010510 -31.843535 -31.218780 -39.081359 -43.397145 -47.447939 -45.019245 -48.597798 -48.403605 -51.093445 -52.489126 -51.669307 -52.426148 -52.827454 -52.112015 
-1.204062 6.906114 8.485639 4.975641 9.799024 5.525199 9.151216 6.674921 4.574365 0.812035 -5.940055 -5.947180 1.675557 5.028907 4.630223 -1.936655 -5.312439 -8.183379 -15.443821 -25.415575 -35.902281 -38.657868 -37.510962 -36.255532 -39.232281 -38.492119 -27.792436 -27.409628 -36.078332 -42.181783 -47.312145 -41.705868 -46.705360 -47.261510 -48.704724 -50.401401 -49.388054 -49.916013 -50.920185 -51.056912 
-4.168863 7.446997 7.491901 6.061986 9.046436 7.223293 11.109525 10.335595 8.851452 3.872597 -1.958507 -3.350929 0.084450 5.519726 8.478199 4.528605 -0.921896 -3.956509 -12.481320 -19.595036 -30.129174 -37.260414 -42.243280 -39.424983 -40.138615 -36.716450 -29.291628 -27.092564 -34.743628 -41.697398 -45.254381 -40.883436 -42.533256 -49.806943 -53.257171 -65.234952 -58.026892 -56.846653 -63.929432 -63.142044 
-7.263913 6.951785 7.172609 6.662391 7.885280 8.450709 9.849250 13.586705 10.968437 3.353114 -3.840022 -4.385895 -0.073951 3.514444 7.864980 8.995655 2.408578 -0.070927 -7.249797 -20.674695 -24.707962 -27.622831 -28.516248 -28.752316 -29.875104 -28.924061 -24.253638 -24.071230 -29.886118 -32.845413 -33.912534 -32.122641 -33.373835 -35.726887 -36.289139 -36.692483 -36.973210 -37.179557 -37.510802 -37.659067 
-8.149163 7.189932 7.083488 5.924246 6.718788 7.404860 7.332263 15.468920 12.665491 4.644662 -4.766007 -2.039481 0.991666 2.126926 5.629349 11.409481 3.611720 1.735461 -1.928467 -16.153578 -25.893951 -31.375610 -31.547768 -34.657328 -36.847163 -31.471126 -22.654676 -24.449786 -34.088141 -37.333014 -39.214916 -33.989118 -37.126454 -40.645199 -46.039995 -49.438871 -48.446895 -48.156284 -49.734012 -50.183548 
-4.064381 7.229081 6.270598 5.527859 5.970280 6.773173 6.284213 15.709668 10.905088 6.759325 -4.242085 -1.802521 -2.816831 -0.321744 3.121969 8.575833 8.247959 3.377129 0.185786 -8.431066 -24.323184 -33.439270 -32.839216 -31.622272 -29.164261 -30.580169 -21.672898 -25.238404 -31.469314 -37.050197 -37.773806 -36.835700 -41.763760 -40.191064 -49.246178 -57.124705 -54.464681 -51.528794 -50.955342 -50.581075 
-5.167435 6.630248 4.947072 5.743153 5.915199 5.176925 5.702033 14.259462 10.677885 8.202759 -3.899837 -1.537198 -0.358897 -1.324773 1.620278 6.517158 8.106316 0.262996 1.397807 -2.359899 -14.911329 -20.688814 -28.905421 -33.772350 -30.106312 -27.461457 -21.901669 -25.367873 -30.792808 -34.467994 -38.691767 -39.111503 -45.610823 -40.598004 -47.737243 -52.169252 -52.025716 -50.899584 -44.739033 -45.898742 
-6.575545 6.550339 4.092104 5.049112 4.561945 3.736576 5.219153 10.979495 8.629097 7.635636 0.147282 0.728907 -0.247101 -0.609769 -0.398633 4.946154 7.709298 2.676203 -0.145165 1.387394 -4.786193 -17.867504 -24.933523 -28.641601 -27.144798 -26.500686 -20.030639 -24.691315 -32.667734 -39.241225 -39.322522 -38.241467 -44.507353 -40.769536 -52.191744 -61.693145 -60.600501 -53.449245 -48.129502 -40.623859 
-5.931268 7.026085 4.849235 6.005919 3.054771 1.146318 2.654132 6.303914 7.867219 6.475939 4.967818 2.166571 -1.401857 -1.774075 -2.939691 1.124257 5.140373 0.094184 -2.695140 -1.141736 -0.271277 -11.100785 -18.685078 -25.892193 -24.140479 -24.747972 -19.877644 -24.740022 -33.090504 -35.475634 -34.493604 -33.229425 -39.329034 -38.562859 -55.907197 -66.514018 -66.167452 -57.552459 -50.781101 -44.570544 
-4.514445 7.375985 4.001723 5.737885 2.697700 0.227527 1.106483 5.492600 9.778867 9.427958 6.295082 1.566572 -3.805709 -2.318460 -5.748368 -1.680938 5.114635 3.372405 -4.348978 -7.427574 -3.076931 -7.552164 -15.759102 -20.815801 -21.841767 -22.567663 -17.985734 -20.816338 -31.304436 -33.165682 -30.640127 -27.014855 -34.966220 -37.886567 -55.111083 -57.721026 -57.799515 -54.095911 -52.917274 -43.350329 
-2.897064 7.862625 4.317416 5.852670 2.125533 -0.311488 -0.631552 2.338853 7.388439 9.350867 5.410148 -1.837423 -5.093938 -4.439931 -6.039766 -3.241347 3.128216 1.993808 -7.029175 -9.341177 -9.703016 -9.735803 -12.943646 -19.558608 -20.182127 -21.245497 -18.796770 -18.857855 -27.259230 -34.119079 -32.101395 -32.290990 -39.809355 -40.405164 -51.091771 -54.161771 -54.119970 -52.844305 -51.274462 -44.622093 
-2.344801 7.709653 4.255498 6.335731 2.136095 0.200507 0.302560 0.775127 6.296831 10.547893 4.061857 -1.601539 -2.652765 -4.121347 -6.132444 -5.631227 1.254873 0.570119 -7.965504 -12.302486 -15.484849 -7.673518 -6.742370 -13.796849 -18.806269 -20.332109 -18.104416 -16.410734 -24.158775 -30.287169 -29.031834 -24.856962 -36.708769 -39.504892 -48.071330 -49.530553 -49.763009 -48.637502 -47.926513 -43.997401 
-0.548907 7.602345 4.797027 7.178521 1.884607 -0.997255 0.947893 -0.837654 2.236524 9.494943 2.842176 -0.155910 -2.844716 -3.923248 -7.279288 -3.370100 1.250444 -0.164690 -8.534374 -12.398598 -13.969616 -13.640118 -10.526636 -11.290373 -16.355230 -20.658793 -18.347823 -15.446435 -24.407719 -33.032317 -31.030208 -28.414649 -35.641218 -38.567385 -43.196685 -43.621508 -43.959014 -42.316049 -43.337748 -42.825766 
-2.976998 7.179830 5.260665 7.219614 0.079015 -2.295278 1.638353 1.678005 4.709572 9.604400 3.485037 0.226364 -2.871511 -4.673484 -6.842197 -4.952800 -0.655540 -1.666427 -8.076893 -17.002429 -17.195674 -16.419416 -15.672396 -13.284745 -19.203794 -24.283706 -22.008824 -18.751747 -27.699293 -36.145189 -34.235889 -27.734587 -34.734187 -37.097798 -43.351665 -44.072202 -43.670102 -38.355985 -42.291496 -43.775728 
-0.767567 7.555913 6.102249 7.575721 0.533392 -0.088446 2.004297 1.123823 4.951048 7.501517 2.725853 0.873947 -1.775795 -7.039843 -9.395959 -5.417542 -0.652511 -1.151505 -9.604597 -16.900458 -18.837799 -16.226761 -16.676454 -16.212201 -20.080504 -24.940495 -25.073417 -21.577413 -26.010642 -35.124160 -38.146981 -31.357988 -35.619872 -38.293116 -41.598982 -42.141160 -42.546892 -42.078138 -41.629681 -42.023333 
0.853974 8.019500 6.012630 6.917868 -0.646375 -3.289729 0.486209 0.921358 3.990530 6.520068 2.959112 -0.247536 -1.961442 -4.470562 -7.787782 -10.530760 -3.655696 -1.109508 -7.022737 -14.575396 -16.911665 -17.935420 -18.417086 -13.425938 -15.677990 -23.621026 -24.005734 -17.728429 -22.649004 -32.888055 -33.933109 -28.995172 -32.455382 -41.703291 -47.089733 -47.627992 -47.225267 -41.541546 -44.699769 -46.249128 
-0.657552 7.259499 6.265438 7.114890 -0.792274 -3.721483 -0.075481 -1.180123 2.237297 2.869850 1.622903 -1.365160 -3.225402 -6.914919 -10.116495 -9.556361 -6.299858 -4.330238 -6.468871 -14.149015 -20.691837 -21.907613 -21.795878 -14.387712 -14.117232 -22.924848 -25.298614 -19.914037 -23.056066 -29.380996 -32.816130 -26.844980 -34.310062 -46.776144 -48.397260 -49.187022 -48.574641 -46.541479 -48.177959 -46.843410 
-0.424744 6.402302 6.180393 7.258705 -1.871121 -3.236743 0.086518 -2.638506 -0.520000 -0.291455 -0.008983 -1.281744 -6.641130 -9.225946 -10.111269 -12.055279 -9.478511 -8.704215 -11.006178 -17.946262 -22.555732 -26.069528 -22.925836 -14.214761 -15.183304 -25.337297 -27.389715 -21.569514 -22.885408 -31.003529 -31.034180 -24.613585 -36.658311 -48.328813 -55.002913 -60.679492 -55.171591 -43.806624 -52.819472 -46.500704 
-2.987897 6.199064 6.606978 6.631656 -3.944524 -5.847214 -1.901078 -5.813572 -3.714823 -1.583418 -1.222704 -3.422019 -10.042203 -11.964900 -11.785539 -13.355603 -15.460883 -9.258984 -10.278949 -15.149531 -21.526241 -27.367164 -25.495420 -18.408328 -16.721346 -25.667837 -27.976332 -21.901324 -24.423876 -34.908926 -36.899756 -30.896623 -37.830584 -45.938331 -52.105142 -56.088894 -54.105884 -42.103710 -52.035879 -46.974775 
0.042112 6.753204 6.119949 5.198616 -6.224657 -5.688174 -4.396762 -6.931183 -4.640020 -3.253112 -3.913748 -8.415607 -10.412735 -10.634475 -13.910883 -16.536598 -16.615985 -12.206593 -16.596695 -24.514099 -30.109295 -32.044871 -32.480608 -27.006686 -22.063371 -30.315638 -30.139491 -28.252888 -27.951894 -35.716009 -35.167004 -33.172218 -34.830099 -44.233560 -47.734354 -49.254266 -49.149426 -45.734179 -48.642295 -47.760519 
-0.227827 5.574037 3.891037 2.997140 -9.629177 -7.497251 -6.637315 -9.537372 -9.682744 -3.947297 -7.376343 -12.561911 -14.276484 -16.606194 -17.236612 -18.319354 -18.312776 -15.027504 -17.065302 -24.703690 -28.585061 -31.824374 -31.586895 -28.135366 -21.945971 -30.157828 -29.859369 -24.810361 -26.665466 -37.507374 -39.302407 -31.825644 -36.089946 -44.744413 -51.243602 -54.466190 -53.292624 -47.215649 -51.373147 -52.054046 
-0.539364 5.106266 3.058897 1.760121 -11.850726 -7.339348 -8.731463 -13.468154 -11.411261 -6.651550 -10.558549 -12.247077 -16.333988 -18.374043 -20.791845 -20.832054 -17.789394 -14.638940 -17.728249 -27.164248 -32.215114 -31.185038 -29.529228 -28.201060 -22.048908 -28.106701 -31.430345 -26.512372 -26.888849 -38.624454 -37.649109 -30.754876 -38.862780 -49.391405 -58.394267 -71.579395 -64.148944 -46.788851 -55.000010 -50.002011 
0.245647 4.459658 0.489913 -0.165792 -8.304594 -9.864680 -10.382465 -14.079475 -12.582774 -6.615761 -10.695795 -13.287142 -18.009594 -21.822134 -23.616514 -21.450993 -19.344610 -15.343297 -17.210183 -26.986788 -33.996446 -32.317133 -29.936077 -31.252740 -24.698597 -28.445604 -32.537246 -29.670397 -30.385897 -38.231520 -39.284074 -37.489051 -38.800406 -49.705486 -58.616659 -66.880600 -65.810385 -47.774768 -55.727778 -48.489891 
-0.010835 4.615353 -1.170973 -4.507689 -9.478197 -12.631894 -16.186005 -18.739551 -14.793839 -12.320213 -10.375414 -15.378498 -18.734766 -22.690791 -22.928447 -26.340756 -30.662473 -23.276979 -17.519208 -27.925970 -41.532766 -35.586389 -37.263680 -30.450989 -20.489974 -30.383316 -35.647346 -34.701119 -33.544246 -39.233342 -41.991743 -39.414311 -44.687619 -49.159541 -59.528250 -71.533548 -69.537097 -51.746032 -60.194961 -49.548961 
-1.142667 4.196661 -4.144364 -15.442908 -24.070838 -20.949841 -20.240838 -21.495876 -24.623192 -22.866067 -19.168110 -17.770671 -24.561621 -30.401907 -34.464136 -31.604250 -26.991260 -19.444229 -24.314634 -37.662778 -38.707889 -36.643710 -36.507371 -36.695041 -28.627893 -34.554530 -41.633322 -39.022008 -38.512896 -44.351311 -45.570398 -44.065890 -48.435800 -50.940673 -61.432982 -64.663123 -64.175921 -55.800236 -60.990841 -53.117047 
-4.572923 0.875257 -6.172702 -12.984999 -22.405941 -25.104500 -27.627674 -34.945618 -27.155216 -22.085470 -24.842893 -21.763533 -26.924014 -29.398595 -34.908764 -35.705307 -30.971135 -25.698142 -29.801939 -37.843857 -38.523336 -42.388917 -43.400513 -42.203342 -31.707447 -36.732057 -46.590351 -39.418755 -40.891946 -46.742543 -48.000515 -50.101091 -53.033597 -54.049949 -60.133917 -62.739444 -62.776293 -60.552201 -61.957186 -57.022590 
-6.495257 -3.925277 -10.712260 -18.724894 -29.750811 -31.553765 -34.242070 -40.745038 -33.033144 -26.013025 -24.471061 -25.528618 -28.508138 -28.885995 -37.150730 -37.719807 -30.785530 -28.572364 -33.988710 -41.120896 -37.881995 -41.540520 -43.020079 -40.325302 -32.858812 -36.040614 -50.901867 -44.723116 -45.343492 -51.688921 -54.759429 -57.267039 -59.143546 -58.735964 -62.084218 -64.416538 -64.945863 -62.919823 -64.098372 -61.365141 
-15.121330 -11.207784 -21.421938 -30.320420 -34.805755 -34.442514 -37.426147 -34.880931 -29.495016 -29.642240 -33.322260 -25.437449 -27.302812 -31.215554 -41.708058 -38.347818 -33.021197 -28.652577 -36.374106 -43.507454 -47.729583 -51.839174 -52.508592 -51.080242 -43.322755 -43.332527 -50.981275 -45.198588 -45.790390 -54.532632 -56.565027 -57.338447 -61.293294 -59.115125 -64.861616 -68.052972 -71.339362 -68.126319 -68.485266 -67.701213 
-16.487501 -18.918731 -24.857038 -30.156404 -37.133364 -32.369424 -38.846344 -39.531482 -34.436843 -34.430644 -29.688369 -25.880996 -35.097392 -37.212505 -46.126569 -47.646309 -42.475200 -32.696504 -32.497459 -49.771933 -53.109914 -51.779487 -52.326782 -51.157420 -43.320939 -51.632791 -55.911421 -50.193614 -49.422855 -61.912287 -59.420164 -61.616817 -66.310533 -63.312401 -65.949641 -70.362209 -75.516570 -76.692369 -72.322863 -75.264047 
-17.779510 -23.516944 -32.618945 -35.885246 -40.820255 -37.066025 -42.122545 -41.709457 -34.775947 -40.591674 -38.479487 -33.401532 -34.957271 -42.484827 -52.876185 -49.740894 -42.130961 -35.255210 -40.086628 -55.353739 -58.001614 -56.437307 -55.617320 -54.537365 -49.182581 -55.058802 -61.341628 -58.640821 -55.064910 -62.218559 -65.111906 -66.148647 -68.617684 -70.315975 -67.867005 -71.135584 -74.399836 -80.965288 -75.585507 -73.739652 
-24.854267 -26.676584 -34.642879 -35.508039 -40.608310 -44.135793 -45.178864 -47.016752 -51.427366 -48.813763 -39.306148 -37.686560 -38.578854 -43.711821 -54.515644 -50.571383 -50.073962 -46.912763 -45.013151 -56.642325 -60.852109 -65.244889 -58.956620 -59.207177 -61.462696 -63.510654 -62.861300 -62.318383 -61.606678 -67.364532 -65.188631 -66.225104 -68.383960 -74.215952 -67.934169 -66.681181 -70.465213 -82.485823 -78.125331 -74.386298 
-25.454830 -30.689587 -36.732561 -45.025586 -49.493245 -50.278919 -49.596855 -54.602172 -48.635529 -44.685094 -40.669947 -42.504782 -49.018125 -55.279919 -56.793312 -59.372028 -57.363902 -53.180357 -54.442532 -63.646599 -62.327733 -61.996730 -66.239226 -67.512508 -69.252063 -68.156446 -67.958216 -67.154604 -66.019354 -66.096712 -68.326139 -66.288526 -70.469740 -73.374123 -69.323495 -67.503976 -68.583537 -77.768887 -76.026406 -73.738921 
-28.493282 -31.523496 -36.577181 -41.048264 -42.042401 -45.549013 -45.780258 -45.471047 -49.733954 -46.291576 -47.427315 -43.757519 -50.682364 -63.201007 -60.025583 -52.392552 -50.881406 -50.887766 -52.569018 -53.145600 -57.777473 -57.849139 -57.531243 -58.891850 -59.013576 -61.265649 -58.286099 -58.896244 -59.967040 -61.800850 -61.680640 -63.404796 -71.317543 -70.818221 -65.503491 -68.796216 -66.010215 -72.197384 -67.891021 -70.141212 
-44.432242 -49.238336 -52.414338 -49.299683 -51.391435 -50.338679 -54.315581 -53.583902 -56.056040 -55.751923 -60.694737 -58.690241 -59.155800 -66.638514 -65.373451 -59.145305 -56.621392 -58.985806 -59.406723 -59.434286 -60.683174 -62.944364 -62.763356 -62.089931 -65.458631 -66.690284 -63.996146 -65.110515 -67.389051 -67.687188 -68.566808 -66.457750 -74.525154 -70.263400 -67.527418 -68.664407 -69.862347 -71.428361 -68.757430 -72.009832 
-61.279360 -63.390075 -57.223835 -63.452743 -58.722721 -65.505928 -63.234787 -67.106416 -72.072686 -68.046251 -61.312548 -59.147597 -60.992897 -66.937201 -67.534754 -62.036278 -69.160821 -67.288393 -62.490883 -65.654130 -69.661362 -71.131300 -66.772729 -72.943296 -78.604238 -77.122878 -73.164151 -69.448060 -73.181757 -74.585408 -72.582532 -70.768940 -74.986336 -72.295128 -72.036721 -68.763986 -68.083565 -72.444268 -70.277893 -74.239238 
-65.067123 -69.162945 -65.140655 -63.921976 -65.530864 -72.181383 -75.589870 -74.160097 -72.818098 -77.281474 -76.517320 -76.199619 -74.763928 -75.626312 -75.122782 -73.065460 -76.481056 -74.214924 -72.831348 -72.033286 -73.615250 -76.060358 -72.978283 -73.445830 -78.757332 -77.293013 -75.355487 -75.282686 -78.557953 -74.605056 -74.939260 -77.419988 -75.717769 -75.326902 -76.892567 -72.912114 -70.374050 -74.771161 -75.654897 -75.683681 
-64.178648 -75.528169 -73.435836 -75.062559 -82.231711 -77.060727 -76.044684 -72.433519 -70.695771 -76.772648 -74.905210 -76.416431 -76.890703 -74.052633 -75.256152 -76.665583 -73.672297 -72.447112 -75.040158 -80.324925 -76.603630 -73.863896 -73.741508 -77.439166 -77.831167 -79.420540 -74.590886 -74.039935 -74.118847 -79.392300 -78.847288 -78.176938 -75.495991 -76.118142 -76.203102 -75.445357 -78.421801 -77.396557 -78.039052 -77.179271 
-65.098659 -74.393970 -77.916831 -74.995098 -76.845451 -72.684429 -70.264474 -71.266808 -72.149581 -70.593631 -73.968661 -78.112046 -76.328380 -70.174720 -71.025177 -71.424645 -72.350965 -74.320208 -72.177394 -75.481475 -76.382237 -74.939565 -77.069008 -78.461408 -76.003499 -77.993523 -76.460480 -76.468181 -77.534876 -78.816104 -74.227209 -71.457109 -73.941325 -73.028280 -74.682187 -74.956250 -74.365328 -77.787685 -75.091225 -77.523195 
-64.131181 -81.198935 -78.934795 -80.005451 -77.922783 -78.137011 -75.389183 -75.465058 -79.516174 -72.363376 -77.902447 -76.948403 -73.675361 -73.215564 -75.434931 -73.298020 -74.345964 -70.890875 -76.596378 -76.082401 -75.575417 -76.312426 -77.354945 -76.932972 -77.631239 -76.690747 -77.683587 -76.843810 -78.562916 -80.046327 -76.760420 -76.446881 -76.607812 -74.314022 -75.463836 -73.778189 -77.447555 -76.984972 -75.590326 -76.656136 
-63.575366 -85.064882 -83.155448 -81.820631 -79.556366 -72.686250 -73.315055 -74.616462 -80.257927 -83.400762 -75.915110 -73.194973 -76.024007 -74.445390 -74.341366 -75.730234 -73.813500 -73.170900 -73.874023 -80.480455 -81.407746 -75.874039 -73.345341 -75.049827 -78.341134 -73.907686 -74.997048 -74.189003 -74.956473 -75.382905 -74.503065 -78.068682 -77.108373 -75.734724 -76.320691 -79.325077 -78.751838 -76.486177 -74.218015 -78.192591 
-64.332594 -81.118871 -78.317081 -80.221321 -81.246988 -76.573561 -74.630660 -73.997456 -80.023721 -82.404981 -73.381908 -77.402750 -73.610167 -79.648536 -74.086619 -76.351616 -72.135543 -75.420326 -74.023255 -74.639714 -75.925361 -76.380682 -74.995748 -78.437044 -76.848799 -72.253578 -79.962984 -79.255677 -76.493122 -75.965809 -76.775025 -75.317386 -75.703431 -78.016857 -77.643466 -77.339847 -78.606896 -79.491550 -74.985715 -74.966529 
-63.029967 -75.760587 -75.949808 -81.806137 -74.434862 -78.586350 -76.700049 -76.994324 -80.796728 -77.651720 -75.870345 -73.850850 -80.589428 -79.741237 -77.203399 -78.870326 -77.972509 -73.815370 -76.033208 -78.369538 -71.089132 -73.276286 -77.921009 -79.162294 -75.644428 -75.837275 -76.714236 -74.251561 -72.625062 -72.978598 -76.055030 -75.105099 -79.049624 -77.598065 -76.271641 -75.370065 -75.428642 -75.431573 -76.365111 -78.149360 
-62.523280 -71.323951 -71.372209 -71.356695 -69.865200 -73.791739 -78.857543 -79.148564 -82.336959 -78.087804 -76.776270 -73.565479 -82.707026 -79.601363 -77.849229 -76.022906 -78.926215 -77.089334 -80.890766 -78.473442 -73.496628 -74.665428 -77.931342 -77.820221 -79.452935 -84.787081 -75.338574 -75.876784 -80.080574 -79.157830 -76.192097 -75.490613 -76.182708 -74.228766 -78.167071 -78.840267 -77.145539 -77.073203 -77.826945 -79.184091 
-80.223928 -81.020782 -82.368332 -84.656035 -87.762254 -91.467696 -94.128222 -95.161608 -94.259477 -91.709837 -89.864599 -90.036912 -91.774809 -91.405271 -89.579994 -89.691498 -90.667488 -91.292398 -95.130913 -98.702023 -89.293133 -88.049424 -90.246861 -90.698800 -93.048055 -98.256604 -90.524975 -91.717047 -101.367630 -99.743283 -93.871888 -90.247917 -89.929018 -87.041761 -91.039896 -93.196053 -90.754954 -89.501396 -90.704995 -91.728523 
NaN NaN NaN NaN NaN NaN NaN NaN NaN NaN NaN NaN NaN NaN NaN NaN NaN NaN NaN NaN NaN NaN NaN NaN NaN NaN NaN NaN NaN NaN NaN NaN NaN NaN NaN NaN NaN NaN NaN NaN 
NaN NaN NaN NaN NaN NaN NaN NaN NaN NaN NaN NaN NaN NaN NaN NaN NaN NaN NaN NaN NaN NaN NaN NaN NaN NaN NaN NaN NaN NaN NaN NaN NaN NaN NaN NaN NaN NaN NaN NaN 
NaN NaN NaN NaN NaN NaN NaN NaN NaN NaN NaN NaN NaN NaN NaN NaN NaN NaN NaN NaN NaN NaN NaN NaN NaN NaN NaN NaN NaN NaN NaN NaN NaN NaN NaN NaN NaN NaN NaN NaN 
NaN NaN NaN NaN NaN NaN NaN NaN NaN NaN NaN NaN NaN NaN NaN NaN NaN NaN NaN NaN NaN NaN NaN NaN NaN NaN NaN NaN NaN NaN NaN NaN NaN NaN NaN NaN NaN NaN NaN NaN 
NaN NaN NaN NaN NaN NaN NaN NaN NaN NaN NaN NaN NaN NaN NaN NaN NaN NaN NaN NaN NaN NaN NaN NaN NaN NaN NaN NaN NaN NaN NaN NaN NaN NaN NaN NaN NaN NaN NaN NaN 
NaN NaN NaN NaN NaN NaN NaN NaN NaN NaN NaN NaN NaN NaN NaN NaN NaN NaN NaN NaN NaN NaN NaN NaN NaN NaN NaN NaN NaN NaN NaN NaN NaN NaN NaN NaN NaN NaN NaN NaN 
NaN NaN NaN NaN NaN NaN NaN NaN NaN NaN NaN NaN NaN NaN NaN NaN NaN NaN NaN NaN NaN NaN NaN NaN NaN NaN NaN NaN NaN NaN NaN NaN NaN NaN NaN NaN NaN NaN NaN NaN 
NaN NaN NaN NaN NaN NaN NaN NaN NaN NaN NaN NaN NaN NaN NaN NaN NaN NaN NaN NaN NaN NaN NaN NaN NaN NaN NaN NaN NaN NaN NaN NaN NaN NaN NaN NaN NaN NaN NaN NaN 
NaN NaN NaN NaN NaN NaN NaN NaN NaN NaN NaN NaN NaN NaN NaN NaN NaN NaN NaN NaN NaN NaN NaN NaN NaN NaN NaN NaN NaN NaN NaN NaN NaN NaN NaN NaN NaN NaN NaN NaN 
NaN NaN NaN NaN NaN NaN NaN NaN NaN NaN NaN NaN NaN NaN NaN NaN NaN NaN NaN NaN NaN NaN NaN NaN NaN NaN NaN NaN NaN NaN NaN NaN NaN NaN NaN NaN NaN NaN NaN NaN 
NaN NaN NaN NaN NaN NaN NaN NaN NaN NaN NaN NaN NaN NaN NaN NaN NaN NaN NaN NaN NaN NaN NaN NaN NaN NaN NaN NaN NaN NaN NaN NaN NaN NaN NaN NaN NaN NaN NaN NaN 
NaN NaN NaN NaN NaN NaN NaN NaN NaN NaN NaN NaN NaN NaN NaN NaN NaN NaN NaN NaN NaN NaN NaN NaN NaN NaN NaN NaN NaN NaN NaN NaN NaN NaN NaN NaN NaN NaN NaN NaN 
NaN NaN NaN NaN NaN NaN NaN NaN NaN NaN NaN NaN NaN NaN NaN NaN NaN NaN NaN NaN NaN NaN NaN NaN NaN NaN NaN NaN NaN NaN NaN NaN NaN NaN NaN NaN NaN NaN NaN NaN 
NaN NaN NaN NaN NaN NaN NaN NaN NaN NaN NaN NaN NaN NaN NaN NaN NaN NaN NaN NaN NaN NaN NaN NaN NaN NaN NaN NaN NaN NaN NaN NaN NaN NaN NaN NaN NaN NaN NaN NaN 
NaN NaN NaN NaN NaN NaN NaN NaN NaN NaN NaN NaN NaN NaN NaN NaN NaN NaN NaN NaN NaN NaN NaN NaN NaN NaN NaN NaN NaN NaN NaN NaN NaN NaN NaN NaN NaN NaN NaN NaN 
NaN NaN NaN NaN NaN NaN NaN NaN NaN NaN NaN NaN NaN NaN NaN NaN NaN NaN NaN NaN NaN NaN NaN NaN NaN NaN NaN NaN NaN NaN NaN NaN NaN NaN NaN NaN NaN NaN NaN NaN 
NaN NaN NaN NaN NaN NaN NaN NaN NaN NaN NaN NaN NaN NaN NaN NaN NaN NaN NaN NaN NaN NaN NaN NaN NaN NaN NaN NaN NaN NaN NaN NaN NaN NaN NaN NaN NaN NaN NaN NaN 
NaN NaN NaN NaN NaN NaN NaN NaN NaN NaN NaN NaN NaN NaN NaN NaN NaN NaN NaN NaN NaN NaN NaN NaN NaN NaN NaN NaN NaN NaN NaN NaN NaN NaN NaN NaN NaN NaN NaN NaN 
NaN NaN NaN NaN NaN NaN NaN NaN NaN NaN NaN NaN NaN NaN NaN NaN NaN NaN NaN NaN NaN NaN NaN NaN NaN NaN NaN NaN NaN NaN NaN NaN NaN NaN NaN NaN NaN NaN NaN NaN 
NaN NaN NaN NaN NaN NaN NaN NaN NaN NaN NaN NaN NaN NaN NaN NaN NaN NaN NaN NaN NaN NaN NaN NaN NaN NaN NaN NaN NaN NaN NaN NaN NaN NaN NaN NaN NaN NaN NaN NaN 
NaN NaN NaN NaN NaN NaN NaN NaN NaN NaN NaN NaN NaN NaN NaN NaN NaN NaN NaN NaN NaN NaN NaN NaN NaN NaN NaN NaN NaN NaN NaN NaN NaN NaN NaN NaN NaN NaN NaN NaN 
NaN NaN NaN NaN NaN NaN NaN NaN NaN NaN NaN NaN NaN NaN NaN NaN NaN NaN NaN NaN NaN NaN NaN NaN NaN NaN NaN NaN NaN NaN NaN NaN NaN NaN NaN NaN NaN NaN NaN NaN 
NaN NaN NaN NaN NaN NaN NaN NaN NaN NaN NaN NaN NaN NaN NaN NaN NaN NaN NaN NaN NaN NaN NaN NaN NaN NaN NaN NaN NaN NaN NaN NaN NaN NaN NaN NaN NaN NaN NaN NaN 
NaN NaN NaN NaN NaN NaN NaN NaN NaN NaN NaN NaN NaN NaN NaN NaN NaN NaN NaN NaN NaN NaN NaN NaN NaN NaN NaN NaN NaN NaN NaN NaN NaN NaN NaN NaN NaN NaN NaN NaN 
NaN NaN NaN NaN NaN NaN NaN NaN NaN NaN NaN NaN NaN NaN NaN NaN NaN NaN NaN NaN NaN NaN NaN NaN NaN NaN NaN NaN NaN NaN NaN NaN NaN NaN NaN NaN NaN NaN NaN NaN 
NaN NaN NaN NaN NaN NaN NaN NaN NaN NaN NaN NaN NaN NaN NaN NaN NaN NaN NaN NaN NaN NaN NaN NaN NaN NaN NaN NaN NaN NaN NaN NaN NaN NaN NaN NaN NaN NaN NaN NaN 
NaN NaN NaN NaN NaN NaN NaN NaN NaN NaN NaN NaN NaN NaN NaN NaN NaN NaN NaN NaN NaN NaN NaN NaN NaN NaN NaN NaN NaN NaN NaN NaN NaN NaN NaN NaN NaN NaN NaN NaN 
NaN NaN NaN NaN NaN NaN NaN NaN NaN NaN NaN NaN NaN NaN NaN NaN NaN NaN NaN NaN NaN NaN NaN NaN NaN NaN NaN NaN NaN NaN NaN NaN NaN NaN NaN NaN NaN NaN NaN NaN 
NaN NaN NaN NaN NaN NaN NaN NaN NaN NaN NaN NaN NaN NaN NaN NaN NaN NaN NaN NaN NaN NaN NaN NaN NaN NaN NaN NaN NaN NaN NaN NaN NaN NaN NaN NaN NaN NaN NaN NaN 
NaN NaN NaN NaN NaN NaN NaN NaN NaN NaN NaN NaN NaN NaN NaN NaN NaN NaN NaN NaN NaN NaN NaN NaN NaN NaN NaN NaN NaN NaN NaN NaN NaN NaN NaN NaN NaN NaN NaN NaN 
NaN NaN NaN NaN NaN NaN NaN NaN NaN NaN NaN NaN NaN NaN NaN NaN NaN NaN NaN NaN NaN NaN NaN NaN NaN NaN NaN NaN NaN NaN NaN NaN NaN NaN NaN NaN NaN NaN NaN NaN 
NaN NaN NaN NaN NaN NaN NaN NaN NaN NaN NaN NaN NaN NaN NaN NaN NaN NaN NaN NaN NaN NaN NaN NaN NaN NaN NaN NaN NaN NaN NaN NaN NaN NaN NaN NaN NaN NaN NaN NaN 
NaN NaN NaN NaN NaN NaN NaN NaN NaN NaN NaN NaN NaN NaN NaN NaN NaN NaN NaN NaN NaN NaN NaN NaN NaN NaN NaN NaN NaN NaN NaN NaN NaN NaN NaN NaN NaN NaN NaN NaN 
NaN NaN NaN NaN NaN NaN NaN NaN NaN NaN NaN NaN NaN NaN NaN NaN NaN NaN NaN NaN NaN NaN NaN NaN NaN NaN NaN NaN NaN NaN NaN NaN NaN NaN NaN NaN NaN NaN NaN NaN 
NaN NaN NaN NaN NaN NaN NaN NaN NaN NaN NaN NaN NaN NaN NaN NaN NaN NaN NaN NaN NaN NaN NaN NaN NaN NaN NaN NaN NaN NaN NaN NaN NaN NaN NaN NaN NaN NaN NaN NaN 
NaN NaN NaN NaN NaN NaN NaN NaN NaN NaN NaN NaN NaN NaN NaN NaN NaN NaN NaN NaN NaN NaN NaN NaN NaN NaN NaN NaN NaN NaN NaN NaN NaN NaN NaN NaN NaN NaN NaN NaN 
NaN NaN NaN NaN NaN NaN NaN NaN NaN NaN NaN NaN NaN NaN NaN NaN NaN NaN NaN NaN NaN NaN NaN NaN NaN NaN NaN NaN NaN NaN NaN NaN NaN NaN NaN NaN NaN NaN NaN NaN 
NaN NaN NaN NaN NaN NaN NaN NaN NaN NaN NaN NaN NaN NaN NaN NaN NaN NaN NaN NaN NaN NaN NaN NaN NaN NaN NaN NaN NaN NaN NaN NaN NaN NaN NaN NaN NaN NaN NaN NaN 
NaN NaN NaN NaN NaN NaN NaN NaN NaN NaN NaN NaN NaN NaN NaN NaN NaN NaN NaN NaN NaN NaN NaN NaN NaN NaN NaN NaN NaN NaN NaN NaN NaN NaN NaN NaN NaN NaN NaN NaN 
NaN NaN NaN NaN NaN NaN NaN NaN NaN NaN NaN NaN NaN NaN NaN NaN NaN NaN NaN NaN NaN NaN NaN NaN NaN NaN NaN NaN NaN NaN NaN NaN NaN NaN NaN NaN NaN NaN NaN NaN 
NaN NaN NaN NaN NaN NaN NaN NaN NaN NaN NaN NaN NaN NaN NaN NaN NaN NaN NaN NaN NaN NaN NaN NaN NaN NaN NaN NaN NaN NaN NaN NaN NaN NaN NaN NaN NaN NaN NaN NaN 
NaN NaN NaN NaN NaN NaN NaN NaN NaN NaN NaN NaN NaN NaN NaN NaN NaN NaN NaN NaN NaN NaN NaN NaN NaN NaN NaN NaN NaN NaN NaN NaN NaN NaN NaN NaN NaN NaN NaN NaN 
NaN NaN NaN NaN NaN NaN NaN NaN NaN NaN NaN NaN NaN NaN NaN NaN NaN NaN NaN NaN NaN NaN NaN NaN NaN NaN NaN NaN NaN NaN NaN NaN NaN NaN NaN NaN NaN NaN NaN NaN 
NaN NaN NaN NaN NaN NaN NaN NaN NaN NaN NaN NaN NaN NaN NaN NaN NaN NaN NaN NaN NaN NaN NaN NaN NaN NaN NaN NaN NaN NaN NaN NaN NaN NaN NaN NaN NaN NaN NaN NaN 
NaN NaN NaN NaN NaN NaN NaN NaN NaN NaN NaN NaN NaN NaN NaN NaN NaN NaN NaN NaN NaN NaN NaN NaN NaN NaN NaN NaN NaN NaN NaN NaN NaN NaN NaN NaN NaN NaN NaN NaN 
NaN NaN NaN NaN NaN NaN NaN NaN NaN NaN NaN NaN NaN NaN NaN NaN NaN NaN NaN NaN NaN NaN NaN NaN NaN NaN NaN NaN NaN NaN NaN NaN NaN NaN NaN NaN NaN NaN NaN NaN 
NaN NaN NaN NaN NaN NaN NaN NaN NaN NaN NaN NaN NaN NaN NaN NaN NaN NaN NaN NaN NaN NaN NaN NaN NaN NaN NaN NaN NaN NaN NaN NaN NaN NaN NaN NaN NaN NaN NaN NaN 
NaN NaN NaN NaN NaN NaN NaN NaN NaN NaN NaN NaN NaN NaN NaN NaN NaN NaN NaN NaN NaN NaN NaN NaN NaN NaN NaN NaN NaN NaN NaN NaN NaN NaN NaN NaN NaN NaN NaN NaN 
NaN NaN NaN NaN NaN NaN NaN NaN NaN NaN NaN NaN NaN NaN NaN NaN NaN NaN NaN NaN NaN NaN NaN NaN NaN NaN NaN NaN NaN NaN NaN NaN NaN NaN NaN NaN NaN NaN NaN NaN 
NaN NaN NaN NaN NaN NaN NaN NaN NaN NaN NaN NaN NaN NaN NaN NaN NaN NaN NaN NaN NaN NaN NaN NaN NaN NaN NaN NaN NaN NaN NaN NaN NaN NaN NaN NaN NaN NaN NaN NaN 
NaN NaN NaN NaN NaN NaN NaN NaN NaN NaN NaN NaN NaN NaN NaN NaN NaN NaN NaN NaN NaN NaN NaN NaN NaN NaN NaN NaN NaN NaN NaN NaN NaN NaN NaN NaN NaN NaN NaN NaN 
NaN NaN NaN NaN NaN NaN NaN NaN NaN NaN NaN NaN NaN NaN NaN NaN NaN NaN NaN NaN NaN NaN NaN NaN NaN NaN NaN NaN NaN NaN NaN NaN NaN NaN NaN NaN NaN NaN NaN NaN 
NaN NaN NaN NaN NaN NaN NaN NaN NaN NaN NaN NaN NaN NaN NaN NaN NaN NaN NaN NaN NaN NaN NaN NaN NaN NaN NaN NaN NaN NaN NaN NaN NaN NaN NaN NaN NaN NaN NaN NaN 
NaN NaN NaN NaN NaN NaN NaN NaN NaN NaN NaN NaN NaN NaN NaN NaN NaN NaN NaN NaN NaN NaN NaN NaN NaN NaN NaN NaN NaN NaN NaN NaN NaN NaN NaN NaN NaN NaN NaN NaN 
NaN NaN NaN NaN NaN NaN NaN NaN NaN NaN NaN NaN NaN NaN NaN NaN NaN NaN NaN NaN NaN NaN NaN NaN NaN NaN NaN NaN NaN NaN NaN NaN NaN NaN NaN NaN NaN NaN NaN NaN 
NaN NaN NaN NaN NaN NaN NaN NaN NaN NaN NaN NaN NaN NaN NaN NaN NaN NaN NaN NaN NaN NaN NaN NaN NaN NaN NaN NaN NaN NaN NaN NaN NaN NaN NaN NaN NaN NaN NaN NaN 
NaN NaN NaN NaN NaN NaN NaN NaN NaN NaN NaN NaN NaN NaN NaN NaN NaN NaN NaN NaN NaN NaN NaN NaN NaN NaN NaN NaN NaN NaN NaN NaN NaN NaN NaN NaN NaN NaN NaN NaN 
NaN NaN NaN NaN NaN NaN NaN NaN NaN NaN NaN NaN NaN NaN NaN NaN NaN NaN NaN NaN NaN NaN NaN NaN NaN NaN NaN NaN NaN NaN NaN NaN NaN NaN NaN NaN NaN NaN NaN NaN 
NaN NaN NaN NaN NaN NaN NaN NaN NaN NaN NaN NaN NaN NaN NaN NaN NaN NaN NaN NaN NaN NaN NaN NaN NaN NaN NaN NaN NaN NaN NaN NaN NaN NaN NaN NaN NaN NaN NaN NaN 
NaN NaN NaN NaN NaN NaN NaN NaN NaN NaN NaN NaN NaN NaN NaN NaN NaN NaN NaN NaN NaN NaN NaN NaN NaN NaN NaN NaN NaN NaN NaN NaN NaN NaN NaN NaN NaN NaN NaN NaN 
NaN NaN NaN NaN NaN NaN NaN NaN NaN NaN NaN NaN NaN NaN NaN NaN NaN NaN NaN NaN NaN NaN NaN NaN NaN NaN NaN NaN NaN NaN NaN NaN NaN NaN NaN NaN NaN NaN NaN NaN 
NaN NaN NaN NaN NaN NaN NaN NaN NaN NaN NaN NaN NaN NaN NaN NaN NaN NaN NaN NaN NaN NaN NaN NaN NaN NaN NaN NaN NaN NaN NaN NaN NaN NaN NaN NaN NaN NaN NaN NaN 
NaN NaN NaN NaN NaN NaN NaN NaN NaN NaN NaN NaN NaN NaN NaN NaN NaN NaN NaN NaN NaN NaN NaN NaN NaN NaN NaN NaN NaN NaN NaN NaN NaN NaN NaN NaN NaN NaN NaN NaN 
NaN NaN NaN NaN NaN NaN NaN NaN NaN NaN NaN NaN NaN NaN NaN NaN NaN NaN NaN NaN NaN NaN NaN NaN NaN NaN NaN NaN NaN NaN NaN NaN NaN NaN NaN NaN NaN NaN NaN NaN 
NaN NaN NaN NaN NaN NaN NaN NaN NaN NaN NaN NaN NaN NaN NaN NaN NaN NaN NaN NaN NaN NaN NaN NaN NaN NaN NaN NaN NaN NaN NaN NaN NaN NaN NaN NaN NaN NaN NaN NaN 
NaN NaN NaN NaN NaN NaN NaN NaN NaN NaN NaN NaN NaN NaN NaN NaN NaN NaN NaN NaN NaN NaN NaN NaN NaN NaN NaN NaN NaN NaN NaN NaN NaN NaN NaN NaN NaN NaN NaN NaN 
NaN NaN NaN NaN NaN NaN NaN NaN NaN NaN NaN NaN NaN NaN NaN NaN NaN NaN NaN NaN NaN NaN NaN NaN NaN NaN NaN NaN NaN NaN NaN NaN NaN NaN NaN NaN NaN NaN NaN NaN 
NaN NaN NaN NaN NaN NaN NaN NaN NaN NaN NaN NaN NaN NaN NaN NaN NaN NaN NaN NaN NaN NaN NaN NaN NaN NaN NaN NaN NaN NaN NaN NaN NaN NaN NaN NaN NaN NaN NaN NaN 
NaN NaN NaN NaN NaN NaN NaN NaN NaN NaN NaN NaN NaN NaN NaN NaN NaN NaN NaN NaN NaN NaN NaN NaN NaN NaN NaN NaN NaN NaN NaN NaN NaN NaN NaN NaN NaN NaN NaN NaN 
NaN NaN NaN NaN NaN NaN NaN NaN NaN NaN NaN NaN NaN NaN NaN NaN NaN NaN NaN NaN NaN NaN NaN NaN NaN NaN NaN NaN NaN NaN NaN NaN NaN NaN NaN NaN NaN NaN NaN NaN 
NaN NaN NaN NaN NaN NaN NaN NaN NaN NaN NaN NaN NaN NaN NaN NaN NaN NaN NaN NaN NaN NaN NaN NaN NaN NaN NaN NaN NaN NaN NaN NaN NaN NaN NaN NaN NaN NaN NaN NaN 
NaN NaN NaN NaN NaN NaN NaN NaN NaN NaN NaN NaN NaN NaN NaN NaN NaN NaN NaN NaN NaN NaN NaN NaN NaN NaN NaN NaN NaN NaN NaN NaN NaN NaN NaN NaN NaN NaN NaN NaN 
NaN NaN NaN NaN NaN NaN NaN NaN NaN NaN NaN NaN NaN NaN NaN NaN NaN NaN NaN NaN NaN NaN NaN NaN NaN NaN NaN NaN NaN NaN NaN NaN NaN NaN NaN NaN NaN NaN NaN NaN 
NaN NaN NaN NaN NaN NaN NaN NaN NaN NaN NaN NaN NaN NaN NaN NaN NaN NaN NaN NaN NaN NaN NaN NaN NaN NaN NaN NaN NaN NaN NaN NaN NaN NaN NaN NaN NaN NaN NaN NaN 
NaN NaN NaN NaN NaN NaN NaN NaN NaN NaN NaN NaN NaN NaN NaN NaN NaN NaN NaN NaN NaN NaN NaN NaN NaN NaN NaN NaN NaN NaN NaN NaN NaN NaN NaN NaN NaN NaN NaN NaN 
NaN NaN NaN NaN NaN NaN NaN NaN NaN NaN NaN NaN NaN NaN NaN NaN NaN NaN NaN NaN NaN NaN NaN NaN NaN NaN NaN NaN NaN NaN NaN NaN NaN NaN NaN NaN NaN NaN NaN NaN 
