NaN NaN NaN NaN NaN NaN NaN NaN NaN NaN NaN NaN NaN NaN NaN NaN NaN NaN NaN NaN NaN NaN NaN NaN NaN NaN NaN NaN NaN NaN NaN NaN NaN NaN NaN NaN NaN NaN NaN NaN 
NaN NaN NaN NaN NaN NaN NaN NaN NaN NaN NaN NaN NaN NaN NaN NaN NaN NaN NaN NaN NaN NaN NaN NaN NaN NaN NaN NaN NaN NaN NaN NaN NaN NaN NaN NaN NaN NaN NaN NaN 
NaN NaN NaN NaN NaN NaN NaN NaN NaN NaN NaN NaN NaN NaN NaN NaN NaN NaN NaN NaN NaN NaN NaN NaN NaN NaN NaN NaN NaN NaN NaN NaN NaN NaN NaN NaN NaN NaN NaN NaN 
NaN NaN NaN NaN NaN NaN NaN NaN NaN NaN NaN NaN NaN NaN NaN NaN NaN NaN NaN NaN NaN NaN NaN NaN NaN NaN NaN NaN NaN NaN NaN NaN NaN NaN NaN NaN NaN NaN NaN NaN 
NaN NaN NaN NaN NaN NaN NaN NaN NaN NaN NaN NaN NaN NaN NaN NaN NaN NaN NaN NaN NaN NaN NaN NaN NaN NaN NaN NaN NaN NaN NaN NaN NaN NaN NaN NaN NaN NaN NaN NaN 
NaN NaN NaN NaN NaN NaN NaN NaN NaN NaN NaN NaN NaN NaN NaN NaN NaN NaN NaN NaN NaN NaN NaN NaN NaN NaN NaN NaN NaN NaN NaN NaN NaN NaN NaN NaN NaN NaN NaN NaN 
NaN NaN NaN NaN NaN NaN NaN NaN NaN NaN NaN NaN NaN NaN NaN NaN NaN NaN NaN NaN NaN NaN NaN NaN NaN NaN NaN NaN NaN NaN NaN NaN NaN NaN NaN NaN NaN NaN NaN NaN 
NaN NaN NaN NaN NaN NaN NaN NaN NaN NaN NaN NaN NaN NaN NaN NaN NaN NaN NaN NaN NaN NaN NaN NaN NaN NaN NaN NaN NaN NaN NaN NaN NaN NaN NaN NaN NaN NaN NaN NaN 
NaN NaN NaN NaN NaN NaN NaN NaN NaN NaN NaN NaN NaN NaN NaN NaN NaN NaN NaN NaN NaN NaN NaN NaN NaN NaN NaN NaN NaN NaN NaN NaN NaN NaN NaN NaN NaN NaN NaN NaN 
NaN NaN NaN NaN NaN NaN NaN NaN NaN NaN NaN NaN NaN NaN NaN NaN NaN NaN NaN NaN NaN NaN NaN NaN NaN NaN NaN NaN NaN NaN NaN NaN NaN NaN NaN NaN NaN NaN NaN NaN 
NaN NaN NaN NaN NaN NaN NaN NaN NaN NaN NaN NaN NaN NaN NaN NaN NaN NaN NaN NaN NaN NaN NaN NaN NaN NaN NaN NaN NaN NaN NaN NaN NaN NaN NaN NaN NaN NaN NaN NaN 
NaN NaN NaN NaN NaN NaN NaN NaN NaN NaN NaN NaN NaN NaN NaN NaN NaN NaN NaN NaN NaN NaN NaN NaN NaN NaN NaN NaN NaN NaN NaN NaN NaN NaN NaN NaN NaN NaN NaN NaN 
NaN NaN NaN NaN NaN NaN NaN NaN NaN NaN NaN NaN NaN NaN NaN NaN NaN NaN NaN NaN NaN NaN NaN NaN NaN NaN NaN NaN NaN NaN NaN NaN NaN NaN NaN NaN NaN NaN NaN NaN 
NaN NaN NaN NaN NaN NaN NaN NaN NaN NaN NaN NaN NaN NaN NaN NaN NaN NaN NaN NaN NaN NaN NaN NaN NaN NaN NaN NaN NaN NaN NaN NaN NaN NaN NaN NaN NaN NaN NaN NaN 
NaN NaN NaN NaN NaN NaN NaN NaN NaN NaN NaN NaN NaN NaN NaN NaN NaN NaN NaN NaN NaN NaN NaN NaN NaN NaN NaN NaN NaN NaN NaN NaN NaN NaN NaN NaN NaN NaN NaN NaN 
NaN NaN NaN NaN NaN NaN NaN NaN NaN NaN NaN NaN NaN NaN NaN NaN NaN NaN NaN NaN NaN NaN NaN NaN NaN NaN NaN NaN NaN NaN NaN NaN NaN NaN NaN NaN NaN NaN NaN NaN 
NaN NaN NaN NaN NaN NaN NaN NaN NaN NaN NaN NaN NaN NaN NaN NaN NaN NaN NaN NaN NaN NaN NaN NaN NaN NaN NaN NaN NaN NaN NaN NaN NaN NaN NaN NaN NaN NaN NaN NaN 
NaN NaN NaN NaN NaN NaN NaN NaN NaN NaN NaN NaN NaN NaN NaN NaN NaN NaN NaN NaN NaN NaN NaN NaN NaN NaN NaN NaN NaN NaN NaN NaN NaN NaN NaN NaN NaN NaN NaN NaN 
NaN NaN NaN NaN NaN NaN NaN NaN NaN NaN NaN NaN NaN NaN NaN NaN NaN NaN NaN NaN NaN NaN NaN NaN NaN NaN NaN NaN NaN NaN NaN NaN NaN NaN NaN NaN NaN NaN NaN NaN 
NaN NaN NaN NaN NaN NaN NaN NaN NaN NaN NaN NaN NaN NaN NaN NaN NaN NaN NaN NaN NaN NaN NaN NaN NaN NaN NaN NaN NaN NaN NaN NaN NaN NaN NaN NaN NaN NaN NaN NaN 
NaN NaN NaN NaN NaN NaN NaN NaN NaN NaN NaN NaN NaN NaN NaN NaN NaN NaN NaN NaN NaN NaN NaN NaN NaN NaN NaN NaN NaN NaN NaN NaN NaN NaN NaN NaN NaN NaN NaN NaN 
NaN NaN NaN NaN NaN NaN NaN NaN NaN NaN NaN NaN NaN NaN NaN NaN NaN NaN NaN NaN NaN NaN NaN NaN NaN NaN NaN NaN NaN NaN NaN NaN NaN NaN NaN NaN NaN NaN NaN NaN 
NaN NaN NaN NaN NaN NaN NaN NaN NaN NaN NaN NaN NaN NaN NaN NaN NaN NaN NaN NaN NaN NaN NaN NaN NaN NaN NaN NaN NaN NaN NaN NaN NaN NaN NaN NaN NaN NaN NaN NaN 
NaN NaN NaN NaN NaN NaN NaN NaN NaN NaN NaN NaN NaN NaN NaN NaN NaN NaN NaN NaN NaN NaN NaN NaN NaN NaN NaN NaN NaN NaN NaN NaN NaN NaN NaN NaN NaN NaN NaN NaN 
NaN NaN NaN NaN NaN NaN NaN NaN NaN NaN NaN NaN NaN NaN NaN NaN NaN NaN NaN NaN NaN NaN NaN NaN NaN NaN NaN NaN NaN NaN NaN NaN NaN NaN NaN NaN NaN NaN NaN NaN 
NaN NaN NaN NaN NaN NaN NaN NaN NaN NaN NaN NaN NaN NaN NaN NaN NaN NaN NaN NaN NaN NaN NaN NaN NaN NaN NaN NaN NaN NaN NaN NaN NaN NaN NaN NaN NaN NaN NaN NaN 
NaN NaN NaN NaN NaN NaN NaN NaN NaN NaN NaN NaN NaN NaN NaN NaN NaN NaN NaN NaN NaN NaN NaN NaN NaN NaN NaN NaN NaN NaN NaN NaN NaN NaN NaN NaN NaN NaN NaN NaN 
NaN NaN NaN NaN NaN NaN NaN NaN NaN NaN NaN NaN NaN NaN NaN NaN NaN NaN NaN NaN NaN NaN NaN NaN NaN NaN NaN NaN NaN NaN NaN NaN NaN NaN NaN NaN NaN NaN NaN NaN 
NaN NaN NaN NaN NaN NaN NaN NaN NaN NaN NaN NaN NaN NaN NaN NaN NaN NaN NaN NaN NaN NaN NaN NaN NaN NaN NaN NaN NaN NaN NaN NaN NaN NaN NaN NaN NaN NaN NaN NaN 
NaN NaN NaN NaN NaN NaN NaN NaN NaN NaN NaN NaN NaN NaN NaN NaN NaN NaN NaN NaN NaN NaN NaN NaN NaN NaN NaN NaN NaN NaN NaN NaN NaN NaN NaN NaN NaN NaN NaN NaN 
NaN NaN NaN NaN NaN NaN NaN NaN NaN NaN NaN NaN NaN NaN NaN NaN NaN NaN NaN NaN NaN NaN NaN NaN NaN NaN NaN NaN NaN NaN NaN NaN NaN NaN NaN NaN NaN NaN NaN NaN 
NaN NaN NaN NaN NaN NaN NaN NaN NaN NaN NaN NaN NaN NaN NaN NaN NaN NaN NaN NaN NaN NaN NaN NaN NaN NaN NaN NaN NaN NaN NaN NaN NaN NaN NaN NaN NaN NaN NaN NaN 
NaN NaN NaN NaN NaN NaN NaN NaN NaN NaN NaN NaN NaN NaN NaN NaN NaN NaN NaN NaN NaN NaN NaN NaN NaN NaN NaN NaN NaN NaN NaN NaN NaN NaN NaN NaN NaN NaN NaN NaN 
NaN NaN NaN NaN NaN NaN NaN NaN NaN NaN NaN NaN NaN NaN NaN NaN NaN NaN NaN NaN NaN NaN NaN NaN NaN NaN NaN NaN NaN NaN NaN NaN NaN NaN NaN NaN NaN NaN NaN NaN 
NaN NaN NaN NaN NaN NaN NaN NaN NaN NaN NaN NaN NaN NaN NaN NaN NaN NaN NaN NaN NaN NaN NaN NaN NaN NaN NaN NaN NaN NaN NaN NaN NaN NaN NaN NaN NaN NaN NaN NaN 
NaN NaN NaN NaN NaN NaN NaN NaN NaN NaN NaN NaN NaN NaN NaN NaN NaN NaN NaN NaN NaN NaN NaN NaN NaN NaN NaN NaN NaN NaN NaN NaN NaN NaN NaN NaN NaN NaN NaN NaN 
NaN NaN NaN NaN NaN NaN NaN NaN NaN NaN NaN NaN NaN NaN NaN NaN NaN NaN NaN NaN NaN NaN NaN NaN NaN NaN NaN NaN NaN NaN NaN NaN NaN NaN NaN NaN NaN NaN NaN NaN 
NaN NaN NaN NaN NaN NaN NaN NaN NaN NaN NaN NaN NaN NaN NaN NaN NaN NaN NaN NaN NaN NaN NaN NaN NaN NaN NaN NaN NaN NaN NaN NaN NaN NaN NaN NaN NaN NaN NaN NaN 
NaN NaN NaN NaN NaN NaN NaN NaN NaN NaN NaN NaN NaN NaN NaN NaN NaN NaN NaN NaN NaN NaN NaN NaN NaN NaN NaN NaN NaN NaN NaN NaN NaN NaN NaN NaN NaN NaN NaN NaN 
NaN NaN NaN NaN NaN NaN NaN NaN NaN NaN NaN NaN NaN NaN NaN NaN NaN NaN NaN NaN NaN NaN NaN NaN NaN NaN NaN NaN NaN NaN NaN NaN NaN NaN NaN NaN NaN NaN NaN NaN 
NaN NaN NaN NaN NaN NaN NaN NaN NaN NaN NaN NaN NaN NaN NaN NaN NaN NaN NaN NaN NaN NaN NaN NaN NaN NaN NaN NaN NaN NaN NaN NaN NaN NaN NaN NaN NaN NaN NaN NaN 
NaN NaN NaN NaN NaN NaN NaN NaN NaN NaN NaN NaN NaN NaN NaN NaN NaN NaN NaN NaN NaN NaN NaN NaN NaN NaN NaN NaN NaN NaN NaN NaN NaN NaN NaN NaN NaN NaN NaN NaN 
NaN NaN NaN NaN NaN NaN NaN NaN NaN NaN NaN NaN NaN NaN NaN NaN NaN NaN NaN NaN NaN NaN NaN NaN NaN NaN NaN NaN NaN NaN NaN NaN NaN NaN NaN NaN NaN NaN NaN NaN 
NaN NaN NaN NaN NaN NaN NaN NaN NaN NaN NaN NaN NaN NaN NaN NaN NaN NaN NaN NaN NaN NaN NaN NaN NaN NaN NaN NaN NaN NaN NaN NaN NaN NaN NaN NaN NaN NaN NaN NaN 
NaN NaN NaN NaN NaN NaN NaN NaN NaN NaN NaN NaN NaN NaN NaN NaN NaN NaN NaN NaN NaN NaN NaN NaN NaN NaN NaN NaN NaN NaN NaN NaN NaN NaN NaN NaN NaN NaN NaN NaN 
NaN NaN NaN NaN NaN NaN NaN NaN NaN NaN NaN NaN NaN NaN NaN NaN NaN NaN NaN NaN NaN NaN NaN NaN NaN NaN NaN NaN NaN NaN NaN NaN NaN NaN NaN NaN NaN NaN NaN NaN 
NaN NaN NaN NaN NaN NaN NaN NaN NaN NaN NaN NaN NaN NaN NaN NaN NaN NaN NaN NaN NaN NaN NaN NaN NaN NaN NaN NaN NaN NaN NaN NaN NaN NaN NaN NaN NaN NaN NaN NaN 
NaN NaN NaN NaN NaN NaN NaN NaN NaN NaN NaN NaN NaN NaN NaN NaN NaN NaN NaN NaN NaN NaN NaN NaN NaN NaN NaN NaN NaN NaN NaN NaN NaN NaN NaN NaN NaN NaN NaN NaN 
NaN NaN NaN NaN NaN NaN NaN NaN NaN NaN NaN NaN NaN NaN NaN NaN NaN NaN NaN NaN NaN NaN NaN NaN NaN NaN NaN NaN NaN NaN NaN NaN NaN NaN NaN NaN NaN NaN NaN NaN 
NaN NaN NaN NaN NaN NaN NaN NaN NaN NaN NaN NaN NaN NaN NaN NaN NaN NaN NaN NaN NaN NaN NaN NaN NaN NaN NaN NaN NaN NaN NaN NaN NaN NaN NaN NaN NaN NaN NaN NaN 
NaN NaN NaN NaN NaN NaN NaN NaN NaN NaN NaN NaN NaN NaN NaN NaN NaN NaN NaN NaN NaN NaN NaN NaN NaN NaN NaN NaN NaN NaN NaN NaN NaN NaN NaN NaN NaN NaN NaN NaN 
NaN NaN NaN NaN NaN NaN NaN NaN NaN NaN NaN NaN NaN NaN NaN NaN NaN NaN NaN NaN NaN NaN NaN NaN NaN NaN NaN NaN NaN NaN NaN NaN NaN NaN NaN NaN NaN NaN NaN NaN 
NaN NaN NaN NaN NaN NaN NaN NaN NaN NaN NaN NaN NaN NaN NaN NaN NaN NaN NaN NaN NaN NaN NaN NaN NaN NaN NaN NaN NaN NaN NaN NaN NaN NaN NaN NaN NaN NaN NaN NaN 
NaN NaN NaN NaN NaN NaN NaN NaN NaN NaN NaN NaN NaN NaN NaN NaN NaN NaN NaN NaN NaN NaN NaN NaN NaN NaN NaN NaN NaN NaN NaN NaN NaN NaN NaN NaN NaN NaN NaN NaN 
NaN NaN NaN NaN NaN NaN NaN NaN NaN NaN NaN NaN NaN NaN NaN NaN NaN NaN NaN NaN NaN NaN NaN NaN NaN NaN NaN NaN NaN NaN NaN NaN NaN NaN NaN NaN NaN NaN NaN NaN 
NaN NaN NaN NaN NaN NaN NaN NaN NaN NaN NaN NaN NaN NaN NaN NaN NaN NaN NaN NaN NaN NaN NaN NaN NaN NaN NaN NaN NaN NaN NaN NaN NaN NaN NaN NaN NaN NaN NaN NaN 
NaN NaN NaN NaN NaN NaN NaN NaN NaN NaN NaN NaN NaN NaN NaN NaN NaN NaN NaN NaN NaN NaN NaN NaN NaN NaN NaN NaN NaN NaN NaN NaN NaN NaN NaN NaN NaN NaN NaN NaN 
NaN NaN NaN NaN NaN NaN NaN NaN NaN NaN NaN NaN NaN NaN NaN NaN NaN NaN NaN NaN NaN NaN NaN NaN NaN NaN NaN NaN NaN NaN NaN NaN NaN NaN NaN NaN NaN NaN NaN NaN 
NaN NaN NaN NaN NaN NaN NaN NaN NaN NaN NaN NaN NaN NaN NaN NaN NaN NaN NaN NaN NaN NaN NaN NaN NaN NaN NaN NaN NaN NaN NaN NaN NaN NaN NaN NaN NaN NaN NaN NaN 
NaN NaN NaN NaN NaN NaN NaN NaN NaN NaN NaN NaN NaN NaN NaN NaN NaN NaN NaN NaN NaN NaN NaN NaN NaN NaN NaN NaN NaN NaN NaN NaN NaN NaN NaN NaN NaN NaN NaN NaN 
NaN NaN NaN NaN NaN NaN NaN NaN NaN NaN NaN NaN NaN NaN NaN NaN NaN NaN NaN NaN NaN NaN NaN NaN NaN NaN NaN NaN NaN NaN NaN NaN NaN NaN NaN NaN NaN NaN NaN NaN 
NaN NaN NaN NaN NaN NaN NaN NaN NaN NaN NaN NaN NaN NaN NaN NaN NaN NaN NaN NaN NaN NaN NaN NaN NaN NaN NaN NaN NaN NaN NaN NaN NaN NaN NaN NaN NaN NaN NaN NaN 
NaN NaN NaN NaN NaN NaN NaN NaN NaN NaN NaN NaN NaN NaN NaN NaN NaN NaN NaN NaN NaN NaN NaN NaN NaN NaN NaN NaN NaN NaN NaN NaN NaN NaN NaN NaN NaN NaN NaN NaN 
NaN NaN NaN NaN NaN NaN NaN NaN NaN NaN NaN NaN NaN NaN NaN NaN NaN NaN NaN NaN NaN NaN NaN NaN NaN NaN NaN NaN NaN NaN NaN NaN NaN NaN NaN NaN NaN NaN NaN NaN 
NaN NaN NaN NaN NaN NaN NaN NaN NaN NaN NaN NaN NaN NaN NaN NaN NaN NaN NaN NaN NaN NaN NaN NaN NaN NaN NaN NaN NaN NaN NaN NaN NaN NaN NaN NaN NaN NaN NaN NaN 
NaN NaN NaN NaN NaN NaN NaN NaN NaN NaN NaN NaN NaN NaN NaN NaN NaN NaN NaN NaN NaN NaN NaN NaN NaN NaN NaN NaN NaN NaN NaN NaN NaN NaN NaN NaN NaN NaN NaN NaN 
NaN NaN NaN NaN NaN NaN NaN NaN NaN NaN NaN NaN NaN NaN NaN NaN NaN NaN NaN NaN NaN NaN NaN NaN NaN NaN NaN NaN NaN NaN NaN NaN NaN NaN NaN NaN NaN NaN NaN NaN 
NaN NaN NaN NaN NaN NaN NaN NaN NaN NaN NaN NaN NaN NaN NaN NaN NaN NaN NaN NaN NaN NaN NaN NaN NaN NaN NaN NaN NaN NaN NaN NaN NaN NaN NaN NaN NaN NaN NaN NaN 
NaN NaN NaN NaN NaN NaN NaN NaN NaN NaN NaN NaN NaN NaN NaN NaN NaN NaN NaN NaN NaN NaN NaN NaN NaN NaN NaN NaN NaN NaN NaN NaN NaN NaN NaN NaN NaN NaN NaN NaN 
NaN NaN NaN NaN NaN NaN NaN NaN NaN NaN NaN NaN NaN NaN NaN NaN NaN NaN NaN NaN NaN NaN NaN NaN NaN NaN NaN NaN NaN NaN NaN NaN NaN NaN NaN NaN NaN NaN NaN NaN 
NaN NaN NaN NaN NaN NaN NaN NaN NaN NaN NaN NaN NaN NaN NaN NaN NaN NaN NaN NaN NaN NaN NaN NaN NaN NaN NaN NaN NaN NaN NaN NaN NaN NaN NaN NaN NaN NaN NaN NaN 
NaN NaN NaN NaN NaN NaN NaN NaN NaN NaN NaN NaN NaN NaN NaN NaN NaN NaN NaN NaN NaN NaN NaN NaN NaN NaN NaN NaN NaN NaN NaN NaN NaN NaN NaN NaN NaN NaN NaN NaN 
NaN NaN NaN NaN NaN NaN NaN NaN NaN NaN NaN NaN NaN NaN NaN NaN NaN NaN NaN NaN NaN NaN NaN NaN NaN NaN NaN NaN NaN NaN NaN NaN NaN NaN NaN NaN NaN NaN NaN NaN 
NaN NaN NaN NaN NaN NaN NaN NaN NaN NaN NaN NaN NaN NaN NaN NaN NaN NaN NaN NaN NaN NaN NaN NaN NaN NaN NaN NaN NaN NaN NaN NaN NaN NaN NaN NaN NaN NaN NaN NaN 
NaN NaN NaN NaN NaN NaN NaN NaN NaN NaN NaN NaN NaN NaN NaN NaN NaN NaN NaN NaN NaN NaN NaN NaN NaN NaN NaN NaN NaN NaN NaN NaN NaN NaN NaN NaN NaN NaN NaN NaN 
NaN NaN NaN NaN NaN NaN NaN NaN NaN NaN NaN NaN NaN NaN NaN NaN NaN NaN NaN NaN NaN NaN NaN NaN NaN NaN NaN NaN NaN NaN NaN NaN NaN NaN NaN NaN NaN NaN NaN NaN 
NaN NaN NaN NaN NaN NaN NaN NaN NaN NaN NaN NaN NaN NaN NaN NaN NaN NaN NaN NaN NaN NaN NaN NaN NaN NaN NaN NaN NaN NaN NaN NaN NaN NaN NaN NaN NaN NaN NaN NaN 
NaN NaN NaN NaN NaN NaN NaN NaN NaN NaN NaN NaN NaN NaN NaN NaN NaN NaN NaN NaN NaN NaN NaN NaN NaN NaN NaN NaN NaN NaN NaN NaN NaN NaN NaN NaN NaN NaN NaN NaN 
NaN NaN NaN NaN NaN NaN NaN NaN NaN NaN NaN NaN NaN NaN NaN NaN NaN NaN NaN NaN NaN NaN NaN NaN NaN NaN NaN NaN NaN NaN NaN NaN NaN NaN NaN NaN NaN NaN NaN NaN 
NaN NaN NaN NaN NaN NaN NaN NaN NaN NaN NaN NaN NaN NaN NaN NaN NaN NaN NaN NaN NaN NaN NaN NaN NaN NaN NaN NaN NaN NaN NaN NaN NaN NaN NaN NaN NaN NaN NaN NaN 
NaN NaN NaN NaN NaN NaN NaN NaN NaN NaN NaN NaN NaN NaN NaN NaN NaN NaN NaN NaN NaN NaN NaN NaN NaN NaN NaN NaN NaN NaN NaN NaN NaN NaN NaN NaN NaN NaN NaN NaN 
NaN NaN NaN NaN NaN NaN NaN NaN NaN NaN NaN NaN NaN NaN NaN NaN NaN NaN NaN NaN NaN NaN NaN NaN NaN NaN NaN NaN NaN NaN NaN NaN NaN NaN NaN NaN NaN NaN NaN NaN 
NaN NaN NaN NaN NaN NaN NaN NaN NaN NaN NaN NaN NaN NaN NaN NaN NaN NaN NaN NaN NaN NaN NaN NaN NaN NaN NaN NaN NaN NaN NaN NaN NaN NaN NaN NaN NaN NaN NaN NaN 
NaN NaN NaN NaN NaN NaN NaN NaN NaN NaN NaN NaN NaN NaN NaN NaN NaN NaN NaN NaN NaN NaN NaN NaN NaN NaN NaN NaN NaN NaN NaN NaN NaN NaN NaN NaN NaN NaN NaN NaN 
NaN NaN NaN NaN NaN NaN NaN NaN NaN NaN NaN NaN NaN NaN NaN NaN NaN NaN NaN NaN NaN NaN NaN NaN NaN NaN NaN NaN NaN NaN NaN NaN NaN NaN NaN NaN NaN NaN NaN NaN 
NaN NaN NaN NaN NaN NaN NaN NaN NaN NaN NaN NaN NaN NaN NaN NaN NaN NaN NaN NaN NaN NaN NaN NaN NaN NaN NaN NaN NaN NaN NaN NaN NaN NaN NaN NaN NaN NaN NaN NaN 
NaN NaN NaN NaN NaN NaN NaN NaN NaN NaN NaN NaN NaN NaN NaN NaN NaN NaN NaN NaN NaN NaN NaN NaN NaN NaN NaN NaN NaN NaN NaN NaN NaN NaN NaN NaN NaN NaN NaN NaN 
NaN NaN NaN NaN NaN NaN NaN NaN NaN NaN NaN NaN NaN NaN NaN NaN NaN NaN NaN NaN NaN NaN NaN NaN NaN NaN NaN NaN NaN NaN NaN NaN NaN NaN NaN NaN NaN NaN NaN NaN 
NaN NaN NaN NaN NaN NaN NaN NaN NaN NaN NaN NaN NaN NaN NaN NaN NaN NaN NaN NaN NaN NaN NaN NaN NaN NaN NaN NaN NaN NaN NaN NaN NaN NaN NaN NaN NaN NaN NaN NaN 
NaN NaN NaN NaN NaN NaN NaN NaN NaN NaN NaN NaN NaN NaN NaN NaN NaN NaN NaN NaN NaN NaN NaN NaN NaN NaN NaN NaN NaN NaN NaN NaN NaN NaN NaN NaN NaN NaN NaN NaN 
NaN NaN NaN NaN NaN NaN NaN NaN NaN NaN NaN NaN NaN NaN NaN NaN NaN NaN NaN NaN NaN NaN NaN NaN NaN NaN NaN NaN NaN NaN NaN NaN NaN NaN NaN NaN NaN NaN NaN NaN 
NaN NaN NaN NaN NaN NaN NaN NaN NaN NaN NaN NaN NaN NaN NaN NaN NaN NaN NaN NaN NaN NaN NaN NaN NaN NaN NaN NaN NaN NaN NaN NaN NaN NaN NaN NaN NaN NaN NaN NaN 
NaN NaN NaN NaN NaN NaN NaN NaN NaN NaN NaN NaN NaN NaN NaN NaN NaN NaN NaN NaN NaN NaN NaN NaN NaN NaN NaN NaN NaN NaN NaN NaN NaN NaN NaN NaN NaN NaN NaN NaN 
-62.138844 -66.741147 -70.694674 -72.631281 -74.398729 -73.922214 -75.985489 -81.535287 -92.107871 -93.913284 -89.912559 -80.949081 -83.684564 -87.258122 -87.550638 -82.786098 -85.311747 -85.891506 -82.387099 -83.984168 -83.599035 -86.908089 -91.754238 -83.683282 -81.349365 -81.791255 -79.585766 -81.434286 -83.943970 -85.220523 -84.439694 -81.433681 -79.823795 -78.138679 -77.759192 -77.707395 -80.252286 -80.472798 -82.840407 -87.145620 
-54.414633 -69.980557 -70.583573 -70.061157 -75.745692 -71.205381 -70.631177 -79.575178 -83.311119 -82.050799 -78.173959 -70.257474 -78.361940 -79.143730 -77.629387 -72.960402 -74.428367 -75.540304 -71.366507 -75.152262 -75.566293 -80.958554 -77.344400 -71.806661 -74.235555 -72.836477 -72.971253 -76.148949 -74.671365 -75.933671 -76.091116 -75.273577 -71.354270 -71.960224 -72.231523 -73.783640 -74.671653 -74.552625 -72.718189 -75.022638 
-54.629423 -67.879145 -66.248209 -66.823919 -72.674558 -69.536743 -72.854699 -76.173082 -74.978562 -75.270647 -72.565167 -70.972223 -75.459880 -78.064209 -75.624463 -71.141669 -68.414623 -74.397499 -68.179598 -72.813408 -73.349924 -77.924423 -72.397981 -72.593456 -75.829803 -72.802393 -74.642768 -72.758370 -70.448184 -73.039202 -75.190478 -72.538227 -72.141901 -72.189140 -74.166241 -72.672733 -71.775767 -74.148232 -73.567434 -72.835716 
-53.640543 -63.024923 -64.307388 -63.619160 -67.975905 -73.796801 -73.413409 -67.540755 -69.241548 -71.029649 -65.527080 -65.038115 -72.734103 -71.733908 -74.863253 -72.080795 -69.548592 -69.868954 -69.674369 -73.621073 -72.396188 -72.377833 -68.756119 -72.293669 -69.289777 -71.907994 -73.346549 -70.122141 -73.709952 -72.902994 -75.601718 -76.872464 -70.671559 -71.443925 -71.795308 -73.381345 -72.537565 -74.266307 -72.461215 -73.073296 
-28.454245 -29.937140 -35.961845 -36.848673 -38.946068 -42.206593 -47.241914 -46.755931 -47.529796 -53.276621 -57.411075 -53.300942 -56.939890 -61.881020 -64.705181 -59.428365 -58.382539 -61.623235 -58.885692 -64.987930 -61.890384 -58.781494 -61.917800 -63.493835 -65.593147 -60.795434 -62.790646 -61.203310 -60.155796 -66.085557 -69.830912 -66.633332 -66.022502 -65.212291 -66.468847 -65.921046 -64.893589 -66.111802 -69.282933 -71.436940 
-17.483458 -20.862794 -30.204994 -34.624798 -40.584944 -47.997564 -46.724258 -46.628971 -51.928433 -57.296181 -55.368742 -53.047438 -61.116899 -64.463157 -61.339318 -61.696769 -61.140092 -61.209318 -61.436318 -66.259619 -61.938379 -60.859076 -65.705269 -64.128403 -63.350889 -62.154436 -62.937098 -61.470275 -59.508417 -60.269448 -64.640185 -60.864139 -59.247191 -66.561739 -66.798493 -65.949634 -60.720037 -61.383938 -67.522227 -72.772940 
-17.073659 -21.632589 -30.890442 -37.066931 -41.593702 -46.818775 -46.085388 -45.683540 -49.963603 -49.831719 -58.799816 -56.202504 -55.869068 -61.819042 -58.412819 -61.206057 -54.715173 -53.409615 -55.020014 -67.082607 -57.738114 -55.688581 -62.977960 -60.181560 -61.944276 -61.758615 -61.665657 -61.636324 -57.089814 -60.760409 -62.629155 -60.206240 -61.324561 -63.542966 -63.706217 -66.441865 -64.668393 -65.512964 -71.497747 -71.083906 
-19.836643 -23.475658 -27.982938 -31.274001 -38.489099 -39.905463 -33.036664 -37.867470 -43.492164 -43.472495 -48.997924 -46.383379 -43.075357 -49.905077 -52.348207 -51.978777 -45.886224 -46.264386 -45.257344 -54.749113 -55.198214 -56.076798 -54.522182 -56.703694 -57.520414 -65.021059 -63.479907 -57.701325 -54.238549 -55.017248 -53.835757 -54.410094 -56.381123 -54.911399 -59.544013 -62.983319 -60.606602 -57.611377 -56.615212 -59.608070 
-21.259381 -22.444341 -25.244609 -28.761561 -33.545836 -33.570242 -26.974129 -31.808613 -43.682546 -43.996261 -45.749563 -48.328001 -42.528708 -40.844335 -44.565377 -44.009379 -48.251528 -38.911937 -37.863181 -47.374923 -56.594610 -49.007256 -44.994073 -45.633740 -49.407619 -49.619058 -51.583280 -39.791887 -39.158597 -37.695259 -31.151521 -34.919047 -38.094270 -32.940987 -38.172047 -42.792116 -35.756167 -33.832715 -38.713046 -39.355232 
-18.006378 -24.487064 -34.498633 -39.029374 -44.966264 -33.863098 -30.684676 -36.391130 -45.159897 -44.730468 -52.301159 -43.625349 -41.159556 -37.314496 -40.785080 -42.963966 -47.736630 -41.055770 -36.560456 -43.184074 -53.735630 -47.105350 -40.932175 -41.611734 -50.696555 -46.179139 -34.738329 -25.856971 -22.829889 -31.295939 -24.798274 -24.140092 -22.858959 -19.405592 -21.086799 -23.375969 -21.858289 -19.001202 -22.679946 -22.843478 
-17.607196 -23.382502 -40.742128 -47.820790 -49.587454 -48.548661 -53.246999 -48.655418 -49.004333 -51.725432 -52.765672 -54.985634 -53.893536 -51.083752 -49.510287 -52.088504 -57.430796 -55.716945 -50.619955 -53.444112 -53.807294 -52.869397 -49.661683 -46.792078 -54.732533 -50.196140 -32.472071 -24.028981 -19.086297 -24.610102 -19.860232 -15.179841 -15.696256 -9.141261 -9.566538 -13.376285 -10.316814 -9.063384 -14.795445 -15.251618 
-17.689763 -17.850681 -27.204412 -39.639949 -45.020276 -44.212209 -38.247876 -30.432673 -32.694012 -37.125797 -34.714631 -35.430783 -36.490188 -34.131802 -37.297396 -41.228405 -42.298664 -41.694622 -36.943669 -39.279099 -45.170623 -38.898983 -42.455963 -35.092219 -36.280053 -34.038393 -26.407485 -20.116773 -15.418650 -19.327040 -15.069504 -11.650904 -14.819581 -7.172194 -7.639844 -13.771169 -7.115082 -3.421249 -6.440829 -12.716243 
-22.610887 -21.673596 -28.192848 -36.004579 -35.787732 -39.148461 -34.026326 -27.323932 -30.503842 -33.065107 -34.234070 -35.198322 -36.118220 -33.430532 -35.681708 -37.739172 -39.449078 -38.709050 -33.679148 -35.760636 -39.122651 -33.273145 -34.496068 -29.912732 -32.675436 -30.273704 -24.802750 -20.779996 -21.050221 -21.271724 -15.327955 -11.339259 -9.492427 -0.236799 0.560929 -6.910793 -2.763806 -0.884365 -4.155048 -5.879866 
-27.273376 -28.797100 -34.985374 -43.773355 -38.581316 -34.051751 -35.164381 -30.841565 -31.005988 -35.737135 -32.172588 -33.084986 -31.301904 -32.259206 -31.339595 -35.089319 -38.631004 -33.973968 -31.741921 -28.045735 -34.605096 -32.643723 -34.387620 -32.383382 -31.305419 -26.594515 -22.463259 -17.593213 -19.639469 -17.415015 -12.903258 -8.804391 -6.511612 -0.736875 2.245539 -2.692252 -0.344364 2.687243 -0.702317 -4.536181 
-38.088778 -30.364148 -36.209592 -39.517297 -39.557517 -42.564930 -39.689110 -39.069121 -36.391764 -35.346519 -33.234329 -30.897727 -29.760681 -28.141090 -27.510659 -34.185498 -30.707134 -28.198123 -30.868193 -27.519698 -31.512314 -32.143876 -33.369413 -27.735246 -29.324434 -29.272340 -21.760514 -17.784831 -16.938307 -18.739057 -16.159167 -7.199907 -4.077760 -4.210143 -0.169880 0.401233 0.946987 -2.078776 -1.082404 -4.404837 
-27.592231 -29.736076 -33.187113 -35.872281 -34.863380 -37.418317 -34.355214 -33.296800 -39.945899 -34.258486 -27.097196 -31.459310 -35.289498 -30.581095 -32.174355 -33.704714 -32.707961 -37.902024 -31.379157 -29.125561 -33.194147 -30.818416 -30.323649 -23.457557 -29.104938 -28.973536 -23.518664 -17.231260 -16.950394 -16.148759 -9.017892 -2.926820 -2.325143 0.585684 1.877835 -0.865083 1.562715 -2.149419 -1.925457 -2.079888 
-25.783368 -27.668439 -29.606048 -25.347705 -26.422057 -34.182575 -28.300179 -28.113866 -39.415823 -26.820459 -24.184100 -27.769495 -27.263657 -27.264603 -27.509549 -33.425004 -30.483823 -30.642878 -33.941064 -21.781514 -23.063038 -29.977813 -22.383295 -17.713345 -24.236162 -22.978397 -19.229981 -18.402401 -10.715559 -15.703665 -9.482228 -0.538617 -0.977054 -3.576975 1.533907 0.427417 0.650715 -0.623888 -2.813698 -4.095835 
-24.287522 -20.460499 -20.107128 -24.839910 -26.467908 -25.850594 -26.999038 -26.827572 -30.355238 -27.200571 -27.451542 -25.552544 -23.371636 -20.701990 -24.469412 -28.293264 -28.269003 -25.973615 -24.252814 -11.261239 -15.323424 -21.443016 -21.977294 -11.725103 -21.118777 -22.850782 -15.686472 -13.902542 -7.895283 -14.942764 -11.082457 -3.342359 -2.922280 -0.731245 -0.825193 -4.308953 -3.012773 -2.490756 -2.689351 -9.362095 
-11.562176 -7.825462 -10.323672 -14.532607 -14.435589 -12.487270 -24.645975 -21.185032 -24.034053 -30.072472 -27.788883 -20.847931 -23.809426 -20.941808 -21.414970 -26.460195 -30.868410 -31.165128 -22.814454 -9.750268 -5.365811 -15.456648 -19.857025 -8.609490 -15.707726 -19.624757 -13.840018 -9.988672 -5.151821 -13.785295 -13.731726 -3.555912 -2.516282 -0.348570 -3.242513 -9.345258 -6.540161 -4.105963 -1.048426 -7.294416 
-6.711407 11.006366 17.769840 16.186550 8.129649 2.030504 4.037170 -4.698438 -12.848306 -13.645145 -17.795692 -13.402173 -14.696023 -20.058903 -17.479376 -16.970726 -19.529807 -17.788647 -15.492021 -11.632484 -4.439225 -9.675299 -12.417216 -3.522149 -9.018981 -16.201865 -14.709328 -11.950788 -6.798768 -14.387656 -17.748076 -8.376905 -7.039669 -4.311837 -8.568157 -16.594565 -14.080549 -9.067940 -8.146023 -11.319787 
-4.295160 16.317635 26.302335 22.754909 18.220008 21.908355 13.751040 1.542794 -7.608111 -10.155124 -11.066800 -9.923963 -9.642735 -13.095837 -20.190565 -16.952156 -14.947605 -11.479009 -8.684377 -4.884138 1.961438 2.460899 -4.822501 -0.313575 -4.490965 -10.554514 -7.955239 -7.831912 -12.046203 -19.745238 -27.206382 -15.843396 -14.710766 -13.692845 -10.691555 -22.374218 -21.010675 -13.588029 -10.552349 -18.822601 
-10.652837 16.805860 27.505888 22.632440 22.686536 28.407941 16.050646 3.185221 -6.093079 -6.017785 -10.675876 -10.992672 -9.840599 -9.805211 -14.904095 -14.070217 -13.286294 -9.722380 -8.143602 -5.120168 2.109849 6.275632 -2.540849 3.309141 1.714448 -6.370142 -6.174010 -3.446319 -5.469403 -16.101752 -28.810474 -21.376016 -18.842666 -18.141848 -15.496240 -29.039257 -29.324155 -16.920716 -15.054092 -21.952641 
-4.035748 15.190062 27.171682 23.265248 22.174814 29.537107 17.937992 -7.572213 -12.240430 -7.902619 -7.688048 -10.570451 -14.144212 -13.854821 -13.198521 -15.254417 -14.544253 -9.982450 -9.776837 -6.245909 0.782113 6.474282 1.423025 1.848960 3.298719 -6.042638 -6.534585 -0.945205 -4.608748 -19.995799 -31.505102 -25.257677 -23.260727 -25.358453 -22.215744 -32.657536 -27.966155 -23.212578 -22.611352 -25.008203 
-11.966498 12.967336 26.319410 23.507410 17.117394 28.076809 19.903596 -2.892592 -4.370192 -10.034017 -5.245648 -9.642645 -9.878407 -14.725086 -17.054671 -16.506276 -15.098056 -10.431348 -10.356992 -9.101765 -1.690116 5.581485 2.281123 1.921277 1.971044 -4.837487 -5.411806 -1.888078 -4.225592 -18.584639 -36.070732 -29.329728 -29.515493 -33.687385 -33.900756 -33.913412 -27.920762 -33.481649 -27.764551 -25.298835 
-12.559906 10.375890 25.973284 25.040901 10.813811 24.568321 20.651551 -2.421338 -1.367122 -8.270401 -3.920185 -9.504515 -7.145128 -13.738491 -14.920063 -13.035658 -15.410229 -13.983600 -10.105020 -9.151576 -2.619045 7.057550 1.947843 0.139930 -0.826425 -8.926380 -10.023291 -6.873235 -10.195437 -18.717156 -28.091139 -28.537322 -28.966831 -30.793426 -29.687817 -28.961703 -24.288424 -28.569945 -26.132531 -21.913796 
-17.313164 9.229544 25.753488 26.295449 9.872744 20.983176 21.057284 -0.940252 -2.840156 -14.682515 -6.164741 -12.968926 -7.100327 -12.927430 -12.434035 -17.103595 -14.688714 -13.203142 -11.226670 -14.926762 -2.061885 6.067954 1.170369 -0.550618 -2.012446 -12.315796 -12.233825 -12.322811 -12.236269 -17.366119 -27.511917 -30.557366 -28.633668 -33.331994 -31.167311 -30.071254 -22.989621 -27.503430 -29.431086 -23.890015 
-9.930735 5.995502 24.361711 26.866279 10.782828 18.010947 20.831357 3.615374 -4.888199 -10.081631 -6.305576 -9.035610 -10.174458 -12.545316 -10.605786 -17.688671 -19.118354 -13.952391 -11.357893 -13.734620 -4.209704 3.906028 1.967856 0.882402 -5.610889 -11.245253 -8.398760 -7.214862 -11.966809 -18.141328 -23.385754 -24.757611 -26.984074 -31.259130 -30.703415 -30.973608 -21.122666 -25.889755 -28.661212 -24.607668 
-11.914728 1.895456 23.810974 27.444687 12.896178 14.868790 21.158544 5.986389 -7.546659 -10.879618 -9.615869 -8.043656 -13.995336 -13.257009 -12.851066 -16.044536 -15.968942 -12.887550 -11.866024 -8.431078 -2.515003 5.845783 -0.801680 -0.124238 -5.899544 -9.203178 -12.459401 -6.985006 -11.783399 -18.207792 -26.693332 -27.328268 -27.897935 -39.894363 -42.492880 -40.197116 -20.530984 -28.189963 -32.682658 -23.759768 
-15.950010 0.220375 22.770727 27.865922 14.436116 13.017466 21.324557 8.340943 -4.643349 -7.704986 -12.102601 -6.303144 -14.350084 -10.746046 -14.093919 -14.834694 -14.224383 -13.590456 -9.924752 -5.160628 2.217505 7.152613 0.837039 1.502565 -7.693098 -13.081361 -10.719817 -7.552615 -14.162457 -16.881666 -24.584957 -24.680031 -25.864389 -34.048598 -34.566864 -34.245063 -24.819926 -27.330780 -31.138418 -24.503637 
-15.062663 0.049841 22.432554 27.875188 15.566407 13.691428 21.908349 10.307371 -3.813727 -5.606911 -12.435670 -6.485993 -15.838004 -12.417207 -15.674612 -15.488160 -13.788792 -8.651864 -7.321764 -2.635503 2.839954 2.041744 0.349404 -6.501785 -14.432091 -19.441272 -13.722304 -10.405342 -14.308160 -16.737877 -25.854510 -28.774618 -30.256031 -38.069023 -37.793277 -38.125956 -30.243337 -31.217961 -35.397655 -30.065796 
-7.660130 7.027985 22.752697 24.801726 14.924610 13.544640 17.859614 8.509822 -6.652888 -9.089769 -8.533891 -8.741799 -12.305810 -10.704419 -16.620009 -16.668655 -12.330866 -11.842446 -9.559962 -6.240901 -4.862875 -8.385292 -9.203927 -14.030957 -22.717062 -25.745473 -25.022442 -22.362859 -21.994721 -21.521815 -31.550819 -32.371103 -33.374437 -40.675352 -38.719338 -40.222923 -35.739474 -36.317067 -39.531974 -34.056223 
-7.655681 9.156274 21.805576 19.162093 5.404790 8.124380 6.307671 -1.573423 -7.178077 -17.267748 -16.472208 -21.178612 -22.071234 -23.959996 -27.010336 -28.862278 -23.432213 -23.228198 -21.113137 -15.946174 -24.802521 -22.037079 -19.593413 -19.617249 -29.709827 -29.811633 -26.987996 -27.510614 -31.425287 -26.628218 -36.042112 -42.930975 -43.746358 -50.872665 -49.645388 -52.476195 -46.660676 -46.477700 -53.693261 -44.325100 
-16.089577 8.415679 22.199599 19.894853 2.945369 5.282928 -1.400334 -10.155255 -10.958149 -20.943488 -29.154851 -23.816727 -24.873933 -32.865018 -35.121104 -30.351753 -34.002587 -32.299235 -30.643497 -33.363652 -29.791389 -26.958475 -25.822133 -28.095860 -34.301151 -42.274916 -40.621516 -42.384862 -39.438528 -38.812697 -47.426185 -50.551470 -51.424492 -53.474556 -52.856893 -54.237559 -52.398336 -53.982461 -55.330104 -50.433238 
-23.965589 7.725365 21.126643 18.049446 -1.225041 0.815341 -7.555068 -6.833567 -9.295084 -26.415368 -32.693787 -23.756696 -23.489296 -32.085002 -33.934332 -36.209568 -37.380463 -38.803809 -37.417446 -36.452947 -34.475871 -38.186408 -37.327768 -40.191413 -42.420868 -46.321714 -47.070183 -46.522760 -45.194859 -45.770703 -49.825134 -51.371245 -52.166406 -52.926289 -53.043832 -53.894133 -54.005521 -54.118962 -54.648215 -54.853482 
-25.561391 7.441345 19.709682 15.543476 -3.960109 -4.369764 -10.283910 -7.520081 -12.538270 -23.507819 -27.686331 -24.707468 -26.494076 -31.484176 -31.481527 -35.928406 -37.506295 -36.568254 -39.494664 -40.512956 -40.784595 -38.790097 -41.707778 -44.842441 -45.053588 -45.882807 -45.767142 -45.736889 -47.067910 -47.546333 -48.472009 -49.190584 -49.607165 -50.287857 -50.618210 -51.069618 -51.259579 -51.597612 -51.891076 -52.025523 
-17.169016 7.311092 17.868573 12.120347 -6.902377 -8.522648 -14.577323 -5.619173 -16.283793 -22.040826 -27.110413 -26.172034 -28.843914 -30.766258 -31.745126 -37.477042 -37.271603 -39.159037 -40.026233 -40.309843 -40.754561 -40.780479 -41.694550 -43.693040 -44.124506 -44.593240 -44.642101 -45.084061 -46.848602 -47.246576 -47.456206 -48.177169 -48.693753 -49.111102 -49.408409 -49.788936 -50.212959 -50.423031 -50.504623 -50.719190 
-20.795961 5.718311 15.743685 8.936288 -9.009610 -7.609659 -16.128621 -9.298090 -20.561822 -23.429803 -28.290358 -28.551006 -33.244000 -32.031128 -31.777009 -34.982616 -38.410489 -42.436422 -42.292709 -46.018007 -44.787423 -44.335666 -45.890510 -43.315685 -43.112881 -43.450873 -42.874719 -40.514694 -42.482992 -50.401911 -53.035566 -52.673722 -54.134376 -47.755800 -49.412174 -49.643837 -46.725210 -49.151921 -48.258111 -51.143819 
-6.786523 4.953087 15.128825 8.503978 -3.545831 -2.672277 -7.179862 -11.655468 -14.598245 -18.787569 -21.102833 -18.949828 -19.489123 -23.013566 -15.481392 -11.872729 -13.937980 -17.145266 -19.427737 -19.488660 -23.209576 -29.584607 -31.743138 -22.546351 -23.272779 -23.917502 -24.353395 -23.802328 -26.614686 -29.813764 -31.175795 -31.986567 -31.351466 -28.014065 -26.992164 -27.647448 -24.365375 -30.688445 -31.814600 -34.945715 
3.679389 9.765570 19.594039 18.139755 8.524216 13.352824 11.411801 7.202485 2.629715 -3.482226 -2.042774 -3.257869 -3.262983 -3.413148 -2.438460 -1.773423 -5.751457 -7.235336 -7.245976 -12.442338 -13.928271 -20.979878 -23.553542 -25.407164 -26.880786 -25.268910 -23.479917 -28.167002 -27.519952 -29.858675 -30.109027 -29.508154 -32.109676 -31.305379 -28.951939 -30.918877 -29.035252 -26.465492 -33.867443 -34.170441 
2.309965 11.801817 22.907980 18.445838 15.991190 22.251118 13.829642 16.245511 8.995864 7.837881 -1.179298 -2.634590 2.548693 3.604139 4.938929 10.062423 6.240601 0.892532 4.494095 -2.193807 -8.627341 -22.053169 -26.784556 -21.419453 -18.886781 -27.572953 -29.835984 -32.050975 -32.505892 -31.657300 -31.376270 -33.326150 -33.940122 -35.624287 -37.666234 -38.369666 -34.923668 -25.735839 -31.760542 -32.061936 
-3.600042 13.801718 22.984614 16.692483 18.991629 23.076858 15.153842 23.143713 14.487413 11.311812 0.412629 -3.003150 4.323966 3.544386 6.223142 12.832626 11.202860 6.666044 6.949720 4.336898 -5.998044 -15.294072 -21.911423 -18.037812 -13.282955 -26.347463 -33.401820 -34.626108 -35.119380 -32.890050 -30.905002 -32.018243 -35.361886 -37.087878 -43.036373 -48.066785 -31.050438 -21.320609 -32.894788 -36.614859 
-5.751263 14.088285 22.114440 14.424395 18.812118 19.667109 16.760646 25.427885 16.106092 10.216916 0.413126 -1.014599 3.543891 2.691117 4.885902 8.726788 13.801621 9.367370 7.983564 7.418452 -0.538794 -12.561720 -16.292800 -16.455560 -10.357754 -23.606671 -27.535470 -28.261579 -28.913851 -29.070328 -29.700190 -30.009818 -30.775713 -30.931196 -31.993820 -32.439839 -28.598957 -24.185995 -32.347592 -33.173964 
-4.116762 14.918153 21.261980 12.896482 19.001508 15.792271 16.953056 20.374524 15.749013 11.611879 -3.135440 2.385508 3.801890 2.640115 2.799771 6.192891 12.414398 12.518769 6.759616 8.778512 3.145293 -9.030258 -14.822816 -15.142855 -10.356804 -20.925932 -28.222152 -29.688975 -30.263573 -31.043908 -31.827525 -32.251244 -32.578356 -29.927464 -32.865846 -34.649676 -28.224341 -22.130048 -31.004173 -33.063886 
-3.680689 15.352748 20.121643 11.747756 18.505820 13.899202 13.758155 12.994120 19.758430 13.588002 3.781669 6.768549 3.036296 1.937243 1.296282 1.712149 9.355759 12.306406 7.915752 4.909737 5.460733 -1.204177 -13.267672 -14.540857 -8.797876 -13.258670 -25.179763 -29.419974 -31.796901 -32.507268 -32.792873 -34.008839 -33.006422 -29.818365 -33.238894 -36.348662 -29.078200 -21.732236 -29.241910 -34.264178 
-3.113042 15.542165 18.966208 11.570273 16.932103 10.358671 8.915796 9.679732 22.626038 14.273723 8.853174 10.784874 4.279348 1.288572 -1.454546 -2.004882 5.350841 9.734326 2.418584 -1.219683 0.349068 2.788635 -5.238578 -11.994036 -16.575033 -9.111452 -17.024668 -26.932432 -32.825162 -35.582342 -38.275708 -38.344982 -35.668535 -30.618517 -35.778495 -43.329990 -31.822591 -27.136504 -31.290292 -37.395366 
-1.138380 15.514534 17.814844 10.989213 15.274079 6.450417 5.984943 10.488072 20.116243 14.752338 12.584512 9.577761 -0.685965 0.172119 -0.704247 -2.494875 2.378564 5.262799 -2.180105 -5.242335 -5.331563 1.379436 -1.578971 -14.000960 -19.706759 -12.050194 -12.749212 -24.623350 -34.123603 -34.919354 -38.861700 -40.529587 -32.944307 -32.195678 -39.073038 -55.757058 -37.990755 -30.782801 -29.587082 -40.162168 
-1.321485 15.663667 17.401364 10.320441 13.291147 3.332485 1.778335 10.226767 13.734434 17.618950 12.490721 7.640813 0.533990 3.729305 -0.773083 1.000719 3.302590 6.190064 -0.296958 -8.364292 -11.194541 -6.826808 -1.627192 -14.190635 -21.209708 -22.798091 -19.962824 -24.711120 -35.484394 -41.848937 -41.449289 -41.093598 -38.420232 -35.678415 -37.154807 -44.905932 -39.617214 -33.122965 -31.249162 -40.568643 
0.525822 15.583330 15.937348 10.732793 11.539974 0.041956 -3.139957 7.734897 8.358848 16.599659 15.134640 10.178828 -0.175126 1.039064 -1.940357 1.159764 1.393381 7.202625 -4.707958 -10.561692 -12.241007 -12.528749 -6.417533 -9.776072 -24.251730 -28.022531 -25.312347 -21.615038 -32.777823 -37.787963 -37.779654 -37.194142 -36.414847 -36.410065 -36.634629 -41.045464 -39.703494 -34.599807 -30.875033 -39.798353 
-0.158315 14.662948 13.933642 10.571596 9.876104 -1.230814 -0.690195 7.229897 4.456224 9.858799 13.888762 4.729604 3.182470 2.079059 -3.410129 -2.995049 0.987546 4.429070 -6.765819 -16.339275 -13.306064 -16.759318 -9.132644 -9.745578 -22.946165 -29.658962 -26.056430 -17.564736 -25.040949 -35.174310 -40.728254 -39.394012 -38.402269 -34.176130 -37.137534 -45.137463 -41.737615 -30.830674 -32.163110 -41.731229 
1.012848 14.537875 13.349671 10.564364 6.759094 -5.887839 -1.576477 3.911442 0.898817 5.967553 8.504014 4.322576 6.686876 1.999410 -1.860225 -4.086008 -1.865062 -5.727633 -9.908818 -15.081270 -19.445482 -20.985300 -15.276812 -17.582517 -25.720540 -27.811956 -28.115168 -21.191809 -19.515004 -28.703889 -37.166936 -38.931773 -35.871219 -34.209027 -37.470950 -55.890446 -48.902745 -32.831742 -35.041969 -41.271200 
2.711426 13.773260 11.229723 8.147999 3.010740 -6.795781 1.303463 4.655891 3.034642 7.686604 7.882055 8.182945 3.457006 -7.734005 -6.704505 -5.664822 -2.091180 -2.369766 -10.161113 -17.905675 -22.403401 -22.469975 -22.623542 -18.981098 -26.731052 -28.860980 -27.060636 -23.598145 -27.052646 -36.334884 -43.316213 -38.684328 -37.183634 -33.352955 -36.130487 -51.515262 -50.060251 -35.469938 -34.774465 -39.369670 
1.020903 11.900200 9.193446 6.261042 0.907412 -7.113345 -1.942860 -0.334609 -0.899626 0.797735 4.009946 3.295690 -3.416366 -2.978666 -3.594469 -3.567517 -0.428207 -3.980475 -12.122492 -16.517873 -22.940114 -24.187085 -18.460152 -12.826492 -21.908035 -29.710071 -29.494748 -22.200742 -22.848918 -33.063112 -45.372541 -40.624484 -37.278905 -36.638163 -37.805993 -50.322805 -48.881470 -36.969731 -35.647597 -38.320984 
0.431320 10.291491 6.807013 3.120116 -1.533041 -4.956467 -8.284489 -7.552784 -6.699959 -1.728702 4.886903 2.974668 -0.666991 -9.683545 -14.702358 -8.277340 -4.729037 -10.124808 -13.769286 -21.522273 -28.992895 -31.774692 -23.920072 -17.214921 -27.383680 -32.922293 -35.138577 -27.861344 -31.844755 -37.400487 -43.575645 -41.899073 -38.425270 -37.843980 -41.325048 -48.245736 -47.890925 -37.380125 -36.986997 -41.542220 
-1.024767 8.757777 5.089094 -1.611703 -5.797093 -5.687517 -15.219947 -20.130305 -12.432316 -8.697385 -5.317833 -3.240818 -1.625765 -8.730972 -18.338949 -11.645474 -5.569775 -9.113031 -18.789233 -25.419041 -36.824386 -35.773521 -30.380586 -22.508830 -28.484201 -37.129496 -33.849221 -29.218408 -35.228233 -44.107140 -51.358884 -49.124808 -37.331075 -36.234818 -43.113920 -52.621453 -53.539060 -37.872655 -39.752564 -43.987386 
-3.596639 6.579662 2.759735 -11.976307 -11.822887 -7.812744 -16.135496 -19.600326 -15.082649 -6.709176 -7.728683 -1.781607 -1.043617 -7.173621 -13.832574 -16.872086 -14.453759 -12.091435 -19.132578 -25.898841 -34.731022 -33.104737 -29.931442 -22.461154 -27.443858 -38.010798 -35.976015 -31.071218 -35.241453 -41.356518 -47.204449 -47.533684 -38.175191 -34.880690 -40.913593 -49.699966 -50.079994 -40.347146 -41.363561 -44.231083 
-6.391740 3.066946 -3.311502 -11.172285 -11.698748 -17.136512 -26.323837 -22.821889 -16.372266 -11.899842 -13.128844 -8.989904 -6.049519 -10.688964 -11.801904 -11.937850 -9.270091 -11.239908 -19.826987 -32.955160 -35.795609 -33.451034 -29.739350 -25.328049 -28.907988 -36.625715 -33.148475 -28.465599 -31.710779 -42.594450 -53.077647 -51.100549 -41.296194 -39.738277 -44.208027 -55.132354 -54.165879 -45.101023 -45.977586 -48.593084 
-8.684204 -1.038221 -6.474848 -13.594448 -21.402558 -29.931888 -28.791513 -22.876733 -16.842545 -10.361860 -10.067220 -10.182253 -10.419192 -13.194247 -17.855291 -15.585102 -12.968965 -11.966384 -21.868216 -26.416831 -36.822492 -34.079755 -28.468703 -19.347804 -31.245797 -38.797700 -32.626909 -29.649612 -33.623429 -43.004409 -63.927529 -52.351052 -42.731491 -43.836000 -47.836697 -63.918501 -56.272789 -43.927236 -47.616454 -53.185754 
-16.070023 -8.797099 -11.149095 -20.078692 -32.458233 -29.917288 -32.777686 -24.445920 -22.893779 -13.654367 -15.266995 -8.500214 -7.688403 -11.590150 -21.563570 -21.426499 -20.176612 -19.301972 -23.030478 -31.426402 -33.998076 -39.056050 -32.276681 -27.165805 -31.752817 -40.107971 -40.723830 -35.564654 -34.957585 -50.048827 -57.317977 -53.105650 -44.512570 -43.832933 -49.214664 -60.300972 -56.222097 -49.396960 -51.642137 -55.569475 
-22.485366 -16.594982 -16.333855 -24.078136 -26.142723 -35.696365 -43.252138 -32.994504 -25.198492 -14.973667 -14.647714 -10.893143 -8.427164 -14.174046 -22.944576 -19.438101 -18.316693 -23.915243 -28.011102 -33.059763 -35.993268 -37.890828 -35.877071 -29.126502 -35.062266 -42.749182 -41.261099 -33.662389 -38.871313 -50.650721 -57.848662 -60.515413 -50.376093 -47.383653 -55.615687 -65.992520 -64.498215 -53.285928 -53.951396 -55.476652 
-20.507207 -23.733889 -20.637200 -22.768809 -25.688301 -30.089079 -39.262767 -49.369986 -24.898725 -23.405744 -18.865877 -14.023526 -10.092298 -23.047453 -24.828542 -24.108773 -18.741263 -16.462435 -26.033027 -42.145041 -42.928892 -36.172917 -36.319095 -23.714608 -31.119908 -44.059842 -41.585233 -39.016235 -48.509882 -54.513283 -56.030326 -59.210984 -51.560376 -47.973668 -56.914655 -66.696515 -66.021350 -55.412032 -58.682054 -60.080748 
-26.599005 -27.142281 -33.832374 -27.024674 -28.390906 -29.927395 -33.015175 -38.268058 -26.018658 -26.235891 -22.075867 -17.059565 -15.353751 -24.468730 -27.048145 -23.719351 -20.332583 -20.754647 -32.607289 -39.394296 -44.177910 -39.511294 -36.614279 -27.778341 -37.364414 -49.010968 -45.155518 -40.832661 -45.859141 -56.758412 -57.780041 -58.604397 -57.414626 -55.603002 -58.894419 -64.274711 -62.923320 -58.698858 -59.709256 -60.775997 
-29.045449 -28.602373 -34.742638 -29.902567 -36.202390 -33.437950 -29.628168 -29.201150 -28.977735 -29.025597 -25.756743 -22.807975 -21.760810 -27.696066 -29.808052 -26.751732 -27.803169 -27.314964 -41.782148 -43.152871 -44.995630 -46.727402 -41.399178 -33.210466 -42.860750 -53.291179 -48.658409 -44.276509 -54.780363 -63.673209 -61.915296 -61.723923 -55.420953 -56.612459 -61.801226 -66.607104 -63.304942 -61.821138 -62.362044 -63.909787 
-18.710214 -21.160536 -25.967211 -28.978036 -33.059816 -32.093135 -32.027035 -35.420754 -34.987256 -29.279264 -33.318067 -22.024864 -21.864515 -31.872718 -35.981630 -26.375218 -24.378582 -26.467601 -38.497466 -45.917417 -50.937225 -46.126058 -45.541849 -37.833021 -46.050445 -56.024810 -53.953537 -50.160207 -53.979334 -60.748807 -60.969569 -62.287818 -57.863928 -57.076848 -61.151559 -64.697466 -63.938586 -61.973611 -64.661056 -64.034442 
-29.818116 -29.816583 -32.743955 -25.604842 -29.488681 -33.293621 -40.316716 -42.953655 -32.842601 -35.045535 -33.884539 -26.921860 -33.186183 -35.880336 -33.483247 -30.778019 -33.985204 -32.887001 -41.384083 -48.705987 -48.530256 -46.580839 -48.641789 -43.465511 -52.236995 -59.857763 -53.472547 -56.302998 -58.091388 -59.203538 -61.409966 -62.650874 -60.518650 -64.815051 -63.151844 -67.427752 -67.379433 -61.307052 -65.589350 -65.072192 
-26.615415 -28.219299 -35.309438 -34.593719 -28.110838 -31.856263 -42.017892 -43.253367 -42.914141 -39.512478 -40.492265 -36.779935 -39.033681 -38.612773 -40.048711 -41.304767 -40.695383 -36.604803 -40.228762 -43.448884 -47.789883 -48.665382 -48.373474 -43.432465 -48.910347 -56.354547 -54.142313 -58.186735 -58.358798 -59.237975 -60.622000 -57.081849 -58.384834 -59.684182 -62.393047 -65.474936 -69.690507 -62.328759 -65.137770 -64.761134 
-31.538691 -34.256529 -41.243091 -44.535934 -41.700659 -47.354653 -50.414265 -50.783445 -51.910100 -47.935293 -51.974834 -57.304892 -51.342269 -50.372212 -48.640698 -49.450936 -51.374544 -51.492239 -59.135755 -57.148071 -57.210336 -59.671367 -60.371969 -56.589557 -60.555087 -65.006444 -65.960705 -67.410413 -64.765582 -65.816401 -66.315904 -62.648335 -65.415475 -66.371225 -67.886189 -70.089395 -73.504778 -67.136932 -68.033730 -69.335856 
-56.483815 -51.983590 -55.187230 -56.072781 -51.729358 -52.677756 -58.395800 -58.504123 -58.100846 -62.871335 -59.933297 -61.793997 -60.483306 -61.994816 -61.421586 -62.861384 -66.421534 -63.075640 -60.980239 -62.606115 -65.901965 -65.744773 -66.027653 -63.724172 -68.686918 -68.949546 -69.932433 -69.934755 -68.283850 -68.741155 -73.143018 -66.282760 -71.185168 -69.349660 -73.053644 -79.785174 -76.143430 -73.799363 -70.996437 -74.627646 
-55.423930 -54.154378 -59.252983 -69.800221 -68.260192 -62.693932 -64.282743 -70.462661 -67.474260 -69.982875 -68.736420 -65.613333 -68.188771 -65.043856 -65.106185 -63.951583 -71.806217 -69.205261 -71.362680 -65.040808 -69.038615 -75.170231 -69.701969 -67.124876 -68.384163 -72.392131 -72.007221 -71.438975 -72.825388 -72.206330 -71.427278 -70.544244 -73.708738 -72.343683 -69.948236 -74.722401 -73.587116 -72.502764 -73.416950 -76.357826 
-59.493329 -70.369853 -72.519636 -73.655422 -70.976302 -65.286572 -66.416704 -73.130110 -78.493192 -69.331848 -66.212395 -74.185083 -73.574905 -70.096878 -76.340573 -76.481342 -76.748651 -73.567230 -71.884241 -68.594280 -71.467629 -76.411732 -72.988139 -72.502161 -73.555880 -74.570314 -75.460698 -70.309563 -74.844181 -75.175656 -70.179680 -72.940377 -73.713852 -77.385282 -74.726890 -71.897493 -73.225027 -74.626260 -76.055628 -77.097478 
-58.087538 -74.355004 -75.695641 -75.494789 -79.109629 -77.269253 -80.826317 -77.925606 -76.237609 -71.292823 -72.341671 -72.947562 -73.754703 -74.633566 -76.001047 -75.838434 -73.101507 -73.926888 -75.653898 -75.178321 -71.261211 -76.809446 -77.234130 -75.345506 -75.645246 -72.489754 -77.684774 -75.230561 -73.045109 -75.484899 -73.816556 -74.393608 -73.061965 -74.794111 -76.937447 -73.802435 -73.405944 -74.916991 -74.383305 -76.325307 
-57.455898 -80.009267 -84.513253 -76.995522 -78.556941 -72.158261 -73.726183 -72.739528 -79.247075 -79.083840 -73.608154 -72.980198 -78.954909 -75.854879 -75.973817 -74.624082 -69.929469 -73.721563 -73.936865 -73.158667 -70.295719 -68.495487 -73.269838 -75.449426 -73.987534 -71.615619 -76.368267 -74.755964 -73.096705 -74.957117 -71.511693 -72.462780 -73.949663 -73.438654 -73.111820 -73.535250 -72.137806 -75.229773 -75.515916 -74.146895 
-57.434323 -86.953827 -82.191000 -86.487345 -81.549673 -76.284934 -75.999095 -72.602565 -78.933810 -77.388992 -70.897739 -75.574864 -77.303906 -75.205822 -71.953814 -72.951505 -74.468834 -76.075237 -77.696601 -71.829065 -72.371893 -71.216775 -75.577293 -82.235438 -73.445639 -73.166928 -75.660118 -75.535084 -76.787387 -74.431022 -72.616341 -72.979044 -74.092883 -76.310789 -74.852008 -74.485879 -76.010694 -79.575667 -76.307647 -78.473684 
-56.418410 -71.181900 -74.527125 -81.192176 -74.986414 -69.478719 -71.572433 -73.749723 -75.441327 -71.197661 -72.649678 -73.109515 -77.224740 -79.096831 -77.982529 -72.863725 -74.705987 -76.177275 -82.598394 -77.812199 -72.924977 -76.357504 -79.094327 -74.625274 -78.819423 -75.937941 -78.287835 -77.495589 -75.063782 -75.246352 -73.187523 -74.689117 -76.692088 -80.211019 -73.128449 -73.377978 -77.714819 -78.149065 -73.845423 -78.324670 
-57.798503 -81.274201 -80.421431 -83.744479 -77.703874 -74.830416 -75.484983 -92.421988 -78.845426 -73.700526 -71.153266 -74.247461 -72.775605 -71.680515 -70.798626 -73.412286 -76.642388 -75.911315 -83.586629 -76.276826 -76.315465 -73.324667 -74.451982 -74.170949 -75.581869 -74.946177 -74.882043 -77.413409 -72.308329 -73.486132 -74.111746 -74.732307 -77.479690 -78.967835 -73.279302 -73.894023 -74.083039 -75.133185 -76.319764 -77.323057 
-55.034615 -62.519418 -67.391754 -70.773528 -78.672192 -78.916813 -71.914613 -72.103733 -74.727238 -80.871102 -73.351217 -71.219793 -74.227723 -75.466257 -71.947321 -73.008568 -73.898138 -74.733830 -80.889717 -74.718284 -74.106671 -69.324056 -75.309060 -75.481693 -77.650446 -78.655256 -73.495801 -77.523374 -71.655228 -76.338759 -76.289483 -73.212353 -76.322641 -75.909764 -74.551953 -73.127728 -76.506938 -77.724168 -75.962502 -77.441100 
-74.033076 -75.476860 -78.090566 -82.949123 -87.749295 -85.718466 -84.240708 -85.419954 -87.564822 -87.249579 -87.031650 -87.764844 -87.960921 -87.423123 -85.989703 -86.572287 -87.250979 -87.890376 -90.570537 -87.351065 -85.956021 -84.121587 -90.820456 -89.538140 -90.688494 -93.918988 -88.992715 -90.074232 -87.127228 -92.500680 -91.889918 -89.252678 -90.751760 -88.704388 -90.140705 -90.189635 -91.713720 -91.392905 -91.870879 -90.593816 
NaN NaN NaN NaN NaN NaN NaN NaN NaN NaN NaN NaN NaN NaN NaN NaN NaN NaN NaN NaN NaN NaN NaN NaN NaN NaN NaN NaN NaN NaN NaN NaN NaN NaN NaN NaN NaN NaN NaN NaN 
NaN NaN NaN NaN NaN NaN NaN NaN NaN NaN NaN NaN NaN NaN NaN NaN NaN NaN NaN NaN NaN NaN NaN NaN NaN NaN NaN NaN NaN NaN NaN NaN NaN NaN NaN NaN NaN NaN NaN NaN 
NaN NaN NaN NaN NaN NaN NaN NaN NaN NaN NaN NaN NaN NaN NaN NaN NaN NaN NaN NaN NaN NaN NaN NaN NaN NaN NaN NaN NaN NaN NaN NaN NaN NaN NaN NaN NaN NaN NaN NaN 
NaN NaN NaN NaN NaN NaN NaN NaN NaN NaN NaN NaN NaN NaN NaN NaN NaN NaN NaN NaN NaN NaN NaN NaN NaN NaN NaN NaN NaN NaN NaN NaN NaN NaN NaN NaN NaN NaN NaN NaN 
NaN NaN NaN NaN NaN NaN NaN NaN NaN NaN NaN NaN NaN NaN NaN NaN NaN NaN NaN NaN NaN NaN NaN NaN NaN NaN NaN NaN NaN NaN NaN NaN NaN NaN NaN NaN NaN NaN NaN NaN 
NaN NaN NaN NaN NaN NaN NaN NaN NaN NaN NaN NaN NaN NaN NaN NaN NaN NaN NaN NaN NaN NaN NaN NaN NaN NaN NaN NaN NaN NaN NaN NaN NaN NaN NaN NaN NaN NaN NaN NaN 
NaN NaN NaN NaN NaN NaN NaN NaN NaN NaN NaN NaN NaN NaN NaN NaN NaN NaN NaN NaN NaN NaN NaN NaN NaN NaN NaN NaN NaN NaN NaN NaN NaN NaN NaN NaN NaN NaN NaN NaN 
NaN NaN NaN NaN NaN NaN NaN NaN NaN NaN NaN NaN NaN NaN NaN NaN NaN NaN NaN NaN NaN NaN NaN NaN NaN NaN NaN NaN NaN NaN NaN NaN NaN NaN NaN NaN NaN NaN NaN NaN 
NaN NaN NaN NaN NaN NaN NaN NaN NaN NaN NaN NaN NaN NaN NaN NaN NaN NaN NaN NaN NaN NaN NaN NaN NaN NaN NaN NaN NaN NaN NaN NaN NaN NaN NaN NaN NaN NaN NaN NaN 
NaN NaN NaN NaN NaN NaN NaN NaN NaN NaN NaN NaN NaN NaN NaN NaN NaN NaN NaN NaN NaN NaN NaN NaN NaN NaN NaN NaN NaN NaN NaN NaN NaN NaN NaN NaN NaN NaN NaN NaN 
NaN NaN NaN NaN NaN NaN NaN NaN NaN NaN NaN NaN NaN NaN NaN NaN NaN NaN NaN NaN NaN NaN NaN NaN NaN NaN NaN NaN NaN NaN NaN NaN NaN NaN NaN NaN NaN NaN NaN NaN 
NaN NaN NaN NaN NaN NaN NaN NaN NaN NaN NaN NaN NaN NaN NaN NaN NaN NaN NaN NaN NaN NaN NaN NaN NaN NaN NaN NaN NaN NaN NaN NaN NaN NaN NaN NaN NaN NaN NaN NaN 
NaN NaN NaN NaN NaN NaN NaN NaN NaN NaN NaN NaN NaN NaN NaN NaN NaN NaN NaN NaN NaN NaN NaN NaN NaN NaN NaN NaN NaN NaN NaN NaN NaN NaN NaN NaN NaN NaN NaN NaN 
NaN NaN NaN NaN NaN NaN NaN NaN NaN NaN NaN NaN NaN NaN NaN NaN NaN NaN NaN NaN NaN NaN NaN NaN NaN NaN NaN NaN NaN NaN NaN NaN NaN NaN NaN NaN NaN NaN NaN NaN 
NaN NaN NaN NaN NaN NaN NaN NaN NaN NaN NaN NaN NaN NaN NaN NaN NaN NaN NaN NaN NaN NaN NaN NaN NaN NaN NaN NaN NaN NaN NaN NaN NaN NaN NaN NaN NaN NaN NaN NaN 
NaN NaN NaN NaN NaN NaN NaN NaN NaN NaN NaN NaN NaN NaN NaN NaN NaN NaN NaN NaN NaN NaN NaN NaN NaN NaN NaN NaN NaN NaN NaN NaN NaN NaN NaN NaN NaN NaN NaN NaN 
NaN NaN NaN NaN NaN NaN NaN NaN NaN NaN NaN NaN NaN NaN NaN NaN NaN NaN NaN NaN NaN NaN NaN NaN NaN NaN NaN NaN NaN NaN NaN NaN NaN NaN NaN NaN NaN NaN NaN NaN 
NaN NaN NaN NaN NaN NaN NaN NaN NaN NaN NaN NaN NaN NaN NaN NaN NaN NaN NaN NaN NaN NaN NaN NaN NaN NaN NaN NaN NaN NaN NaN NaN NaN NaN NaN NaN NaN NaN NaN NaN 
NaN NaN NaN NaN NaN NaN NaN NaN NaN NaN NaN NaN NaN NaN NaN NaN NaN NaN NaN NaN NaN NaN NaN NaN NaN NaN NaN NaN NaN NaN NaN NaN NaN NaN NaN NaN NaN NaN NaN NaN 
NaN NaN NaN NaN NaN NaN NaN NaN NaN NaN NaN NaN NaN NaN NaN NaN NaN NaN NaN NaN NaN NaN NaN NaN NaN NaN NaN NaN NaN NaN NaN NaN NaN NaN NaN NaN NaN NaN NaN NaN 
NaN NaN NaN NaN NaN NaN NaN NaN NaN NaN NaN NaN NaN NaN NaN NaN NaN NaN NaN NaN NaN NaN NaN NaN NaN NaN NaN NaN NaN NaN NaN NaN NaN NaN NaN NaN NaN NaN NaN NaN 
NaN NaN NaN NaN NaN NaN NaN NaN NaN NaN NaN NaN NaN NaN NaN NaN NaN NaN NaN NaN NaN NaN NaN NaN NaN NaN NaN NaN NaN NaN NaN NaN NaN NaN NaN NaN NaN NaN NaN NaN 
NaN NaN NaN NaN NaN NaN NaN NaN NaN NaN NaN NaN NaN NaN NaN NaN NaN NaN NaN NaN NaN NaN NaN NaN NaN NaN NaN NaN NaN NaN NaN NaN NaN NaN NaN NaN NaN NaN NaN NaN 
NaN NaN NaN NaN NaN NaN NaN NaN NaN NaN NaN NaN NaN NaN NaN NaN NaN NaN NaN NaN NaN NaN NaN NaN NaN NaN NaN NaN NaN NaN NaN NaN NaN NaN NaN NaN NaN NaN NaN NaN 
NaN NaN NaN NaN NaN NaN NaN NaN NaN NaN NaN NaN NaN NaN NaN NaN NaN NaN NaN NaN NaN NaN NaN NaN NaN NaN NaN NaN NaN NaN NaN NaN NaN NaN NaN NaN NaN NaN NaN NaN 
NaN NaN NaN NaN NaN NaN NaN NaN NaN NaN NaN NaN NaN NaN NaN NaN NaN NaN NaN NaN NaN NaN NaN NaN NaN NaN NaN NaN NaN NaN NaN NaN NaN NaN NaN NaN NaN NaN NaN NaN 
NaN NaN NaN NaN NaN NaN NaN NaN NaN NaN NaN NaN NaN NaN NaN NaN NaN NaN NaN NaN NaN NaN NaN NaN NaN NaN NaN NaN NaN NaN NaN NaN NaN NaN NaN NaN NaN NaN NaN NaN 
NaN NaN NaN NaN NaN NaN NaN NaN NaN NaN NaN NaN NaN NaN NaN NaN NaN NaN NaN NaN NaN NaN NaN NaN NaN NaN NaN NaN NaN NaN NaN NaN NaN NaN NaN NaN NaN NaN NaN NaN 
NaN NaN NaN NaN NaN NaN NaN NaN NaN NaN NaN NaN NaN NaN NaN NaN NaN NaN NaN NaN NaN NaN NaN NaN NaN NaN NaN NaN NaN NaN NaN NaN NaN NaN NaN NaN NaN NaN NaN NaN 
NaN NaN NaN NaN NaN NaN NaN NaN NaN NaN NaN NaN NaN NaN NaN NaN NaN NaN NaN NaN NaN NaN NaN NaN NaN NaN NaN NaN NaN NaN NaN NaN NaN NaN NaN NaN NaN NaN NaN NaN 
NaN NaN NaN NaN NaN NaN NaN NaN NaN NaN NaN NaN NaN NaN NaN NaN NaN NaN NaN NaN NaN NaN NaN NaN NaN NaN NaN NaN NaN NaN NaN NaN NaN NaN NaN NaN NaN NaN NaN NaN 
NaN NaN NaN NaN NaN NaN NaN NaN NaN NaN NaN NaN NaN NaN NaN NaN NaN NaN NaN NaN NaN NaN NaN NaN NaN NaN NaN NaN NaN NaN NaN NaN NaN NaN NaN NaN NaN NaN NaN NaN 
NaN NaN NaN NaN NaN NaN NaN NaN NaN NaN NaN NaN NaN NaN NaN NaN NaN NaN NaN NaN NaN NaN NaN NaN NaN NaN NaN NaN NaN NaN NaN NaN NaN NaN NaN NaN NaN NaN NaN NaN 
NaN NaN NaN NaN NaN NaN NaN NaN NaN NaN NaN NaN NaN NaN NaN NaN NaN NaN NaN NaN NaN NaN NaN NaN NaN NaN NaN NaN NaN NaN NaN NaN NaN NaN NaN NaN NaN NaN NaN NaN 
NaN NaN NaN NaN NaN NaN NaN NaN NaN NaN NaN NaN NaN NaN NaN NaN NaN NaN NaN NaN NaN NaN NaN NaN NaN NaN NaN NaN NaN NaN NaN NaN NaN NaN NaN NaN NaN NaN NaN NaN 
NaN NaN NaN NaN NaN NaN NaN NaN NaN NaN NaN NaN NaN NaN NaN NaN NaN NaN NaN NaN NaN NaN NaN NaN NaN NaN NaN NaN NaN NaN NaN NaN NaN NaN NaN NaN NaN NaN NaN NaN 
NaN NaN NaN NaN NaN NaN NaN NaN NaN NaN NaN NaN NaN NaN NaN NaN NaN NaN NaN NaN NaN NaN NaN NaN NaN NaN NaN NaN NaN NaN NaN NaN NaN NaN NaN NaN NaN NaN NaN NaN 
NaN NaN NaN NaN NaN NaN NaN NaN NaN NaN NaN NaN NaN NaN NaN NaN NaN NaN NaN NaN NaN NaN NaN NaN NaN NaN NaN NaN NaN NaN NaN NaN NaN NaN NaN NaN NaN NaN NaN NaN 
NaN NaN NaN NaN NaN NaN NaN NaN NaN NaN NaN NaN NaN NaN NaN NaN NaN NaN NaN NaN NaN NaN NaN NaN NaN NaN NaN NaN NaN NaN NaN NaN NaN NaN NaN NaN NaN NaN NaN NaN 
NaN NaN NaN NaN NaN NaN NaN NaN NaN NaN NaN NaN NaN NaN NaN NaN NaN NaN NaN NaN NaN NaN NaN NaN NaN NaN NaN NaN NaN NaN NaN NaN NaN NaN NaN NaN NaN NaN NaN NaN 
NaN NaN NaN NaN NaN NaN NaN NaN NaN NaN NaN NaN NaN NaN NaN NaN NaN NaN NaN NaN NaN NaN NaN NaN NaN NaN NaN NaN NaN NaN NaN NaN NaN NaN NaN NaN NaN NaN NaN NaN 
NaN NaN NaN NaN NaN NaN NaN NaN NaN NaN NaN NaN NaN NaN NaN NaN NaN NaN NaN NaN NaN NaN NaN NaN NaN NaN NaN NaN NaN NaN NaN NaN NaN NaN NaN NaN NaN NaN NaN NaN 
NaN NaN NaN NaN NaN NaN NaN NaN NaN NaN NaN NaN NaN NaN NaN NaN NaN NaN NaN NaN NaN NaN NaN NaN NaN NaN NaN NaN NaN NaN NaN NaN NaN NaN NaN NaN NaN NaN NaN NaN 
NaN NaN NaN NaN NaN NaN NaN NaN NaN NaN NaN NaN NaN NaN NaN NaN NaN NaN NaN NaN NaN NaN NaN NaN NaN NaN NaN NaN NaN NaN NaN NaN NaN NaN NaN NaN NaN NaN NaN NaN 
NaN NaN NaN NaN NaN NaN NaN NaN NaN NaN NaN NaN NaN NaN NaN NaN NaN NaN NaN NaN NaN NaN NaN NaN NaN NaN NaN NaN NaN NaN NaN NaN NaN NaN NaN NaN NaN NaN NaN NaN 
NaN NaN NaN NaN NaN NaN NaN NaN NaN NaN NaN NaN NaN NaN NaN NaN NaN NaN NaN NaN NaN NaN NaN NaN NaN NaN NaN NaN NaN NaN NaN NaN NaN NaN NaN NaN NaN NaN NaN NaN 
NaN NaN NaN NaN NaN NaN NaN NaN NaN NaN NaN NaN NaN NaN NaN NaN NaN NaN NaN NaN NaN NaN NaN NaN NaN NaN NaN NaN NaN NaN NaN NaN NaN NaN NaN NaN NaN NaN NaN NaN 
NaN NaN NaN NaN NaN NaN NaN NaN NaN NaN NaN NaN NaN NaN NaN NaN NaN NaN NaN NaN NaN NaN NaN NaN NaN NaN NaN NaN NaN NaN NaN NaN NaN NaN NaN NaN NaN NaN NaN NaN 
NaN NaN NaN NaN NaN NaN NaN NaN NaN NaN NaN NaN NaN NaN NaN NaN NaN NaN NaN NaN NaN NaN NaN NaN NaN NaN NaN NaN NaN NaN NaN NaN NaN NaN NaN NaN NaN NaN NaN NaN 
NaN NaN NaN NaN NaN NaN NaN NaN NaN NaN NaN NaN NaN NaN NaN NaN NaN NaN NaN NaN NaN NaN NaN NaN NaN NaN NaN NaN NaN NaN NaN NaN NaN NaN NaN NaN NaN NaN NaN NaN 
NaN NaN NaN NaN NaN NaN NaN NaN NaN NaN NaN NaN NaN NaN NaN NaN NaN NaN NaN NaN NaN NaN NaN NaN NaN NaN NaN NaN NaN NaN NaN NaN NaN NaN NaN NaN NaN NaN NaN NaN 
NaN NaN NaN NaN NaN NaN NaN NaN NaN NaN NaN NaN NaN NaN NaN NaN NaN NaN NaN NaN NaN NaN NaN NaN NaN NaN NaN NaN NaN NaN NaN NaN NaN NaN NaN NaN NaN NaN NaN NaN 
NaN NaN NaN NaN NaN NaN NaN NaN NaN NaN NaN NaN NaN NaN NaN NaN NaN NaN NaN NaN NaN NaN NaN NaN NaN NaN NaN NaN NaN NaN NaN NaN NaN NaN NaN NaN NaN NaN NaN NaN 
NaN NaN NaN NaN NaN NaN NaN NaN NaN NaN NaN NaN NaN NaN NaN NaN NaN NaN NaN NaN NaN NaN NaN NaN NaN NaN NaN NaN NaN NaN NaN NaN NaN NaN NaN NaN NaN NaN NaN NaN 
NaN NaN NaN NaN NaN NaN NaN NaN NaN NaN NaN NaN NaN NaN NaN NaN NaN NaN NaN NaN NaN NaN NaN NaN NaN NaN NaN NaN NaN NaN NaN NaN NaN NaN NaN NaN NaN NaN NaN NaN 
NaN NaN NaN NaN NaN NaN NaN NaN NaN NaN NaN NaN NaN NaN NaN NaN NaN NaN NaN NaN NaN NaN NaN NaN NaN NaN NaN NaN NaN NaN NaN NaN NaN NaN NaN NaN NaN NaN NaN NaN 
NaN NaN NaN NaN NaN NaN NaN NaN NaN NaN NaN NaN NaN NaN NaN NaN NaN NaN NaN NaN NaN NaN NaN NaN NaN NaN NaN NaN NaN NaN NaN NaN NaN NaN NaN NaN NaN NaN NaN NaN 
NaN NaN NaN NaN NaN NaN NaN NaN NaN NaN NaN NaN NaN NaN NaN NaN NaN NaN NaN NaN NaN NaN NaN NaN NaN NaN NaN NaN NaN NaN NaN NaN NaN NaN NaN NaN NaN NaN NaN NaN 
NaN NaN NaN NaN NaN NaN NaN NaN NaN NaN NaN NaN NaN NaN NaN NaN NaN NaN NaN NaN NaN NaN NaN NaN NaN NaN NaN NaN NaN NaN NaN NaN NaN NaN NaN NaN NaN NaN NaN NaN 
NaN NaN NaN NaN NaN NaN NaN NaN NaN NaN NaN NaN NaN NaN NaN NaN NaN NaN NaN NaN NaN NaN NaN NaN NaN NaN NaN NaN NaN NaN NaN NaN NaN NaN NaN NaN NaN NaN NaN NaN 
NaN NaN NaN NaN NaN NaN NaN NaN NaN NaN NaN NaN NaN NaN NaN NaN NaN NaN NaN NaN NaN NaN NaN NaN NaN NaN NaN NaN NaN NaN NaN NaN NaN NaN NaN NaN NaN NaN NaN NaN 
NaN NaN NaN NaN NaN NaN NaN NaN NaN NaN NaN NaN NaN NaN NaN NaN NaN NaN NaN NaN NaN NaN NaN NaN NaN NaN NaN NaN NaN NaN NaN NaN NaN NaN NaN NaN NaN NaN NaN NaN 
NaN NaN NaN NaN NaN NaN NaN NaN NaN NaN NaN NaN NaN NaN NaN NaN NaN NaN NaN NaN NaN NaN NaN NaN NaN NaN NaN NaN NaN NaN NaN NaN NaN NaN NaN NaN NaN NaN NaN NaN 
NaN NaN NaN NaN NaN NaN NaN NaN NaN NaN NaN NaN NaN NaN NaN NaN NaN NaN NaN NaN NaN NaN NaN NaN NaN NaN NaN NaN NaN NaN NaN NaN NaN NaN NaN NaN NaN NaN NaN NaN 
NaN NaN NaN NaN NaN NaN NaN NaN NaN NaN NaN NaN NaN NaN NaN NaN NaN NaN NaN NaN NaN NaN NaN NaN NaN NaN NaN NaN NaN NaN NaN NaN NaN NaN NaN NaN NaN NaN NaN NaN 
NaN NaN NaN NaN NaN NaN NaN NaN NaN NaN NaN NaN NaN NaN NaN NaN NaN NaN NaN NaN NaN NaN NaN NaN NaN NaN NaN NaN NaN NaN NaN NaN NaN NaN NaN NaN NaN NaN NaN NaN 
NaN NaN NaN NaN NaN NaN NaN NaN NaN NaN NaN NaN NaN NaN NaN NaN NaN NaN NaN NaN NaN NaN NaN NaN NaN NaN NaN NaN NaN NaN NaN NaN NaN NaN NaN NaN NaN NaN NaN NaN 
NaN NaN NaN NaN NaN NaN NaN NaN NaN NaN NaN NaN NaN NaN NaN NaN NaN NaN NaN NaN NaN NaN NaN NaN NaN NaN NaN NaN NaN NaN NaN NaN NaN NaN NaN NaN NaN NaN NaN NaN 
NaN NaN NaN NaN NaN NaN NaN NaN NaN NaN NaN NaN NaN NaN NaN NaN NaN NaN NaN NaN NaN NaN NaN NaN NaN NaN NaN NaN NaN NaN NaN NaN NaN NaN NaN NaN NaN NaN NaN NaN 
NaN NaN NaN NaN NaN NaN NaN NaN NaN NaN NaN NaN NaN NaN NaN NaN NaN NaN NaN NaN NaN NaN NaN NaN NaN NaN NaN NaN NaN NaN NaN NaN NaN NaN NaN NaN NaN NaN NaN NaN 
NaN NaN NaN NaN NaN NaN NaN NaN NaN NaN NaN NaN NaN NaN NaN NaN NaN NaN NaN NaN NaN NaN NaN NaN NaN NaN NaN NaN NaN NaN NaN NaN NaN NaN NaN NaN NaN NaN NaN NaN 
NaN NaN NaN NaN NaN NaN NaN NaN NaN NaN NaN NaN NaN NaN NaN NaN NaN NaN NaN NaN NaN NaN NaN NaN NaN NaN NaN NaN NaN NaN NaN NaN NaN NaN NaN NaN NaN NaN NaN NaN 
